Date,Open,High,Low,Close,Volume,OpenInterest
2016-07-13,97.39,98.99,97.32,98.79,34015014,0.0
2016-07-14,98.92,99.3,98.5,98.76,25371141,0.0
2016-07-17,98.7,100.13,98.6,99.83,31869476,0.0
2016-07-18,99.56,100,99.34,99.87,19679641,0.0
2016-07-19,99.92,100.46,99.735,99.93,22352896,0.0
2016-07-20,99.82,101,99.13,99.42,26748726,0.0
2016-07-21,99.26,99.3,98.31,98.66,23760993,0.0
2016-07-24,98.25,98.84,96.92,97.32,33782230,0.0
2016-07-25,96.82,97.97,96.42,96.6723,37090175,0.0
2016-07-26,104.28,104.35,102.75,102.97,74887456,0.0
2016-07-27,102.83,104.45,102.82,104.33,31977308,0.0
2016-07-28,104.19,104.55,103.68,104.195,22004496,0.0
2016-07-31,104.41,106.15,104.41,106.06,32921596,0.0
2016-08-01,106.05,106.07,104,104.47,28848631,0.0
2016-08-02,104.81,105.84,104.77,105.8,24378844,0.0
2016-08-03,105.58,106,105.28,105.89,21958395,0.0
2016-08-04,106.27,107.65,106.18,107.47,29026661,0.0
2016-08-07,107.52,108.37,107.16,108.37,22108378,0.0
2016-08-08,108.23,108.94,108.01,108.82,22122202,0.0
2016-08-09,108.71,108.9,107.76,108,21030482,0.0
2016-08-10,108.55,108.93,107.85,107.93,19297403,0.0
2016-08-11,107.78,108.44,107.77,108.16,15993439,0.0
2016-08-14,108.14,109.54,108.08,109.51,21544536,0.0
2016-08-15,109.63,110.23,109.21,109.38,26748707,0.0
2016-08-16,109.1,109.37,108.34,109.2,21357768,0.0
2016-08-17,109.23,109.6,109.02,109.0811,16952803,0.0
2016-08-18,108.78,109.69,108.36,109.36,21763758,0.0
2016-08-21,108.86,109.04,107.85,108.5,21738942,0.0
2016-08-22,108.59,109.32,108.53,108.83,16418018,0.0
2016-08-23,108.57,108.75,107.68,108.04,19510444,0.0
2016-08-24,107.39,108.03,106.68,107.59,21766919,0.0
2016-08-25,107.41,107.95,106.31,106.94,23776955,0.0
2016-08-28,106.62,107.44,106.29,106.82,20302223,0.0
2016-08-29,105.8,106.5,102.98,105.99,20683070,0.0
2016-08-30,105.66,106.5699,105.64,106.11,21169917,0.0
2016-08-31,106.14,106.8,105.62,106.73,20447284,0.0
2016-09-01,107.7,108,106.82,107.73,21641523,0.0
2016-09-05,107.9,108.3,107.51,107.7,19034083,0.0
2016-09-06,107.83,108.76,107.07,108.37,37721316,0.0
2016-09-07,107.23,107.27,105.24,105.51,45676003,0.0
2016-09-08,104.64,105.72,103.14,103.14,38335022,0.0
2016-09-11,102.65,105.72,102.53,105.44,37817332,0.0
2016-09-12,107.51,108.79,107.24,108.02,53380948,0.0
2016-09-13,108.75,113.03,108.6,111.77,101893125,0.0
2016-09-14,113.86,115.73,113.49,115.57,79345519,0.0
2016-09-15,115.17,116.13,114.04,114.91,60151225,0.0
2016-09-18,115.19,116.18,113.25,113.53,41185488,0.0
2016-09-19,113.05,114.12,112.51,113.57,29835187,0.0
2016-09-20,113.85,113.989,112.441,113.53,29556298,0.0
2016-09-21,114.35,114.94,114,114.61,26551417,0.0
2016-09-22,114.42,114.79,111.55,112.7049,47037844,0.0
2016-09-25,111.64,113.39,111.55,112.87,24375141,0.0
2016-09-26,113,113.18,112.34,113.11,19833234,0.0
2016-09-27,113.69,114.64,113.43,113.95,25725498,0.0
2016-09-28,113.16,113.8,111.8,112.18,32052749,0.0
2016-09-29,112.48,113.37,111.8,113.03,28003656,0.0
2016-10-02,112.71,113.05,112.28,112.51,17910308,0.0
2016-10-03,113.06,114.31,112.63,113.02,26518801,0.0
2016-10-04,113.4,113.66,112.69,113.04,17966455,0.0
2016-10-05,113.7,114.34,113.13,113.91,24740644,0.0
2016-10-06,114.31,114.56,113.51,114.03,21078163,0.0
2016-10-09,115.06,116.75,114.72,116.05,31117606,0.0
2016-10-10,117.65,118.69,116.2,116.34,54033397,0.0
2016-10-11,117.35,117.98,116.75,117.35,33616928,0.0
2016-10-12,116.79,117.44,115.72,116.99,31618670,0.0
2016-10-13,117.88,118.17,117.13,117.63,29203895,0.0
2016-10-16,117.33,117.84,116.78,117.55,19816218,0.0
2016-10-17,118.18,118.21,117.45,117.45,19457641,0.0
2016-10-18,117.25,117.76,113.8,117.12,17159909,0.0
2016-10-19,116.86,117.38,116.33,117.01,21097370,0.0
2016-10-20,116.81,116.91,116.28,116.53,19018844,0.0
2016-10-23,117.1,117.74,117,117.61,19189694,0.0
2016-10-24,117.96,118.36,117.31,118.26,34284501,0.0
2016-10-25,114.31,115.7,113.31,115.59,56037814,0.0
2016-10-26,115.39,115.86,114.1,114.5,22647683,0.0
2016-10-27,113.86,115.21,113.45,113.72,31334377,0.0
2016-10-30,113.65,114.23,113.2,113.56,20121122,0.0
2016-10-31,113.46,113.77,110.53,111.49,36702388,0.0
2016-11-01,111.4,112.35,111.23,111.6,23002755,0.0
2016-11-02,110.98,111.46,109.55,109.82,21826879,0.0
2016-11-03,108.53,110.25,108.11,108.84,25466882,0.0
2016-11-06,110.1,110.51,109.46,110.41,26598058,0.0
2016-11-07,110.31,111.72,109.7,111.06,20661519,0.0
2016-11-08,109.88,111.32,108.05,110.88,48414780,0.0
2016-11-09,111.08,111.09,105.83,107.79,50396362,0.0
2016-11-10,107.12,108.87,106.55,108.42,29535607,0.0
2016-11-13,107.71,107.809,104.08,105.7,44922624,0.0
2016-11-14,106.57,107.68,106.1593,107.11,27342361,0.0
2016-11-15,106.7,110.23,105.15,110.01,34086433,0.0
2016-11-16,109.82,110.35,108.83,109.94,23538548,0.0
2016-11-17,109.72,110.54,109.66,110.06,21775028,0.0
2016-11-20,110.12,111.99,110.01,111.73,22945006,0.0
2016-11-21,111.95,112.42,111.4,111.77,18575454,0.0
2016-11-22,111.36,111.51,110.33,111.225,20866996,0.0
2016-11-24,111.13,111.87,110.95,111.78,9630641,0.0
2016-11-27,111.43,112.465,111.39,111.58,19275066,0.0
2016-11-28,110.78,112.03,110.07,111.46,24141040,0.0
2016-11-29,111.61,112.2,110.27,110.52,25114403,0.0
2016-11-30,110.39,110.94,109.03,109.47,29694946,0.0
2016-12-01,109.17,110.09,108.85,109.89,20479778,0.0
2016-12-04,110,110.03,108.25,109.1,26882437,0.0
2016-12-05,109.5,110.36,109.19,109.94,21727265,0.0
2016-12-06,109.26,111.19,109.16,111.01,24588647,0.0
2016-12-07,110.86,112.43,110.6,112.11,21747242,0.0
2016-12-08,112.31,114.7,112.31,113.96,28959916,0.0
2016-12-11,113.29,115,112.49,113.29,21593854,0.0
2016-12-12,113.84,115.92,113.75,115.19,34528200,0.0
2016-12-13,115.04,116.2,114.98,115.2,28192042,0.0
2016-12-14,115.38,116.73,115.23,115.82,25218887,0.0
2016-12-15,116.47,116.5,115.645,115.9725,28243005,0.0
2016-12-18,115.8,117.38,115.75,116.63,19901427,0.0
2016-12-19,116.74,117.5,116.68,116.95,14957431,0.0
2016-12-20,116.8,117.4,116.78,117.06,15403089,0.0
2016-12-21,116.35,116.51,115.64,116.29,20570076,0.0
2016-12-22,115.59,116.52,115.59,116.51,11891714,0.0
2016-12-26,116.52,117.8,116.49,117.25,15072408,0.0
2016-12-27,117.52,118.0166,116.2,116.75,17231568,0.0
2016-12-28,116.45,117.1095,116.4,116.73,12401068,0.0
2016-12-29,116.65,117.2,115.43,115.84,23250152,0.0
2017-01-02,115.8,116.33,114.76,116.14,23412285,0.0
2017-01-03,115.85,116.51,115.75,116.02,16862947,0.0
2017-01-04,115.92,116.8642,115.81,116.61,19224150,0.0
2017-01-05,116.78,118.16,116.47,117.91,27286295,0.0
2017-01-08,117.95,119.43,117.94,119,27277644,0.0
2017-01-09,118.77,119.38,118.3,119.11,19410132,0.0
2017-01-10,118.74,119.93,118.6,119.73,23055044,0.0
2017-01-11,118.895,119.3,118.21,119.25,22972978,0.0
2017-01-12,119.11,119.62,118.81,119.03,20561275,0.0
2017-01-16,118.34,120.24,118.22,119.99,28121739,0.0
2017-01-17,120,120.5,119.71,119.97,18562058,0.0
2017-01-18,119.4,120.09,119.37,119.77,18277861,0.0
2017-01-19,120.45,120.45,119.7346,119.99,22210074,0.0
2017-01-22,120,120.81,119.77,120.09,18036518,0.0
2017-01-23,119.55,120.1,119.5,119.97,19543692,0.0
2017-01-24,120.42,122.1,120.28,121.9,27354401,0.0
2017-01-25,121.67,122.44,121.6,121.94,18565665,0.0
2017-01-26,122.14,122.35,121.6,121.72,16502185,0.0
2017-01-29,120.93,121.62,120.66,121.56,25860686,0.0
2017-01-30,121.15,121.39,120.62,121.3,35728353,0.0
2017-01-31,127.03,130.49,127.01,128.75,94195072,0.0
2017-02-01,127.975,129.39,127.78,128.51,27525463,0.0
2017-02-02,128.31,129.19,128.16,129.07,19369683,0.0
2017-02-05,129.13,130.5,128.92,130.29,22995070,0.0
2017-02-06,130.54,132.09,130.45,131.51,31174732,0.0
2017-02-07,131.35,132.22,131.22,132.04,18045554,0.0
2017-02-08,131.66,132.445,131.12,132.41,19677132,0.0
2017-02-09,132.46,132.94,132.06,132.12,15949884,0.0
2017-02-12,133.08,133.82,132.75,133.29,18417870,0.0
2017-02-13,133.43,135.09,133.25,135.01,25705409,0.0
2017-02-14,135.52,136.27,134.62,135.51,28755654,0.0
2017-02-15,135.67,135.9,134.8398,135.345,18654773,0.0
2017-02-16,135.1,135.79,135.1,135.71,17075615,0.0
2017-02-20,136.24,136.75,135.98,136.69,17736822,0.0
2017-02-21,136.46,137.12,136.11,137.1,14681979,0.0
2017-02-22,137.38,137.48,136.3,136.53,16962393,0.0
2017-02-23,135.91,136.65,135.28,136.64,17604312,0.0
2017-02-26,137.04,137.435,136.28,136.94,15751594,0.0
2017-02-27,137.08,137.435,136.7,136.99,16460604,0.0
2017-02-28,137.89,140.15,137.595,139.79,29942341,0.0
2017-03-01,140,140.2786,138.76,138.93,21447349,0.0
2017-03-02,138.78,139.83,138.59,139.77,15740950,0.0
2017-03-05,139.365,139.77,138.5959,139.32,15047564,0.0
2017-03-06,139.06,139.98,138.79,139.49,13954738,0.0
2017-03-07,138.95,139.8,138.82,139.01,14375609,0.0
2017-03-08,138.74,138.79,137.05,138.68,17114537,0.0
2017-03-09,139.25,139.3571,138.64,139.15,15691521,0.0
2017-03-12,138.85,139.43,138.82,139.19,12632553,0.0
2017-03-13,139.3,139.65,138.84,138.98,12271676,0.0
2017-03-14,139.41,140.7501,139.025,140.45,19589428,0.0
2017-03-15,140.72,141.02,140.26,140.69,15847046,0.0
2017-03-16,141,141,139.89,139.91,24755469,0.0
2017-03-19,140.4,141.5,140.23,141.49,16443665,0.0
2017-03-20,142.11,142.8,139.73,139.85,33192511,0.0
2017-03-21,139.845,141.6,139.76,141.43,21608322,0.0
2017-03-22,141.26,141.5844,140.61,140.92,17016586,0.0
2017-03-23,141.39,141.74,140.35,140.63,17897125,0.0
2017-03-26,139.39,141.22,138.62,140.88,18364935,0.0
2017-03-27,140.91,144.04,140.62,143.81,27907420,0.0
2017-03-28,143.68,144.49,143.19,144.16,23204631,0.0
2017-03-29,144.19,144.5,143.5,143.92,16322791,0.0
2017-03-30,143.72,144.27,143.01,143.67,14770213,0.0
2017-04-02,143.71,144.12,143.05,143.7,15995121,0.0
2017-04-03,143.25,144.89,143.17,144.76,16858913,0.0
2017-04-04,144.22,145.46,143.81,144.02,23132460,0.0
2017-04-05,144.29,144.52,143.45,143.67,17103902,0.0
2017-04-06,143.73,144.18,143.27,143.34,13666990,0.0
2017-04-09,143.6,143.8792,142.9,143.16,14311954,0.0
2017-04-10,142.94,143.35,140.06,141.62,26300774,0.0
2017-04-11,141.6,142.15,141.01,141.79,17472473,0.0
2017-04-12,141.91,142.38,141.05,141.07,14659112,0.0
2017-04-16,141.18,141.87,140.87,141.83,13269369,0.0
2017-04-17,141.41,142.04,141.11,141.22,12122154,0.0
2017-04-18,141.88,142,140.45,140.66,13575481,0.0
2017-04-19,141.22,142.92,141.16,142.44,19117683,0.0
2017-04-20,142.44,142.68,141.85,142.27,14016468,0.0
2017-04-23,143.5,143.95,143.18,143.63,13471624,0.0
2017-04-24,143.97,144.9,143.87,144.53,14715853,0.0
2017-04-25,144.49,144.6,143.3762,143.66,16356698,0.0
2017-04-26,143.91,144.16,143.31,143.79,10693032,0.0
2017-04-27,144.09,144.3,143.27,143.64,14486944,0.0
2017-04-30,145.1,147.2,144.96,146.56,25669350,0.0
2017-05-01,147.54,148.09,146.84,147.47,31308344,0.0
2017-05-02,145.59,147.49,144.27,147.06,38855247,0.0
2017-05-03,146.55,147.14,145.81,146.54,18926882,0.0
2017-05-04,146.76,148.98,146.76,148.96,22675122,0.0
2017-05-07,149.03,153.7,149.03,153.01,42021943,0.0
2017-05-08,153.87,154.88,153.45,153.98,31021760,0.0
2017-05-09,153.63,153.94,152.11,153.26,21114207,0.0
2017-05-10,152.45,154.07,152.31,153.94,18750732,0.0
2017-05-11,154.7,156.42,154.67,156.1,28076625,0.0
2017-05-14,156.01,156.65,155.05,155.68,19310853,0.0
2017-05-15,155.94,156.06,154.72,155.47,15904981,0.0
2017-05-16,153.6,154.57,149.71,150.2,42477277,0.0
2017-05-17,151.27,153.34,151.13,152.51,28563533,0.0
2017-05-18,153.38,153.98,152.63,153.05,22298019,0.0
2017-05-21,154,154.58,152.91,153.96,18481365,0.0
2017-05-22,154.9,154.9,153.31,153.8,16542846,0.0
2017-05-23,153.84,154.17,152.67,153.3,16297773,0.0
2017-05-24,153.73,154.35,153.03,153.91,16178281,0.0
2017-05-25,153.81,154.24,153.31,153.59,13081679,0.0
2017-05-29,153.42,154.43,153.33,153.67,14855753,0.0
2017-05-30,153.97,154.17,152.38,152.77,16337532,0.0
2017-05-31,153.17,153.33,152.22,153.18,12972062,0.0
2017-06-01,153.59,155.45,152.89,155.45,22754620,0.0
2017-06-04,154.34,154.45,153.46,153.93,20349569,0.0
2017-06-05,153.9,155.81,153.78,154.45,21408385,0.0
2017-06-06,155.01,155.98,154.48,155.37,17394656,0.0
2017-06-07,155.25,155.54,154.4,154.92,15637031,0.0
2017-06-08,155.19,155.19,146.02,148.97,55236738,0.0
2017-06-11,145.6,146.09,142.51,145.4,61376480,0.0
2017-06-12,147.16,147.45,145.15,146.59,25681034,0.0
2017-06-13,147.5,147.5,143.84,145.16,26120738,0.0
2017-06-14,143.32,144.4798,142.21,144.3,27152933,0.0
2017-06-15,143.81,144.5,142.2,142.25,32949237,0.0
2017-06-18,143.66,146.74,143.66,146.34,25567975,0.0
2017-06-19,146.87,146.87,144.94,145.01,19663633,0.0
2017-06-20,145.52,146.0693,144.61,145.87,15288655,0.0
2017-06-21,145.75,146.7,145.1199,145.63,14313608,0.0
2017-06-22,145.13,147.16,145.11,146.29,16286383,0.0
2017-06-25,147.17,148.28,145.38,145.8,20971292,0.0
2017-06-26,145.01,146.16,143.62,143.78,20690321,0.0
2017-06-27,144.49,146.11,143.1601,145.83,17828374,0.0
2017-06-28,144.71,145.13,142.28,143.67,26672398,0.0
2017-06-29,144.45,144.96,143.78,144.03,16506309,0.0
2017-07-02,144.88,145.3001,143.1,143.5,11093317,0.0
2017-07-04,143.69,144.79,142.7237,144.09,16251764,0.0
2017-07-05,143.02,143.5,142.41,142.72,19135204,0.0
2017-07-06,142.9,144.75,142.9,144.17,14510249,0.0
2017-07-09,144.11,145.95,143.37,145.09,16416536,0.0
2017-07-10,144.73,145.85,144.38,145.55,14864556,0.0
2017-07-11,145.87,146.18,144.82,145.77,19218623,0.0
2017-07-12,145.5,148.49,145.44,147.78,21387519,0.0
2017-07-13,147.97,149.33,147.33,149.04,16541594,0.0
2017-07-16,148.82,150.9,148.57,149.6,18719011,0.0
2017-07-17,149.2,150.13,148.67,150.08,14498680,0.0
2017-07-18,150.48,151.42,149.95,151.02,16159904,0.0
2017-07-19,151.5,151.74,150.19,150.35,13385671,0.0
2017-07-20,149.99,150.44,148.88,150.3,17696752,0.0
2017-07-23,150.58,152.44,149.9,152.11,16205032,0.0
2017-07-24,151.8,153.84,151.8,152.75,15013054,0.0
2017-07-25,153.35,153.93,153.06,153.5,11524332,0.0
2017-07-26,153.78,153.99,147.3,150.55,27513361,0.0
2017-07-27,149.94,150.23,149.19,149.49,13769301,0.0
2017-07-30,149.9,150.33,148.13,148.77,14889914,0.0
2017-07-31,149.1,150.22,148.41,150.05,21068988,0.0
2017-08-01,159.28,159.75,156.16,157.15,56749144,0.0
2017-08-02,157.05,157.21,155.02,155.51,22089302,0.0
2017-08-03,156.07,157.4,155.69,156.34,17331799,0.0
2017-08-06,157.06,158.92,156.6701,158.79,17348586,0.0
2017-08-07,158.61,161.83,158.27,160.1,31403180,0.0
2017-08-08,159.26,161.27,159.11,161.1,22294726,0.0
2017-08-09,159.9,160,154.63,155.32,32603524,0.0
2017-08-10,156.6,158.5728,156.07,157.49,22197629,0.0
2017-08-13,159.32,160.21,158.75,159.78,17981174,0.0
2017-08-14,160.66,162.195,160.14,161.64,24469208,0.0
2017-08-15,161.98,162.51,160.15,160.92,22709694,0.0
2017-08-16,160.52,160.71,157.84,157.86,22787527,0.0
2017-08-17,157.86,159.5,156.72,157.51,23038087,0.0
2017-08-20,157.5,157.89,155.1101,157.16,21205042,0.0
2017-08-21,158.23,160,158.02,159.78,16593254,0.0
2017-08-22,159.07,160.47,158.88,159.99,14898407,0.0
2017-08-23,160.43,160.74,158.55,159.31,16082379,0.0
2017-08-24,159.65,160.56,159.27,159.86,16889605,0.0
2017-08-27,160.14,162,159.93,161.47,19034161,0.0
2017-08-28,160.1,163.12,160,162.92,24838782,0.0
2017-08-29,163.8,163.89,162.61,163.33,21970902,0.0
2017-08-30,163.64,164.52,163.48,163.97,20894075,0.0
2017-08-31,164.8,164.94,163.63,164.04,14075739,0.0
2017-09-04,163.68,164.25,160.56,162.08,25106163,0.0
2017-09-05,162.71,162.99,160.52,161.92,17058790,0.0
2017-09-06,162.09,162.24,160.36,161.27,18577751,0.0
2017-09-07,160.86,161.15,158.53,158.63,21135081,0.0
2017-09-10,160.5,162.05,159.89,161.49,24593152,0.0
2017-09-11,162.61,163.96,158.77,160.85,63257432,0.0
2017-09-12,159.87,159.96,157.91,159.62,37745780,0.0
2017-09-13,158.99,159.4,158.09,158.27,17796547,0.0
2017-09-14,158.47,160.97,158,159.88,32782759,0.0
2017-09-17,160.11,160.5,157.995,158.64,21048941,0.0
2017-09-18,159.51,159.77,158.44,158.72,15561722,0.0
2017-09-19,157.9,158.26,153.83,156.05,42348570,0.0
2017-09-20,155.8,155.8,152.75,153.41,30401653,0.0
2017-09-21,152.02,152.27,150.56,151.76,39677086,0.0
2017-09-24,149.98,151.83,149.16,150.56,36684440,0.0
2017-09-25,151.78,153.92,151.69,153.22,29052680,0.0
2017-09-26,153.8,154.7189,153.54,154.2,20316622,0.0
2017-09-27,153.83,154.28,152.7,153.26,18223355,0.0
2017-09-28,153.23,154.13,152,154,20561699,0.0
2017-10-01,154.26,154.45,152.72,153.81,15684788,0.0
2017-10-02,154.01,155.09,153.91,154.47,13650401,0.0
2017-10-03,153.63,153.86,152.46,153.47,16686621,0.0
2017-10-04,154.18,155.44,154.05,155.4,16995504,0.0
2017-10-05,154.97,155.49,154.56,155.29,13291696,0.0
2017-10-08,155.81,156.73,155.485,155.82,12734240,0.0
2017-10-09,156,158,155.1,155.9,12660667,0.0
2017-10-10,155.97,156.98,155.75,156.54,13180834,0.0
2017-10-11,156.35,157.37,155.7299,156.01,13605614,0.0
2017-10-12,156.73,157.28,156.41,157.01,13251219,0.0
2017-10-15,157.9,160,157.65,159.87,20070307,0.0
2017-10-16,159.75,160.87,159.23,160.47,16059637,0.0
2017-10-17,160.42,160.71,159.6,159.77,13668418,0.0
2017-10-18,156.75,157.08,155.02,155.98,32669974,0.0
2017-10-19,156.61,157.75,155.96,156.25,18427186,0.0
2017-10-22,156.89,157.69,155.5,156.2,16418890,0.0
2017-10-23,156.29,157.42,156.2,157.09,14016780,0.0
2017-10-24,156.91,157.55,155.27,156.41,16016689,0.0
2017-10-25,157.23,157.8295,156.78,157.42,12374254,0.0
2017-10-26,159.29,163.6,158.7,163.03,36735155,0.0
2017-10-29,163.89,168.07,163.72,166.72,37107049,0.0
2017-10-30,167.9,169.6499,166.94,169.05,28536890,0.0
2017-10-31,169.87,169.94,165.61,166.87,27873344,0.0
2017-11-01,167.64,168.5,165.28,168.07,27624141,0.0
2017-11-02,174,174.26,171.12,172.48,48908582,0.0
2017-11-05,172.365,174.99,171.72,174.32,27765449,0.0
2017-11-06,173.91,175.25,173.6,174.79,19694604,0.0
2017-11-07,174.66,176.24,174.33,176.24,18728731,0.0
2017-11-08,175.28,176.095,173.14,175.87,23800788,0.0
2017-11-09,175.11,175.38,174.27,174.66,15442963,0.0
2017-11-12,173.5,174.5,173.4,173.98,13706923,0.0
2017-11-13,173.04,173.48,171.18,171.34,20215643,0.0
2017-11-14,169.97,170.3197,168.38,169.09,23163666,0.0
2017-11-15,171.18,171.87,170.3,171.1,17300298,0.0
2017-11-16,171.04,171.39,169.64,170.11,17093245,0.0
2017-11-19,170.29,170.56,169.56,169.99,11894851,0.0
2017-11-20,170.78,173.7,170.78,173.13,18672611,0.0
2017-11-21,173.44,175,173.05,174.94,18743511,0.0
2017-11-23,175.1,175.5,174.6459,174.96,9071079,0.0
2017-11-26,175.05,175.1,173.34,174.08,15534913,0.0
2017-11-27,174.3,174.87,171.86,173,20125881,0.0
2017-11-28,172.63,172.92,167.16,169.49,34373586,0.0
2017-11-29,170.43,172.14,168.44,171.75,24465789,0.0
2017-11-30,169.9,171.67,168.5,171,28912970,0.0
2017-12-03,172.47,172.62,169.63,169.76,24866974,0.0
2017-12-04,169.33,171.52,168.4,169.65,21377668,0.0
2017-12-05,167.5,170.2047,166.46,169.05,21545899,0.0
2017-12-06,169.03,170.44,168.91,169.33,19450089,0.0
2017-12-07,170.49,171,168.82,169.36,18039550,0.0
2017-12-10,169.2,172.89,168.79,172.66,23625893,0.0
2017-12-11,172.15,172.39,171.461,171.73,14793147,0.0
2017-12-12,172.63,173.54,172,172.31,18307475,0.0
2017-12-13,172.43,173.13,171.65,172.22,16576895,0.0
2017-12-14,172.81,174.17,172.46,173.88,26667725,0.0
2017-12-17,174.92,177.2,174.86,176.43,21647216,0.0
2017-12-18,175.03,175.39,174.09,174.53,21307511,0.0
2017-12-19,174.87,175.42,173.25,174.36,17847200,0.0
2017-12-20,174.17,176.02,174.1,175.01,15431929,0.0
2017-12-21,174.68,175.424,174.5,175.05,11186150,0.0
2017-12-25,170.8,171.47,169.679,170.57,27529613,0.0
2017-12-26,170.1,170.78,169.71,170.58,16439823,0.0
2017-12-27,171,171.85,170.48,171.07,13307218,0.0
2017-12-28,170.71,170.71,169.22,169.3,19469267,0.0
2018-01-01,170.16,172.3,169.26,172.26,20523941,0.0
2018-01-02,172.53,174.55,171.96,172.18,23193409,0.0
2018-01-03,172.54,173.47,172.08,173.02,17742231,0.0
2018-01-04,173.44,175.37,173.05,174.96,18402859,0.0
2018-01-07,174.31,175.61,173.93,174.34,15554212,0.0
2018-01-08,174.55,175.06,173.41,174.33,17267132,0.0
2018-01-09,173.16,174.3,173,174.245,19012396,0.0
2018-01-10,174.59,175.4886,174.49,175.27,14222366,0.0
2018-01-11,176.18,177.36,175.65,177,17956716,0.0
2018-01-15,177.91,179.39,176.14,176.2,23154527,0.0
2018-01-16,176.15,179.25,175.07,179.1,26958931,0.0
2018-01-17,179.37,180.1,178.25,179.27,23144183,0.0
2018-01-18,178.61,179.58,177.41,178.45,21452221,0.0
2018-01-21,177.3,177.78,176.602,177.01,19801191,0.0
2018-01-22,177.3,179.44,176.82,176.96,26523532,0.0
2018-01-23,177.25,177.3,173.2,174.22,40325546,0.0
2018-01-24,174.28,174.95,170.53,171.1,33340074,0.0
2018-01-25,172,172,170.06,171.45,30510493,0.0
2018-01-28,170.16,170.16,167.07,167.96,38802170,0.0
2018-01-29,165.555,167.37,164.7,166.96,38306962,0.0
2018-01-30,166.87,168.4417,166.5,167.47,24160485,0.0
2018-01-31,167.165,168.62,166.76,167.7,29765526,0.0
2018-02-01,166.47,166.8,160.1,160.41,67919941,0.0
2018-02-04,159.1,163.88,156,156.49,59470254,0.0
2018-02-05,154.91,163.72,154,163.06,54780528,0.0
2018-02-06,163.085,163.4,159.0685,159.52,41035232,0.0
2018-02-07,160.29,161,155.03,155.16,43609866,0.0
2018-02-08,156.67,157.89,150.24,156.22,54464820,0.0
2018-02-11,158.48,163.89,157.51,162.75,45978023,0.0
2018-02-12,161.95,164.75,161.65,164.3451,26023893,0.0
2018-02-13,163.045,167.54,162.88,167.36,32197106,0.0
2018-02-14,169.79,173.09,169,173,43517636,0.0
2018-02-15,172.36,174.82,171.77,172.45,33864874,0.0
2018-02-19,172.07,174.26,171.42,171.85,27565605,0.0
2018-02-20,172.83,174.12,171.01,171.01,30377663,0.0
2018-02-21,171.85,173.95,171.71,172.61,26187505,0.0
2018-02-22,173.67,175.65,173.54,175.56,28074124,0.0
2018-02-25,176.35,179.39,176.21,178.98,30961837,0.0
2018-02-26,179.1,180.48,178.16,178.34,32686808,0.0
2018-02-27,179.33,180.615,178.05,178.13,26337414,0.0
2018-02-28,178.54,179.775,172.66,174.95,41423985,0.0
2018-03-01,172.8,176.3,172.45,176.28,31779596,0.0
2018-03-04,175.21,177.74,174.52,176.83,22661785,0.0
2018-03-05,177.91,178.25,176.13,176.68,19589517,0.0
2018-03-06,175.15,175.85,174.27,175.02,25064495,0.0
2018-03-07,175.48,177.12,175.07,176.95,19424129,0.0
2018-03-08,177.96,180,177.39,179.96,25304044,0.0
2018-03-11,180.29,182.39,180.21,181.73,27713861,0.0
2018-03-12,182.57,183.5,179.24,179.95,26591337,0.0
2018-03-13,180.32,180.52,177.81,178.485,24683076,0.0
2018-03-14,178.5,180.24,178.0701,178.65,18598941,0.0
2018-03-15,178.61,179.12,177.62,177.89,22076737,0.0
2018-03-18,177.37,177.47,173.66,175.32,26080445,0.0
2018-03-19,175.24,176.8,174.94,175.25,15303553,0.0
2018-03-20,175.04,175.09,171.26,171.27,29835499,0.0
2018-03-21,170,172.68,168.6,168.75,34791308,0.0
2018-03-22,168.39,169.92,164.94,164.96,32035770,0.0
2018-03-25,168.07,173.1,166.44,172.76,27980655,0.0
2018-03-26,173.69,175.15,166.92,168.35,32610401,0.0
2018-03-27,167.25,170.02,165.19,166.48,32621496,0.0
2018-03-28,167.805,171.75,166.9,167.91,25762606,0.0
2018-04-01,167.88,168.94,164.47,166.68,30080214,0.0
2018-04-02,167.64,168.7455,164.88,168.39,23608807,0.0
2018-04-03,164.88,172.01,164.77,171.58,27468450,0.0
2018-04-04,172.58,174.2304,172.08,172.78,21288394,0.0
2018-04-05,170.97,172.48,168.2,168.35,26793087,0.0
2018-04-08,169.88,173.09,169.845,170.06,22345042,0.0
2018-04-09,173,174,171.53,173.25,23471241,0.0
2018-04-10,172.23,173.9232,171.7,172.44,18090913,0.0
2018-04-11,173.41,175,173.04,174.16,18783496,0.0
2018-04-12,174.76,175.84,173.85,174.73,18387042,0.0
2018-04-15,175.0301,176.19,174.8301,175.82,18011687,0.0
2018-04-16,176.49,178.9365,176.41,178.24,19446989,0.0
2018-04-17,177.81,178.82,176.88,177.84,16089854,0.0
2018-04-18,174.95,175.39,172.66,172.8,28152833,0.0
2018-04-19,170.595,171.2184,165.43,165.72,54178001,0.0
2018-04-22,166.8348,166.92,164.09,165.25,28220229,0.0
2018-04-23,165.67,166.33,161.2201,162.94,28381103,0.0
2018-04-24,162.62,165.42,162.41,163.7716,22795099,0.0
2018-04-25,164.12,165.73,163.37,164.22,21898218,0.0
2018-04-26,164,164.33,160.63,162.33,30193502,0.0
2018-04-29,162.1302,167.26,161.84,165.26,32012814,0.0
2018-04-30,166.4102,169.2,165.27,169,36454671,0.0
2018-05-01,175.225,177.75,173.8,176.62,54314549,0.0
2018-05-02,175.88,177.5,174.4411,176.91,28142461,0.0
2018-05-03,178.25,184.25,178.17,183.83,47736638,0.0
2018-05-06,185.18,187.67,184.75,185.1,36221788,0.0
2018-05-07,184.99,186.22,183.665,186.04,21645147,0.0
2018-05-08,186.58,187.4,185.22,187.24,18740306,0.0
2018-05-09,187.74,190.37,187.65,190.03,23452024,0.0
2018-05-10,189.49,190.06,187.45,188.59,18359973,0.0
2018-05-13,189.01,189.53,187.86,188.17,14867957,0.0
2018-05-14,186.78,187.07,185.1,186.44,18353467,0.0
2018-05-15,186.07,188.46,186,188.19,15299288,0.0
2018-05-16,188,188.91,186.36,186.99,13931428,0.0
2018-05-17,187.19,187.8102,186.13,186.29,14080351,0.0
2018-05-20,188,189.27,186.9106,187.61,14657411,0.0
2018-05-21,188.375,188.88,186.78,187.31,10892693,0.0
2018-05-22,186.35,188.5,185.76,188.45,13163973,0.0
2018-05-23,188.77,188.84,186.21,188.21,15019898,0.0
2018-05-24,188.23,189.65,187.65,188.58,13702107,0.0
2018-05-28,187.6,188.75,186.87,187.86,17042382,0.0
2018-05-29,187.72,188,186.78,187.5,14392159,0.0
2018-05-30,187.25,188.23,186.14,186.88,16629099,0.0
2018-05-31,187.9912,190.26,187.75,190.23,18945563,0.0
2018-06-03,191.6,193.42,191.35,191.81,21384586,0.0
2018-06-04,193.065,193.94,192.36,193.31,17150795,0.0
2018-06-05,193.63,194.08,191.92,194.05,14723517,0.0
2018-06-06,194.14,194.2,192.335,193.48,15194845,0.0
2018-06-07,191.17,192,189.77,191.48,19848900,0.0
2018-06-10,191.35,191.97,190.21,191.26,14652792,0.0
2018-06-11,191.385,192.611,191.15,192.25,12611787,0.0
2018-06-12,192.42,192.88,190.44,190.71,14937487,0.0
2018-06-13,191.55,191.57,190.22,190.81,15777357,0.0
2018-06-14,190.03,190.16,188.26,188.92,28467278,0.0
2018-06-17,187.88,189.22,187.2,188.76,12508865,0.0
2018-06-18,185.26,186.33,183.45,185.77,24443783,0.0
2018-06-19,186.35,187.2,185.73,186.5,15060518,0.0
2018-06-20,187.25,188.35,184.94,185.47,16736811,0.0
2018-06-21,185.91,186.15,184.7,184.92,12745954,0.0
2018-06-24,183.4,184.92,180.73,182.18,23549810,0.0
2018-06-25,182.89,186.53,182.54,184.44,18733475,0.0
2018-06-26,185.2278,187.28,184.03,184.165,19664360,0.0
2018-06-27,184.1,186.21,183.8,185.51,13497782,0.0
2018-06-28,186.29,187.19,182.91,182.91,14503193,0.0
2018-07-01,183.82,187.3,183.42,187.15,13335802,0.0
2018-07-02,187.79,187.95,183.54,183.64,10840264,0.0
2018-07-04,185.26,186.41,184.28,185.38,12922262,0.0
2018-07-05,185.42,188.434,185.2,187.98,13353148,0.0
2018-07-08,189.5,190.68,189.3,190.61,14632953,0.0
2018-07-09,190.71,191.28,190.1801,190.35,11688121,0.0
2018-07-10,188.5,189.7799,187.61,187.93,13470057,0.0
2018-07-11,189.53,191.41,189.31,191.04,13311692,0.0
2018-07-12,191.08,191.84,190.9,191.33,9533809,0.0
2018-07-15,191.52,192.65,190.415,190.92,11046180,0.0
2018-07-16,189.75,191.87,189.2,191.47,11045518,0.0
2018-07-17,191.78,191.8,189.93,190.4,10596028,0.0
2018-07-18,189.7,192.55,189.69,191.97,14036840,0.0
2018-07-19,191.76,192.43,190.17,191.67,13337496,0.0
2018-07-22,190.68,191.96,189.56,191.6,10880167,0.0
2018-07-23,192.45,193.6601,192.05,192.99,13299653,0.0
2018-07-24,193.0602,194.85,192.43,194.82,12525375,0.0
2018-07-25,194.61,195.96,193.61,194.23,14241029,0.0
2018-07-26,194.99,195.19,190.1,190.98,18520705,0.0
2018-07-29,191.9,192.2,189.07,189.94,15726885,0.0
2018-07-30,190.34,192.14,189.34,190.58,23827866,0.0
2018-07-31,199.13,201.76,197.31,201.62,55058201,0.0
2018-08-01,200.58,208.38,200.35,207.38,52607314,0.0
2018-08-02,207.03,208.74,205.4803,207.98,26246694,0.0
2018-08-05,208,209.25,207.07,209.06,20174048,0.0
2018-08-06,209.32,209.5,206.76,207.11,20857548,0.0
2018-08-07,206.09,207.81,204.52,207.25,16545228,0.0
2018-08-08,207.28,209.78,207.2,208.89,18767039,0.0
2018-08-09,207.36,209.1,206.67,207.55,18212953,0.0
2018-08-12,207.7,210.952,207.7,208.86,21242149,0.0
2018-08-13,210.155,210.56,208.26,209.76,14731443,0.0
2018-08-14,209.22,210.74,208.33,210.3,22393387,0.0
2018-08-15,211.75,213.8121,211.47,213.48,21207805,0.0
2018-08-16,213.44,217.95,213.16,217.61,28900675,0.0
2018-08-19,218.1,219.18,215.11,215.45,23264202,0.0
2018-08-20,216.8,217.19,214.025,215.06,20519450,0.0
2018-08-21,214.1,216.36,213.84,215.06,14190013,0.0
2018-08-22,214.65,217.05,214.6,215.58,14354885,0.0
2018-08-23,216.6,216.9,215.11,216.14,13508061,0.0
2018-08-26,217.15,218.74,216.33,217.99,15634971,0.0
2018-08-27,219.01,220.54,218.92,219.71,18414478,0.0
2018-08-28,220.15,223.49,219.41,222.98,21467701,0.0
2018-08-29,223.25,228.26,222.4,225.07,40292721,0.0
2018-08-30,226.51,228.87,226.21,227.51,30059736,0.0
2018-09-03,228.41,229.18,226.63,228.36,20702933,0.0
2018-09-04,228.99,229.67,225.1,226.87,25898450,0.0
2018-09-05,226.23,227.35,221.3,223.12,27250729,0.0
2018-09-06,221.85,225.37,220.71,221.42,29596507,0.0
2018-09-09,220.96,221.85,216.47,218.3402,29370268,0.0
2018-09-10,218.01,224.299,216.56,223.86,27700011,0.0
2018-09-11,224.94,225,219.84,221.06,39249350,0.0
2018-09-12,223.52,228.35,222.57,226.4,31575373,0.0
2018-09-13,225.75,226.84,222.522,223.64,23562371,0.0
2018-09-16,222.15,222.95,217.27,217.89,28375627,0.0
2018-09-17,217.79,221.85,217.12,218.24,24147467,0.0
2018-09-18,218.5,219.62,215.3,218.34,20793048,0.0
2018-09-19,220.32,222.28,219.15,220.04,19407352,0.0
2018-09-20,220.57,221.36,217.29,217.655,35567117,0.0
2018-09-23,216.82,221.26,216.63,220.79,19526076,0.0
2018-09-24,219.75,222.82,219.7,222.19,15917628,0.0
2018-09-25,221,223.75,219.76,220.51,17135872,0.0
2018-09-26,223.79,226.44,223.54,225.09,21761696,0.0
2018-09-27,224.79,225.84,224.02,225.76,15106196,0.0
2018-09-30,227.95,229.42,226.35,227.27,16337487,0.0
2018-10-01,227.25,230,226.63,229.29,18374731,0.0
2018-10-02,230.05,233.47,229.78,232.1,21649962,0.0
2018-10-03,230.78,232.35,226.73,227.99,23764631,0.0
2018-10-04,227.96,228.41,220.58,224.26,25806520,0.0
2018-10-07,222.21,224.8,220.2,223.76,21084112,0.0
2018-10-08,223.63,227.27,222.2462,226.87,19672102,0.0
2018-10-09,225.46,226.35,216.05,216.39,29815295,0.0
2018-10-10,214.52,219.5,212.32,214.45,38787008,0.0
2018-10-11,220.42,222.88,216.84,222.11,28354162,0.0
2018-10-14,221.16,221.83,217.27,217.28,22403259,0.0
2018-10-15,218.93,222.99,216.7627,222.13,21865043,0.0
2018-10-16,222.3,222.64,219.34,221.2,16169647,0.0
2018-10-17,217.86,219.74,213,216.12,23483746,0.0
2018-10-18,219.16,221.26,217.43,219.3,23788682,0.0
2018-10-21,219.79,223.36,218.94,220.59,23781840,0.0
2018-10-22,215.83,223.25,214.7,222.9,36787089,0.0
2018-10-23,222.6,224.23,214.54,215.06,36197804,0.0
2018-10-24,217.71,222.44,216.75,219.85,22758164,0.0
2018-10-25,215.9,220.19,212.67,216.03,41258595,0.0
2018-10-28,219.255,219.69,206.09,212.55,36069395,0.0
2018-10-29,211.15,215.18,209.27,213.33,29704603,0.0
2018-10-30,216.88,220.45,216.62,218.75,31900983,0.0
2018-10-31,219.07,222.36,216.81,222.05,40261246,0.0
2018-11-01,209.55,213.89,205.43,206.14,82917876,0.0
2018-11-04,204.3,204.39,198.17,201.59,51670747,0.0
2018-11-05,201.92,204.72,201.69,203.78,27934956,0.0
2018-11-06,205.89,210.01,204.13,209.91,26705827,0.0
2018-11-07,209.94,210.12,206.75,208.49,19216333,0.0
2018-11-08,205.55,206.01,202.25,204.47,23852926,0.0
2018-11-11,198.9,199.85,193.79,194.2,40614690,0.0
2018-11-12,191.63,197.18,191.4501,192.23,35553485,0.0
2018-11-13,193.9,194.48,185.93,186.76,57202350,0.0
2018-11-14,188.39,193.99,186.9,191.5,42306727,0.0
2018-11-15,190.5,194.9695,189.46,193.58,34044307,0.0
2018-11-18,190,190.7,184.99,185.85,37092706,0.0
2018-11-19,178.37,181.47,175.51,177.01,63109179,0.0
2018-11-20,179.73,180.27,176.55,176.82,27395649,0.0
2018-11-22,174.94,176.595,172.1,172.25,21939557,0.0
2018-11-25,174.24,174.95,170.26,174.58,40367186,0.0
2018-11-26,171.51,174.77,170.88,174.245,37132335,0.0
2018-11-27,176.73,181.29,174.93,180.96,42264101,0.0
2018-11-28,182.66,182.8,177.7,179.55,38797596,0.0
2018-11-29,180.29,180.33,177.03,178.6,28559844,0.0
2018-12-02,184.46,184.94,181.21,184.93,35606774,0.0
2018-12-03,180.95,182.3899,176.27,176.67,35659368,0.0
2018-12-05,171.76,174.78,170.42,174.77,38911135,0.0
2018-12-06,173.49,174.49,168.3,168.38,37358874,0.0
2018-12-09,165,170.09,163.33,169.61,57206552,0.0
2018-12-10,171.66,171.79,167,168.67,41305424,0.0
2018-12-11,170.4,171.92,169.02,169.04,30803351,0.0
2018-12-12,170.49,172.57,169.22,170.82,29424166,0.0
2018-12-13,169,169.08,165.28,165.4,36692953,0.0
2018-12-16,165.45,168.35,162.73,163.97,37985427,0.0
2018-12-17,165.38,167.53,164.39,165.87,29845988,0.0
2018-12-18,166,167.45,158.7,160.76,41382586,0.0
2018-12-19,160.4,162.11,155.3,156.84,58947341,0.0
2018-12-20,156.86,158.16,149.63,150.85,72723677,0.0
2018-12-23,148.15,151.55,146.44,146.62,34312501,0.0
2018-12-25,148.3,157.22,146.72,157.18,52488787,0.0
2018-12-26,155.84,156.77,150.07,156.12,46950454,0.0
2018-12-27,157.47,158.52,154.55,156.07,37588889,0.0
2018-12-30,158.53,159.36,156.51,156.7,29014557,0.0
2019-01-01,154.89,158.85,154.23,157.5225,27803621,0.0
2019-01-02,143.98,145.72,142,142.29,82418448,0.0
2019-01-03,144.53,148.5499,143.8,148.12,51267225,0.0
2019-01-06,148.7,148.83,145.9,147.91,49982480,0.0
2019-01-07,149.56,151.82,148.52,150.63,36592406,0.0
2019-01-08,151.29,154.53,149.63,153.37,40827842,0.0
2019-01-09,152.5,153.97,150.86,153.55,32553301,0.0
2019-01-10,152.88,153.7,151.51,152.0534,22850904,0.0
2019-01-13,150.85,151.27,149.22,149.76,26038136,0.0
2019-01-14,150.27,153.39,150.05,152.95,25862287,0.0
2019-01-15,153.08,155.88,153,154.91,27032885,0.0
2019-01-16,154.2,157.66,153.26,155.53,26717099,0.0
2019-01-17,157.5,157.88,155.9806,156.57,30450605,0.0
2019-01-21,156.41,156.73,152.62,152.93,24086204,0.0
2019-01-22,154.15,155.14,151.7,153.6799,20246607,0.0
2019-01-23,154.11,154.48,151.74,152.63,20669415,0.0
2019-01-24,155.48,158.13,154.32,157.5,29575048,0.0
2019-01-27,155.79,156.28,153.66,156.0878,22270959,0.0
2019-01-28,156.25,158.13,154.11,154.5,30723484,0.0
2019-01-29,163.25,166.15,160.23,165.49,49026033,0.0
2019-01-30,166.11,169,164.56,166.6249,31699885,0.0
2019-01-31,166.96,168.98,165.93,166.62,25342728,0.0
2019-02-03,167.41,171.655,167.28,170.99,26912592,0.0
2019-02-04,172.86,175.08,172.3501,174.01,31860037,0.0
2019-02-05,174.65,175.57,172.8531,174.1699,25696142,0.0
2019-02-06,172.4,173.94,170.34,170.64,28233078,0.0
2019-02-07,168.99,170.66,168.42,170.04,20428524,0.0
2019-02-10,171.05,171.21,169.25,169.43,17954651,0.0
2019-02-11,170.1,171,169.7,170.7384,18989903,0.0
2019-02-12,171.39,172.48,169.92,169.98,19353125,0.0
2019-02-13,169.71,171.2615,169.38,170.98,18263570,0.0
2019-02-14,171.25,171.7,169.75,170.25,22555013,0.0
2019-02-18,169.71,171.44,169.49,170.8499,16672024,0.0
2019-02-19,171.19,173.32,170.99,172.09,22439817,0.0
2019-02-20,171.8,172.37,170.3,171.14,15647117,0.0
2019-02-21,171.58,173,171.38,172.97,15245361,0.0
2019-02-24,174.16,175.87,173.95,174.26,19540227,0.0
2019-02-25,173.71,175.3,173.1732,174.35,14716104,0.0
2019-02-26,173.26,175,172.73,174.88,22914417,0.0
2019-02-27,174.32,174.91,172.92,173.2,19815729,0.0
2019-02-28,174.28,175.15,172.89,174.97,20830861,0.0
2019-03-03,175.69,177.75,173.97,175.86,24195978,0.0
2019-03-04,175.94,176,174.54,175.51,15413946,0.0
2019-03-05,174.67,175.49,173.94,174.51,17535168,0.0
2019-03-06,174.02,174.44,172.02,172.47,20110131,0.0
2019-03-07,170.32,173.07,169.5,172.92,19475688,0.0
2019-03-10,175.49,179.12,175.35,178.98,26225966,0.0
2019-03-11,180,182.67,179.37,180.94,27277399,0.0
2019-03-12,182.25,183.3,180.92,181.72,23960992,0.0
2019-03-13,183.9,184.1,182.56,183.73,19457731,0.0
2019-03-14,184.66,187.33,184.66,186.21,21750706,0.0
2019-03-17,185.8,188.39,185.79,188.03,22563772,0.0
2019-03-18,188.35,188.99,185.92,186.54,26863005,0.0
2019-03-19,186.23,189.49,184.73,188.17,26974003,0.0
2019-03-20,190.02,196.33,189.81,195.05,42720798,0.0
2019-03-21,195.34,197.69,190.78,191.06,38334323,0.0
2019-03-24,191.55,191.98,186.6,188.77,40742481,0.0
2019-03-25,191.64,192.88,184.58,186.79,43454017,0.0
2019-03-26,188.75,189.76,186.55,188.47,26586290,0.0
2019-03-27,188.95,189.559,187.53,188.71,19309376,0.0
2019-03-28,189.99,190.08,188.54,189.94,18489986,0.0
2019-03-31,191.64,191.68,188.38,191.24,12098014,0.0
2019-04-01,191.09,194.46,191.05,194.04,19797454,0.0
2019-04-02,193.25,196.5,193.15,195.35,19793141,0.0
2019-04-03,194.79,196.37,193.14,195.72,17091108,0.0
2019-04-04,196.45,197.1,195.93,196.97,15842943,0.0
2019-04-07,196.42,200.23,196.34,200.08,23231403,0.0
2019-04-08,200.32,202.85,199.23,199.5,32840959,0.0
2019-04-09,198.68,200.74,198.18,200.66,19861942,0.0
2019-04-10,200.85,201,198.4431,198.95,17931789,0.0
2019-04-11,199.2,200.14,196.21,198.88,24667735,0.0
2019-04-14,198.58,199.85,198.01,199.23,14551176,0.0
2019-04-15,199.46,201.37,198.56,199.25,24002891,0.0
2019-04-16,199.54,203.38,198.61,203.12,27366117,0.0
2019-04-17,203.12,204.15,202.52,203.86,21928367,0.0
2019-04-21,202.83,204.94,202.34,204.64,13720923,0.0
2019-04-22,204.43,207.75,203.9,207.51,19401417,0.0
2019-04-23,207.36,208.48,207.05,207.18,14914939,0.0
2019-04-24,206.83,207.76,205.12,205.24,15908807,0.0
2019-04-25,204.9,205,202.12,204.29,16315669,0.0
2019-04-28,204.4,205.97,203.86,204.61,19641066,0.0
2019-04-29,203.06,203.4,199.11,200.57,35362106,0.0
2019-04-30,209.88,215.31,209.23,210.52,57751414,0.0
2019-05-01,209.84,212.65,208.13,209.17,29014844,0.0
2019-05-02,210.74,211.84,210.23,211.78,17987793,0.0
2019-05-05,204.29,208.84,203.5,208.6,28949691,0.0
2019-05-06,205.88,207.4175,200.825,202.86,34328425,0.0
2019-05-07,201.9,205.34,201.75,202.9,22729670,0.0
2019-05-08,200.4,201.68,196.66,200.72,32427147,0.0
2019-05-09,197.419,198.85,192.77,197.3,36118438,0.0
2019-05-12,187.71,189.48,182.85,185.72,50491792,0.0
2019-05-13,186.41,189.7,185.41,188.65,31498214,0.0
2019-05-14,186.27,191.75,186.02,190.92,23655393,0.0
2019-05-15,189.91,192.4689,188.84,190.14,28660083,0.0
2019-05-16,186.93,190.9,186.76,188.98,29246990,0.0
2019-05-19,183.52,184.349,180.2839,183.09,33285709,0.0
2019-05-20,185.22,188,184.7,186.59,23901501,0.0
2019-05-21,184.66,185.71,182.55,182.79,26540561,0.0
2019-05-22,179.8,180.54,177.81,179.67,31272923,0.0
2019-05-23,180.2,182.14,178.62,179.06,21514327,0.0
2019-05-27,178.9,180.59,177.91,178.17,22515281,0.0
2019-05-28,176.42,179.35,176,177.35,26177083,0.0
2019-05-29,177.95,179.23,176.67,178.25,19579368,0.0
2019-05-30,176.22,177.985,174.99,175,22909538,0.0
2019-06-02,175.6,177.92,170.27,173.28,36721281,0.0
2019-06-03,175.44,179.83,174.52,179.67,27174311,0.0
2019-06-04,184.28,184.99,181.14,182.541,26260553,0.0
2019-06-05,183.08,185.47,182.1489,185.23,18504740,0.0
2019-06-06,186.51,191.92,185.77,190.14,26413228,0.0
2019-06-09,191.81,195.37,191.62,192.52,23763115,0.0
2019-06-10,194.82,196,193.6,194.81,22631965,0.0
2019-06-11,193.95,195.97,193.385,194.19,16299683,0.0
2019-06-12,194.7,196.79,193.6,194.74,35633462,0.0
2019-06-13,191.545,193.5863,190.3,192.745,31598181,0.0
2019-06-16,192.9,194.96,192.17,193.95,12831457,0.0
2019-06-17,196,200.29,195.21,198.5,23433567,0.0
2019-06-18,199.68,199.88,197.31,197.86,17581620,0.0
2019-06-19,200.37,200.61,198.03,199.3794,18470638,0.0
2019-06-20,198.8,200.85,198.15,198.8,30026975,0.0
2019-06-23,198.54,200.16,198.17,198.55,14762379,0.0
2019-06-24,198.43,199.26,195.29,195.57,18361798,0.0
2019-06-25,197.83,200.99,197.35,199.8,22499633,0.0
2019-06-26,200.29,201.57,199.57,199.73,15460769,0.0
2019-06-27,199.24,199.4,197.05,197.92,18773228,0.0
2019-06-30,203.17,204.49,200.65,201.68,24084814,0.0
2019-07-01,201.41,203.1323,201.36,202.71,15693876,0.0
2019-07-02,203.27,204.44,202.6901,204.41,9285267,0.0
2019-07-04,203.35,205.08,202.9,204.25,14933941,0.0
2019-07-07,200.81,201.4,198.41,200.01,21987224,0.0
2019-07-08,199.2,201.51,198.81,201.22,17767726,0.0
2019-07-09,201.91,203.73,201.56,203.21,15615143,0.0
2019-07-10,203.31,204.39,201.72,201.74,16021915,0.0
2019-07-11,202.45,204,202.2,203.24,15272214,0.0
2019-07-14,204.09,205.87,204,205.2,14419116,0.0
2019-07-15,204.59,206.11,203.5,204.49,14501634,0.0
2019-07-16,204.05,205.0915,203.27,203.28,11652445,0.0
2019-07-17,204,205.88,203.7,205.66,15375748,0.0
2019-07-18,205.79,206.5,202.36,202.57,18834365,0.0
2019-07-21,203.65,207.23,203.61,207.22,18906200,0.0
2019-07-22,208.46,208.91,207.29,208.825,16418505,0.0
2019-07-23,207.67,209.15,207.17,208.67,13012280,0.0
2019-07-24,208.89,209.24,206.73,207.05,11866283,0.0
2019-07-25,207.48,209.73,207.14,207.75,15409845,0.0
2019-07-28,208.46,210.64,208.44,209.67,18828351,0.0
2019-07-29,208.76,210.16,207.31,208.884,24482953,0.0
2019-07-30,216.42,221.37,211.3,212.78,62976187,0.0
2019-07-31,213.9,218.03,206.7435,208.4595,51518842,0.0
2019-08-01,205.53,206.19,201.7,204.09,30361920,0.0
2019-08-04,197.99,198.649,192.58,193.22,44910342,0.0
2019-08-05,196.31,198.067,194.04,196.98,31922123,0.0
2019-08-06,195.41,199.56,193.82,199.14,29096670,0.0
2019-08-07,200.22,203.53,199.39,203.45,23184966,0.0
2019-08-08,202.3093,202.76,199.3,200.93,20564640,0.0
2019-08-11,199.62,202.0516,199.15,200.5,19539038,0.0
2019-08-12,201.05,212.14,200.83,208.98,43076897,0.0
2019-08-13,203.16,206.44,202.5869,202.75,30918861,0.0
2019-08-14,203.46,205.14,199.67,201.74,24575334,0.0
2019-08-15,204.28,207.16,203.84,206.44,25086579,0.0
2019-08-18,210.62,212.7307,210.025,210.34,21547293,0.0
2019-08-19,210.88,213.35,210.32,210.35,21011089,0.0
2019-08-20,212.99,213.65,211.6032,212.65,18800282,0.0
2019-08-21,213.19,214.435,210.75,212.45,19267504,0.0
2019-08-22,209.43,212.051,201,202.63,40593444,0.0
2019-08-25,205.86,207.19,205.0573,206.6,22978406,0.0
2019-08-26,207.81,208.55,203.53,204.14,19309254,0.0
2019-08-27,204.1,205.72,203.32,205.52,14081649,0.0
2019-08-28,208.5,209.32,206.655,209.1,18354476,0.0
2019-08-29,210.16,210.45,207.2,208.74,16839712,0.0
2019-09-02,206.43,206.98,204.22,205.695,17928464,0.0
2019-09-03,208.39,209.48,207.32,209.25,16915267,0.0
2019-09-04,212,213.97,211.51,213.27,20371927,0.0
2019-09-05,214.05,214.42,212.51,213.27,17147590,0.0
2019-09-08,214.84,216.44,211.07,214.15,23194004,0.0
2019-09-09,213.86,216.78,211.71,216.77,27664503,0.0
2019-09-10,218.07,223.64,217.73,223.587,39572875,0.0
2019-09-11,224.8,226.42,222.86,223.09,26816046,0.0
2019-09-12,220,220.79,217.02,218.8,35658287,0.0
2019-09-15,217.73,220.13,217.56,219.9,18614200,0.0
2019-09-16,219.96,220.82,219.12,220.65,15755170,0.0
2019-09-17,221.06,222.85,219.44,222.77,22597641,0.0
2019-09-18,222.01,223.76,220.37,220.95,19560095,0.0
2019-09-19,221.38,222.56,217.473,217.69,36711725,0.0
2019-09-22,218.95,219.84,217.65,218.68,16353130,0.0
2019-09-23,221.03,222.49,217.19,217.68,27025966,0.0
2019-09-24,218.55,221.5,217.1402,220.99,18945127,0.0
2019-09-25,220,220.94,218.83,219.89,16151246,0.0
2019-09-26,220.54,220.96,217.2814,218.85,22606388,0.0
2019-09-29,220.9,224.58,220.79,223.98,22189704,0.0
2019-09-30,225.07,228.22,224.2,224.58,32017308,0.0
2019-10-01,223.06,223.35,217.93,218.96,31067943,0.0
2019-10-02,218.43,220.96,215.132,220.81,25267290,0.0
2019-10-03,225.64,227.49,223.89,227.01,61420683,0.0
2019-10-06,226.27,229.93,225.84,227.06,56249522,0.0
2019-10-07,225.82,228.06,224.33,224.39,49356153,0.0
2019-10-08,227.03,227.79,225.64,227,33424472,0.0
2019-10-09,227.93,230.44,227.3,230.09,51957764,0.0
2019-10-10,232.95,237.64,232.3075,236.22,75801862,0.0
2019-10-13,234.9,238.1342,234.6701,235.89,43035391,0.0
2019-10-14,236.39,237.65,234.88,235.32,37286507,0.0
2019-10-15,233.37,235.24,233.2,234.39,32693993,0.0
2019-10-16,235.09,236.15,233.52,235.29,30936663,0.0
2019-10-17,234.59,237.58,234.29,236.28,45791251,0.0
2019-10-20,238.3659,240.99,238.32,240.53,17427391,0.0
2019-10-21,241.16,242.2,239.6218,239.97,19060536,0.0
2019-10-22,242.1,243.24,241.22,243.14,17199153,0.0
2019-10-23,244.51,244.8,241.805,243.6,15641517,0.0
2019-10-24,243.16,246.73,242.88,246.58,15414721,0.0
2019-10-27,247.42,249.25,246.72,249.04,22187260,0.0
2019-10-28,248.97,249.75,242.57,243.29,32725739,0.0
2019-10-29,244.76,245.3,241.21,243.29,25443913,0.0
2019-10-30,247.24,249.17,237.26,248.84,29688327,0.0
2019-10-31,249.54,255.93,249.16,255.84,33985331,0.0
2019-11-03,257.33,257.845,255.38,257.48,23618001,0.0
2019-11-04,257.05,258.19,256.32,257.15,17738372,0.0
2019-11-05,256.84,257.49,255.365,257.24,15328064,0.0
2019-11-06,258.74,260.35,258.11,259.5,22267200,0.0
2019-11-07,258.69,260.44,256.85,260.14,15896858,0.0
2019-11-10,258.3,262.47,258.28,262.2,19401290,0.0
2019-11-11,261.55,262.79,260.92,261.98,19425255,0.0
2019-11-12,261.13,264.78,261.07,264.47,24029891,0.0
2019-11-13,263.75,264.88,262.1,262.69,20368211,0.0
2019-11-14,263.68,265.78,263.01,265.75,23136341,0.0
2019-11-17,265.8,267.43,264.23,267.12,18045658,0.0
2019-11-18,267.9,268,265.3926,266.29,14685205,0.0
2019-11-19,265.54,266.083,260.4,263.22,22181038,0.0
2019-11-20,263.71,264.005,261.18,262.01,25411879,0.0
2019-11-21,262.59,263.18,260.84,261.84,14301792,0.0
2019-11-24,262.71,266.44,262.52,266.42,15137109,0.0
2019-11-25,266.94,267.16,262.5,264.1,14856696,0.0
2019-11-26,265.58,267.98,265.31,267.8999,14459464,0.0
2019-11-28,266.6,268,265.9,267.18,8827719,0.0
2019-12-01,267.27,268.25,263.45,264.09,20260941,0.0
2019-12-02,258.31,259.53,256.29,259.52,25772086,0.0
2019-12-03,261.07,263.31,260.68,261.74,14623003,0.0
2019-12-04,263.79,265.89,262.73,265.58,15381351,0.0
2019-12-05,267.48,271,267.3,270.7,23057888,0.0
2019-12-08,270,270.8,264.91,266.92,27858494,0.0
2019-12-09,268.6,270.07,265.86,268.62,20404044,0.0
2019-12-10,268.81,271.1,268.5,270.74,17110774,0.0
2019-12-11,267.79,272.5599,267.321,271.46,30907462,0.0
2019-12-12,271.46,275.3,270.93,275.26,29835265,0.0
2019-12-15,276.99,280.79,276.98,279.86,26824132,0.0
2019-12-16,279.57,281.77,278.8,280.42,24453671,0.0
2019-12-17,279.8,281.9,279.12,279.71,22974624,0.0
2019-12-18,279.61,281.18,278.95,280.03,17776673,0.0
2019-12-19,282.23,282.65,278.56,279.28,34326205,0.0
2019-12-22,280.53,284.25,280.3735,283.97,18929964,0.0
2019-12-23,284.69,284.89,282.9197,284.2762,9678447,0.0
2019-12-25,284.78,289.98,284.7,289.91,20772521,0.0
2019-12-26,291.12,293.97,288.12,289.83,32927275,0.0
2019-12-29,289.46,292.69,285.22,291.647,33920736,0.0
2019-12-30,289.93,293.68,289.52,293.37,21437960,0.0
2020-01-01,296.24,300.6,295.19,300.58,30589026,0.0
2020-01-02,297.15,300.58,296.5,297.38,31609363,0.0
2020-01-05,293.79,299.96,292.75,299.78,27487207,0.0
2020-01-06,299.84,300.9,297.48,298.27,23877417,0.0
2020-01-07,297.16,304.4399,297.156,303.15,29547763,0.0
2020-01-08,307.25,310.43,306.2,309.71,39240341,0.0
2020-01-09,310.6,312.67,308.25,310.37,32981826,0.0
2020-01-12,311.66,317.07,311.15,316.97,28105058,0.0
2020-01-13,316.7,317.57,312.17,312.69,37279469,0.0
2020-01-14,311.85,315.5,309.55,311.5,28107488,0.0
2020-01-15,313.59,315.7,312.09,315.33,24013095,0.0
2020-01-16,316.27,318.74,315,318.67,30204740,0.0
2020-01-20,317.19,319.02,316,316.55,44685529,0.0
2020-01-21,318.75,319.99,317.31,317.7,44852758,0.0
2020-01-22,317.86,319.56,315.65,319.2899,41293070,0.0
2020-01-23,320.25,323.33,317.5188,318.33,67508467,0.0
2020-01-26,310.06,311.77,304.88,308.96,35107297,0.0
2020-01-27,312.6,318.4,312.19,317.76,30754951,0.0
2020-01-28,324.45,327.85,321.38,324.32,47978319,0.0
2020-01-29,320.65,324.09,318.75,323.8762,29370141,0.0
2020-01-30,320.95,322.68,308.29,309.33,46153891,0.0
2020-02-02,304.3,313.49,302.22,308.71,40308612,0.0
2020-02-03,315.31,319.64,313.6345,318.86,30865583,0.0
2020-02-04,323.52,324.4,318.95,321.58,26442843,0.0
2020-02-05,322.57,325.22,320.2648,325.21,23365266,0.0
2020-02-06,322.37,323.4,318,320.04,27107613,0.0
2020-02-09,314.18,321.54,313.85,321.54,23748626,0.0
2020-02-10,323.6,323.9,318.71,319.61,21422946,0.0
2020-02-11,321.62,327.21,321.47,327.2,24425223,0.0
2020-02-12,324.19,326.22,323.35,324.91,21088852,0.0
2020-02-13,324.74,325.98,322.85,324.94,17502899,0.0
2020-02-17,315.36,319.75,314.61,319,34217504,0.0
2020-02-18,320,324.57,320,323.62,19929550,0.0
2020-02-19,322.55,324.65,318.21,320.3,22805445,0.0
2020-02-20,318.62,320.45,310.5,313.03,29739870,0.0
2020-02-23,297.26,304.18,289.23,298.17,49427633,0.0
2020-02-24,300.95,302.53,286.13,288.08,52521891,0.0
2020-02-25,286.53,297.88,286.5,292.69,46094168,0.0
2020-02-26,281.1,286,272.96,273.04,72477356,0.0
2020-02-27,257.26,278.41,256.37,274.64,96710951,0.0
2020-03-01,282.28,301.44,277.72,298.82,78891672,0.0
2020-03-02,303.67,304,285.8,289.31,74214898,0.0
2020-03-03,296.44,303.4,293.13,302.76,49969205,0.0
2020-03-04,295.52,299.55,291.41,292.92,42089988,0.0
2020-03-05,282,290.82,281.23,288.98,51462221,0.0
2020-03-08,263.75,278.09,263,266.09,130952816,0.0
2020-03-09,277.14,286.44,269.37,285.69,65679929,0.0
2020-03-10,277.39,281.22,271.86,275.3,58216000,0.0
2020-03-11,255.94,270,248,248,96606887,0.0
2020-03-12,264.89,279.92,252.95,278.06,83319113,0.0
2020-03-15,241.95,259.08,240,241.47,74222204,0.0
2020-03-16,247.51,257.61,238.4,252.85,151273870,0.0
2020-03-17,239.77,250,237.12,249,62337123,0.0
2020-03-18,247.385,252.84,242.61,244.78,61569852,0.0
2020-03-19,247.18,251.83,228,228.74,83656772,0.0
2020-03-22,228.08,228.4997,212.61,223.43,77575565,0.0
2020-03-23,236.36,247.69,234.3,246.88,64013339,0.0
2020-03-24,250.82,258.25,244.3,245.465,67944382,0.0
2020-03-25,246.52,258.68,246.36,258.48,54641901,0.0
2020-03-26,252.75,255.87,247.05,247.62,45641532,0.0
2020-03-29,250.74,255.52,249.4,254.79,37524398,0.0
2020-03-30,255.6,262.49,252,254.3,41083385,0.0
2020-03-31,246.5,248.72,239.13,240.76,39826068,0.0
2020-04-01,240.34,245.15,236.9,244.93,75974814,0.0
2020-04-02,242.8,245.7,238.9741,241.43,29119767,0.0
2020-04-05,250.9,263.11,249.38,262.285,43802547,0.0
2020-04-06,270.8,271.7,259,259.385,47214898,0.0
2020-04-07,262.74,267.37,261.23,266.04,36519701,0.0
2020-04-08,268.7,270.07,264.7,267.96,37508554,0.0
2020-04-12,268.31,273.7,265.83,273.23,30530102,0.0
2020-04-13,280,288.25,278.05,287.07,88126631,0.0
2020-04-14,282.4,286.33,280.63,284.45,54896950,0.0
2020-04-15,287.38,288.1975,282.3502,286.72,103289014,0.0
2020-04-16,284.69,286.945,276.86,282.74,189543675,0.0
2020-04-19,277.95,281.68,276.85,276.85,86952157,0.0
2020-04-20,276.28,277.25,265.43,268.36,120805673,0.0
2020-04-21,273.61,277.58,272.2,276.09,95665531,0.0
2020-04-22,275.87,281.75,274.87,274.87,55290604,0.0
2020-04-23,277.2,283.01,277,282.95,84909438,0.0
2020-04-26,281.8,284.54,279.95,283.25,52652760,0.0
2020-04-27,285.08,285.83,278.2,278.57,24567863,0.0
2020-04-28,284.73,289.67,283.89,287.83,57520384,0.0
2020-04-29,289.96,294.53,288.35,293.99,34380486,0.0
2020-04-30,286.25,299,285.85,289.07,112571771,0.0
2020-05-03,289.17,293.69,286.3172,293.17,31026388,0.0
2020-05-04,295.06,301,294.46,297.78,68730265,0.0
2020-05-05,300.46,303.24,298.87,300.5,33168366,0.0
2020-05-06,303.22,305.17,301.97,303.75,52106578,0.0
2020-05-07,305.64,310.29,304.29,310.1484,30509246,0.0
2020-05-10,308.1,317.05,307.24,315.005,34252219,0.0
2020-05-11,317.83,319.688,310.91,311.51,72568708,0.0
2020-05-12,312.15,315.95,303.21,307.68,46896514,0.0
2020-05-13,304.51,309.79,301.53,309.7,36192573,0.0
2020-05-14,300.35,307.9,300.21,307.74,38430814,0.0
2020-05-17,313.17,316.5,310.3241,314.89,58756477,0.0
2020-05-18,315.03,318.52,313.01,313.01,23453139,0.0
2020-05-19,316.68,319.52,316.2,319.16,49657449,0.0
2020-05-20,318.66,320.89,315.87,317.04,46099960,0.0
2020-05-21,315.77,319.23,315.35,318.89,37592751,0.0
2020-05-25,323.5,324.24,316.5,316.84,27609402,0.0
2020-05-26,316.14,318.71,313.09,318.08,24944652,0.0
2020-05-27,316.77,323.44,315.63,318.15,28935286,0.0
2020-05-28,319.25,321.15,316.47,318.76,56248101,0.0
2020-05-31,317.75,322.35,317.21,321.76,37704502,0.0
2020-06-01,320.745,323.44,318.93,323.42,37968664,0.0
2020-06-02,324.66,326.1,322.3,325.09,45506089,0.0
2020-06-03,324.39,325.62,320.78,322.25,38930216,0.0
2020-06-04,323.35,331.75,323.23,331.54,29572650,0.0
2020-06-07,330.25,333.5,327.32,333.4402,20899464,0.0
2020-06-08,332.14,345.61,332.01,344.32,66753163,0.0
2020-06-09,347.9,354.77,346.09,352.78,76721048,0.0
2020-06-10,349.31,351.06,335.59,336.08,44058913,0.0
2020-06-11,344.72,347.8,337.63,337.655,26008570,0.0
2020-06-14,333.25,344.8,332.58,342.99,62285020,0.0
2020-06-15,351.46,353.2,344.72,352.26,36742302,0.0
2020-06-16,355.15,355.4,351.09,351.2438,50065784,0.0
2020-06-17,351.41,353.45,349.22,351.59,21375772,0.0
2020-06-18,354.635,356.56,345.15,349.55,90845598,0.0
2020-06-21,351.34,359.46,351.15,358.93,30845663,0.0
2020-06-22,364,372.37,362.2701,366.37,50255788,0.0
2020-06-23,365,368.79,358.52,360.06,44983139,0.0
2020-06-24,360.7,365,357.57,364.88,32015338,0.0
2020-06-25,364.41,365.32,353.02,353.69,40859277,0.0
2020-06-28,353.25,362.1736,351.28,362,29154717,0.0
2020-06-29,360.08,365.98,360,364.6,28884259,0.0
2020-06-30,365.12,367.36,363.91,364.01,25429807,0.0
2020-07-01,367.85,370.47,363.65,364.12,25332853,0.0
