Date,Open,High,Low,Close,Volume,OpenInterest
2016-07-11,97.25,97.79,96.7,97.55,1578451,0.0
2016-07-12,97.97,98.38,97.34,97.34,1620869,0.0
2016-07-13,98.01,98.15,97.46,97.7,1045822,0.0
2016-07-14,98.39,98.4,97.5,97.8,1129649,0.0
2016-07-17,97.74,98.53,97.58,97.8,1116477,0.0
2016-07-18,97.11,98.17,97.001,97.785,1450994,0.0
2016-07-19,98.16,98.89,97.85,98.4,1065730,0.0
2016-07-20,98.12,98.425,96.08,96.34,2047219,0.0
2016-07-21,96.71,98.24,96.09,98.05,1645774,0.0
2016-07-24,97.75,97.75,96.8842,97.35,1275761,0.0
2016-07-25,97.81,98.42,97,97.91,1647924,0.0
2016-07-26,97.59,98.41,97.39,97.93,1328670,0.0
2016-07-27,97.92,98.61,97.57,98.42,1168527,0.0
2016-07-28,98.4,98.55,97.23,97.86,1153189,0.0
2016-07-31,97.75,98.16,97.22,97.73,1057943,0.0
2016-08-01,97.38,97.63,95.42,96.04,1755591,0.0
2016-08-02,96.06,96.68,95.65,96.67,1407517,0.0
2016-08-03,96.5,97.275,96.19,97.1,923154,0.0
2016-08-04,97.36,99.0799,97.15,99.04,1452482,0.0
2016-08-07,98.86,98.95,98.3,98.5,729304,0.0
2016-08-08,98.71,99.22,98.47,98.86,699135,0.0
2016-08-09,99.13,100.99,99.09,100.62,2207599,0.0
2016-08-10,100.85,101.93,100.59,101.68,1835486,0.0
2016-08-11,101.24,101.24,100.06,101.04,1300461,0.0
2016-08-14,101.38,101.63,100.88,100.93,1228903,0.0
2016-08-15,100.52,100.97,99.91,100.6,1271761,0.0
2016-08-16,100.65,100.81,99.4499,99.7,1661353,0.0
2016-08-17,99.6,100.9299,99.6,100.67,1569754,0.0
2016-08-18,100.32,100.605,99.72,100.32,1235110,0.0
2016-08-21,100.32,100.68,99.92,100.24,718956,0.0
2016-08-22,100.46,101.28,100.24,101.14,725948,0.0
2016-08-23,101,101.52,100.69,101.15,1020762,0.0
2016-08-24,101.15,101.79,100.9101,101.7,860263,0.0
2016-08-25,101.68,102.75,101.081,102.06,1234439,0.0
2016-08-28,101.85,102.68,101.4,102.31,774124,0.0
2016-08-29,102.09,102.39,101.51,102.01,946723,0.0
2016-08-30,101.66,102.6,101.58,102.31,1180028,0.0
2016-08-31,102.23,102.97,101.81,102.9,1525036,0.0
2016-09-01,103.49,104.16,102.945,103.57,1292873,0.0
2016-09-05,103.33,103.74,103.09,103.49,1108771,0.0
2016-09-06,103.47,103.51,102.58,103,1020270,0.0
2016-09-07,102.77,102.97,101.62,101.87,1465911,0.0
2016-09-08,100.97,101.28,99.38,99.39,2533911,0.0
2016-09-11,99.18,100.5,99,100.33,1995282,0.0
2016-09-12,99.92,100.32,97.87,98.78,3018161,0.0
2016-09-13,98.95,99.55,98.49,98.79,1528612,0.0
2016-09-14,98.84,100.039,98.49,99.62,2457235,0.0
2016-09-15,99.26,99.67,98.32,98.93,2661388,0.0
2016-09-18,99.21,100.21,99.02,99.67,2852468,0.0
2016-09-19,100.16,100.905,99.72,100.65,2902450,0.0
2016-09-20,106.54,108.22,105.8,107.78,7634415,0.0
2016-09-21,108.13,108.5,107.01,107.92,3163450,0.0
2016-09-22,107.93,108,106.7925,107.48,2465852,0.0
2016-09-25,106.91,107.57,106.53,107.26,1773896,0.0
2016-09-26,106.99,109.7621,106.74,109.71,2594641,0.0
2016-09-27,109.48,109.685,108.82,109.48,2143017,0.0
2016-09-28,109.5,109.57,107.55,107.79,1865363,0.0
2016-09-29,108.14,108.84,107.44,108.54,2412008,0.0
2016-10-02,108.41,108.96,108.16,108.45,1113537,0.0
2016-10-03,108.52,108.94,107.85,108.38,917093,0.0
2016-10-04,108.57,109.33,108.32,108.8,1383292,0.0
2016-10-05,108.72,108.96,108.14,108.58,1028816,0.0
2016-10-06,109.07,109.07,107.6,108.63,954674,0.0
2016-10-09,109.43,110.1289,109.15,109.23,1253009,0.0
2016-10-10,109,109.2,107.04,107.36,1419279,0.0
2016-10-11,108.42,108.42,106.82,108.05,1048454,0.0
2016-10-12,107.13,108.1269,106.53,108.01,1082417,0.0
2016-10-13,108.19,109.1,107.82,107.83,1390321,0.0
2016-10-16,108,108.28,107.39,107.49,658232,0.0
2016-10-17,108.47,108.82,108.01,108.41,975889,0.0
2016-10-18,108.81,108.89,108.15,108.4,913294,0.0
2016-10-19,108.41,109.38,107.55,109.03,1376500,0.0
2016-10-20,108.51,109.17,107.63,109.03,1370920,0.0
2016-10-23,109.63,111.09,109.35,110.79,1522068,0.0
2016-10-24,110.76,110.76,108.95,109.03,1302060,0.0
2016-10-25,108.74,108.82,107.59,107.98,1173553,0.0
2016-10-26,108.47,108.66,106.69,107.07,1472541,0.0
2016-10-27,107.08,108.32,107.05,107.6,1474599,0.0
2016-10-30,108.02,108.29,107.04,107.52,1127376,0.0
2016-10-31,107.79,107.97,106.0406,106.87,1463866,0.0
2016-11-01,106.85,106.95,105.57,105.89,1497247,0.0
2016-11-02,106.52,108.16,106.48,107.18,2751137,0.0
2016-11-03,106.6,107.09,105.6,106.2,2011436,0.0
2016-11-06,107.66,108.97,107.37,108.66,2193803,0.0
2016-11-07,108.68,109.16,107.93,108.39,1913330,0.0
2016-11-08,105.56,108.05,104.52,107.86,2848385,0.0
2016-11-09,108.08,108.26,101.66,104.08,6225174,0.0
2016-11-10,103.62,104.4699,102.62,103.69,2873131,0.0
2016-11-13,104.15,104.49,101.77,102.42,2377073,0.0
2016-11-14,103.14,104.76,102.55,103.66,1861223,0.0
2016-11-15,103.61,104.4,102.96,104.08,1969304,0.0
2016-11-16,103.77,105.93,103.4801,105.81,1961591,0.0
2016-11-17,106.19,106.8,104.72,105,1732391,0.0
2016-11-20,105.56,106.141,105.14,105.64,1341253,0.0
2016-11-21,105.85,106,105.04,105.21,1177618,0.0
2016-11-22,105.42,105.56,103.98,104.21,1547212,0.0
2016-11-24,104.17,105.03,103.9,105.02,681693,0.0
2016-11-27,104.81,105.15,104.09,104.5,1084721,0.0
2016-11-28,104.48,105.98,104.26,104.96,1729683,0.0
2016-11-29,104.98,105.46,102.8,102.81,2351720,0.0
2016-11-30,102.84,102.92,98.87,99.51,4156344,0.0
2016-12-01,99.52,100.145,98,99.73,2783449,0.0
2016-12-04,100.46,102.52,100.16,101.96,1698058,0.0
2016-12-05,101.99,101.99,100.71,101.56,1520260,0.0
2016-12-06,100.89,103.51,100.89,103.36,1923056,0.0
2016-12-07,103.36,104.07,102.54,103.49,1342534,0.0
2016-12-08,104,104.5,103.42,104.31,2015515,0.0
2016-12-11,104.62,105.24,103.52,105.15,2138732,0.0
2016-12-12,105.74,107.6,105.62,106.15,2620218,0.0
2016-12-13,106.3,106.79,105.44,105.82,2476134,0.0
2016-12-14,106.33,106.48,104.6,105.09,4362456,0.0
2016-12-15,107.7,107.8,101.91,103.55,6978850,0.0
2016-12-18,103.66,106.08,103.41,105.29,2964311,0.0
2016-12-19,105.5,105.88,104.76,105.78,1778104,0.0
2016-12-20,105.74,106.06,104.48,105.51,2125884,0.0
2016-12-21,105.12,105.1455,103.95,104.73,1269124,0.0
2016-12-22,104.61,105.42,104.61,105.02,752150,0.0
2016-12-26,105,105.9,104.86,104.98,750778,0.0
2016-12-27,104.83,105.16,103.5,103.77,1121747,0.0
2016-12-28,103.63,104.3911,103.41,103.69,804409,0.0
2016-12-29,104.07,104.22,102.47,102.95,1347453,0.0
2017-01-02,103.43,104.03,102.81,103.48,1732274,0.0
2017-01-03,103.74,104.37,103.495,104.14,1244868,0.0
2017-01-04,104.13,106.02,103.77,105.91,1946642,0.0
2017-01-05,105.98,108.43,105.25,108.3,2035458,0.0
2017-01-08,107.96,108.79,107.56,108.57,2095251,0.0
2017-01-09,108.57,108.79,107.61,108.26,2434865,0.0
2017-01-10,108.23,109.05,108,108.98,1282159,0.0
2017-01-11,107.99,108.74,107.16,108.59,1232099,0.0
2017-01-12,108.84,108.9,107.98,108.52,1205638,0.0
2017-01-16,107.79,108.05,107.06,108,1254588,0.0
2017-01-17,108.5,109.17,107.53,108.79,1995052,0.0
2017-01-18,108.63,109.98,108.04,109.79,2536278,0.0
2017-01-19,110.02,110.81,109.57,110.73,2460771,0.0
2017-01-22,110.71,111.92,110.3,110.97,2040542,0.0
2017-01-23,111.46,114.17,111.34,113.72,2962459,0.0
2017-01-24,113.79,114.57,113.29,114.26,3277172,0.0
2017-01-25,113.79,114.44,112.73,112.88,2257753,0.0
2017-01-26,113.07,114.01,112.75,114,1325391,0.0
2017-01-29,113.22,113.87,112.26,113.8,1680317,0.0
2017-01-30,113.22,113.75,112.695,113.4,1136339,0.0
2017-01-31,113.31,113.64,112.6807,113.36,1407238,0.0
2017-02-01,112.82,113.58,112.27,113.16,1261618,0.0
2017-02-02,113.55,115.45,113.42,115.17,1988913,0.0
2017-02-05,114.68,114.825,113.2901,114.45,1221764,0.0
2017-02-06,114.83,115.19,114.54,114.95,1260878,0.0
2017-02-07,115,116.38,114.451,116.13,2050677,0.0
2017-02-08,116.26,116.9,116.02,116.43,1199480,0.0
2017-02-09,116.51,116.94,115.03,116.85,2004446,0.0
2017-02-12,117.03,117.94,116.2,117.65,1476002,0.0
2017-02-13,117.65,117.79,116.67,117.58,1123378,0.0
2017-02-14,117.33,119.09,117.07,118.73,1216628,0.0
2017-02-15,118.84,119.47,118.47,118.93,1245323,0.0
2017-02-16,118.79,119.72,118.24,119.67,1399958,0.0
2017-02-20,119.73,120.169,119.31,119.63,1453863,0.0
2017-02-21,119.67,119.89,118.85,119.47,1522544,0.0
2017-02-22,120.06,120.15,118.03,118.82,1803217,0.0
2017-02-23,118.35,119.32,117.83,119.31,1427930,0.0
2017-02-26,119.02,119.19,118.07,118.78,1144173,0.0
2017-02-27,118.89,118.89,118.02,118.34,1252234,0.0
2017-02-28,119.24,120.57,118.38,120.34,1678660,0.0
2017-03-01,120.09,120.12,119.28,119.89,1320343,0.0
2017-03-02,119.83,120.13,119.48,120.03,913077,0.0
2017-03-05,119.73,120.48,119.37,120.13,1501136,0.0
2017-03-06,120.06,120.69,119.69,119.98,1370920,0.0
2017-03-07,120.21,120.66,119.35,119.61,2282802,0.0
2017-03-08,119.82,120.26,119.11,119.92,1433361,0.0
2017-03-09,120.57,121.37,120.241,121.09,1716323,0.0
2017-03-12,121.11,121.96,120.89,121.8,1178589,0.0
2017-03-13,121.65,121.99,120.62,121.43,985992,0.0
2017-03-14,122,122.42,120.9,122.11,1685932,0.0
2017-03-15,123.25,123.6,121.525,122.3599,2713418,0.0
2017-03-16,128.45,130.3,126.94,127.01,7053322,0.0
2017-03-19,126.99,128.09,125.79,126.33,2442920,0.0
2017-03-20,126.64,127.36,124.96,125.07,2134634,0.0
2017-03-21,124.98,126.94,124.51,126.21,2694891,0.0
2017-03-22,126.2,127.25,126.01,126.87,1600556,0.0
2017-03-23,127.86,129,127.05,127.7,2199747,0.0
2017-03-26,127.48,128.837,126.36,128.26,1605309,0.0
2017-03-27,127.81,129.28,127.81,128.69,1577479,0.0
2017-03-28,128.4,129.63,128.2,129.59,1628342,0.0
2017-03-29,129.55,130.28,129.3,129.61,1665090,0.0
2017-03-30,129.57,130.69,129.4,130.14,1381277,0.0
2017-04-02,129.585,130.7499,128.88,129.58,1628500,0.0
2017-04-03,129.47,130.372,129.02,130.03,1448216,0.0
2017-04-04,130.58,131.33,129.375,129.86,2094576,0.0
2017-04-05,129.86,130.22,129.16,130.15,1343666,0.0
2017-04-06,130.15,130.67,129.52,130.22,1725616,0.0
2017-04-09,130.32,130.38,129.47,130.15,1488456,0.0
2017-04-10,129.91,130.165,128.21,129.96,1753558,0.0
2017-04-11,129.96,129.96,128.72,129.38,1628925,0.0
2017-04-12,129.63,130.42,129.06,129.06,1319507,0.0
2017-04-16,129.69,130.36,129.11,129.99,970358,0.0
2017-04-17,129.74,130.23,129.48,129.81,1013551,0.0
2017-04-18,129.9,130.98,129.82,130.2,1319592,0.0
2017-04-19,130.7,131.99,130.28,131.42,1460417,0.0
2017-04-20,131.84,131.97,131.03,131.52,1326489,0.0
2017-04-23,132.94,133.1799,132.17,132.88,1241645,0.0
2017-04-24,133.44,133.72,132.88,133.48,1840916,0.0
2017-04-25,133.5,133.8,132.42,132.8,1090723,0.0
2017-04-26,133.13,134.25,132.76,133.38,1212273,0.0
2017-04-27,133.32,133.92,132.67,133.74,1146077,0.0
2017-04-30,134.3,135.34,133.71,135.12,1081590,0.0
2017-05-01,135.54,135.7,134.75,135,1680744,0.0
2017-05-02,134.99,135.21,134.38,134.85,1421788,0.0
2017-05-03,135.13,135.35,134.405,134.61,1369924,0.0
2017-05-04,135.19,135.19,134.19,134.84,1268607,0.0
2017-05-07,135.36,135.385,134.22,135.11,1139840,0.0
2017-05-08,135.33,135.62,134.9,135.59,1241912,0.0
2017-05-09,135.86,136.745,135.51,136.15,1346616,0.0
2017-05-10,135.98,136.31,135.395,136.29,991028,0.0
2017-05-11,136.45,137.38,135.885,136.84,1249616,0.0
2017-05-14,137.13,137.71,136.83,137.6,2712957,0.0
2017-05-15,138.06,138.39,137.6,138.02,1868010,0.0
2017-05-16,137.2,137.32,134.2401,134.31,2503980,0.0
2017-05-17,132.89,134.85,130.82,134.53,2926769,0.0
2017-05-18,135.18,136.61,134.34,136.42,3063835,0.0
2017-05-21,137.38,139.19,136.58,138.88,1721312,0.0
2017-05-22,139.16,139.95,138.7,139.55,1542099,0.0
2017-05-23,140.18,141.25,139.81,141.13,1231858,0.0
2017-05-24,141.86,143.48,141.8,142.85,1313120,0.0
2017-05-25,142.93,143.1,141.6744,141.89,1144273,0.0
2017-05-29,141.76,142.56,141.501,142.41,1040950,0.0
2017-05-30,142.93,143.19,141.41,141.88,1899819,0.0
2017-05-31,141.64,142.49,140.93,141.38,1852889,0.0
2017-06-01,142.12,143.57,141.86,143.49,2086075,0.0
2017-06-04,144.14,144.34,143.51,143.58,1209180,0.0
2017-06-05,143.35,144.17,142.73,143.03,1575629,0.0
2017-06-06,143.33,143.77,142.4501,143.62,1082459,0.0
2017-06-07,143.67,143.97,141.74,142.62,2101668,0.0
2017-06-08,143.14,143.585,135.76,138.05,3020272,0.0
2017-06-11,133.75,138.64,131.2001,137.24,5392563,0.0
2017-06-12,138.79,139.86,138.09,139.08,2054442,0.0
2017-06-13,139.29,140.848,136.41,138.25,2042027,0.0
2017-06-14,136.69,137.9,134.45,137.54,2101797,0.0
2017-06-15,137.35,138.35,136.29,137.84,2620308,0.0
2017-06-18,138.79,141.47,138.635,140.34,3540503,0.0
2017-06-19,141.21,142.3,140.19,140.9,3789615,0.0
2017-06-20,145.08,147.45,142.75,144.24,6738579,0.0
2017-06-21,145.24,145.772,143.66,143.69,2447120,0.0
2017-06-22,143.75,145.59,143.06,145.41,2013663,0.0
2017-06-25,146.06,146.89,144.36,144.98,1979422,0.0
2017-06-26,144.33,144.81,142.537,142.54,1974288,0.0
2017-06-27,143.18,144.08,141.15,143.79,1895324,0.0
2017-06-28,143.06,143.2,139.65,141.18,1965840,0.0
2017-06-29,141.72,142.81,140.74,141.43,1484785,0.0
2017-07-02,141.75,142.15,138.31,138.35,1266755,0.0
2017-07-04,138.65,141.97,138.58,141.21,1593773,0.0
2017-07-05,139.73,141.18,138.88,140.75,1289585,0.0
2017-07-06,141.07,143.36,140.97,142.21,1028939,0.0
2017-07-09,142.21,143.88,141.57,143.36,1035123,0.0
2017-07-10,142.95,143.98,142.1201,142.92,1136862,0.0
2017-07-11,144,146.19,143.795,145.92,1245076,0.0
2017-07-12,145.91,146.48,144.935,145.05,891598,0.0
2017-07-13,145.59,146.48,145.22,146.18,905187,0.0
2017-07-16,146.16,146.73,145.39,146.4,986275,0.0
2017-07-17,146.47,147.96,145.37,147.89,1149045,0.0
2017-07-18,147.88,149.32,147.4998,148.9,1279338,0.0
2017-07-19,149.1,150.1,148.35,149.94,1103505,0.0
2017-07-20,149.3,150.4,148.9102,149.52,1127446,0.0
2017-07-23,149.37,149.95,149.035,149.57,969019,0.0
2017-07-24,149.82,149.82,148.14,148.21,1122057,0.0
2017-07-25,148.62,149.83,148.42,149.78,851729,0.0
2017-07-26,149.87,150.37,144.28,146.24,2188698,0.0
2017-07-27,145.77,147.24,144.5,146.73,922039,0.0
2017-07-30,146.33,146.91,145.06,146.5,1355205,0.0
2017-07-31,147.15,147.65,146.52,147.36,1108487,0.0
2017-08-01,147.46,147.57,144.52,147.13,1446829,0.0
2017-08-02,147.47,147.98,145.68,147.8,1009820,0.0
2017-08-03,148.25,148.62,147.27,147.7,1011391,0.0
2017-08-06,147.74,148.9,147.54,148.41,1077044,0.0
2017-08-07,148.14,148.86,146.36,147.8,1044204,0.0
2017-08-08,146.68,148.4986,146.5,148.3,803293,0.0
2017-08-09,147.23,147.74,144.72,144.94,1268897,0.0
2017-08-10,145.65,147.1,144.18,146.48,940385,0.0
2017-08-13,147.81,149.5,147.56,149.13,750259,0.0
2017-08-14,149.56,150.65,148.41,150.35,771217,0.0
2017-08-15,150.7,151.99,149.76,151.82,1054852,0.0
2017-08-16,151.66,151.72,148.19,148.23,1465876,0.0
2017-08-17,147.74,148.6862,147.12,147.96,1219380,0.0
2017-08-20,148.05,149.33,147.57,149.25,900223,0.0
2017-08-21,150.14,152.59,150.14,152.24,1376206,0.0
2017-08-22,152.18,152.18,150.75,151.1,927610,0.0
2017-08-23,151.22,151.83,149.17,150.82,929107,0.0
2017-08-24,152,153,150.92,151.45,800938,0.0
2017-08-27,151.87,152.5,151.19,151.79,572482,0.0
2017-08-28,150.55,152.76,150.01,152.16,705061,0.0
2017-08-29,152.05,154.26,151.89,153.73,1014275,0.0
2017-08-30,154.36,155.36,154.35,155.17,1228471,0.0
2017-08-31,155.76,156.06,154.38,155.06,870026,0.0
2017-09-04,154.83,155.41,153.31,154.28,849535,0.0
2017-09-05,154.95,155.555,153.61,153.74,860825,0.0
2017-09-06,154.49,155.885,153.64,155.49,1042886,0.0
2017-09-07,155.24,155.88,154.29,155.37,1032143,0.0
2017-09-10,156.59,157.89,156.38,156.87,1227888,0.0
2017-09-11,156.76,157.2152,154.92,156.31,1220546,0.0
2017-09-12,155.8,156.7,155.39,156.17,859551,0.0
2017-09-13,155.37,156.2,154.68,154.91,1110645,0.0
2017-09-14,154.77,155.19,153.56,154.43,1891730,0.0
2017-09-17,155.01,156.3,154.37,155.78,1980656,0.0
2017-09-18,156.3,157.05,155.81,156.67,2780119,0.0
2017-09-19,151.98,152.4,149,149.92,7520023,0.0
2017-09-20,150.38,151.25,148.3,149.38,3622890,0.0
2017-09-21,148.69,149.5,147.85,148.4,2253938,0.0
2017-09-24,148.39,148.71,143.95,144.58,3715748,0.0
2017-09-25,145.55,146.35,143.96,145.4,2444063,0.0
2017-09-26,146.2,147.09,145.7535,146.43,1965881,0.0
2017-09-27,146.06,147.32,145.3914,146.83,1164743,0.0
2017-09-28,146.69,149.28,146.6,149.19,1414299,0.0
2017-10-01,149.79,150.48,147.52,147.93,1724110,0.0
2017-10-02,148.25,148.8,147.985,148.61,1355624,0.0
2017-10-03,148.21,148.46,146.6,147.94,1585693,0.0
2017-10-04,148.49,150.45,147.71,150.25,1720821,0.0
2017-10-05,149.96,151.36,149.5301,151.1,1346001,0.0
2017-10-08,150.76,151.57,150.25,151.5,1006979,0.0
2017-10-09,152,152.86,151.32,152.16,1997937,0.0
2017-10-10,152.09,154,151.35,153.64,1853201,0.0
2017-10-11,153.72,154.85,153.39,153.6,1846524,0.0
2017-10-12,153.96,154.59,153.06,153.95,1612467,0.0
2017-10-15,151.15,153.07,149.2811,150.46,3020654,0.0
2017-10-16,150.52,150.93,148.15,150.37,2844144,0.0
2017-10-17,150.33,153.43,149.03,153.01,2756096,0.0
2017-10-18,165.5,172.15,164.42,171.74,10123024,0.0
2017-10-19,171.5,175.87,171.355,175.61,4822915,0.0
2017-10-22,175.68,175.85,171.83,172.23,2372678,0.0
2017-10-23,171.47,172.49,170.491,171.58,1673960,0.0
2017-10-24,170.27,173.41,170.035,171.85,1991631,0.0
2017-10-25,172.06,175.02,172.02,173.75,1909097,0.0
2017-10-26,174.09,177.58,174.02,177.3199,2040669,0.0
2017-10-29,176.89,177.48,174.45,175.97,1242686,0.0
2017-10-30,176.16,176.73,174.52,175.17,1587157,0.0
2017-10-31,176.59,176.94,174.7,176.18,1290326,0.0
2017-11-01,178.02,181.48,175.8,180.94,2400396,0.0
2017-11-02,181.41,182.74,179.64,182.24,1649784,0.0
2017-11-05,182.01,182.29,180.54,180.8,1254334,0.0
2017-11-06,181.23,181.78,180.11,180.89,1333341,0.0
2017-11-07,181.19,184.44,181.06,184.03,1235907,0.0
2017-11-08,182.88,183.079,179.03,181.91,2120758,0.0
2017-11-09,181,182.06,179.83,181.73,1333612,0.0
2017-11-12,180.5,182.32,179.75,181.87,921311,0.0
2017-11-13,181.98,182.17,180.31,181.31,1027338,0.0
2017-11-14,180.92,181.7275,179.6043,180.09,1440037,0.0
2017-11-15,181.18,182.44,180.58,182.29,1309978,0.0
2017-11-16,182.24,182.9105,181.135,182.21,985377,0.0
2017-11-19,182.8,183.43,181.34,182.37,793061,0.0
2017-11-20,183.75,185.55,182.835,184.15,1312831,0.0
2017-11-21,184.32,184.5,182.62,182.9,985347,0.0
2017-11-23,182.96,184.71,182.96,184.46,447824,0.0
2017-11-26,184.83,185.84,184.09,185,833576,0.0
2017-11-27,185.62,186.27,184.37,185.41,1050366,0.0
2017-11-28,183.87,184.73,175.31,176.9,3151060,0.0
2017-11-29,178.36,181.67,176.5501,181.42,1916771,0.0
2017-11-30,179.51,182,177.13,179.5,2121033,0.0
2017-12-03,180.34,180.62,168.43,168.44,4475269,0.0
2017-12-04,167.69,171.78,165.68,167.54,3616675,0.0
2017-12-05,166.79,173.96,165.75,173.51,2570815,0.0
2017-12-06,173.46,175.9,172.13,174.64,1479423,0.0
2017-12-07,177.08,177.2,173.17,173.57,1464739,0.0
2017-12-10,173.77,174.98,173.2,174.3,1987615,0.0
2017-12-11,172.86,174.13,170.43,172.57,2393491,0.0
2017-12-12,173.5,177.42,173.29,176.82,2680112,0.0
2017-12-13,178.26,178.72,174.98,175.065,3092500,0.0
2017-12-14,179.09,179.98,174.3004,177.49,6766170,0.0
2017-12-17,178.42,179.15,175.31,176.76,2324960,0.0
2017-12-18,176.89,176.89,174.23,174.96,1843683,0.0
2017-12-19,176,176,172.92,174.25,1857828,0.0
2017-12-20,174.05,175.32,174,174.56,1545430,0.0
2017-12-21,173.99,175.1,173.75,175.03,1152381,0.0
2017-12-25,174.36,174.64,173.03,174.46,616246,0.0
2017-12-26,174.65,175.44,173.97,175.32,937967,0.0
2017-12-27,175.92,176,174.85,175.55,675460,0.0
2017-12-28,175.19,176.97,175.1,175.3,1015945,0.0
2018-01-01,175.9,177.8,175.26,177.69,1590455,0.0
2018-01-02,178,181.89,177.7,180.98,1639944,0.0
2018-01-03,181.93,184.0599,181.64,183.21,1505086,0.0
2018-01-04,185,185.9,183.54,185.35,1364531,0.0
2018-01-07,184.95,185.599,183.83,185.02,1086300,0.0
2018-01-08,185.57,186.97,183.9314,186.73,1248244,0.0
2018-01-09,185.21,187.27,185.073,187.13,1054302,0.0
2018-01-10,187.29,188.94,186.185,188.89,1075604,0.0
2018-01-11,189.09,195.5,188.99,195.03,3009693,0.0
2018-01-15,195.99,198.21,191.71,192.46,3408927,0.0
2018-01-16,194.22,197.12,192.77,196.49,1865241,0.0
2018-01-17,196.21,196.586,194.06,196.2,1574382,0.0
2018-01-18,196.24,196.63,194.65,195.73,1410542,0.0
2018-01-21,195.7,198,194.69,197.84,1046985,0.0
2018-01-22,202.29,204.45,199.44,200.06,2786244,0.0
2018-01-23,201.82,202.3,196.52,197.81,2241242,0.0
2018-01-24,198.08,199.244,196.07,197.51,1800440,0.0
2018-01-25,198.5,201.55,198.25,201.23,1486246,0.0
2018-01-28,200.11,200.86,197.87,198.23,1237268,0.0
2018-01-29,197.48,197.73,194.89,196.91,2398602,0.0
2018-01-30,197.07,200.96,196.75,199.82,1639159,0.0
2018-01-31,199.12,201.75,198.0845,199.38,1532011,0.0
2018-02-01,197.33,199.4,195.44,195.63,1410466,0.0
2018-02-04,194.06,198.46,188,190.27,2332614,0.0
2018-02-05,186.59,194.82,182.1,194.52,3130162,0.0
2018-02-06,193.87,196.24,192.02,192.36,1714797,0.0
2018-02-07,192.84,192.97,185.02,185.13,2787167,0.0
2018-02-08,187.33,189.71,179.34,187.82,2638345,0.0
2018-02-11,189,192.99,188.56,192.16,1875304,0.0
2018-02-12,190.85,194.31,190.39,193.43,1388152,0.0
2018-02-13,192.48,197.5,191.95,197.13,1500129,0.0
2018-02-14,198.97,203.28,197.13,202.97,1531932,0.0
2018-02-15,202.52,203.9,200.74,201.5575,1481609,0.0
2018-02-19,200.46,205.115,199.18,203.02,1901841,0.0
2018-02-20,204.45,206.83,202.02,202.09,1248491,0.0
2018-02-21,203.12,204.22,201.68,202.67,977979,0.0
2018-02-22,204.22,209.78,203.31,209.73,1515608,0.0
2018-02-25,211.18,212.35,209.261,212.14,1652267,0.0
2018-02-26,211.99,212.76,208.25,208.82,1520367,0.0
2018-02-27,210.69,213.44,209.1,209.13,1274148,0.0
2018-02-28,210.32,210.6834,204.45,205.94,1744775,0.0
2018-03-01,203.7,210.21,201.76,209.78,1757061,0.0
2018-03-04,208.75,212,206.92,211.15,1365297,0.0
2018-03-05,212.44,212.74,209.88,212.01,1358627,0.0
2018-03-06,211.33,217.44,211.0033,216.9,1889355,0.0
2018-03-07,218.03,219.71,214.86,216.41,1561100,0.0
2018-03-08,218,221.27,217.19,221.15,1747648,0.0
2018-03-11,222.97,223.11,220.34,221.02,1957205,0.0
2018-03-12,223,224.9,218.43,219.77,3804277,0.0
2018-03-13,220.75,221.46,217.6,218.45,2354573,0.0
2018-03-14,220,221.47,218.061,218.999,2905120,0.0
2018-03-15,227.18,228.88,224,225.55,6551326,0.0
2018-03-18,224.35,226.59,218.68,222.19,2686428,0.0
2018-03-19,223.19,231.34,223,229.75,3807264,0.0
2018-03-20,228.76,229.25,225.61,226.93,2814158,0.0
2018-03-21,223.86,225.87,220.255,220.52,1886446,0.0
2018-03-22,219.58,222.455,214.78,215,2951677,0.0
2018-03-25,219,229.15,218.5,228.91,3326389,0.0
2018-03-26,229.95,230.98,212.25,213.85,3769391,0.0
2018-03-27,213.92,217.15,209.04,212.57,3344319,0.0
2018-03-28,213.56,219.59,210.2737,216.09,2388559,0.0
2018-04-01,214.62,216.5,207.22,212.27,2232174,0.0
2018-04-02,214.78,217.8549,212.28,215.93,2046931,0.0
2018-04-03,210.71,226.28,210.5,225.03,3165763,0.0
2018-04-04,227.94,228.8,221.605,223.52,2927493,0.0
2018-04-05,221.89,224.46,216.7471,218.6,1876038,0.0
2018-04-08,220.08,224.437,218.82,219.15,1546593,0.0
2018-04-09,222.61,225.16,221.181,224.599,1963028,0.0
2018-04-10,222.93,226.62,222.54,223.64,1132810,0.0
2018-04-11,225.72,228.39,225.115,226.94,1210491,0.0
2018-04-12,228.53,228.95,222.55,224.07,1332637,0.0
2018-04-15,226.08,227.23,222.9535,226.45,1280959,0.0
2018-04-16,228.56,232.21,228.07,231.17,1939037,0.0
2018-04-17,231.7,233.1713,228.62,231.12,1537445,0.0
2018-04-18,229.99,230.43,226.28,227.62,1863430,0.0
2018-04-19,227,227.6,223.05,225.23,1585277,0.0
2018-04-22,226.39,229.15,224.75,225.32,1404117,0.0
2018-04-23,227,228.3,215.778,217.89,2145132,0.0
2018-04-24,218.16,219.4,213.25,217.44,1801625,0.0
2018-04-25,219.75,223.19,218.851,222,1427117,0.0
2018-04-26,223.08,224.18,219.68,221.89,953298,0.0
2018-04-29,223.27,224.14,219.538,221.6,955269,0.0
2018-04-30,220.77,224.49,219.38,224.07,1143574,0.0
2018-05-01,224.3,224.5,220.55,221.09,1314038,0.0
2018-05-02,220.01,227.37,218.7396,226.05,1612600,0.0
2018-05-03,224.26,229.39,223.39,228.5,1051723,0.0
2018-05-06,229.69,232.36,229.02,230.98,1195459,0.0
2018-05-07,229.64,234.9971,228.75,234.56,1314430,0.0
2018-05-08,235.09,240.15,233.525,239.72,2044656,0.0
2018-05-09,240.46,241.76,238.24,241.16,1231364,0.0
2018-05-10,241.03,241.93,238.7901,241.88,1363454,0.0
2018-05-13,241.95,243.34,237.24,238.2679,1689233,0.0
2018-05-14,235.51,237.345,233,236.63,1367504,0.0
2018-05-15,236.59,238.12,235.8396,237.38,1258828,0.0
2018-05-16,237.32,239.665,234.8288,236.85,1067300,0.0
2018-05-17,236.24,239.28,235.2581,238.09,1045874,0.0
2018-05-20,239.85,240.78,237.11,238.07,968449,0.0
2018-05-21,240.57,243.49,237.76,238.8,2070943,0.0
2018-05-22,236.75,244.09,236,244.01,1722421,0.0
2018-05-23,243.79,245.9,240.7218,245.15,1964376,0.0
2018-05-24,245,245.79,242.87,243.46,1314746,0.0
2018-05-28,242.6,243.385,240.38,242.12,1183966,0.0
2018-05-29,244.28,248.56,244.28,247.41,1516212,0.0
2018-05-30,247.14,251.52,246.58,249.28,1882006,0.0
2018-05-31,250.55,251.83,248.8486,251.31,1904468,0.0
2018-06-03,252.85,254.72,251.1,253.33,2124049,0.0
2018-06-04,254,254.06,251.11,252.75,1714393,0.0
2018-06-05,253.75,254.07,251.5,254.07,2884089,0.0
2018-06-06,253.24,254.05,244.03,247.53,2691499,0.0
2018-06-07,246.86,251.66,245.83,251.19,1895664,0.0
2018-06-10,251.85,253.48,250.125,250.98,1823786,0.0
2018-06-11,252.65,254.8,251.13,252.6,2306870,0.0
2018-06-12,253.7,257.9,253.65,256.13,2302572,0.0
2018-06-13,257.17,258.9102,256.58,258.21,3022701,0.0
2018-06-14,252.09,253.87,247.52,251.94,5828001,0.0
2018-06-17,250.51,256.77,249.8,255.69,2569238,0.0
2018-06-18,251.83,253.65,247.9,251.76,2131711,0.0
2018-06-19,253.5,254.8,250.98,251.21,1631447,0.0
2018-06-20,252,252.719,247.57,248.85,1319254,0.0
2018-06-21,248.11,248.7999,243.26,243.62,2592970,0.0
2018-06-24,240.09,241.96,235.87,239.76,3147133,0.0
2018-06-25,240.67,244.23,239.66,242.25,2017279,0.0
2018-06-26,243.46,244.9797,237.51,237.69,2217195,0.0
2018-06-27,236.59,241.8186,236.4385,239.81,1457362,0.0
2018-06-28,241.88,245.49,241.5,243.59,2283048,0.0
2018-07-01,241.05,243.33,239.6,243.27,3094788,0.0
2018-07-02,244.55,245.94,241.67,242.01,839677,0.0
2018-07-04,243.04,244.62,242.14,244.18,1099068,0.0
2018-07-05,244.48,248.72,243.22,248.22,1085594,0.0
2018-07-08,249.9,250.66,246.37,249.76,1372673,0.0
2018-07-09,250.47,250.8464,248.21,248.63,1144907,0.0
2018-07-10,246.22,249.74,245.85,248.2,941289,0.0
2018-07-11,249.94,255.05,249.38,254.88,1596491,0.0
2018-07-12,254.64,259.51,253.4901,258.57,2934800,0.0
2018-07-15,258.63,259.04,253.83,254.8,1443797,0.0
2018-07-16,252.68,258.68,250.71,258.37,1726141,0.0
2018-07-17,257.86,260.94,256.54,259.78,1640901,0.0
2018-07-18,258,259.6,256.36,257.65,1209471,0.0
2018-07-19,258.17,259.45,256.74,257.62,1318232,0.0
2018-07-22,257.58,260.14,256.38,259.49,1151272,0.0
2018-07-23,261.04,262.7275,255.932,257.48,1653246,0.0
2018-07-24,258.35,263.5,257.83,263.17,1936851,0.0
2018-07-25,261.92,263.83,258.4916,261.87,2096207,0.0
2018-07-26,262.05,262.8646,253.05,254.78,2856390,0.0
2018-07-29,254.42,254.76,240.1,242.39,5167957,0.0
2018-07-30,244.93,246.7999,241.16,244.73,2129144,0.0
2018-07-31,245,248.76,244.24,248.02,2641335,0.0
2018-08-01,245.67,252.57,245,252.22,1852087,0.0
2018-08-02,252.575,254.39,249.48,253.25,1589447,0.0
2018-08-05,252.74,254.8799,251.54,254.11,1372702,0.0
2018-08-06,254.5,255.16,252.16,253.39,1723379,0.0
2018-08-07,252.95,254.57,251.63,253.83,1453449,0.0
2018-08-08,254.55,255.75,253.39,253.8,1753737,0.0
2018-08-09,252,254.97,251.5,253.66,1534730,0.0
2018-08-12,254.16,256.6,253.3,253.64,1229489,0.0
2018-08-13,254.38,256.25,252.09,256.05,1268305,0.0
2018-08-14,253.8,255.83,248.02,250.51,2382456,0.0
2018-08-15,252.79,253.3,248.1,248.93,2092686,0.0
2018-08-16,248.39,249.22,243.71,245.76,1829818,0.0
2018-08-19,246.08,250.37,246,249.76,2455232,0.0
2018-08-20,250.45,253.33,250.36,251.5,1971217,0.0
2018-08-21,250.59,256.16,250.36,255.55,1522239,0.0
2018-08-22,254.62,258.329,254.47,257.09,1384574,0.0
2018-08-23,258.33,263.39,258.33,261.51,3433924,0.0
2018-08-26,263,263.7,259.39,262.41,1946970,0.0
2018-08-27,263.7,263.7,261.03,263.05,1589799,0.0
2018-08-28,263,269.96,262.56,268.35,2538662,0.0
2018-08-29,266.72,269.05,265.5,266.48,2018302,0.0
2018-08-30,265.55,266.8331,263.2,263.54,2119679,0.0
2018-09-03,263.67,266.93,262.3,266.68,1979743,0.0
2018-09-04,265.61,266.1597,254.54,256.14,3833567,0.0
2018-09-05,256.95,260.27,255.14,259.76,2480002,0.0
2018-09-06,258,263.67,257.12,260.91,2409439,0.0
2018-09-09,264.27,265.93,260.79,265.37,2276023,0.0
2018-09-10,265.3,268.6,263.31,267.05,2590710,0.0
2018-09-11,267.83,270.94,266.448,267.77,2723862,0.0
2018-09-12,267.13,270,265.01,268.49,3317046,0.0
2018-09-13,269.45,277.61,268,274.69,5817504,0.0
2018-09-16,274.955,275.78,267.68,268.25,2942673,0.0
2018-09-17,267.72,273.78,267.22,270.79,2160985,0.0
2018-09-18,270.21,271.6791,263.6139,264.88,2346489,0.0
2018-09-19,266.87,269.54,264.1892,266.34,2461460,0.0
2018-09-20,264.901,267.5,260.24,260.9,3383208,0.0
2018-09-23,259.54,264.57,257.07,264.08,2004953,0.0
2018-09-24,264.85,268.43,264.2009,267.84,1799021,0.0
2018-09-25,269.32,270.68,266.66,268.47,1862547,0.0
2018-09-26,270.63,272.42,269.26,269.91,1645315,0.0
2018-09-27,269.64,272.26,268.96,269.95,2560944,0.0
2018-09-30,271.62,276.63,271.61,275.49,3467385,0.0
2018-10-01,274.94,277.03,271.85,272,2974450,0.0
2018-10-02,273.5201,273.9,269.76,270.51,2523250,0.0
2018-10-03,270.345,270.4,260.5364,263.76,2962655,0.0
2018-10-04,263.96,266.1,258.31,263.21,2457135,0.0
2018-10-07,261.84,263.4564,248.6852,254.65,4182952,0.0
2018-10-08,254.16,258.72,251.71,254.16,2401298,0.0
2018-10-09,252.52,253.38,237.86,238.11,3865442,0.0
2018-10-10,236.41,245.72,234.72,238.6,5851634,0.0
2018-10-11,246.96,249.91,242.7827,248.87,3709385,0.0
2018-10-14,248.34,248.37,238,238.07,4401805,0.0
2018-10-15,254.53,261.73,251.77,260.67,7908760,0.0
2018-10-16,260.3,261.69,255.26,258.92,3352767,0.0
2018-10-17,256.19,257.21,246.01,250.35,4928096,0.0
2018-10-18,252.73,252.89,243.64,245.03,3871177,0.0
2018-10-21,246,251.635,242.8029,251.06,3188215,0.0
2018-10-22,246.19,254.91,242.56,251.85,4550417,0.0
2018-10-23,250.61,254.5991,238.23,238.4,3376212,0.0
2018-10-24,242.32,253.59,241.66,252.89,3553396,0.0
2018-10-25,243.85,252.18,241.405,245.55,3217137,0.0
2018-10-28,250.67,254.53,233.395,240.11,3749825,0.0
2018-10-29,238.99,242.5,231.7,238.41,5052546,0.0
2018-10-30,245.41,249.6,243.6662,245.59,3617748,0.0
2018-10-31,245.69,247.55,241.49,245.28,2446176,0.0
2018-11-01,246.57,247.47,237.8,239.63,2730405,0.0
2018-11-04,240,241,233.62,239.83,2683469,0.0
2018-11-05,240.48,244.64,237.76,240.57,2003800,0.0
2018-11-06,244.8,256.5,243.81,253.43,3501038,0.0
2018-11-07,253.31,254.13,247.74,249.96,1541673,0.0
2018-11-08,247.56,248.29,241.16,244.84,1565302,0.0
2018-11-11,244.23,244.8,235.36,236.63,2443638,0.0
2018-11-12,238.38,243,235.8501,238.75,2243373,0.0
2018-11-13,242.16,242.91,231.9101,235.13,2930048,0.0
2018-11-14,233.98,241.43,231.33,240.04,2968977,0.0
2018-11-15,239.52,240.14,235.37,238.89,2650179,0.0
2018-11-18,237.5,238.84,218.72,219.72,7102886,0.0
2018-11-19,209.41,222.84,207.02,219.62,5692877,0.0
2018-11-20,225.33,228.99,222.24,226.04,4493325,0.0
2018-11-22,222.71,227.74,222.51,225.64,1416830,0.0
2018-11-25,229.19,233.3,227.91,231.96,3175037,0.0
2018-11-26,230.77,232.78,228.68,232.21,2594149,0.0
2018-11-27,237.9,250.41,237.74,249.2,6007474,0.0
2018-11-28,246.36,252.25,244.31,249.09,3317437,0.0
2018-11-29,250.23,251.57,247.09,251.02,2926119,0.0
2018-12-02,260.71,260.72,251.8172,255.26,3703404,0.0
2018-12-03,253.22,254.71,244.98,245.79,3213924,0.0
2018-12-05,240,250.68,237.96,250.68,3558235,0.0
2018-12-06,248.39,249.26,237.65,238.02,3206675,0.0
2018-12-09,237.46,245.395,237.0101,244.08,2609321,0.0
2018-12-10,251.43,251.75,242.7845,245.34,2894283,0.0
2018-12-11,249.99,251.56,245.04,245.49,3301332,0.0
2018-12-12,248.15,251.6,245.2,247.69,3878308,0.0
2018-12-13,240.76,240.92,229.91,230.01,11460749,0.0
2018-12-16,226.93,230.63,220.48,221.38,6397963,0.0
2018-12-17,222.53,228.13,221.55,226.19,4868292,0.0
2018-12-18,225.92,231.02,221.11,224.51,4993027,0.0
2018-12-19,223,224.85,212.83,218.67,5615724,0.0
2018-12-20,219.55,222.26,207.37,208.77,7918675,0.0
2018-12-23,206.9,212.58,205.01,205.01,2699935,0.0
2018-12-25,206.53,222.96,206.25,222.96,5436830,0.0
2018-12-26,219.99,224.97,214.16,224.97,3268881,0.0
2018-12-27,227.58,228.11,220.87,222.93,2705820,0.0
2018-12-30,225.56,227.33,223.235,224.61,2270166,0.0
2019-01-01,219.91,226.17,219,224.13,2350847,0.0
2019-01-02,220.88,223.63,215.15,215.96,3046398,0.0
2019-01-03,219.84,227.65,217.48,226.15,3382649,0.0
2019-01-06,229.95,232.6,227.29,229.81,2779235,0.0
2019-01-07,232.65,233.77,228.3298,232.61,3126332,0.0
2019-01-08,234.01,238.59,232,234.96,2607541,0.0
2019-01-09,233.77,238.04,231.71,237.89,2237562,0.0
2019-01-10,235.71,239.32,235.2363,237.44,2562610,0.0
2019-01-13,235.33,236.255,231.9587,234.86,1804739,0.0
2019-01-14,237.9,243.93,237.2552,242.22,2991072,0.0
2019-01-15,243.6,244,239.68,241.76,1909530,0.0
2019-01-16,240.13,245.04,238.7801,244.9075,2479925,0.0
2019-01-17,247.45,250.68,244.45,247.19,3526912,0.0
2019-01-21,245.13,245.6083,241.19,243.06,2177618,0.0
2019-01-22,244.91,248.16,240.5963,245.04,1788975,0.0
2019-01-23,245.62,245.98,241.18,242.64,2689299,0.0
2019-01-24,245.04,247.1,243.43,244.48,3364342,0.0
2019-01-27,241,243.22,239.35,241.74,1914283,0.0
2019-01-28,241.81,242.8653,237.27,238.19,1691381,0.0
2019-01-29,240.16,243,238.87,242.64,1970569,0.0
2019-01-30,243,249,243,246.89,3477772,0.0
2019-01-31,247.82,251.035,246.1,247.52,2291735,0.0
2019-02-03,248.56,256.99,248.06,254.49,3184379,0.0
2019-02-04,256.74,258.56,254.01,254.4525,2547448,0.0
2019-02-05,255.06,255.93,250.71,254.25,2079566,0.0
2019-02-06,251.33,254.31,250.28,253.3,1741496,0.0
2019-02-07,251.39,256.53,250.64,256.53,2223281,0.0
2019-02-10,258.89,259.9,256.19,258.71,2305103,0.0
2019-02-11,260.15,262.2509,258.67,261.4,2236077,0.0
2019-02-12,263.13,263.3645,259.37,260.4,1529293,0.0
2019-02-13,259.4,261.71,258.01,260.29,1432665,0.0
2019-02-14,260.34,260.97,258.0725,259.68,2585316,0.0
2019-02-20,257.3,259.3491,255.12,257.78,1494100,0.0
2019-02-21,257.61,260.24,257.61,258.82,1574200,0.0
2019-02-24,261.5,262.98,258.18,258.69,1541868,0.0
2019-02-25,258,262.58,256.3734,261.3,1809483,0.0
2019-02-26,259.77,263.08,256.52,262.93,2059195,0.0
2019-02-27,262.4,266.24,261.76,262.51,2211849,0.0
2019-02-28,265.75,266.24,261.5,264.01,1726288,0.0
2019-03-03,266.37,267,254.08,258.2,2701116,0.0
2019-03-04,259,259.865,256.365,257.39,1862406,0.0
2019-03-05,257.4,259.49,253.84,256.42,1780410,0.0
2019-03-06,255.77,257.49,253.2855,255.46,2184892,0.0
2019-03-07,251.49,255.02,249.0954,254.76,1788853,0.0
2019-03-10,255.98,261.42,255.77,260.96,2256085,0.0
2019-03-11,261.86,264.75,259.01,263.52,2234504,0.0
2019-03-12,265.5,269.8,264.13,264.36,3217142,0.0
2019-03-13,265.26,268,263.52,267.689,3530036,0.0
2019-03-14,252.33,258,252.1012,257.65,6814136,0.0
2019-03-17,257.11,259.96,253.8901,257.76,3572088,0.0
2019-03-18,259.43,260.64,256.34,260.42,3350261,0.0
2019-03-19,260.54,262.3,256.17,259.64,3042274,0.0
2019-03-20,259,264.34,258.4,264.29,1974235,0.0
2019-03-21,263.19,264.64,259.52,259.66,3003616,0.0
2019-03-24,259.59,263.12,257.1,262.18,2248350,0.0
2019-03-25,265.05,267.74,263.84,265.67,2619731,0.0
2019-03-26,265.53,265.9731,259.04,262.32,2289461,0.0
2019-03-27,263.5,265.1699,260.88,263.531,1613278,0.0
2019-03-28,265.47,266.75,264.2,266.49,1579376,0.0
2019-03-31,269.95,272.385,268.19,272.17,1191551,0.0
2019-04-01,272.89,273,267.63,271.36,1668727,0.0
2019-04-02,273.71,274.18,270.975,271.45,1951319,0.0
2019-04-03,270.98,271.47,263.72,267.88,2714629,0.0
2019-04-04,269.44,269.94,266.59,267.47,1832447,0.0
2019-04-07,266.96,269.09,264.7,268.8,1486263,0.0
2019-04-08,267.12,269.99,266.8,269.03,1377657,0.0
2019-04-09,269.47,272.16,269.01,271.57,1345375,0.0
2019-04-10,271.95,272.92,270.77,271.82,1535149,0.0
2019-04-11,273.01,273.51,270.82,271.85,1456313,0.0
2019-04-14,271.9,273.71,270.62,272.22,1180594,0.0
2019-04-15,273.07,273.39,269.64,271.43,1427014,0.0
2019-04-16,272.17,272.665,268.44,269.51,1923544,0.0
2019-04-17,270.09,270.82,266.64,270.65,1882291,0.0
2019-04-21,269.82,272.32,269.2033,272.18,1203281,0.0
2019-04-22,272.54,278.89,271.59,278.49,2306399,0.0
2019-04-23,279.22,280.17,275.25,275.45,1473529,0.0
2019-04-24,278.4,279.52,274.3785,277.65,1485201,0.0
2019-04-25,278.18,282,275.79,281.95,1725373,0.0
2019-04-28,286.46,291.705,285.38,286.18,5267867,0.0
2019-04-29,286.1,289.77,285.25,289.38,2328661,0.0
2019-04-30,291,291,283.19,283.27,1792083,0.0
2019-05-01,283.14,284.59,278.15,279.69,2261267,0.0
2019-05-02,282.56,286.35,282.39,285.54,1664523,0.0
2019-05-05,277.6,284.2165,275.81,283.66,1343261,0.0
2019-05-06,278.82,280.65,273.67,276.99,2188996,0.0
2019-05-07,275.83,278.37,274.16,276.62,1487203,0.0
2019-05-08,274.16,277.12,270.7975,275.83,1572806,0.0
2019-05-09,273.58,279.5,270.32,278.57,1649651,0.0
2019-05-12,270.565,274.19,267.22,267.7,2377374,0.0
2019-05-13,269.43,274.23,269.29,271.8,1579237,0.0
2019-05-14,269.82,276.95,269.5,276.84,1943498,0.0
2019-05-15,278.63,285.87,278.4,283.51,2354124,0.0
2019-05-16,281.68,284.412,279.069,279.77,1734483,0.0
2019-05-19,276.1,277.89,273.4,275.51,1895483,0.0
2019-05-20,278.21,280,277.045,278.07,1196608,0.0
2019-05-21,277.42,282.74,277.255,281.85,1336530,0.0
2019-05-22,278.29,278.43,271.69,274.32,2139579,0.0
2019-05-23,273.54,277.475,273.54,274.68,1675554,0.0
2019-05-27,276.49,281.45,275.37,278.28,1800512,0.0
2019-05-28,275.29,276.8025,272.28,273.39,1527395,0.0
2019-05-29,274.43,275.09,272.43,274.42,1399104,0.0
2019-05-30,271.28,272.91,268.75,270.83,2104580,0.0
2019-06-02,270.51,272.81,257.53,259.03,3361085,0.0
2019-06-03,263.27,268.93,257.46,268.79,2762228,0.0
2019-06-04,272.78,273.21,268.39,272.91,1760799,0.0
2019-06-05,273.72,275.76,271.045,274.8,1471394,0.0
2019-06-06,275.87,282.37,275.51,278.14,2364002,0.0
2019-06-09,280.42,284.98,280.2,280.29,2239618,0.0
2019-06-10,283.91,284.89,272.0301,275.99,2647570,0.0
2019-06-11,276.13,277.555,274.575,276.84,1158848,0.0
2019-06-12,278.59,278.96,275.915,276.21,2476332,0.0
2019-06-13,275.91,277.1,274,274.25,3320220,0.0
2019-06-16,275.89,277.47,274.63,275.6,2022975,0.0
2019-06-17,280.37,280.4908,276.62,276.85,2954236,0.0
2019-06-18,287,292,284.34,291.21,8022622,0.0
2019-06-19,293.89,302.66,293.25,302.01,4666817,0.0
2019-06-20,301.11,304,299.09,299.28,3334695,0.0
2019-06-23,300,302.58,298.685,299.96,2509173,0.0
2019-06-24,299.21,300.645,287,287.97,4090227,0.0
2019-06-25,291.26,292.76,288.7,288.72,2249969,0.0
2019-06-26,290.04,294.67,290.04,293.14,1758629,0.0
2019-06-27,294.48,295.1,291.95,294.64,1577671,0.0
2019-06-30,299.06,301.9,297.66,300.97,2287850,0.0
2019-07-01,301.19,301.58,299.3598,301.38,1629732,0.0
2019-07-02,301.15,305.86,301.15,305.86,1374619,0.0
2019-07-04,304.01,305.24,298.93,304.02,2123562,0.0
2019-07-07,302.76,303.11,300.13,302.92,1624284,0.0
2019-07-08,300.56,305.13,300.2201,304.19,1400676,0.0
2019-07-09,305.1,309.32,305.1,307.13,1562455,0.0
2019-07-10,307.51,310.1709,305.9,307.54,1720131,0.0
2019-07-11,308.01,309.7,304.965,309.43,1319216,0.0
2019-07-14,310,310.455,307.72,308.76,900558,0.0
2019-07-15,308,308.46,305.0711,305.77,1698378,0.0
2019-07-16,307.13,310.9566,306.75,309.42,2113631,0.0
2019-07-17,307.21,310.92,306.85,310.15,1430136,0.0
2019-07-18,311.56,313.11,305.265,306.915,2002706,0.0
2019-07-21,308.39,309.92,307.14,308.51,1184514,0.0
2019-07-22,309.91,309.98,305.22,307.86,1456102,0.0
2019-07-23,305.81,310.7317,305.81,310.25,1223587,0.0
2019-07-24,308.5,309.66,306.1,308.74,1231736,0.0
2019-07-25,309.97,312.5,309.26,311.27,1188258,0.0
2019-07-28,311.94,311.94,301.48,307.22,2557376,0.0
2019-07-29,305.07,307.09,302.55,303.64,1991843,0.0
2019-07-30,303.61,304.95,295.11,298.86,2694204,0.0
2019-07-31,299.15,304.99,296.77,298.41,2877547,0.0
2019-08-01,295.57,296.49,289.42,293.78,2736249,0.0
2019-08-04,285.04,286.87,276.78,280.3,3775709,0.0
2019-08-05,283.63,286.99,282.5,286.08,2153090,0.0
2019-08-06,282.24,290.26,282,289.06,1955533,0.0
2019-08-07,292.75,297.87,290.2,297.85,2074815,0.0
2019-08-08,296.32,296.7662,292.15,294.84,1166126,0.0
2019-08-11,293.14,294.42,287.4127,288.64,1331233,0.0
2019-08-12,288.23,295.5,286.39,293.17,1752128,0.0
2019-08-13,287.6,289.65,281.425,283.55,2078428,0.0
2019-08-14,285.64,286.49,280.86,282.71,1994567,0.0
2019-08-15,285.58,290.15,283.32,287.45,1775213,0.0
2019-08-18,291.32,291.77,287.17,287.82,1579759,0.0
2019-08-19,287.97,288.66,285.4,285.69,1293928,0.0
2019-08-20,288.54,292.92,286.51,291.53,1261677,0.0
2019-08-21,292.57,292.9,285.1215,287.69,1382415,0.0
2019-08-22,288.58,293.5725,280.97,282.48,2347205,0.0
2019-08-25,284.86,288.89,283.51,288.89,1346077,0.0
2019-08-26,290.66,291.85,286.5301,289.48,1045312,0.0
2019-08-27,286.55,287.99,280.42,282.12,2514349,0.0
2019-08-28,285.71,287.7,283.615,286.62,1956879,0.0
2019-08-29,287.41,288.5,280.115,284.51,1972839,0.0
2019-09-02,284.25,287.46,281.4,282.45,1634411,0.0
2019-09-03,286.04,286.245,282.46,284.59,1325025,0.0
2019-09-04,287.83,288.0101,281.52,287.76,2493414,0.0
2019-09-05,288.2,289.59,284,284.94,1840957,0.0
2019-09-08,286.52,286.93,276.6,279.25,2880879,0.0
2019-09-09,277.58,277.58,272.34,276.13,3599512,0.0
2019-09-10,277.66,280.3099,274,277.78,2213214,0.0
2019-09-11,281,282.28,277.94,278.01,2356582,0.0
2019-09-12,278.22,280.28,276.32,278.35,1891943,0.0
2019-09-15,276.62,283.05,275.3,283.05,2285421,0.0
2019-09-16,284.04,285.3,280.355,284.68,2937552,0.0
2019-09-17,275.35,280.29,270.02,279.72,6999668,0.0
2019-09-18,280.17,284.365,279.83,281.25,2946600,0.0
2019-09-19,281.6,283.2,274.95,277.9,3920047,0.0
2019-09-22,275.93,279.58,275.41,277.44,1716912,0.0
2019-09-23,279.58,280.7,271.08,272.41,2874401,0.0
2019-09-24,271.9,277.71,267.7269,277.44,2760856,0.0
2019-09-25,278.46,285.9,277.01,283.8261,3644619,0.0
2019-09-26,284.63,284.98,274.1201,277.53,2847523,0.0
2019-09-29,277.54,279,275.14,276.33,3496976,0.0
2019-09-30,278.99,279.6499,271.87,272.63,2987052,0.0
2019-10-01,271.18,271.18,265.1903,266.64,2989877,0.0
2019-10-02,266.92,272.8,263.85,272.27,3190794,0.0
2019-10-03,273.11,278.08,273.11,276.96,4668773,0.0
2019-10-06,276.01,278.49,275.91,276.87,2902064,0.0
2019-10-07,274.46,275.41,270.8,270.83,3669877,0.0
2019-10-08,273.52,275.55,272.86,274.25,2364868,0.0
2019-10-09,274.06,276.71,272.79,275.1,2303988,0.0
2019-10-10,278.37,281.27,277.63,278.01,3367887,0.0
2019-10-13,278.97,279.25,277.15,277.78,2029192,0.0
2019-10-14,278.17,281.51,278.02,279.4,3003595,0.0
2019-10-15,270.85,272.81,267.51,272.79,7652534,0.0
2019-10-16,272.61,274.12,267.15,269.31,6168556,0.0
2019-10-17,269.36,269.68,262.1034,265.45,8068809,0.0
2019-10-20,264.36,267.43,262.57,266.84,2365642,0.0
2019-10-21,268.49,269.28,260.6401,261.09,3133225,0.0
2019-10-22,261,265.52,259.57,261.41,2615511,0.0
2019-10-23,264.04,271.46,263.25,269.71,3212118,0.0
2019-10-24,267.8,271.61,267.02,270.98,1515221,0.0
2019-10-27,271.58,272.29,268.3751,271.35,2002911,0.0
2019-10-28,271.68,273.72,271.06,271.46,1483643,0.0
2019-10-29,273.25,278.65,272.61,278.35,2119891,0.0
2019-10-30,278.27,279.32,275.31,277.97,2344361,0.0
2019-10-31,279.14,281.83,277.2675,277.76,2395797,0.0
2019-11-03,280.56,281.21,276.05,277.62,2173646,0.0
2019-11-04,292.2,292.88,283.6,289.32,5717319,0.0
2019-11-05,289.11,289.48,285.61,287.36,2370563,0.0
2019-11-06,288.3,293.48,286.995,290.81,2664860,0.0
2019-11-07,290.02,292.46,288.48,292.46,1350964,0.0
2019-11-10,291.95,292.339,289.7,290.29,1615456,0.0
2019-11-11,290.79,294.16,290.27,291.74,1856211,0.0
2019-11-12,291.86,293.7,290.26,293.45,1540853,0.0
2019-11-13,293.54,295.08,292.15,294.56,1311946,0.0
2019-11-14,296.12,297.49,293.56,297.48,1859993,0.0
2019-11-17,297.55,298.56,296,297.13,1427932,0.0
2019-11-18,298.75,300.74,296.39,300.61,1591957,0.0
2019-11-19,299.41,302.05,297.05,300.1,1567729,0.0
2019-11-20,298.99,300.35,296.62,298.81,1276985,0.0
2019-11-21,299.59,299.92,295.8,299.4,1304649,0.0
2019-11-24,300.48,305.45,300.48,305.32,1862267,0.0
2019-11-25,305,309.06,304.89,307.9,2032566,0.0
2019-11-26,308.5,309.17,305.74,309.13,1262466,0.0
2019-11-28,308.59,310,308.02,309.61,953216,0.0
2019-12-01,309.22,309.9,299.51,302.75,2474408,0.0
2019-12-02,298.24,304.46,297.32,303.81,1434129,0.0
2019-12-03,305,305.33,301.28,302.51,1332513,0.0
2019-12-04,303.13,304.24,301,303.02,1443958,0.0
2019-12-05,306.2,306.745,303.16,306.32,1434821,0.0
2019-12-08,308.91,310.91,306.7,307.05,2337339,0.0
2019-12-09,306.62,309.03,304.1,304.17,1844447,0.0
2019-12-10,305.15,305.38,301.48,303.72,2318305,0.0
2019-12-11,303,306.5838,300.72,305.73,2241439,0.0
2019-12-12,314,321.7299,313.74,316.89,5772593,0.0
2019-12-15,319.27,325.25,319.27,323.87,3047098,0.0
2019-12-16,325.04,325.08,321.75,322.85,1693308,0.0
2019-12-17,322.1,326.82,322.0066,324.38,1669343,0.0
2019-12-18,324.38,327.96,324.26,327.65,1824584,0.0
2019-12-19,328.37,330,325.62,327.6,2974614,0.0
2019-12-22,328.83,329.88,327.26,328.97,1610664,0.0
2019-12-23,329,331.54,328.68,329.64,893824,0.0
2019-12-25,329.63,331.28,329.63,331.2,854495,0.0
2019-12-26,332.88,332.88,329.7701,330.79,996031,0.0
2019-12-29,330.35,330.465,325.165,328.45,1691090,0.0
2019-12-30,327.42,329.94,326.25,329.76,1176729,0.0
2020-01-01,330,334.48,329.17,334.48,1775052,0.0
2020-01-02,329.92,332.98,328.69,331.71,1351875,0.0
2020-01-05,328.29,333.91,328.19,333.71,1459776,0.0
2020-01-06,334.15,334.79,332.58,333.51,2296313,0.0
2020-01-07,333.81,339.23,333.4,337.92,1902733,0.0
2020-01-08,340.14,341.8099,338.19,340.45,1340331,0.0
2020-01-09,342.05,343.36,339.62,339.81,1261195,0.0
2020-01-12,341.54,345.73,341.22,345.73,1502512,0.0
2020-01-13,347.01,347.27,343.15,344.63,1721016,0.0
2020-01-14,346.42,347.5,342.46,342.94,1833004,0.0
2020-01-15,345.98,345.99,342.76,345.39,1323900,0.0
2020-01-16,349,349.95,346.3825,349.74,1952814,0.0
2020-01-20,346.37,352.37,345.62,350,3156952,0.0
2020-01-21,352.6,354.28,349.96,350.05,2573027,0.0
2020-01-22,351.02,352.16,347.85,351.81,2674001,0.0
2020-01-23,354,355.69,349.2,351.37,2887929,0.0
2020-01-26,341.04,349.9,340.4,346.89,2323408,0.0
2020-01-27,349,355.66,347.12,354.63,1883507,0.0
2020-01-28,356.6965,356.6965,351.36,351.65,1307640,0.0
2020-01-29,349.6935,356.82,349.6935,356.66,1597987,0.0
2020-01-30,355.84,355.84,348.296,351.14,2174264,0.0
2020-02-02,353.1,358.67,352.29,358.09,2096501,0.0
2020-02-03,363.43,367.444,360.45,366.77,2478294,0.0
2020-02-04,373.99,374.475,362.31,365.7,2046541,0.0
2020-02-05,366.16,368.25,363.01,367.47,1981899,0.0
2020-02-06,366,369.34,364.38,366.06,1784324,0.0
2020-02-09,365.44,370.81,365.22,370.15,1958627,0.0
2020-02-10,373.03,373.7,367.25,369.28,1768345,0.0
2020-02-11,370.64,374.425,367.1538,374.3,1831368,0.0
2020-02-12,372.56,377.71,372.39,374.84,1600434,0.0
2020-02-13,376.28,379.83,375.85,379.67,1433048,0.0
2020-02-17,380.2,382.59,378.59,378.89,1809595,0.0
2020-02-18,383.83,385,381.48,383.27,2218101,0.0
2020-02-19,384,386.745,373.48,378.92,3447096,0.0
2020-02-20,378.02,378.34,368.75,372.93,2466301,0.0
2020-02-23,355.39,363.46,349,357.41,3321003,0.0
2020-02-24,361,363.97,346.28,347.87,3440994,0.0
2020-02-25,349.4,360.07,348.6,351.25,3151611,0.0
2020-02-26,340,352.2396,337.27,337.27,3295489,0.0
2020-02-27,324.42,345.46,324,345.46,5500842,0.0
2020-03-01,349.81,360.75,342.61,360.58,4414915,0.0
2020-03-02,361.76,364.95,344.04,348.34,3621019,0.0
2020-03-03,354.38,364.27,350.08,364.03,3197961,0.0
2020-03-04,355.06,360.45,347.19,350.99,2635628,0.0
2020-03-05,340.45,344.1599,326.6,336.77,4365072,0.0
2020-03-08,311.68,322.44,305.33,305.7,9433916,0.0
2020-03-09,318.98,332.94,309.31,332.53,5414277,0.0
2020-03-10,324.32,326.357,309,315.46,4196316,0.0
2020-03-11,290.41,310.13,283.0001,285.01,6452297,0.0
2020-03-12,312.88,336,298.0001,335.5,8153357,0.0
2020-03-15,288.3558,307.11,283.25,286.2,6574157,0.0
2020-03-16,291.2,312.95,278.35,311.8,11207906,0.0
2020-03-17,289,296.87,255.1314,295.48,6252635,0.0
2020-03-18,291.77,318.705,281.1,307.5,5604943,0.0
2020-03-19,312.92,324.8,293.77,294.98,7026482,0.0
2020-03-22,296.67,312.49,287.78,307.75,5383345,0.0
2020-03-23,322.96,326.99,301.59,310.58,5857942,0.0
2020-03-24,308,317.65,298.13,305.79,4237660,0.0
2020-03-25,308.8,324.43,305.69,322.67,3822119,0.0
2020-03-26,311.7,314.2872,300.63,305.69,3978018,0.0
2020-03-29,308.89,322.97,308.01,318.89,3818049,0.0
2020-03-30,316.41,326.3344,312.68,318.39,4228880,0.0
2020-03-31,307,309.6105,298.32,301.21,3429773,0.0
2020-04-01,297.76,306.5,293.18,304.18,6337896,0.0
2020-04-02,302.06,303.47,289.71,293.51,3482932,0.0
2020-04-05,306.56,320.4,299.955,318.985,4534971,0.0
2020-04-06,327.41,328.32,306.3,308.93,4951118,0.0
2020-04-07,313.88,317.72,308.2,317.2,3566436,0.0
2020-04-08,318.65,320.78,310.79,318.72,2926578,0.0
2020-04-12,315.94,320.9,313.75,320.87,1648956,0.0
2020-04-13,328.77,342.095,328.47,340.77,6845740,0.0
2020-04-14,335.34,339.2242,329.645,332.49,4801104,0.0
2020-04-15,339.71,345.515,336.035,342.73,10243375,0.0
2020-04-16,350.091,350.38,340.5,344.15,11350686,0.0
2020-04-19,340.79,348.5,338.75,344.89,6503526,0.0
2020-04-20,340.9,342.763,325.21,329.02,9441698,0.0
2020-04-21,337.41,339.08,332.8006,336.86,6839664,0.0
2020-04-22,338.9,341.75,334.8,335.37,3328816,0.0
2020-04-23,338,344.7,333.5011,344.24,5229237,0.0
2020-04-26,348.8,349.96,345.12,348.48,3891356,0.0
2020-04-27,353.09,353.45,332.57,333.45,3492297,0.0
2020-04-28,339.53,351.25,335.44,349.16,8456359,0.0
2020-04-29,348.01,356.23,346.55,353.34,2931162,0.0
2020-04-30,347.24,350.3099,340.26,344.2,4379422,0.0
2020-05-03,340.74,350.596,340,349.16,1857747,0.0
2020-05-04,353.38,359.7,352.39,356.13,4118438,0.0
2020-05-05,357.92,366.79,357.1301,362.48,1956812,0.0
2020-05-06,368.82,369.5,365.501,366.8,4397116,0.0
2020-05-07,370,371.0999,365.41,367.52,2166775,0.0
2020-05-10,365.84,373.63,364.5,371.3,1995047,0.0
2020-05-11,371.46,372.72,364.55,365.34,3664548,0.0
2020-05-12,366.45,367.43,352.71,358.66,3050400,0.0
2020-05-13,354,357,348.01,355.28,2351508,0.0
2020-05-14,351.57,365.48,351.53,365.42,2302883,0.0
2020-05-17,371.59,375.49,367.21,367.79,3980486,0.0
2020-05-18,369.88,376,368.89,372.2,2445152,0.0
2020-05-19,377.21,384.4,377.06,383.65,4373714,0.0
2020-05-20,382,385.12,380.6,382.26,3980396,0.0
2020-05-21,381.39,386.52,380.95,385.3,2883510,0.0
2020-05-25,391,391.27,374.8103,376.63,3011141,0.0
2020-05-26,373.24,375.7,361.44,375.17,3239516,0.0
2020-05-27,372.5,386.9,372.5,379.67,2450326,0.0
2020-05-28,382.62,389.05,377.075,387.21,4353697,0.0
2020-05-31,387.08,389.99,382.895,389.67,3545355,0.0
2020-06-01,389.92,390.91,382.03,390.62,4195668,0.0
2020-06-02,390.82,391.14,387.46,389.98,4155430,0.0
2020-06-03,389.5,395.7201,382.28,385.83,4264418,0.0
2020-06-04,384.64,396.17,382,393.26,2268194,0.0
2020-06-07,391,398.1,385.84,397.61,2152323,0.0
2020-06-08,397.03,402.31,394.15,397.6,3905974,0.0
2020-06-09,399.59,409.98,399.49,407,5334678,0.0
2020-06-10,400,404.2,387.37,388.22,3069157,0.0
2020-06-11,409.3,411.72,395.41,398.59,4707818,0.0
2020-06-14,398.8,406.11,397,401.3,6623754,0.0
2020-06-15,407.83,414.68,405.475,411.87,2795010,0.0
2020-06-16,414,417.46,411.36,413.29,3707396,0.0
2020-06-17,413.5,420.84,413,420.58,1742351,0.0
2020-06-18,423.76,429.09,419.65,428.08,5704709,0.0
2020-06-21,428.96,438.95,428.54,438.57,2847215,0.0
2020-06-22,440.07,446.15,436.01,440.56,2655999,0.0
2020-06-23,440,442.67,427.47,432.29,2885914,0.0
2020-06-24,430.01,437.99,427.5801,437.17,1966896,0.0
2020-06-25,436,438.18,424.7129,426.76,2648839,0.0
2020-06-28,427.11,428.48,416.032,424.49,2339887,0.0
2020-06-29,426.68,436.91,423.86,435.29,2166677,0.0
2020-06-30,434.8,442.045,433.621,440.1,2307112,0.0
2020-07-01,445,448.16,441.36,442.93,2205658,0.0
