Date,Open,High,Low,Close,Volume,OpenInterest
2016-07-11,55.91,57.53,55.77,57.38,1320381,0.0
2016-07-12,57.57,58,56.84,56.86,1337968,0.0
2016-07-13,57.57,58.285,56.9,58.16,1558730,0.0
2016-07-14,58.4,58.44,57.44,57.98,1008696,0.0
2016-07-17,57.91,58.42,57.655,58.01,950120,0.0
2016-07-18,57.87,58.15,57.34,57.52,639960,0.0
2016-07-19,57.85,58.6299,57.38,58.27,1558769,0.0
2016-07-20,58.12,58.885,57.54,57.58,896014,0.0
2016-07-21,57.83,58.91,57.46,58.77,478421,0.0
2016-07-24,58.75,58.99,58.11,58.22,671636,0.0
2016-07-25,58.18,58.93,58.02,58.75,762693,0.0
2016-07-26,58.75,59.78,58.501,59.61,1255518,0.0
2016-07-27,59.49,60.25,59.12,59.44,707240,0.0
2016-07-28,59.5,59.67,58.64,59.45,857062,0.0
2016-07-31,59.33,59.93,59.01,59.75,865221,0.0
2016-08-01,59.53,59.58,57.34,57.87,984955,0.0
2016-08-02,57.78,58.4,56.7989,57.935,2222580,0.0
2016-08-03,58.09,58.87,57.96,58.25,1367246,0.0
2016-08-04,58.44,59.48,58.25,59.32,1389901,0.0
2016-08-07,59.46,59.88,59.26,59.37,1034551,0.0
2016-08-08,59.52,60.495,59.405,60.34,1245255,0.0
2016-08-09,60.31,60.389,59.81,60.31,717370,0.0
2016-08-10,60.49,61.75,58.7809,61.71,1383979,0.0
2016-08-11,61.36,61.96,60.95,61.82,1128384,0.0
2016-08-14,61.9,63.21,61.4031,62.98,1229151,0.0
2016-08-15,62.91,63.2592,62.61,62.64,1227262,0.0
2016-08-16,62.59,62.846,61.99,62.79,901320,0.0
2016-08-17,62.89,63.76,62.72,63.5,1090455,0.0
2016-08-18,63.41,63.84,62.6,63.74,1071610,0.0
2016-08-21,63.33,63.59,62.68,63.29,923160,0.0
2016-08-22,63.62,64,63.32,63.46,1224096,0.0
2016-08-23,63.31,63.79,62.96,63.18,1127727,0.0
2016-08-24,63.21,63.92,63,63.71,2447887,0.0
2016-08-25,66,69.21,65.06,68.86,5840167,0.0
2016-08-28,68.5,68.89,67.86,68.32,2619929,0.0
2016-08-29,67.8,68.75,67.52,68.04,1998681,0.0
2016-08-30,67.85,68.05,67.01,67.4,1635466,0.0
2016-08-31,67.42,67.67,66.78,67.37,990743,0.0
2016-09-01,67.93,68.48,67.6,68.01,847985,0.0
2016-09-05,68.2,68.2,67.05,67.69,1278868,0.0
2016-09-06,67.58,68.76,67.57,68.6,1377413,0.0
2016-09-07,68.41,69.15,68.16,68.81,1233168,0.0
2016-09-08,68.17,68.652,66.84,66.84,1664731,0.0
2016-09-11,65.92,67.47,65.39,67.35,1872617,0.0
2016-09-12,66.31,67.35,65.36,65.78,1832386,0.0
2016-09-13,65.76,66.24,65.06,65.5,1485453,0.0
2016-09-14,65.7,67.4,65.5,67.39,1778505,0.0
2016-09-15,66.9,67.79,66.36,67.59,2289310,0.0
2016-09-18,68.21,69.2,67.65,68.13,1588716,0.0
2016-09-19,68.67,69.57,68.32,68.79,1320358,0.0
2016-09-20,68.91,71.78,68.91,71.69,2623533,0.0
2016-09-21,72.26,72.62,71.76,72.35,1478485,0.0
2016-09-22,72.19,72.42,71.53,71.68,1023029,0.0
2016-09-25,71.27,71.64,70.58,71.08,1150902,0.0
2016-09-26,70.97,71.93,70.83,71.9,1046664,0.0
2016-09-27,72.2,72.69,71.55,72.64,1399725,0.0
2016-09-28,72.59,72.8,71.41,71.59,988784,0.0
2016-09-29,72.03,72.59,71.41,72.33,976538,0.0
2016-10-02,71.15,72.26,70.85,71.18,1700417,0.0
2016-10-03,71.32,72.53,71,71.42,1206841,0.0
2016-10-04,71.57,73.24,71.57,73.2,1217894,0.0
2016-10-05,73.18,73.4,71.76,72.84,1023063,0.0
2016-10-06,72.8,72.8,71.472,72,1069830,0.0
2016-10-09,72,73.07,72,72.22,970115,0.0
2016-10-10,72.31,72.77,69.86,70.18,1183134,0.0
2016-10-11,70.43,70.6,69.76,70.33,849567,0.0
2016-10-12,69.66,69.704,68.4,69.29,1269863,0.0
2016-10-13,71.23,71.23,69.29,69.46,860303,0.0
2016-10-16,69.33,69.859,68.77,68.845,698956,0.0
2016-10-17,69.92,70.32,69.551,70.14,795448,0.0
2016-10-18,70.13,70.94,69.86,70.79,709119,0.0
2016-10-19,70.75,71.4,70.07,71.13,798522,0.0
2016-10-20,70.85,71.3425,70,71.19,775108,0.0
2016-10-23,71.73,72.75,71.2,72.22,924906,0.0
2016-10-24,72.07,72.41,70.92,71.37,1462536,0.0
2016-10-25,71.23,72,70.6,70.67,799877,0.0
2016-10-26,71.22,72.12,70.46,70.6,706786,0.0
2016-10-27,70.83,72.44,70.59,71.86,1153168,0.0
2016-10-30,72.29,72.66,71.48,72.28,1002831,0.0
2016-10-31,72.4,72.4,69.38,70.1,1512868,0.0
2016-11-01,70.18,70.4,67.87,68.68,1645104,0.0
2016-11-02,68.7,69.21,67.52,67.59,1122281,0.0
2016-11-03,67.15,70.236,67.15,69.44,1892415,0.0
2016-11-06,70.81,72.12,70.32,72,1612551,0.0
2016-11-07,71.77,72.99,71.36,72.69,1140009,0.0
2016-11-08,69.54,73.93,69.51,72.62,2438184,0.0
2016-11-09,73.53,75.18,71.68,73.49,2227545,0.0
2016-11-10,73.2,74.04,72.88,73.81,1601681,0.0
2016-11-13,74.37,75.18,73.44,73.56,1977053,0.0
2016-11-14,73.86,75.75,73.7501,75.14,1739052,0.0
2016-11-15,74.92,78.42,74.7899,77.57,3015374,0.0
2016-11-16,77.54,78.58,77.08,78.46,1378249,0.0
2016-11-17,78.21,78.4,76.48,76.9,1824121,0.0
2016-11-20,77.4,77.65,75.435,75.52,1638400,0.0
2016-11-21,75.49,75.78,74.68,75.22,1414322,0.0
2016-11-22,75.04,75.45,74.005,75.15,962609,0.0
2016-11-24,75.51,76.18,75.05,75.83,535257,0.0
2016-11-27,75.52,76.31,74.93,75.18,1219144,0.0
2016-11-28,75.31,75.98,75.03,75.27,2187672,0.0
2016-11-29,72.71,74.72,70.55,72.61,7050824,0.0
2016-11-30,72.77,73.24,69,69.22,3502401,0.0
2016-12-01,69.02,70.87,68.06,70.57,2562938,0.0
2016-12-04,70.44,72.41,70.15,71.18,1610476,0.0
2016-12-05,71.27,77.87,70.73,76.32,5878431,0.0
2016-12-06,76.26,80.915,75.42,80.34,6579606,0.0
2016-12-07,80.58,82.77,80,81.74,3255973,0.0
2016-12-08,82.29,83.08,80.66,81.11,1929972,0.0
2016-12-11,81.07,81.76,77.58,78.37,2152585,0.0
2016-12-12,78.99,80.34,78.8,79.67,2234821,0.0
2016-12-13,79.69,79.92,76.15,76.82,2459221,0.0
2016-12-14,76.9,79.43,75.97,78.95,3088301,0.0
2016-12-15,78.83,79.23,76.34,76.48,2452333,0.0
2016-12-18,76.76,77.08,75.42,75.7,1341293,0.0
2016-12-19,76.05,76.535,74.88,76,1290352,0.0
2016-12-20,76.05,76.28,75.27,75.64,1231078,0.0
2016-12-21,75.33,75.63,74.34,74.57,1504728,0.0
2016-12-22,74.6,76.05,74.45,76,1122266,0.0
2016-12-26,76.06,76.5,75.4,75.98,876505,0.0
2016-12-27,75.93,76.02,74.51,75.02,623868,0.0
2016-12-28,74.87,75.44,74.5,74.99,779538,0.0
2016-12-29,75.4,75.42,73.6,74.02,1037124,0.0
2017-01-02,74.61,77.1,74.5,76.18,1463936,0.0
2017-01-03,76.19,77.96,76.09,77.52,1496464,0.0
2017-01-04,77.08,77.63,76.33,76.93,997136,0.0
2017-01-05,77.28,79.81,76.89,79.3,1149436,0.0
2017-01-08,78.95,79.74,78.26,79.59,975068,0.0
2017-01-09,79.29,80.37,78.56,79.98,1375160,0.0
2017-01-10,79.97,81.03,79.17,80.87,1357574,0.0
2017-01-11,80.72,80.8559,79.24,80.64,1348786,0.0
2017-01-12,80.72,81.41,80.44,81.32,1343648,0.0
2017-01-16,80.97,81.23,78.29,78.62,1604879,0.0
2017-01-17,79.1,80.06,78.69,79.69,1300689,0.0
2017-01-18,80.26,80.78,79.65,79.98,1166967,0.0
2017-01-19,80.63,81.89,80.24,81.67,2624525,0.0
2017-01-22,81.39,81.91,80.91,81.54,739403,0.0
2017-01-23,81.6,82.63,81.53,81.98,1455622,0.0
2017-01-24,82.87,83.96,82.43,82.65,1038700,0.0
2017-01-25,82.77,82.935,81.48,81.64,1055414,0.0
2017-01-26,81.98,81.98,80.89,81.76,1073318,0.0
2017-01-29,81.57,81.67,79.15,81.16,1582143,0.0
2017-01-30,80.88,81.35,79.8,81.31,910818,0.0
2017-01-31,81.09,81.96,80.38,81.29,1048080,0.0
2017-02-01,80.82,82.87,80.04,82.77,817050,0.0
2017-02-02,83.57,84.965,83.14,84.41,1328364,0.0
2017-02-05,84.45,84.55,82.33,82.81,1565023,0.0
2017-02-06,82.29,85.11,81.8,84.5,2484304,0.0
2017-02-07,84.44,84.89,82.58,82.92,1780047,0.0
2017-02-08,83.28,84.911,83.17,83.87,1446470,0.0
2017-02-09,83.97,84.46,82.38,83.23,1312709,0.0
2017-02-12,83.65,84.72,82.94,84.26,1999693,0.0
2017-02-13,84.25,84.59,82.81,84.54,3692362,0.0
2017-02-14,84.28,84.935,83.54,84.35,1790604,0.0
2017-02-15,84.69,85.46,83.83,85.15,1542787,0.0
2017-02-16,84.72,86.49,83.75,86.39,1397038,0.0
2017-02-20,87,87.52,86.76,87.15,1343574,0.0
2017-02-21,86.8,87.14,86.17,86.38,1064417,0.0
2017-02-22,86.69,87.37,85.92,87.09,848192,0.0
2017-02-23,86.54,87.69,85.69,87.54,1050967,0.0
2017-02-26,87.47,87.9462,86.58,87.74,900560,0.0
2017-02-27,87.82,87.9,85.99,86.3,1418273,0.0
2017-02-28,87.38,89.18,86.46,88.92,1984862,0.0
2017-03-01,88.73,88.73,87.05,87.3,3452435,0.0
2017-03-02,87,88.35,84.98,85.33,3705745,0.0
2017-03-05,84.3,84.46,82.58,82.93,2080989,0.0
2017-03-06,82.39,83.44,81.75,82.07,1850499,0.0
2017-03-07,82.53,83.85,81.82,83.45,1767697,0.0
2017-03-08,83.31,84.29,82.58,84.25,1562970,0.0
2017-03-09,84.8,86.18,84.66,86.12,1799834,0.0
2017-03-12,85.42,87.32,85.31,86.7,1865398,0.0
2017-03-13,86.6,86.6,85.465,85.9,1050241,0.0
2017-03-14,86.6,88.69,85.92,88.4,1796426,0.0
2017-03-15,88.6,89.15,85.97,86.73,5738934,0.0
2017-03-16,87.13,87.72,86.05,86.22,1805655,0.0
2017-03-19,86.29,86.48,85.59,86.31,828751,0.0
2017-03-20,86.53,86.635,83.53,83.63,1900797,0.0
2017-03-21,83.9,84.72,83.07,84.61,1172403,0.0
2017-03-22,84.61,86.07,84.24,85.7,1721314,0.0
2017-03-23,86,87.39,85.59,86.49,1604925,0.0
2017-03-26,85.41,86.06,83.81,85.43,1366006,0.0
2017-03-27,85.26,86.1,85.16,85.47,782321,0.0
2017-03-28,85.31,86.47,84.9751,86.39,1078745,0.0
2017-03-29,86.14,87.25,85.775,86.32,691278,0.0
2017-03-30,86.02,86.9,85.37,86.49,835466,0.0
2017-04-02,85.35,87.12,84.66,85.39,1594614,0.0
2017-04-03,85.16,85.97,84.58,84.95,1157056,0.0
2017-04-04,85.27,85.79,83.24,83.53,1419674,0.0
2017-04-05,83.49,84.76,82.7,84.07,1384899,0.0
2017-04-06,84.07,84.95,83.55,84.79,1488054,0.0
2017-04-09,84.91,85.88,84.62,85.67,851569,0.0
2017-04-10,85.35,86.08,84.48,86,999252,0.0
2017-04-11,85.87,86.65,84.99,85.62,1967103,0.0
2017-04-12,85.2,86.18,84.1,84.91,1622148,0.0
2017-04-16,85.37,86.25,85.29,85.99,621703,0.0
2017-04-17,85.39,86.53,85.08,86.41,761200,0.0
2017-04-18,86.62,88.59,86.6,87.93,1884706,0.0
2017-04-19,88.3,88.82,87.16,88.41,1152288,0.0
2017-04-20,88.63,88.88,88.1,88.6,1202957,0.0
2017-04-23,89.7,90.94,89.64,90.14,1754743,0.0
2017-04-24,90.42,90.8,89.81,90.33,1344204,0.0
2017-04-25,90.31,90.54,89.44,90.22,864035,0.0
2017-04-26,90.66,90.77,90.04,90.63,839250,0.0
2017-04-27,90.77,90.77,89.2,90.07,1212319,0.0
2017-04-30,91.75,92.7075,91.17,91.98,1456704,0.0
2017-05-01,92.22,93.48,91.288,93.45,1232148,0.0
2017-05-02,93.42,93.94,92.85,93.33,923764,0.0
2017-05-03,93.41,93.99,92.93,93.26,1015285,0.0
2017-05-04,92.41,93.47,92.18,93.23,1561427,0.0
2017-05-07,93.37,93.66,93.08,93.39,945491,0.0
2017-05-08,94.41,95.3,93.99,94.7,1928502,0.0
2017-05-09,94.76,96.295,94.54,95.87,1044675,0.0
2017-05-10,95.5,95.9,93.87,95.41,1291893,0.0
2017-05-11,95.27,95.68,94.76,95.39,1231547,0.0
2017-05-14,95.73,97.195,95.69,96.63,2300208,0.0
2017-05-15,97.24,98.05,96.55,98.03,1363580,0.0
2017-05-16,96.87,97.92,93.87,93.97,2190076,0.0
2017-05-17,94.04,96.25,93.07,95.83,2143613,0.0
2017-05-18,108,112.18,106.87,109.91,8646951,0.0
2017-05-21,109.8,114.02,109.76,113.36,3106743,0.0
2017-05-22,113.25,114.25,112.43,113,2088633,0.0
2017-05-23,113.86,114.06,111.85,112.47,2793586,0.0
2017-05-24,112.97,114.68,112.97,113.89,2116541,0.0
2017-05-25,113.96,114.42,112.87,113.02,1503787,0.0
2017-05-29,112.8,113.66,112.26,113.15,1436097,0.0
2017-05-30,113.4,113.92,111.5,111.78,1770438,0.0
2017-05-31,111.72,113.12,110.94,113.03,1787406,0.0
2017-06-01,113.78,113.88,111.76,112.88,1728923,0.0
2017-06-04,112.74,113.14,110.23,110.88,1853284,0.0
2017-06-05,110.4,112.27,110.19,111.44,1136764,0.0
2017-06-06,111.52,112.08,110.6,111.18,1553161,0.0
2017-06-07,111.51,111.95,110.2,111.11,1531410,0.0
2017-06-08,111.16,111.6999,103.62,105.95,2175466,0.0
2017-06-11,104.15,108.62,100.7,107.44,3325050,0.0
2017-06-12,107.6,108.24,105.17,107.56,1819544,0.0
2017-06-13,108.52,108.65,105.0232,106.21,1522669,0.0
2017-06-14,104.77,106.04,103.48,105.61,1353347,0.0
2017-06-15,105.38,105.92,103.63,104.88,1505689,0.0
2017-06-18,105.6,106.7,105.16,106.16,2066425,0.0
2017-06-19,106.53,107.11,104.3,104.93,1465833,0.0
2017-06-20,105.88,106.56,104.82,105.69,2214196,0.0
2017-06-21,105.72,107.26,104.55,106.78,1920394,0.0
2017-06-22,106.59,108.76,105.3,107.75,2914718,0.0
2017-06-25,107.76,109.07,105.31,106.12,1383218,0.0
2017-06-26,105.58,106.45,102.5,102.92,1743384,0.0
2017-06-27,103.69,104.86,101.54,104.27,1133447,0.0
2017-06-28,103.57,103.8105,100,101.39,1904246,0.0
2017-06-29,102.32,102.37,100.75,100.82,1153516,0.0
2017-07-02,101.32,101.82,99.32,99.35,1120231,0.0
2017-07-04,99.37,103.04,99.22,102.61,2229957,0.0
2017-07-05,101.59,103.11,100.794,102.06,2034318,0.0
2017-07-06,102.29,104.28,102.29,103.32,1288331,0.0
2017-07-09,103.42,104.185,102.38,103.745,870313,0.0
2017-07-10,103.47,104.73,102.98,104.3,976546,0.0
2017-07-11,105.61,107.08,104.76,106.68,2088766,0.0
2017-07-12,107.49,108.5,106.38,107.07,1054539,0.0
2017-07-13,107.46,108.91,107.01,108.73,1099541,0.0
2017-07-16,108.9,109,106.56,106.95,833018,0.0
2017-07-17,106.67,107.85,106.23,107.7,605617,0.0
2017-07-18,108.5,110.5,108.47,110.22,1594313,0.0
2017-07-19,110.06,110.5,108.88,109.92,941956,0.0
2017-07-20,109.41,110.54,109.08,109.75,800155,0.0
2017-07-23,109.64,110.89,109.335,110.87,742134,0.0
2017-07-24,110.91,112.4,110.2,112.29,989127,0.0
2017-07-25,112.5,114.1,112.41,114.1,1551703,0.0
2017-07-26,114.97,115.25,109.32,111.55,1879613,0.0
2017-07-27,110.6,112.28,110.3326,111.5,666099,0.0
2017-07-30,111.65,112.315,109.78,110.82,953564,0.0
2017-07-31,111.27,112.59,111.1,111.38,966178,0.0
2017-08-01,111.08,111.38,107.28,109.12,1393503,0.0
2017-08-02,107.94,108.5,105.6,107.88,1837818,0.0
2017-08-03,108.35,109.04,107.56,108.37,750431,0.0
2017-08-06,108.67,111,108.4,109.79,1207407,0.0
2017-08-07,109.38,110.27,108,108.33,686367,0.0
2017-08-08,107.69,107.96,106.54,107.46,778121,0.0
2017-08-09,106.56,107.54,104.77,104.98,1253396,0.0
2017-08-10,105.75,108.7577,105.1,108.02,1081315,0.0
2017-08-13,109.2,110,108.01,108.9,1164129,0.0
2017-08-14,109.02,110.1,108.12,109.81,950234,0.0
2017-08-15,110.36,110.93,109.36,110.5,982907,0.0
2017-08-16,110.07,110.82,107.73,107.89,1312552,0.0
2017-08-17,107.86,110.1,107.19,108.56,871329,0.0
2017-08-20,108.37,110.3,108.37,109.76,936536,0.0
2017-08-21,110.31,112.235,109.77,111,1265027,0.0
2017-08-22,110.91,111.34,110.05,110.65,1245900,0.0
2017-08-23,110.58,111.25,109.04,110.6,2271598,0.0
2017-08-24,115.01,119.73,113.54,114.96,5901768,0.0
2017-08-27,115.06,115.14,110.01,111.49,2915179,0.0
2017-08-28,109.65,111.895,109.25,111.27,1354099,0.0
2017-08-29,111.27,113.67,110.61,113.29,1065326,0.0
2017-08-30,113.63,114.7,112.815,114.45,1002437,0.0
2017-08-31,114.63,115.62,113.65,113.7,1134134,0.0
2017-09-04,113.46,114.81,112.52,113.77,1999870,0.0
2017-09-05,114.4,114.78,112.65,113.79,1092059,0.0
2017-09-06,114.14,114.465,113.19,114.08,1300299,0.0
2017-09-07,114.17,115.72,114.1,114.44,1650097,0.0
2017-09-10,112.8,117.125,112.22,116.48,1632834,0.0
2017-09-11,116.27,116.99,114.98,116.15,1117915,0.0
2017-09-12,116.04,116.5,115.25,116.19,892557,0.0
2017-09-13,115.62,116.14,114.5,115.481,1078253,0.0
2017-09-14,115.35,115.62,113.88,114.32,1855795,0.0
2017-09-17,113.74,114.66,112.87,113.87,1211142,0.0
2017-09-18,113.77,114.06,112.97,113.04,1297057,0.0
2017-09-19,113.07,113.339,111.35,112.7,1282273,0.0
2017-09-20,112.82,113,111.37,112.3,822667,0.0
2017-09-21,111.68,112.82,111.64,111.78,676700,0.0
2017-09-24,111.67,111.83,108.65,109.83,1317854,0.0
2017-09-25,110.59,111.38,108.83,110.62,1154128,0.0
2017-09-26,110.21,113.47,110.21,111.97,1123292,0.0
2017-09-27,111.4,111.96,110.52,111.45,1057242,0.0
2017-09-28,111.25,112.76,111,112.22,1577406,0.0
2017-10-01,110.99,113.76,110.68,112.45,1545011,0.0
2017-10-02,112.39,113.73,111.67,113.63,754651,0.0
2017-10-03,113.79,114.07,112.35,114.04,815608,0.0
2017-10-04,114.5,116.83,113.9,116.54,1209489,0.0
2017-10-05,116.18,117.61,115.81,116.96,685605,0.0
2017-10-08,116.8,117.52,116.64,117.12,612078,0.0
2017-10-09,117.22,117.53,116.32,117.03,663773,0.0
2017-10-10,117.02,118.66,116.93,118.58,612614,0.0
2017-10-11,118.55,119.84,118.51,118.99,916058,0.0
2017-10-12,119.77,119.77,118.4498,119.62,942138,0.0
2017-10-15,119.69,119.97,118.67,119.19,853977,0.0
2017-10-16,119.35,119.7599,118.06,118.72,832572,0.0
2017-10-17,118.5,118.86,117.7834,118.54,709673,0.0
2017-10-18,119,119.32,117.57,119.29,785627,0.0
2017-10-19,119.98,121.88,119.7,120.8,1251147,0.0
2017-10-22,120.99,121.72,118.73,119.02,1095357,0.0
2017-10-23,118.96,119.61,117.9,119.26,872185,0.0
2017-10-24,119,120.25,118.05,119.94,716362,0.0
2017-10-25,120.21,121.95,119.46,121.36,639433,0.0
2017-10-26,121.54,123.97,121.4,123.56,1157227,0.0
2017-10-29,123.04,124.28,121.9,123.93,1208535,0.0
2017-10-30,124.28,125.01,123.42,124.96,1368094,0.0
2017-10-31,125.66,126.44,123.4,124.8,1254969,0.0
2017-11-01,125.45,125.65,123.51,124.7,1310301,0.0
2017-11-02,124.41,125.5,124.1101,124.84,1007065,0.0
2017-11-05,125,125.289,123.19,123.8,712320,0.0
2017-11-06,124.26,124.54,122.61,123.4,551280,0.0
2017-11-07,123.49,124.21,123.17,123.83,555030,0.0
2017-11-08,122.9,123.09,120.01,122.4,1074472,0.0
2017-11-09,121.95,123.32,121.67,123.11,633387,0.0
2017-11-12,124.34,125.02,122.685,124.64,782355,0.0
2017-11-13,124.4,124.82,123.16,123.85,957853,0.0
2017-11-14,123.88,125.01,122.44,124.04,988249,0.0
2017-11-15,124.79,127,124.64,126.99,1199317,0.0
2017-11-16,127.49,127.92,125.87,127.48,1124480,0.0
2017-11-19,127.51,128.28,126.11,126.3,1256533,0.0
2017-11-20,127.13,128.17,126.97,127.7,1132066,0.0
2017-11-21,128.01,128.685,126.835,127.76,1057276,0.0
2017-11-23,127.74,129.54,127.65,129.51,689064,0.0
2017-11-26,130.19,130.92,129.26,130.24,1698276,0.0
2017-11-27,130.76,131.1,127.49,129.96,2932249,0.0
2017-11-28,114.03,114.46,106.2,109.375,16742692,0.0
2017-11-29,109.64,111.579,106.54,109.61,7043310,0.0
2017-11-30,108.81,110.12,106.29,107.05,3909419,0.0
2017-12-03,108,108.69,105.16,107.95,3247036,0.0
2017-12-04,107.91,109.49,106.55,106.59,2472391,0.0
2017-12-05,105.73,107.83,105.73,106.94,1297126,0.0
2017-12-06,106.2,110.18,106,109.64,2472700,0.0
2017-12-07,109.6,110.17,106.69,107.16,2291479,0.0
2017-12-10,106.87,107.95,106.15,106.83,1707127,0.0
2017-12-11,106.32,107.98,105.58,106.33,1427832,0.0
2017-12-12,107.03,107.89,105.51,106.04,1283337,0.0
2017-12-13,105.95,107.12,105.95,106.27,1079586,0.0
2017-12-14,107.04,108.93,106.47,108.4,1675976,0.0
2017-12-17,108.66,109.43,107.28,107.49,1706292,0.0
2017-12-18,107.24,107.84,105.37,105.39,1402125,0.0
2017-12-19,106.02,106.02,104.19,105.02,1805106,0.0
2017-12-20,105.58,105.6699,103.65,104.43,3320791,0.0
2017-12-21,104.85,104.85,103.78,103.9,1091683,0.0
2017-12-25,103.45,104.15,103.19,103.8,969705,0.0
2017-12-26,103.97,105.199,103.48,104.57,679740,0.0
2017-12-27,104.66,105.22,104.2,105.05,620617,0.0
2017-12-28,105.04,105.65,104.5301,104.83,654109,0.0
2018-01-01,105.34,107.16,104.3861,107.1,1510039,0.0
2018-01-02,107,109.78,106.99,109.36,1335637,0.0
2018-01-03,110.13,112.21,109.23,112.09,1624974,0.0
2018-01-04,113.07,113.35,110.41,110.82,1835630,0.0
2018-01-07,110.42,111.74,109.04,111.41,1309375,0.0
2018-01-08,111.57,112.31,110.65,112.1,1525426,0.0
2018-01-09,111.79,112.61,110.55,111.47,1144344,0.0
2018-01-10,111.67,113.96,111.47,113.26,2180240,0.0
2018-01-11,113.57,116.09,113.07,115.92,1995237,0.0
2018-01-15,116.26,117.08,111.72,111.99,1996999,0.0
2018-01-16,112.76,113.1,111.06,113,2056698,0.0
2018-01-17,112.28,114.15,112.05,112.55,1187200,0.0
2018-01-18,112.96,115.91,112.37,115.29,2273481,0.0
2018-01-21,115.25,118.45,114.025,117.43,2287878,0.0
2018-01-22,117.14,119.07,116.501,118.71,1524306,0.0
2018-01-23,118.91,119.24,116.64,116.98,1681376,0.0
2018-01-24,117.95,118.42,116.57,116.88,1294228,0.0
2018-01-25,117.55,118.85,117.12,117.74,1338287,0.0
2018-01-28,117.7,118.47,116.19,116.38,760976,0.0
2018-01-29,115.46,116.35,113.77,115.03,1163453,0.0
2018-01-30,115.65,116.64,114.9,115.64,711284,0.0
2018-01-31,114.72,117.7,114.08,115.6099,1180802,0.0
2018-02-01,114.12,115.14,111.6,111.64,1288422,0.0
2018-02-04,110.82,116.15,109.18,109.19,2167795,0.0
2018-02-05,106.49,112.65,104.61,112.62,2382703,0.0
2018-02-06,111.82,113.56,110.51,110.55,1122845,0.0
2018-02-07,109.17,110.8,104.81,104.81,2303079,0.0
2018-02-08,105.98,107.92,101.55,105.93,3173920,0.0
2018-02-11,107.01,109.21,104.74,108.38,1542420,0.0
2018-02-12,106.5,110.195,106.2301,109.78,901955,0.0
2018-02-13,108.36,110.34,107.41,109.92,1400049,0.0
2018-02-14,111.16,114.71,110.01,113.51,2059852,0.0
2018-02-15,113.58,114.53,112.1,112.98,1062106,0.0
2018-02-19,112.51,115.06,112,114.27,990978,0.0
2018-02-20,114.18,115.72,112.32,112.35,1614379,0.0
2018-02-21,112.84,114.76,111.9,112.4,1387961,0.0
2018-02-22,113.67,115.04,112.38,115.03,1415827,0.0
2018-02-25,115.63,117.5,114.73,116.92,1589698,0.0
2018-02-26,117,117.57,115.14,116.13,1179364,0.0
2018-02-27,117.02,119.74,116.65,117.47,1970274,0.0
2018-02-28,117.95,118.98,114.01,114.73,2150284,0.0
2018-03-01,113.3,116.43,111.05,116.26,2070790,0.0
2018-03-04,115.12,119.3,115.05,118.875,1882353,0.0
2018-03-05,119.25,120.64,118.25,119.81,2773236,0.0
2018-03-06,133.01,137.9,130.06,137.7,10796851,0.0
2018-03-07,137.01,137.69,133.94,137.28,4340508,0.0
2018-03-08,138.31,140,137.35,139.36,2975222,0.0
2018-03-11,139.21,141.19,138.34,138.37,1585661,0.0
2018-03-12,139.74,141.26,135.07,136,1726731,0.0
2018-03-13,136.85,137.6111,135.05,136.22,1229957,0.0
2018-03-14,136.69,137.92,135.425,136.74,923086,0.0
2018-03-15,136.33,139.01,135.44,135.74,1377770,0.0
2018-03-18,134.55,135.46,132.06,134.32,1430174,0.0
2018-03-19,134.5,136.29,133.89,134.6,1224133,0.0
2018-03-20,135.01,137.6,133.87,135.54,1554688,0.0
2018-03-21,133.82,135.93,131.15,131.4,1657461,0.0
2018-03-22,131.75,132.5,128,128.02,2031790,0.0
2018-03-25,131.05,134.59,130.06,134.23,1623904,0.0
2018-03-26,134.53,134.59,127.1901,128.34,2177490,0.0
2018-03-27,127.71,129.39,124.38,124.55,2771711,0.0
2018-03-28,125.2,128.31,123.87,125.59,2916067,0.0
2018-04-01,124.56,125.8,120.8,122.75,1917691,0.0
2018-04-02,124.18,126.44,122.21,124.83,1675372,0.0
2018-04-03,121.72,128.05,121.36,127.46,1794553,0.0
2018-04-04,128.68,129.14,126.98,127.99,1506254,0.0
2018-04-05,126.69,127.96,124.96,125.77,1840613,0.0
2018-04-08,126.72,129.135,126.39,127.58,1386332,0.0
2018-04-09,129.25,132.37,128.19,131.74,1557881,0.0
2018-04-10,130.5,132.66,130.07,130.95,940629,0.0
2018-04-11,131.54,133.04,131.12,132.16,962050,0.0
2018-04-12,133.55,133.55,127.98,129.14,1401170,0.0
2018-04-15,130.28,131.15,128.77,129.72,1111129,0.0
2018-04-16,131.21,133.64,130.94,132.58,1150896,0.0
2018-04-17,133.19,134.73,132.08,133.87,936434,0.0
2018-04-18,133.49,134.03,131.485,132.33,947907,0.0
2018-04-19,132.47,132.47,128.96,130.11,1196549,0.0
2018-04-22,130.64,132.04,128.29,129.18,731312,0.0
2018-04-23,130.69,131.28,122.05,123.66,1885390,0.0
2018-04-24,123.72,124.65,120.905,123.98,1528397,0.0
2018-04-25,124.62,127.55,123.97,126.99,1514040,0.0
2018-04-26,127.16,127.83,125.775,126.63,768757,0.0
2018-04-29,127.32,128.09,125.81,125.92,1005698,0.0
2018-04-30,125.3,127.37,125.29,127.07,859218,0.0
2018-05-01,126.08,127.21,124.99,125.26,1021841,0.0
2018-05-02,124.76,128.35,123.8,127.59,1178705,0.0
2018-05-03,126.49,130.68,125.59,129.47,1157781,0.0
2018-05-06,129.76,132.12,129.63,131.54,1000395,0.0
2018-05-07,131.57,133.16,130.71,132.78,809786,0.0
2018-05-08,133.07,136.37,133.07,135.31,1273896,0.0
2018-05-09,135.96,137.67,134.9,136.46,910561,0.0
2018-05-10,136.56,136.94,135.33,136.2,1045261,0.0
2018-05-13,136.99,138.38,133.3303,134.09,1318587,0.0
2018-05-14,133.16,137.45,131.59,136.175,1551756,0.0
2018-05-15,136.47,136.73,134.89,135.93,1018791,0.0
2018-05-16,135.41,136.83,134.58,136.52,1063772,0.0
2018-05-17,136.62,139.665,136.25,138.86,1221432,0.0
2018-05-20,139.61,139.94,136.925,137.67,1859670,0.0
2018-05-21,138.51,139.17,136.46,136.71,1369058,0.0
2018-05-22,135.31,139.5,135.02,139.3,1394113,0.0
2018-05-23,139.06,139.628,136.12,138.909,2793388,0.0
2018-05-24,132.71,139.6925,131.147,132.75,5514827,0.0
2018-05-28,131.82,132.24,128.14,129.62,2287703,0.0
2018-05-29,130.54,132.04,128.77,129.38,1621883,0.0
2018-05-30,129.51,131.2,128.99,129.1,1309744,0.0
2018-05-31,130.3,133.65,129.95,133.6,1576901,0.0
2018-06-03,133.45,135.67,131.99,135.58,1136736,0.0
2018-06-04,135.65,138.13,134.47,136.81,902286,0.0
2018-06-05,137.21,138,135.76,137.94,1118066,0.0
2018-06-06,137.83,137.93,132.38,134.14,1396606,0.0
2018-06-07,133.72,135.35,132.97,135.15,665868,0.0
2018-06-10,135.01,136.21,134.71,135.97,965626,0.0
2018-06-11,136.53,137.91,136.38,137.34,886708,0.0
2018-06-12,137.89,139.25,136.43,137.16,949582,0.0
2018-06-13,138.14,139.44,137.76,138.42,1222235,0.0
2018-06-14,138.28,138.37,135.58,137.99,1485470,0.0
2018-06-17,136.48,142.48,136.15,141.25,2199545,0.0
2018-06-18,139,141.28,138.1,141.04,1893037,0.0
2018-06-19,141.17,142.936,140.66,140.94,1626465,0.0
2018-06-20,141.05,141.959,137.36,137.73,1206052,0.0
2018-06-21,137.69,137.955,133.37,136.51,1444400,0.0
2018-06-24,134.81,135.065,128.166,129.77,1892256,0.0
2018-06-25,129.74,131.75,128.76,130.2,1073477,0.0
2018-06-26,130.74,131.974,126.59,127.62,1879385,0.0
2018-06-27,127.95,130.865,127.2,130.25,1319275,0.0
2018-06-28,130.53,132.92,130.53,131.09,1337037,0.0
2018-07-01,130.02,131.96,129.01,131.88,902554,0.0
2018-07-02,131.65,133.2,131.28,131.6,648851,0.0
2018-07-04,133.01,133.81,131.31,132.81,1046837,0.0
2018-07-05,133.26,135.49,132.66,135.14,788611,0.0
2018-07-08,135.13,136.52,133.36,134.96,1323541,0.0
2018-07-09,134.9,136.8,133.89,134.37,976663,0.0
2018-07-10,133.51,134.03,131.65,132.25,1651388,0.0
2018-07-11,133,137.88,132.5803,137.46,1717079,0.0
2018-07-12,136.99,137.44,134.87,137.21,700900,0.0
2018-07-15,136.62,137.315,135.76,136.24,631859,0.0
2018-07-16,134.81,137.39,134.44,136.57,750233,0.0
2018-07-17,136.55,137.96,135.84,137.43,911070,0.0
2018-07-18,137.04,137.04,134.33,134.47,1138875,0.0
2018-07-19,135.16,135.52,134.13,134.32,995733,0.0
2018-07-22,134,134.69,132.06,134.49,948188,0.0
2018-07-23,135.31,135.97,131.5,132.31,762951,0.0
2018-07-24,132.31,135.92,131.64,135.91,1810112,0.0
2018-07-25,135.53,137.46,133.57,136.13,765778,0.0
2018-07-26,136.44,136.85,130,131.16,1657869,0.0
2018-07-29,131.17,131.64,124.69,126.99,2116930,0.0
2018-07-30,127.41,130.45,126.58,128.48,1357052,0.0
2018-07-31,128.09,129.77,126.73,127.16,1589161,0.0
2018-08-01,125.93,131.32,125.885,131.17,1353611,0.0
2018-08-02,131.33,132.47,129.96,132.06,1138703,0.0
2018-08-05,131.93,134.61,131.32,134.35,1168489,0.0
2018-08-06,134.44,136.33,134.38,135.16,1127963,0.0
2018-08-07,134.83,135.26,133.47,134.13,819221,0.0
2018-08-08,134.59,137,133.89,135.13,906046,0.0
2018-08-09,134.27,136.21,133.71,134.9,875365,0.0
2018-08-12,135.24,136.56,133.26,133.41,997620,0.0
2018-08-13,134.05,135.26,133.07,134,968846,0.0
2018-08-14,133.01,133.63,129.34,131.07,1568805,0.0
2018-08-15,132.1,133.89,131.1,133.72,2261480,0.0
2018-08-16,133.13,133.53,129.87,132.32,1890574,0.0
2018-08-19,132.35,134.29,131.63,133.71,2294779,0.0
2018-08-20,134.18,136.96,133.69,135.52,1872930,0.0
2018-08-21,134.84,137.55,134.84,137,1663883,0.0
2018-08-22,136.97,138.7,135.65,136.3,2291729,0.0
2018-08-23,152.39,157.78,1.5579,157.25,7452667,0.0
2018-08-26,158.15,159.94,153.91,154.63,2752325,0.0
2018-08-27,154.87,157.83,154.67,156.82,1834766,0.0
2018-08-28,156.75,157.63,155.32,155.65,1977050,0.0
2018-08-29,155.63,155.93,153.58,153.9,1663669,0.0
2018-08-30,153.56,154.74,153.27,154.41,1384738,0.0
2018-09-03,154.17,154.48,152.29,153.59,909185,0.0
2018-09-04,153.12,154.31,148.45,149.3499,1279805,0.0
2018-09-05,149.34,150.26,147.33,148.83,1186340,0.0
2018-09-06,147.64,150.85,146.7101,149.19,1245969,0.0
2018-09-09,149.96,151.22,148.54,150.75,1355700,0.0
2018-09-10,150.29,151.73,150.07,150.88,750680,0.0
2018-09-11,150.82,150.95,147.605,150.73,813219,0.0
2018-09-12,151.6,154.06,151.112,151.39,751696,0.0
2018-09-13,151.33,153.21,150.54,151.35,1389039,0.0
2018-09-16,150.23,152,146.29,146.74,1623633,0.0
2018-09-17,146.81,150.54,146.14,148.8,1232072,0.0
2018-09-18,148.32,148.98,145.9,148.4,1050956,0.0
2018-09-19,149.77,153.94,148.9696,153.23,2585801,0.0
2018-09-20,153.86,154.59,151.63,152.4,2112895,0.0
2018-09-23,150.65,153.7,149.33,152.83,1261950,0.0
2018-09-24,153.11,155.56,152.98,155.38,1341446,0.0
2018-09-25,155.99,157.11,154.31,154.83,891547,0.0
2018-09-26,155.36,156.51,154.87,156,634552,0.0
2018-09-27,155.05,156.6683,154.83,156.1,562744,0.0
2018-09-30,155.65,156.64,154.845,155.51,1050476,0.0
2018-10-01,155.73,156.26,153.1336,153.93,1197825,0.0
2018-10-02,154.26,155.83,153.4398,154.87,1316985,0.0
2018-10-03,153.885,154.2,149.76,152.1,5161226,0.0
2018-10-04,151.58,153.375,150.43,152,3215667,0.0
2018-10-07,151.04,152.3307,145.12,146.21,3524434,0.0
2018-10-08,146.52,148.13,142.7,142.86,2194575,0.0
2018-10-09,141.075,141.075,133.34,133.5,3048208,0.0
2018-10-10,132.6,134.42,129,130.89,2735826,0.0
2018-10-11,137.46,140.25,135.32,138.15,3551948,0.0
2018-10-14,138.47,139.32,132.7987,134.6,1928807,0.0
2018-10-15,137.75,141.8,136.62,141.42,2011114,0.0
2018-10-16,141.18,142.1,138.7,141.82,1295773,0.0
2018-10-17,140.76,141.45,135.76,137.28,1793153,0.0
2018-10-18,138.8099,140.43,133.1001,133.18,2883838,0.0
2018-10-21,133.93,137.31,131.45,135.64,1575925,0.0
2018-10-22,132.65,136.09,130.11,134.1,2118996,0.0
2018-10-23,133.31,134.04,124.68,124.92,2858155,0.0
2018-10-24,127.23,131,126.175,130,2415451,0.0
2018-10-25,125.54,128.96,123.93,124.71,2460422,0.0
2018-10-28,128.91,129.1596,119.93,124.19,3157363,0.0
2018-10-29,123.87,126.88,122.96,125.94,1679984,0.0
2018-10-30,128.28,132.5,127.67,129.26,1914566,0.0
2018-10-31,130.19,135.66,127.34,135.2,2086418,0.0
2018-11-01,135.51,137.29,132.71,134.12,1216477,0.0
2018-11-04,134.7,134.88,131.55,133.51,965826,0.0
2018-11-05,133.12,135.7,132.01,133.73,746645,0.0
2018-11-06,135.26,139.42,135.26,138.88,2456979,0.0
2018-11-07,138.84,140.71,137.89,140.61,1210656,0.0
2018-11-08,139.28,139.29,133.78,135.56,1143792,0.0
2018-11-11,134.18,134.49,128.85,130.12,1300011,0.0
2018-11-12,131.11,134.165,129.72,130.92,1012169,0.0
2018-11-13,133,133.99,128.23,129.47,1397839,0.0
2018-11-14,128.63,134.6999,127.94,134.3,1635278,0.0
2018-11-15,134.8,135.96,132.53,134.06,1941795,0.0
2018-11-18,134.21,134.96,125.05,125.75,2521969,0.0
2018-11-19,123.17,125.9,120.1,122.98,3131339,0.0
2018-11-20,136,139.4,132.23,135.07,5590372,0.0
2018-11-22,132.89,134.735,131.7,132.7,2212486,0.0
2018-11-25,134.98,139.0996,134.16,138.84,2549421,0.0
2018-11-26,137.34,143,136.63,140.16,3376283,0.0
2018-11-27,141.34,145.205,140.31,143.15,2598446,0.0
2018-11-28,141.95,147.44,141.95,145.52,2919627,0.0
2018-11-29,145.92,146.5,142.19,144.47,2254845,0.0
2018-12-02,148.03,150.41,146.525,148.02,2465684,0.0
2018-12-03,146.64,148.85,139.38,139.82,2360907,0.0
2018-12-05,136.36,140.14,133.3,140.11,2150640,0.0
2018-12-06,138.71,139.87,131.6201,132.6,1821933,0.0
2018-12-09,132.43,135.63,130.5,135.01,1443288,0.0
2018-12-10,138.28,138.9799,133.24,133.91,1926075,0.0
2018-12-11,137.5,140.42,136.22,137.81,1617878,0.0
2018-12-12,136.46,138.945,133.655,135.55,1169523,0.0
2018-12-13,133.6,135.83,130.99,131.45,1283086,0.0
2018-12-16,130.99,131.945,126.51,127.25,1675789,0.0
2018-12-17,128.36,131.54,128.29,130.58,1471546,0.0
2018-12-18,130.44,134.82,127,128.11,2353474,0.0
2018-12-19,127.64,129.44,121.04,124.94,2258940,0.0
2018-12-20,125.84,126.7,120.11,120.23,2870745,0.0
2018-12-23,118.72,122.14,117.72,118.35,1454425,0.0
2018-12-25,119.54,125.92,118.195,125.89,1408009,0.0
2018-12-26,122.66,127.46,121.26,127.425,1443998,0.0
2018-12-27,128.71,130.11,125.07,127.16,1048098,0.0
2018-12-30,129.19,129.497,127.175,127.96,862871,0.0
2019-01-01,125.39,129.64,124.65,128.76,1073055,0.0
2019-01-02,126.49,127.5,121.12,121.99,2135492,0.0
2019-01-03,124.37,129.37,121.81,128.25,2137783,0.0
2019-01-06,128.27,133.38,128.15,132.98,1126425,0.0
2019-01-07,134.26,135.7,132.245,133.73,1055211,0.0
2019-01-08,134.72,137.78,133.41,136.68,1596782,0.0
2019-01-09,135.21,137.53,134.85,136.71,1231791,0.0
2019-01-10,135.78,137.5,135.25,136.51,688764,0.0
2019-01-13,135.37,136.18,134.12,134.94,698446,0.0
2019-01-14,131.88,137.45,131.88,135.8666,1381453,0.0
2019-01-15,136.18,137.5,134.8,135.335,1136722,0.0
2019-01-16,134.63,137.9,134.255,136.56,1671901,0.0
2019-01-17,138.29,141.53,135.46,141.53,2446858,0.0
2019-01-21,140.28,141.52,138.12,138.44,1796175,0.0
2019-01-22,139.46,141.135,136.555,137.28,1362749,0.0
2019-01-23,136.02,137.5,135.235,136.13,1412248,0.0
2019-01-24,138.11,142.48,137.755,142,1424739,0.0
2019-01-27,140.65,141.09,138.74,140.76,1006124,0.0
2019-01-28,140.92,141.77,139.01,140.16,686550,0.0
2019-01-29,141.68,146.06,140.61,145.925,1129929,0.0
2019-01-30,146.2,148.57,145.86,147.21,1089575,0.0
2019-01-31,147.78,149.56,146.895,149.06,1142688,0.0
2019-02-03,149.06,152.65,149,151.48,1292621,0.0
2019-02-04,151.73,153.69,151.67,152.27,1203732,0.0
2019-02-05,152.16,153.14,150.79,152.23,1112217,0.0
2019-02-06,151,151.93,149.135,150.37,1411617,0.0
2019-02-07,149.12,154.41,149.12,154.35,1077624,0.0
2019-02-10,155,156.27,153.8,154.51,1219055,0.0
2019-02-11,156.4,159.59,155.89,159.505,1386520,0.0
2019-02-12,159.97,161.1,159.21,160.08,1504684,0.0
2019-02-13,158.84,161.05,158.005,160.015,1205908,0.0
2019-02-14,161.51,161.51,159.39,160.17,1578319,0.0
2019-02-20,159.64,160.68,158.85,159.8,965101,0.0
2019-02-21,160.87,161.78,160.19,161.51,822844,0.0
2019-02-24,163.54,166.29,163.49,163.94,1837937,0.0
2019-02-25,163.78,164.27,161.705,163.29,1423413,0.0
2019-02-26,162.59,164.32,160.66,164.27,1395890,0.0
2019-02-27,164.07,164.67,162.59,163.1,1781029,0.0
2019-02-28,167.77,169.05,158.4,159.76,3498761,0.0
2019-03-03,161,161.84,153.245,157.85,3949508,0.0
2019-03-04,158.2,158.2,154.165,154.67,1846026,0.0
2019-03-05,154.76,155.96,152.04,153.51,1680456,0.0
2019-03-06,152.9,153.97,150.88,152.78,2313185,0.0
2019-03-07,150.29,152.5,149.5,152.37,1477690,0.0
2019-03-10,152.39,155.28,151.86,153.99,1810311,0.0
2019-03-11,154.36,155.39,152.88,154.84,1146582,0.0
2019-03-12,155.34,157.09,153.21,153.33,1322574,0.0
2019-03-13,153.05,154.26,151.93,153.16,1557451,0.0
2019-03-14,153.58,154.68,153.04,153.28,1803892,0.0
2019-03-17,153.29,155.3177,152.33,153.82,1153419,0.0
2019-03-18,154.62,156.12,153.657,155.13,1407926,0.0
2019-03-19,156,156.27,152.36,154.34,1223563,0.0
2019-03-20,154.27,159.035,154.27,158.89,1073254,0.0
2019-03-21,158,158.82,153.9449,154.22,1567063,0.0
2019-03-24,153.53,155.55,152.43,154.73,1566737,0.0
2019-03-25,155.49,157.39,154.86,155.9,1261171,0.0
2019-03-26,155.65,156.1,151.15,153.11,1411720,0.0
2019-03-27,153.74,154.5,151.2,153.05,1295807,0.0
2019-03-28,154.69,155.92,153.86,155.85,1440760,0.0
2019-03-31,158.22,163.96,157.29,163.82,1226326,0.0
2019-04-01,163.53,164.85,163.03,164.35,1597199,0.0
2019-04-02,165.55,168.56,165,166.7,2100740,0.0
2019-04-03,166.69,168,163.22,165.07,2226969,0.0
2019-04-04,166.04,167.15,165.1425,166.3,1099199,0.0
2019-04-07,165.82,166.93,163.13,166.75,1144971,0.0
2019-04-08,166.15,167.37,165.56,167.05,991893,0.0
2019-04-09,167.3,170.91,167.17,170.43,1509444,0.0
2019-04-10,171.32,172.11,170.03,171.94,1383239,0.0
2019-04-11,173.02,173.44,170.65,171.9,1199500,0.0
2019-04-14,172.01,173.22,170.9909,172.78,785982,0.0
2019-04-15,173,174.4,171.34,172.69,1423074,0.0
2019-04-16,173.12,173.4,167.61,168.09,1590552,0.0
2019-04-17,168.35,169.38,164.81,169.17,1593075,0.0
2019-04-21,168.69,172.31,167.9,172.21,1047057,0.0
2019-04-22,173,176.205,172.5,175.22,1348522,0.0
2019-04-23,175.04,177.37,175.04,176.32,943827,0.0
2019-04-24,176.76,177.475,172.915,175.13,1266167,0.0
2019-04-25,175.37,177.11,174.31,177.06,1069020,0.0
2019-04-28,177.29,178.555,176.35,176.68,931683,0.0
2019-04-29,176.67,178.42,175.38,178.26,839857,0.0
2019-04-30,178.93,178.95,173.9,173.97,1065891,0.0
2019-05-01,173.64,174.66,171.325,173.33,925903,0.0
2019-05-02,174.72,176.88,174.06,176.69,761488,0.0
2019-05-05,171.8,175.51,169.8,175.28,1173210,0.0
2019-05-06,173,174.21,168.87,170.75,1458635,0.0
2019-05-07,170.34,172.785,169.72,171.49,934540,0.0
2019-05-08,169.23,172.01,167.46,171.41,906708,0.0
2019-05-09,170.64,174.19,167.81,173.81,1081723,0.0
2019-05-12,168.05,170.71,164.6,164.87,1580415,0.0
2019-05-13,166.73,170.7499,166.14,169.95,1180782,0.0
2019-05-14,168.17,173.93,168.17,173.33,1299601,0.0
2019-05-15,174.15,178.42,173.76,176.66,1075543,0.0
2019-05-16,174.97,177.695,173.89,174.3,1168373,0.0
2019-05-19,172.43,172.825,168.31,170.61,1540722,0.0
2019-05-20,172.76,174.94,172.225,174.19,1336745,0.0
2019-05-21,173.87,175.47,173.24,174.01,1161377,0.0
2019-05-22,170.01,173.74,167.14,169.56,2017642,0.0
2019-05-23,160.68,165.18,158.51,161.18,5783453,0.0
2019-05-27,161.52,165.345,160.7005,161.07,2356268,0.0
2019-05-28,160,162.29,159.26,161.46,2131387,0.0
2019-05-29,161.87,163.56,161.31,162.62,1020927,0.0
2019-05-30,160,162.47,159.795,160.91,1651587,0.0
2019-06-02,161.42,161.77,153.55,154.83,2463073,0.0
2019-06-03,157.58,160.05,155.81,159.9,1668749,0.0
2019-06-04,162.32,162.56,158.45,161.31,1011851,0.0
2019-06-05,161.09,161.48,158.37,161.22,1097342,0.0
2019-06-06,162.04,166,161.67,165.31,1210720,0.0
2019-06-09,166.38,168.15,164.99,165.13,1409544,0.0
2019-06-10,166.94,167.93,162.03,163.21,1207222,0.0
2019-06-11,163.46,163.81,161.72,163.77,824724,0.0
2019-06-12,164.54,164.88,161.77,162.28,1854739,0.0
2019-06-13,161.85,163,156.22,158.16,2645100,0.0
2019-06-16,158.39,158.81,157.09,157.38,1089793,0.0
2019-06-17,159.87,163.38,159.27,161.92,1282656,0.0
2019-06-18,163.01,166.79,162.35,165.6,2072746,0.0
2019-06-19,169.03,171.11,167.89,169.43,1683758,0.0
2019-06-20,169.33,171.68,169,170.82,1665938,0.0
2019-06-23,171.37,171.83,168.29,168.49,1403994,0.0
2019-06-24,169.28,169.37,162.84,163.16,1322816,0.0
2019-06-25,164.17,165.805,162.32,162.42,832775,0.0
2019-06-26,163.15,166.07,162.775,165.23,1272960,0.0
2019-06-27,165.68,166.36,162.87,162.89,1565637,0.0
2019-06-30,166.99,170.06,165.52,169.28,1823925,0.0
2019-07-01,169.11,170.3198,168.4,170.16,686978,0.0
2019-07-02,170.36,172.18,168.8409,172.06,563242,0.0
2019-07-04,170.39,172.34,169.44,172.24,820579,0.0
2019-07-07,170.75,171.39,168.7698,169.87,1440988,0.0
2019-07-08,168.77,171.43,168.26,171.33,996537,0.0
2019-07-09,172.51,175.28,172,172.74,1259699,0.0
2019-07-10,173.11,174.8,171.5,173.34,969050,0.0
2019-07-11,174.46,174.46,170.93,174.18,659534,0.0
2019-07-14,174.9,174.9,172.7,173.7,660975,0.0
2019-07-15,174.02,174.66,170.67,171.02,866826,0.0
2019-07-16,170.65,172.015,169.77,171.63,966190,0.0
2019-07-17,170.68,173.63,170.57,172.38,807096,0.0
2019-07-18,173.3,174.35,169.21,169.32,1059582,0.0
2019-07-21,170.31,172.27,170.09,170.36,839490,0.0
2019-07-22,171.45,171.45,167.97,169.77,807503,0.0
2019-07-23,169.02,173.95,167.93,173.5,976159,0.0
2019-07-24,172,172.76,167.15,169.92,1428468,0.0
2019-07-25,170.23,171.51,167.77,167.95,982949,0.0
2019-07-28,168.31,168.62,160.7,162.75,1788225,0.0
2019-07-29,162.08,162.85,160.01,160.31,927668,0.0
2019-07-30,160.28,160.6,154.285,156.1,1410201,0.0
2019-07-31,156.12,158.83,153.03,153.47,2447173,0.0
2019-08-01,153.23,154.27,146.1,147.72,3197176,0.0
2019-08-04,143.58,144.05,141.06,143.57,3048241,0.0
2019-08-05,145.26,146.67,142.055,143.66,2032308,0.0
2019-08-06,141.88,144.955,140.64,144.15,1602495,0.0
2019-08-07,146.48,152.22,146.19,152.1,2703521,0.0
2019-08-08,151.555,152.665,149.46,151.33,1474740,0.0
2019-08-11,149.53,150.36,147.845,148.8,2244128,0.0
2019-08-12,148.59,154.52,148.13,151.82,1468682,0.0
2019-08-13,148.52,148.67,143.61,146.85,1543655,0.0
2019-08-14,144.99,144.99,141.46,142.87,2240292,0.0
2019-08-15,144.71,145.32,143.535,144.13,1590271,0.0
2019-08-18,146.75,146.8,145.46,146.19,1496668,0.0
2019-08-19,145.72,147.42,144.53,146.63,979379,0.0
2019-08-20,147.75,148.0999,145.01,145.9,1522940,0.0
2019-08-21,145.9,146.43,143.17,145.21,2316302,0.0
2019-08-22,144.4,147.11,143.24,144.08,2259488,0.0
2019-08-25,145.82,147.86,145.66,147.86,1903055,0.0
2019-08-26,149.45,151.4,148.69,150.21,2853440,0.0
2019-08-27,131.43,141.36,129.7,140.08,17931529,0.0
2019-08-28,142.02,142.98,140.16,142.63,3143512,0.0
2019-08-29,143.79,144.13,141.11,142.82,2549324,0.0
2019-09-02,141,143,139.87,141.15,2203926,0.0
2019-09-03,142.56,145.59,141.86,144.34,1716291,0.0
2019-09-04,146.28,149.11,145.62,148.22,1863062,0.0
2019-09-05,148.83,152.71,148.105,150.3725,1905890,0.0
2019-09-08,151.02,151.65,147.57,151.03,2326319,0.0
2019-09-09,149.98,151.37,146.06,148.1,1907603,0.0
2019-09-10,149.27,154.91,147.5547,154.66,2457583,0.0
2019-09-11,155.67,159.88,155.05,155.69,3178260,0.0
2019-09-12,155.53,156.14,152.87,153.48,1457161,0.0
2019-09-15,152.47,155.01,152.46,153.82,1387065,0.0
2019-09-16,152.25,153.86,152,153.69,1236354,0.0
2019-09-17,152.13,152.34,148.25,151.09,1321680,0.0
2019-09-18,151.39,154.19,151.39,153.34,1105542,0.0
2019-09-19,153.14,154.26,151.43,153.33,1737300,0.0
2019-09-22,152.46,153.53,151.7,152.37,932083,0.0
2019-09-23,152.94,153.63,148.17,149.06,1731205,0.0
2019-09-24,148.85,149.14,144.97,147.43,1843678,0.0
2019-09-25,146.86,149.8899,145.72,149.09,920954,0.0
2019-09-26,149.37,149.985,143.7001,145.23,1582067,0.0
2019-09-29,145.74,147.97,144.7,147.72,966402,0.0
2019-09-30,148.5,149.49,144.99,145.67,1424391,0.0
2019-10-01,143.99,144.12,141.68,142.84,1427059,0.0
2019-10-02,142.37,145.08,140.26,144.77,1215883,0.0
2019-10-03,145.88,147.39,144.25,146.875,2107040,0.0
2019-10-06,145.98,148.51,145.98,147.5,1733812,0.0
2019-10-07,146.17,148,145.31,145.65,3169398,0.0
2019-10-08,147.32,148.7,146.29,148.37,1522857,0.0
2019-10-09,147.95,149.09,144.5,144.73,2652629,0.0
2019-10-10,147.16,152.26,146.7001,150.32,3384648,0.0
2019-10-13,149.71,150.42,148.58,150.32,1282212,0.0
2019-10-14,150.56,151.26,149.37,149.96,1735069,0.0
2019-10-15,147.85,148.52,143.26,145.35,5375196,0.0
2019-10-16,146.02,146.82,144.03,144.27,2653964,0.0
2019-10-17,144.02,144.485,138.9,139.64,5540772,0.0
2019-10-20,140.42,142.365,139.2,141.5,1389546,0.0
2019-10-21,142.02,142.58,139.71,140.05,1188311,0.0
2019-10-22,139.57,142.8031,138.62,141.93,1527437,0.0
2019-10-23,143,146.1,142.5,145.37,1174004,0.0
2019-10-24,144.98,147.17,144.32,145.56,955467,0.0
2019-10-27,146.99,147.84,145.36,147.03,772667,0.0
2019-10-28,146.98,147.92,145.39,145.59,584331,0.0
2019-10-29,146.24,149.52,144.84,148.81,1004171,0.0
2019-10-30,148.76,149.045,145.34,147.36,823177,0.0
2019-10-31,148.6,151,147.68,150.25,964009,0.0
2019-11-03,151.15,151.7599,149.55,151.29,841399,0.0
2019-11-04,152.04,153.37,149.08,151.73,806587,0.0
2019-11-05,151.68,151.96,150.48,151.51,701080,0.0
2019-11-06,152.31,153.8,151,151.82,541300,0.0
2019-11-07,150.79,152.99,150.4339,152.93,551427,0.0
2019-11-10,152.39,154.1,151.9,152.88,482764,0.0
2019-11-11,154.78,158.58,154.33,158.06,1410848,0.0
2019-11-12,156.84,159.33,156.0592,159.21,882283,0.0
2019-11-13,158.41,159.34,157.32,158.14,1097956,0.0
2019-11-14,158.36,161.8,157.505,161.76,1212595,0.0
2019-11-17,160.03,163.72,159.78,162.45,1310386,0.0
2019-11-18,163.47,164.94,162.42,164.54,1096498,0.0
2019-11-19,165,167.05,164.08,165.37,1317645,0.0
2019-11-20,165.33,165.92,164.11,165.04,1025735,0.0
2019-11-21,165.96,167.2,164.48,167.02,824436,0.0
2019-11-24,168,169.29,167.67,168.91,1432325,0.0
2019-11-25,169.79,172,168.7,172,2420666,0.0
2019-11-26,170.53,180.62,169.7,180.19,4268511,0.0
2019-11-28,178.5,181.355,176.65,180.96,1319749,0.0
2019-12-01,180.69,181.19,175.07,175.56,1713891,0.0
2019-12-02,172.2,175.725,170.92,175.4,1234236,0.0
2019-12-03,175.09,177.33,173.61,176.38,964125,0.0
2019-12-04,177.56,177.56,175.22,176.62,782021,0.0
2019-12-05,177.93,179.92,176.73,179.33,836354,0.0
2019-12-08,179.31,181.55,178.71,178.78,1256238,0.0
2019-12-09,178.5,179.81,177.66,178.47,1020895,0.0
2019-12-10,179.08,179.9,177.71,179.64,1366737,0.0
2019-12-11,175.76,178.95,175.315,177.9,1319491,0.0
2019-12-12,178.42,179.79,177.56,179.44,1184947,0.0
2019-12-15,180.13,184.872,180.01,184.35,1331878,0.0
2019-12-16,184.61,185.4,180.74,181.5,1233346,0.0
2019-12-17,182,185.08,181.495,183.76,893988,0.0
2019-12-18,184,184.75,182.37,183.78,785605,0.0
2019-12-19,185.75,185.75,182.62,182.84,1389185,0.0
2019-12-22,183.18,183.83,181.73,182.92,697332,0.0
2019-12-23,183.2,184,182.82,183.96,220459,0.0
2019-12-25,184.4,185.31,183.68,184.28,496242,0.0
2019-12-26,185.3,185.64,183.7,185.37,538507,0.0
2019-12-29,184.63,185.5,182.01,183.29,853207,0.0
2019-12-30,183.05,184.32,182.31,183.52,553245,0.0
2020-01-01,184.21,187.89,181.88,187.83,1379670,0.0
2020-01-02,184.49,186.41,183.78,184.96,635151,0.0
2020-01-05,183.78,187.25,183.16,187.12,642260,0.0
2020-01-06,186.78,188.17,185.1,187.52,750003,0.0
2020-01-07,188.22,190.5,187.03,190.01,1080578,0.0
2020-01-08,191.71,192.7,190.68,191.94,952496,0.0
2020-01-09,193.16,193.42,191.835,192.43,629895,0.0
2020-01-12,190,193.37,189.97,192.44,1336587,0.0
2020-01-13,192.25,193.13,190.63,191.1,932926,0.0
2020-01-14,190.94,192.17,190.01,190.76,1282589,0.0
2020-01-15,192.51,193.12,191.5,192.5,1958691,0.0
2020-01-16,192.38,194.24,191.31,193.41,1449901,0.0
2020-01-20,194.01,197.5497,193.695,195.845,1877070,0.0
2020-01-21,197.47,198.72,194.6199,194.75,1698172,0.0
2020-01-22,195.39,198.91,193.76,198.61,2811255,0.0
2020-01-23,199.43,200.9,197.91,199.2,4494049,0.0
2020-01-26,195.77,197.15,192.96,195.86,1478260,0.0
2020-01-27,196.26,200.43,195.675,199.96,1004916,0.0
2020-01-28,200.92,201.57,198.86,199.7,650561,0.0
2020-01-29,198.42,200.84,196.98,199,1362905,0.0
2020-01-30,198.77,199.32,193.31,196.85,1317850,0.0
2020-02-02,197.86,199.94,197.7788,199.36,701723,0.0
2020-02-03,202,204.19,200.51,203.95,900218,0.0
2020-02-04,206.5,206.5,200.79,202.06,1178787,0.0
2020-02-05,203.62,206.92,202.46,206.01,1241428,0.0
2020-02-06,205.58,210.13,204.64,207.04,1300842,0.0
2020-02-09,207.24,207.76,205.34,206.09,1299347,0.0
2020-02-10,207.35,207.99,204.52,205.76,1203562,0.0
2020-02-11,206.76,207.72,205.45,207.23,940131,0.0
2020-02-12,206.34,208.47,206.34,207.5,766410,0.0
2020-02-13,208.09,209.2,207.24,208.93,891319,0.0
2020-02-17,209.47,209.82,206.9,207.06,1082552,0.0
2020-02-18,209.33,211.175,208.64,210.8,1290417,0.0
2020-02-19,210.44,211.58,205.07,206.68,1427491,0.0
2020-02-20,205,206.27,199.85,201.91,1484975,0.0
2020-02-23,195.56,197.29,192.43,194.39,1874038,0.0
2020-02-24,196.47,197.4236,185.74,186.75,2044554,0.0
2020-02-25,188.59,194.15,187.66,190.68,2471364,0.0
2020-02-26,184.24,188.4851,180.07,180.39,2407769,0.0
2020-02-27,176.57,191.36,175.0476,191.28,3833452,0.0
2020-03-01,190.67,191.97,183.27,190.85,2329444,0.0
2020-03-02,187.85,190,177.82,180.48,2516719,0.0
2020-03-03,183.9,191.68,182.13,191.42,1877530,0.0
2020-03-04,185.47,192.73,182.83,184.02,1952886,0.0
2020-03-05,177.83,179.68,168.55,173.37,2884768,0.0
2020-03-08,157.82,164.81,157.22,159.74,5630486,0.0
2020-03-09,165.6,166.5,157.1,164.48,3103234,0.0
2020-03-10,159.55,161.75,152.36,154.36,2446513,0.0
2020-03-11,143.79,148.5,135.7,135.95,4651262,0.0
2020-03-12,145,158.17,138.45,158.03,3691675,0.0
2020-03-15,140.9892,153.49,135.24,148.03,3810281,0.0
2020-03-16,149.69,157.95,140.0501,155.32,7343040,0.0
2020-03-17,145.22,154.38,125.38,142.51,4164671,0.0
2020-03-18,141.45,152.27,134.98,149.22,3492971,0.0
2020-03-19,151.46,156.06,145.38,148.01,4346085,0.0
2020-03-22,147.81,151.84,138.1,144.07,3035041,0.0
2020-03-23,151.25,153.4,141.43,150.02,2425594,0.0
2020-03-24,149.4,154.97,142.32,149.83,2233574,0.0
2020-03-25,150.85,163.15,150.645,160.89,2416440,0.0
2020-03-26,155.83,156.62,140.3206,141.57,2581771,0.0
2020-03-29,142.74,157.18,141.29,155.71,3084608,0.0
2020-03-30,154,158.91,152.83,156.06,2173216,0.0
2020-03-31,147.53,150.47,137.86,139.22,2736686,0.0
2020-04-01,136.97,142.14,135.52,137.01,5051722,0.0
2020-04-02,136.89,141.54,136.28,138.96,1658794,0.0
2020-04-05,146.12,153.52,144.61,152.52,2253242,0.0
2020-04-06,157.73,157.8,147.265,148.7,1907855,0.0
2020-04-07,150.79,161.78,149.46,159.21,2754433,0.0
2020-04-08,160.71,170.8078,160.17,164.9,3492881,0.0
2020-04-12,162.37,163.985,156.91,160.94,1412104,0.0
2020-04-13,165.17,174.76,164,172.11,3472564,0.0
2020-04-14,168.57,172.54,167.44,169.15,3542304,0.0
2020-04-15,171.46,173.49,168.12,171.15,4926980,0.0
2020-04-16,176.08,182,173.97,181.01,7725103,0.0
2020-04-19,178.19,181.52,176.44,177.96,2848520,0.0
2020-04-20,175.96,177.16,166.86,170.03,5558814,0.0
2020-04-21,176.05,177.33,173.36,175.45,3160127,0.0
2020-04-22,172.99,178.98,172.2222,175.55,2722414,0.0
2020-04-23,177.2643,180.97,174.19,180.35,2734629,0.0
2020-04-26,182.24,186.56,182.24,182.45,2515996,0.0
2020-04-27,185.53,185.79,176.27,177.31,1674692,0.0
2020-04-28,180.61,189.86,180,188.01,2735468,0.0
2020-04-29,187,189.55,185.14,187.07,1322572,0.0
2020-04-30,179.22,181.54,172.22,174.9,3695146,0.0
2020-05-03,174.78,179.33,173.13,177.76,1007496,0.0
2020-05-04,179.57,184.87,179.275,180.49,1709000,0.0
2020-05-05,182.23,185.075,179.66,181.16,864967,0.0
2020-05-06,182.93,186.46,180.81,184,2778616,0.0
2020-05-07,186,187.1575,183.25,184.29,894953,0.0
2020-05-10,183.14,186.14,182.92,184.4,995089,0.0
2020-05-11,184.37,187.12,180.97,180.99,1819770,0.0
2020-05-12,180.6,182.68,173.83,176.72,1045214,0.0
2020-05-13,174.53,177.98,170.57,177.87,1088733,0.0
2020-05-14,176.49,181.125,175.44,180.6,966164,0.0
2020-05-17,183.84,190.77,183.04,189.9,2443218,0.0
2020-05-18,190.13,198.9,190.13,194.72,1293533,0.0
2020-05-19,197.97,199.59,194.32,196.44,1558479,0.0
2020-05-20,196.08,197.58,193.65,194.84,2063860,0.0
2020-05-21,194.03,196.9,192.51,195.88,1775922,0.0
2020-05-25,199.32,203.83,198.62,199.68,1423126,0.0
2020-05-26,198.65,199.82,192.51,199.79,1822399,0.0
2020-05-27,196.38,208.3,194.6,202.82,2908360,0.0
2020-05-28,203.6,210.71,200.34,210.31,3267614,0.0
2020-05-31,210,221.51,209.0588,219.3,5040414,0.0
2020-06-01,218.93,221,212.11,219.19,4361320,0.0
2020-06-02,220.75,227.39,219.17,226.26,3711428,0.0
2020-06-03,225,227.365,223.29,225.01,3728460,0.0
2020-06-04,224.67,234.54,223,233.88,1614094,0.0
2020-06-07,231.14,236.47,230.46,233.47,2010032,0.0
2020-06-08,232.49,237.8,231.45,234.165,3477784,0.0
2020-06-09,235.59,240.245,233.46,236.64,3134371,0.0
2020-06-10,233,233.47,218.95,219.16,2422198,0.0
2020-06-11,227.95,228.1325,223.335,223.335,1019972,0.0
2020-06-14,218.96,229.75,218.76,229,2420364,0.0
2020-06-15,234.95,241.77,234,240.93,2143177,0.0
2020-06-16,242.29,243.76,236.42,236.95,1967417,0.0
2020-06-17,237.95,239.2,236.048,238.07,869993,0.0
2020-06-18,242.11,242.98,235.4949,237.79,2798913,0.0
2020-06-21,236,241.07,236,241.07,960328,0.0
2020-06-22,242.91,247.14,241.455,241.61,1248937,0.0
2020-06-23,240.29,242.6747,231.4382,233.44,1683688,0.0
2020-06-24,233.5,234.81,228.37,234.43,1464467,0.0
2020-06-25,234.93,236.71,230.66,232.29,982967,0.0
2020-06-28,232.53,233.93,227.755,232.25,683338,0.0
2020-06-29,232.95,239.95,231.2,239.19,1270600,0.0
2020-06-30,239.94,242.67,237.8,241.16,1159417,0.0
2020-07-01,242.51,244.4,239.18,240.27,983474,0.0
