Date,Open,High,Low,Close,Volume,OpenInterest
2016-07-12,84.37,84.795,82.895,83.06,506382,0.0
2016-07-13,83.65,83.92,82.96,83.26,367025,0.0
2016-07-14,83.35,83.96,82,82.4,464315,0.0
2016-07-17,82.4,82.98,82.4,82.86,338192,0.0
2016-07-18,83.2,83.35,82.74,82.98,371618,0.0
2016-07-19,83.59,83.91,83.34,83.42,480479,0.0
2016-07-20,83.68,84.115,82.31,82.73,448521,0.0
2016-07-21,83,84.6,82.6,84.59,379268,0.0
2016-07-24,84.63,84.67,83.77,84.18,282036,0.0
2016-07-25,84.15,85.66,84.15,85.61,355244,0.0
2016-07-26,85.57,85.77,84.561,85.15,286419,0.0
2016-07-27,85.36,86.2,84.4,85.28,865794,0.0
2016-07-28,85.25,89.58,85.2,89.13,1567206,0.0
2016-07-31,89.49,90.0972,88.65,89.69,429221,0.0
2016-08-01,89.07,90.61,88.97,90.37,651819,0.0
2016-08-02,90.52,92.04,90.01,91.96,838308,0.0
2016-08-03,91.98,92.4,90.68,91.71,957057,0.0
2016-08-04,92,92.61,91.42,91.81,744275,0.0
2016-08-07,92.21,92.4,91.47,91.8,668837,0.0
2016-08-08,91.98,93.27,91.87,93.17,540830,0.0
2016-08-09,93.47,93.9,93.12,93.37,600409,0.0
2016-08-10,93.38,95.05,93.37,94.63,466791,0.0
2016-08-11,94.84,95.78,94.56,95.64,754288,0.0
2016-08-14,95.23,96.13,94.86,96.01,537952,0.0
2016-08-15,95.83,95.97,94.63,94.72,212995,0.0
2016-08-16,94.82,95,92.3322,93.05,929795,0.0
2016-08-17,92.49,95.23,92.49,94.71,749925,0.0
2016-08-18,94.47,95.59,94.02,94.82,271937,0.0
2016-08-21,94.52,95.4,94.22,94.4,438392,0.0
2016-08-22,94.5,94.6,93.27,93.62,628392,0.0
2016-08-23,93.6,93.63,92.18,92.39,619634,0.0
2016-08-24,92.4,92.71,90.57,92.02,829749,0.0
2016-08-25,92.1,93.79,92.1,92.66,507691,0.0
2016-08-28,92.98,93.82,92.74,93.4399,468058,0.0
2016-08-29,93.51,93.72,92.45,93.19,739513,0.0
2016-08-30,93.05,93.44,92.34,92.9,538794,0.0
2016-08-31,93.2,93.92,92.4,93.76,535057,0.0
2016-09-01,94.43,95.94,94.43,95.78,682425,0.0
2016-09-05,96.23,96.5681,94.39,95.26,453044,0.0
2016-09-06,95.38,96.48,95.38,96.28,652054,0.0
2016-09-07,96.07,96.9,95.2,95.39,340715,0.0
2016-09-08,94.57,95.437,91.51,91.79,797704,0.0
2016-09-11,91.57,93.35,91.02,93.14,807921,0.0
2016-09-12,92.61,93.6025,91.32,92.01,461130,0.0
2016-09-13,92.1,92.59,91.45,92.34,466601,0.0
2016-09-14,92.72,93.59,92.04,92.92,722650,0.0
2016-09-15,92.86,94.1,92.47,93.89,557030,0.0
2016-09-18,93.89,95.44,93.5,94.14,379552,0.0
2016-09-19,94.79,94.98,93.67,93.7,785088,0.0
2016-09-20,93.76,95.7,93.47,95.32,1018212,0.0
2016-09-21,95.98,96.23,95.46,95.71,964465,0.0
2016-09-22,95.3,95.55,93.7266,94.12,317032,0.0
2016-09-25,94.07,94.13,92.86,93.1,395690,0.0
2016-09-26,93.49,94.6499,93.07,94.44,392488,0.0
2016-09-27,94.54,94.7,93.59,94.57,233325,0.0
2016-09-28,94.51,94.51,91.64,92.41,410050,0.0
2016-09-29,92.5,94.52,92.33,93.75,396451,0.0
2016-10-02,92.04,92.3015,88.2,90.2,1278844,0.0
2016-10-03,90.58,91.68,88.75,89.45,633675,0.0
2016-10-04,89.51,90.34,89.18,89.47,582203,0.0
2016-10-05,89.09,90.145,88.92,89.5,692606,0.0
2016-10-06,89.77,90,88.5,89.68,450356,0.0
2016-10-09,89.71,92.18,89.71,91.09,433763,0.0
2016-10-10,91.32,92.04,88.8,89.61,498485,0.0
2016-10-11,90.02,90.5629,89.11,90.26,396829,0.0
2016-10-12,89.96,91.44,89.4201,90.93,514043,0.0
2016-10-13,91.05,91.82,90.57,90.86,478023,0.0
2016-10-16,90.63,91.2699,89.35,89.79,508051,0.0
2016-10-17,90.9,91.18,90.29,90.415,430328,0.0
2016-10-18,91.11,91.52,90.245,91,396373,0.0
2016-10-19,91,91.61,90.67,91.53,286454,0.0
2016-10-20,90.5,90.62,88.86,89.49,719711,0.0
2016-10-23,90,91.05,89.04,89.25,650843,0.0
2016-10-24,89.99,89.99,87.12,87.51,562833,0.0
2016-10-25,87,87,84.18,84.52,977400,0.0
2016-10-26,84.9,84.9,83.2701,84.14,619711,0.0
2016-10-27,83.8,86.63,83.3,85.09,600326,0.0
2016-10-30,85.31,86.345,83.63,85.91,1140776,0.0
2016-10-31,85.86,86.73,83.77,84.54,1096054,0.0
2016-11-01,84.48,86.725,84.21,85.15,890943,0.0
2016-11-02,85.71,87.01,85.42,86.07,402904,0.0
2016-11-03,86.09,86.535,85.56,85.74,573633,0.0
2016-11-06,87.14,88.69,86.38,87.735,987204,0.0
2016-11-07,89.89,91.96,86.72,88.79,1903138,0.0
2016-11-08,87.77,91.38,87.19,90.92,922955,0.0
2016-11-09,91.77,92.62,88.74,90.6,678567,0.0
2016-11-10,90.51,92.15,89.82,91.56,700083,0.0
2016-11-13,92.06,92.87,89.99,90.21,843359,0.0
2016-11-14,90.52,94.56,90.52,93.95,1104569,0.0
2016-11-15,93.42,95.34,93.21,94.04,780016,0.0
2016-11-16,93.75,97.28,93.72,97.27,1057220,0.0
2016-11-17,97.73,98.62,94.8,94.83,725402,0.0
2016-11-20,94.75,97.102,94.25,96.19,707128,0.0
2016-11-21,95,95.11,93.19,94.46,932947,0.0
2016-11-22,94.05,96.08,94.05,95.56,610080,0.0
2016-11-24,96.44,96.88,95.73,96.19,387440,0.0
2016-11-27,96.33,98.11,95.01,95.33,797721,0.0
2016-11-28,95.95,96.225,94.94,95.51,835162,0.0
2016-11-29,95,95.45,92.31,93.05,1391887,0.0
2016-11-30,93.12,93.68,91.46,92.52,1089896,0.0
2016-12-01,92.3,94.16,92.25,92.47,621586,0.0
2016-12-04,93.26,94.71,93.2101,94.08,663687,0.0
2016-12-05,94.65,96.37,92.74,96.25,777174,0.0
2016-12-06,98.17,98.22,95.25,98.12,824252,0.0
2016-12-07,97.89,99.58,97.47,99.32,653380,0.0
2016-12-08,99.84,100.67,98.4298,98.57,1002689,0.0
2016-12-11,97.99,99.48,97.62,98.55,843322,0.0
2016-12-12,99.69,100.495,97.94,99.15,590389,0.0
2016-12-13,99.05,99.93,98.0501,98.6,460025,0.0
2016-12-14,98.93,100.5899,98.25,100.26,647578,0.0
2016-12-15,100.18,101.79,100.02,101.13,805059,0.0
2016-12-18,101.56,102.1,100.09,100.25,467773,0.0
2016-12-19,100.13,100.8,99.05,99.39,458122,0.0
2016-12-20,99.76,99.76,98.351,98.65,399857,0.0
2016-12-21,98.93,99.16,97.99,98.2,460588,0.0
2016-12-22,98.39,98.69,97.91,98.47,310713,0.0
2016-12-26,98.71,99.45,98.59,98.64,305296,0.0
2016-12-27,98.6,99.24,96.5,96.81,388460,0.0
2016-12-28,97.09,97.59,96.55,96.95,330080,0.0
2016-12-29,97.12,97.35,95.84,96.08,286134,0.0
2017-01-02,96.49,98.33,95.801,96.94,668452,0.0
2017-01-03,96.85,98.82,96.8,97.76,465793,0.0
2017-01-04,97.52,97.77,94.41,94.8,515486,0.0
2017-01-05,94.82,95.74,93.6,94.08,801024,0.0
2017-01-08,94.13,95.87,93.51,94.81,444442,0.0
2017-01-09,94.61,96.79,94.15,96.11,566594,0.0
2017-01-10,96.07,96.76,95.06,96.01,417552,0.0
2017-01-11,95.57,95.85,94.4,95.58,403922,0.0
2017-01-12,95.65,96.64,95.2791,96.01,408383,0.0
2017-01-16,95.47,96.27,94.63,95.325,403930,0.0
2017-01-17,95.79,96.11,93.83,94.4,558933,0.0
2017-01-18,91.51,91.85,90.21,90.54,1726975,0.0
2017-01-19,90.89,92.025,90.86,91.69,636843,0.0
2017-01-22,91.58,92.47,91.44,92.04,526479,0.0
2017-01-23,92.53,92.67,90.78,91.65,662041,0.0
2017-01-24,91.88,93.6,91.76,93.44,316659,0.0
2017-01-25,93.46,93.58,91.84,92.23,482966,0.0
2017-01-26,91.67,92.47,89.9601,90.93,1355761,0.0
2017-01-29,89.64,90.09,88.56,89.96,1144272,0.0
2017-01-30,89.72,91.75,89.32,91.7,1262703,0.0
2017-01-31,97,102,95.43,97.25,3305612,0.0
2017-02-01,97.38,98.54,94.72,95.12,1418399,0.0
2017-02-02,95.43,96.52,94.14,95.83,890172,0.0
2017-02-05,96,96.24,93.3,93.85,1053146,0.0
2017-02-06,94.31,94.5,93.09,93.65,790348,0.0
2017-02-07,93.25,94.19,92.61,94.18,454750,0.0
2017-02-08,94.2,96.49,94.2,95.99,520452,0.0
2017-02-09,95.96,97.22,95.17,96.94,576426,0.0
2017-02-12,96.92,98.02,96.4001,97.64,456337,0.0
2017-02-13,97.67,99.28,97.31,98.39,465374,0.0
2017-02-14,98.27,100.12,98.15,99.96,461182,0.0
2017-02-15,100,100.76,99.591,100.42,607946,0.0
2017-02-16,100.35,101.83,99.6,101.77,520291,0.0
2017-02-20,102.28,102.9,101.06,101.88,405835,0.0
2017-02-21,100.61,101.195,100.025,101.09,569381,0.0
2017-02-22,101.21,101.65,100.24,101.16,322028,0.0
2017-02-23,100.57,103.04,100.57,102.9,574606,0.0
2017-02-26,102.57,103.24,102.11,102.27,476780,0.0
2017-02-27,102.27,103.83,102.27,102.76,497599,0.0
2017-02-28,103.77,104.42,102.67,103.83,579928,0.0
2017-03-01,104.09,104.53,103.16,104.14,431923,0.0
2017-03-02,104.2,104.6699,103.12,104.03,353576,0.0
2017-03-05,104.1,104.7,102.18,102.74,605857,0.0
2017-03-06,102.47,103.82,102.02,103.17,445262,0.0
2017-03-07,103.65,104.59,103.39,103.73,233414,0.0
2017-03-08,104.09,105.5899,103.2204,105.36,354041,0.0
2017-03-09,105.84,105.92,104.395,105.31,338425,0.0
2017-03-12,105.47,108.27,105.47,107.99,506208,0.0
2017-03-13,107.84,107.98,106.62,107.48,363607,0.0
2017-03-14,107.59,110.87,107.12,110.31,843155,0.0
2017-03-15,110.65,111.3955,109.76,110.48,461401,0.0
2017-03-16,110.89,113,110.56,111.84,738098,0.0
2017-03-19,112.25,113.31,111.65,113.21,713130,0.0
2017-03-20,113.77,114.29,110.58,111.06,720246,0.0
2017-03-21,110.95,112.49,110.31,111.99,402486,0.0
2017-03-22,111.93,113.33,111.35,112.55,392373,0.0
2017-03-23,112.64,114.99,112.64,113.88,524137,0.0
2017-03-26,113.42,114.49,112.21,114.03,371780,0.0
2017-03-27,113.76,114.35,113.215,113.93,278168,0.0
2017-03-28,113.81,114.92,113.252,114.27,226735,0.0
2017-03-29,114.59,114.98,113.75,113.96,451085,0.0
2017-03-30,113.7,115.2,113.46,114.71,386578,0.0
2017-04-02,115.13,116.75,114.8,116.36,828976,0.0
2017-04-03,116.56,116.99,115.25,115.61,427515,0.0
2017-04-04,115.94,116.45,114.72,114.79,336820,0.0
2017-04-05,114.77,115.48,114.18,115.19,413186,0.0
2017-04-06,114.76,115.74,114.66,114.71,392873,0.0
2017-04-09,115.25,115.25,114.27,114.73,300867,0.0
2017-04-10,114.82,115.25,114.1,114.98,287371,0.0
2017-04-11,115.16,115.5,113.93,114.1,280018,0.0
2017-04-12,113.97,114.72,113.4,113.72,288446,0.0
2017-04-16,113.96,115.31,113.74,115.16,257304,0.0
2017-04-17,114.94,116.4,114.74,116.28,297970,0.0
2017-04-18,116.65,117.98,116.574,117.53,362373,0.0
2017-04-19,117.5,119.19,116.3201,118.88,540561,0.0
2017-04-20,119.1,120.02,118.08,118.44,598011,0.0
2017-04-23,120.02,120.875,119.05,120.31,645998,0.0
2017-04-24,121.47,121.79,118.37,118.75,881507,0.0
2017-04-25,119.24,120.06,118.45,119.74,422177,0.0
2017-04-26,119.96,120.415,119.16,120.01,945124,0.0
2017-04-27,139.78,145.24,133.71,134.5,3786115,0.0
2017-04-30,135.39,136.33,133.03,133.73,1019329,0.0
2017-05-01,133.56,135.3,133.38,134.1,1401711,0.0
2017-05-02,134.5,135.84,131.32,131.97,1455708,0.0
2017-05-03,132.21,142.18,132.02,141.89,1719674,0.0
2017-05-04,141.69,141.85,137.7687,138,1143300,0.0
2017-05-07,138.25,138.77,136.32,137,1120877,0.0
2017-05-08,137.97,138.97,137.23,138.17,549293,0.0
2017-05-09,137.96,138.355,135.81,137,852161,0.0
2017-05-10,136.51,137.61,135.85,137.47,434264,0.0
2017-05-11,137.24,139.229,137.14,138.68,460386,0.0
2017-05-14,138.9,139.95,138.16,138.49,453108,0.0
2017-05-15,138.83,139.12,137.5,138.61,477578,0.0
2017-05-16,137.53,137.68,134.68,136.12,562328,0.0
2017-05-17,136,138.84,135.59,137.66,732297,0.0
2017-05-18,138,138.99,137.7,138.43,623354,0.0
2017-05-21,139.23,139.42,138.04,138.1,722299,0.0
2017-05-22,137.93,138.31,136.26,138.23,590185,0.0
2017-05-23,138.78,139.26,137.78,138.63,854873,0.0
2017-05-24,138.71,141.94,138.71,141.4,1666111,0.0
2017-05-25,141.4,143.09,140.24,142.11,1015787,0.0
2017-05-29,142.56,144.45,141.7,143.33,588847,0.0
2017-05-30,144.59,146,142.6,145.18,786184,0.0
2017-05-31,146.36,147,144.04,145.92,665464,0.0
2017-06-01,146.57,150.355,146.52,149.7,880843,0.0
2017-06-04,150,150.56,148.6,148.83,626348,0.0
2017-06-05,148.74,149.53,147.4,148.63,419825,0.0
2017-06-06,149.15,149.64,148.57,149.12,469518,0.0
2017-06-07,149.25,151.91,148.46,151.86,475631,0.0
2017-06-08,152.16,153.93,146.11,148.83,876896,0.0
2017-06-11,147.34,147.79,139,143.41,1800288,0.0
2017-06-12,144.17,146.03,142.04,144.37,756077,0.0
2017-06-13,145.38,145.81,142.99,144.29,645795,0.0
2017-06-14,142.95,144.17,142.01,144.01,696861,0.0
2017-06-15,144.78,145.51,144.01,145.04,1437272,0.0
2017-06-18,146.32,152.14,146.3,149.7,1240699,0.0
2017-06-19,150.08,150.84,146.77,146.96,640858,0.0
2017-06-20,147.16,149.77,147.1525,149.41,465271,0.0
2017-06-21,150.07,150.98,148.85,149.64,494807,0.0
2017-06-22,154.85,154.85,151.24,153.5,1325211,0.0
2017-06-25,153.66,154.79,151.45,151.62,516381,0.0
2017-06-26,151.15,152.83,148.94,149.34,599029,0.0
2017-06-27,150.19,152.59,149.62,152.23,531727,0.0
2017-06-28,151.5,152.09,148.011,148.62,538332,0.0
2017-06-29,148.33,150.95,148.33,150.08,398693,0.0
2017-07-02,151.06,152.23,148.95,149.03,240183,0.0
2017-07-04,151.52,152.8,149.16,151.93,378136,0.0
2017-07-05,151.12,151.48,149.5,149.78,386351,0.0
2017-07-06,150.98,152.8,150.66,151.91,327319,0.0
2017-07-09,152.1,153.48,150.56,151.58,365016,0.0
2017-07-10,151.56,152.26,150.33,151.54,526044,0.0
2017-07-11,152.07,152.93,151.14,152.48,506394,0.0
2017-07-12,153.13,153.65,150.76,152.16,291060,0.0
2017-07-13,152.14,154.82,152.12,154.3,397684,0.0
2017-07-16,155.01,157.86,154.9,156.24,692483,0.0
2017-07-17,155.99,156.75,155.11,156.03,337317,0.0
2017-07-18,157.09,159.45,156.76,159.27,661108,0.0
2017-07-19,159.5,160.54,158.1,160.19,691970,0.0
2017-07-20,160.31,160.93,158.42,158.86,620174,0.0
2017-07-23,158.67,161.81,158.65,161.22,581413,0.0
2017-07-24,161.77,161.81,158.45,158.56,793312,0.0
2017-07-25,158.66,159.929,157.37,158.69,571441,0.0
2017-07-26,160.52,160.6484,155.55,157.49,1140083,0.0
2017-07-27,168.1,173.79,160.37,172.98,1990741,0.0
2017-07-30,173.34,173.75,166.11,167.23,935209,0.0
2017-07-31,167.41,171.65,167.37,169.41,985692,0.0
2017-08-01,170.28,170.57,166.38,168,530175,0.0
2017-08-02,168.09,170.62,167.59,170.455,572847,0.0
2017-08-03,170.88,170.999,168.57,169.3,351031,0.0
2017-08-06,169.49,174.82,169.49,174.02,787461,0.0
2017-08-07,173.89,176.84,173.35,173.62,839427,0.0
2017-08-08,173.84,176.44,172.37,175.77,761032,0.0
2017-08-09,174.92,174.92,171.15,171.23,792339,0.0
2017-08-10,171.76,175.16,171.48,173.55,538718,0.0
2017-08-13,173.91,175.3569,173.68,174.15,426844,0.0
2017-08-14,174.65,178.58,174.18,177.96,579792,0.0
2017-08-15,178.89,179.7619,176.8074,178.37,443865,0.0
2017-08-16,177.9,177.9,169.13,169.33,1445322,0.0
2017-08-17,169.96,172.18,167.2738,168.56,1088931,0.0
2017-08-20,168.51,169.6399,165.179,167.95,657780,0.0
2017-08-21,167.97,173,166.64,172.51,647424,0.0
2017-08-22,172.33,173.84,170.79,172.84,687735,0.0
2017-08-23,174.02,175.96,173.35,175.27,709916,0.0
2017-08-24,175.41,176.2,171.55,172.52,463493,0.0
2017-08-27,173.02,175.925,173.02,175.13,439402,0.0
2017-08-28,173.03,174.61,172.27,173.98,521900,0.0
2017-08-29,173.55,174.905,172.91,174.84,407287,0.0
2017-08-30,175.05,177.07,173.91,176.73,608195,0.0
2017-08-31,176.81,177.4,173.88,176.35,502476,0.0
2017-09-04,176.42,179.96,176.42,179.27,780854,0.0
2017-09-05,180,180.3601,175.37,176.64,500138,0.0
2017-09-06,176.56,180.55,174.441,179.99,728179,0.0
2017-09-07,179.8,181.99,179.0832,181.48,335483,0.0
2017-09-10,186.07,186.07,181.49,184.13,515882,0.0
2017-09-11,184.54,186.1,182.55,185.67,475205,0.0
2017-09-12,185.18,185.87,183.26,183.55,527469,0.0
2017-09-13,183.415,185.485,182.1,184.86,386300,0.0
2017-09-14,184.5,185.6,183.16,184.37,559352,0.0
2017-09-17,185.95,188.97,185.055,188.29,546520,0.0
2017-09-18,189.07,190.04,186.04,187.15,452960,0.0
2017-09-19,187.83,189.01,186.54,188.77,379199,0.0
2017-09-20,188.76,189.3891,184.75,186.33,404644,0.0
2017-09-21,186.2,188.24,186.05,187.91,317764,0.0
2017-09-24,187.4,187.455,183.53,184.89,426635,0.0
2017-09-25,185.61,186.1,183.04,184.2,513778,0.0
2017-09-26,184.49,186.805,183.21,184.78,456544,0.0
2017-09-27,184.5,184.77,180.3123,183.03,596900,0.0
2017-09-28,183.6,186.62,182.06,186.21,512392,0.0
2017-10-01,187.16,187.98,185.05,187.19,500592,0.0
2017-10-02,187.75,188.38,185.2,186.44,399680,0.0
2017-10-03,186.41,186.87,184.67,185.97,407858,0.0
2017-10-04,185.44,187.49,185.21,186.58,454746,0.0
2017-10-05,186.99,191.78,186.15,187.02,769028,0.0
2017-10-08,186.83,189.28,185.485,188.13,515354,0.0
2017-10-09,188.53,189.92,188.13,188.71,453389,0.0
2017-10-10,188.22,193.185,188.22,192.46,576991,0.0
2017-10-11,192.79,194.84,192.2,192.38,487167,0.0
2017-10-12,192.58,193.94,191.35,192.81,487250,0.0
2017-10-15,193.01,195.6,192.21,193.33,861366,0.0
2017-10-16,193.46,196.04,192.65,194.26,526273,0.0
2017-10-17,194.72,196,193.62,194.26,478858,0.0
2017-10-18,194.23,196.89,191.8,196.84,613768,0.0
2017-10-19,196.67,201.7,196.67,200.91,1007602,0.0
2017-10-22,205.45,205.99,202.46,202.79,840231,0.0
2017-10-23,202.76,205.07,198.435,203.71,771914,0.0
2017-10-24,203,203.749,200.27,201.76,746510,0.0
2017-10-25,202.59,207.65,199.45,202.93,1340535,0.0
2017-10-26,225.64,239.83,223.56,235.79,2613485,0.0
2017-10-29,234.35,243.27,233.36,235.5,953303,0.0
2017-10-30,235.1,240.66,235.05,238.98,633708,0.0
2017-10-31,243,244.6,232.311,234.94,1061079,0.0
2017-11-01,235.38,237.95,233,233.44,773923,0.0
2017-11-02,233.85,242.55,233.85,241.36,788394,0.0
2017-11-05,244.02,246.83,238.59,244.43,707581,0.0
2017-11-06,245,246.84,243.66,246.41,394197,0.0
2017-11-07,246,253.65,246,252.74,817746,0.0
2017-11-08,251.8,254.19,245.531,249.65,972758,0.0
2017-11-09,249.38,251.015,246.26,249.46,662371,0.0
2017-11-12,249.29,257.6,248.29,253.72,641590,0.0
2017-11-13,251.78,256.1,251,254,615144,0.0
2017-11-14,252.24,253.64,243,249.19,1093217,0.0
2017-11-15,251.76,255.98,249.175,254.91,771038,0.0
2017-11-16,254.74,255.774,251.5,253.87,439372,0.0
2017-11-19,254.64,258.61,253.67,255.51,478370,0.0
2017-11-20,257.67,258.875,252.03,256.35,889849,0.0
2017-11-21,255.41,257.35,251.57,254.3801,541479,0.0
2017-11-23,254.32,255.729,253.44,254.64,177086,0.0
2017-11-26,255.78,263.9,255.54,262.45,750630,0.0
2017-11-27,264.4,266.4073,259,264.3,655818,0.0
2017-11-28,264.4,264.6355,254.02,258.37,855674,0.0
2017-11-29,259.96,262.85,254.24,260.81,614476,0.0
2017-11-30,259.35,261,244.82,254.15,931816,0.0
2017-12-03,257.83,257.99,222.74,225.78,2834753,0.0
2017-12-04,225.02,233.82,224.3,227.35,1457957,0.0
2017-12-05,228.16,233.738,225.74,233.01,758039,0.0
2017-12-06,236.11,242.17,232.495,241.34,800889,0.0
2017-12-07,242.72,245.81,235.054,238.43,682929,0.0
2017-12-10,237.42,239.02,232.78,233.66,687789,0.0
2017-12-11,234.8,238.6,233.88,234.4,663445,0.0
2017-12-12,234.53,237.5,234.53,235.64,440477,0.0
2017-12-13,235.81,237.9,232.84,233.85,605036,0.0
2017-12-14,235.34,235.34,231.5,233.55,893477,0.0
2017-12-17,234.35,236.92,232.67,235.53,509739,0.0
2017-12-18,235.47,236.53,234.21,235.05,362874,0.0
2017-12-19,235.86,236.29,232.66,233.68,325693,0.0
2017-12-20,234.51,235.13,217.55,218.7,1533632,0.0
2017-12-21,216.37,224.01,212.86,223.12,845477,0.0
2017-12-25,222.36,224.42,220.26,223.54,265668,0.0
2017-12-26,223.22,229.01,223.12,226.42,367663,0.0
2017-12-27,227.79,227.79,222.611,226.46,380859,0.0
2017-12-28,225.99,227.66,222.09,222.24,342601,0.0
2018-01-01,222.61,226.19,220.36,224.6,683446,0.0
2018-01-02,226.06,231.48,225.01,231.19,644936,0.0
2018-01-03,234.75,235.66,230.25,233.315,1023724,0.0
2018-01-04,234.88,243.3,234.22,241.03,931923,0.0
2018-01-07,242,250.99,241.04,248.9,1215602,0.0
2018-01-08,250,253.64,250,251.48,774377,0.0
2018-01-09,249.15,250.89,243.28,248.305,623245,0.0
2018-01-10,248,253.2,246.01,252.91,500975,0.0
2018-01-11,254.1,259.95,250.01,258.37,629560,0.0
2018-01-15,262.12,268.175,260.561,263.83,827228,0.0
2018-01-16,265.16,273.6,264.25,272.25,810230,0.0
2018-01-17,272.25,272.69,266.51,270.68,698489,0.0
2018-01-18,268.1,269.75,263.2,269.46,843937,0.0
2018-01-21,269.64,271.73,258.92,267.1,771232,0.0
2018-01-22,267,276.99,266.88,272.08,657111,0.0
2018-01-23,273.52,274.39,267.6,272.3,459071,0.0
2018-01-24,273.7,276.23,270,273.53,340561,0.0
2018-01-25,275.16,287.32,273.27,283.45,759693,0.0
2018-01-28,284.45,284.97,268.16,276.77,1119253,0.0
2018-01-29,270.45,272,245,270.08,1603748,0.0
2018-01-30,261.01,270.6,248.2101,262,3144109,0.0
2018-01-31,261.59,262.65,252.2,255.57,1264866,0.0
2018-02-01,251.57,262.57,250.86,257.3,1147002,0.0
2018-02-04,252.21,259.139,241.66,242.35,1156528,0.0
2018-02-05,232.71,245.65,228,241.46,1529782,0.0
2018-02-06,241,242.22,233.6,234.33,795057,0.0
2018-02-07,233.57,233.96,220.7,220.779,1346574,0.0
2018-02-08,223.75,232.41,219.11,229.37,1080278,0.0
2018-02-11,233.25,235,225.91,233.17,716093,0.0
2018-02-12,230.76,236.7,229.68,233.79,495008,0.0
2018-02-13,231.98,246.9,231.3482,246.34,855324,0.0
2018-02-14,250,253.71,245.39,252.82,1013436,0.0
2018-02-15,253.85,255.3899,249.04,251.45,717324,0.0
2018-02-19,250.57,259.75,250.5,255.45,669789,0.0
2018-02-20,255.36,262.87,252,252.08,773861,0.0
2018-02-21,254.16,262.33,253.26,259.68,787538,0.0
2018-02-22,261.99,266.8,258.14,265.17,632522,0.0
2018-02-25,266.8,268.4,262.42,266.58,523664,0.0
2018-02-26,265.48,267.27,263.5,263.87,388481,0.0
2018-02-27,264.9,267.78,262.44,262.54,409294,0.0
2018-02-28,258.75,259.8375,244.15,245.47,1332747,0.0
2018-03-01,243.65,254.89,241.3,253.65,761546,0.0
2018-03-04,252.84,256.54,247.6404,255.55,520599,0.0
2018-03-05,256.01,257.39,252.16,255.97,483362,0.0
2018-03-06,252.46,263.92,252.13,262.96,433971,0.0
2018-03-07,264.92,268.6899,263.57,268.19,375620,0.0
2018-03-08,270,273.22,269.99,271.72,546414,0.0
2018-03-11,272.07,277.315,271.13,275.61,577698,0.0
2018-03-12,276.56,276.98,267.29,269.74,528954,0.0
2018-03-13,271.29,274.07,269.27,272.48,385025,0.0
2018-03-14,272.23,276.14,269.7617,272.88,350871,0.0
2018-03-15,273.76,274.15,267.5741,270.37,451384,0.0
2018-03-18,268.65,274.4,262.13,265.4,535572,0.0
2018-03-19,266.92,270.67,264.77,270.39,322230,0.0
2018-03-20,270.67,271.99,267.2,270.14,385386,0.0
2018-03-21,266.55,269.8,260,260.135,483231,0.0
2018-03-22,260.13,265.84,250.28,250.92,703743,0.0
2018-03-25,254,261.87,250.15,261.52,597407,0.0
2018-03-26,263.98,264.7398,245.821,248.35,667676,0.0
2018-03-27,248.52,248.9,241.03,244.47,790233,0.0
2018-03-28,245.98,257.4668,243.08,251.13,659190,0.0
2018-04-01,251,254.8,238.17,242.64,580863,0.0
2018-04-02,244.01,248.0924,240.08,243.73,597842,0.0
2018-04-03,239.72,250.015,238.5,248.92,502271,0.0
2018-04-04,251.32,259.73,251.32,255.33,709598,0.0
2018-04-05,252.4,255.718,243.2,245.2,511419,0.0
2018-04-08,248.37,255.26,247.62,249.17,376325,0.0
2018-04-09,254.17,259.96,252.34,258.26,550289,0.0
2018-04-10,255.58,260.4587,254.525,257.07,283247,0.0
2018-04-11,259.62,264.88,258.47,263.77,425330,0.0
2018-04-12,266.22,267.21,259.5,261.73,380227,0.0
2018-04-15,264.77,268.32,263.02,265.51,326026,0.0
2018-04-16,269.17,274.52,267.78,272.72,680705,0.0
2018-04-17,274,280.23,270.57,277.04,609055,0.0
2018-04-18,265.82,267.0153,250.27,252.76,1880075,0.0
2018-04-19,253.38,256.66,245.41,247.08,919175,0.0
2018-04-22,248.63,251.37,245.0069,247.19,545786,0.0
2018-04-23,248.62,251.47,235.825,239.6,849054,0.0
2018-04-24,238.47,245.78,234.4,245.73,801809,0.0
2018-04-25,261.99,266.095,242.71,259.9,2385296,0.0
2018-04-26,259.99,260.84,251.48,257.9,699783,0.0
2018-04-29,258.63,258.63,249.52,249.87,644581,0.0
2018-04-30,249.21,252.69,247.51,251.33,388487,0.0
2018-05-01,250.4,252.93,249.17,249.47,528147,0.0
2018-05-02,249,255.41,244.4,255.14,635286,0.0
2018-05-03,251.99,260.26,246.38,258.99,751650,0.0
2018-05-06,259.25,267.04,259.23,264.98,836218,0.0
2018-05-07,263.54,266.08,260.23,265.45,521082,0.0
2018-05-08,265.49,270.6,265.15,268,545944,0.0
2018-05-09,268.01,280.25,267.13,277.69,804415,0.0
2018-05-10,278.29,288.36,277.99,286.5,1058047,0.0
2018-05-13,286.99,296.4699,284.75,286.42,965930,0.0
2018-05-14,283.53,284.26,276.81,283.79,583024,0.0
2018-05-15,283.5,292.82,281.61,288.03,678387,0.0
2018-05-16,289.52,294.91,287.73,292.76,616302,0.0
2018-05-17,293.49,299.46,292.76,298.01,622033,0.0
2018-05-20,300,304.99,299.47,302.44,656152,0.0
2018-05-21,305.5,306.11,294,297.86,634410,0.0
2018-05-22,297.68,308.67,297.17,308.2,939571,0.0
2018-05-23,309.97,318.59,308.005,317.08,1048260,0.0
2018-05-24,318.31,322.6717,316.38,318.55,877970,0.0
2018-05-28,318.19,326.815,317.86,326.18,733700,0.0
2018-05-29,327.92,333.34,327.225,331.45,610654,0.0
2018-05-30,331.7,338.5,330.21,331.97,932748,0.0
2018-05-31,333.17,335.35,325.28,333.06,694516,0.0
2018-06-03,335.54,343.88,333.22,343.09,584352,0.0
2018-06-04,343.21,346.55,341.54,346.07,610738,0.0
2018-06-05,347.25,347.969,342.831,346.3,467041,0.0
2018-06-06,346.86,347.85,333.3,339.27,860093,0.0
2018-06-07,337.03,347.4399,333,346.61,502190,0.0
2018-06-10,345.28,349.785,343.72,348.45,445410,0.0
2018-06-11,349.6,355.98,349.29,354.29,617044,0.0
2018-06-12,356,365.76,354.59,363.51,808211,0.0
2018-06-13,364.35,370.47,363.7,366.28,593759,0.0
2018-06-14,364.81,366.885,358.27,362.66,677234,0.0
2018-06-17,361.01,371.55,357.11,370.16,527826,0.0
2018-06-18,366.2,369.08,358.67,365.28,546218,0.0
2018-06-19,368.13,369.2,362.69,364.7,585512,0.0
2018-06-20,365.66,369,359.15,359.63,720505,0.0
2018-06-21,361.57,363.96,347.15,353.17,818277,0.0
2018-06-24,350,350.47,341.28,346.44,792593,0.0
2018-06-25,349.27,357.69,348.3,352.46,580524,0.0
2018-06-26,352.42,356.4741,342.27,342.27,681779,0.0
2018-06-27,340.57,345.9,334.4364,343.8,921220,0.0
2018-06-28,345.64,346.125,341.7,342.21,469040,0.0
2018-07-01,334.9,341.05,332.0133,340.28,751279,0.0
2018-07-02,341.1,344.62,337.11,338.79,328608,0.0
2018-07-04,342.18,343.229,333.57,341.38,481561,0.0
2018-07-05,341.39,349.7,338.795,347.54,364451,0.0
2018-07-08,350.58,354.12,345.44,348.98,449727,0.0
2018-07-09,350,352.83,347.22,351.42,345186,0.0
2018-07-10,346.98,352.4,345.5,348.94,267441,0.0
2018-07-11,350.31,363.0399,350.31,362.79,565521,0.0
2018-07-12,364.09,368.9715,361.285,363.46,473475,0.0
2018-07-15,365,366.32,358.02,362.28,254125,0.0
2018-07-16,359.59,371.05,357.46,370.55,345373,0.0
2018-07-17,373.86,375.325,367.81,372.3,288549,0.0
2018-07-18,369.88,373.49,365,370.31,345668,0.0
2018-07-19,371.06,378.975,369.58,375.33,501801,0.0
2018-07-22,375.5,385,368.7416,377.5,454892,0.0
2018-07-23,378.96,384.745,369.76,372.62,666678,0.0
2018-07-24,374.69,383.46,373,381.09,747947,0.0
2018-07-25,377.61,380,354.74,363.01,1146109,0.0
2018-07-26,364.51,365.55,349.128,353.83,636423,0.0
2018-07-29,353.5,356.0291,341.24,348.65,1024536,0.0
2018-07-30,348.88,358.56,341.91,356.66,1087879,0.0
2018-07-31,356.65,361.29,352.6,353.7,782308,0.0
2018-08-01,351,369.02,350.51,368.03,749234,0.0
2018-08-02,368.52,369.49,356.13,363.51,661551,0.0
2018-08-05,362.11,370.45,362.11,369.56,434360,0.0
2018-08-06,369.55,373.66,365,365.67,350014,0.0
2018-08-07,366.13,367.3507,363.31,366.28,203005,0.0
2018-08-08,366.81,371.61,363.5,366.87,371925,0.0
2018-08-09,363.71,369.67,362.48,364.54,226262,0.0
2018-08-12,364.48,369.035,361.54,362.35,283875,0.0
2018-08-13,361.28,368.8,361.28,368.69,369555,0.0
2018-08-14,366.73,368.49,349.8,350.53,993667,0.0
2018-08-15,353,355,344.345,351.19,659330,0.0
2018-08-16,350.11,358.71,342.3,357.35,640696,0.0
2018-08-19,358,358.92,351.88,352.34,317871,0.0
2018-08-20,353.01,357.4,351.5201,355.89,366886,0.0
2018-08-21,354.02,362.2,352.39,361.36,449503,0.0
2018-08-22,361,366.72,360.93,363.6,456641,0.0
2018-08-23,365.09,370.56,363.265,367.61,557560,0.0
2018-08-26,370,383.704,369.115,381.87,744810,0.0
2018-08-27,382.56,390.19,378.162,382.32,808686,0.0
2018-08-28,384.4,391.25,382.26,385.33,556272,0.0
2018-08-29,383.08,391.37,383,387.14,451510,0.0
2018-08-30,388.43,392.69,384.51,386.47,265013,0.0
2018-09-03,386.64,388.9,381.11,385.37,302434,0.0
2018-09-04,384.92,384.92,366.08,372.95,815503,0.0
2018-09-05,373.55,376.605,367.09,370.88,617693,0.0
2018-09-06,368.76,374.5175,365.2,368.71,353160,0.0
2018-09-09,370.89,376.49,367.41,374.84,444900,0.0
2018-09-10,373.36,382.97,371,382.97,506042,0.0
2018-09-11,382.9,385.24,374.2376,381.82,484544,0.0
2018-09-12,383.87,388.785,377.545,379.73,416550,0.0
2018-09-13,383.31,391.595,381.99,390.16,661852,0.0
2018-09-16,391.9,393.98,377.5648,378.37,635074,0.0
2018-09-17,378.38,386.89,378.38,385.96,413136,0.0
2018-09-18,386.9,388.6748,377.1401,379.94,481512,0.0
2018-09-19,381.16,385.48,375.93,379.84,580313,0.0
2018-09-20,381.68,384.24,378.43,380.8,305436,0.0
2018-09-23,379,391.92,377.3098,388.96,400306,0.0
2018-09-24,389.21,398.8793,389.08,392.94,495770,0.0
2018-09-25,392.73,395.16,386.04,389.22,398387,0.0
2018-09-26,391,395.16,387.68,389.97,376060,0.0
2018-09-27,391.4999,395.23,389.5722,391.22,468910,0.0
2018-09-30,392.1597,397.85,390,391.5,502055,0.0
2018-10-01,390.52,390.52,374.56,376.09,669766,0.0
2018-10-02,379.94,381,372.47,375.26,753623,0.0
2018-10-03,374.49,374.49,355.38,357.89,1229217,0.0
2018-10-04,354.81,364.79,345.24,353.11,1283471,0.0
2018-10-07,350.12,352.95,333.0813,342.81,1271105,0.0
2018-10-08,341.59,346.77,336.02,340.96,949469,0.0
2018-10-09,336.28,336.62,315.33,316.19,1588760,0.0
2018-10-10,312.3,325.37,309.18,312.89,1472829,0.0
2018-10-11,326.13,329.18,317.12,327.5,1379412,0.0
2018-10-14,326.53,327.4758,316.42,317.53,754954,0.0
2018-10-15,321.25,335.34,320.65,334.94,965654,0.0
2018-10-16,339.12,339.12,329.0052,332.83,567523,0.0
2018-10-17,331.85,333.22,317.52,323.06,751343,0.0
2018-10-18,326.29,327.71,310.455,312.92,1099671,0.0
2018-10-21,313.7,318.01,306.01,314.19,905519,0.0
2018-10-22,305.9,313.3,295.78,311.76,1210656,0.0
2018-10-23,311.08,315.9802,290.21,290.63,1217390,0.0
2018-10-24,231.23,235.5,203.1201,232.06,8408854,0.0
2018-10-25,228,237.585,218.0101,230.09,3981245,0.0
2018-10-28,234.76,235.49,212.02,218.08,2479241,0.0
2018-10-29,216.8,225.62,215,223.03,1775693,0.0
2018-10-30,226.49,229.76,220.26,221.19,1440737,0.0
2018-10-31,222.27,231.38,220.54,230.95,1263360,0.0
2018-11-01,233.53,239.475,227.02,229.78,2106803,0.0
2018-11-04,227.77,229.64,221.54,228.09,1244635,0.0
2018-11-05,227.5,231.23,225.43,229.27,791357,0.0
2018-11-06,231.72,248.5,230.77,245.34,2139139,0.0
2018-11-07,245.54,246.8,240.95,245.67,836988,0.0
2018-11-08,243.42,244.615,226.37,235.97,1550727,0.0
2018-11-11,231.97,232.99,214.62,217.26,1170320,0.0
2018-11-12,219,225.21,217.3,219.32,1034470,0.0
2018-11-13,221.9,225.1922,217.3536,220.03,937431,0.0
2018-11-14,219.52,223.45,216.01,222.8,853644,0.0
2018-11-15,220.76,228.8,218.71,225.47,955554,0.0
2018-11-18,223.85,223.95,203.7,204.44,1717802,0.0
2018-11-19,189.03,212.82,188.01,210.05,2969782,0.0
2018-11-20,213.94,219.75,212.24,215.76,1055847,0.0
2018-11-22,214.88,220.56,214.2101,218.86,528028,0.0
2018-11-25,221.92,229.365,221.1,223.38,1013823,0.0
2018-11-26,221.79,225.388,219.63,220.61,1124299,0.0
2018-11-27,222.25,236.35,222.02,235.56,1292541,0.0
2018-11-28,234.53,235.5,224.13,228.69,1085675,0.0
2018-11-29,227.69,232.97,224.72,229.86,946223,0.0
2018-12-02,234.4,235.92,228,235.71,1224852,0.0
2018-12-03,234.22,234.3643,218.31,221.02,1425693,0.0
2018-12-05,211.11,219.38,208.67,219.33,1306831,0.0
2018-12-06,217.39,220.4,208.87,210.29,935516,0.0
2018-12-09,209.79,218.17,208.99,216.6,963804,0.0
2018-12-10,220.07,223.8,218.02,220.27,1032032,0.0
2018-12-11,225.08,226.9,219.13,219.16,708869,0.0
2018-12-12,218.82,221.455,212.94,217.19,803415,0.0
2018-12-13,214.27,217.4545,212.01,215.57,1126806,0.0
2018-12-16,213.03,213.98,205.22,206.96,840379,0.0
2018-12-17,209.84,213.315,206.505,209.48,870189,0.0
2018-12-18,209.14,212.88,198.51,201.47,931070,0.0
2018-12-19,201.19,204.7,191.24,197.77,1695670,0.0
2018-12-20,199.14,201.05,193.28,199.24,1561121,0.0
2018-12-23,196.57,198.19,190.7468,193.8,477397,0.0
2018-12-25,194.71,212.2997,194.24,210.99,1087148,0.0
2018-12-26,207,211.3,201.49,211.28,679980,0.0
2018-12-27,212.86,212.86,206,208.29,669452,0.0
2018-12-30,209.89,214.1772,206.6797,208.23,583115,0.0
2019-01-01,205.32,207.16,200.54,201.675,990653,0.0
2019-01-02,200.03,200.77,183.62,184.75,2226757,0.0
2019-01-03,181.68,190.39,177.925,186.85,2141702,0.0
2019-01-06,187.41,190.77,184.505,190.11,1236108,0.0
2019-01-07,191.35,194.99,187.59,192.83,832144,0.0
2019-01-08,194.26,207,194.2584,200.23,1529273,0.0
2019-01-09,198.99,205.99,194.12,202.6,1082125,0.0
2019-01-10,201.6,201.6,195.63,198.23,918718,0.0
2019-01-13,196.54,198.3393,193.23,193.67,1286461,0.0
2019-01-14,194.9,197.5,191.93,194.92,1746943,0.0
2019-01-15,197.07,208.5099,195.38,206.4302,2026594,0.0
2019-01-16,206.87,215.849,206.78,212.53,1625431,0.0
2019-01-17,216,223.5999,212.89,219.555,2218553,0.0
2019-01-21,220.68,221.65,213.9027,215.58,1024842,0.0
2019-01-22,217,221.21,215.14,217.21,939587,0.0
2019-01-23,218.25,224.08,217.92,220.8379,811756,0.0
2019-01-24,222.61,228.97,221.48,227.18,1135706,0.0
2019-01-27,224.94,225.915,220.15,221.1,1291436,0.0
2019-01-28,222.16,223.835,216.52,221.89,1229976,0.0
2019-01-29,208.74,234.44,207.99,233.18,4150857,0.0
2019-01-30,233.57,249.24,231.76,249.05,3009754,0.0
2019-01-31,248.08,248.75,239,243.98,1455377,0.0
2019-02-03,243.91,245.23,239.7,244.6,746440,0.0
2019-02-04,241.85,246.2,241.42,243.45,1037311,0.0
2019-02-05,244,246.46,240.7,244,853433,0.0
2019-02-06,241.89,244.55,238.26,239.2,783706,0.0
2019-02-07,236.78,240.77,234.23,240.76,726193,0.0
2019-02-10,242.86,247.54,242.07,244.6,747475,0.0
2019-02-11,246.8,256.77,246.355,254.26,1399119,0.0
2019-02-12,256.99,259.932,248.841,251.96,1003884,0.0
2019-02-13,245,252.91,245,251.0199,772984,0.0
2019-02-14,253.04,255.68,251.39,254.92,692360,0.0
2019-02-18,254.96,257.59,254.01,255.36,711206,0.0
2019-02-19,255.23,256.49,250.91,253.79,1028968,0.0
2019-02-20,252.98,252.98,247.459,250.23,1028085,0.0
2019-02-21,251.52,254.24,248.85,253.93,735337,0.0
2019-02-24,255.52,263.64,255.52,262.4,1332350,0.0
2019-02-25,261.13,262.35,256.33,259.71,1145675,0.0
2019-02-26,258.23,262.16,257.29,258.35,1045763,0.0
2019-02-27,258.08,259.75,254.55,258.97,925729,0.0
2019-02-28,261.24,264.46,258.96,263.25,1284910,0.0
2019-03-03,264.37,266.21,252.3,256.31,1825368,0.0
2019-03-04,244.85,244.94,233.9,239.22,3282972,0.0
2019-03-05,237.79,240.5,229.62,231.41,2231011,0.0
2019-03-06,231,233.08,227.26,230.76,1550246,0.0
2019-03-07,228.64,231.725,224.581,230.76,1302961,0.0
2019-03-10,231.56,243.9399,231.56,243.35,1402656,0.0
2019-03-11,243.96,251.665,243,250.9,1403375,0.0
2019-03-12,251.28,254.03,247.49,252.17,964352,0.0
2019-03-13,249.93,251.4,244.545,247.6,1933410,0.0
2019-03-14,252.745,256.825,251.105,252.37,979853,0.0
2019-03-17,252.7,254.1245,248.17,253.72,984395,0.0
2019-03-18,256.43,260.93,256.03,259.38,1374111,0.0
2019-03-19,258.93,266.06,258.011,265.68,1137592,0.0
2019-03-20,265.45,281.63,265.345,280.735,1847693,0.0
2019-03-21,279.64,279.64,269.23,269.7,1181203,0.0
2019-03-24,269.75,274.3163,266,271.01,947369,0.0
2019-03-25,275.25,277.45,272.77,274.19,577430,0.0
2019-03-26,274.27,276.04,262.87,269.11,1126456,0.0
2019-03-27,270.24,274.7,266.5434,273.85,930182,0.0
2019-03-28,281.36,284.61,277.79,284.34,887649,0.0
2019-03-31,287.44,290.89,281.52,285.17,408753,0.0
2019-04-01,285.75,292.69,284.1,292.03,819847,0.0
2019-04-02,293.44,296,288.62,289.1,1063295,0.0
2019-04-03,289.92,291.1096,283.1858,287.9,462542,0.0
2019-04-04,291,301.09,291,295.88,1316427,0.0
2019-04-07,295.55,295.7,289.75,292.74,632402,0.0
2019-04-08,290,290,283.01,285.34,952965,0.0
2019-04-09,286.39,291.82,286.285,290.04,754496,0.0
2019-04-10,290.92,292.2,286.68,289.79,377947,0.0
2019-04-11,290.62,297.865,290.62,293.13,631055,0.0
2019-04-14,293.83,299.04,291.16,292.62,930412,0.0
2019-04-15,293.59,295.63,285.04,288.51,634300,0.0
2019-04-16,290.09,290.795,271.66,273.65,1713004,0.0
2019-04-17,276.33,281.5,272.36,281.49,1103407,0.0
2019-04-21,279.38,292.33,278.1475,290.64,1365904,0.0
2019-04-22,292.1,298.85,289.01,296.07,1472492,0.0
2019-04-23,296,298.32,291.725,297,1154696,0.0
2019-04-24,294.1,316,286.61,296.76,3078222,0.0
2019-04-25,298.75,318.19,297.9,318.19,1626624,0.0
2019-04-28,318.24,321.35,315.6183,317.45,1053476,0.0
2019-04-29,318.52,325.37,318,324.78,805452,0.0
2019-04-30,325.26,327.86,320.51,321.34,904944,0.0
2019-05-01,320.7,332,318.555,325.75,1048958,0.0
2019-05-02,328.86,333.17,327.27,331.089,810852,0.0
2019-05-05,320.8,329.585,317.2,329.46,1261881,0.0
2019-05-06,324.19,328.44,320.68,325.38,731729,0.0
2019-05-07,324.27,325,318.52,322.78,686158,0.0
2019-05-08,318.55,325.57,313.73,323.43,662861,0.0
2019-05-09,322.15,324.77,314,321.99,641291,0.0
2019-05-12,312.27,317.94,308.15,310.26,824460,0.0
2019-05-13,312.25,323.18,312.075,320,811828,0.0
2019-05-14,319,328.66,316.01,325.71,688571,0.0
2019-05-15,326,334.64,326,331.12,757826,0.0
2019-05-16,328.2,330.72,321.71,322.61,763463,0.0
2019-05-19,319.55,322.6909,313.58,319.55,665226,0.0
2019-05-20,322.5,326.21,319.16,319.67,518400,0.0
2019-05-21,321.04,323,315.89,318.66,486345,0.0
2019-05-22,315.13,315.82,305.5911,307.82,1093958,0.0
2019-05-23,309.59,312.9,306.8151,311.41,503094,0.0
2019-05-27,311.07,317.3434,304.31,304.76,652900,0.0
2019-05-28,302.37,302.37,293.82,297.29,1202656,0.0
2019-05-29,298.39,303.9,293.78,296.62,608101,0.0
2019-05-30,275.05,289.61,272.6,284.6,2214617,0.0
2019-06-03,288.16,298.0765,286.63,297.24,1002625,0.0
2019-06-04,301.92,303.74,295.315,302.44,737899,0.0
2019-06-05,302.03,308.59,298.48,306.35,523743,0.0
2019-06-06,309.43,314,306.63,307.55,690843,0.0
2019-06-09,309.34,319.17,309.34,314.89,655181,0.0
2019-06-10,315.41,316.705,304.545,308.955,730466,0.0
2019-06-11,309.3,312.17,304.65,311.97,377258,0.0
2019-06-12,312.82,313.88,307.26,311.29,726539,0.0
2019-06-13,312.08,312.08,305.02,305.87,808446,0.0
2019-06-16,306.66,306.66,282.4,288.68,2269993,0.0
2019-06-17,293.23,297.05,288.95,290.02,841892,0.0
2019-06-18,290.3,298.17,287.13,297.02,531094,0.0
2019-06-19,302.03,302.03,294.3,295.57,616590,0.0
2019-06-20,294.91,294.91,283.15,283.59,1229965,0.0
2019-06-23,283.5,286.75,279.46,282.15,922777,0.0
2019-06-24,282.27,283.87,274.86,276.02,831079,0.0
2019-06-25,277.24,277.24,267.36,268.08,1432621,0.0
2019-06-26,269.08,273.42,268.29,269.94,884970,0.0
2019-06-27,269.5,274.17,263.7,273.67,1068860,0.0
2019-06-30,280.64,283.33,271.245,271.67,1128033,0.0
2019-07-01,272.65,276.22,269.57,270.87,774275,0.0
2019-07-02,272.33,277.47,271.38,275.24,458567,0.0
2019-07-04,274.11,276.94,268.66,273.37,561625,0.0
2019-07-07,270.5,273.89,268.8895,272.24,438821,0.0
2019-07-08,269.63,275.92,269.63,275.38,403228,0.0
2019-07-09,278.2,287.95,278.2,286.66,928831,0.0
2019-07-10,290,290.78,280.15,282.57,554654,0.0
2019-07-11,282.6,285.17,278.725,283.92,469931,0.0
2019-07-14,283.57,286.91,280.56,284.33,447344,0.0
2019-07-15,284.65,284.9,279.99,281.17,326417,0.0
2019-07-16,281.68,286.28,281,283.96,468931,0.0
2019-07-17,283.47,288.81,281.51,283.28,781847,0.0
2019-07-18,284.57,288.36,280,281.25,679661,0.0
2019-07-21,281.43,283.26,274.01,274.32,750287,0.0
2019-07-22,274.88,276.14,269.2942,272.98,838829,0.0
2019-07-23,272,279.95,270.112,275.24,1300981,0.0
2019-07-24,219.28,219.71,197.11,200.37,9143569,0.0
2019-07-25,203.26,203.52,195.71,198.85,2788622,0.0
2019-07-28,199.18,199.64,189.64,195.97,2988600,0.0
2019-07-29,194.65,204.05,194.02,203.32,2091857,0.0
2019-07-30,208,214.5,206.27,208.96,2813064,0.0
2019-07-31,209.09,209.99,200.2601,202.34,1728879,0.0
2019-08-01,201.55,205,198.68,199.39,1349240,0.0
2019-08-04,194.4,194.4,186.29,188.36,2096548,0.0
2019-08-05,189.07,192.33,186.51,188.49,1119858,0.0
2019-08-06,186.13,186.13,181.95,183.89,1868090,0.0
2019-08-07,185.2,189.75,185.2,188.27,1007322,0.0
2019-08-08,186.14,189.37,183.06,183.3,788368,0.0
2019-08-11,181.26,182.77,178.6,179.62,1005809,0.0
2019-08-12,178.97,183.8,178.6295,182.01,769621,0.0
2019-08-13,179.22,179.86,174.09,174.3,1029542,0.0
2019-08-14,175.61,176.7799,172.62,174.37,897813,0.0
2019-08-15,175.93,178.34,175.46,177.221,981089,0.0
2019-08-18,180,181.33,176.59,177.63,1000463,0.0
2019-08-19,177.24,178.16,174.3,174.417,718527,0.0
2019-08-20,176.07,177.515,175.02,176.48,587930,0.0
2019-08-21,177.91,181.41,177.4502,178.97,851081,0.0
2019-08-22,177.84,179.15,173.8,175.03,1002588,0.0
2019-08-25,177.17,179.075,173.3,175.19,715416,0.0
2019-08-26,175.92,177.2367,173.06,173.8,600419,0.0
2019-08-27,172.5,178.825,172.11,177.2558,898805,0.0
2019-08-28,178.46,181.25,178.3,179.95,946057,0.0
2019-08-29,182,186.21,180.5535,183.11,1474318,0.0
2019-09-02,182.23,182.5,177.25,177.91,1704265,0.0
2019-09-03,180.35,180.72,174.24,176.42,1143182,0.0
2019-09-04,178.73,182.36,176.86,177,1108541,0.0
2019-09-05,178.65,179.13,174.38,175.07,1358005,0.0
2019-09-08,175.93,176.2,169.84,173.25,1655829,0.0
2019-09-09,172.89,179.35,171.32,177.8,1796026,0.0
2019-09-10,177.9,181.85,175.27,179.77,1058207,0.0
2019-09-11,181.65,184.55,174.06,174.61,1526250,0.0
2019-09-12,176.03,179.49,175,177.39,1077529,0.0
2019-09-15,176.46,179.5407,176.16,179.39,931728,0.0
2019-09-16,179.37,180.645,177.39,177.69,513158,0.0
2019-09-17,177.59,178.015,171.8465,175.8,801659,0.0
2019-09-18,176,180.89,175.75,180.26,1029741,0.0
2019-09-19,180.8,188.157,179.5,186.54,2505158,0.0
2019-09-22,186.37,186.83,182.51,183.92,1151390,0.0
2019-09-23,185.18,186.57,182.24,183.07,1568075,0.0
2019-09-24,184.51,184.51,180.37,183.72,740380,0.0
2019-09-25,183.27,185,176.63,178.99,1036282,0.0
2019-09-26,179.59,181.8382,175.175,175.72,626712,0.0
2019-09-29,176.51,181.85,176.51,180.95,734483,0.0
2019-09-30,181.22,183.34,179.53,182.3,1041834,0.0
2019-10-01,181.44,182,176.3587,179.75,876516,0.0
2019-10-02,179.9,184.86,175.52,184.76,688597,0.0
2019-10-03,184.59,187.67,180.115,181.58,1549558,0.0
2019-10-06,177.85,186.49,177.18,184.51,1571405,0.0
2019-10-07,183.43,186.07,181.2574,184.31,1454654,0.0
2019-10-08,186.08,191.56,185.65,189.17,2229539,0.0
2019-10-09,189.25,194.19,189.165,194.05,1513912,0.0
2019-10-10,195.51,202.52,194,200.31,3041411,0.0
2019-10-13,201.375,206.7,200.16,205.15,1971514,0.0
2019-10-14,208.02,209.48,205.06,209.19,1914462,0.0
2019-10-15,208.98,212.65,208.1,211.64,1533953,0.0
2019-10-16,212.23,215.2,209.22,213.92,1560551,0.0
2019-10-17,214.68,216.43,210.28,213.96,1987453,0.0
2019-10-20,214.61,215.6,209.6,210.05,1258017,0.0
2019-10-21,210.98,215.6,207.03,213.6,1085448,0.0
2019-10-22,213.19,218.14,210.73,217.26,1031968,0.0
2019-10-23,237.3,251.7,233.41,249.47,3825792,0.0
2019-10-24,245.84,246.395,240.23,243.36,1069259,0.0
2019-10-27,243.36,253.45,241.76,250.36,1084142,0.0
2019-10-28,250.04,257.63,248.26,256.11,999370,0.0
2019-10-29,255.65,255.65,247.54,252.55,764019,0.0
2019-10-30,251.32,253.41,246.16,252.45,631119,0.0
2019-10-31,254.31,261.874,253.0201,256.84,852280,0.0
2019-11-03,258.25,260.17,255.1101,258.82,741898,0.0
2019-11-04,258.87,260.2,255.15,257.8,756515,0.0
2019-11-05,257.83,260.49,255.1138,256.17,867221,0.0
2019-11-06,257.76,261.6,253.33,259,761812,0.0
2019-11-07,258.18,261.28,255.65,260.02,582636,0.0
2019-11-10,258.69,260.72,257.51,258.66,477115,0.0
2019-11-11,258.42,262.5,257.0661,258.9,488610,0.0
2019-11-12,257.32,261,255.27,259.63,347270,0.0
2019-11-13,260.26,262.025,259.0006,260.49,352456,0.0
2019-11-14,260.48,265.24,259.2,263.98,552145,0.0
2019-11-17,266.6,269.43,265,268.61,743012,0.0
2019-11-18,269.6,272.86,266.22,271.68,546125,0.0
2019-11-19,269.84,271.39,264.9595,268.9,530308,0.0
2019-11-20,269,273,267.43,272.14,426509,0.0
2019-11-21,271.07,275.74,268.7,274.4,558177,0.0
2019-11-24,276,279.88,275.03,278.19,592893,0.0
2019-11-25,277.67,281.57,277.2,277.85,419577,0.0
2019-11-26,279.01,280.72,278.08,279.61,393739,0.0
2019-11-28,278.85,279.8,276.025,277.35,209586,0.0
2019-12-01,276.54,278.99,269.54,274.47,534056,0.0
2019-12-02,271.12,276.6,266.11,276.43,441895,0.0
2019-12-03,277.26,279.5,275.82,277.7,356928,0.0
2019-12-04,279.02,279.045,273.57,274.53,385789,0.0
2019-12-05,276.45,278.49,274.11,275.73,531587,0.0
2019-12-08,275.21,277.205,273.18,273.3,376534,0.0
2019-12-09,273.05,274.16,269.5,273.64,422490,0.0
2019-12-10,273.85,278.925,273.13,275.22,456252,0.0
2019-12-11,275.9,276.34,266.29,268.4,851104,0.0
2019-12-12,268.15,268.15,257.43,266.19,877832,0.0
2019-12-15,267.34,271.98,267.34,270.01,614358,0.0
2019-12-16,269.68,270.29,266.75,268.29,537820,0.0
2019-12-17,269.48,274.03,269.06,272.62,574935,0.0
2019-12-18,272.18,276.94,271.01,273.77,479225,0.0
2019-12-19,275.32,275.32,270.1507,273.03,748968,0.0
2019-12-22,273.38,278.805,272.07,278.14,476003,0.0
2019-12-23,276.92,278.82,274.62,277.67,182681,0.0
2019-12-25,277.43,279.538,276.16,278.22,200858,0.0
2019-12-26,278.75,279.9,275.21,277.8,260689,0.0
2019-12-29,277.83,279.33,274.71,275.63,328604,0.0
2019-12-30,275.17,280.68,275.14,279.075,442572,0.0
2020-01-01,281.2,284.14,278.61,283.67,654156,0.0
2020-01-02,279.1,282.02,278.68,280.44,416886,0.0
2020-01-05,276.68,286.18,276.405,285.98,685387,0.0
2020-01-06,285.92,286.45,281.47,283.04,444720,0.0
2020-01-07,284.14,287.69,281,286.01,481791,0.0
2020-01-08,290.77,301.65,290,296.6061,1241841,0.0
2020-01-09,297.21,299.065,292.63,293.4,452665,0.0
2020-01-12,298.2,299.87,293.07,298.03,416102,0.0
2020-01-13,286.18,294.91,282.01,287.64,976352,0.0
2020-01-14,285.69,287.255,269.46,274.31,1450599,0.0
2020-01-15,271.84,285.24,271.84,284.97,878971,0.0
2020-01-16,285.69,287.77,278.64,280.7,719660,0.0
2020-01-20,280.56,282,272.29,273.22,1464575,0.0
2020-01-21,274.89,281.8,274.89,279.34,1212550,0.0
2020-01-22,280.01,280.01,269.61,270.78,1786322,0.0
2020-01-23,272.11,278.3874,269.43,269.98,1757415,0.0
2020-01-26,264,264.42,252.5,260.99,941703,0.0
2020-01-27,265.81,268.68,262.56,267.75,608715,0.0
2020-01-28,266.19,268.45,261.51,262.22,1180095,0.0
2020-01-29,248.74,264.45,248.35,262.91,1714822,0.0
2020-01-30,260.96,261.49,251.5184,256.93,1119828,0.0
2020-02-02,257.5,259.615,251.88,253.01,983611,0.0
2020-02-03,256.93,257.86,254.12,256.6,772057,0.0
2020-02-04,260.05,269.34,258,267.53,991238,0.0
2020-02-05,267.99,267.99,261.44,266.9,500864,0.0
2020-02-06,265,265,258.09,258.43,523040,0.0
2020-02-09,257.75,259.35,253.21,258.9,727421,0.0
2020-02-10,259.51,265.845,259.03,264.39,534642,0.0
2020-02-11,265.18,276.105,265.18,273.63,778293,0.0
2020-02-12,271.11,275.2,265.47,272.96,476200,0.0
2020-02-13,274.25,277.48,270.03,274.88,688102,0.0
2020-02-17,274,274,264.7,269.825,613222,0.0
2020-02-18,271.26,277.68,271.26,277.1,443723,0.0
2020-02-19,277.24,277.24,270,272.45,532586,0.0
2020-02-20,270.8,270.8,258.5,260.25,694426,0.0
2020-02-23,245.36,248.99,238.5,240.18,1304360,0.0
2020-02-24,241.45,242.5109,229.25,229.6,1054652,0.0
2020-02-25,232.69,236.685,226.75,227.6,623391,0.0
2020-02-26,222.25,234.4,217.07,223.67,947972,0.0
2020-02-27,215.33,220.4699,211.01,218.49,1472273,0.0
2020-03-01,218.91,230.49,212.94,230.46,1211520,0.0
2020-03-02,229.44,238.68,222,224.55,986646,0.0
2020-03-03,228.32,234.99,225.1415,234.67,802024,0.0
2020-03-04,229.54,236.58,226.52,230.69,999872,0.0
2020-03-05,220,226.58,218.8,225.04,843321,0.0
2020-03-08,205.4337,221.5,202.95,216.78,2309734,0.0
2020-03-09,221.56,229.67,216.85,228.16,916200,0.0
2020-03-10,221.43,223.15,199.46,202.16,1495303,0.0
2020-03-11,182.23,194.4,174.565,180.01,1735063,0.0
2020-03-12,190,195.97,179.05,195.85,1101203,0.0
2020-03-15,170.65,172.904,161.38,161.39,1393880,0.0
2020-03-16,165.43,171.68,147.08,169.25,3525920,0.0
2020-03-17,158.79,163.825,135,146.26,1378013,0.0
2020-03-18,141.29,146.79,127.88,141.94,1773066,0.0
2020-03-19,144.95,157.94,142.62,144.84,1605189,0.0
2020-03-22,146.25,148.66,133,137.72,1518483,0.0
2020-03-23,149.53,165.8,146.54,165.36,1331452,0.0
2020-03-24,170.37,194.48,168.01,183.82,1963279,0.0
2020-03-25,182.9,200.62,182.495,191.71,1422587,0.0
2020-03-26,181,182.01,173.39,177.06,1061046,0.0
2020-03-29,174.69,180.79,170.33,179.95,1121659,0.0
2020-03-30,177.99,182.5449,169.76,173.94,899797,0.0
2020-03-31,164.09,170.62,153.19,157.18,1429958,0.0
2020-04-01,155.07,160.7,150.38,152.06,2426586,0.0
2020-04-02,151.37,158.96,151.37,154.19,1194827,0.0
2020-04-05,167.05,177.88,164.04,176.75,1390205,0.0
2020-04-06,189.7,194.745,172.44,174.55,1353311,0.0
2020-04-07,176.84,185.94,174.43,184.42,1690832,0.0
2020-04-08,183.87,197.99,181.86,193.18,1635606,0.0
2020-04-12,189.34,190.43,178.9,185.72,993647,0.0
2020-04-13,189.53,193.44,187.0351,190,1530681,0.0
2020-04-14,182.11,186.87,181.17,183.95,1509657,0.0
2020-04-15,185.77,187.57,178.7,180.19,3018401,0.0
2020-04-16,188.37,193.38,183.9901,193,5001986,0.0
2020-04-19,189.77,205,188.39,196.71,3812595,0.0
2020-04-20,191.08,193.82,184.67,187.2,2956130,0.0
2020-04-21,190.9,197.255,187.64,190.02,3852446,0.0
2020-04-22,190.34,195.99,187.755,188.57,1939615,0.0
2020-04-23,189.71,194.22,186.65,191.97,2167295,0.0
2020-04-26,193.45,196.99,192.41,196.52,1782732,0.0
2020-04-27,201.52,207.95,198.25,203.5,1360109,0.0
2020-04-28,206.41,227.44,205.6,220.6,3968350,0.0
2020-04-29,215,219.94,206.404,214.96,2281297,0.0
2020-04-30,208.08,209.0248,201.01,203.26,2408822,0.0
2020-05-03,199.4,210.31,197.135,210.13,1044578,0.0
2020-05-04,214.81,219.9873,207.58,208.61,2350734,0.0
2020-05-05,210.31,218.58,209.02,215.92,976917,0.0
2020-05-06,218.41,221.99,210.5,213.59,2407168,0.0
2020-05-07,217.29,217.76,207.02,209.96,780007,0.0
2020-05-10,207.71,217.65,206.43,214.31,850739,0.0
2020-05-11,216.37,216.64,206.47,206.47,1995842,0.0
2020-05-12,204.19,205.07,197.54,201.17,1113408,0.0
2020-05-13,196.66,206.26,195.56,206.16,814616,0.0
2020-05-14,201.08,205.645,199.56,203.69,841398,0.0
2020-05-17,213.25,234.34,210,229.24,3463102,0.0
2020-05-18,229.42,229.98,224.29,224.36,1071866,0.0
2020-05-19,227.98,240.722,226.15,236.345,2527126,0.0
2020-05-20,235,240.09,232.23,236.08,1459168,0.0
2020-05-21,237.23,245.5013,235.35,243.73,1698842,0.0
2020-05-25,252.3,255.65,244.65,247.93,1055123,0.0
2020-05-26,251.36,252.36,238.44,251.38,989202,0.0
2020-05-27,253.08,254.98,248.0101,249.23,758426,0.0
2020-05-28,247.67,252.85,242.6,246.11,1933950,0.0
2020-05-31,247.34,250.85,243.8,250.55,1504962,0.0
2020-06-01,253.09,263.82,251,263.78,2266404,0.0
2020-06-02,265,272.94,263.13,268.34,1633404,0.0
2020-06-03,268.11,271,258.83,260.04,1584930,0.0
2020-06-04,267.85,288.875,267.05,288.24,1745940,0.0
2020-06-07,286.31,292.0399,285.21,289.96,1055535,0.0
2020-06-08,286,287.5056,279.42,279.82,2431844,0.0
2020-06-09,280,283.9099,266.61,267.59,2277040,0.0
2020-06-10,254.44,255,237.2401,238.215,1473438,0.0
2020-06-11,250.64,257.34,248.37,248.675,1056022,0.0
2020-06-14,244.96,259.83,241.5732,258.99,1298342,0.0
2020-06-15,268.23,273.83,260.02,264.79,731155,0.0
2020-06-16,269.1,269.1,261.12,262.25,830506,0.0
2020-06-17,261.09,268,258.39,264.61,668092,0.0
2020-06-18,269.06,271.06,257.045,261,1544293,0.0
2020-06-21,261.85,262.43,255.79,260.71,482318,0.0
2020-06-22,263.11,268.8799,262.965,267.43,575034,0.0
2020-06-23,261.97,265.57,253.29,257.76,925061,0.0
2020-06-24,255.44,258.31,251.11,257.44,571918,0.0
2020-06-25,258.03,265.9,254.69,263.39,1029017,0.0
2020-06-28,265.34,268,259.16,266.47,503621,0.0
2020-06-29,266.67,275.81,264.37,274.44,745533,0.0
2020-06-30,275.95,280.605,272.56,273.89,580788,0.0
2020-07-01,279.15,285.6,276.65,280.07,638421,0.0
