Date,Open,High,Low,Close,Volume,OpenInterest
2016-07-11,125.98,127.2,124.22,125.34,2085337,0.0
2016-07-12,126.37,126.78,123.24,123.47,1294495,0.0
2016-07-13,125,125.715,123.97,125.15,1017699,0.0
2016-07-14,126.37,126.87,124.96,125.56,1262048,0.0
2016-07-17,125.62,125.98,124.001,125.49,680008,0.0
2016-07-18,125,125.86,123.14,124.17,1154729,0.0
2016-07-19,124.15,128,123.96,126.93,1471412,0.0
2016-07-20,128.24,129.95,126.34,127.3,1940844,0.0
2016-07-21,127.74,127.98,125.34,125.79,1106245,0.0
2016-07-24,125.71,127.93,125.34,127.46,1072969,0.0
2016-07-25,126.77,127.81,125.39,126.67,1054072,0.0
2016-07-26,126.63,130.32,125.81,129.79,1766031,0.0
2016-07-27,134,135,129.525,130.4,2498606,0.0
2016-07-28,130.41,131.3,127.7,128.6,1465582,0.0
2016-07-31,128.87,135.14,128.76,133.5,2744073,0.0
2016-08-01,133.54,135.51,130.965,133.62,1921795,0.0
2016-08-02,133.23,138.24,132.58,137.69,1636197,0.0
2016-08-03,138.18,138.4,135.205,135.41,1327825,0.0
2016-08-04,135.84,138.26,135.43,137.07,1183205,0.0
2016-08-07,137.14,138.05,135.69,136.08,871765,0.0
2016-08-08,135.55,137.01,134.61,135,642488,0.0
2016-08-09,135.31,135.49,131.89,132.68,946748,0.0
2016-08-10,132.86,134.46,132.28,133.64,506422,0.0
2016-08-11,133.07,133.5,131.31,133.44,879335,0.0
2016-08-14,134.18,136.71,133.4605,136.04,967231,0.0
2016-08-15,135.36,135.89,133.68,133.76,439888,0.0
2016-08-16,134.35,134.74,132.77,133.03,799626,0.0
2016-08-17,132.88,133.32,132.04,132.42,577747,0.0
2016-08-18,132.03,133.325,131.971,132.12,573777,0.0
2016-08-21,133.72,136.62,133.04,136.53,1074697,0.0
2016-08-22,137.22,137.7,135.94,137.42,689609,0.0
2016-08-23,137.07,138.25,131.74,132.14,1067665,0.0
2016-08-24,132.19,133.425,127.46,129.155,1393714,0.0
2016-08-25,130,131.6,128.26,129.63,783948,0.0
2016-08-28,129.59,130.3824,127.71,127.99,706240,0.0
2016-08-29,127.77,129.2,127.28,128.21,620973,0.0
2016-08-30,127.77,128.72,125.69,125.86,1012235,0.0
2016-08-31,125.9,126.42,123.79,125.63,1001466,0.0
2016-09-01,126.29,126.29,123.56,123.66,850877,0.0
2016-09-05,123.79,126.05,122.02,125.82,1042317,0.0
2016-09-06,125.6,127.235,124.41,125.09,666056,0.0
2016-09-07,124.97,130.49,124.93,130.04,1610230,0.0
2016-09-08,128.32,129.27,123.95,124.92,1078182,0.0
2016-09-11,124.2,129.52,124.2,129.3,859859,0.0
2016-09-12,127.84,129.29,125.75,126.79,874002,0.0
2016-09-13,126.91,130.39,126.591,129.43,724606,0.0
2016-09-14,126.99,131.22,126.99,129.7,1256057,0.0
2016-09-15,129.99,132.54,128.42,131.5,1840084,0.0
2016-09-18,131.6,133.03,130.29,131.18,950853,0.0
2016-09-19,132.47,132.95,130.375,131.73,886450,0.0
2016-09-20,132.26,132.83,128.1,130.35,862356,0.0
2016-09-21,131.09,133.88,129.85,133.69,892192,0.0
2016-09-22,131.6,132.3,127.18,127.22,1644779,0.0
2016-09-25,127.22,127.64,124.21,124.51,1085063,0.0
2016-09-26,124.25,126.52,123.66,125.99,980535,0.0
2016-09-27,125.87,127.45,123.26,123.75,1086036,0.0
2016-09-28,124.23,125.2,120.02,120.04,1606695,0.0
2016-09-29,120.11,123.05,119.23,122.52,1304619,0.0
2016-10-02,122.41,122.8,120.36,122.13,1166078,0.0
2016-10-03,122.41,123.91,121.85,123.39,958248,0.0
2016-10-04,123.78,126.82,123.01,125.51,816258,0.0
2016-10-05,124.61,125.3,122.58,122.87,671088,0.0
2016-10-06,123.51,125.33,122.01,125.05,768302,0.0
2016-10-09,125.95,126.81,125.23,126.06,653760,0.0
2016-10-10,125.24,125.985,120.95,121.76,1022495,0.0
2016-10-11,122.04,122.1,118.59,118.75,1008011,0.0
2016-10-12,117.72,120.75,117.26,119.61,820664,0.0
2016-10-13,120.28,121.39,118.26,118.345,684375,0.0
2016-10-16,118.63,119.82,116.75,119.47,941304,0.0
2016-10-17,121.56,124.47,120.61,121.33,865533,0.0
2016-10-18,121.11,121.845,119.95,120.32,753552,0.0
2016-10-19,120.31,123.22,119.99,122.47,596560,0.0
2016-10-20,121.96,122.29,119.78,120.26,713897,0.0
2016-10-23,121.35,123.0299,119.335,121.6,959790,0.0
2016-10-24,121.79,123.23,120.74,121.38,620087,0.0
2016-10-25,121.55,122.65,119.03,121.615,3464352,0.0
2016-10-26,126.16,133.48,126.16,131.39,3941910,0.0
2016-10-27,132.69,136.25,130.41,135.66,2692636,0.0
2016-10-30,135.37,135.54,129.84,130.52,1665636,0.0
2016-10-31,130.57,133.385,128.64,131.43,1469614,0.0
2016-11-01,131.02,131.22,127.59,127.74,1362808,0.0
2016-11-02,128.93,131.03,127.28,127.52,1369219,0.0
2016-11-03,137.18,145.415,121.55,129.01,10402352,0.0
2016-11-06,130.57,130.57,118.4,119.89,5426908,0.0
2016-11-07,119.79,122.665,117.33,119.35,3311500,0.0
2016-11-08,125.49,137.9999,123.07,127.13,4988830,0.0
2016-11-09,126.25,128.91,125.46,126.87,6388562,0.0
2016-11-10,125.76,126.699,111.665,113.6,5653374,0.0
2016-11-13,115.1,122.59,114.5001,118.89,3395293,0.0
2016-11-14,118.85,120.45,117.23,120.36,1730066,0.0
2016-11-15,119.88,123.46,119.22,122.51,2403818,0.0
2016-11-16,122.35,123.55,121.02,122.98,1572948,0.0
2016-11-17,122.49,124.04,119.7,119.79,1154930,0.0
2016-11-20,119.93,120.81,117.59,117.66,1181513,0.0
2016-11-21,118.44,118.5,114.86,117.02,1369037,0.0
2016-11-22,115.46,119.35,114.6,118.92,1373608,0.0
2016-11-24,118.84,119.04,117.31,118.81,345831,0.0
2016-11-27,118.48,119.95,116.63,119.38,1234268,0.0
2016-11-28,121,127.55,118.5831,125.59,2686278,0.0
2016-11-29,125.62,126.2099,122.16,122.59,1166313,0.0
2016-11-30,122.78,123.49,121.32,122.03,1311304,0.0
2016-12-01,122.5,123.45,121.34,122.94,952776,0.0
2016-12-04,124.09,127.55,123.85,124.94,1877112,0.0
2016-12-05,124.69,125.55,123.67,124.17,800173,0.0
2016-12-06,122.71,127,120.75,125.62,2062830,0.0
2016-12-07,125.45,126.69,123.13,125.99,1580704,0.0
2016-12-08,126.26,134.06,126.06,132.07,2009318,0.0
2016-12-11,118.61,120.36,109.8,115.04,12017972,0.0
2016-12-12,113.61,113.85,109.12,110.01,5918925,0.0
2016-12-13,109.42,114.43,109.31,113.57,4715305,0.0
2016-12-14,113.66,116.91,112.68,116.7,3929842,0.0
2016-12-15,118.21,120.93,117.35,120.05,4531035,0.0
2016-12-18,119.76,121.91,113.54,114.57,4285529,0.0
2016-12-19,115.14,121.7,114.57,116.71,3831731,0.0
2016-12-20,117.2,120.015,115.41,119.01,2144980,0.0
2016-12-21,119.75,126.31,118.4,125.88,4630409,0.0
2016-12-22,125.75,127.8711,124.8201,127.18,2057950,0.0
2016-12-26,127.19,128.133,124.83,126.06,1527043,0.0
2016-12-27,125.98,125.98,123.6,123.74,944160,0.0
2016-12-28,123.52,123.84,121.92,123.65,790317,0.0
2016-12-29,123.62,124.23,121.81,122.4,1009123,0.0
2017-01-02,123.19,125.28,122.13,122.6,1288156,0.0
2017-01-03,123.6,128.61,123.2,127.1,2575751,0.0
2017-01-04,133,141.41,133,139.18,7346025,0.0
2017-01-05,139.98,144.75,137.59,143.61,2961760,0.0
2017-01-08,143.7,145,141.23,144.76,2136808,0.0
2017-01-09,144.99,145,140.5,143.67,1460183,0.0
2017-01-10,143.04,143.23,134.02,136.61,3727970,0.0
2017-01-11,137.85,138.36,135.13,137.3,1590534,0.0
2017-01-12,137.03,139.97,135.41,136.93,1347406,0.0
2017-01-16,136.19,136.8,134.57,135.28,1474210,0.0
2017-01-17,136.25,138.47,134.97,135.89,1118650,0.0
2017-01-18,135.45,135.6,133.67,134.335,1171500,0.0
2017-01-19,135.18,135.18,131.19,131.98,1393246,0.0
2017-01-22,132.23,133.09,130.6974,131.51,1209272,0.0
2017-01-23,131.59,132.4,129.25,129.88,1286625,0.0
2017-01-24,130.61,131.29,128.73,129.46,1726012,0.0
2017-01-25,130.05,132.48,128.05,128.18,1512312,0.0
2017-01-26,128.81,129.56,128.02,129.2,1007200,0.0
2017-01-29,128.21,128.8644,127.18,128.04,1064613,0.0
2017-01-30,128.01,131.07,126.1,130.68,1633386,0.0
2017-01-31,128.5,132.84,128.5,132.33,1924996,0.0
2017-02-01,130.86,131.9999,127.955,128.36,2398775,0.0
2017-02-02,129.11,129.11,126.74,126.92,2376424,0.0
2017-02-05,125.69,128.3,125.31,128.19,1382318,0.0
2017-02-06,128.09,128.65,126.23,127.76,966601,0.0
2017-02-07,127.12,128.58,125.69,126.37,1358898,0.0
2017-02-08,126.84,127.67,125.79,127.07,1826100,0.0
2017-02-09,127.49,127.9805,125.85,126.51,1383099,0.0
2017-02-12,127.22,128.15,126.0397,127.77,2208901,0.0
2017-02-13,128.22,130.4699,127.75,129.51,2123351,0.0
2017-02-14,129.05,132.38,129.05,132,2180960,0.0
2017-02-15,137.71,138.21,130.18,130.39,4313773,0.0
2017-02-16,130,130.228,125.2,128.82,2399413,0.0
2017-02-20,129.71,132.78,129.42,129.86,1966128,0.0
2017-02-21,129.38,131.99,129.36,130.82,932670,0.0
2017-02-22,130.51,131.56,128.93,130.44,1375271,0.0
2017-02-23,131.37,132.46,130,131.52,1280507,0.0
2017-02-26,131.2,132.53,130.66,132.2,1040901,0.0
2017-02-27,131.71,132.169,130.61,131.26,1279973,0.0
2017-02-28,132.5,135.11,131.43,134.21,1463146,0.0
2017-03-01,133.8,134.41,132.53,132.94,966448,0.0
2017-03-02,132.4,135.38,132.24,134.98,1356785,0.0
2017-03-05,134.86,135.86,133.065,133.33,906500,0.0
2017-03-06,132.37,133.19,128.9,129.19,1007913,0.0
2017-03-07,129.6,131.34,126.17,127.41,2721754,0.0
2017-03-08,127.41,127.81,124.16,126.59,1761647,0.0
2017-03-09,127.53,128.2,125.44,127.32,1403823,0.0
2017-03-12,126.94,126.94,124.13,124.73,852921,0.0
2017-03-13,124.67,124.85,121.5,121.585,1357299,0.0
2017-03-14,121.74,122.73,121.02,122.11,1505078,0.0
2017-03-15,122.08,124.05,121.76,122.4,1072566,0.0
2017-03-16,123.07,123.64,121.34,122.09,1592628,0.0
2017-03-19,122.18,122.29,119.61,120.16,997545,0.0
2017-03-20,120.89,120.98,116.96,118.68,1642192,0.0
2017-03-21,118.72,120.22,118.09,120.06,1074349,0.0
2017-03-22,119.79,121.07,119.55,120.27,1052969,0.0
2017-03-23,120.94,121.43,118.73,119.25,974597,0.0
2017-03-26,117.67,119.05,115.58,118.84,1986566,0.0
2017-03-27,118.64,119.5,118.04,118.52,829022,0.0
2017-03-28,118.53,121.44,118.03,120.71,1410968,0.0
2017-03-29,120.7,122.93,120.0001,122.08,1192141,0.0
2017-03-30,121.49,121.87,119.22,121.24,1590520,0.0
2017-04-02,121.52,122.29,119.15,119.24,1124475,0.0
2017-04-03,119.35,120.33,117.86,118.29,1272675,0.0
2017-04-04,118.17,119.88,115.94,116.24,1526310,0.0
2017-04-05,116.3,116.7,114.16,115.49,2862038,0.0
2017-04-06,115.78,116.26,113.42,115.62,2188129,0.0
2017-04-09,115.92,118.09,115.01,117.41,905994,0.0
2017-04-10,117.05,118.24,115.66,116.89,531349,0.0
2017-04-11,117.09,117.73,114.32,114.57,1022367,0.0
2017-04-12,114.76,118.64,114.73,118.35,1373967,0.0
2017-04-16,118.35,119.57,117.24,118.83,815034,0.0
2017-04-17,118.07,118.94,117.35,118.23,770081,0.0
2017-04-18,118.75,121,118.0232,120.49,1626288,0.0
2017-04-19,121,121,117.9901,118.71,1094196,0.0
2017-04-20,118.64,119.3,115.57,116.8,1495585,0.0
2017-04-23,117.99,120.42,117.505,119.51,2195779,0.0
2017-04-24,120.02,122.07,119.47,120.52,1283175,0.0
2017-04-25,120.6,122.93,120.12,120.73,1212280,0.0
2017-04-26,125,127.94,121.7,126.91,3102763,0.0
2017-04-27,127.67,128.74,125.64,127.78,2396622,0.0
2017-04-30,128,131.76,127.15,131.63,1830169,0.0
2017-05-01,131.04,133.6736,130.06,133.4,1902069,0.0
2017-05-02,133.04,133.04,129.47,130.43,1083601,0.0
2017-05-03,130.5,131.355,128.86,130.15,853183,0.0
2017-05-04,130.63,130.63,128.6,128.8,855211,0.0
2017-05-07,129.12,129.99,122.02,124.48,4673473,0.0
2017-05-08,124.1,125.7999,123.19,124.7,1139412,0.0
2017-05-09,124.99,125.37,120.57,120.94,1205130,0.0
2017-05-10,120.6,121.1174,118.58,119.01,2037172,0.0
2017-05-11,119,121.39,118.11,120.08,2016147,0.0
2017-05-14,120.5,121.46,120.301,120.91,816044,0.0
2017-05-15,120.75,121.095,119.85,120.3,892947,0.0
2017-05-16,119.28,119.562,116.1,116.15,1025710,0.0
2017-05-17,116.44,117.84,115.84,116.67,1552486,0.0
2017-05-18,117.16,117.16,113.49,113.85,1960011,0.0
2017-05-21,113.95,115.54,112.58,115.42,1823621,0.0
2017-05-22,111.41,112.65,102.47,104.62,16673643,0.0
2017-05-23,104.5,105,98.63,101,8438264,0.0
2017-05-24,104.5,104.5,98.4,98.5,5893070,0.0
2017-05-25,98.77,99.4399,96.18,97.7,6038267,0.0
2017-05-29,98.04,98.5999,96.84,97.78,4081484,0.0
2017-05-30,98.22,99,97.56,98.03,2846253,0.0
2017-05-31,97.87,101.25,97.87,100.58,2763920,0.0
2017-06-01,101.24,104.68,100.7701,101.83,2762790,0.0
2017-06-04,101.53,102.14,100.02,101.61,1229361,0.0
2017-06-05,101.51,102.32,100.26,101.42,1714804,0.0
2017-06-06,101.5,103.82,99.9,100.13,2575580,0.0
2017-06-07,100.57,104.05,100.57,102.94,2303999,0.0
2017-06-08,103.09,106.06,103.03,105.36,2479002,0.0
2017-06-11,105.51,108.25,105.51,106.85,2670186,0.0
2017-06-12,106.25,108.87,105.75,108,1779307,0.0
2017-06-13,114.59,118.09,113.95,118.02,8549666,0.0
2017-06-14,116.5,118.03,115.94,118.01,4106712,0.0
2017-06-15,118.02,118.55,113.13,113.95,3039188,0.0
2017-06-18,114.51,117.075,113.22,116.12,2133925,0.0
2017-06-19,117,120.79,116.66,119.05,2867795,0.0
2017-06-20,118.94,123.72,118.88,123.57,2260058,0.0
2017-06-21,124.01,126.68,124.01,126.28,2127793,0.0
2017-06-22,129.84,130.02,124.95,126.06,3267496,0.0
2017-06-25,126.59,126.99,124.88,125.12,1671673,0.0
2017-06-26,125.2,126.39,122,122.11,1742205,0.0
2017-06-27,122.35,126.52,121.51,125.81,2013086,0.0
2017-06-28,125.55,125.86,120.61,122.42,2013785,0.0
2017-06-29,123.75,123.75,121.37,121.67,1273479,0.0
2017-07-02,121.83,122.78,121.02,121.02,621401,0.0
2017-07-04,121.08,126.19,120.45,125.06,1871834,0.0
2017-07-05,124.22,126.1,117.17,121.11,3837244,0.0
2017-07-06,122.31,123.97,121.21,123.06,1533878,0.0
2017-07-09,123.56,124.32,121.5,123.77,1082314,0.0
2017-07-10,123.51,124.72,122.11,124.35,831071,0.0
2017-07-11,124.97,126.05,123.77,124.94,848129,0.0
2017-07-12,124.6,127.39,123.78,126.91,1233596,0.0
2017-07-13,127.7,128.67,126.1759,126.71,852437,0.0
2017-07-16,126.54,128.5,125.69,125.76,722007,0.0
2017-07-17,126.11,127.065,125.32,126.77,672114,0.0
2017-07-18,126.65,129.19,126.4,127.28,1352739,0.0
2017-07-19,127.91,129.99,127.35,129.83,996778,0.0
2017-07-20,129.42,132.01,129.01,131.79,1547942,0.0
2017-07-23,132.09,132.22,130.19,130.79,1260209,0.0
2017-07-24,131.75,132,129.09,129.38,1104919,0.0
2017-07-25,128.76,131.71,128.76,131.07,1657521,0.0
2017-07-26,139,142.47,132.24,133.84,3752705,0.0
2017-07-27,134.77,139.02,133.4,137.99,1956021,0.0
2017-07-30,137.74,138.52,135.82,137.51,1292601,0.0
2017-07-31,138.33,138.78,136.75,137.79,1288278,0.0
2017-08-01,136.9,138.39,136.4011,137.97,1338226,0.0
2017-08-02,138.13,138.44,135.59,136.69,787213,0.0
2017-08-03,136.95,137.14,134.74,136.63,1144840,0.0
2017-08-06,136.33,139.07,135.32,138.31,1076263,0.0
2017-08-07,137.78,138,135.745,136.05,1031523,0.0
2017-08-08,135.96,137.7,135.08,136.85,787595,0.0
2017-08-09,136.02,136.47,132.15,132.35,1042575,0.0
2017-08-10,132.68,134.02,131.15,132.92,1019717,0.0
2017-08-13,133.64,134.6,133.28,133.94,630778,0.0
2017-08-14,134.01,135.84,133.26,135.22,810938,0.0
2017-08-15,135.92,137.61,135.29,136.55,937359,0.0
2017-08-16,135.88,137.64,134.51,134.64,902172,0.0
2017-08-17,134.28,134.92,132.99,133.4,1031736,0.0
2017-08-20,133.55,135.96,132.86,133.42,807254,0.0
2017-08-21,133.85,138.75,133.25,138.21,1003524,0.0
2017-08-22,137.83,137.83,135.5,135.67,775008,0.0
2017-08-23,135.91,138,135.62,137.78,724918,0.0
2017-08-24,138,138.98,136.41,137.55,673763,0.0
2017-08-27,138.54,140.92,137.51,139,926231,0.0
2017-08-28,137.95,138.91,136.5528,138.4,643331,0.0
2017-08-29,137.95,140.25,137.67,138.48,953781,0.0
2017-08-30,138.82,142.98,137.32,142.37,1639966,0.0
2017-08-31,142,144.695,141.01,144.08,1487598,0.0
2017-09-04,145.81,149.34,142.43,144.8,1816335,0.0
2017-09-05,145.14,146.97,143.02,145.13,1256575,0.0
2017-09-06,144.75,145.21,142.59,143.49,1155723,0.0
2017-09-07,143.1,143.86,140.69,141.19,936736,0.0
2017-09-10,143,143.97,139.8387,142.92,1327154,0.0
2017-09-11,145.47,145.8,139.3,144.07,1518027,0.0
2017-09-12,144.11,146.66,142,146.46,1227217,0.0
2017-09-13,146.3,146.85,143.02,144.62,1054969,0.0
2017-09-14,147.06,147.29,145,146.68,1953592,0.0
2017-09-17,146.98,146.98,143.47,143.64,851887,0.0
2017-09-18,143.9,144.455,141.82,142.81,957337,0.0
2017-09-19,142.66,143.51,141.92,142.885,884984,0.0
2017-09-20,142.99,143.88,142.2,142.88,1064220,0.0
2017-09-21,142.84,143.21,141.46,142.85,756283,0.0
2017-09-24,143.11,144.635,142.37,143.99,1219138,0.0
2017-09-25,143.85,144.09,139.27,139.66,1053215,0.0
2017-09-26,139.71,140.49,138.85,139.42,958227,0.0
2017-09-27,139.13,139.4,136.82,138.33,1103098,0.0
2017-09-28,137.95,140.57,137.38,140.29,856533,0.0
2017-10-01,140,143.49,139.02,140.89,1054020,0.0
2017-10-02,141.78,142.59,140.19,141.47,763317,0.0
2017-10-03,141.3,142.95,140.61,141.93,847747,0.0
2017-10-04,141.93,144.62,141.06,143.8,935463,0.0
2017-10-05,143.75,144.035,141.2,141.23,586463,0.0
2017-10-08,141.4,141.52,139.58,141.13,674125,0.0
2017-10-09,141.34,143.92,141.07,143.84,876257,0.0
2017-10-10,144.07,144.07,140.95,141.21,1037693,0.0
2017-10-11,141.35,142.14,140.71,141.46,570739,0.0
2017-10-12,141.29,143,140.44,140.6,456273,0.0
2017-10-15,140.9,142.42,140.22,140.84,660340,0.0
2017-10-16,140.44,144.91,140.22,143.16,1090179,0.0
2017-10-17,143.4,144.67,139.86,140.26,1088182,0.0
2017-10-18,140.04,141.29,139.011,140.45,1010292,0.0
2017-10-19,140.48,140.48,137.48,139.02,1609756,0.0
2017-10-22,138.48,139.39,134.81,135.22,2014030,0.0
2017-10-23,141.31,142.24,136.13,136.7,4058448,0.0
2017-10-24,134.18,136.525,131.59,132.2,2165956,0.0
2017-10-25,130.85,131.75,125.79,126.1,3752054,0.0
2017-10-26,125.35,129.4,124.1,128.6,2599505,0.0
2017-10-29,127.78,131.39,126.9,127.78,1852008,0.0
2017-10-30,125.54,126.04,119.15,119.66,3998004,0.0
2017-10-31,119.97,120.49,114.79,116.06,2913482,0.0
2017-11-01,117.24,117.47,115,115.64,1520092,0.0
2017-11-02,115.31,118.13,115.12,117.96,951321,0.0
2017-11-05,117.26,118.86,115.44,115.94,1357004,0.0
2017-11-06,115.71,117.57,113.52,117.44,1416990,0.0
2017-11-07,117.96,118.74,114.1,115.35,1531325,0.0
2017-11-08,114.58,117.0099,114.485,116.37,921456,0.0
2017-11-09,115.49,116.14,114.91,115.14,1063011,0.0
2017-11-12,115.02,115.345,113.22,113.44,977151,0.0
2017-11-13,113.08,113.5,109.63,109.98,1764988,0.0
2017-11-14,110.1,111.25,108.64,110.36,1444061,0.0
2017-11-15,111.18,111.61,108.215,110.31,2201647,0.0
2017-11-16,110.15,111.27,109.6128,110.87,1333562,0.0
2017-11-19,110.52,111,108.01,108.5,1061575,0.0
2017-11-20,109.08,109.43,107.9,108.07,1975551,0.0
2017-11-21,108.25,108.55,107.07,107.59,1158870,0.0
2017-11-23,107.87,109.1,107.57,108.54,466553,0.0
2017-11-26,108.64,110.91,107.22,107.76,1239060,0.0
2017-11-27,108.5,108.79,107.18,108.1,1162822,0.0
2017-11-28,107.84,110.51,106.34,107.36,1862833,0.0
2017-11-29,108.01,111.88,107.85,109.81,1676227,0.0
2017-11-30,109.52,111.01,107.41,108.96,1501484,0.0
2017-12-03,109.71,113.23,109.23,111.75,1782930,0.0
2017-12-04,112.75,113.99,108.57,108.9,1677877,0.0
2017-12-05,108.97,109.76,107.56,109.42,1165415,0.0
2017-12-06,110.33,110.33,105.01,106.77,1945089,0.0
2017-12-07,113.15,116.36,111.6,114.44,4087849,0.0
2017-12-10,114.05,115.96,110.925,111.85,1684654,0.0
2017-12-11,111.86,114.63,111.5,113.61,1191543,0.0
2017-12-12,113.94,114.93,112.26,113.58,1262733,0.0
2017-12-13,114.01,114.55,111.8,113.13,1128288,0.0
2017-12-14,113.98,116.55,112.5,115.75,1694894,0.0
2017-12-17,118.16,118.8,115.85,116.08,1219139,0.0
2017-12-18,115.78,116.925,115.16,115.72,1168723,0.0
2017-12-19,115.72,118.62,115.51,118.34,1405717,0.0
2017-12-20,118.32,119.81,117.838,118.23,1055063,0.0
2017-12-21,118.11,119.13,117.51,118.77,673656,0.0
2017-12-25,119.13,119.88,118.28,119.21,637009,0.0
2017-12-26,119.34,119.94,118.82,119.8,689341,0.0
2017-12-27,121,121.17,118.895,120.19,849302,0.0
2017-12-28,120.76,121.195,119.135,119.63,711108,0.0
2018-01-01,121.52,124.3,119.99,124.05,1781659,0.0
2018-01-02,125.15,126.29,122.41,124.95,1977362,0.0
2018-01-03,125.82,125.82,122.13,122.69,1395625,0.0
2018-01-04,123.91,123.91,121.5821,122.69,2125004,0.0
2018-01-07,122.64,122.8,118,119.67,1765790,0.0
2018-01-08,120.5,122.11,120.0335,121.79,1337847,0.0
2018-01-09,121.7,121.92,120.13,121.47,774670,0.0
2018-01-10,121.5,122.96,120.22,122.48,969028,0.0
2018-01-11,123,123.63,121.59,122.71,768862,0.0
2018-01-15,123,126.06,123,124.49,1933028,0.0
2018-01-16,125.54,125.54,121.6,122.12,1373611,0.0
2018-01-17,122.43,122.43,120.04,120.37,1032785,0.0
2018-01-18,120.6,121.725,120.38,121.03,1100183,0.0
2018-01-21,121.24,124.03,120.59,123.68,940859,0.0
2018-01-22,123.43,126.16,122.66,125.57,891048,0.0
2018-01-23,126.04,129.15,123.875,125.02,962012,0.0
2018-01-24,125.88,126.455,124.04,124.96,620754,0.0
2018-01-25,125.57,128.27,125.4,128.09,845500,0.0
2018-01-28,127.33,128.44,126.25,126.79,691295,0.0
2018-01-29,126.19,127.5,122.32,122.36,998351,0.0
2018-01-30,122.34,122.73,119.19,119.33,1475056,0.0
2018-01-31,118.45,119.535,116.8901,118.07,1745084,0.0
2018-02-01,117.42,117.98,115.62,116.15,929993,0.0
2018-02-04,117.26,118.615,112.7,112.72,1270812,0.0
2018-02-05,110.65,115.15,109.61,114.95,1448785,0.0
2018-02-06,113.95,119.12,113.59,117.18,2088789,0.0
2018-02-07,116.31,118.84,108.27,108.43,2965946,0.0
2018-02-08,109.06,110.99,104.951,108.59,2369687,0.0
2018-02-11,109.56,115.98,109.52,115.44,2092215,0.0
2018-02-12,114.28,115.36,112.56,113.97,1756245,0.0
2018-02-13,113.13,123.8,112.59,123.23,2430920,0.0
2018-02-14,123.07,125.3,120.66,122.7,1841796,0.0
2018-02-15,122.57,123.17,119.24,120.48,1218802,0.0
2018-02-19,119.46,122.11,118.47,118.88,927514,0.0
2018-02-20,119.43,120.12,117.04,117.13,835288,0.0
2018-02-21,117.74,118.26,114.09,114.6,802092,0.0
2018-02-22,115.78,118.99,114.52,118.93,820996,0.0
2018-02-25,119.98,121.37,119.12,121.34,904351,0.0
2018-02-26,120.72,122.31,118.34,118.34,859666,0.0
2018-02-27,118.61,120.725,117.43,117.45,852571,0.0
2018-02-28,116.06,117.15,114.56,115.1,1186231,0.0
2018-03-01,114.71,118.35,113.88,117.91,976192,0.0
2018-03-04,116.76,120.53,116.76,119.49,927720,0.0
2018-03-05,119.78,120.48,117.29,118.13,823888,0.0
2018-03-06,117.64,118.63,116.39,118.37,1050340,0.0
2018-03-07,119.3,120.67,117.79,120.01,842717,0.0
2018-03-08,121.34,126.06,121.27,125.68,2171448,0.0
2018-03-11,125.51,127.65,125.1,127.05,850996,0.0
2018-03-12,127.26,127.8209,119.9,121.08,1443306,0.0
2018-03-13,122.08,123.1999,120.42,122.7,989228,0.0
2018-03-14,137.7,142,124.31,126.82,8672941,0.0
2018-03-15,128.07,130.91,126.23,126.73,3026315,0.0
2018-03-18,125.38,125.99,120.52,122.07,1470031,0.0
2018-03-19,122.88,123.09,119.19,120.22,1552450,0.0
2018-03-20,120.14,120.46,117.54,117.89,2108441,0.0
2018-03-21,117.07,118,114.09,114.2,1432606,0.0
2018-03-22,114.16,114.79,110.37,110.75,1965541,0.0
2018-03-25,112.19,112.43,107.73,111.55,2338833,0.0
2018-03-26,112.41,112.59,107.51,108.36,2066648,0.0
2018-03-27,109.2,111.95,108.08,110.619,1793766,0.0
2018-03-28,110.92,113.21,108.61,111.46,1241972,0.0
2018-04-01,110.4,111.16,106.85,108.63,1265206,0.0
2018-04-02,108.93,109.0806,106.22,107.49,938220,0.0
2018-04-03,106.15,112.006,106.1,111.49,1086203,0.0
2018-04-04,111.93,112.41,108.49,109.3,1263183,0.0
2018-04-05,108.42,110.74,107.73,109.24,1751927,0.0
2018-04-08,109.93,112.08,108.76,110.63,1481247,0.0
2018-04-09,112.13,113.7518,110.385,113.45,987233,0.0
2018-04-10,112.47,113.54,110.465,110.79,1164499,0.0
2018-04-11,111.61,113.1,111.22,111.3,929776,0.0
2018-04-12,112.33,113,110.86,111.38,897551,0.0
2018-04-15,112.39,112.87,109.29,109.47,1255649,0.0
2018-04-16,110,114.63,109.5,113.29,1361418,0.0
2018-04-17,113.61,113.7,112.28,112.95,939926,0.0
2018-04-18,112.4,113.27,111.25,111.74,727671,0.0
2018-04-19,111.85,112.035,102.1,107.8,4568356,0.0
2018-04-22,108.51,110.4563,107.43,107.83,1029966,0.0
2018-04-23,108.68,109.41,106.15,106.51,1116138,0.0
2018-04-24,106.22,107.48,105.45,106.13,1643171,0.0
2018-04-25,113,123.256,109.46,121.5,5662843,0.0
2018-04-26,120.64,121.75,117.7,121.39,2249565,0.0
2018-04-29,122.03,122.63,117.26,117.71,1649263,0.0
2018-04-30,116.91,119.1,116.56,118.62,881359,0.0
2018-05-01,117.61,118.47,113.86,114.25,1744485,0.0
2018-05-02,114.45,116.189,111.84,113.83,1346360,0.0
2018-05-03,113.77,117.61,112.7422,116.81,1990423,0.0
2018-05-06,116.96,118.7,116.76,118.36,933947,0.0
2018-05-07,119.81,119.81,112.51,114.95,2508177,0.0
2018-05-08,115.01,117.78,114,116.73,899979,0.0
2018-05-09,116.97,117.47,115.73,116.13,735022,0.0
2018-05-10,116.19,119.98,116.105,119.6727,1027778,0.0
2018-05-13,119.71,123.48,119.66,122.82,1638530,0.0
2018-05-14,121.51,122.98,120.58,121.61,1205259,0.0
2018-05-15,121.68,122.34,120.1568,121,585164,0.0
2018-05-16,120.86,121.98,119.69,121.15,451928,0.0
2018-05-17,121.12,121.71,120.11,121.1,730626,0.0
2018-05-20,121.5,121.56,118.09,119.37,852142,0.0
2018-05-21,119.59,120.159,118.34,118.99,616282,0.0
2018-05-22,118.07,119.69,117.5601,118.14,735577,0.0
2018-05-23,118.28,118.95,116.46,117.14,830036,0.0
2018-05-24,117.19,118.219,116.85,117.72,600869,0.0
2018-05-28,116.58,117.71,114.36,115.73,1051367,0.0
2018-05-29,116.43,117.3,115.47,116.45,988533,0.0
2018-05-30,116.14,116.75,115.11,116.12,917791,0.0
2018-05-31,117.02,119.45,116.11,119.01,1050505,0.0
2018-06-03,118.99,120.63,118.27,119.76,870305,0.0
2018-06-04,120.2,120.69,117.8,119.27,595848,0.0
2018-06-05,119.59,120.855,119.35,120.63,538460,0.0
2018-06-06,120.74,121.65,117.85,118.61,697125,0.0
2018-06-07,118.54,118.87,116.47,118.32,684967,0.0
2018-06-10,118.12,118.31,116.08,116.68,622579,0.0
2018-06-11,116.45,118.59,115.67,117.54,1008763,0.0
2018-06-12,117.58,119.85,117.16,118.2,785665,0.0
2018-06-13,118.83,120.54,118.26,120.17,681355,0.0
2018-06-14,119.44,121.85,118.99,121.55,1247265,0.0
2018-06-17,120.13,120.5,117.295,118.67,871247,0.0
2018-06-18,117.63,122.5,117.63,121.92,813010,0.0
2018-06-19,122.32,124.77,121.86,124.52,710300,0.0
2018-06-20,124.15,126.14,123.8582,125.81,1055220,0.0
2018-06-21,125.71,128.64,125.37,127.59,1507156,0.0
2018-06-24,126.89,127.14,123.67,124.83,1021097,0.0
2018-06-25,125.05,125.9,121.86,122.32,861692,0.0
2018-06-26,122.43,124.2992,120.68,121.98,1009601,0.0
2018-06-27,121.6,123.58,119.57,121.67,1032842,0.0
2018-06-28,122.11,125.25,121.7635,124.17,899388,0.0
2018-07-01,124.17,125.27,122,124.95,595081,0.0
2018-07-02,126.43,126.785,124.555,125.77,439191,0.0
2018-07-04,126.75,128.74,125.51,128.06,749723,0.0
2018-07-05,129.21,132.48,128.27,132.21,1022008,0.0
2018-07-08,132.93,132.99,129.81,131.58,1000725,0.0
2018-07-09,131.64,132.03,130.401,131.92,518747,0.0
2018-07-10,131.11,131.79,129.705,131.13,581451,0.0
2018-07-11,131.77,134.33,131.5,134.29,1127895,0.0
2018-07-12,134.48,136.47,134,135.87,1157693,0.0
2018-07-15,136.27,136.87,133.8,134.58,837770,0.0
2018-07-16,133.94,137.9,133.7801,136.41,1065387,0.0
2018-07-17,135.83,135.97,134.445,135.66,692537,0.0
2018-07-18,135.17,135.86,134.34,135.09,958195,0.0
2018-07-19,134.93,135.78,134.0101,135.16,888830,0.0
2018-07-22,135.16,135.17,133.45,134.62,820711,0.0
2018-07-23,135.68,137.33,134.42,135.31,866074,0.0
2018-07-24,135.43,137.62,134.251,137.14,1330496,0.0
2018-07-25,137.86,138.77,131.21,136.53,2146778,0.0
2018-07-26,136.61,136.9,130.5,131.83,2148678,0.0
2018-07-29,131.44,132.45,129.41,131.49,1187670,0.0
2018-07-30,132.22,133.47,130.89,132.92,1245435,0.0
2018-07-31,132.33,133.72,131.77,133,1050948,0.0
2018-08-01,130.97,131.43,124.85,126,3030269,0.0
2018-08-02,126.99,128,122.81,123.75,2111441,0.0
2018-08-05,123.18,123.7,120.54,123.34,1767973,0.0
2018-08-06,122.24,123.34,121.13,122.43,1501597,0.0
2018-08-07,122.23,122.39,119.8,120.34,1226663,0.0
2018-08-08,120.86,121.4,119.37,120.15,980060,0.0
2018-08-09,119.54,119.97,118.15,118.89,808704,0.0
2018-08-12,118.96,119.99,118.25,118.38,979523,0.0
2018-08-13,118.86,120.61,118.61,119.69,751646,0.0
2018-08-14,118.9,118.9,115.08,115.32,1528251,0.0
2018-08-15,115.97,118.33,114.4,117.28,1171721,0.0
2018-08-16,117.07,117.28,115.45,116,943796,0.0
2018-08-19,118.47,118.47,115.65,116.17,844581,0.0
2018-08-20,116.26,117.25,115.81,117,832946,0.0
2018-08-21,116.52,118.15,115.46,117.71,574129,0.0
2018-08-22,117.31,117.93,116.27,116.78,550073,0.0
2018-08-23,117.01,117.95,116.68,117.51,351777,0.0
2018-08-26,118.28,121.01,117.75,119.99,700393,0.0
2018-08-27,120.32,122.36,119.7,120.29,908477,0.0
2018-08-28,120.48,123.64,119.845,122.8,902515,0.0
2018-08-29,122.73,123.21,121.78,122.8,489333,0.0
2018-08-30,122.74,123.7425,121.56,122.24,639435,0.0
2018-09-03,121.33,121.78,118.57,119.2,894984,0.0
2018-09-04,119.36,120.61,118.82,120.36,667055,0.0
2018-09-05,119.92,121.017,117.11,117.41,659095,0.0
2018-09-06,116.85,117.3,115.401,117.29,521357,0.0
2018-09-09,118,118.52,117.27,117.805,473657,0.0
2018-09-10,117.6,118.04,116.1,117.5,718809,0.0
2018-09-11,117.6,118.48,116.29,118.2,529789,0.0
2018-09-12,118.6,119.7575,117.35,119.06,1269094,0.0
2018-09-13,119.33,119.37,117.28,118.2,1169555,0.0
2018-09-16,118.3471,118.65,117.08,117.81,871763,0.0
2018-09-17,118.095,120.94,117.73,120.82,998241,0.0
2018-09-18,120.82,123.11,120.8,121.97,894976,0.0
2018-09-19,122.96,124.91,122.89,124.59,759049,0.0
2018-09-20,125.09,125.5,121.91,121.99,1434738,0.0
2018-09-23,130.05,130.15,125.63,128.51,3351035,0.0
2018-09-24,129.25,130.54,128.28,128.99,1845408,0.0
2018-09-25,132,137.48,131.27,135.62,3395800,0.0
2018-09-26,135.3,138.87,135.1,138.27,1601582,0.0
2018-09-27,138.88,140.77,137.92,139.01,2603976,0.0
2018-09-30,138.64,140,136.9,137.12,1528720,0.0
2018-10-01,137,137.868,134.08,135.88,2158682,0.0
2018-10-02,136.35,138.11,135.125,136.71,1954633,0.0
2018-10-03,136.56,136.71,132.59,133.64,881440,0.0
2018-10-04,133.61,136.07,130.02,130.73,1579036,0.0
2018-10-07,131.1,131.1,127.28,129.45,978128,0.0
2018-10-08,129.66,132.27,128.535,130.58,1079486,0.0
2018-10-09,129.56,130.12,123.76,123.99,1508538,0.0
2018-10-10,123.82,124.5,118.25,119.31,1960604,0.0
2018-10-11,122.37,122.47,118.16,121.97,1395217,0.0
2018-10-14,121.02,123.52,120,121.49,823875,0.0
2018-10-15,122.63,128.13,122.35,127.72,1050152,0.0
2018-10-16,127.32,129.57,125.83,128.94,841282,0.0
2018-10-17,128.92,128.92,124.96,126.56,797750,0.0
2018-10-18,126.705,128.99,125.4,125.89,959335,0.0
2018-10-21,126.79,127.07,122.95,123.91,907729,0.0
2018-10-22,121.96,124.26,119.325,123.05,996603,0.0
2018-10-23,125.76,126.5,110.59,110.98,6391320,0.0
2018-10-24,114.05,119.39,111.81,117.09,3193835,0.0
2018-10-25,114.06,118.77,113.0068,116.27,1956519,0.0
2018-10-28,117.67,118.09,109.74,112.26,1810405,0.0
2018-10-29,112.46,114.38,109.97,114.2,1216165,0.0
2018-10-30,114.87,115.06,112,112.06,1504537,0.0
2018-10-31,111.91,119.91,111.83,119.71,1575341,0.0
2018-11-01,120.36,123.18,119.35,122.82,1391054,0.0
2018-11-04,123.63,124.02,121.445,123.22,900224,0.0
2018-11-05,123.26,125.3775,122.02,123.26,894873,0.0
2018-11-06,124.69,127.8,123.63,127.15,1033953,0.0
2018-11-07,127.08,128.42,125.475,127.19,442666,0.0
2018-11-08,126.53,126.59,122,123.44,969910,0.0
2018-11-11,123.52,123.54,118.32,118.59,788793,0.0
2018-11-12,120.16,122.15,118.21,118.52,609354,0.0
2018-11-13,119.64,120.8199,115.34,116.08,968923,0.0
2018-11-14,115.73,119.93,114.63,119.68,998557,0.0
2018-11-15,119.29,120.15,116.18,118.6,1219482,0.0
2018-11-18,118.86,118.88,113.41,115.06,860827,0.0
2018-11-19,114.06,119.0278,113.16,116.83,1316848,0.0
2018-11-20,117.47,119.79,117.2,118.11,681485,0.0
2018-11-22,117.5,120.44,117,118.11,323405,0.0
2018-11-25,119.9,120.64,118.14,118.96,1245289,0.0
2018-11-26,118.25,121.1,117.58,120.94,1074867,0.0
2018-11-27,120.55,122.92,117,122.81,1442514,0.0
2018-11-28,122.4,124.94,121.85,123.38,798053,0.0
2018-11-29,123.67,124.16,121.65,123.2,991165,0.0
2018-12-02,123.2,127.13,123.09,125.45,1189293,0.0
2018-12-03,125.66,129.36,122,122.23,1534960,0.0
2018-12-05,120.63,121.15,116.51,121,1325525,0.0
2018-12-06,119.83,120.98,114.4,115.61,1049300,0.0
2018-12-09,115.65,115.993,111.75,114.64,1297743,0.0
2018-12-10,115.96,117.11,113.28,114.84,1275721,0.0
2018-12-11,117.24,118.7601,116,117.01,1256317,0.0
2018-12-12,117.27,118.26,112.33,112.4,1824293,0.0
2018-12-13,111.59,112.24,108.86,109.35,1904791,0.0
2018-12-16,109.36,114.07,108.21,109.49,1857407,0.0
2018-12-17,110.13,110.74,105.41,105.98,1834124,0.0
2018-12-18,106.39,107.72,100.93,102.77,2301929,0.0
2018-12-19,102.07,105.02,99.75,101.22,2707189,0.0
2018-12-20,101.19,102.37,93.67,94.02,4274444,0.0
2018-12-23,93.23,96.57,92.56,94.01,1694998,0.0
2018-12-25,94.95,97.85,94.04,97.85,1667023,0.0
2018-12-26,95.83,98.11,93.79,98.11,1217284,0.0
2018-12-27,98.52,99.27,96.57,97.09,1214614,0.0
2018-12-30,98.06,99.81,96.39,96.61,985458,0.0
2019-01-01,95.84,99.0542,95.16,97.87,945817,0.0
2019-01-02,100.15,103.88,99.12,100.53,2921614,0.0
2019-01-03,101.88,107.3,101.8,105.91,1759743,0.0
2019-01-06,105.65,108.98,104.7,108.11,1593527,0.0
2019-01-07,108.65,110.49,105.2,108.52,1254329,0.0
2019-01-08,108.99,110.74,108.3201,109.91,1367852,0.0
2019-01-09,109.15,111.49,108.45,110.7925,1112917,0.0
2019-01-10,110.68,111.53,108.75,111.09,1140391,0.0
2019-01-13,110.02,110.33,107.71,107.745,1371136,0.0
2019-01-14,108.17,111.66,107.76,111.64,1694211,0.0
2019-01-15,111.89,113.99,110.81,111.68,1767766,0.0
2019-01-16,111.62,115.65,111.1,114.6,1644372,0.0
2019-01-17,115.7,117.37,113.54,116.85,2335696,0.0
2019-01-21,115.28,115.32,112.14,113.99,2474685,0.0
2019-01-22,115.14,117.98,114.8259,116.95,2119444,0.0
2019-01-23,117.25,117.98,116.38,117.91,1346094,0.0
2019-01-24,118.98,121.59,118.37,121.26,1206970,0.0
2019-01-27,119.87,120.005,117,119.44,1723574,0.0
2019-01-28,119.32,119.99,117.12,119.57,2115785,0.0
2019-01-29,119.62,121.645,117.66,121.36,1145590,0.0
2019-01-30,121.41,123.12,120.44,123.11,1375025,0.0
2019-01-31,124.44,126.4,123.15,126.36,2216337,0.0
2019-02-03,128.67,129,121.43,123.945,3119931,0.0
2019-02-04,123.39,124.88,121.56,122.81,1573087,0.0
2019-02-05,122.72,123.095,120.96,121.0101,1352126,0.0
2019-02-06,119.57,120.37,117.31,118.685,1167469,0.0
2019-02-07,118.03,120.05,117.8,119.94,875927,0.0
2019-02-10,120.76,121.4,119.285,119.98,815920,0.0
2019-02-11,121.7,124.25,121.43,124.2,1343523,0.0
2019-02-12,125,125.3,123.21,125.14,991457,0.0
2019-02-13,124.73,126.23,123.94,125.97,789326,0.0
2019-02-14,125.435,129.45,125.435,129.4199,1115360,0.0
2019-02-20,129.63,130.09,126.3,127.54,883186,0.0
2019-02-21,127.93,129.85,126.86,129.73,1086420,0.0
2019-02-24,130.5,133.37,130.5,133.17,1295371,0.0
2019-02-25,131.85,134.95,131.85,133.23,1157734,0.0
2019-02-26,132.49,136.19,132,136.01,1016918,0.0
2019-02-27,135.58,137.3,134.37,135.34,1248323,0.0
2019-02-28,132.89,137.8,132.66,137.77,1383588,0.0
2019-03-03,138,138.32,133.39,136.08,1293716,0.0
2019-03-04,136.15,136.5,134.26,134.74,764980,0.0
2019-03-05,134.57,134.9,130.6,131.11,1111100,0.0
2019-03-06,131.18,131.2,126.71,128.15,1468935,0.0
2019-03-07,127.26,128.77,125.7,128.69,899515,0.0
2019-03-10,128.97,132.2,128.3463,132.03,1089110,0.0
2019-03-11,132.55,134.87,131.79,134.35,1312407,0.0
2019-03-12,135.22,136.96,134.48,135.69,830420,0.0
2019-03-13,135.87,136.38,133.48,134.94,1157536,0.0
2019-03-14,135.84,136.65,134.62,136.11,950540,0.0
2019-03-17,136.04,136.39,132.86,133.51,1487758,0.0
2019-03-18,133.57,134.56,132.39,132.98,836783,0.0
2019-03-19,133.2,133.56,130.85,131.66,1443639,0.0
2019-03-20,130.47,134.56,130.03,134.22,1392881,0.0
2019-03-21,133.86,134.9,130.1,130.12,1223528,0.0
2019-03-24,130.29,132.34,128.3,132.29,1568131,0.0
2019-03-25,133.15,136.95,132.61,136.79,1608467,0.0
2019-03-26,136.71,137.5,133.1,134.6,988975,0.0
2019-03-27,134.65,135.78,131.73,133.22,865451,0.0
2019-03-28,134.5,135.79,133.37,135.19,896889,0.0
2019-03-31,136.58,137.62,135.28,135.33,259477,0.0
2019-04-01,135.58,139.65,135.09,138.92,1313482,0.0
2019-04-02,139.66,140.18,138.37,140.04,955771,0.0
2019-04-03,140.07,141.8,139.01,139.93,1026264,0.0
2019-04-04,139.97,141.65,139.66,141.2,1027789,0.0
2019-04-07,141.21,141.21,138.58,139.73,723384,0.0
2019-04-08,139.17,140.3467,137.21,137.66,877600,0.0
2019-04-09,138.02,141.86,137.35,141.29,871950,0.0
2019-04-10,141.38,141.59,137.24,137.44,863848,0.0
2019-04-11,138.4,139.39,135.83,136.14,844668,0.0
2019-04-14,136.87,137.93,135.39,137.53,773912,0.0
2019-04-15,138.15,139.95,136.58,136.92,1039592,0.0
2019-04-16,137.32,137.77,124.4,125.91,2883505,0.0
2019-04-17,126.66,128.22,122.68,126.01,1787238,0.0
2019-04-21,126.48,129.29,126.1,129.02,977209,0.0
2019-04-22,128.68,133.23,128.15,132.36,1159711,0.0
2019-04-23,132,133.89,127.7,130.13,1048369,0.0
2019-04-24,131,135.81,128.925,135.8,1579176,0.0
2019-04-25,136,137.16,132.61,134.6,1290828,0.0
2019-04-28,134.52,135.91,133.96,135.31,884324,0.0
2019-04-29,135.19,136.31,132.59,136.15,975611,0.0
2019-04-30,135.86,136.92,134.05,134.18,744934,0.0
2019-05-01,133.71,135.41,132.21,133.13,1122860,0.0
2019-05-02,134,136.83,133.4565,136.69,729149,0.0
2019-05-05,134.23,137.52,132.64,136.99,622836,0.0
2019-05-06,135.43,136.515,133.03,134.52,800203,0.0
2019-05-07,134.42,135.49,133.1167,133.63,667823,0.0
2019-05-08,132.45,132.91,128.62,131.77,1100460,0.0
2019-05-09,131.42,131.96,127.465,131.69,1192273,0.0
2019-05-12,128.68,129.44,125.605,125.81,1457574,0.0
2019-05-13,126.97,129.14,126.22,127.89,876878,0.0
2019-05-14,126.86,129.43,125.98,128.42,752715,0.0
2019-05-15,128.77,131.97,128.45,131.47,1068599,0.0
2019-05-16,130.6,131.99,129.86,130.8,971217,0.0
2019-05-19,129.7,129.7,125.48,127.22,817276,0.0
2019-05-20,128,129.57,127.44,128.85,882689,0.0
2019-05-21,128.49,128.96,125.32,127.54,1076744,0.0
2019-05-22,125.86,126.69,123.12,125.35,1468938,0.0
2019-05-23,126.27,128.26,125.6981,127.1,863439,0.0
2019-05-27,127,127.9,124.68,124.78,908057,0.0
2019-05-28,124.17,124.49,121.03,121.26,1132323,0.0
2019-05-29,122.21,123.13,119.72,120.49,1381985,0.0
2019-05-30,118.56,118.58,112.86,113.65,2050672,0.0
2019-06-02,113.97,116.47,113.31,114.05,1461549,0.0
2019-06-03,115.21,117.62,114.69,117.54,1711844,0.0
2019-06-04,118.21,119.015,117.12,118.8,1113983,0.0
2019-06-05,119.19,120.28,118.52,118.8,1016353,0.0
2019-06-06,119.41,119.7,117.18,118.37,1092040,0.0
2019-06-09,118.61,119.52,116.35,116.36,1458822,0.0
2019-06-10,117.45,118.4,115.655,117.13,1104894,0.0
2019-06-11,117.11,121.77,116.55,120.65,1478770,0.0
2019-06-12,120.93,122.9289,116.21,117.31,3352090,0.0
2019-06-13,117.34,118.97,116.77,117.93,1375943,0.0
2019-06-16,118.5,122.08,118.29,120.17,820446,0.0
2019-06-17,122.85,124.53,121.905,122.42,1108422,0.0
2019-06-18,123.31,124.04,120.9135,123.79,531297,0.0
2019-06-19,124.78,129.76,124.78,128.83,1823555,0.0
2019-06-20,129.11,132.74,125.54,132.41,2785434,0.0
2019-06-23,132.4,132.77,126.35,126.95,1717487,0.0
2019-06-24,128.51,129,124.82,125.16,1398385,0.0
2019-06-25,125.39,126.74,123.1,125.35,1282920,0.0
2019-06-26,125.64,127.2,124.31,126.13,902422,0.0
2019-06-27,127.115,131.21,126.68,130.99,1409669,0.0
2019-06-30,132.78,132.98,129.76,131.28,998059,0.0
2019-07-01,131.33,134.2,130.3,134.13,1269360,0.0
2019-07-02,134.25,134.84,132.28,133.46,827831,0.0
2019-07-04,132.71,133.53,129.92,130.25,1071641,0.0
2019-07-07,129.47,129.47,124.27,125.31,1299737,0.0
2019-07-08,124.5,126.48,123.34,125.71,1212939,0.0
2019-07-09,125.62,127.735,123.2,124.36,1324512,0.0
2019-07-10,124.2,124.2,120.02,121.47,1486722,0.0
2019-07-11,121.53,122.03,119.53,120.82,1147317,0.0
2019-07-14,120.72,123.16,120.59,123.06,818173,0.0
2019-07-15,123.59,124.81,122.65,122.82,1358868,0.0
2019-07-16,122.79,125.14,122.36,123.41,1406521,0.0
2019-07-17,123.01,124.2671,121.77,123.28,1002169,0.0
2019-07-18,124.12,124.2,120.77,120.79,1276805,0.0
2019-07-21,121.49,123.63,121.25,122.32,1547059,0.0
2019-07-22,122.42,123.08,121.52,122.53,1272027,0.0
2019-07-23,125,125.46,116.21,121.05,3228375,0.0
2019-07-24,120.48,121.81,117.82,118.02,2669897,0.0
2019-07-25,118.97,119.905,113.9,114.63,3089975,0.0
2019-07-28,114.65,114.865,109.83,112.35,5201319,0.0
2019-07-29,111.69,115.62,110.84,114.45,2764249,0.0
2019-07-30,114.81,115.62,111.7,113.3,2015311,0.0
2019-07-31,113.5,116.98,113.5,114.9,1971756,0.0
2019-08-01,113.96,114.195,110.76,112.36,1336225,0.0
2019-08-04,110.45,110.6838,106.79,107.89,1901448,0.0
2019-08-05,108.95,110.31,107.51,109.4,1456344,0.0
2019-08-06,107.92,109.89,106.89,108.89,1469587,0.0
2019-08-07,109.52,112.16,108.91,112.16,1220147,0.0
2019-08-08,111.19,112.46,108.87,109.98,1149063,0.0
2019-08-11,109.07,109.66,107.39,108.62,1366190,0.0
2019-08-12,108.95,112.6,108.47,111.49,1160118,0.0
2019-08-13,110.04,110.81,107.61,107.72,1095675,0.0
2019-08-14,107.84,110.01,107.61,108.97,1143963,0.0
2019-08-15,110.27,111.41,109.57,110.81,1074624,0.0
2019-08-18,113.06,114.15,111.7,112.7,1442243,0.0
2019-08-19,112.56,113.91,111.4,111.43,1671266,0.0
2019-08-20,112.5,114.93,112.23,114.87,1612963,0.0
2019-08-21,115.16,125.52,112.57,123.51,6802231,0.0
2019-08-22,123.12,124.02,114.93,115.34,4580300,0.0
2019-08-25,112,113.38,109.6,111.71,3265503,0.0
2019-08-26,112.78,113.5,109.94,110.17,1575508,0.0
2019-08-27,109.53,113.29,109.53,111.26,1438418,0.0
2019-08-28,112.99,114.21,110.86,112.17,1373124,0.0
2019-08-29,103,104.925,98.94,100.75,7809826,0.0
2019-09-02,100.26,100.38,94.93,95.16,5737719,0.0
2019-09-03,95.95,100.05,95.56,97.54,3292044,0.0
2019-09-04,98.68,101.63,98.41,100.28,2239551,0.0
2019-09-05,100.1,104.07,100.1,103.84,2783976,0.0
2019-09-08,103.95,106.75,102.5,106.41,2069907,0.0
2019-09-09,106.02,110.24,106.02,109.58,3073095,0.0
2019-09-10,109.87,110.365,106.495,108.86,1705087,0.0
2019-09-11,110.14,110.64,107.91,108.27,1619554,0.0
2019-09-12,109.33,109.74,107.23,107.36,1086546,0.0
2019-09-15,106.66,109.42,106.45,108.55,1311783,0.0
2019-09-16,108.86,109.235,107.73,107.805,1148605,0.0
2019-09-17,106.9,107.82,102.17,103.03,2828554,0.0
2019-09-18,103.65,106.26,103.26,105.65,1838990,0.0
2019-09-19,105.15,106.96,104.07,106.28,2136702,0.0
2019-09-22,106.39,107,104.52,104.53,1284879,0.0
2019-09-23,105.44,105.915,100.16,100.2,1951474,0.0
2019-09-24,100.26,101.95,99,100.39,1333716,0.0
2019-09-25,101.6,101.6,96.55,98.71,1772805,0.0
2019-09-26,98.76,100.77,97.44,97.66,1366101,0.0
2019-09-29,98.27,99.0699,97.51,97.935,1092015,0.0
2019-09-30,98.58,98.99,96.41,97.79,1595935,0.0
2019-10-01,97.26,98.52,95.02,97.48,1237750,0.0
2019-10-02,97.01,99.4,96.92,99.23,1201909,0.0
2019-10-03,99.26,99.85,96.68,97.98,2646910,0.0
2019-10-06,98.17,98.87,96.62,97.35,2192620,0.0
2019-10-07,97.16,97.18,95.5,95.81,2414130,0.0
2019-10-08,96.46,96.99,94.59,94.84,3041756,0.0
2019-10-09,95.3,98.46,94.66,98.33,2281480,0.0
2019-10-10,99.13,101.1608,98.92,99.21,1817489,0.0
2019-10-13,99.5,103.14,98.73,101.37,3724571,0.0
2019-10-14,101.6,105.13,101.5,104.82,3119556,0.0
2019-10-15,102.8,105,99.41,99.51,4428936,0.0
2019-10-16,101.2,101.79,99.4652,99.98,2327333,0.0
2019-10-17,100.29,100.45,97.585,98.39,2953795,0.0
2019-10-20,98.71,101.36,98.59,100.72,1465890,0.0
2019-10-21,101.99,103.73,98.74,99.31,2051260,0.0
2019-10-22,101,107.04,100.95,106.63,4131804,0.0
2019-10-23,107.86,108,104.31,106.12,1785147,0.0
2019-10-24,105.09,105.6839,103.32,105.19,1400838,0.0
2019-10-27,105,106.86,104.2,106.56,1342549,0.0
2019-10-28,106.57,108.06,106.57,107.47,1340529,0.0
2019-10-29,107.49,107.73,104.96,106.23,956358,0.0
2019-10-30,106.23,106.42,104.45,105.41,1048455,0.0
2019-10-31,106.26,109.68,105.62,109.44,1602363,0.0
2019-11-03,110.26,111,108.37,108.47,1141707,0.0
2019-11-04,108.69,109.375,107.1,107.29,1281900,0.0
2019-11-05,107.42,109.25,106.39,106.63,1257577,0.0
2019-11-06,106.91,108.64,106.77,108.1,1256605,0.0
2019-11-07,107.28,111.04,107,110.78,1099254,0.0
2019-11-10,110.67,110.79,108.345,108.99,1026021,0.0
2019-11-11,109.38,110.1595,108.44,109.41,1219079,0.0
2019-11-12,109.02,109.02,106.7299,107.12,1274117,0.0
2019-11-13,107.37,107.78,104.52,105.88,1468575,0.0
2019-11-14,106.84,108.59,106.02,108.34,1556111,0.0
2019-11-17,108.54,109,106.78,107.98,1230363,0.0
2019-11-18,109,112.04,108,110.65,1623646,0.0
2019-11-19,110.55,111.64,107.59,108.64,1899100,0.0
2019-11-20,108.47,110.07,108,109.53,1498744,0.0
2019-11-21,109.8,111.43,108.67,111.02,1083953,0.0
2019-11-24,110.75,114.36,110.01,114.35,1608532,0.0
2019-11-25,113.95,113.95,112.22,113.55,1028923,0.0
2019-11-26,114.19,114.98,113.245,114.61,917015,0.0
2019-11-28,114.13,115,113.38,113.92,506413,0.0
2019-12-01,113.2,114.96,112.0054,112.91,1270737,0.0
2019-12-02,112,114.13,111.29,114.05,1509975,0.0
2019-12-03,114.61,116.59,114.27,115.48,1312517,0.0
2019-12-04,115.59,116,106.13,107.42,3355745,0.0
2019-12-05,113.8,114.79,109.59,113.89,3650649,0.0
2019-12-08,114.08,116.2,111.4,112.47,1446476,0.0
2019-12-09,113.03,113.54,110.59,111.18,1464376,0.0
2019-12-10,111.51,112.87,108.911,109.5,1303476,0.0
2019-12-11,109.6,112.84,109.15,112.48,1602715,0.0
2019-12-12,112.82,113.7895,109.72,110.42,1309962,0.0
2019-12-15,111.22,111.8,110.25,111.36,1460961,0.0
2019-12-16,109.51,110.12,106.76,109.82,1446074,0.0
2019-12-17,109.43,109.74,107.32,109.19,1254983,0.0
2019-12-18,110.05,112.36,109.315,111.23,1337395,0.0
2019-12-19,111.59,111.94,107.73,109.75,2711349,0.0
2019-12-22,110.68,110.98,109.42,110.45,1071086,0.0
2019-12-23,111.1,111.23,109.8238,110.22,377701,0.0
2019-12-25,110.12,110.95,108.52,108.93,769176,0.0
2019-12-26,108.85,109.3,107.81,108.55,879703,0.0
2019-12-29,108.95,108.95,107.1,107.36,857842,0.0
2019-12-30,106.8,108.4,106.7,108.08,911651,0.0
2020-01-01,109.36,109.8,107.16,107.84,1202828,0.0
2020-01-02,106.36,107.38,105.18,106.41,1106727,0.0
2020-01-05,105.65,107.77,104.56,106.58,1499969,0.0
2020-01-06,104.95,108.59,104.58,106.84,2541864,0.0
2020-01-07,106.94,109.19,105.73,108.59,1519590,0.0
2020-01-08,109.21,111.2,108.83,110.8,1550274,0.0
2020-01-09,111.22,111.22,108.77,109.42,972451,0.0
2020-01-12,109.71,114.14,107.62,113.95,2079354,0.0
2020-01-13,113.5,113.5,110.6,112.82,1753848,0.0
2020-01-14,112.52,114.36,112.2,112.5,1316761,0.0
2020-01-15,113.51,113.81,111.38,112.51,1096849,0.0
2020-01-16,113.15,114.35,112.47,113.27,1251238,0.0
2020-01-20,113.86,114.5,112.675,113,1967047,0.0
2020-01-21,113.27,113.54,110.12,111.42,2425105,0.0
2020-01-22,111.06,111.28,108.02,108.55,3199285,0.0
2020-01-23,109.05,109.15,104.635,105.27,3776411,0.0
2020-01-26,104.08,106.23,103.24,105.3,1199799,0.0
2020-01-27,106.92,107.15,105.77,106.99,1193702,0.0
2020-01-28,107.13,108.91,106.85,107.15,1573563,0.0
2020-01-29,106,106.94,99.98,100.37,3600884,0.0
2020-01-30,101.36,102.74,98.75,99.38,2806386,0.0
2020-02-02,100.09,101.81,99.3151,100.91,1265362,0.0
2020-02-03,103,104.31,101.5,102.94,1652693,0.0
2020-02-04,104.5,105.95,103.03,103.69,2240357,0.0
2020-02-05,104.63,104.935,102.08,104.03,1384913,0.0
2020-02-06,102.97,103.765,100.37,100.55,2036000,0.0
2020-02-09,100.25,102.91,99.82,101.01,1830236,0.0
2020-02-10,101.14,102.6574,100.8282,102.44,1171798,0.0
2020-02-11,102.61,105.23,101.57,105.21,1981660,0.0
2020-02-12,105.3,106.5,103.18,103.43,1643456,0.0
2020-02-13,104.46,104.52,102.23,102.56,1312151,0.0
2020-02-17,102.85,103.35,101.5,102.15,2212747,0.0
2020-02-18,102.38,103.61,101.95,103.2,1460725,0.0
2020-02-19,102.96,103.29,100.95,102.55,1448993,0.0
2020-02-20,102.15,103.21,101.52,103.14,1360925,0.0
2020-02-23,100.77,102.15,97.75,99.03,2332937,0.0
2020-02-24,100.46,100.85,94.77,96.1,3303528,0.0
2020-02-25,96.99,97.97,94.43,94.8,2367271,0.0
2020-02-26,93,95.035,90.905,92.16,2447033,0.0
2020-02-27,90,94.08,89.7,94.03,2634310,0.0
2020-03-01,90.48,96.48,90.48,96.16,2946079,0.0
2020-03-02,93.78,97.16,91.79,93.69,2151559,0.0
2020-03-03,94.77,97.28,94.12,97.21,2202030,0.0
2020-03-04,93.5,95.89,93.04,94.21,1570250,0.0
2020-03-05,91.02,92.39,89.31,92.01,2556129,0.0
2020-03-08,86.605,90.39,85.52,86.41,5341434,0.0
2020-03-09,88.89,89.36,84.51,88.8,2862932,0.0
2020-03-10,86.41,88.41,82.175,83.77,2759420,0.0
2020-03-11,78.24,81.99,73.98,76.72,4445797,0.0
2020-03-12,80.78,82.4,77.52,80.435,4139815,0.0
2020-03-15,73.69,81.56,72.67,75.56,3572759,0.0
2020-03-16,76.98,82.65,75.57,82.37,7231542,0.0
2020-03-17,78.65,84.88,77.81,83.82,3046926,0.0
2020-03-18,82.51,87.92,81.2921,83.42,2824450,0.0
2020-03-19,84.63,85.84,79.55,80.35,2662791,0.0
2020-03-22,81.89,83.43,77.2275,81.19,2850295,0.0
2020-03-23,82.98,87,81.1,85.88,2537705,0.0
2020-03-24,85.09,86.76,83.27,84.44,2112524,0.0
2020-03-25,83.73,86.39,83.69,86.05,2382052,0.0
2020-03-26,85.02,86.62,83.3,84.01,2285858,0.0
2020-03-29,85.43,87.56,83.54,87.25,3233829,0.0
2020-03-30,86.96,91.53,85.625,89.78,2712010,0.0
2020-03-31,87.5,92.36,87.1,89.93,2488226,0.0
2020-04-01,88.75,90.69,87.56,90.35,3604592,0.0
2020-04-02,91.15,92.11,88.92,89.77,1435128,0.0
2020-04-05,91.57,96.05,90.55,95.92,2418793,0.0
2020-04-06,96.77,98.95,94,94.67,2550173,0.0
2020-04-07,95.5,99.11,95.35,98.55,2132125,0.0
2020-04-08,97.91,99.28,94.23,96.23,2519377,0.0
2020-04-12,96.38,97.1162,95,96.53,1476476,0.0
2020-04-13,97.34,100.11,97.34,99.41,3491520,0.0
2020-04-14,98.4,98.4,95.86,96.98,2980022,0.0
2020-04-15,97.52,99.98,97.1,98.6,6282187,0.0
2020-04-16,101.54,103.87,99.94,103.43,9910297,0.0
2020-04-19,103.62,109.13,102.99,106.71,9585899,0.0
2020-04-20,105.99,106.21,103.14,103.36,4229329,0.0
2020-04-21,105.43,105.87,101.85,103.92,4297634,0.0
2020-04-22,104,106.24,103.69,104.21,2334629,0.0
2020-04-23,104.28,108.55,104.27,108.12,4483315,0.0
2020-04-26,110,111.66,109.675,110.87,4251167,0.0
2020-04-27,111.42,111.99,106.295,106.92,2031122,0.0
2020-04-28,108.58,109.89,107.0442,108.45,2440284,0.0
2020-04-29,107.61,108.45,106.3,107.47,972001,0.0
2020-04-30,106.16,106.84,103.25,103.96,2897030,0.0
2020-05-03,103.3,104.3,102.37,103.91,1569704,0.0
2020-05-04,99.0235,100.98,97.07,98.25,11872644,0.0
2020-05-05,100,100,94.82,96.9,3381494,0.0
2020-05-06,97.81,98.7,96.64,96.86,2904682,0.0
2020-05-07,98.11,98.49,96.695,97.34,1503127,0.0
2020-05-10,97.32,102.165,96.98,101.25,1891813,0.0
2020-05-11,104,105.8,101.59,101.6,4975876,0.0
2020-05-12,102,103.2,99.9,102.46,1809551,0.0
2020-05-13,101.14,101.74,98.89,100.96,1676687,0.0
2020-05-14,100.68,102.29,99.67,101.99,910765,0.0
2020-05-17,103.58,104.83,102.58,102.66,3013224,0.0
2020-05-18,103.22,103.22,100.38,101.14,1536671,0.0
2020-05-19,102.29,105.29,101.36,103.87,2601468,0.0
2020-05-20,103.4696,103.92,100.0431,101.17,2666192,0.0
2020-05-21,101.21,102.15,100.345,101.5,1816814,0.0
2020-05-25,102.86,104.88,102.01,102.87,1873285,0.0
2020-05-26,103.31,106.25,100.4,106.17,1559936,0.0
2020-05-27,113.13,115.99,111.76,114.44,5160119,0.0
2020-05-28,115.38,120.19,114.0209,120.03,5518452,0.0
2020-05-31,119.3,121.5,117.26,118.92,3663126,0.0
2020-06-01,117.67,118.3108,114.42,116.33,3401067,0.0
2020-06-02,116.85,117.6,113.61,113.77,2288750,0.0
2020-06-03,113.19,114.3,112.76,113.65,2315444,0.0
2020-06-04,113.78,116.42,112.63,115.17,1198942,0.0
2020-06-07,114.61,120.5,114.61,119.56,2409072,0.0
2020-06-08,119.01,120.17,115.78,116.16,2851388,0.0
2020-06-09,115.99,117.295,115.345,116.32,2660996,0.0
2020-06-10,115,115.03,109.85,109.87,2116237,0.0
2020-06-11,111.9,112.11,109.52,109.52,886618,0.0
2020-06-14,108.23,111.64,107.75,110.44,3375683,0.0
2020-06-15,112.28,114.71,109.83,113.42,1717852,0.0
2020-06-16,114.15,116.8,113.93,115.53,2601572,0.0
2020-06-17,114.68,116.82,114.15,116.31,1136247,0.0
2020-06-18,116.95,119.52,116.2,119.23,3038259,0.0
2020-06-21,118.86,119.78,116.83,116.92,1259743,0.0
2020-06-22,117.74,119.5,115.06,115.44,1633546,0.0
2020-06-23,113.96,115.75,111.36,111.84,1842131,0.0
2020-06-24,111.62,113.65,110.75,113.465,1176432,0.0
2020-06-25,113.48,114.62,110.54,113.62,1452445,0.0
2020-06-28,113.59,113.88,110.58,111.28,1401837,0.0
2020-06-29,110.99,112.85,110.7,112.12,1445067,0.0
2020-06-30,112.06,113.08,110.96,112.35,1204526,0.0
2020-07-01,114.49,114.49,111.72,112.3,1090953,0.0
