Date,Open,High,Low,Close,Volume,OpenInterest
2016-07-13,5.15,5.235,5.06,5.17,19519004,0.0
2016-07-14,5.2,5.2,5.1,5.14,13722958,0.0
2016-07-17,5.19,5.57,5.13,5.52,37817237,0.0
2016-07-18,5.5,5.55,5.34,5.415,22738300,0.0
2016-07-19,5.48,5.5,5.4,5.41,19555093,0.0
2016-07-20,5.43,5.45,5.1,5.22,34899261,0.0
2016-07-21,5.73,5.97,5.45,5.84,95109002,0.0
2016-07-24,5.92,6.95,5.92,6.71,115938466,0.0
2016-07-25,6.76,7.1599,6.71,6.985,78261921,0.0
2016-07-26,6.93,6.98,6.68,6.85,37593348,0.0
2016-07-27,6.79,6.98,6.735,6.825,26724514,0.0
2016-07-28,6.88,6.96,6.75,6.855,21375658,0.0
2016-07-31,6.89,6.92,6.57,6.635,25602864,0.0
2016-08-01,6.56,6.6,6.15,6.255,39949069,0.0
2016-08-02,6.18,6.45,6.15,6.29,22926144,0.0
2016-08-03,6.39,6.61,6.37,6.47,21840394,0.0
2016-08-04,6.56,6.76,6.47,6.61,19360635,0.0
2016-08-07,6.7,6.85,6.65,6.685,20828783,0.0
2016-08-08,6.75,6.78,6.54,6.595,16096465,0.0
2016-08-09,6.35,6.58,6.25,6.495,27039119,0.0
2016-08-10,6.5,6.59,6.46,6.575,12669417,0.0
2016-08-11,6.6,6.79,6.55,6.73,23529387,0.0
2016-08-14,6.78,6.97,6.78,6.945,27598376,0.0
2016-08-15,6.94,6.94,6.65,6.77,23387109,0.0
2016-08-16,6.7,6.75,6.61,6.69,13277786,0.0
2016-08-17,6.74,7.07,6.725,7.04,29140183,0.0
2016-08-18,7.24,8,7.22,7.62,72547468,0.0
2016-08-21,7.83,7.95,7.37,7.58,39615894,0.0
2016-08-22,7.66,7.74,7.53,7.67,25219641,0.0
2016-08-23,7.67,7.67,7.37,7.44,21977756,0.0
2016-08-24,7.49,7.49,7.2,7.47,14070757,0.0
2016-08-25,7.51,7.8,7.46,7.67,30680005,0.0
2016-08-28,7.72,7.79,7.57,7.585,16128361,0.0
2016-08-29,7.61,7.64,7.41,7.495,15418950,0.0
2016-08-30,7.52,7.52,7.28,7.395,17002294,0.0
2016-08-31,7.18,7.44,7.09,7.35,20982305,0.0
2016-09-01,7.49,7.64,7.38,7.512,17632413,0.0
2016-09-05,7.56,7.6,7.25,7.34,22559022,0.0
2016-09-06,7.05,7.08,6.78,6.835,53806443,0.0
2016-09-07,6.64,6.65,6.15,6.22,88050632,0.0
2016-09-08,6.24,6.24,5.85,5.89,118507900,0.0
2016-09-11,5.83,6.065,5.77,5.94,69228824,0.0
2016-09-12,5.92,5.95,5.66,5.73,47883698,0.0
2016-09-13,5.75,6.0766,5.75,6.04,55933486,0.0
2016-09-14,6.09,6.2,5.95,6.015,46199590,0.0
2016-09-15,6.21,6.22,5.97,6.05,36698362,0.0
2016-09-18,6.12,6.275,6.08,6.155,35953927,0.0
2016-09-19,6.21,6.28,6.12,6.175,26427399,0.0
2016-09-20,6.2,6.32,6.14,6.28,30679340,0.0
2016-09-21,6.35,6.44,6.33,6.365,28624003,0.0
2016-09-22,6.36,6.65,6.31,6.55,46158768,0.0
2016-09-25,6.54,6.54,6.31,6.33,25361744,0.0
2016-09-26,6.39,6.58,6.29,6.535,28174264,0.0
2016-09-27,6.57,6.65,6.48,6.58,23421650,0.0
2016-09-28,6.57,6.73,6.54,6.665,28113004,0.0
2016-09-29,6.7,7.04,6.7,6.92,35984073,0.0
2016-10-02,6.95,7.15,6.87,6.95,27218394,0.0
2016-10-03,7,7.09,6.89,6.965,22356604,0.0
2016-10-04,6.97,7.01,6.7,6.78,28553028,0.0
2016-10-05,6.72,6.98,6.63,6.95,25271831,0.0
2016-10-06,6.92,6.96,6.62,6.7341,28902353,0.0
2016-10-09,6.81,6.94,6.8,6.83,13054125,0.0
2016-10-10,6.8,6.84,6.38,6.5,30353609,0.0
2016-10-11,6.64,6.77,6.42,6.605,31309148,0.0
2016-10-12,6.5,6.54,6.24,6.49,27692568,0.0
2016-10-13,6.92,7.12,6.74,6.74,59630249,0.0
2016-10-16,6.92,6.97,6.64,6.675,22703072,0.0
2016-10-17,6.76,6.89,6.69,6.73,22314849,0.0
2016-10-18,6.7,6.8,6.57,6.77,27950480,0.0
2016-10-19,6.81,6.98,6.77,6.96,53515768,0.0
2016-10-20,6.5,6.65,6.37,6.52,58060568,0.0
2016-10-23,6.57,7.01,6.54,7,47296637,0.0
2016-10-24,6.9,7.5,6.87,7.495,72684699,0.0
2016-10-25,7.4,7.48,7.26,7.29,45524391,0.0
2016-10-26,7.44,7.46,7.1,7.11,35726419,0.0
2016-10-27,7.1,7.53,7.02,7.205,73033864,0.0
2016-10-30,7.24,7.46,7.2,7.22,40027751,0.0
2016-10-31,7.32,7.425,6.92,7.1,38163384,0.0
2016-11-01,7.03,7.055,6.67,6.76,32751663,0.0
2016-11-02,6.78,6.79,6.56,6.69,31056055,0.0
2016-11-03,6.69,6.72,6.46,6.555,31146936,0.0
2016-11-06,6.79,6.99,6.7632,6.95,35020598,0.0
2016-11-07,6.85,7.18,6.75,7,35095744,0.0
2016-11-08,6.7,7.05,6.64,6.95,35941318,0.0
2016-11-09,6.82,6.91,6.22,6.295,65806112,0.0
2016-11-10,6.64,6.69,6.47,6.685,36619037,0.0
2016-11-13,6.83,6.84,6.61,6.79,27134122,0.0
2016-11-14,6.82,7.08,6.79,6.97,25975432,0.0
2016-11-15,7.09,7.75,7.07,7.68,74449542,0.0
2016-11-16,7.79,8.77,7.77,8.47,118587443,0.0
2016-11-17,8.68,8.83,8.4,8.715,58085099,0.0
2016-11-20,8.87,9.22,8.86,8.95,61617028,0.0
2016-11-21,9.05,9.06,8.54,8.685,69026254,0.0
2016-11-22,8.72,8.86,8.5,8.8,31000383,0.0
2016-11-24,8.8,8.91,8.69,8.77,13333585,0.0
2016-11-27,8.72,8.98,8.72,8.83,24792597,0.0
2016-11-28,9,9.23,8.85,8.94,51181036,0.0
2016-11-29,9.02,9.12,8.9,8.91,32772207,0.0
2016-11-30,8.92,9.03,8.26,8.38,54138453,0.0
2016-12-01,8.38,8.74,8.38,8.53,40927761,0.0
2016-12-04,8.69,8.71,8.45,8.68,29033171,0.0
2016-12-05,8.84,9.54,8.82,9.45,89120474,0.0
2016-12-06,9.65,9.79,9.24,9.57,50087872,0.0
2016-12-07,9.9,10.66,9.8,10.34,100715184,0.0
2016-12-08,10.4,10.54,9.87,10.335,57903372,0.0
2016-12-11,10.4,10.93,10.38,10.69,57832586,0.0
2016-12-12,10.75,10.8,10.4,10.55,43959251,0.0
2016-12-13,10.43,10.74,10.27,10.55,44812288,0.0
2016-12-14,10.68,10.93,10.64,10.855,46055071,0.0
2016-12-15,10.94,11.23,10.595,10.66,61138299,0.0
2016-12-18,10.85,11,10.52,10.945,43091503,0.0
2016-12-19,11.18,11.51,11.15,11.51,55307230,0.0
2016-12-20,11.61,11.72,11.31,11.48,41229927,0.0
2016-12-21,11.65,11.75,11.47,11.61,34138194,0.0
2016-12-22,11.3,11.6,11.26,11.58,30773910,0.0
2016-12-26,11.65,12.08,11.6,12.07,42868567,0.0
2016-12-27,12.28,12.42,11.46,11.54,68797170,0.0
2016-12-28,11.24,11.62,11.01,11.6,47822194,0.0
2016-12-29,11.7,11.78,11.25,11.33,39932801,0.0
2017-01-02,11.42,11.65,11.02,11.42,52110581,0.0
2017-01-03,11.45,11.5204,11.235,11.43,37852561,0.0
2017-01-04,11.43,11.69,11.23,11.245,34381385,0.0
2017-01-05,11.29,11.49,11.11,11.32,33011152,0.0
2017-01-08,11.37,11.64,11.31,11.49,35905881,0.0
2017-01-09,11.55,11.63,11.33,11.44,26656082,0.0
2017-01-10,11.39,11.41,11.15,11.2,35472995,0.0
2017-01-11,10.98,11.0376,10.33,10.76,68621374,0.0
2017-01-12,10.79,10.87,10.56,10.58,31551744,0.0
2017-01-16,10.17,10.23,9.78,9.815,63497404,0.0
2017-01-17,9.5,10.1,9.42,9.88,48711017,0.0
2017-01-18,9.92,10.25,9.75,9.78,43791699,0.0
2017-01-19,9.88,9.96,9.67,9.74,25111034,0.0
2017-01-22,9.68,10.06,9.68,9.91,25626009,0.0
2017-01-23,9.95,10.49,9.95,10.44,41907651,0.0
2017-01-24,10.74,10.975,10.15,10.36,60273192,0.0
2017-01-25,10.35,10.66,10.3,10.51,34659131,0.0
2017-01-26,10.6,10.73,10.52,10.67,31313842,0.0
2017-01-29,10.62,10.68,10.3,10.61,34967698,0.0
2017-01-30,10.6,10.67,10.22,10.38,42177246,0.0
2017-01-31,10.9,12.14,10.81,12.05,151157576,0.0
2017-02-01,11.98,12.66,11.95,12.28,103691202,0.0
2017-02-02,12.37,12.5,12.04,12.23,51944749,0.0
2017-02-05,12.46,13.7,12.38,13.64,135202067,0.0
2017-02-06,14.05,14.27,13.06,13.28,148139735,0.0
2017-02-07,13.21,13.75,13.08,13.55,68089531,0.0
2017-02-08,13.78,13.89,13.4,13.42,67181061,0.0
2017-02-09,13.77,13.86,13.25,13.57,51672422,0.0
2017-02-12,13.7,13.95,13.38,13.49,51667252,0.0
2017-02-13,13.43,13.49,13.19,13.26,37884638,0.0
2017-02-14,13.2,13.44,13.15,13.295,30723614,0.0
2017-02-15,13.25,13.35,12.84,12.97,50215610,0.0
2017-02-16,12.76,13.14,12.6,13.13,37257211,0.0
2017-02-20,13.41,14.1,13.4,13.99,63638270,0.0
2017-02-21,14.3,14.5,14.04,14.285,67047047,0.0
2017-02-22,14.2,14.45,13.82,14.31,75972115,0.0
2017-02-23,13.99,14.32,13.86,14.12,43379870,0.0
2017-02-26,14.27,15.35,14.27,15.2,91424204,0.0
2017-02-27,15.45,15.55,14.35,14.46,109351719,0.0
2017-02-28,15.08,15.09,14.52,14.955,67246957,0.0
2017-03-01,14.6,14.78,13.87,13.89,97621328,0.0
2017-03-02,13.55,13.58,12.79,13.025,147956108,0.0
2017-03-05,13.01,13.34,12.38,13.04,111412134,0.0
2017-03-06,13.07,13.37,12.79,13.05,72185384,0.0
2017-03-07,13.25,13.55,13.1,13.22,67586419,0.0
2017-03-08,13.45,13.45,13.11,13.33,41839653,0.0
2017-03-09,13.5,13.93,13.45,13.9,59639641,0.0
2017-03-12,14.48,14.68,14.18,14.27,67211661,0.0
2017-03-13,14,14.15,13.6401,14.09,50122886,0.0
2017-03-14,14.03,14.06,13.62,13.985,52194122,0.0
2017-03-15,13.79,13.88,13.65,13.65,41638644,0.0
2017-03-16,13.7,13.74,13.36,13.49,51125681,0.0
2017-03-19,13.68,14.5,13.54,14.4,85036988,0.0
2017-03-20,14.4,14.5,13.78,13.82,67959649,0.0
2017-03-21,13.7,14.145,13.55,14.1,58524048,0.0
2017-03-22,13.96,14.115,13.77,13.79,40775940,0.0
2017-03-23,14.16,14.18,13.54,13.7,47594422,0.0
2017-03-26,13.35,13.78,13.21,13.7,39070291,0.0
2017-03-27,13.77,13.86,13.55,13.685,34407505,0.0
2017-03-28,13.74,13.87,13.63,13.72,34443981,0.0
2017-03-29,13.73,14.05,13.65,14.05,40882726,0.0
2017-03-30,14.1,14.75,14.01,14.56,80302932,0.0
2017-04-02,14.62,14.74,14.3,14.65,46447307,0.0
2017-04-03,14.31,14.67,14.03,14.16,53979733,0.0
2017-04-04,14.28,14.64,14.1,14.165,55924094,0.0
2017-04-05,13.42,13.46,12.83,13.28,131189172,0.0
2017-04-06,13.33,13.68,13.22,13.52,65690631,0.0
2017-04-09,13.52,13.59,13.08,13.1,43346680,0.0
2017-04-10,13.02,13.29,12.71,13.095,57007975,0.0
2017-04-11,12.94,13.1,12.74,12.76,32502169,0.0
2017-04-12,12.505,12.72,12.22,12.31,49759086,0.0
2017-04-16,12.54,12.8,12.37,12.79,35445826,0.0
2017-04-17,12.63,12.97,12.58,12.94,32493247,0.0
2017-04-18,13.09,13.205,12.8,12.83,34164317,0.0
2017-04-19,12.98,13.15,12.88,13.11,39765477,0.0
2017-04-20,13.09,13.12,12.9,13,23833825,0.0
2017-04-23,13.21,13.23,13.045,13.13,32280194,0.0
2017-04-24,13.24,13.525,13.16,13.48,33913611,0.0
2017-04-25,13.45,13.53,13.22,13.41,32562345,0.0
2017-04-26,13.43,13.7,13.37,13.62,28778937,0.0
2017-04-27,13.73,13.755,13.16,13.3,46312704,0.0
2017-04-30,13.43,13.63,13.25,13.62,51141895,0.0
2017-05-01,11.73,11.76,10.3,10.305,243660864,0.0
2017-05-02,10.29,10.68,9.85,10.385,134759208,0.0
2017-05-03,10.55,10.55,9.94,10.09,73112207,0.0
2017-05-04,10.14,10.26,9.94,10.18,47818666,0.0
2017-05-07,10.22,10.22,10,10.04,32506227,0.0
2017-05-08,10.04,10.4,10.03,10.17,44271295,0.0
2017-05-09,10.455,10.85,10.44,10.79,61662516,0.0
2017-05-10,10.74,11.26,10.51,11.07,69676479,0.0
2017-05-11,11.2,11.4,11.08,11.26,53384002,0.0
2017-05-14,11.41,11.6,11.3,11.415,49836354,0.0
2017-05-15,11.66,12.77,11.63,12.765,151163849,0.0
2017-05-16,11.71,12.2855,11.16,11.195,149874139,0.0
2017-05-17,10.99,11.49,10.81,11.275,81022262,0.0
2017-05-18,11.47,11.62,11.35,11.41,47090218,0.0
2017-05-21,11.49,11.55,10.77,11.04,75208679,0.0
2017-05-22,10.97,11.055,10.62,10.885,46780987,0.0
2017-05-23,11.05,11.06,10.71,10.885,38618864,0.0
2017-05-24,11.01,11.01,10.8,10.97,29885627,0.0
2017-05-25,10.85,11.02,10.74,11.01,30280490,0.0
2017-05-29,10.95,11.27,10.9,11.11,33548598,0.0
2017-05-30,11.29,11.49,11.1,11.19,36678813,0.0
2017-05-31,11.25,11.285,10.81,10.93,41169828,0.0
2017-06-01,10.93,10.96,10.565,10.89,40649275,0.0
2017-06-04,10.84,11.34,10.8,11.24,59620068,0.0
2017-06-05,11.27,12.24,11.24,12.03,109543595,0.0
2017-06-06,12.42,12.96,12.2348,12.38,142278035,0.0
2017-06-07,12.81,12.91,12.4,12.9,79292649,0.0
2017-06-08,13.1,13.4,11.63,12.27,160613577,0.0
2017-06-11,11.75,12.35,11.47,12.085,115938628,0.0
2017-06-12,12.33,12.48,11.67,11.96,83384128,0.0
2017-06-13,11.91,12.05,11.65,11.77,47930115,0.0
2017-06-14,11.34,11.58,11.21,11.5,56716249,0.0
2017-06-15,11.66,11.83,11.28,11.42,51062503,0.0
2017-06-18,11.63,12.12,11.62,11.93,57570137,0.0
2017-06-19,12.19,12.93,12.18,12.64,110355657,0.0
2017-06-20,13.37,14.01,13.13,13.99,172924560,0.0
2017-06-21,14.1,14.5,13.56,14.38,141279967,0.0
2017-06-22,14.15,14.67,13.9,14.13,120175782,0.0
2017-06-25,14.39,14.49,13.84,14.07,95850544,0.0
2017-06-26,13.76,14.04,13.37,13.39,84838330,0.0
2017-06-27,13.65,13.7,13.09,13.22,80588882,0.0
2017-06-28,13.06,13.15,12.45,12.605,83003421,0.0
2017-06-29,12.57,12.83,12.36,12.47,54660291,0.0
2017-07-02,12.57,12.73,12.13,12.15,37610385,0.0
2017-07-04,12.36,13.21,12.32,13.18,92436923,0.0
2017-07-05,12.94,13.32,12.665,13.03,83913937,0.0
2017-07-06,13.27,13.745,13.18,13.36,83380482,0.0
2017-07-09,13.61,13.88,13.27,13.82,69713184,0.0
2017-07-10,13.77,14.099,13.62,13.89,64489294,0.0
2017-07-11,14.17,14.39,13.96,14.28,71714348,0.0
2017-07-12,14.33,14.49,13.43,13.53,107943308,0.0
2017-07-13,13.46,13.93,13.32,13.91,72424260,0.0
2017-07-16,14.03,14.12,13.51,13.8,66910592,0.0
2017-07-17,13.29,13.53,13.15,13.48,71824090,0.0
2017-07-18,13.6,13.74,13.41,13.55,48384968,0.0
2017-07-19,13.61,13.89,13.45,13.8,45142529,0.0
2017-07-20,13.72,14.05,13.62,13.88,48942460,0.0
2017-07-23,14,14.44,13.97,14.1699,67435549,0.0
2017-07-24,14.28,14.32,13.87,14.125,72041445,0.0
2017-07-25,15.13,15.65,14.65,14.76,213632075,0.0
2017-07-26,14.99,15.04,13.7,14.1201,125490517,0.0
2017-07-27,13.845,14.1,13.68,13.94,61978175,0.0
2017-07-30,14.09,14.22,13.47,13.615,64320834,0.0
2017-07-31,13.72,13.86,13.45,13.71,44014743,0.0
2017-08-01,13.81,13.93,13.12,13.37,64807941,0.0
2017-08-02,13.42,13.52,13.08,13.24,49567351,0.0
2017-08-03,13.2,13.36,13.02,13.12,61195452,0.0
2017-08-06,13.29,13.57,13.27,13.425,54399038,0.0
2017-08-07,13.48,13.55,13.08,13.095,44049286,0.0
2017-08-08,12.76,12.89,12.54,12.82,55154173,0.0
2017-08-09,12.7,12.92,12.11,12.12,75434486,0.0
2017-08-10,12.04,12.39,11.88,12.22,60449752,0.0
2017-08-13,12.58,12.845,12.58,12.77,59939224,0.0
2017-08-14,13.01,13.14,12.75,13.025,54291647,0.0
2017-08-15,13.17,13.19,12.52,12.64,60948456,0.0
2017-08-16,12.46,12.65,12.32,12.33,39378704,0.0
2017-08-17,12.43,12.555,12.25,12.38,35010260,0.0
2017-08-20,12.42,12.42,11.86,12.06,56625698,0.0
2017-08-21,12.2,12.33,12.1,12.165,36095997,0.0
2017-08-22,12,12.535,11.95,12.475,40528814,0.0
2017-08-23,12.69,12.71,12.39,12.5,34242052,0.0
2017-08-24,12.51,12.57,12.25,12.42,28025355,0.0
2017-08-27,12.53,12.549,12.16,12.225,32040476,0.0
2017-08-28,12,12.18,11.93,12.15,31460001,0.0
2017-08-29,12.19,12.68,12.16,12.66,41188789,0.0
2017-08-30,12.82,13.16,12.79,12.99,48034113,0.0
2017-08-31,13.12,13.485,13.04,13.19,50419720,0.0
2017-09-04,12.88,13.18,12.65,12.92,48313527,0.0
2017-09-05,13.02,13.08,12.75,12.85,31593514,0.0
2017-09-06,12.87,12.94,12.6,12.64,33908832,0.0
2017-09-07,12.5712,12.61,12.035,12.24,57930218,0.0
2017-09-10,12.46,12.74,12.4001,12.56,40093622,0.0
2017-09-11,12.66,12.68,12.213,12.3,52143536,0.0
2017-09-12,12.22,12.36,12.12,12.23,33938579,0.0
2017-09-13,12.15,12.46,12.11,12.255,34013709,0.0
2017-09-14,12.33,12.66,12.31,12.52,43776439,0.0
2017-09-17,12.77,13.3,12.74,13.07,78550841,0.0
2017-09-18,13.25,13.29,12.88,13.11,61035868,0.0
2017-09-19,13.07,13.8,12.8,13.75,79371147,0.0
2017-09-20,14,14.24,13.32,13.41,148612018,0.0
2017-09-21,13.2,13.4,13.12,13.3,46567583,0.0
2017-09-24,13.25,13.28,12.49,12.61,78782399,0.0
2017-09-25,12.85,12.93,12.43,12.45,62644948,0.0
2017-09-26,12.65,12.87,12.5,12.75,56484030,0.0
2017-09-27,12.76,12.84,12.55,12.73,33419356,0.0
2017-09-28,12.765,12.82,12.6,12.75,31413907,0.0
2017-10-01,12.8,12.85,12.62,12.715,31629067,0.0
2017-10-02,12.73,13.48,12.7,13.42,82347051,0.0
2017-10-03,13.31,13.5,13.15,13.31,39418095,0.0
2017-10-04,13.38,13.46,13.21,13.335,32443608,0.0
2017-10-05,13.22,13.39,13.18,13.23,25822690,0.0
2017-10-08,13.26,13.83,13.26,13.47,51831652,0.0
2017-10-09,13.72,13.79,13.44,13.7,39826468,0.0
2017-10-10,13.62,13.96,13.61,13.88,35772240,0.0
2017-10-11,13.84,14.37,13.81,14.2,66013266,0.0
2017-10-12,14.32,14.41,14.12,14.22,35258809,0.0
2017-10-15,14.25,14.35,14.12,14.26,32112608,0.0
2017-10-16,14.23,14.345,14.135,14.15,27095374,0.0
2017-10-17,14.2,14.279,13.76,14.06,37597285,0.0
2017-10-18,13.86,14.04,13.69,13.95,30577729,0.0
2017-10-19,14.03,14.09,13.8,13.81,29660967,0.0
2017-10-22,13.95,14.19,13.8999,14.1,45919738,0.0
2017-10-23,14.2,14.36,14.15,14.27,57556470,0.0
2017-10-24,12.96,13.13,12.29,12.33,152012547,0.0
2017-10-25,12.45,12.46,12,12.005,83868178,0.0
2017-10-26,12.17,12.19,11.35,11.81,109930580,0.0
2017-10-29,11.255,11.42,10.65,10.89,129670657,0.0
2017-10-30,10.76,11.31,10.69,10.985,74244673,0.0
2017-10-31,11.25,11.29,10.72,10.8,63448782,0.0
2017-11-01,10.87,10.99,10.66,10.85,45135975,0.0
2017-11-02,10.94,11.13,10.82,11.12,41821720,0.0
2017-11-05,12.04,12.09,11.64,11.95,83727324,0.0
2017-11-06,11.94,12.27,11.92,12.04,62215244,0.0
2017-11-07,11.94,11.95,11.51,11.7001,54050529,0.0
2017-11-08,11.25,11.35,11.03,11.12,71345761,0.0
2017-11-09,11.22,11.43,11.115,11.26,47398337,0.0
2017-11-12,11.18,11.2,10.92,11.08,46743536,0.0
2017-11-13,11.03,11.26,11,11.12,33675339,0.0
2017-11-14,11,11.13,10.77,11.07,31622202,0.0
2017-11-15,11.13,11.32,11.13,11.25,26765133,0.0
2017-11-16,11.3,11.75,11.28,11.385,53194376,0.0
2017-11-19,11.47,11.505,11.19,11.335,34064924,0.0
2017-11-20,11.44,11.49,11.24,11.39,29595393,0.0
2017-11-21,11.41,11.49,11.3,11.38,21960420,0.0
2017-11-23,11.38,11.42,11.3,11.38,10174591,0.0
2017-11-26,11.34,11.74,11.3358,11.56,37929858,0.0
2017-11-27,11.45,11.54,11,11.17,60943964,0.0
2017-11-28,11.08,11.17,10.73,10.825,60217697,0.0
2017-11-29,10.87,11.03,10.76,10.9001,36317901,0.0
2017-11-30,10.81,10.97,10.53,10.72,39803112,0.0
2017-12-03,10.85,10.88,9.82,10.03,87683864,0.0
2017-12-04,9.89,10.34,9.7,9.905,57763662,0.0
2017-12-05,9.9,10.05,9.71,10,35571656,0.0
2017-12-06,10.08,10.19,9.95,10.05,28821557,0.0
2017-12-07,10.15,10.2,9.92,9.92,31914341,0.0
2017-12-10,9.97,10.16,9.96,10.155,26347324,0.0
2017-12-11,10.13,10.14,9.88,9.9,32782349,0.0
2017-12-12,9.97,10.21,9.95,10.105,36556795,0.0
2017-12-13,10.1,10.17,9.96,10.12,21946117,0.0
2017-12-14,10.13,10.32,10.02,10.3,31348885,0.0
2017-12-17,10.56,11,10.51,10.9834,54592378,0.0
2017-12-18,11,11.19,10.87,10.95,36424949,0.0
2017-12-19,11.09,11.18,10.8,10.99,28317938,0.0
2017-12-20,10.97,11.0793,10.87,10.89,19355238,0.0
2017-12-21,10.75,10.77,10.2,10.54,48442468,0.0
2017-12-25,10.38,10.579,10.34,10.48,18953236,0.0
2017-12-26,10.46,10.74,10.4,10.525,20877347,0.0
2017-12-27,10.54,10.64,10.43,10.55,15219786,0.0
2017-12-28,10.54,10.58,10.27,10.29,23435903,0.0
2018-01-01,10.42,11.02,10.34,10.99,39531765,0.0
2018-01-02,11.59,12.14,11.17,11.55,130937186,0.0
2018-01-03,12.1,12.43,11.97,12.115,102195729,0.0
2018-01-04,12.19,12.22,11.66,11.87,59609771,0.0
2018-01-07,12.01,12.3,11.85,12.28,56849225,0.0
2018-01-08,11.99,12.02,11.71,11.81,56782799,0.0
2018-01-09,11.62,12.15,11.56,11.96,46946562,0.0
2018-01-10,12.07,12.19,11.9001,12.15,31409223,0.0
2018-01-11,11.82,12.07,11.8,12.03,41254013,0.0
2018-01-15,12.05,12.2,11.8,11.91,39446886,0.0
2018-01-16,11.9,12.19,11.82,12.18,35578605,0.0
2018-01-17,12.14,12.68,12.14,12.47,56970515,0.0
2018-01-18,12.56,12.88,12.54,12.57,42649282,0.0
2018-01-21,12.62,12.74,12.37,12.645,31604077,0.0
2018-01-22,12.82,12.995,12.76,12.93,40491162,0.0
2018-01-23,13.02,13.05,12.6,12.7,38453010,0.0
2018-01-24,12.8,12.94,12.32,12.41,39534603,0.0
2018-01-25,12.71,12.95,12.62,12.9301,40639971,0.0
2018-01-28,13.13,13.47,13.05,13.3298,62214560,0.0
2018-01-29,13.12,13.27,12.69,12.865,63313214,0.0
2018-01-30,13.24,13.85,13.15,13.74,127749224,0.0
2018-01-31,13.59,13.84,13.21,13.25,60549495,0.0
2018-02-01,13.05,13.06,12.43,12.45,72582562,0.0
2018-02-04,12.05,12.18,10.93,11.57,108934582,0.0
2018-02-05,11.08,11.74,11,11.65,80042696,0.0
2018-02-06,11.71,11.9,11.53,11.61,51488113,0.0
2018-02-07,11.72,11.85,11.21,11.2101,49145513,0.0
2018-02-08,11.49,11.57,10.63,11.31,80634145,0.0
2018-02-11,11.47,11.8,11.43,11.69,55875512,0.0
2018-02-12,11.6,11.82,11.53,11.79,29821852,0.0
2018-02-13,11.72,12.31,11.63,12.2,48298517,0.0
2018-02-14,12.4,12.625,12.07,12.19,51096556,0.0
2018-02-15,12.11,12.225,11.82,11.83,43485158,0.0
2018-02-19,11.72,12.19,11.71,12.025,44166582,0.0
2018-02-20,12.12,12.12,11.72,11.73,37698813,0.0
2018-02-21,11.82,11.995,11.63,11.835,34977281,0.0
2018-02-22,11.96,12.16,11.94,12.075,30373607,0.0
2018-02-25,12.14,12.43,12.05,12.42,35950258,0.0
2018-02-26,12.43,12.88,12.39,12.525,49742210,0.0
2018-02-27,12.66,12.73,12.1,12.11,39038444,0.0
2018-02-28,12.26,12.27,11.66,11.89,52219046,0.0
2018-03-01,11.67,11.93,11.43,11.81,54122229,0.0
2018-03-04,11.69,12.055,11.61,11.905,38650549,0.0
2018-03-05,12.01,12.045,11.71,11.755,41541762,0.0
2018-03-06,11.58,12.82,11.55,12.24,118698049,0.0
2018-03-07,12.395,12.59,11.74,11.97,72213255,0.0
2018-03-08,12.03,12.0392,11.58,11.7,83167280,0.0
2018-03-11,11.76,11.82,11.48,11.51,78337428,0.0
2018-03-12,11.5,12.035,11.095,11.64,162972164,0.0
2018-03-13,11.71,11.72,11.26,11.36,75638649,0.0
2018-03-14,11.43,11.55,11.19,11.46,56764727,0.0
2018-03-15,11.49,11.55,11.32,11.47,30828994,0.0
2018-03-18,11.41,11.74,11.351,11.43,50861992,0.0
2018-03-19,11.41,11.52,11,11.11,56345918,0.0
2018-03-20,11.16,11.34,11.11,11.26,41776905,0.0
2018-03-21,11.11,11.26,10.85,10.92,57212847,0.0
2018-03-22,10.91,10.97,10.57,10.63,49703889,0.0
2018-03-25,10.7,10.8,10.18,10.43,69905267,0.0
2018-03-26,10.51,10.59,9.9,10,64555246,0.0
2018-03-27,9.99,10.1689,9.8,9.805,60246169,0.0
2018-03-28,9.91,10.08,9.81,10.06,44050366,0.0
2018-04-01,9.99,10.14,9.51,9.54,59337494,0.0
2018-04-02,9.63,9.77,9.3,9.54,49894619,0.0
2018-04-03,9.07,9.81,9.04,9.775,60378536,0.0
2018-04-04,10.05,10.2,9.91,10.02,57997869,0.0
2018-04-05,9.83,10.1,9.5,9.6,47011327,0.0
2018-04-08,9.72,9.84,9.52,9.52,35360314,0.0
2018-04-09,9.75,10.04,9.71,9.99,38258987,0.0
2018-04-10,9.87,10.03,9.79,9.82,26717687,0.0
2018-04-11,9.98,10.1,9.82,10.09,38163954,0.0
2018-04-12,10.2,10.22,9.88,9.94,35755332,0.0
2018-04-15,9.98,10.17,9.9,10.1,26598804,0.0
2018-04-16,10.28,10.53,10.2,10.52,36066274,0.0
2018-04-17,10.51,10.65,10.33,10.37,38323482,0.0
2018-04-18,10.18,10.3284,9.99,10.12,51847846,0.0
2018-04-19,10.05,10.14,9.95,10,32930318,0.0
2018-04-22,10.09,10.19,9.97,10.03,34173060,0.0
2018-04-23,10.18,10.35,9.95,10.09,42282675,0.0
2018-04-24,10.05,10.09,9.56,9.72,72375812,0.0
2018-04-25,10.87,11.19,10.61,11.03,132289845,0.0
2018-04-26,11.2,11.36,11.02,11.1,69149710,0.0
2018-04-29,11.055,11.14,10.87,10.88,46938155,0.0
2018-04-30,10.83,11.15,10.77,11.12,35074175,0.0
2018-05-01,11.1,11.155,10.97,10.975,26925564,0.0
2018-05-02,10.902,11.06,10.83,10.93,30803511,0.0
2018-05-03,10.88,11.29,10.8701,11.28,44311377,0.0
2018-05-06,11.32,11.68,11.3,11.59,50532767,0.0
2018-05-07,11.49,11.66,11.4,11.61,30818707,0.0
2018-05-08,11.65,11.98,11.57,11.95,44573058,0.0
2018-05-09,11.98,12.18,11.95,12.14,45679276,0.0
2018-05-10,11.9,12.03,11.69,11.95,41223997,0.0
2018-05-13,12.12,12.36,12.11,12.225,44774463,0.0
2018-05-14,12.18,12.46,12.16,12.45,41167302,0.0
2018-05-15,12.64,12.98,12.62,12.83,66575249,0.0
2018-05-16,12.8,12.9,12.66,12.82,34066214,0.0
2018-05-17,13.06,13.26,12.91,13.005,49045125,0.0
2018-05-20,13.25,13.31,12.88,12.99,46390332,0.0
2018-05-21,13,13.14,12.71,12.975,40492131,0.0
2018-05-22,12.93,13.18,12.9,13.1,42066984,0.0
2018-05-23,13.08,13.43,13.03,13.41,44515841,0.0
2018-05-24,13.4,13.72,13.36,13.54,41769563,0.0
2018-05-28,13.45,13.63,13.26,13.355,36591189,0.0
2018-05-29,13.48,13.95,13.48,13.82,53809660,0.0
2018-05-30,13.74,13.93,13.69,13.72,40841076,0.0
2018-05-31,13.98,14.4,13.92,14.4,58141015,0.0
2018-06-03,14.76,14.98,14.52,14.84,69285689,0.0
2018-06-04,14.85,14.9185,14.63,14.84,42794811,0.0
2018-06-05,15.07,15.74,15.04,15.67,88703865,0.0
2018-06-06,15.83,15.97,14.85,14.8801,94061039,0.0
2018-06-07,14.52,15.33,14.31,15.24,76974341,0.0
2018-06-10,15.21,15.89,15.01,15.74,67876844,0.0
2018-06-11,15.84,15.95,15.43,15.85,63059329,0.0
2018-06-12,15.81,16.52,15.78,16.32,80246298,0.0
2018-06-13,16.6,16.79,15.58,16.24,106323287,0.0
2018-06-14,16.07,16.52,15.82,16.34,66852445,0.0
2018-06-17,16.18,17.34,16.13,17.11,97415467,0.0
2018-06-18,16.85,17.29,16.31,16.68,86929873,0.0
2018-06-19,16.83,17.13,16.37,16.51,69350820,0.0
2018-06-20,16.65,16.87,15.46,15.65,90800912,0.0
2018-06-21,15.78,15.91,15.56,15.78,50427763,0.0
2018-06-24,15.64,15.74,14.54,15.115,89145857,0.0
2018-06-25,15.34,15.6,15.1,15.505,51168094,0.0
2018-06-26,15.62,15.76,14.95,14.99,53546783,0.0
2018-06-27,14.84,15.36,14.75,15.31,43994878,0.0
2018-06-28,15.41,15.49,14.98,14.98,37914843,0.0
2018-07-01,14.8,15.18,14.74,15.15,38911315,0.0
2018-07-02,15.21,15.34,14.96,15,30164829,0.0
2018-07-04,15.13,15.5,15.02,15.5,35774230,0.0
2018-07-05,15.52,16.39,15.48,16.36,61896194,0.0
2018-07-08,16.7,16.84,16.17,16.61,53338655,0.0
2018-07-09,16.59,16.65,16.31,16.55,32784456,0.0
2018-07-10,16.17,16.53,16.02,16.27,36174390,0.0
2018-07-11,16.41,16.79,16.38,16.555,39670161,0.0
2018-07-12,16.66,16.69,16.22,16.27,34249973,0.0
2018-07-15,16.42,17,16.41,16.58,62078039,0.0
2018-07-16,16.5,16.88,16.48,16.865,39280472,0.0
2018-07-17,16.94,16.99,16.55,16.8499,38137511,0.0
2018-07-18,16.71,16.88,16.55,16.71,37434888,0.0
2018-07-19,16.66,16.88,16.44,16.5,40692843,0.0
2018-07-22,16.47,16.68,15.895,16.65,41657722,0.0
2018-07-23,16.78,16.86,16.11,16.19,53193729,0.0
2018-07-24,16.3,16.39,15.72,16.05,64874297,0.0
2018-07-25,17.16,18.45,16.83,18.35,181474778,0.0
2018-07-26,19.06,19.88,18.31,18.94,156123667,0.0
2018-07-29,19.4,20.18,19.31,19.43,153417221,0.0
2018-07-30,19.35,19.5,18.27,18.34,113095257,0.0
2018-07-31,18.34,18.95,18.32,18.4772,73312269,0.0
2018-08-01,18.17,18.83,0.186,18.79,51096661,0.0
2018-08-02,18.94,19.0566,18.37,18.49,49123039,0.0
2018-08-05,18.89,19.44,18.46,19.4366,77330189,0.0
2018-08-06,19.53,19.71,19.08,19.57,66571932,0.0
2018-08-07,19.46,19.77,19.255,19.5899,49662697,0.0
2018-08-08,19.58,19.71,19.08,19.09,43955575,0.0
2018-08-09,19.09,19.48,18.85,19.05,55506189,0.0
2018-08-12,19.16,19.93,19.12,19.72,78983685,0.0
2018-08-13,19.97,20.28,19.63,20.03,86260925,0.0
2018-08-14,19.86,20.1,19.2,19.7,82365278,0.0
2018-08-15,19.86,20.07,19.25,19.34,65103177,0.0
2018-08-16,19.12,19.82,18.73,19.77,57919481,0.0
2018-08-19,19.79,20.08,19.35,19.98,59764958,0.0
2018-08-20,19.98,20.415,19.86,20.39,53152545,0.0
2018-08-21,20.28,20.9398,20.21,20.89,61067001,0.0
2018-08-22,21.19,22.32,21.14,22.3,105966902,0.0
2018-08-23,22.91,24,22.67,23.98,155878679,0.0
2018-08-26,24.94,27.3,24.6261,25.26,314014030,0.0
2018-08-27,25.51,26.18,24.04,25.05,209431395,0.0
2018-08-28,24.36,25.41,24.01,25.19,133707484,0.0
2018-08-29,25.29,25.67,24.76,24.88,101415317,0.0
2018-08-30,24.89,25.24,24.72,25.16,62002263,0.0
2018-09-03,25.62,28.23,25.5675,28.07,187162279,0.0
2018-09-04,29.41,29.94,26.58,28.51,248487392,0.0
2018-09-05,28.11,28.58,27.19,27.84,137769011,0.0
2018-09-06,26.97,28.27,26.8,27.3828,117546600,0.0
2018-09-09,28.15,29.925,27.84,29.9,157193327,0.0
2018-09-10,30.02,30.59,29.37,30.09,150572356,0.0
2018-09-11,29.91,32.29,29.45,32.22,188800320,0.0
2018-09-12,33.16,34.14,29.87,30.48,292432385,0.0
2018-09-13,31.43,33.09,30.54,32.715,205878009,0.0
2018-09-16,31.75,33.23,31.26,32.4299,175604886,0.0
2018-09-17,32.99,33.37,31.2,31.93,167463910,0.0
2018-09-18,31.51,31.83,30.51,31.205,119150686,0.0
2018-09-19,32.1,32.2,30.64,31.185,118756902,0.0
2018-09-20,31.19,32.42,30.91,31.01,115205776,0.0
2018-09-23,31.13,32.84,30.91,32.6175,112275643,0.0
2018-09-24,33.18,33.6,32.19,32.575,111050663,0.0
2018-09-25,32.4,32.6,31.72,32.18,75905604,0.0
2018-09-26,31.86,32.63,30.65,32.59,83308116,0.0
2018-09-27,32.22,32.78,29.98,30.881,158655100,0.0
2018-09-30,30.69,31.91,30.25,31.41,91781487,0.0
2018-10-01,30.73,30.82,28.65,29.02,141862914,0.0
2018-10-02,29.035,29.22,26.54,28.42,182801958,0.0
2018-10-03,28.29,28.83,27.37,27.78,91562725,0.0
2018-10-04,28.07,28.47,26.93,27.35,83931236,0.0
2018-10-07,26.75,27.54,25.96,26.465,100313570,0.0
2018-10-08,26.19,27.71,0.272,27.24,101410234,0.0
2018-10-09,27.2,27.35,24.91,25,140812268,0.0
2018-10-10,24.77,26.2,24.55,25.3,135535453,0.0
2018-10-11,26.77,26.9697,25.67,26.34,105609165,0.0
2018-10-14,26.38,26.77,25.75,26.25,67291591,0.0
2018-10-15,26.5699,28.2197,26.17,28.18,84984708,0.0
2018-10-16,28.41,28.53,26.9199,27.31,84289625,0.0
2018-10-17,27.08,27.75,26.4,26.61,77538979,0.0
2018-10-18,26.75,26.98,23.6,23.66,123744599,0.0
2018-10-21,24.46,25.64,24.0901,25.04,109642566,0.0
2018-10-22,24.18,25.2699,23.85,25.09,97583862,0.0
2018-10-23,25.04,25.1,22.75,22.79,104056352,0.0
2018-10-24,17.92,20.23,17.72,19.26,176066011,0.0
2018-10-25,18.49,18.78,17.05,17.625,115809181,0.0
2018-10-28,18.21,18.23,16.27,16.86,88584586,0.0
2018-10-29,16.38,17.24,16.17,17.2145,95056177,0.0
2018-10-30,17.87,19.95,17.12,18.23,107482576,0.0
2018-10-31,18.38,20.33,18.08,20.22,129204636,0.0
2018-11-01,20.59,21.06,19.47,20.2216,117051589,0.0
2018-11-04,20.12,20.18,18.88,19.92,105768097,0.0
2018-11-05,19.5,21.65,19.48,20.69,139549552,0.0
2018-11-06,21.46,22.2235,21.07,21.8349,114130913,0.0
2018-11-07,21.74,22.08,20.97,21.2,88730056,0.0
2018-11-08,20.8,21.19,20.11,21.03,80007557,0.0
2018-11-11,20.68,20.85,18.8,19.0286,91610936,0.0
2018-11-12,19.28,20.02,18.97,19.61,70602163,0.0
2018-11-13,20.18,21.11,19.7599,20.83,103960300,0.0
2018-11-14,20.72,21.77,20.42,21.5,91152773,0.0
2018-11-15,19.87,20.97,19.72,20.67,109394264,0.0
2018-11-18,20.4,20.59,19.09,19.115,90956829,0.0
2018-11-19,17.4,19.58,17.18,19.21,106740346,0.0
2018-11-20,20.05,20.31,18.5,18.73,79287815,0.0
2018-11-22,18.61,19.83,18.25,19.38,52258751,0.0
2018-11-25,19.96,20.19,19.1101,20.08,80735447,0.0
2018-11-26,19.77,21.45,19.73,21.0501,116922339,0.0
2018-11-27,21.82,21.88,20.18,21.34,129945524,0.0
2018-11-28,21.19,21.61,20.73,21.4297,77765097,0.0
2018-11-29,21.3,21.36,20.52,21.3097,78133210,0.0
2018-12-02,22.48,23.75,22.37,23.7,136495136,0.0
2018-12-03,23.35,23.42,21.07,21.12,124856062,0.0
2018-12-05,20.22,21.41,20.06,21.3,100974854,0.0
2018-12-06,21.3,21.3799,19.17,19.46,103568998,0.0
2018-12-09,19.35,20.13,19.27,19.985,75367615,0.0
2018-12-10,20.71,21.14,19.69,19.99,86000935,0.0
2018-12-11,20.32,21.02,19.71,20.48,97887107,0.0
2018-12-12,20.63,20.865,19.76,19.86,86994145,0.0
2018-12-13,19.58,20.7,19.52,19.89,82098204,0.0
2018-12-16,20.01,21.24,18.635,18.83,109395274,0.0
2018-12-17,19.15,19.84,18.88,19.51,97788399,0.0
2018-12-18,19.44,19.72,18,18.16,115814146,0.0
2018-12-19,18.11,18.86,17.34,17.95,115081527,0.0
2018-12-20,18.12,18.34,16.76,16.91,100615677,0.0
2018-12-23,16.52,17.2199,16.37,16.65,60781467,0.0
2018-12-25,16.88,17.91,16.03,17.9,105965351,0.0
2018-12-26,17.43,17.74,16.44,17.48,108221557,0.0
2018-12-27,17.53,18.31,17.135,17.8101,105900370,0.0
2018-12-30,18.15,18.5101,17.85,18.4,78912536,0.0
2019-01-01,18.01,19,17.98,18.815,80648932,0.0
2019-01-02,18.42,18.68,16.94,17.0928,109868277,0.0
2019-01-03,17.55,19.07,17.43,18.97,103603277,0.0
2019-01-06,19.44,20.68,19,20.575,99944498,0.0
2019-01-07,21.19,21.2,19.68,20.75,110026263,0.0
2019-01-08,20.89,21.44,20.07,20.19,154712947,0.0
2019-01-09,19.76,19.8342,18.9,19.755,109653377,0.0
2019-01-10,19.47,20.35,19.19,20.2575,77047610,0.0
2019-01-13,19.96,20.62,19.75,20.25,64566672,0.0
2019-01-14,20.44,20.68,20.26,20.38,57362995,0.0
2019-01-15,20.4,20.54,19.75,19.7502,60490199,0.0
2019-01-16,19.49,20.51,19.02,20.26,79036332,0.0
2019-01-17,20.37,21.05,20.02,20.73,82783165,0.0
2019-01-21,20.48,20.9199,19.7,19.75,71304101,0.0
2019-01-22,20.03,20.48,19.55,19.775,72230109,0.0
2019-01-23,20.06,21.01,20.04,20.84,88550043,0.0
2019-01-24,20.99,22.03,20.79,21.94,102140603,0.0
2019-01-27,20.315,21.01,20.02,20.1856,123795289,0.0
2019-01-28,20.26,20.39,19.05,19.26,101989990,0.0
2019-01-29,21.49,23.08,21.37,23.08,181809888,0.0
2019-01-30,23.02,25.14,22.83,24.3981,171275211,0.0
2019-01-31,24.61,24.84,24.065,24.48,96922633,0.0
2019-02-03,24.43,24.66,24.07,24.085,64926102,0.0
2019-02-04,23.42,23.86,22.98,23.265,109914564,0.0
2019-02-05,23.63,24.14,23.22,23.25,73077967,0.0
2019-02-06,22.99,23.22,22.32,22.67,80399429,0.0
2019-02-07,22.33,23.28,22.27,23.04,71119398,0.0
2019-02-10,23.05,23.2827,22.66,22.935,55382558,0.0
2019-02-11,23.43,23.56,22.75,22.81,62858731,0.0
2019-02-12,22.98,23.24,22.7138,22.86,53585814,0.0
2019-02-13,22.74,23.37,22.59,23.135,57854582,0.0
2019-02-14,23.55,24.05,23.2,23.685,73226268,0.0
2019-02-18,23.625,24.405,23.605,23.9597,53434370,0.0
2019-02-19,24.14,24.37,23.9,23.96,53878873,0.0
2019-02-20,24.04,24.33,23.85,23.93,46369811,0.0
2019-02-21,24.05,24.36,23.88,24.36,48163629,0.0
2019-02-24,25.01,25.52,24.68,24.71,59638335,0.0
2019-02-25,24.65,24.72,24.15,24.21,40934241,0.0
2019-02-26,24.11,24.2299,23.21,23.48,58536017,0.0
2019-02-27,23.21,23.67,23.11,23.54,34396237,0.0
2019-02-28,23.97,24.19,23.45,23.6799,41974425,0.0
2019-03-03,23.89,24.13,23.01,23.37,45674744,0.0
2019-03-04,23.34,23.68,23.01,23.5,32653960,0.0
2019-03-05,23.47,23.53,22.4,22.41,56503096,0.0
2019-03-06,22.33,22.4101,21.73,22.07,48084152,0.0
2019-03-07,21.35,22.085,21.035,22.0103,46408212,0.0
2019-03-10,22.15,23.075,21.98,22.95,48787508,0.0
2019-03-11,23.1,23.795,22.78,23.48,51923032,0.0
2019-03-12,23.66,24.15,23.35,23.36,50694198,0.0
2019-03-13,23.37,23.49,22.8,22.83,39254660,0.0
2019-03-14,23.49,23.65,23.22,23.3,27111982,0.0
2019-03-17,23.3,23.62,23.04,23.26,32226769,0.0
2019-03-18,23.6,26.08,23.59,26.05,144727524,0.0
2019-03-19,26.49,26.88,25.31,25.7,140703919,0.0
2019-03-20,25.78,28.11,25.71,27.89,119964307,0.0
2019-03-21,27.54,27.75,26.33,26.37,108397819,0.0
2019-03-24,26.29,26.99,25.54,25.95,73939557,0.0
2019-03-25,26.69,26.98,25.46,25.7,71764827,0.0
2019-03-26,25.7,25.88,24.55,24.8715,83262068,0.0
2019-03-27,25.1,25.56,24.65,25.065,61571452,0.0
2019-03-28,25.58,25.73,25.25,25.52,48550449,0.0
2019-03-31,26.42,26.555,25.83,26.36,32767146,0.0
2019-04-01,26.51,26.8,26.09,26.75,48309444,0.0
2019-04-02,28.02,29.9498,27.88,29.01,182103753,0.0
2019-04-03,28.88,29.385,28.61,29.0701,77918514,0.0
2019-04-04,29.64,29.69,28.8,28.99,60343121,0.0
2019-04-07,28.69,28.95,28.18,28.54,54390599,0.0
2019-04-08,28.24,28.38,27.19,27.24,70078325,0.0
2019-04-09,27.46,28.12,27.32,27.835,59748345,0.0
2019-04-10,27.81,28.05,27.46,27.79,41192505,0.0
2019-04-11,28.21,28.38,27.66,27.8475,37333189,0.0
2019-04-14,27.8,27.84,26.96,27.33,37528066,0.0
2019-04-15,27.72,28.18,27.49,27.9339,43853102,0.0
2019-04-16,28.21,28.27,27.22,27.5,45441607,0.0
2019-04-17,27.6,27.88,27.34,27.6767,37302337,0.0
2019-04-21,27.62,28.23,27.39,28.17,33846781,0.0
2019-04-22,28.18,28.49,27.79,27.97,37974538,0.0
2019-04-23,28.1,28.85,27.93,28.46,48395877,0.0
2019-04-24,28.65,28.86,27.36,27.65,51487295,0.0
2019-04-25,27.62,27.9,27.05,27.88,44699014,0.0
2019-04-28,27.9,28.14,27.5,27.6811,40385475,0.0
2019-04-29,27.59,27.8,26.94,27.63,54019126,0.0
2019-04-30,28.95,29.15,26.78,26.8,127287384,0.0
2019-05-01,26.94,28.64,26.61,28.29,95312594,0.0
2019-05-02,28.3,28.4201,27.66,28.22,51718501,0.0
2019-05-05,26.72,27.5,26.45,27.43,64760337,0.0
2019-05-06,27.2,27.35,26.21,26.66,70007742,0.0
2019-05-07,26.41,27.71,26.27,27.09,62428679,0.0
2019-05-08,26.7,27.38,26.03,27.2,69825507,0.0
2019-05-09,27.03,28.1,26.93,27.95,79121383,0.0
2019-05-12,26.98,27.23,26.1,26.24,92488651,0.0
2019-05-13,26.53,27.48,26.15,27.31,76955796,0.0
2019-05-14,26.87,27.79,26.73,27.58,52483356,0.0
2019-05-15,27.37,28.37,27.2699,28.02,60976490,0.0
2019-05-16,27.69,28.46,27.4,27.5,61628405,0.0
2019-05-19,26.98,27.24,26.49,26.68,65531981,0.0
2019-05-20,27.18,27.37,26.93,27.353,42540432,0.0
2019-05-21,27.12,27.59,27.07,27.42,37500092,0.0
2019-05-22,26.99,27.1,26.03,26.36,63340995,0.0
2019-05-23,26.61,26.925,26.4,26.44,37478431,0.0
2019-05-27,27.27,29.67,27.06,29.035,136586584,0.0
2019-05-28,29,29.32,27.73,28.08,94359615,0.0
2019-05-29,28.4,28.56,27.6,28.02,60425013,0.0
2019-05-30,27.57,28.36,27.4,27.4,63709257,0.0
2019-06-02,28.75,29.62,27.29,27.575,138199999,0.0
2019-06-03,28.39,29.59,27.91,29.565,99413074,0.0
2019-06-04,29.93,29.99,29.03,29.5,73327828,0.0
2019-06-05,29.87,31.98,29.84,31.84,121837973,0.0
2019-06-06,31.94,32.6,31.57,32.41,78557712,0.0
2019-06-09,33.53,34.3,33.08,33.23,89542352,0.0
2019-06-10,33.43,33.49,31.82,32.41,76741730,0.0
2019-06-11,32,32.57,31.92,32.18,52750156,0.0
2019-06-12,32.39,32.5,31.06,31.38,115490630,0.0
2019-06-13,30.7,30.96,30.02,30.35,130024023,0.0
2019-06-16,30.25,30.45,29.18,29.19,66705403,0.0
2019-06-17,29.77,30.97,29.58,30.46,80471614,0.0
2019-06-18,30.665,30.79,30.06,30.5,57815387,0.0
2019-06-19,31.24,31.36,29.84,30,66414990,0.0
2019-06-20,29.65,30.35,28.97,29.08,71396515,0.0
2019-06-23,29.32,29.4,28.67,29.25,50097862,0.0
2019-06-24,29.26,29.72,28.8,28.85,47874157,0.0
2019-06-25,29.98,30.48,29.78,29.91,57693610,0.0
2019-06-26,30.41,30.96,30.21,30.73,50860542,0.0
2019-06-27,30.99,31.08,30.33,30.38,38807907,0.0
2019-06-30,31.79,32.04,30.87,31.2,55600066,0.0
2019-07-01,30.97,31.26,30.73,31.26,35411973,0.0
2019-07-02,31.13,31.33,30.74,31.18,20998171,0.0
2019-07-04,30.88,31.56,30.75,31.49,31619931,0.0
2019-07-07,31.8,32.15,31.26,32.05,44513295,0.0
2019-07-08,31.8,33.18,30.1,33.14,57168627,0.0
2019-07-09,33.56,34.03,33.36,33.785,54629982,0.0
2019-07-10,33.91,34,32.76,33.06,58316310,0.0
2019-07-11,32.76,33.39,32.59,33.205,47621768,0.0
2019-07-14,33.34,34.55,33.27,34.39,60238358,0.0
2019-07-15,34.3,34.86,33.8,33.82,63503622,0.0
2019-07-16,34.01,34.3,33.49,33.58,39667693,0.0
2019-07-17,33.03,33.46,32.42,32.99,53665261,0.0
2019-07-18,33.08,33.35,32.45,32.51,41834337,0.0
2019-07-21,32.8,33.31,32.735,32.86,33604197,0.0
2019-07-22,33.17,33.5,32.93,33.5,35810787,0.0
2019-07-23,33.64,34.36,33.45,34.11,38861127,0.0
2019-07-24,34.05,34.25,33.62,33.66,32888813,0.0
2019-07-25,34.23,34.77,33.865,34.01,40369473,0.0
2019-07-28,34.14,34.18,32.98,33.48,42767769,0.0
2019-07-29,33.21,33.94,32.94,33.87,54286925,0.0
2019-07-30,32.08,32.3,30.3,30.43,110558754,0.0
2019-07-31,30.5,31.48,29.1,29.86,76711829,0.0
2019-08-01,29.48,29.68,29,29.46,46874391,0.0
2019-08-04,28.26,28.49,27.65,27.98,67551620,0.0
2019-08-05,28.86,29.05,28.2,28.85,52564104,0.0
2019-08-06,28.47,29.28,28.37,29.19,51792473,0.0
2019-08-07,31.53,34.27,31.2,33.95,154602514,0.0
2019-08-08,33.54,35.55,33.08,34.18,121517349,0.0
2019-08-11,34.16,34.65,32.08,32.44,99697315,0.0
2019-08-12,32.36,33.14,31.72,32.11,94832895,0.0
2019-08-13,31,31.05,29.51,30.25,118798722,0.0
2019-08-14,30.63,30.73,29.21,29.66,65262741,0.0
2019-08-15,30.305,31.48,30.21,31.18,66160932,0.0
2019-08-18,32,32.19,31.42,31.46,62124231,0.0
2019-08-19,30.94,31.305,30.45,30.71,44253330,0.0
2019-08-20,31.05,31.74,30.84,31.7,38615745,0.0
2019-08-21,31.76,31.92,30.98,31.91,44083866,0.0
2019-08-22,31.3,31.83,29.4,29.55,77397913,0.0
2019-08-25,30.34,30.72,29.94,30.29,46068240,0.0
2019-08-26,30.6,30.89,29.6,30.2,47787119,0.0
2019-08-27,29.92,31.1801,29.7,30.78,52514193,0.0
2019-08-28,31.47,31.83,31.33,31.4466,41518477,0.0
2019-08-29,31.6,31.865,31.13,31.4301,37111146,0.0
2019-09-02,30.83,31.14,30.68,30.9,35432049,0.0
2019-09-03,31.32,31.83,30.85,30.94,43584197,0.0
2019-09-04,31.79,32.05,31.12,31.5,53331701,0.0
2019-09-05,31.5,31.51,30.48,30.5699,47773894,0.0
2019-09-08,30.93,31.1752,30.24,30.51,50837345,0.0
2019-09-09,30.22,30.38,29.77,30.25,45047036,0.0
2019-09-10,30.38,30.43,29.51,29.7742,46695136,0.0
2019-09-11,30.08,30.84,30.01,30.22,48568016,0.0
2019-09-12,30.27,30.85,29.95,30.71,43804936,0.0
2019-09-15,30.37,31.15,30.26,30.83,47762496,0.0
2019-09-16,31.07,31.32,30.74,31,32467964,0.0
2019-09-17,30.75,30.89,29.88,30.43,41700767,0.0
2019-09-18,30.57,30.96,30.14,30.2697,36899511,0.0
2019-09-19,30.36,30.47,29.65,30.04,47277514,0.0
2019-09-22,30.12,30.8,30.08,30.6476,40931213,0.0
2019-09-23,30.54,30.75,29.29,29.53,65527868,0.0
2019-09-24,29.48,29.65,28.5501,29.54,54047507,0.0
2019-09-25,29.67,29.77,29,29.4716,38167700,0.0
2019-09-26,29.17,29.77,28.35,28.72,50538353,0.0
2019-09-29,28.89,29.05,28.36,28.99,33817912,0.0
2019-09-30,29.05,29.54,28.64,28.76,34679465,0.0
2019-10-01,28.5,28.85,28.03,28.32,40382964,0.0
2019-10-02,28.28,28.778,27.43,28.69,49193080,0.0
2019-10-03,28.83,29.06,28.28,29,63790633,0.0
2019-10-06,28.9,29.63,28.8431,28.94,73228084,0.0
2019-10-07,28.55,28.64,27.92,28.23,80653747,0.0
2019-10-08,28.8,28.95,28.35,28.4635,66174793,0.0
2019-10-09,28.52,28.89,28,28.4,75361786,0.0
2019-10-10,28.83,30.2,28.81,29.74,121798389,0.0
2019-10-13,29.615,30.61,29.38,30.54,79375902,0.0
2019-10-14,30.7,30.92,30.17,30.7201,78509104,0.0
2019-10-15,30.6,31.41,30.53,30.8199,76045759,0.0
2019-10-16,31.3,31.4,30.86,31.15,69172856,0.0
2019-10-17,31.06,31.33,30.29,30.97,73319664,0.0
2019-10-20,31.465,32.26,31.435,32.045,44205291,0.0
2019-10-21,32.06,32.15,31.5,31.51,33511733,0.0
2019-10-22,31.09,31.65,30.83,31.36,25012304,0.0
2019-10-23,31.58,31.86,31.34,31.73,25127412,0.0
2019-10-24,31.9,32.86,31.83,32.71,41940739,0.0
2019-10-27,33.16,33.9103,33.15,33.7,48017371,0.0
2019-10-28,33.73,33.9,32.7,33.0558,61885878,0.0
2019-10-29,32.93,33.34,32.035,33.14,75103537,0.0
2019-10-30,32.98,34.34,32.82,33.96,65490730,0.0
2019-10-31,34.37,35,34.1,34.89,60908773,0.0
2019-11-03,35.19,36.45,34.76,36.28,81096719,0.0
2019-11-04,36.56,37.18,35.98,36.14,82928286,0.0
2019-11-05,36.06,36.48,35.52,35.93,49974744,0.0
2019-11-06,36.52,36.99,36.03,36.28,51549171,0.0
2019-11-07,36.06,36.58,36,36.285,37504394,0.0
2019-11-10,35.96,36.6648,35.58,36.31,41194939,0.0
2019-11-11,36.43,37.13,36.4,36.7,56070592,0.0
2019-11-12,36.65,37.96,36.5779,37.51,66757293,0.0
2019-11-13,37.51,38.5,37.36,38.35,63265461,0.0
2019-11-14,38.94,39.37,38.34,38.55,60467447,0.0
2019-11-17,38.65,39.985,38.6,39.895,63269359,0.0
2019-11-18,40.14,41.79,39.685,41.28,92219476,0.0
2019-11-19,40.99,41.75,40.07,40.97,75456354,0.0
2019-11-20,40.42,40.7095,38.64,39.5007,82932145,0.0
2019-11-21,39.36,39.89,38.19,39.14,56067172,0.0
2019-11-24,39.5,40.17,39.495,39.8,44233745,0.0
2019-11-25,39.3,39.48,38.81,38.97,41909250,0.0
2019-11-26,39.46,39.76,39.07,39.41,32176226,0.0
2019-11-28,39.1,39.515,39.02,39.14,16080125,0.0
2019-12-01,39.32,39.41,38.44,38.73,34176265,0.0
2019-12-02,37.34,38.93,37.15,38.8833,48756406,0.0
2019-12-03,39.41,39.82,39.13,39.69,40392666,0.0
2019-12-04,39.95,40.22,39.55,39.62,32705869,0.0
2019-12-05,40.1,40.19,39.56,39.62,29733906,0.0
2019-12-08,39.46,39.84,38.91,38.915,26775255,0.0
2019-12-09,39.2,39.73,38.82,39.44,31212088,0.0
2019-12-10,39.44,39.61,39.04,39.46,30265595,0.0
2019-12-11,39.4,42.62,39.25,42.615,83376030,0.0
2019-12-12,42.35,42.95,41.06,41.15,73986622,0.0
2019-12-15,41.73,42.98,41.73,42.33,49943956,0.0
2019-12-16,42.51,43.105,42.15,42.7807,40437603,0.0
2019-12-17,42.79,43.06,42.24,42.3,30684412,0.0
2019-12-18,42.63,43.34,42.6,42.84,37365197,0.0
2019-12-19,43.44,44.26,43.26,44.16,54182217,0.0
2019-12-22,44.58,45.625,44.39,45.47,52969652,0.0
2019-12-23,46.1,46.61,45.77,46.53,42418841,0.0
2019-12-25,46.99,47.31,45.66,46.64,55021416,0.0
2019-12-26,46.84,46.88,45.975,46.18,35145491,0.0
2019-12-29,46.14,46.17,44.66,45.52,40046758,0.0
2019-12-30,45.07,46.09,44.9223,45.87,29574823,0.0
2020-01-01,46.86,49.25,46.63,49.11,77354773,0.0
2020-01-02,48.03,49.39,47.54,48.57,70131747,0.0
2020-01-05,48.02,48.86,47.86,48.39,43344539,0.0
2020-01-06,49.35,49.39,48.04,48.24,53833107,0.0
2020-01-07,47.85,48.3,47.14,47.84,51859353,0.0
2020-01-08,48.94,49.96,48.39,48.96,73315778,0.0
2020-01-09,49.26,49.29,48,48.17,41998103,0.0
2020-01-12,48.66,48.86,48.24,48.75,31319173,0.0
2020-01-13,48.61,49.035,47.91,48.2,36679297,0.0
2020-01-14,48.23,49.08,48.12,48.55,38815435,0.0
2020-01-15,49.17,50.31,48.99,49.75,55808155,0.0
2020-01-16,50.2,51.05,49.9,50.92,53655009,0.0
2020-01-20,50.96,51.81,50.7,51.05,89691601,0.0
2020-01-21,51.63,51.875,51.195,51.43,75424351,0.0
2020-01-22,51.34,51.745,50.74,51.7,72816053,0.0
2020-01-23,52.2803,52.81,49.47,50.35,152893400,0.0
2020-01-26,48.45,49.79,47.9,49.2591,44405909,0.0
2020-01-27,50.03,50.85,49.48,50.53,51267435,0.0
2020-01-28,47.84,48.07,46.1,47.51,105392174,0.0
2020-01-29,46.49,48.81,46.13,48.7601,67805001,0.0
2020-01-30,48.4,48.58,46.79,46.97,57027371,0.0
2020-02-02,46.4,48.1,46.23,48.02,45177284,0.0
2020-02-03,49.21,49.75,48.61,49.47,44370458,0.0
2020-02-04,50.29,50.42,49.31,49.85,40441789,0.0
2020-02-05,48.8,49.39,47.63,49.32,47125698,0.0
2020-02-06,48.91,50.665,48.635,49.73,51471038,0.0
2020-02-09,49.47,52.3,49.35,52.269,59063662,0.0
2020-02-10,53.22,54.48,52.91,53.8,71805307,0.0
2020-02-11,54.53,54.85,53.53,53.89,43809183,0.0
2020-02-12,53.35,55.03,53.34,54.54,47664627,0.0
2020-02-13,55.19,55.4,54.56,55.32,41495593,0.0
2020-02-17,54.94,58.13,54.84,56.9,68022282,0.0
2020-02-18,57.98,59.27,57.51,58.91,55803275,0.0
2020-02-19,58.44,59.02,56.15,57.26,71618743,0.0
2020-02-20,56.71,56.8,52.89,53.27,86341924,0.0
2020-02-23,48.175,50.275,47.49,49.1001,82430417,0.0
2020-02-24,51.14,51.24,47.12,47.57,84993618,0.0
2020-02-25,47.7,49.29,47.07,47.48,82109755,0.0
2020-02-26,45.38,46.24,42.21,44.01,101738943,0.0
2020-02-27,41.39,46.15,41.04,45.47,94139226,0.0
2020-03-01,47.42,47.68,44.66,47.44,98167687,0.0
2020-03-02,49.03,50.2,45.67,46.74,137661575,0.0
2020-03-03,48.25,50.14,47.2101,50.11,89509754,0.0
2020-03-04,48.68,49.72,47.51,48.14,91468329,0.0
2020-03-05,49.46,49.54,46.74,48.6,117513388,0.0
2020-03-08,43.35,46.34,43.03,43.26,144460752,0.0
2020-03-09,45.41,45.44,43.1,45.38,72130289,0.0
2020-03-10,44.19,45.97,43.8,45.69,97129692,0.0
2020-03-11,42,42.5,39,39.005,93019685,0.0
2020-03-12,42.2,43.91,39.6,43.9,80640567,0.0
2020-03-15,39.16,43.37,38.51,38.71,79671239,0.0
2020-03-16,40.19,42.88,38.3,41.88,175214190,0.0
2020-03-17,39.54,41.95,36.75,39.13,92828359,0.0
2020-03-18,39.56,41.7,37.69,39.79,85544465,0.0
2020-03-19,41.51,42.4825,39.58,39.6,102772073,0.0
2020-03-22,40.62,42.32,38.95,41.64,96809387,0.0
2020-03-23,44.04,46.81,43.99,46.22,102567661,0.0
2020-03-24,46.79,47.875,44.425,44.62,89563325,0.0
2020-03-25,45.78,47.5,45.4,47.49,70705821,0.0
2020-03-26,46.32,47.975,45.9,46.58,72126589,0.0
2020-03-29,47.24,48.46,46.66,47.85,66016634,0.0
2020-03-30,47.925,48.53,45.16,45.44,78997661,0.0
2020-03-31,44.18,46.85,43.16,43.67,89498467,0.0
2020-04-01,43.4,45.28,43.1,44.49,152258754,0.0
2020-04-02,44.3,44.8393,41.7,42.58,77357684,0.0
2020-04-05,44.3,47.58,44.06,47.52,76927345,0.0
2020-04-06,48.96,49.65,46.675,47.55,99939323,0.0
2020-04-07,48.07,49,47.61,48.78,62782198,0.0
2020-04-08,49.65,50.25,47.72,48.38,78172462,0.0
2020-04-12,48.47,51.07,48.23,50.943,62155324,0.0
2020-04-13,52.235,55.14,52.11,54.95,163938884,0.0
2020-04-14,53.73,55.5699,53.41,55,162988644,0.0
2020-04-15,55.96,58.08,55.63,56.91,296502901,0.0
2020-04-16,57.35,57.755,55.55,56.58,288905486,0.0
2020-04-19,55.98,58.63,55.85,56.92,209242694,0.0
2020-04-20,56.9,57.73,51.41,52.92,362731052,0.0
2020-04-21,54.91,56.12,54.34,55.9422,230497745,0.0
2020-04-22,56.65,57.285,55.64,55.88,132221336,0.0
2020-04-23,55.1,56.78,54.42,56.16,209799971,0.0
2020-04-26,57.44,58,56.25,56.4898,120008634,0.0
2020-04-27,57.16,57.35,55.3,55.5,68447903,0.0
2020-04-28,54.53,54.86,52.74,53.67,209106661,0.0
2020-04-29,53.43,54.29,52.03,52.37,61468041,0.0
2020-04-30,51.07,51.95,49.09,49.89,133712983,0.0
2020-05-03,49.815,52.61,49.73,52.56,60084302,0.0
2020-05-04,53.43,53.51,51.29,52.19,109096590,0.0
2020-05-05,52.42,53.31,51.88,52.17,46258192,0.0
2020-05-06,52.93,52.9666,51.62,51.95,93406286,0.0
2020-05-07,52.15,53.27,51.81,53.1862,38383194,0.0
2020-05-10,52.9,55.89,52.75,55.73,66560096,0.0
2020-05-11,56.2065,56.58,53.75,53.76,107182204,0.0
2020-05-12,54.04,55.22,51.295,52.13,74317920,0.0
2020-05-13,52.1,54.54,51.61,54.52,70403201,0.0
2020-05-14,53.32,54.435,52.86,54.22,63697653,0.0
2020-05-17,54.98,55.25,54.24,54.59,91757762,0.0
2020-05-18,54.39,56.73,54.36,55.45,58008499,0.0
2020-05-19,56.55,56.98,55.625,56.39,94510322,0.0
2020-05-20,56.68,56.72,54.61,54.66,92813462,0.0
2020-05-21,54.77,55.3748,53.78,55.17,84236149,0.0
2020-05-25,56.01,56.08,53.02,53.2,47506290,0.0
2020-05-26,53.27,53.28,49.09,52.73,100266420,0.0
2020-05-27,52.25,53.54,51.25,51.76,50946899,0.0
2020-05-28,52.07,53.8,51.85,53.6839,112901502,0.0
2020-05-31,53.31,54.11,52.89,53.625,70439736,0.0
2020-06-01,53.45,53.57,52.01,53.55,80457250,0.0
2020-06-02,53.5965,53.65,52.33,52.725,89070416,0.0
2020-06-03,52.59,53.74,52.2,52.64,86936082,0.0
2020-06-04,52.99,53.57,52.08,53.12,51015190,0.0
2020-06-07,53.3,53.35,52.26,52.965,37414663,0.0
2020-06-08,52.9497,56.46,52.72,56.42,152216282,0.0
2020-06-09,57.2,59,57.03,57.48,152096653,0.0
2020-06-10,55.94,56.68,52.85,52.925,74549649,0.0
2020-06-11,55.01,55.6,53.81,53.83,40530402,0.0
2020-06-14,52.58,54.73,52.4128,54.69,107850991,0.0
2020-06-15,55.72,56.07,53.59,54.46,48310158,0.0
2020-06-16,54.79,55.82,54.3,54.53,79154488,0.0
2020-06-17,54.62,55.1225,53.65,54.03,35222274,0.0
2020-06-18,54.41,55.455,53.815,54.22,89602515,0.0
2020-06-21,54.67,55.17,53.74,54.79,39434613,0.0
2020-06-22,55.05,55.37,53.87,54,43713132,0.0
2020-06-23,53.94,54.74,51.92,52.39,52119841,0.0
2020-06-24,52.56,52.7,50.54,51.93,49277578,0.0
2020-06-25,51.85,51.95,49.45,50.12,43260972,0.0
2020-06-28,50.15,50.28,48.42,50.28,47461803,0.0
2020-06-29,51.16,52.77,50.82,52.58,39938088,0.0
2020-06-30,52.63,52.87,51.6,52.58,31465306,0.0
2020-07-01,53.0335,53.19,52.0508,52.33,27871274,0.0
