Date,Open,High,Low,Close,Volume,OpenInterest
2016-07-13,748.86,749.04,739.02,741.19,1673802,0.0
2016-07-14,746.2,746.7,734.05,735.43,2210174,0.0
2016-07-17,735.49,741.5954,728.72,736.07,2089823,0.0
2016-07-18,732.5,743.33,732.31,740.06,1568900,0.0
2016-07-19,743.75,746.25,740.7,745.72,1509476,0.0
2016-07-20,746.65,749.36,742.7918,744.37,1655761,0.0
2016-07-21,747.69,751.28,743.53,744.86,1604518,0.0
2016-07-24,746.55,748.5,735.35,739.68,1846612,0.0
2016-07-25,742.77,743.13,732.7525,735.59,1622542,0.0
2016-07-26,737.85,740.94,733.86,736.73,1867133,0.0
2016-07-27,745.99,753.36,739.7,752.6,3789630,0.0
2016-07-28,765,766,755,758.75,4799488,0.0
2016-07-31,759.17,770.5,757.06,767.62,2602762,0.0
2016-08-01,763.82,765.01,757.02,760.57,2583185,0.0
2016-08-02,757.3,758.89,752.25,754.55,2661597,0.0
2016-08-03,753.7,765,750.35,760.73,2480818,0.0
2016-08-04,764.81,768.47,763.09,765.86,1751573,0.0
2016-08-07,766.81,767,761.015,766.56,1249419,0.0
2016-08-08,767.39,772.6,766.9,768.32,1311812,0.0
2016-08-09,769.8,772.1,766.19,768.44,1139486,0.0
2016-08-10,769.89,773.75,769.12,771.28,1374562,0.0
2016-08-11,768.68,773.15,768.4225,772.56,1023376,0.0
2016-08-14,771.9,772.04,767.71,768.49,1449945,0.0
2016-08-15,768.62,768.7317,763.82,764.04,1021360,0.0
2016-08-16,764.46,765.22,759.199,764.57,1283211,0.0
2016-08-17,764,765.17,760.6,764.28,823670,0.0
2016-08-18,762.62,762.63,756.89,757.11,1658815,0.0
2016-08-21,757.5,759.85,752.1,759.48,1170282,0.0
2016-08-22,763.31,764.7,761,762.44,940889,0.0
2016-08-23,763.16,763.41,755.36,757.55,1179926,0.0
2016-08-24,756,760.56,754.741,759.38,1071989,0.0
2016-08-25,760.05,770,759.795,769.04,1964470,0.0
2016-08-28,768.72,774.98,768.6,771.29,1517560,0.0
2016-08-29,771,771.8358,765.56,767.58,1220116,0.0
2016-08-30,766.6,769.64,764,769.16,1045974,0.0
2016-08-31,770.9,772.04,766.75,770.64,1159384,0.0
2016-09-01,774.46,776,771.7,772.45,1415297,0.0
2016-09-05,774,789.48,770.22,788.86,2601426,0.0
2016-09-06,789.53,790.79,784.33,784.55,1675968,0.0
2016-09-07,783.9,786.5,781.44,784.12,1281636,0.0
2016-09-08,779.54,781,760.11,760.19,2833261,0.0
2016-09-11,757.7,772.66,756,771.51,2111643,0.0
2016-09-12,768.77,771.49,759.05,761.01,2193662,0.0
2016-09-13,762.26,767.5,758.85,761,1720062,0.0
2016-09-14,762,770.87,757.58,769.69,2190421,0.0
2016-09-15,773.11,780.46,771.66,778.52,3144993,0.0
2016-09-18,779.97,781.94,771,775.1,1544655,0.0
2016-09-19,778.57,781.37,776,780.31,1307917,0.0
2016-09-20,782.53,790.69,779.01,789.74,1639838,0.0
2016-09-21,794.93,805.889,794.27,804.53,2900213,0.0
2016-09-22,803.13,807.75,802.12,805.75,1627398,0.0
2016-09-25,801.8,805.93,797.145,799.16,1839330,0.0
2016-09-26,801.85,816.64,801.11,816.14,2565576,0.0
2016-09-27,817.78,830.14,817.0337,828.71,3198836,0.0
2016-09-28,828.26,837.5,824.63,829.05,3711344,0.0
2016-09-29,832.63,839.95,832.4,837.29,2845098,0.0
2016-10-02,836,839.86,831.25,836.9162,1977086,0.0
2016-10-03,840.78,842.365,830.26,834.1,2117398,0.0
2016-10-04,838,845.67,836.12,844.36,2450243,0.0
2016-10-05,843.7,847.21,840.6,841.7,1934471,0.0
2016-10-06,845.77,845.95,837.45,839.41,1766283,0.0
2016-10-09,843.25,845.2,840.27,841.58,1291757,0.0
2016-10-10,840.8,841.29,828.35,830.83,2548107,0.0
2016-10-11,834,837.666,830.1,834.1,1604008,0.0
2016-10-12,829,831.8,821.21,829.46,2125914,0.0
2016-10-13,835.18,835.74,823,823,2117925,0.0
2016-10-16,821.5,822,811.68,812.94,2396628,0.0
2016-10-17,822.11,823.26,815.02,817.64,1770563,0.0
2016-10-18,820.4,820.67,815.17,817.68,1423803,0.0
2016-10-19,813.99,815.71,803.1,810.31,2211660,0.0
2016-10-20,809.36,819.42,809,819,1908120,0.0
2016-10-23,824.95,838.3,822.21,838.09,2831595,0.0
2016-10-24,839.27,843.09,833.22,835.12,2371270,0.0
2016-10-25,833.21,833.44,820,822.57,2828354,0.0
2016-10-26,831.24,831.72,815.43,818.86,4029628,0.0
2016-10-27,782,789.49,774.61,776.3,7291577,0.0
2016-10-30,781.03,793.7,780.11,789.91,3824459,0.0
2016-10-31,798.88,800.84,776.713,785.23,3920928,0.0
2016-11-01,783.93,784.75,763.55,765.55,3453126,0.0
2016-11-02,765.36,777,764,766.83,2874137,0.0
2016-11-03,762.79,766,753.2301,755.12,3795426,0.0
2016-11-06,771.57,787.732,770.94,784.935,4439079,0.0
2016-11-07,784.97,791.7399,779.1,787.76,2455575,0.0
2016-11-08,764.01,777.5,760.09,771.88,6009836,0.0
2016-11-09,778.81,778.83,717.7,742.36,9767306,0.0
2016-11-10,735.73,743.26,728.9,739.01,5128319,0.0
2016-11-13,746.2,746.2,710.1,719.07,5526704,0.0
2016-11-14,730,746.78,725.99,743.32,4972583,0.0
2016-11-15,739.37,749.87,735.61,746.44,2642614,0.0
2016-11-16,749.32,757.5,748,756.4,2675442,0.0
2016-11-17,761,767.74,757.6435,760.17,3132596,0.0
2016-11-20,766,780.35,765.11,780,3273532,0.0
2016-11-21,788.07,792.4,781,785.34,3849178,0.0
2016-11-22,781.74,781.75,773.12,780.12,2503759,0.0
2016-11-24,786.5,786.75,777.9,780.5,1310495,0.0
2016-11-27,776.99,777,764.24,766.84,3077607,0.0
2016-11-28,768,769.89,761.32,762.48,2271947,0.0
2016-11-29,762.34,768.09,750.25,750.59,3133120,0.0
2016-11-30,752.41,753.37,738.03,743.66,3449187,0.0
2016-12-01,743.4,748.4903,736.7,740.34,2597481,0.0
2016-12-04,745,761.49,742,759.36,3124663,0.0
2016-12-05,763.96,768.24,757.25,764.68,2775075,0.0
2016-12-06,764.54,770.42,755.82,770.42,2557823,0.0
2016-12-07,771.87,773.79,765.19,767.28,2323711,0.0
2016-12-08,770,770.25,765.34,768.65,1657222,0.0
2016-12-11,766.4,766.89,757.2,759.8275,2045147,0.0
2016-12-12,764.82,782.46,762,774.33,3928994,0.0
2016-12-13,778.25,780.86,762.81,768.81,3983496,0.0
2016-12-14,766.28,769.1,760.31,760.66,2748417,0.0
2016-12-15,764.09,765.13,754,757.77,3190406,0.0
2016-12-18,758.89,770.5,756.16,766.08,2292405,0.0
2016-12-19,768.65,774.39,767.71,771.21,1894521,0.0
2016-12-20,770,771.22,765.7,770.61,1483756,0.0
2016-12-21,768.13,771.21,763.02,766.26,1722212,0.0
2016-12-22,764.55,766.5,757.99,760.58,1440168,0.0
2016-12-26,763.4,774.65,761.2,771.4,1975531,0.0
2016-12-27,776.25,780,770.5,772.14,2449867,0.0
2016-12-28,772.4,773.4,760.85,765.15,2379201,0.0
2016-12-29,766.47,767.3999,748.28,750.03,2786459,0.0
2017-01-02,757.92,758.7595,747.7,753.66,2511913,0.0
2017-01-03,758.24,759.68,754.2,757.18,1671835,0.0
2017-01-04,761.55,782.3999,760.2557,780.45,4401014,0.0
2017-01-05,782.28,799.44,778.48,795.99,4559445,0.0
2017-01-08,798,801.7742,791.77,796.92,2551340,0.0
2017-01-09,796.6,798,789.5434,795.9,1759185,0.0
2017-01-10,793.66,799.5,789.51,799.01,2103978,0.0
2017-01-11,800.31,814.13,799.5,813.51,3610360,0.0
2017-01-12,814.32,821.65,811.4,817.24,2762463,0.0
2017-01-16,815.7,816,803.44,809.54,2508458,0.0
2017-01-17,809.5,811.73,804.27,807.48,1616748,0.0
2017-01-18,810,813.51,807.32,808.92,1721690,0.0
2017-01-19,815.24,816.02,806.26,808.27,2307710,0.0
2017-01-22,806.8,818.5,805.08,817.9,1836163,0.0
2017-01-23,822,823.99,814.5,822.44,2115119,0.0
2017-01-24,825.79,837.4183,825.288,836.66,2799331,0.0
2017-01-25,835.53,843.84,833,839.13,2564238,0.0
2017-01-26,839,839.7,829.44,835.76,2067364,0.0
2017-01-29,833,833.5,816.38,830.37,2672284,0.0
2017-01-30,823.84,826.99,819.56,823.28,2153806,0.0
2017-01-31,829.21,833.78,824.94,832.27,2720244,0.0
2017-02-01,836.59,842.49,828.26,839.95,4054940,0.0
2017-02-02,806.77,818.3,804,810.08,7601170,0.0
2017-02-05,809.8,810.72,803,807.61,2632498,0.0
2017-02-06,809.31,816.16,807.5,812.45,2563108,0.0
2017-02-07,812.69,821.479,812.5,819.7,1966070,0.0
2017-02-08,821.6,825,819.71,821.27,1648568,0.0
2017-02-09,823.82,828,822.85,827.47,1593192,0.0
2017-02-12,831.62,842.9999,828.55,836.52,3011352,0.0
2017-02-13,837,838.31,831.4522,836.39,1748671,0.0
2017-02-14,834,842.81,832.82,842.72,2087847,0.0
2017-02-15,841.84,845,839.375,844.12,1919618,0.0
2017-02-16,842,847.27,840.73,845.06,2047764,0.0
2017-02-20,848.84,857.98,847.25,856.44,2333692,0.0
2017-02-21,856.95,858.43,852.18,855.6,1801817,0.0
2017-02-22,857.57,860.86,848,852.19,2438281,0.0
2017-02-23,845,845.81,837.7501,845.23,2637694,0.0
2017-02-26,842.38,852.5,839.67,848.64,1855643,0.0
2017-02-27,851.45,854.09,842.05,845.04,1867681,0.0
2017-02-28,853.05,854.83,849.01,853.08,1780613,0.0
2017-03-01,853.08,854.82,847.28,848.87,1466621,0.0
2017-03-02,847.2,851.985,846.27,849.85,1300907,0.0
2017-03-05,845.22,848.49,841.12,846.6,1740504,0.0
2017-03-06,845.48,848.46,843.75,845.93,1553342,0.0
2017-03-07,848,853.07,846.79,850.54,1545310,0.0
2017-03-08,851,856.3999,850.31,853,1354214,0.0
2017-03-09,857,857.35,851.72,852.2,1599284,0.0
2017-03-12,851.77,855.69,851.71,854.5,1258884,0.0
2017-03-13,853.55,853.75,847.55,852.11,1397340,0.0
2017-03-14,854.33,854.45,847.11,852.85,1776158,0.0
2017-03-15,855.3,855.5,850.51,853.37,1250966,0.0
2017-03-16,853.41,853.83,850.64,852.31,2010268,0.0
2017-03-19,851.51,857.8,851.01,856.98,1638685,0.0
2017-03-20,858.84,862.795,841.31,843.19,3163549,0.0
2017-03-21,840.43,849.37,839.05,848.07,1882122,0.0
2017-03-22,848.2,850.89,844.8,847.56,1171566,0.0
2017-03-23,851.67,851.8,843.53,845.61,1461472,0.0
2017-03-26,838.07,850.3,833.5,846.83,1941719,0.0
2017-03-27,851.06,858.46,850.1,856,1977150,0.0
2017-03-28,859.9,876.438,859.02,874.32,3049753,0.0
2017-03-29,874.95,877.06,871.66,876.35,2005310,0.0
2017-03-30,877,890.35,876.65,886.55,2699276,0.0
2017-04-02,888,893.49,885.42,891.52,2405436,0.0
2017-04-03,891.5,908.5384,890.28,906.86,3761710,0.0
2017-04-04,910.82,923.72,905.62,909.33,5584864,0.0
2017-04-05,913.83,917.1899,894.4927,898.28,4722443,0.0
2017-04-06,899.65,900.09,889.31,894.88,2779808,0.0
2017-04-09,899.63,908.51,899,907.04,2181323,0.0
2017-04-10,907.04,911.24,897.5,902.66,2174031,0.0
2017-04-11,903.09,904.09,895.2501,896.3,1774316,0.0
2017-04-12,891.45,894.97,884.49,884.67,2297279,0.0
2017-04-16,887.5,902.38,887.5,902.02,1922025,0.0
2017-04-17,900.99,909.61,900.78,903.76,2023530,0.0
2017-04-18,907.84,910.5,897.369,899.03,1990727,0.0
2017-04-19,899.7,905.32,896.29,902.06,1929509,0.0
2017-04-20,902.67,903.65,896.77,898.53,1689221,0.0
2017-04-23,908.68,909.99,903.82,907.35,2196873,0.0
2017-04-24,907.01,909.48,903,907.63,2362488,0.0
2017-04-25,910.3,915.749,907.56,909.28,1814288,0.0
2017-04-26,914.19,921.86,912.11,919,3033127,0.0
2017-04-27,949.1,949.59,924.3335,925,5248508,0.0
2017-04-30,927.8,954.4,927.8,948.43,3909398,0.0
2017-05-01,946.75,950.1,941.413,946.94,2675890,0.0
2017-05-02,946,946,935.9,941.02,2564531,0.0
2017-05-03,944.31,945,934.215,937.53,1588774,0.0
2017-05-04,940.65,940.79,930.3,934.15,1888691,0.0
2017-05-07,940.83,949.05,939.21,949.02,2379840,0.0
2017-05-08,952.8,957.89,950.2,952.8,2087815,0.0
2017-05-09,953.5,953.7499,945,948.95,1315519,0.0
2017-05-10,945.11,950.29,940.775,947.61,1372186,0.0
2017-05-11,953.46,962.79,951.53,961.63,2506691,0.0
2017-05-14,958.73,963.15,956.055,958.3,3002809,0.0
2017-05-15,961,970.06,960.91,966.08,2096564,0.0
2017-05-16,954.12,960.3957,944.12,944.89,3377202,0.0
2017-05-17,944.81,962.75,944.76,958.55,2663662,0.0
2017-05-18,962.84,968.92,959.72,960,2603472,0.0
2017-05-21,964,971.38,962.9,970.68,1808552,0.0
2017-05-22,975.02,975.2,966.85,971.54,1666151,0.0
2017-05-23,976,981,970.23,980.35,1580606,0.0
2017-05-24,984.85,999,982.11,993.39,3354037,0.0
2017-05-25,995,998.65,989.2491,995.76,2507406,0.0
2017-05-29,996.63,1001.2,995.52,996.76,2155705,0.0
2017-05-30,1000,1000.12,982.16,994.63,2527426,0.0
2017-05-31,998.59,998.99,991.37,996.92,1662729,0.0
2017-06-01,998.99,1008.48,995.67,1006.78,2638959,0.0
2017-06-04,1007.22,1013.21,1003.51,1011.17,1860939,0.0
2017-06-05,1011.84,1016.5,1001.25,1003,2264501,0.0
2017-06-06,1005.95,1010.25,1002,1010.08,1909870,0.0
2017-06-07,1012.06,1013.61,1006.11,1010.39,1825291,0.0
2017-06-08,1012.49,1012.99,927,977.27,5238664,0.0
2017-06-11,967.3,975.95,945,964.92,6801192,0.0
2017-06-12,977.99,984.5,966.1,980.8,3123922,0.0
2017-06-13,988.58,990.34,966.71,976.2,2767394,0.0
2017-06-14,955.42,965.73,950.86,964,3820995,0.0
2017-06-15,996,999.75,982,987.61,7787451,0.0
2017-06-18,1017,1017,989.9,995.13,3355328,0.0
2017-06-19,998,1004.88,992.02,992.58,2947920,0.0
2017-06-20,998.7,1002.72,992.6518,1001.79,2009224,0.0
2017-06-21,1002.23,1006.96,997.2,1001.39,1529883,0.0
2017-06-22,1002.23,1004.62,998.02,1003.74,1567841,0.0
2017-06-25,1008.5,1009.8,992,993.99,2296456,0.0
2017-06-26,990.69,998.8,976,977.41,2547606,0.0
2017-06-27,978.95,990.68,969.21,990.03,2503993,0.0
2017-06-28,980.01,987.56,965.25,975.91,2848218,0.0
2017-06-29,980.12,983.47,967.61,968,2236282,0.0
2017-07-02,972.49,974.49,951.0001,953.66,1945386,0.0
2017-07-04,961.08,975,955.25,971.2,2478784,0.0
2017-07-05,964.66,974.4,959.02,965.14,2217027,0.0
2017-07-06,969.55,980.11,969.14,978.66,1722727,0.0
2017-07-09,985,999.4392,983.5,996.33,2299259,0.0
2017-07-10,993.45,995.99,983.72,994.1,2000212,0.0
2017-07-11,1000.65,1008.55,998.1,1006.5,2395069,0.0
2017-07-12,1004.41,1006.88,995.9,999.84,1864677,0.0
2017-07-13,1002.4,1004.45,996.89,1001.9,1343268,0.0
2017-07-16,1004.69,1014.75,1003.81,1010.05,2280859,0.0
2017-07-17,1006,1026.03,1004,1024.3,2734515,0.0
2017-07-18,1025,1031.59,1022.5,1026.88,2021577,0.0
2017-07-19,1031.59,1034.97,1022.52,1029.2,1927938,0.0
2017-07-20,1021.94,1026.1,1011,1024.93,1692818,0.0
2017-07-23,1028.34,1043.01,1027.43,1038.48,1966399,0.0
2017-07-24,1038.05,1043.33,1032.48,1040.13,1492387,0.0
2017-07-25,1043.2,1053.2,1043.2,1053.2,1799775,0.0
2017-07-26,1069.73,1083.31,1040.18,1044.98,6666213,0.0
2017-07-27,1011.9,1032.85,1001,1020.01,4902480,0.0
2017-07-30,1019.05,1019.05,987.02,987.5,4890526,0.0
2017-07-31,996.11,1006.4,991.58,996.19,2947414,0.0
2017-08-01,1001.77,1003.21,981.73,995.32,2717447,0.0
2017-08-02,999.47,999.5,984.59,987.1407,2108352,0.0
2017-08-03,989.68,991.672,982,987.41,1850318,0.0
2017-08-06,990.65,995,987.14,991.8,1753891,0.0
2017-08-07,994.35,996.28,985.79,989.78,1884247,0.0
2017-08-08,982.6,988,975.27,982.22,2275484,0.0
2017-08-09,976.295,979.86,954.68,956.54,3704269,0.0
2017-08-10,960.07,970.39,951.38,968.2,2242880,0.0
2017-08-13,978.42,985.5,976.19,983.25,2075824,0.0
2017-08-14,988.9,991.74,982,982.68,1722131,0.0
2017-08-15,981.65,986.4605,973.22,978.02,1910049,0.0
2017-08-16,977.84,977.84,960.32,960.57,2220614,0.0
2017-08-17,961.4,965.43,954.65,958.61,2125307,0.0
2017-08-20,957.57,961.2,945.46,952.73,1878398,0.0
2017-08-21,956.1,967.93,955.52,966.77,1759190,0.0
2017-08-22,959.38,962,954.2,957.56,1579719,0.0
2017-08-23,957.42,959,941.14,952.52,3349983,0.0
2017-08-24,956,957.621,944.1,945,2092775,0.0
2017-08-27,946.54,953,942.25,945.999,1500476,0.0
2017-08-28,940,956,936.33,954.06,1734857,0.0
2017-08-29,958.44,969.41,956.9062,967.56,1721717,0.0
2017-08-30,974.7,981,972.76,980.66,1846384,0.0
2017-08-31,984.2,984.5,976.875,978.27,1445977,0.0
2017-09-04,975.4,976.7699,960.37,965.24,1812302,0.0
2017-09-05,968.32,971.84,960.6,967.95,1368442,0.0
2017-09-06,974,980.59,972.55,979.581,1614977,0.0
2017-09-07,979.1,979.88,963.47,965.8,1626018,0.0
2017-09-10,974.46,981.94,974.22,977.96,1310555,0.0
2017-09-11,983.27,984.6718,975.517,982.57,1634628,0.0
2017-09-12,982.5,1000,979.42,999.6,2161363,0.0
2017-09-13,996.8,998.56,987.74,992.2,2436115,0.0
2017-09-14,991.87,996.25,984.03,986.95,2333751,0.0
2017-09-17,990.4,992.7922,968.17,973.56,2195068,0.0
2017-09-18,977.25,978.24,967.46,969.19,1644709,0.0
2017-09-19,971.79,974.81,962.1626,973.1,1867937,0.0
2017-09-20,971.31,971.7,962.02,964.82,1452896,0.0
2017-09-21,961.01,965.61,954.42,954.63,1716221,0.0
2017-09-24,949.31,949.42,932.89,939.77,3240262,0.0
2017-09-25,945.49,948.63,931.75,938.59,2228906,0.0
2017-09-26,948,955.3,943.3,950.88,2037736,0.0
2017-09-27,951.11,959.7,950.101,956.4,1616773,0.0
2017-09-28,959.7,964.83,958.375,960.49,1494020,0.0
2017-10-01,964,967.305,952.1201,958.79,1609482,0.0
2017-10-02,958,963.69,950.37,957.06,1782776,0.0
2017-10-03,954.21,967.79,954.05,965.47,1635270,0.0
2017-10-04,970,981.51,969.64,981.14,2022845,0.0
2017-10-05,975.64,995.75,975.64,989.51,2658320,0.0
2017-10-08,993.24,998.5,987.5,990.99,2022729,0.0
2017-10-09,996.67,997.95,980.099,987.2,2192199,0.0
2017-10-10,991.27,995.5,986.695,995,1560726,0.0
2017-10-11,996.85,1008.44,992.4,1001.07,2802467,0.0
2017-10-12,1007,1007.77,1001.03,1003.44,1584992,0.0
2017-10-15,1008.8,1009.57,1001.04,1006.34,1357666,0.0
2017-10-16,1005.59,1011.47,1004.38,1008.99,1487100,0.0
2017-10-17,1009.27,1022.31,996.55,996.99,1714126,0.0
2017-10-18,990.33,991.05,980.24,986.6,1963364,0.0
2017-10-19,993.53,994.62,982,982.91,1406057,0.0
2017-10-22,986.73,986.775,962.5,966.34,2341953,0.0
2017-10-23,969,979.85,965,976,1744834,0.0
2017-10-24,978,984.44,966.24,972.91,2001000,0.0
2017-10-25,980.33,982.9,968.55,972.54,2373669,0.0
2017-10-26,1057.03,1105.58,1050.55,1100.99,11137045,0.0
2017-10-29,1095.42,1122.79,1093.56,1110.85,4459741,0.0
2017-10-30,1109,1110.54,1101.12,1105.67,2289196,0.0
2017-10-31,1105.4,1108.97,1096.74,1103.5,2493594,0.0
2017-11-01,1097.81,1101.94,1086.87,1094,2529218,0.0
2017-11-02,1090.7,1112.68,1088.52,1111.55,2480553,0.0
2017-11-05,1109.15,1125.41,1108.77,1120.46,2163474,0.0
2017-11-06,1124.74,1130.6,1117.5,1123.14,1781040,0.0
2017-11-07,1122.23,1135.54,1119.11,1132.86,1687417,0.0
2017-11-08,1127.41,1129.62,1115.77,1129,2301337,0.0
2017-11-09,1125.5,1131.75,1124.06,1125.34,1384133,0.0
2017-11-12,1123,1139.9,1122.34,1129.21,1977018,0.0
2017-11-13,1130.11,1138,1123.89,1136.84,2112409,0.0
2017-11-14,1127.01,1131.75,1121.63,1127.09,2684046,0.0
2017-11-15,1130.16,1138.16,1130.05,1136.95,1371136,0.0
2017-11-16,1138.26,1138.8,1125.81,1129.87,1488470,0.0
2017-11-19,1129.77,1133.42,1122.55,1126.56,1312262,0.0
2017-11-20,1132.59,1140,1128.2,1139.58,1519825,0.0
2017-11-21,1141,1160.27,1141,1156.16,2438232,0.0
2017-11-23,1160.7,1186.84,1160.7,1186.41,2303646,0.0
2017-11-26,1202.66,1213.41,1191.15,1195.62,4493368,0.0
2017-11-27,1204.6,1205.34,1188.52,1193.6,2980162,0.0
2017-11-28,1194.8,1194.8,1145.19,1161.21,6484713,0.0
2017-11-29,1167.1,1178.57,1160,1176.59,2669924,0.0
2017-11-30,1172.05,1179.65,1152,1161.83,2674294,0.0
2017-12-03,1173.85,1175.2,1128,1133.95,4091385,0.0
2017-12-04,1128.25,1159.27,1124.74,1141.58,2793610,0.0
2017-12-05,1138.58,1155.89,1136.08,1152.94,1827873,0.0
2017-12-06,1156.59,1163.19,1151,1160,1593509,0.0
2017-12-07,1170.4,1172.79,1157.1,1161.99,1901497,0.0
2017-12-10,1164.6,1169.9,1157,1169.15,1434643,0.0
2017-12-11,1166.51,1173.6,1161.61,1165.56,1418735,0.0
2017-12-12,1170,1170.87,1160.27,1164.48,1588655,0.0
2017-12-13,1163.71,1177.93,1162.45,1175.06,2069320,0.0
2017-12-14,1177.85,1182.75,1169.33,1178.98,2640567,0.0
2017-12-17,1187.37,1194.78,1180.91,1190.8,1774701,0.0
2017-12-18,1189.15,1192.97,1179.14,1187.43,1615743,0.0
2017-12-19,1190.8,1191,1176,1177.29,1396963,0.0
2017-12-20,1175.9,1179.17,1167.64,1174.87,1274624,0.0
2017-12-21,1172.08,1174.62,1167.83,1168.33,991630,0.0
2017-12-25,1168.94,1178.32,1160.55,1176.94,1310412,0.0
2017-12-26,1180.74,1187.29,1175.61,1181.81,1168757,0.0
2017-12-27,1189,1190.1,1184.38,1185.99,1170447,0.0
2017-12-28,1182.35,1184,1167.5,1169.54,1471584,0.0
2018-01-01,1172,1190,1170.51,1189,1615329,0.0
2018-01-02,1188.3,1205.49,1188.3,1202.74,1979510,0.0
2018-01-03,1207.52,1215.87,1204.66,1209.64,1918318,0.0
2018-01-04,1217.51,1229.14,1210,1229.07,2134446,0.0
2018-01-07,1236,1253.08,1232.03,1246.95,2621390,0.0
2018-01-08,1256.9,1259.33,1241.76,1253.12,2333547,0.0
2018-01-09,1245.15,1254.29,1237.23,1254.29,1713349,0.0
2018-01-10,1259.74,1276.77,1256.46,1276.77,2083299,0.0
2018-01-11,1274.96,1305.76,1273.39,1305.2,3514773,0.0
2018-01-15,1322.5,1339.94,1292.3,1305.16,4832848,0.0
2018-01-16,1312.24,1314,1280.88,1295,3480712,0.0
2018-01-17,1293.95,1304.6,1284.02,1293.22,2633180,0.0
2018-01-18,1309.79,1313,1292.99,1294.58,2811549,0.0
2018-01-21,1297.17,1327.45,1296.66,1327.45,2465047,0.0
2018-01-22,1337.28,1364.9,1337.28,1363.05,3025423,0.0
2018-01-23,1374.82,1388.16,1338,1357.51,4349398,0.0
2018-01-24,1368,1378.34,1357.62,1377.31,3087991,0.0
2018-01-25,1392.01,1402.53,1380.91,1401.19,2737778,0.0
2018-01-28,1409.18,1431.39,1400.44,1417.68,3468500,0.0
2018-01-29,1403.5,1439.25,1392,1438.19,3612579,0.0
2018-01-30,1451.3,1472.58,1450.04,1451.39,3921711,0.0
2018-01-31,1445,1459.88,1385.14,1388.71,4839431,0.0
2018-02-01,1477.36,1498,1414,1429.87,7078215,0.0
2018-02-04,1402.62,1458.98,1320.72,1390,7078423,0.0
2018-02-05,1361.46,1443.99,1351.79,1442.84,6700703,0.0
2018-02-06,1449,1460.99,1415.15,1415.15,4375563,0.0
2018-02-07,1429.68,1433.75,1349.94,1350.51,4962868,0.0
2018-02-08,1373.49,1383.5,1265.93,1339.34,8710179,0.0
2018-02-11,1364.84,1393.81,1344.01,1386.97,3814015,0.0
2018-02-12,1385.93,1419.72,1383.53,1413.66,3587646,0.0
2018-02-13,1406.25,1452.06,1403.36,1451.08,3552753,0.0
2018-02-14,1466.89,1468.94,1436.84,1461.76,3511847,0.0
2018-02-15,1457.73,1465.8,1446.56,1448.59,2737266,0.0
2018-02-19,1446.49,1488.77,1446.49,1468.36,4199728,0.0
2018-02-20,1485,1503.49,1478.92,1482.92,3940322,0.0
2018-02-21,1495.36,1502.54,1475.76,1484.59,2927702,0.0
2018-02-22,1495.34,1500,1486.5,1500,2690910,0.0
2018-02-25,1509.53,1522.84,1507,1521.95,3078221,0.0
2018-02-26,1524.5,1526.78,1507.21,1512,2975564,0.0
2018-02-27,1519.51,1528.7,1512,1512.45,2405255,0.0
2018-02-28,1513.6,1518.49,1465,1492,4199300,0.0
2018-03-01,1469.5,1501.05,1455.01,1500.21,4342869,0.0
2018-03-04,1494.24,1525,1481,1523.61,3246807,0.0
2018-03-05,1533.2,1542.13,1528,1537.18,2751784,0.0
2018-03-06,1527.14,1545.9,1522.51,1544.9,2365056,0.0
2018-03-07,1550,1554.88,1545.25,1551.67,2179979,0.0
2018-03-08,1563.5,1578.94,1559.08,1578.94,2697253,0.0
2018-03-11,1592.6,1605.33,1586.7,1598.5,3020013,0.0
2018-03-12,1615.96,1617.54,1578.01,1588.13,4065395,0.0
2018-03-13,1597,1606.44,1590.89,1591,2613321,0.0
2018-03-14,1595,1596.91,1578.11,1582.75,2606400,0.0
2018-03-15,1583.15,1589.44,1567.54,1571.69,2857100,0.0
2018-03-18,1554.53,1561.66,1525.35,1545.58,3884291,0.0
2018-03-19,1548.4,1587,1545.41,1586.52,2782441,0.0
2018-03-20,1586.45,1590,1563.17,1582.93,3029009,0.0
2018-03-21,1565.47,1573.85,1542.4,1544.92,3566700,0.0
2018-03-22,1539.01,1549.02,1495.36,1495.55,4669265,0.0
2018-03-25,1530,1556.99,1499.25,1555.87,3216498,0.0
2018-03-26,1572.15,1575.97,1482.32,1497.12,4066382,0.0
2018-03-27,1452,1455.9,1386.17,1429.19,8194083,0.0
2018-03-28,1407,1455.47,1365.2,1445.96,7667686,0.0
2018-04-01,1417.62,1421.36,1355,1371.92,6028133,0.0
2018-04-02,1390.61,1414,1355.33,1392.05,6426994,0.0
2018-04-03,1358.23,1415.39,1352.88,1410.58,4230642,0.0
2018-04-04,1442,1459.56,1427.07,1451.75,3739195,0.0
2018-04-05,1429.97,1452.5,1400.26,1405.21,3449309,0.0
2018-04-08,1425.03,1438.48,1402.57,1405.91,2418160,0.0
2018-04-09,1431.99,1438.38,1415.7,1436.26,2382932,0.0
2018-04-10,1439.44,1448.78,1424.89,1427.29,2057440,0.0
2018-04-11,1439.5,1452.12,1435.06,1448.48,1902684,0.0
2018-04-12,1449.14,1459.78,1424.52,1431.11,2128378,0.0
2018-04-15,1445,1447,1427.48,1440.63,1659342,0.0
2018-04-16,1462.05,1507.19,1457.02,1503.63,3181990,0.0
2018-04-17,1514.65,1533.8,1504.11,1527.85,3121119,0.0
2018-04-18,1543.19,1568.6,1539.06,1556.73,3739164,0.0
2018-04-19,1561.2,1561.2,1516.09,1527.5,3595146,0.0
2018-04-22,1546.69,1548,1503.41,1517.85,2789436,0.0
2018-04-23,1534.99,1539.5,1448.45,1460.61,4937616,0.0
2018-04-24,1458,1469.99,1415.02,1461.74,4135077,0.0
2018-04-25,1485.01,1529.42,1478.5,1519.28,3917941,0.0
2018-04-26,1634.01,1638.1,1517.96,1572.76,7693103,0.0
2018-04-29,1582.5,1596,1560.94,1566.13,3057792,0.0
2018-04-30,1563.22,1585,1552.18,1582.26,2740225,0.0
2018-05-01,1580.8,1588.5,1566.36,1570.53,2612708,0.0
2018-05-02,1560.01,1574.8,1546.02,1570.8,2502792,0.0
2018-05-03,1563,1584.9,1562.19,1580.99,2028511,0.0
2018-05-06,1589.34,1606.95,1587.83,1599.86,2292382,0.0
2018-05-07,1595,1596.88,1582.51,1592.39,1790219,0.0
2018-05-08,1600,1607,1592,1606.87,2115115,0.0
2018-05-09,1608.48,1615.6,1603.44,1609.42,1653857,0.0
2018-05-10,1610.99,1611.1,1597.89,1603.32,1222766,0.0
2018-05-13,1603.2,1611.18,1600.05,1602,1401201,0.0
2018-05-14,1587.8,1587.8,1565.22,1576.5,3010250,0.0
2018-05-15,1577.5,1594.43,1576.67,1587.75,1543344,0.0
2018-05-16,1580.44,1594.04,1573,1581.37,1269222,0.0
2018-05-17,1580.96,1583.59,1572.1,1574.5,1371161,0.0
2018-05-20,1585,1592.05,1575,1585.66,1534343,0.0
2018-05-21,1589.89,1589.89,1575.25,1581.39,1010797,0.0
2018-05-22,1571.05,1601.86,1566.34,1601.86,1782613,0.0
2018-05-23,1598.03,1608.24,1588.38,1603.48,1949555,0.0
2018-05-24,1603,1614.12,1600.45,1609.62,1410804,0.0
2018-05-28,1600.71,1621.79,1600.15,1612.88,2248254,0.0
2018-05-29,1617.01,1626,1612.93,1625.87,1721704,0.0
2018-05-30,1623,1635,1621.35,1630.14,1798032,0.0
2018-05-31,1637.03,1646.73,1635.09,1642.91,1920028,0.0
2018-06-03,1648,1665.68,1645.49,1665.4,1802433,0.0
2018-06-04,1672.99,1699,1670.06,1696.48,2793926,0.0
2018-06-05,1704.51,1714.5,1686.47,1697.78,3317487,0.0
2018-06-06,1698.56,1699.9,1676.11,1689.27,2237154,0.0
2018-06-07,1681.77,1689.44,1673.01,1682.52,1663830,0.0
2018-06-10,1681.51,1694.24,1680.59,1689.62,1336069,0.0
2018-06-11,1691,1699.51,1691,1698.73,1280021,0.0
2018-06-12,1702.81,1713.75,1700.12,1704.81,1956515,0.0
2018-06-13,1712.71,1724.8,1708.87,1723.75,1805126,0.0
2018-06-14,1714,1720.87,1708.52,1716.26,2480829,0.0
2018-06-17,1704.1,1726.74,1702.56,1724.83,1693892,0.0
2018-06-18,1709.04,1736.11,1700.39,1736.01,2278942,0.0
2018-06-19,1742.5,1762.93,1741.36,1750.07,2522375,0.0
2018-06-20,1759.45,1763.95,1717.56,1730.2,2933793,0.0
2018-06-21,1742.63,1743,1711.9,1715.06,2164388,0.0
2018-06-24,1702.25,1705,1646.31,1663.17,4160997,0.0
2018-06-25,1672.37,1701.57,1663.34,1691.19,2360197,0.0
2018-06-26,1708.11,1711.95,1660,1660,2563988,0.0
2018-06-27,1671.51,1705.5,1661.17,1701.5,2616338,0.0
2018-06-28,1717,1723.41,1694.32,1699.67,2474322,0.0
2018-07-01,1682.7,1713.89,1678.06,1713.75,1844773,0.0
2018-07-02,1723.96,1725,1692.48,1694.88,1224968,0.0
2018-07-04,1706.05,1710.69,1682.15,1699.56,1756136,0.0
2018-07-05,1698.01,1715.27,1691.67,1711.01,1379167,0.0
2018-07-08,1723.76,1739.56,1716.23,1739.03,1575436,0.0
2018-07-09,1738.28,1750,1731,1743.35,1701145,0.0
2018-07-10,1737.35,1756.96,1734,1755.53,1707927,0.0
2018-07-11,1764.95,1798,1762.18,1796.6,2695856,0.0
2018-07-12,1803.93,1815.3,1795.23,1813.2,2518905,0.0
2018-07-15,1822.08,1841.95,1814.45,1822.49,3262549,0.0
2018-07-16,1811.56,1851.69,1797.38,1844,3401698,0.0
2018-07-17,1848.01,1858.88,1831.27,1842.47,2801302,0.0
2018-07-18,1829.46,1841,1811.27,1813.68,2546481,0.0
2018-07-19,1824.25,1834.84,1810.06,1813.68,2139385,0.0
2018-07-22,1815,1819,1769.99,1802,2107001,0.0
2018-07-23,1830.73,1840,1809.38,1829.28,2324523,0.0
2018-07-24,1829.3,1863.84,1822.64,1863.8,3333152,0.0
2018-07-25,1839,1844.68,1804.5,1805.22,5681651,0.0
2018-07-26,1876.05,1880.05,1806.53,1817.99,8768534,0.0
2018-07-29,1827.33,1829.5,1766.02,1779.28,5352547,0.0
2018-07-30,1786.49,1801.83,1739.32,1777.41,5382278,0.0
2018-07-31,1784,1798.4365,1776.02,1797.05,3885543,0.0
2018-08-01,1788.77,1836.56,1786,1834.21,3880943,0.0
2018-08-02,1838.78,1841,1821.501,1822.93,2389567,0.0
2018-08-05,1825.81,1847.77,1818.92,1847.68,2480210,0.0
2018-08-06,1854.53,1869.72,1846.27,1862.7,2596829,0.0
2018-08-07,1861,1891.51,1854.5,1886.52,3631508,0.0
2018-08-08,1882.38,1914.57,1877.48,1898.13,3755811,0.0
2018-08-09,1888.51,1899.5,1878.2125,1886,2710068,0.0
2018-08-12,1898.5,1925,1893.67,1895.65,4399293,0.0
2018-08-13,1919.39,1921.01,1900,1919.86,3654984,0.0
2018-08-14,1909.55,1916.21,1869.79,1882.37,7188924,0.0
2018-08-15,1903.94,1905.0499,1883.5525,1887.47,3621475,0.0
2018-08-16,1885.8,1888,1855.55,1882.22,3201138,0.0
2018-08-19,1890.57,1891.7465,1866.061,1877.24,2722850,0.0
2018-08-20,1880,1897.75,1874.405,1883.64,2861300,0.0
2018-08-21,1876.64,1905.8,1876.64,1905.45,2945031,0.0
2018-08-22,1907.17,1919.5,1900.76,1902.8,2409406,0.0
2018-08-23,1910.51,1916.01,1902.54,1905.43,2488959,0.0
2018-08-26,1915,1927.7,1906.01,1927.62,3336319,0.0
2018-08-27,1937.73,1941.7771,1928.82,1933,2842250,0.0
2018-08-28,1953.45,1998.69,1948.94,1998.38,6159931,0.0
2018-08-29,1997.42,2025.57,1986.9,2002.22,7007660,0.0
2018-08-30,2005.01,2022.38,2004.74,2013.83,2830739,0.0
2018-09-03,2026.5,2050.5,2013,2039.58,4420050,0.0
2018-09-04,2038.11,2040.38,1989.89,1995,4249859,0.0
2018-09-05,2006.505,2007.5,1935.21,1958.365,5614278,0.0
2018-09-06,1938.71,1975.2,1937.35,1952.2,3472937,0.0
2018-09-09,1970.43,1973.04,1931.5157,1941.81,3100576,0.0
2018-09-10,1928.27,1988.88,1917,1987.61,2715087,0.0
2018-09-11,1994,2000,1962.44,1990.07,2985582,0.0
2018-09-12,2000,2008.76,1982.0277,1990,3280352,0.0
2018-09-13,1991.75,1993,1959.22,1970.19,3440333,0.0
2018-09-16,1952.865,1956.82,1887.41,1908.03,6821963,0.0
2018-09-17,1917.5,1958.2,1916.01,1941.59,3024558,0.0
2018-09-18,1940.5,1940.83,1904.9,1926.28,2180429,0.0
2018-09-19,1943.1663,1955,1932.25,1944.3,2921514,0.0
2018-09-20,1953.51,1957.31,1910.5011,1915.01,5370017,0.0
2018-09-23,1898.59,1936.88,1865,1934.35,3642637,0.0
2018-09-24,1942.9,1975.91,1938.85,1974.55,2766623,0.0
2018-09-25,1968.3,1995.25,1961.52,1974.85,3223351,0.0
2018-09-26,1989.6,2016.1564,1989.5,2012.98,4055435,0.0
2018-09-27,2009.6628,2026.52,1996.4648,2002.57,3243297,0.0
2018-09-30,2021,2033.19,2003.6,2004.36,2232245,0.0
2018-10-01,2000.6014,2013.39,1965.77,1970,4012791,0.0
2018-10-02,1981.69,1989.7,1949.81,1952.76,4713942,0.0
2018-10-03,1949,1956,1896.57,1910.32,5137287,0.0
2018-10-04,1917.99,1929.08,1862.83,1889.58,5545721,0.0
2018-10-07,1870.585,1901.9962,1830.6627,1864.42,7061322,0.0
2018-10-08,1861,1896.6759,1852.32,1870.32,4496453,0.0
2018-10-09,1855.5332,1857,1754.41,1755.25,10503319,0.0
2018-10-10,1725.01,1754,1685.1,1719.36,11936763,0.0
2018-10-11,1795.905,1806.26,1742.53,1788.61,6314157,0.0
2018-10-14,1793.4,1794.8438,1734.23,1760.95,5859434,0.0
2018-10-15,1783.5,1823.88,1761.55,1820.15,5481724,0.0
2018-10-16,1832.03,1837.9916,1807,1831.73,4860411,0.0
2018-10-17,1819.738,1830.15,1767.87,1770.72,5609484,0.0
2018-10-18,1785,1809.1,1753,1764.03,6486965,0.0
2018-10-21,1784,1809.4999,1756,1789.005,4236373,0.0
2018-10-22,1742.24,1776.34,1714,1768.25,4808949,0.0
2018-10-23,1773.7,1777.71,1656.56,1659.63,5002212,0.0
2018-10-24,1703.34,1794.81,1692.0101,1782,8085683,0.0
2018-10-25,1649.59,1698.46,1603,1638.28,11006965,0.0
2018-10-28,1659.795,1665.7383,1495,1538.6078,10690836,0.0
2018-10-29,1481.58,1540.99,1476.36,1530.42,9332567,0.0
2018-10-30,1569.11,1623.91,1565.09,1599.19,4602373,0.0
2018-10-31,1623.53,1670.4465,1598.44,1665.86,7682121,0.0
2018-11-01,1678.59,1697.44,1651.83,1665.58,6221611,0.0
2018-11-04,1657.57,1658.09,1596.36,1627.45,5231856,0.0
2018-11-05,1618.35,1665,1614.55,1642.86,4000487,0.0
2018-11-06,1673,1759.23,1664.075,1757.36,7606948,0.0
2018-11-07,1752.89,1784,1725.11,1754.95,3299391,0.0
2018-11-08,1735.12,1743.9207,1701.87,1712.03,2962981,0.0
2018-11-11,1699.67,1708.55,1630.01,1636.79,3229882,0.0
2018-11-12,1649.29,1677.0638,1613.75,1631.445,2901917,0.0
2018-11-13,1656.32,1672.9952,1597.07,1600.1,6052227,0.0
2018-11-14,1581.01,1624.82,1546.51,1620,7969198,0.0
2018-11-15,1587.5,1614.48,1573.12,1593.59,5789575,0.0
2018-11-18,1577.01,1581.19,1503.36,1512.7,7408605,0.0
2018-11-19,1437.5,1534.75,1420,1495.46,10400723,0.0
2018-11-20,1542.99,1550,1516.2,1516.4,5464027,0.0
2018-11-22,1517,1536.2,1501.81,1502.08,2508385,0.0
2018-11-25,1539,1584.81,1524.22,1581.33,5901415,0.0
2018-11-26,1575.99,1597.65,1558.01,1582,5417385,0.0
2018-11-27,1613.92,1681.45,1601.215,1677.46,7904444,0.0
2018-11-28,1674.99,1692.37,1652.331,1672.94,6312746,0.0
2018-11-29,1679.5,1696,1666.5,1691.55,5186801,0.0
2018-12-02,1769.46,1778.34,1730,1772.9,6403320,0.0
2018-12-03,1756,1770.3383,1665.404,1668.64,8090560,0.0
2018-12-05,1614.87,1700,1609.85,1700,8247065,0.0
2018-12-06,1705.07,1718.9261,1625.46,1629.11,7080944,0.0
2018-12-09,1623.84,1657.99,1590.87,1641.2,7179113,0.0
2018-12-10,1678,1679.4684,1619.6,1643.4,5802900,0.0
2018-12-11,1669,1704.99,1660.27,1663.13,6044555,0.0
2018-12-12,1680,1692.12,1641.5,1659.74,4979728,0.0
2018-12-13,1638,1642.57,1585,1591.92,5752043,0.0
2018-12-16,1566,1576.13,1505.01,1519.75,8117515,0.0
2018-12-17,1540,1567.55,1523.01,1551.11,6143530,0.0
2018-12-18,1543.05,1584.53,1483.18,1494.83,7903568,0.0
2018-12-19,1484,1509.5,1432.69,1460.83,9314198,0.0
2018-12-20,1464.99,1480,1363.96,1376.73,12453718,0.0
2018-12-23,1346,1396.03,1307,1342.91,6958691,0.0
2018-12-25,1368.89,1473.1567,1363.01,1470.81,9884789,0.0
2018-12-26,1454.2,1469,1390.31,1462,9157443,0.0
2018-12-27,1473.35,1513.47,1449,1475.18,8215424,0.0
2018-12-30,1510.8,1520.76,1487,1492.38,6215958,0.0
2019-01-01,1465.2,1553.36,1460.93,1536.73,7132821,0.0
2019-01-02,1520.01,1538,1498.1062,1502.07,6340704,0.0
2019-01-03,1530,1594,1518.31,1574.54,8285596,0.0
2019-01-06,1602.31,1634.56,1589.185,1631.12,7252880,0.0
2019-01-07,1664.69,1676.61,1616.61,1655.835,8184304,0.0
2019-01-08,1652.98,1667.799,1641.3953,1657.59,5718583,0.0
2019-01-09,1643.07,1663.25,1621.615,1655.5,6024209,0.0
2019-01-10,1640.55,1660.294,1636.22,1639.66,4171157,0.0
2019-01-13,1615,1648.2,1595.15,1619.8767,5255053,0.0
2019-01-14,1632,1672.97,1626.01,1672.75,5504935,0.0
2019-01-15,1684.22,1705,1675.8787,1681.9703,5690955,0.0
2019-01-16,1681.46,1700.17,1677.5,1691.37,3801991,0.0
2019-01-17,1712,1716.2,1691.54,1693.2421,5590622,0.0
2019-01-21,1681,1681.8668,1610.2,1628.398,5768384,0.0
2019-01-22,1655.99,1657.43,1612,1636.55,4758701,0.0
2019-01-23,1641.07,1657.2572,1631.7847,1654.97,3419975,0.0
2019-01-24,1670,1683.48,1661.6122,1668.6,4248850,0.0
2019-01-27,1644.62,1645,1614.09,1636.185,4294355,0.0
2019-01-28,1631.27,1632.38,1590.72,1592.73,4087240,0.0
2019-01-29,1622.09,1676.95,1619.68,1670.2312,4779035,0.0
2019-01-30,1691.87,1736.411,1679.0822,1720.41,7804004,0.0
2019-01-31,1637.8,1673.06,1622.01,1623.8,10364406,0.0
2019-02-03,1623,1649.63,1613.5,1630.5,4434619,0.0
2019-02-04,1643.34,1665.26,1642.5,1656.87,3853990,0.0
2019-02-05,1670.75,1672.26,1633.34,1639.42,3639233,0.0
2019-02-06,1625.02,1625.539,1592.91,1611.6058,4065241,0.0
2019-02-07,1586,1588.59,1566.756,1585.7397,5163140,0.0
2019-02-10,1600.78,1609.29,1586,1591.8,2993984,0.0
2019-02-11,1603.99,1638.97,1598.88,1637.89,4397459,0.0
2019-02-12,1647,1656.38,1637.1063,1640.3726,3144253,0.0
2019-02-13,1624.5,1637.9,1606.061,1623.8774,3678810,0.0
2019-02-14,1627.86,1628.9099,1604.5,1607.5299,3972633,0.0
2019-02-18,1601,1634,1600.56,1627.4731,3363526,0.0
2019-02-19,1630,1634.93,1610.12,1622.62,3099413,0.0
2019-02-20,1619.85,1623.56,1600.91,1619.9,3294305,0.0
2019-02-21,1623.5,1634.94,1621.17,1631.19,2590256,0.0
2019-02-24,1641.45,1654.6,1630.3873,1633,2858663,0.0
2019-02-25,1625.98,1639.99,1616.1335,1636.33,2387059,0.0
2019-02-26,1628.18,1641.81,1615.1,1641.09,2855043,0.0
2019-02-27,1635.25,1651.77,1633.83,1639.79,2439847,0.0
2019-02-28,1653.74,1674.26,1651,1671.26,4274122,0.0
2019-03-03,1685,1709.43,1674.36,1696.16,5635905,0.0
2019-03-04,1702.95,1707.8,1689.01,1691.81,3441803,0.0
2019-03-05,1695.97,1697.75,1668.28,1669.16,3715728,0.0
2019-03-06,1667.06,1669.7534,1620.51,1626.28,4213562,0.0
2019-03-07,1604.01,1622.72,1586.57,1622.11,4139096,0.0
2019-03-10,1626.95,1672.285,1626.01,1670.32,3476811,0.0
2019-03-11,1669,1684.265,1660.98,1672.42,3094709,0.0
2019-03-12,1683,1700,1679.35,1690.8,3263391,0.0
2019-03-13,1691.2,1702,1684.34,1685.29,2583867,0.0
2019-03-14,1700.22,1718.8,1693.13,1712.91,4133684,0.0
2019-03-17,1712.39,1750,1712.39,1742,4804401,0.0
2019-03-18,1754.13,1784.16,1753.51,1762.7,5692348,0.0
2019-03-19,1769.94,1799.01,1767.0338,1797.73,5635029,0.0
2019-03-20,1796.26,1823.75,1787.281,1818.4,5081857,0.0
2019-03-21,1810.17,1818.98,1763.11,1764.06,5841108,0.0
2019-03-24,1757.79,1782.675,1747.5,1774.07,4735693,0.0
2019-03-25,1792.85,1805.77,1773.3597,1784.47,4486129,0.0
2019-03-26,1784.13,1787.5,1745.68,1766,3998643,0.0
2019-03-27,1770,1777.93,1753.47,1773.67,2819446,0.0
2019-03-28,1786.58,1792.86,1776.63,1781.09,2744465,0.0
2019-03-31,1800.11,1815.67,1798.73,1814.36,2005504,0.0
2019-04-01,1811.93,1820,1805.121,1814,3098296,0.0
2019-04-02,1826.72,1830,1809.62,1820.41,3637589,0.0
2019-04-03,1820.65,1828.75,1804.2,1819.51,3318144,0.0
2019-04-04,1829,1838.58,1825.19,1837.65,3186217,0.0
2019-04-07,1833.23,1850.2,1825.11,1849.679,3432186,0.0
2019-04-08,1845.49,1853.09,1831.78,1836.52,3300977,0.0
2019-04-09,1841,1848,1828.81,1847.33,2766747,0.0
2019-04-10,1848.7,1849.95,1840.31,1844.5,2412329,0.0
2019-04-11,1848.4,1851.5,1841.3,1842.96,2598729,0.0
2019-04-14,1842,1846.85,1818.9,1844.85,3271660,0.0
2019-04-15,1851.31,1869.77,1848,1862.92,2788392,0.0
2019-04-16,1872.5,1876.473,1860.44,1864.82,2588487,0.0
2019-04-17,1866.2,1870.82,1859.48,1861.4,2613709,0.0
2019-04-21,1855.4,1888.42,1845.64,1888.04,3196934,0.0
2019-04-22,1891.2,1929.26,1889.58,1924.17,4123487,0.0
2019-04-23,1925.1,1929.69,1898.16,1900.88,3044542,0.0
2019-04-24,1917.0035,1922.45,1900.31,1902.16,4154636,0.0
2019-04-25,1928.69,1951,1898,1950.9,7614548,0.0
2019-04-28,1949,1956.335,1934.09,1939,3542692,0.0
2019-04-29,1930.12,1935.71,1906.95,1926.53,3106108,0.0
2019-04-30,1933.09,1943.64,1910.55,1911.29,2814558,0.0
2019-05-01,1913.33,1921.55,1881.87,1901.72,3641665,0.0
2019-05-02,1949,1964.4,1936,1961.76,5687567,0.0
2019-05-05,1917.98,1959,1910.5,1950.29,4911645,0.0
2019-05-06,1939.99,1949.1005,1903.3795,1922.58,5451477,0.0
2019-05-07,1918.87,1935.37,1910,1916.85,3650183,0.0
2019-05-08,1900.98,1909.4,1876,1900.01,4928658,0.0
2019-05-09,1898,1903.79,1856,1889.98,5355441,0.0
2019-05-12,1837.11,1846.535,1818,1822.62,5312153,0.0
2019-05-13,1839.9,1852.44,1815.75,1840.05,4179780,0.0
2019-05-14,1827.95,1874.427,1823,1871.12,4294255,0.0
2019-05-15,1885.9,1917.51,1882.29,1907.86,4317968,0.0
2019-05-16,1893.05,1910.53,1867.33,1867.99,4384715,0.0
2019-05-19,1852.69,1867.78,1835.54,1858.04,3483969,0.0
2019-05-20,1874.79,1879,1846,1858.11,3603729,0.0
2019-05-21,1851.22,1871.485,1851,1859.425,2647140,0.0
2019-05-22,1837,1844,1804.2,1815.67,4041503,0.0
2019-05-23,1835.89,1841.76,1817.851,1823.3,3096132,0.0
2019-05-27,1832.35,1849.2668,1827.35,1836.56,2861458,0.0
2019-05-28,1823.18,1830,1807.5327,1820.2,3730772,0.0
2019-05-29,1824.31,1829.47,1807.825,1815.81,2934611,0.0
2019-05-30,1790.01,1795.585,1772.7034,1775.07,3916862,0.0
2019-06-02,1760.01,1766.29,1672,1692.76,8372675,0.0
2019-06-03,1699.24,1730.82,1680.89,1730.18,5141474,0.0
2019-06-04,1749.6,1752,1715.2513,1739.48,3781000,0.0
2019-06-05,1737.71,1759.99,1726.13,1754.6292,3355072,0.0
2019-06-06,1762.4,1806.2538,1759.49,1804.02,4065603,0.0
2019-06-09,1822,1884.87,1818,1860.63,4968998,0.0
2019-06-10,1883.25,1893.7,1858,1863.7,3629018,0.0
2019-06-11,1853.98,1865,1844.38,1855.3,2450925,0.0
2019-06-12,1866.72,1883.09,1862.22,1870.748,4993238,0.0
2019-06-13,1864.92,1876,1859,1870.17,4923087,0.0
2019-06-16,1876.5,1895.688,1875.45,1886,2397289,0.0
2019-06-17,1901.35,1921.67,1899.79,1902.15,3523736,0.0
2019-06-18,1907.84,1919.5807,1892.6223,1909.03,2565954,0.0
2019-06-19,1933.33,1935.2,1905.8,1917.95,2858789,0.0
2019-06-20,1912.5,1925.95,1907.58,1911.1,3243263,0.0
2019-06-23,1912.66,1916.86,1901.3,1913.96,1931200,0.0
2019-06-24,1911.84,1916.385,1872.42,1878.64,2712393,0.0
2019-06-25,1892.91,1903.8,1887.32,1897.75,2011515,0.0
2019-06-26,1902,1911.24,1898.04,1903.67,1923521,0.0
2019-06-27,1912.8,1912.8,1884,1889.83,2263386,0.0
2019-06-30,1922.98,1929.82,1914.66,1922.26,2917672,0.0
2019-07-01,1919.38,1934.79,1906.63,1934.79,2407604,0.0
2019-07-02,1935.89,1941.59,1930.5,1939,1475704,0.0
2019-07-04,1928.6,1945.9,1925.3,1943.1,2418081,0.0
2019-07-07,1934.12,1956,1928.2532,1952.33,2593566,0.0
2019-07-08,1947.88,1990.01,1943.475,1987.35,3966987,0.0
2019-07-09,1996.51,2024.94,1995.4,2017.77,4445939,0.0
2019-07-10,2025.62,2035.8,1995.3,2001.07,3957307,0.0
2019-07-11,2008.27,2017,2003.87,2010.02,2199931,0.0
2019-07-14,2021.4,2022.9,2001.55,2021,2598695,0.0
2019-07-15,2010.58,2026.3196,2001.22,2010,2356968,0.0
2019-07-16,2007.05,2012,1992.12,1992.16,2257978,0.0
2019-07-17,1980.01,1987.5,1951.55,1978.67,3163219,0.0
2019-07-18,1991.02,1996,1962.2255,1965,2898302,0.0
2019-07-21,1971.14,1989,1958.26,1985.92,2574102,0.0
2019-07-22,1995.99,1997.79,1973.13,1994.47,2309402,0.0
2019-07-23,1969.3,2001.2,1965.87,2001.04,2306251,0.0
2019-07-24,2001,2001.2,1972.72,1975.02,2871851,0.0
2019-07-25,1942,1950.895,1924.51,1943.05,4535583,0.0
2019-07-28,1930,1932.226,1890.54,1912.87,4140433,0.0
2019-07-29,1891.98,1909.89,1883.48,1899.22,2709016,0.0
2019-07-30,1898.11,1899.55,1849.44,1866.39,4056598,0.0
2019-07-31,1872.35,1897.92,1844.01,1855.33,4444048,0.0
2019-08-01,1845.07,1846.3634,1808.02,1823.52,3812376,0.0
2019-08-04,1771.26,1788.6678,1748.78,1765.13,5334410,0.0
2019-08-05,1791,1793.77,1753.4,1787.44,4598728,0.0
2019-08-06,1773.99,1798.93,1757,1793.39,4044619,0.0
2019-08-07,1806,1834.26,1798.11,1834.26,3268663,0.0
2019-08-08,1826,1831.091,1802.22,1807.88,2495170,0.0
2019-08-11,1795.99,1800.98,1777,1784.75,2510579,0.0
2019-08-12,1781.04,1831.7429,1780,1824.29,3656625,0.0
2019-08-13,1793.01,1795.6514,1757.215,1762.96,4353369,0.0
2019-08-14,1781.99,1788,1761.96,1775.41,3427389,0.0
2019-08-15,1792.89,1802.9082,1784.5496,1791.8,2767735,0.0
2019-08-18,1818.08,1826,1812.61,1816.83,2483931,0.0
2019-08-19,1814.5,1816.82,1799.88,1801.35,1677671,0.0
2019-08-20,1819.39,1829.5785,1815,1823.38,1852417,0.0
2019-08-21,1827.35,1829.4111,1800.1,1804.25,2284144,0.0
2019-08-22,1793.03,1804.8962,1745.23,1750.77,4622453,0.0
2019-08-25,1767.5,1770,1743.51,1770,2669759,0.0
2019-08-26,1775.73,1779.4,1746.68,1761.92,2491245,0.0
2019-08-27,1755,1767.86,1744.0505,1764,2220361,0.0
2019-08-28,1783,1798.55,1777.25,1786.46,2683039,0.0
2019-08-29,1797.49,1799.74,1764.57,1776.19,2577738,0.0
2019-09-02,1770,1800.8,1768,1789.51,3164026,0.0
2019-09-03,1805,1807.6309,1796.23,1800.46,2144301,0.0
2019-09-04,1821.84,1842,1815.575,1840.73,2970700,0.0
2019-09-05,1838.22,1840.65,1826.4,1833.51,2157266,0.0
2019-09-08,1841,1850,1824.61,1831.29,2632165,0.0
2019-09-09,1822.75,1825.81,1805.3356,1821.31,2202645,0.0
2019-09-10,1811.97,1833.42,1809.08,1822.49,2005996,0.0
2019-09-11,1838.1,1853.66,1834.28,1843,2521448,0.0
2019-09-12,1842.01,1846.1215,1835.17,1839.34,1645917,0.0
2019-09-15,1824.02,1825.6941,1800.2,1808.23,3214425,0.0
2019-09-16,1807.2,1823.99,1804.1,1822.62,1767317,0.0
2019-09-17,1818.13,1822.06,1795.5,1817.59,2250447,0.0
2019-09-18,1821.06,1832.57,1817.9,1821.54,1793657,0.0
2019-09-19,1821.71,1830.63,1780.92,1794.89,4714413,0.0
2019-09-22,1777,1792.7,1767.32,1784.29,2557364,0.0
2019-09-23,1790.605,1795.705,1735.545,1742.34,4199402,0.0
2019-09-24,1747.36,1773,1723,1768.08,3087299,0.0
2019-09-25,1762.79,1763.37,1731.5,1740.12,3136278,0.0
2019-09-26,1747.8,1749.12,1713.82,1725.85,3613379,0.0
2019-09-29,1726.99,1737.46,1709.22,1736.12,2300015,0.0
2019-09-30,1746,1755.6,1728.41,1736.11,2721128,0.0
2019-10-01,1727.74,1728.89,1705,1713.23,2954213,0.0
2019-10-02,1713,1725,1685.06,1724.25,3105457,0.0
2019-10-03,1726.06,1740.575,1719.23,1739.4,4348820,0.0
2019-10-06,1731.63,1747.83,1723.7,1732.5,3700680,0.0
2019-10-07,1722.49,1727,1705,1705.25,4559696,0.0
2019-10-08,1719.61,1729.95,1714.36,1721.79,3594275,0.0
2019-10-09,1725,1738.29,1713.75,1720.56,4724970,0.0
2019-10-10,1742.92,1745.45,1729.86,1729.98,5936898,0.0
2019-10-13,1728.69,1741.8887,1722,1736.5,3293125,0.0
2019-10-14,1742.14,1776.45,1740.62,1767.35,5739023,0.0
2019-10-15,1772,1786.24,1770.521,1777.42,4891217,0.0
2019-10-16,1796,1798.85,1782.02,1787.47,4695257,0.0
2019-10-17,1787.8,1793.98,1749.2001,1757.79,6127556,0.0
2019-10-20,1768.63,1785.88,1765,1785.835,1771449,0.0
2019-10-21,1788.15,1789.7799,1762,1765.34,1925469,0.0
2019-10-22,1761.3,1770.05,1742,1761.99,1920970,0.0
2019-10-23,1771.09,1788.3379,1760.27,1781.5935,2931765,0.0
2019-10-24,1697.55,1764.21,1695,1762,8773821,0.0
2019-10-27,1750.7,1778.7,1742.5,1777.04,3399815,0.0
2019-10-28,1775,1777,1755.81,1763.04,2063458,0.0
2019-10-29,1760.24,1782.38,1759.115,1780,2194972,0.0
2019-10-30,1775.99,1792,1771.4753,1777.1431,2375710,0.0
2019-10-31,1788.01,1797.445,1785.279,1791.47,2375327,0.0
2019-11-03,1801.5,1815.06,1801.01,1805.27,2513437,0.0
2019-11-04,1809.16,1810.25,1794,1801.7,1650756,0.0
2019-11-05,1801,1802.5,1788.58,1795.94,1790400,0.0
2019-11-06,1803.76,1805.9,1783.48,1788.2,2365870,0.0
2019-11-07,1787.89,1789.88,1774.04,1785.88,1930135,0.0
2019-11-10,1778.1,1780,1767.13,1771.9,1776035,0.0
2019-11-11,1774.66,1786.22,1771.91,1778.23,1830806,0.0
2019-11-12,1773.39,1775,1747.3217,1753.4,2777022,0.0
2019-11-13,1750.27,1766.5931,1749.56,1754.65,2017087,0.0
2019-11-14,1760.05,1761.68,1732.86,1739.08,3623321,0.0
2019-11-17,1738.3,1753.7,1722.71,1752.86,2585138,0.0
2019-11-18,1756.99,1760.68,1743.03,1753.16,1854190,0.0
2019-11-19,1749.14,1762.524,1734.12,1746.6335,2321723,0.0
2019-11-20,1743,1746.87,1730.36,1735,2377252,0.0
2019-11-21,1739,1746.43,1731,1745.85,2165005,0.0
2019-11-24,1753.25,1777.42,1753.24,1773.69,2906729,0.0
2019-11-25,1779.92,1797.03,1778.35,1796.99,2708603,0.0
2019-11-26,1801,1824.5,1797.31,1818.23,2769246,0.0
2019-11-28,1817.78,1823.98,1800.79,1800.96,1594416,0.0
2019-12-01,1804,1805.55,1762.68,1781.61,3420336,0.0
2019-12-02,1761.13,1772.87,1747.23,1770.33,3215969,0.0
2019-12-03,1774.01,1789.0894,1760.2201,1760.48,2387073,0.0
2019-12-04,1763.5,1763.5,1740,1740.48,2472575,0.0
2019-12-05,1752.33,1754.4,1740.13,1751.59,2739956,0.0
2019-12-08,1750.66,1766.8918,1745.61,1749.42,2123839,0.0
2019-12-09,1747.4,1750.67,1735,1739.49,2186409,0.0
2019-12-10,1741.67,1750,1735.7102,1748.9,1716841,0.0
2019-12-11,1750.7,1764,1745.44,1760.18,2695799,0.0
2019-12-12,1765,1768.99,1755,1760.93,2377943,0.0
2019-12-15,1767,1769.5,1757.05,1769.21,2730112,0.0
2019-12-16,1778.01,1792,1777.39,1790.66,3202975,0.0
2019-12-17,1795.45,1797.86,1782.36,1782.36,2834170,0.0
2019-12-18,1780.5,1792.99,1774.06,1792.29,1947166,0.0
2019-12-19,1799.64,1802.97,1782.45,1786.57,3782377,0.0
2019-12-22,1788.26,1793,1784.51,1793,1759437,0.0
2019-12-23,1793.81,1795.57,1787.575,1789.63,800738,0.0
2019-12-25,1801.2,1870.46,1799.5,1869.02,6125518,0.0
2019-12-26,1882.92,1901.4,1866.01,1869.26,5755838,0.0
2019-12-29,1874,1884,1840.62,1847.18,3444132,0.0
2019-12-30,1841.99,1853.26,1832.23,1847.64,2138549,0.0
2020-01-01,1874.79,1898,1864.15,1897.71,3583611,0.0
2020-01-02,1864.5,1886.1965,1864.5,1874.93,3293469,0.0
2020-01-05,1860,1903.69,1860,1903.33,3598872,0.0
2020-01-06,1904.5,1913.89,1892.0433,1906.86,3569706,0.0
2020-01-07,1898.68,1910.9999,1886.4448,1892.09,3100021,0.0
2020-01-08,1909.89,1917.82,1895.8038,1901,2913887,0.0
2020-01-09,1905.37,1906.94,1880,1882.98,2652859,0.0
2020-01-12,1891.31,1898,1880.8,1891.41,2515868,0.0
2020-01-13,1885.96,1887.11,1858.55,1869.2,3123178,0.0
2020-01-14,1872.13,1878.86,1855.09,1862.01,2658380,0.0
2020-01-15,1882.99,1885.59,1866.02,1877.95,2419044,0.0
2020-01-16,1885.89,1886.64,1857.25,1864.71,3437411,0.0
2020-01-20,1865,1894.27,1860,1892.55,5977747,0.0
2020-01-21,1896.09,1902.5,1883.34,1887.46,5797891,0.0
2020-01-22,1885.11,1889.975,1872.76,1884.58,4048982,0.0
2020-01-23,1890.28,1894.99,1847.44,1861.64,6851714,0.0
2020-01-26,1820.5,1841,1815.34,1828.89,3002750,0.0
2020-01-27,1840.5,1858.11,1830.02,1853.33,2356589,0.0
2020-01-28,1864,1874.75,1855.02,1858,1820096,0.0
2020-01-29,1858,1872.87,1850.61,1870.8896,3255311,0.0
2020-01-30,2051.47,2055.72,2002.27,2007.75,14449332,0.0
2020-02-02,2010.6,2048.5,2000.25,2003.25,5527745,0.0
2020-02-03,2029.81,2059.8,2015.37,2049.78,4958935,0.0
2020-02-04,2071.02,2071.02,2032,2039.62,3950987,0.0
2020-02-05,2041.02,2056.3,2024.8,2050.37,2827062,0.0
2020-02-06,2041.99,2098.53,2038.1,2079.21,4794674,0.0
2020-02-09,2085.01,2135.6,2084.96,2134.55,4671496,0.0
2020-02-10,2150.9,2185.95,2136,2152.27,5584290,0.0
2020-02-11,2163.95,2180.2495,2155.29,2161.34,3101082,0.0
2020-02-12,2146,2170.28,2142,2151.12,2688038,0.0
2020-02-13,2155.68,2159.0352,2125.89,2135.48,2362540,0.0
2020-02-17,2127.98,2166.07,2124.105,2155.67,2674865,0.0
2020-02-18,2167.8,2185.1,2161.12,2170.21,2261147,0.0
2020-02-19,2172.67,2176.79,2127.45,2153.59,2908965,0.0
2020-02-20,2141,2144.55,2088,2095.97,4363040,0.0
2020-02-23,2003.18,2039.295,1987.9742,2008.74,6047539,0.0
2020-02-24,2026.42,2034.6,1958.42,1970.65,5858950,0.0
2020-02-25,1970.01,2014.67,1960.45,1979.61,4906059,0.0
2020-02-26,1934.38,1975,1882.7621,1882.88,7600123,0.0
2020-02-27,1814.63,1889.76,1811.129,1889.18,8494919,0.0
2020-03-01,1905.26,1954.51,1870,1954,6115818,0.0
2020-03-02,1973,1996.33,1888.0901,1908.88,6986980,0.0
2020-03-03,1946.57,1978,1922,1976.46,4261291,0.0
2020-03-04,1933,1960.72,1910,1924.03,4275800,0.0
2020-03-05,1875,1910.87,1869.5,1901.14,4771029,0.0
2020-03-08,1768.6001,1862.77,1761.29,1800.01,13436736,0.0
2020-03-09,1870,1894.27,1818.17,1894,6442309,0.0
2020-03-10,1857.85,1871.3195,1801.5,1819.63,5114340,0.0
2020-03-11,1721.98,1765,1675,1676.21,10301824,0.0
2020-03-12,1755,1786.31,1680.62,1786.31,7834519,0.0
2020-03-15,1642,1759.4519,1626.0319,1688,8030027,0.0
2020-03-16,1776,1857.775,1689.2402,1807.38,20134204,0.0
2020-03-17,1750,1841.66,1745,1832.39,7949578,0.0
2020-03-18,1858.33,1945,1832.65,1880.5,9312968,0.0
2020-03-19,1925,1957,1820.73,1846.09,9098838,0.0
2020-03-22,1827.75,1919.4,1812,1902.54,7171193,0.0
2020-03-23,1951.31,1955,1900.3403,1940,6411717,0.0
2020-03-24,1920.69,1950.26,1885.78,1885.78,5985263,0.0
2020-03-25,1902,1956.49,1889.29,1955.225,5377163,0.0
2020-03-26,1931,1939.79,1899.92,1899.92,4672178,0.0
2020-03-29,1922.48,1973.63,1912.34,1964.78,5244822,0.0
2020-03-30,1964.35,1993.02,1944.01,1949.79,4471543,0.0
2020-03-31,1933,1944.96,1893,1906.58,3729348,0.0
2020-04-01,1901.64,1927.5258,1890,1918.83,8042698,0.0
2020-04-02,1911.15,1926.33,1889.15,1906.6,3159348,0.0
2020-04-05,1936,1998.52,1930.02,1998.49,5120376,0.0
2020-04-06,2017.26,2035.72,1997.62,2011.6,4710631,0.0
2020-04-07,2021,2044,2011.15,2042.9,3693156,0.0
2020-04-08,2046,2053,2017.66,2042.82,4188295,0.0
2020-04-12,2039.87,2180,2038,2168.01,6310824,0.0
2020-04-13,2200.47,2292,2186.21,2283.31,15168337,0.0
2020-04-14,2257.68,2333.369,2245,2309.27,12634637,0.0
2020-04-15,2346,2460.998,2335,2408.19,33024507,0.0
2020-04-16,2372.33,2400,2316.02,2372.87,27969629,0.0
2020-04-19,2389.95,2444.98,2386.05,2393.08,15428327,0.0
2020-04-20,2416.61,2428.3098,2279.66,2329.36,20725717,0.0
2020-04-21,2369,2394,2351,2366.54,13904142,0.0
2020-04-22,2399.98,2424.22,2382.08,2399.44,8913313,0.0
2020-04-23,2417,2420.433,2382,2410,10481568,0.0
2020-04-26,2443.2,2444.88,2363,2376.82,10185891,0.0
2020-04-27,2372.1,2373.5,2306,2314.08,4643171,0.0
2020-04-28,2330.01,2391.89,2310,2371.88,7930384,0.0
2020-04-29,2419.84,2471.5,2396.01,2471.5,6873149,0.0
2020-04-30,2336.8,2362.44,2258.1902,2285.94,18176321,0.0
2020-05-03,2256.38,2326.98,2256.38,2315.99,4478248,0.0
2020-05-04,2340,2351,2307.125,2317.64,5909618,0.0
2020-05-05,2329.44,2357.45,2320,2350.97,2897787,0.0
2020-05-06,2374.78,2376,2343.11,2367.61,5882764,0.0
2020-05-07,2372.14,2387.2449,2357,2379.5,2751843,0.0
2020-05-10,2374.7,2419.665,2372.11,2406.9375,2942003,0.0
2020-05-11,2411.85,2419,2355.61,2357.505,5466390,0.0
2020-05-12,2366.8,2407.7,2337.805,2366.17,4474923,0.0
2020-05-13,2361.01,2391.37,2353.21,2391.37,3179099,0.0
2020-05-14,2368.52,2411,2356.37,2410.41,3788139,0.0
2020-05-17,2404.3457,2433,2384.01,2426.38,8093054,0.0
2020-05-18,2429.83,2484.995,2428.97,2448.59,4098905,0.0
2020-05-19,2477.87,2500.01,2467.27,2497.35,7341200,0.0
2020-05-20,2500,2525.45,2442.54,2448.01,9538349,0.0
2020-05-21,2455.01,2469.85,2430.13,2436.89,5253352,0.0
2020-05-25,2458,2462,2414.06,2423.7,3153936,0.0
2020-05-26,2404.99,2413.58,2330,2409.51,4754020,0.0
2020-05-27,2384.33,2436.97,2378.23,2401.05,2866537,0.0
2020-05-28,2415.94,2439,2398.1973,2436.53,5483326,0.0
2020-05-31,2448,2476.93,2444.17,2470.12,5441594,0.0
2020-06-01,2467,2473.53,2445.31,2473.3,4430214,0.0
2020-06-02,2468.01,2488,2461.17,2478.4,4700140,0.0
2020-06-03,2477.43,2507.54,2450.01,2460.6,5957350,0.0
2020-06-04,2444.51,2488.645,2437.13,2481.415,2821697,0.0
2020-06-07,2500.2,2530,2487.335,2522.8,3362615,0.0
2020-06-08,2529.44,2626.43,2525,2603.39,9564493,0.0
2020-06-09,2645,2722.35,2626.26,2648.16,9144811,0.0
2020-06-10,2603.5,2671.38,2536.23,2558.47,5177179,0.0
2020-06-11,2601.21,2621.4766,2566,2566.705,2752912,0.0
2020-06-14,2526.6,2584,2508,2572.62,6856018,0.0
2020-06-15,2620,2620,2576,2615.13,3175918,0.0
2020-06-16,2647.5,2655,2631.82,2641.72,5090473,0.0
2020-06-17,2647.01,2659.64,2636.11,2655,2114206,0.0
2020-06-18,2678.08,2697.43,2659,2671.86,8507797,0.0
2020-06-21,2684.5,2713.98,2669,2712,2754781,0.0
2020-06-22,2726.02,2783.11,2718.04,2764.42,3945888,0.0
2020-06-23,2780,2796,2721,2733.49,4148702,0.0
2020-06-24,2739.55,2756.23,2712.14,2756.16,2695963,0.0
2020-06-25,2775.056,2782.5688,2688,2692.87,5446380,0.0
2020-06-28,2690.01,2696.8,2630.08,2681.52,3895727,0.0
2020-06-29,2685.065,2769.63,2675.03,2756.09,3188724,0.0
2020-06-30,2757.99,2895,2754,2879.2,6112148,0.0
2020-07-01,2912.01,2955.56,2871.102,2887.56,6173373,0.0
