Date,Open,High,Low,Close,Volume,OpenInterest
2016-07-13,103.73,103.85,102.6,103.06,670542,0.0
2016-07-14,101.25,101.94,101.19,101.63,356751,0.0
2016-07-17,102.75,103.37,102.46,103.15,398319,0.0
2016-07-18,103.27,106.3,103.16,105.61,1932984,0.0
2016-07-19,107.58,108.345,107.06,108.16,1085456,0.0
2016-07-20,105.41,106.37,104.96,105.52,1011457,0.0
2016-07-21,105.55,105.86,105.19,105.63,339652,0.0
2016-07-24,106.19,106.57,105.93,106.46,330531,0.0
2016-07-25,107.44,108.91,107.31,108.82,719287,0.0
2016-07-26,109.64,109.91,108.38,109.54,544520,0.0
2016-07-27,109.87,110.21,109.49,110.11,335225,0.0
2016-07-28,110.49,110.85,109.31,109.68,999180,0.0
2016-07-31,109.62,110.15,109.29,109.685,329670,0.0
2016-08-01,109.57,109.59,108.776,109.37,257645,0.0
2016-08-02,107.95,108.75,107.89,108.45,344719,0.0
2016-08-03,109.7,110.23,109.54,110.03,228954,0.0
2016-08-04,109.95,110.66,109.4,109.6,422249,0.0
2016-08-07,109.25,109.56,109.04,109.22,298117,0.0
2016-08-08,109.46,110.11,109.46,109.85,154078,0.0
2016-08-09,110.31,110.4,109.21,109.52,370045,0.0
2016-08-10,110.66,111.04,110.1201,110.705,414293,0.0
2016-08-11,110.94,111.13,109.99,110.26,306652,0.0
2016-08-14,111.28,111.58,110.79,110.84,217899,0.0
2016-08-15,110.83,110.94,107.01,107.98,1253375,0.0
2016-08-16,105.31,105.79,104.73,105.45,1796158,0.0
2016-08-17,106.12,106.52,105.72,106.04,415303,0.0
2016-08-18,106.8,106.97,106.27,106.74,445204,0.0
2016-08-21,106.98,107.35,106.56,107.17,418716,0.0
2016-08-22,108.66,109.14,108.21,108.5,606888,0.0
2016-08-23,107.72,107.85,106.46,106.69,391417,0.0
2016-08-24,106.56,106.79,106.25,106.46,190010,0.0
2016-08-25,106.77,107.98,105.53,106.31,288996,0.0
2016-08-28,106.24,107.12,106.24,107.08,224085,0.0
2016-08-29,108.69,108.73,107.33,107.53,286689,0.0
2016-08-30,106.83,106.94,105.9,106.57,250347,0.0
2016-08-31,106.32,107.53,106.27,107.5,361138,0.0
2016-09-01,108.09,108.25,107.48,107.86,194786,0.0
2016-09-05,107.78,108.04,107.48,107.93,281569,0.0
2016-09-06,108.01,108.3,106.06,106.35,860155,0.0
2016-09-07,104.14,104.74,103.64,104.11,545065,0.0
2016-09-08,103.17,103.48,101.7,101.78,653480,0.0
2016-09-11,101.03,103.27,100.93,103.13,370798,0.0
2016-09-12,102.5,102.98,101.47,101.77,386767,0.0
2016-09-13,100.97,102.29,100.83,101.93,487874,0.0
2016-09-14,102.32,103.869,102.095,103.65,690970,0.0
2016-09-15,101.98,102.49,101.37,102.19,595962,0.0
2016-09-18,103.22,104.18,103.2,103.37,332498,0.0
2016-09-19,104.7,105.28,104.32,104.89,535016,0.0
2016-09-20,105.69,106.87,105.41,106.69,438327,0.0
2016-09-21,109.07,109.56,108.65,108.79,442926,0.0
2016-09-22,108.81,109.26,108.42,108.585,381197,0.0
2016-09-25,108.5,109.17,108.28,108.77,375710,0.0
2016-09-26,107.96,109.8026,107.84,109.61,448270,0.0
2016-09-27,109.27,110.04,108.87,109.86,239769,0.0
2016-09-28,109.27,109.74,107.55,108.75,400306,0.0
2016-09-29,109.19,110.14,109.02,109.57,245676,0.0
2016-10-02,109.36,109.61,108.54,109.02,266881,0.0
2016-10-03,109.39,109.85,108.61,108.91,215176,0.0
2016-10-04,109.1,109.3,108.71,108.82,194882,0.0
2016-10-05,108.27,108.99,107.81,108.8,293276,0.0
2016-10-06,107.04,107.17,105.36,106.37,550544,0.0
2016-10-09,107.63,107.74,106.99,107,565271,0.0
2016-10-10,105.61,105.64,102.414,102.68,776913,0.0
2016-10-11,102.31,102.67,101.42,102.58,576169,0.0
2016-10-12,100.59,100.65,100.04,100.4,625465,0.0
2016-10-13,101.58,102.11,100.95,101.15,238850,0.0
2016-10-16,100.62,101.34,100.51,101.18,325780,0.0
2016-10-17,102.51,102.577,101.83,102.39,825685,0.0
2016-10-18,104.75,104.75,103.2,104.08,651420,0.0
2016-10-19,102.52,103.62,102.47,103.59,590206,0.0
2016-10-20,103.47,105.32,103.4,105.28,745114,0.0
2016-10-23,104.92,105.42,104.77,105.28,537828,0.0
2016-10-24,104.68,105.16,104.13,104.5,306125,0.0
2016-10-25,104.47,104.73,103.73,103.88,304931,0.0
2016-10-26,105.18,105.27,103.86,104.06,340722,0.0
2016-10-27,104.86,105.95,104.69,105.4,673523,0.0
2016-10-30,105.51,106.36,104.94,105.64,364850,0.0
2016-10-31,105.65,105.68,103.29,103.91,799839,0.0
2016-11-01,104.01,104.73,103.67,104.05,393170,0.0
2016-11-02,103.35,103.6,101.78,101.79,463218,0.0
2016-11-03,102.22,103.01,101.48,102.5,710407,0.0
2016-11-06,103.8,104.76,103.6,104.71,322777,0.0
2016-11-07,103.58,105.22,103.53,104.82,308500,0.0
2016-11-08,102.33,103.815,102.33,103.69,384242,0.0
2016-11-09,102.78,103.41,100.71,101.41,473726,0.0
2016-11-10,99.7,100.51,98.72,100.24,719808,0.0
2016-11-13,98.94,99.77,98.71,99.21,390345,0.0
2016-11-14,99.12,100.28,98.75,100.02,394165,0.0
2016-11-15,99.2,100.77,99.15,100.7,601819,0.0
2016-11-16,101.24,102.85,101.19,102.56,445060,0.0
2016-11-17,103.58,104.75,103.38,104.6,603681,0.0
2016-11-20,104.09,105.11,104.02,105.08,397039,0.0
2016-11-21,105.45,105.61,104.795,105.32,522997,0.0
2016-11-22,104.48,105.35,104.25,105.11,289389,0.0
2016-11-24,103.99,104.46,103.765,104.14,211428,0.0
2016-11-27,103.3,103.91,103.22,103.69,257672,0.0
2016-11-28,102.88,104.01,102.71,103.84,361497,0.0
2016-11-29,103.77,103.82,102.93,103.1,351958,0.0
2016-11-30,102.67,102.74,99.68,100.03,629864,0.0
2016-12-01,99.01,100.3,98.84,99.75,548100,0.0
2016-12-04,102.29,103.02,101.685,102.91,510456,0.0
2016-12-05,101.89,102.9,101.79,102.71,319622,0.0
2016-12-06,101.98,103.92,101.83,103.55,449006,0.0
2016-12-07,103.19,103.73,102.65,103.12,351373,0.0
2016-12-08,102.92,103.11,102.09,102.69,300073,0.0
2016-12-11,103.17,103.34,102.41,102.89,243325,0.0
2016-12-12,104.11,104.86,104,104.66,239282,0.0
2016-12-13,104.58,104.94,103.53,103.66,310549,0.0
2016-12-14,104.47,105.39,104.32,104.96,410689,0.0
2016-12-15,106.26,106.72,105.96,106.24,546914,0.0
2016-12-18,108.36,110.48,108.36,110.22,1288401,0.0
2016-12-19,109.37,109.8,109.11,109.65,487742,0.0
2016-12-20,110.03,110.32,109.72,110.08,291558,0.0
2016-12-21,110.36,110.42,109.7401,109.98,267432,0.0
2016-12-22,110.42,110.85,110.27,110.72,152609,0.0
2016-12-26,110.79,111.63,110.79,111.52,183271,0.0
2016-12-27,110.81,111.31,110.43,110.79,402791,0.0
2016-12-28,110.97,111.37,110.7,111.14,406685,0.0
2016-12-29,112.06,112.66,111.27,112.2,598372,0.0
2017-01-02,110.98,111.28,110.145,110.47,541018,0.0
2017-01-03,109.84,110.35,109.62,109.92,418422,0.0
2017-01-04,110.8,111.9,110.75,111.27,302213,0.0
2017-01-05,110.56,111.61,110.3,111.15,295095,0.0
2017-01-08,111.02,112.73,111.01,112.47,414644,0.0
2017-01-09,112.58,113.13,112.58,112.63,307114,0.0
2017-01-10,112.25,113.51,112.19,113.46,325186,0.0
2017-01-11,113.94,114.82,113,114.8,564569,0.0
2017-01-12,114.77,115.54,114.75,115.3,514049,0.0
2017-01-16,115.63,116.32,114.89,115.91,1060508,0.0
2017-01-17,122.13,125.8799,121.94,122.94,3049869,0.0
2017-01-18,120.86,121.99,120.46,121.84,1047829,0.0
2017-01-19,121.52,122.31,121.52,122.05,406609,0.0
2017-01-22,121.97,122.32,120.6,122.19,873672,0.0
2017-01-23,122.28,123,122.06,122.54,599912,0.0
2017-01-24,122.51,122.97,122.27,122.74,366101,0.0
2017-01-25,121.3,122.16,121.07,121.16,499088,0.0
2017-01-26,121.44,122.08,121.04,121.75,457159,0.0
2017-01-29,120.91,121.86,120.02,121.71,648031,0.0
2017-01-30,121.64,122,120.99,121.39,591057,0.0
2017-01-31,121.65,122.11,121,121.3,614524,0.0
2017-02-01,123.09,123.19,122.29,122.74,528894,0.0
2017-02-02,122.91,123.5799,122.87,123.01,292105,0.0
2017-02-05,122.24,122.63,121.87,122.22,201736,0.0
2017-02-06,122.03,123.57,121.87,123.25,484587,0.0
2017-02-07,123.41,124.26,122.99,124.08,740930,0.0
2017-02-08,124.41,125.55,124.32,124.55,456023,0.0
2017-02-09,124.8,125.25,124.15,124.86,247150,0.0
2017-02-12,126.14,126.64,125.75,126.51,377151,0.0
2017-02-13,126.08,126.5,125.62,126.25,564757,0.0
2017-02-14,125.45,127.28,125.3,127.26,467053,0.0
2017-02-15,126.55,127.44,126.48,127.27,587945,0.0
2017-02-16,125.84,126.8799,125.82,126.86,533769,0.0
2017-02-20,125.28,127.6,125.25,127.59,1188859,0.0
2017-02-21,125.1,125.51,123.58,123.96,1162070,0.0
2017-02-22,124.53,124.62,123.25,123.79,595699,0.0
2017-02-23,122.29,122.95,121.64,122.5,973500,0.0
2017-02-26,122.29,123.02,122.08,123,572015,0.0
2017-02-27,121.5,122.22,121.41,121.71,617902,0.0
2017-02-28,122.5,123.92,122.43,123.51,732968,0.0
2017-03-01,121.78,122.55,121.48,121.56,456967,0.0
2017-03-02,122.76,122.99,121.83,122.99,482482,0.0
2017-03-05,121.25,121.91,120.78,121.64,379522,0.0
2017-03-06,121.25,121.39,119.83,119.96,812101,0.0
2017-03-07,120.82,121.17,120.34,120.73,442034,0.0
2017-03-08,121.18,121.54,120.66,121.24,281650,0.0
2017-03-09,124.41,125.11,123.94,125,702686,0.0
2017-03-12,123.56,124.46,123.43,124.24,464491,0.0
2017-03-13,124.77,124.8299,123.86,123.98,346585,0.0
2017-03-14,124.85,126.31,124.58,126.03,488787,0.0
2017-03-15,124.89,126.25,124.81,126.23,345740,0.0
2017-03-16,127.19,128.43,126.93,127.85,530848,0.0
2017-03-19,128.84,129.16,127.98,128.27,298496,0.0
2017-03-20,129.69,129.8,126.15,126.4,657112,0.0
2017-03-21,127.07,129.24,127.01,128.93,354427,0.0
2017-03-22,129.2,129.7,128.8,129.23,189464,0.0
2017-03-23,133.28,133.549,131.96,132.24,987291,0.0
2017-03-26,132.81,133.2,132.36,132.78,571405,0.0
2017-03-27,133.38,134.29,133.12,133.8,755228,0.0
2017-03-28,133.16,133.46,132.54,132.9,270808,0.0
2017-03-29,132.39,133.185,132.34,132.62,258697,0.0
2017-03-30,132.27,133.199,132.12,132.84,334547,0.0
2017-04-02,132.35,132.75,131.18,132.18,272539,0.0
2017-04-03,132.3,132.775,131.851,132.73,370039,0.0
2017-04-04,131.6,132.01,130.92,131.06,400919,0.0
2017-04-05,130.95,131.24,130.55,130.98,313359,0.0
2017-04-06,130.54,131.65,130.53,131.2,312574,0.0
2017-04-09,130.71,130.79,129.6901,129.89,554739,0.0
2017-04-10,129.64,129.85,128.31,129.84,447885,0.0
2017-04-11,129.75,129.97,128.3,129.05,329013,0.0
2017-04-12,129.01,129.88,128.34,128.4,351892,0.0
2017-04-16,128.89,130.29,128.89,130.2,252356,0.0
2017-04-17,130.38,130.96,129.8,130.65,650429,0.0
2017-04-18,133.11,133.71,126.04,126.89,2026499,0.0
2017-04-19,130.1,130.82,129.29,130.04,1175818,0.0
2017-04-20,130.35,130.49,129.72,130.03,517251,0.0
2017-04-23,133.68,134.29,132.71,133.49,534152,0.0
2017-04-24,134.9,134.95,133.86,134.24,553926,0.0
2017-04-25,133.04,133.43,132,132.45,494109,0.0
2017-04-26,132.66,133.89,132.351,132.95,334148,0.0
2017-04-27,133.13,133.17,131.61,131.86,534807,0.0
2017-04-30,132.05,133.01,131.72,132.82,192710,0.0
2017-05-01,133.98,135.05,133.73,135,593221,0.0
2017-05-02,133.81,134.96,133.74,134.17,458227,0.0
2017-05-03,133.75,135.39,133.74,135.13,341690,0.0
2017-05-04,134.61,135.92,134.47,135.84,379807,0.0
2017-05-07,133.55,133.775,133.07,133.25,376116,0.0
2017-05-08,134.3,135.15,134.24,134.95,361649,0.0
2017-05-09,134.05,134.5,133.51,133.75,426096,0.0
2017-05-10,133.23,134.27,132.82,134.22,451257,0.0
2017-05-11,134.11,135.47,134.1,135.47,269269,0.0
2017-05-14,135.41,136.1599,135.21,135.69,335518,0.0
2017-05-15,136.88,137.27,136.5,137.21,271125,0.0
2017-05-16,135.66,135.97,132.8,132.88,449566,0.0
2017-05-17,132.6,134.28,132.31,133.98,476647,0.0
2017-05-18,135,135.43,134.53,134.85,370082,0.0
2017-05-21,133.98,134.52,133.67,134.2,443127,0.0
2017-05-22,134.64,134.81,133.72,133.91,360798,0.0
2017-05-23,133.97,134.28,133.17,133.46,516489,0.0
2017-05-24,133.49,135.02,133.49,134.92,319882,0.0
2017-05-25,133.86,134.63,133.55,134.19,571152,0.0
2017-05-29,133.06,133.81,133,133.42,635740,0.0
2017-05-30,133.06,133.34,131.62,131.95,596177,0.0
2017-05-31,132.9,133.83,132.561,133.75,477672,0.0
2017-06-01,134.62,134.79,133.55,134.7,247213,0.0
2017-06-04,132.9,133.83,132.78,133.18,406389,0.0
2017-06-05,132.36,133.32,132.34,132.63,400585,0.0
2017-06-06,133.79,134.46,133.1,134,299897,0.0
2017-06-07,134.51,135.09,133.66,134.98,226077,0.0
2017-06-08,134.23,134.45,128.66,130.03,868205,0.0
2017-06-11,129.22,129.57,126.03,129.01,1288351,0.0
2017-06-12,131.18,132.09,130.35,131.93,1186071,0.0
2017-06-13,132.41,132.55,129.04,130.12,651829,0.0
2017-06-14,127.87,128.15,127,127.58,637382,0.0
2017-06-15,129.2,130.09,128.775,129.49,527994,0.0
2017-06-18,131.11,131.82,130.78,131.41,274819,0.0
2017-06-19,130.63,131.06,128.43,128.49,483124,0.0
2017-06-20,128.58,130.63,128.5,130.36,501265,0.0
2017-06-21,130.28,130.79,129.68,130.02,552265,0.0
2017-06-22,132.87,135.42,132.87,134.64,919356,0.0
2017-06-25,135.81,136.07,133.66,133.84,702960,0.0
2017-06-26,134.74,134.9,132.29,132.42,1008281,0.0
2017-06-27,133.22,135.28,132.495,134.98,608588,0.0
2017-06-28,132.67,133.18,128.345,129.6,1694828,0.0
2017-06-29,131.11,131.48,129.88,130.32,642546,0.0
2017-07-02,131.1,131.34,129.33,129.67,312465,0.0
2017-07-04,129.49,131.57,129.44,131.48,631219,0.0
2017-07-05,130.79,131.77,130.1,131.3,581085,0.0
2017-07-06,131.83,133.54,131.83,132.99,408279,0.0
2017-07-09,134,135.05,133.51,134.81,304136,0.0
2017-07-10,133.7,136.06,133.67,135.81,644911,0.0
2017-07-11,136.61,137.55,136.275,136.91,613821,0.0
2017-07-12,136.76,137.57,136.37,136.81,376415,0.0
2017-07-13,138.04,140.05,137.89,139.95,496793,0.0
2017-07-16,140.42,140.79,139.1,140.2,573129,0.0
2017-07-17,141.28,143.38,141.13,143.265,995086,0.0
2017-07-18,148.66,150.8199,147.9601,150.63,1821951,0.0
2017-07-19,152.24,154.35,151.36,153.82,1379059,0.0
2017-07-20,153.09,154.35,152.65,154.35,717114,0.0
2017-07-23,153.88,154.5,153.06,153.75,606078,0.0
2017-07-24,154.35,154.38,152.56,152.7,640413,0.0
2017-07-25,152.99,154.7,152.91,154.51,539777,0.0
2017-07-26,154.9,155.73,151.48,153.18,615709,0.0
2017-07-27,151.7,152.88,151.65,152.64,439375,0.0
2017-07-30,151.74,152.3411,149.91,150.47,693809,0.0
2017-07-31,151.95,152.1,150.545,150.92,302138,0.0
2017-08-01,152.57,152.89,150.31,151.02,548557,0.0
2017-08-02,152.66,152.83,151.4599,152.24,452610,0.0
2017-08-03,152.61,153.06,151.95,152.985,338824,0.0
2017-08-06,153.35,154.66,153.34,154.43,346477,0.0
2017-08-07,154.48,155.1993,152.91,153.19,372576,0.0
2017-08-08,152.67,153.73,152.35,153.56,260781,0.0
2017-08-09,152.46,152.5,150.09,150.25,537190,0.0
2017-08-10,149.39,151.34,148.95,151.19,322735,0.0
2017-08-13,150.86,153.3,150.84,152.59,392787,0.0
2017-08-14,151.44,152.63,151.34,152.46,264247,0.0
2017-08-15,152.2,154.13,152.04,153.63,359569,0.0
2017-08-16,152.86,153.185,150.6,150.66,336976,0.0
2017-08-17,152,152.61,150.98,152.28,518012,0.0
2017-08-20,152.16,152.26,150.94,151.59,362560,0.0
2017-08-21,151.9,154.81,151.87,154.36,697143,0.0
2017-08-22,153.9,154.2,153.13,153.37,279529,0.0
2017-08-23,153.29,153.8956,152.71,153.48,236041,0.0
2017-08-24,153.74,154.8,153.55,154.23,366338,0.0
2017-08-27,153.67,154.36,153.39,154.19,196715,0.0
2017-08-28,153.63,155.525,153.5,155.11,427571,0.0
2017-08-29,153.84,155.3,153.42,154.77,505787,0.0
2017-08-30,154.92,156.67,154.59,156.21,408034,0.0
2017-08-31,157.16,157.57,156.38,157.21,301563,0.0
2017-09-04,155.91,156.46,153.465,154.8,360084,0.0
2017-09-05,156.31,157.28,155.88,156.48,395866,0.0
2017-09-06,159.01,160.94,158.32,160.91,828484,0.0
2017-09-07,160.25,161.1,159.09,159.72,514680,0.0
2017-09-10,161.11,162.88,160.94,162.78,574355,0.0
2017-09-11,161.87,162.1,160.8553,161.35,353982,0.0
2017-09-12,160.6,161,160,160.07,498529,0.0
2017-09-13,160.7,161.89,160.29,161.43,398425,0.0
2017-09-14,163.04,163.13,162.15,162.3,420647,0.0
2017-09-17,164.81,167.21,164.67,166.96,713303,0.0
2017-09-18,168.64,168.69,167.67,168.29,722140,0.0
2017-09-19,167.92,168,163.734,165.21,747894,0.0
2017-09-20,165.53,166.1,164.17,165.68,489367,0.0
2017-09-21,165.2,166.45,165.08,165.94,223977,0.0
2017-09-24,164.88,165.19,161.15,162.035,482103,0.0
2017-09-25,161.68,162.92,160.95,162.85,866096,0.0
2017-09-26,163.23,167.9,163.07,166.94,973902,0.0
2017-09-27,168.27,171,168.14,170.53,1148595,0.0
2017-09-28,170.1,171.53,169.62,171.1,803622,0.0
2017-10-01,170.39,171.76,169.78,170.77,438447,0.0
2017-10-02,170.46,170.63,169.56,170.4,338023,0.0
2017-10-03,169.97,171.43,169.52,171.24,296929,0.0
2017-10-04,169.55,169.82,167.86,168.46,322981,0.0
2017-10-05,167.93,170.915,167.7,169.38,588147,0.0
2017-10-08,169.46,170.65,169.3,170.11,259781,0.0
2017-10-09,170.27,171.18,168.92,171.18,421361,0.0
2017-10-10,171.36,173.06,171.08,172.72,595132,0.0
2017-10-11,172.06,174.89,171.95,173.64,640234,0.0
2017-10-12,176.56,176.8739,175.58,176.32,489061,0.0
2017-10-15,175.78,176.6,175.41,176.5,441139,0.0
2017-10-16,176.01,176.69,174.49,176.17,809961,0.0
2017-10-17,175.88,175.97,168.62,171.65,2242582,0.0
2017-10-18,174.03,176.29,173.4194,175.99,921952,0.0
2017-10-19,176.01,176.22,174.69,175.229,764141,0.0
2017-10-22,177.95,179.28,177.29,178.09,797877,0.0
2017-10-23,177.77,178.49,177.25,178.41,456092,0.0
2017-10-24,178.5,178.98,175.72,177.41,455331,0.0
2017-10-25,177.53,178.54,176.87,177.83,337370,0.0
2017-10-26,178.25,179.26,177.13,179,432947,0.0
2017-10-29,178.29,178.84,177.29,177.86,420747,0.0
2017-10-30,179.66,180.98,179.63,180.68,408904,0.0
2017-10-31,182.68,182.98,179.54,181.41,612027,0.0
2017-11-01,181.34,182.44,180.89,182.37,430763,0.0
2017-11-02,183.55,184.65,182.585,184.55,367362,0.0
2017-11-05,183.98,185.39,182.93,184.94,370830,0.0
2017-11-06,183.12,183.98,183.07,183.43,463382,0.0
2017-11-07,182.05,182.79,181.17,181.55,427574,0.0
2017-11-08,178.4,178.98,176.221,178,466880,0.0
2017-11-09,178.71,179.7,178.19,179.47,497007,0.0
2017-11-12,178.01,179.18,177.79,178.75,300310,0.0
2017-11-13,179.9,180.48,178.645,180.36,254194,0.0
2017-11-14,177.84,178.6903,176.55,177.93,393552,0.0
2017-11-15,179.67,181.92,179.5,181.79,687417,0.0
2017-11-16,181.27,181.37,179.77,180.36,373364,0.0
2017-11-19,179.94,182.36,179.79,181.52,535100,0.0
2017-11-20,182.67,185.45,182.67,185.41,449415,0.0
2017-11-21,184.89,185.19,182.35,183,301460,0.0
2017-11-23,185.51,186.3636,185.37,186.33,248018,0.0
2017-11-26,185.83,185.94,184.55,184.75,558757,0.0
2017-11-27,184.87,185.05,183.47,184.35,658784,0.0
2017-11-28,182.47,182.52,172.085,172.48,1786671,0.0
2017-11-29,175.86,176.55,173.78,175.5,1095605,0.0
2017-11-30,174.01,174.2225,171.21,172.43,812176,0.0
2017-12-03,175.19,175.31,168.35,169.345,1063845,0.0
2017-12-04,169.54,172.98,168.7,170.55,564058,0.0
2017-12-05,169.28,171.35,168.3,170.67,500833,0.0
2017-12-06,170.43,172.83,170.43,172.17,419766,0.0
2017-12-07,173.83,174.54,171.77,171.98,358977,0.0
2017-12-10,172.53,175.41,172.26,175.09,815874,0.0
2017-12-11,173.3,173.58,171.8,172.14,622401,0.0
2017-12-12,173.35,174.54,172.351,173.29,555351,0.0
2017-12-13,173.4,174.37,171.61,172.04,635865,0.0
2017-12-14,171.93,174.14,170.85,173.91,978075,0.0
2017-12-17,175.47,177.05,174.96,176.36,598716,0.0
2017-12-18,176.14,177.49,175.61,177.13,489446,0.0
2017-12-19,177.06,177.485,174.56,175.17,345946,0.0
2017-12-20,175.72,175.97,174.045,174.49,288647,0.0
2017-12-21,174.26,175.39,173.71,175.22,227598,0.0
2017-12-25,173.65,173.7,171.38,173.02,205116,0.0
2017-12-26,173.2,174.69,172.92,174.12,246819,0.0
2017-12-27,174.11,174.71,173.66,174.18,317997,0.0
2017-12-28,174.61,174.9199,173.72,173.84,142137,0.0
2018-01-01,174.14,177.84,173.98,177.75,521981,0.0
2018-01-02,177.73,179.58,177.68,179.09,567599,0.0
2018-01-03,180.49,181.77,179.4,180.69,504939,0.0
2018-01-04,180.84,183.45,180.75,182.83,371362,0.0
2018-01-07,183.19,184.48,182.81,183.78,570988,0.0
2018-01-08,184.07,184.17,181.24,182.85,612013,0.0
2018-01-09,181.39,181.55,179.3285,180.81,482441,0.0
2018-01-10,180.08,180.23,177.91,178.55,450940,0.0
2018-01-11,181.11,181.47,179.94,180.88,517302,0.0
2018-01-15,187.69,188.5,185.26,186.38,1105637,0.0
2018-01-16,194.99,201.2,194.76,199.19,2141507,0.0
2018-01-17,202.29,205.58,201.81,203.28,1710587,0.0
2018-01-18,205.22,206.03,203.17,205.41,888856,0.0
2018-01-21,204.5,205.54,203.3001,205.53,682787,0.0
2018-01-22,204.42,205.92,204.05,205.42,397844,0.0
2018-01-23,203.51,204.01,200.47,202.25,431017,0.0
2018-01-24,207.14,208.58,200.65,200.83,944643,0.0
2018-01-25,204.14,206.67,203.73,206.45,657681,0.0
2018-01-28,204.33,204.59,201.93,204.07,616868,0.0
2018-01-29,202.86,203.42,200.03,200.269,549140,0.0
2018-01-30,202.39,203.66,202.001,202.97,488457,0.0
2018-01-31,202.08,203.395,200.41,201.43,572740,0.0
2018-02-01,199.34,199.5,194.47,194.59,655120,0.0
2018-02-04,193.34,196.57,186.56,186.69,641119,0.0
2018-02-05,186.85,194.2945,185.84,193.86,2058734,0.0
2018-02-06,191.1,191.6,187,187.21,701341,0.0
2018-02-07,186.9,187.37,178.2,179.91,1373435,0.0
2018-02-08,182.15,184.91,175.88,183.67,1153659,0.0
2018-02-11,183.33,187.39,183.07,186.35,689501,0.0
2018-02-12,185.28,186.24,183.83,185.25,396648,0.0
2018-02-13,183.71,192.08,183.55,191.31,696549,0.0
2018-02-14,193.19,195.2,190.97,194.9,564172,0.0
2018-02-15,192.88,195.3,192.05,192.34,579828,0.0
2018-02-19,191.99,197.39,191.97,195.6,524582,0.0
2018-02-20,196.74,197.98,194.27,194.51,329331,0.0
2018-02-21,195.73,196.03,192.51,193.22,592356,0.0
2018-02-22,194.02,197.09,193.66,196.79,467012,0.0
2018-02-25,200.1,201,198.36,200.9,423045,0.0
2018-02-26,198.9,200.53,197.45,197.46,484371,0.0
2018-02-27,198.22,198.74,194.995,195.4,483670,0.0
2018-02-28,193.15,194.91,189.03,192.11,696143,0.0
2018-03-01,190.5,193.88,189.09,193.64,557782,0.0
2018-03-04,194.69,199.59,194.38,198.31,577846,0.0
2018-03-05,200.03,203.39,199.29,202.83,687242,0.0
2018-03-06,204.25,206.42,202.84,206.01,904017,0.0
2018-03-07,206.95,207.23,204.3,205.08,350568,0.0
2018-03-08,207.4,209.89,206.93,209.4,495518,0.0
2018-03-11,210.95,212.75,210.32,211.31,622261,0.0
2018-03-12,212.83,213.6,207.12,208.12,479463,0.0
2018-03-13,212.35,212.47,209.29,211.58,584838,0.0
2018-03-14,214.23,215.48,212.75,214.45,555097,0.0
2018-03-15,213.51,214.58,212.56,214.08,568652,0.0
2018-03-18,214.09,214.1,210.03,212.75,578641,0.0
2018-03-19,210.56,214.3,210.48,212.61,590196,0.0
2018-03-20,213.09,216,212.35,213.72,339677,0.0
2018-03-21,210.08,212.02,204.46,204.55,819746,0.0
2018-03-22,205.52,206.27,199.03,199.03,695992,0.0
2018-03-25,205.01,207.53,202.09,207.34,532977,0.0
2018-03-26,207.18,207.92,198.88,200.36,448404,0.0
2018-03-27,197.52,199.16,193.18,194.66,1529798,0.0
2018-03-28,195.98,200.42,194.825,198.56,540803,0.0
2018-04-01,197.47,199.16,190.63,193.01,461837,0.0
2018-04-02,197.64,200.09,196.4,199.36,566276,0.0
2018-04-03,191.66,198.31,191.49,198.25,1117808,0.0
2018-04-04,199.44,200.93,197.27,198.72,602650,0.0
2018-04-05,197.62,199.275,194.01,194.63,569848,0.0
2018-04-08,197.93,202.57,196.89,198.3,496066,0.0
2018-04-09,204.36,207.07,202,205.53,646495,0.0
2018-04-10,204.21,206.7,203.88,205.55,699760,0.0
2018-04-11,205.85,207.32,205.02,206.24,795024,0.0
2018-04-12,205.8,207.149,204.83,205.59,415274,0.0
2018-04-15,207.64,207.97,205.56,206.65,591050,0.0
2018-04-16,208.47,213.35,207.84,212.61,954586,0.0
2018-04-17,208.75,208.81,203,206.47,1254664,0.0
2018-04-18,203.51,203.62,194.185,195.05,1464678,0.0
2018-04-19,194.83,195.99,192.3,193.01,802632,0.0
2018-04-22,194.54,195.28,190.6501,191.36,544261,0.0
2018-04-23,196.02,197.07,191.67,194.16,899612,0.0
2018-04-24,193.65,193.83,190.32,191.68,664315,0.0
2018-04-25,193.94,195.98,193.3,195.64,707977,0.0
2018-04-26,194.48,194.65,191.18,191.71,895573,0.0
2018-04-29,189.62,190.21,187.63,188.46,443744,0.0
2018-04-30,188.5,191.76,187.975,191.38,373984,0.0
2018-05-01,191.2,192.27,189.901,190.27,390159,0.0
2018-05-02,192.52,193.8,189.95,192.755,904393,0.0
2018-05-03,191.25,196.332,190.74,195.5,596620,0.0
2018-05-06,194.84,195.55,194,194.85,433091,0.0
2018-05-07,192.75,194.395,192.14,193.87,415818,0.0
2018-05-08,194.87,198.09,194.64,197.875,326238,0.0
2018-05-09,199.33,201.12,199,201.08,263859,0.0
2018-05-10,199.88,200.61,198.29,198.85,276292,0.0
2018-05-13,201.42,203.67,201.3,201.92,286196,0.0
2018-05-14,201.06,201.26,197.64,199.95,385789,0.0
2018-05-15,200.96,202.97,200.82,202.85,348002,0.0
2018-05-16,203.48,204.16,201.22,202.47,381131,0.0
2018-05-17,200.55,201.15,196.68,197.25,705358,0.0
2018-05-20,202.32,202.89,200.89,202.39,537477,0.0
2018-05-21,202.99,203.63,201.5511,202.51,348660,0.0
2018-05-22,198,200.2,197.65,200.06,391275,0.0
2018-05-23,200.36,201.139,198.63,200.82,216807,0.0
2018-05-24,199.46,201.25,198.8,200.99,216200,0.0
2018-05-28,196.01,198.58,194.4554,195.52,442522,0.0
2018-05-29,197,198.65,196.11,197,441082,0.0
2018-05-30,198.37,198.86,194.81,196.66,635459,0.0
2018-05-31,200.39,202.24,198.8035,202.17,368725,0.0
2018-06-03,203.56,204.15,202.34,203.9,323181,0.0
2018-06-04,208.63,209.84,207.47,209.37,419991,0.0
2018-06-05,210.1,213.81,209.19,213.61,427688,0.0
2018-06-06,210.93,211.33,205.91,207.56,579643,0.0
2018-06-07,207.36,208.28,205.25,207.44,416360,0.0
2018-06-10,209.76,210.76,209.23,209.88,403613,0.0
2018-06-11,208.68,210.16,207.33,209.31,258286,0.0
2018-06-12,213.32,215.505,212.61,213.63,534160,0.0
2018-06-13,215.09,216.9,214.61,215.88,558482,0.0
2018-06-14,214.98,215.5,213.81,214.83,580935,0.0
2018-06-17,209.96,211.285,208.55,211.15,431130,0.0
2018-06-18,203.66,206.44,201.78,206.17,527525,0.0
2018-06-19,205.55,206.56,204.42,205.49,394743,0.0
2018-06-20,206.84,206.95,203.52,204.23,507234,0.0
2018-06-21,207.17,207.62,204.1,206.31,386150,0.0
2018-06-24,201.24,201.46,195.785,196.65,667382,0.0
2018-06-25,198.91,199.29,197.25,197.99,548789,0.0
2018-06-26,199.74,200.39,193.73,193.92,466464,0.0
2018-06-27,190.79,193.66,190.04,193.57,578156,0.0
2018-06-28,198.02,199.54,197.56,197.95,499482,0.0
2018-07-01,193.66,195.38,193.21,195.23,574187,0.0
2018-07-02,193.44,194.96,191.27,191.47,307355,0.0
2018-07-04,195.68,196.67,194.52,195.94,389282,0.0
2018-07-05,194.31,197.84,194.16,197.32,250751,0.0
2018-07-08,199.98,200.22,197.44,199.16,604916,0.0
2018-07-09,200.45,200.689,198.55,199.42,603274,0.0
2018-07-10,196.6,197.49,193.33,193.63,592507,0.0
2018-07-11,196.76,199.37,196.27,199.29,479487,0.0
2018-07-12,200.27,200.35,198.57,199.19,197757,0.0
2018-07-15,199.84,201.14,199.37,199.98,455808,0.0
2018-07-16,199.77,204.88,199.39,204.68,587225,0.0
2018-07-17,213.41,218.48,212.75,217.91,1558171,0.0
2018-07-18,215.63,216.7,214.65,215.29,561820,0.0
2018-07-19,216.75,221.46,216.71,219.91,896972,0.0
2018-07-22,219.57,221.66,217,220.9,670204,0.0
2018-07-23,219.46,219.87,213.57,213.6,525651,0.0
2018-07-24,215.72,219.07,214.89,219.07,811961,0.0
2018-07-25,215.95,216.84,214.23,216.65,1056680,0.0
2018-07-26,216.94,217.51,212.43,213.26,614817,0.0
2018-07-29,216.31,216.6,213.61,214.51,493739,0.0
2018-07-30,215.15,216.3,213.96,213.98,760269,0.0
2018-07-31,214.01,215.37,212.74,213.96,339955,0.0
2018-08-01,212.67,216.12,212.2,215.84,425553,0.0
2018-08-02,214.06,214.93,212.35,214.78,340155,0.0
2018-08-05,212.99,213.76,212.38,213.52,363284,0.0
2018-08-06,214.54,215,212.97,213.5,384795,0.0
2018-08-07,213.64,214.369,212.89,212.95,386365,0.0
2018-08-08,213.17,213.39,209.03,209.17,599221,0.0
2018-08-09,204.74,205.6,202.645,203.89,608518,0.0
2018-08-12,204.91,206.04,204.5,204.65,505318,0.0
2018-08-13,207.14,207.33,204.93,205.69,319576,0.0
2018-08-14,201.27,201.6,195.82,197.19,821630,0.0
2018-08-15,198.35,199.6,197.27,197.92,625260,0.0
2018-08-16,194.65,197.66,193.9,197.34,429216,0.0
2018-08-19,198.83,199.95,197.52,199.51,343976,0.0
2018-08-20,199.8,201.61,199.49,200.5,439915,0.0
2018-08-21,200.14,201.15,199.21,200.8,269787,0.0
2018-08-22,201.82,202.22,199.36,199.52,222613,0.0
2018-08-23,201.69,203.18,201.52,202.95,193657,0.0
2018-08-26,206.16,209.23,205.48,208.55,295664,0.0
2018-08-27,207.6,208.06,204.94,206.68,289686,0.0
2018-08-28,205.58,207.57,205.51,206.72,284804,0.0
2018-08-29,205.36,206.85,204.73,205.22,223064,0.0
2018-08-30,204.29,205.66,203.7,204.92,267827,0.0
2018-09-03,199.07,199.9,197.33,199.47,454586,0.0
2018-09-04,197.78,198.15,194.2,195.08,440990,0.0
2018-09-05,191.57,192.13,183.43,184.47,1629570,0.0
2018-09-06,181.25,184.43,180.28,180.91,586063,0.0
2018-09-09,187.61,187.71,184.58,185.67,515248,0.0
2018-09-10,182.46,183.845,181.28,183.33,375378,0.0
2018-09-11,177.38,177.48,172.69,175.45,1918381,0.0
2018-09-12,182.37,184.63,181.15,181.99,1409374,0.0
2018-09-13,183.45,185.01,182.27,184.34,784075,0.0
2018-09-16,184.07,185.04,182.75,183.05,441293,0.0
2018-09-17,184.71,187.61,184.71,186.57,488901,0.0
2018-09-18,186.79,189.28,186.28,189.03,489932,0.0
2018-09-19,191.19,192.06,189.84,191.42,410013,0.0
2018-09-20,189.44,190.1,187.96,188.47,652143,0.0
2018-09-23,190.76,191.58,189.44,191.49,409062,0.0
2018-09-24,192.05,192.35,189.63,190.21,410729,0.0
2018-09-25,186.8,191.3,186.59,188.79,549585,0.0
2018-09-26,188.11,189.84,187.74,188.75,214833,0.0
2018-09-27,185.49,188.27,185.46,188.03,470028,0.0
2018-09-30,190.85,192.52,189.51,190.07,455641,0.0
2018-10-01,188.39,192.34,188.27,190.07,289430,0.0
2018-10-02,191.24,192.34,189.94,191.76,497107,0.0
2018-10-03,190.94,191.08,184.9,187.41,348927,0.0
2018-10-04,185.9,186.98,181.59,183.79,426744,0.0
2018-10-07,181,182.88,179.69,181.65,459241,0.0
2018-10-08,180.69,183.96,180.39,183.03,462774,0.0
2018-10-09,174.57,176.52,171.85,171.92,1072748,0.0
2018-10-10,176.12,180.18,169.59,171.81,1266801,0.0
2018-10-11,175.56,176.34,171.35,174.27,650158,0.0
2018-10-14,173.48,175.12,172.83,173.35,482198,0.0
2018-10-15,178.38,182.24,177.78,181.96,543308,0.0
2018-10-16,187.58,189.25,183.31,185.01,1048000,0.0
2018-10-17,182.29,182.8,175.85,176.39,595156,0.0
2018-10-18,176.06,178.24,173.71,175.7,489533,0.0
2018-10-21,176.35,177.02,174.26,176.33,341692,0.0
2018-10-22,167.63,174.42,167.26,172.87,845440,0.0
2018-10-23,167.3,167.695,157.95,158.06,1219812,0.0
2018-10-24,165.25,170.29,163.69,169.04,731299,0.0
2018-10-25,164.4,169.16,162.26,166.21,629078,0.0
2018-10-28,168.52,169.7,160.38,163.38,542343,0.0
2018-10-29,166.1,169.41,165.66,168.59,844827,0.0
2018-10-30,170.96,173.09,169.98,172.36,546793,0.0
2018-10-31,171.06,176.0624,169.65,175.74,898858,0.0
2018-11-01,178.03,178.68,172.82,174.98,662236,0.0
2018-11-04,172.49,173.5,169.71,172.84,522252,0.0
2018-11-05,174.26,177.67,174.05,177.43,925764,0.0
2018-11-06,178.26,178.52,176.09,177.45,668082,0.0
2018-11-07,175.33,177.36,174.2,175,1387461,0.0
2018-11-08,172.59,175.86,171.75,175.52,1193935,0.0
2018-11-11,170.13,170.2847,167.05,169.095,1337356,0.0
2018-11-12,169.78,173.69,169.49,170.9,872433,0.0
2018-11-13,173.59,174.58,172.03,172.825,926505,0.0
2018-11-14,169.46,176.79,168.96,176.79,1433077,0.0
2018-11-15,170.09,171.04,167.885,168.93,3288041,0.0
2018-11-18,168.25,168.54,163.39,163.53,1265591,0.0
2018-11-19,157.04,163.09,156.58,161.36,1908128,0.0
2018-11-20,164.3,166.5,163.9,163.92,980723,0.0
2018-11-22,162.12,164.53,162.12,163.65,1066604,0.0
2018-11-25,165.14,167.66,164.29,167.38,728335,0.0
2018-11-26,166.73,168.17,165.63,167.42,519252,0.0
2018-11-27,170.28,174.42,167.75,174.34,560586,0.0
2018-11-28,172.53,173.25,170.96,171.5,1042370,0.0
2018-11-29,168.96,171.45,168.36,171.34,1275811,0.0
2018-12-02,173.86,178.2,173.13,177.689,2313776,0.0
2018-12-03,175.59,176.31,169.38,169.64,1511389,0.0
2018-12-05,164.53,166.5,162.26,166.28,1017364,0.0
2018-12-06,164.85,165.92,158.9,159.54,1345030,0.0
2018-12-09,161.52,163.08,158.81,161.42,808135,0.0
2018-12-10,163.82,164.85,160.46,161.43,1460639,0.0
2018-12-11,166.35,167.34,164.74,165.22,865185,0.0
2018-12-12,165.02,165.61,163.71,164.0001,550051,0.0
2018-12-13,162.41,164.18,160.82,161.02,633240,0.0
2018-12-16,161,164.2,159.62,160.53,595859,0.0
2018-12-17,163.18,164.73,161.77,162.51,658837,0.0
2018-12-18,159.95,162.98,153.34,153.87,1492428,0.0
2018-12-19,156.21,157.7,151.69,152.66,2596260,0.0
2018-12-20,151.77,152.59,148,148.45,1685095,0.0
2018-12-23,149.14,150.49,144.81,145.01,289883,0.0
2018-12-25,146.49,153.01,144.5,152.96,582924,0.0
2018-12-26,149.84,154.41,149.57,154.34,642762,0.0
2018-12-27,157.54,157.69,154.76,154.965,622555,0.0
2018-12-30,156.04,157.03,153.95,155.0575,285238,0.0
2019-01-01,154.28,157.25,153.84,156.245,537818,0.0
2019-01-02,151.19,152.22,147.53,147.85,946810,0.0
2019-01-03,150.65,154.96,150.04,154.09,473122,0.0
2019-01-06,156.5,159.26,155.82,157.64,900997,0.0
2019-01-07,158.5,158.77,155.55,156.4,464581,0.0
2019-01-08,161.9,163.625,160.97,162.555,690230,0.0
2019-01-09,161.29,163.05,160.51,162.685,884513,0.0
2019-01-10,161.5,163.37,160.87,161.82,502370,0.0
2019-01-13,160.1,160.35,158.26,159.24,608313,0.0
2019-01-14,158.92,160.89,158.28,159.25,404533,0.0
2019-01-15,159.17,159.39,157.5,157.575,479237,0.0
2019-01-16,155.78,158.63,155.22,157.28,856090,0.0
2019-01-17,159.18,164.01,158.86,162.53,1550405,0.0
2019-01-21,160.9,161,157.97,159.285,882704,0.0
2019-01-22,163.33,164.05,160.66,162.0325,1257310,0.0
2019-01-23,167.53,169.54,167.29,169.04,1154300,0.0
2019-01-24,173.21,176.8048,172.63,176.65,1405204,0.0
2019-01-27,171.74,175.43,171.24,174.35,1906434,0.0
2019-01-28,174.44,174.78,172.33,174.68,859150,0.0
2019-01-29,175.15,177.59,173.74,176.99,545752,0.0
2019-01-30,174.71,176.51,174.26,175.12,505830,0.0
2019-01-31,176.79,178.63,176.18,178.41,716679,0.0
2019-02-03,178.43,179.72,177.86,179.6,484592,0.0
2019-02-04,179.81,182.13,179.56,181.58,568284,0.0
2019-02-05,184.05,187.05,184.02,186.96,1361504,0.0
2019-02-06,183.56,184.01,180.31,181.26,1166832,0.0
2019-02-07,178.11,181.57,177.84,180.94,567249,0.0
2019-02-10,179.42,179.89,178.07,178.495,568416,0.0
2019-02-11,180.32,183.26,180.32,182.83,837726,0.0
2019-02-12,182.62,183.6,182.09,182.28,591753,0.0
2019-02-13,183.18,184.87,182.66,184.42,985980,0.0
2019-02-14,185.09,185.1,183.5,184.45,778201,0.0
2019-02-18,180.94,183.6,180.93,182.62,838637,0.0
2019-02-19,181.87,184.27,181.81,183.84,567082,0.0
2019-02-20,181.81,183.29,181.14,182.54,595696,0.0
2019-02-21,184.31,185.13,183.31,184.96,422775,0.0
2019-02-24,187.8,188.27,186.29,186.99,630553,0.0
2019-02-25,185.31,186.47,184.69,185.36,463692,0.0
2019-02-26,185.13,185.13,182.27,184.17,345274,0.0
2019-02-27,183.32,183.86,182.573,182.89,280603,0.0
2019-02-28,184.41,185.27,183.1648,185.12,319617,0.0
2019-03-03,185.36,186.73,183.56,185.7,485592,0.0
2019-03-04,184.65,185.78,184.15,184.53,210095,0.0
2019-03-05,184.3,184.38,181.04,181.12,455972,0.0
2019-03-06,180.13,180.15,176.93,177.46,583780,0.0
2019-03-07,175.96,178.97,175.57,178.84,367550,0.0
2019-03-10,178.34,182.1,178.31,181.04,501661,0.0
2019-03-11,182,183.53,180.81,182.58,473565,0.0
2019-03-12,183.75,183.99,182.39,182.47,387872,0.0
2019-03-13,183.25,184.28,182.7332,183.29,321876,0.0
2019-03-14,190.42,192.96,190.42,192.81,950365,0.0
2019-03-17,190.53,191.43,189.38,190.65,532645,0.0
2019-03-18,191.59,192.55,189.39,190.7,634392,0.0
2019-03-19,190.49,192.69,188.39,191.25,531799,0.0
2019-03-20,189.95,195.455,189.94,194.28,667081,0.0
2019-03-21,191.36,191.89,187.4451,187.755,370689,0.0
2019-03-24,186.33,187.94,185.1801,186.34,1061057,0.0
2019-03-25,186.19,187.95,186.07,187.23,382907,0.0
2019-03-26,187.13,187.96,183.1034,184.13,740515,0.0
2019-03-27,183.6,184.97,182.77,184.17,283580,0.0
2019-03-28,186.28,188.42,185.5,188.05,621141,0.0
2019-03-31,191.24,192.94,190.76,192.45,300087,0.0
2019-04-01,193.98,194.18,192.36,193.8,392687,0.0
2019-04-02,197.16,198.685,196.58,197.75,586219,0.0
2019-04-03,198.25,199.02,197.43,198.48,381839,0.0
2019-04-04,200.57,201.72,200.5,201.37,447223,0.0
2019-04-07,202,203.68,201.63,203.62,462107,0.0
2019-04-08,202.1,203.01,201.065,201.57,619347,0.0
2019-04-09,200.09,200.72,198.59,199.79,536953,0.0
2019-04-10,197.72,199.25,197.29,197.87,408936,0.0
2019-04-11,201.83,202.88,200.67,202.8,377079,0.0
2019-04-14,201.28,201.73,199.01,199.79,336386,0.0
2019-04-15,201.38,204.46,201.08,203.62,690498,0.0
2019-04-16,208.38,208.9,200.58,203.36,1221451,0.0
2019-04-17,206.05,207.03,204.58,206,833223,0.0
2019-04-21,204.62,205.87,203.73,205.45,310980,0.0
2019-04-22,204.11,206.1125,204.025,205.29,374048,0.0
2019-04-23,205.56,207.81,205.2,205.32,428967,0.0
2019-04-24,206.86,207.31,204.02,206.3,705350,0.0
2019-04-25,204.87,207.26,203.18,207.25,509483,0.0
2019-04-28,205.91,207.26,205.06,206.41,319408,0.0
2019-04-29,206.64,209.01,206.29,208.88,309572,0.0
2019-04-30,209.92,210.87,206.37,206.53,363610,0.0
2019-05-01,206.54,207.48,204.09,205.8,356460,0.0
2019-05-02,206.77,208.69,206.22,208.69,310882,0.0
2019-05-05,202.24,205.54,201.05,205.29,366187,0.0
2019-05-06,203,203,198.41,200.81,573578,0.0
2019-05-07,201.69,203.57,200.9,201.27,509692,0.0
2019-05-08,198.38,199.94,194.74,199,610477,0.0
2019-05-09,198.11,200,195.43,198.67,708196,0.0
2019-05-12,193.4,193.98,189.92,190.36,879878,0.0
2019-05-13,195.34,198.97,194.73,198.08,795713,0.0
2019-05-14,195.14,202.1,194.96,200.57,627692,0.0
2019-05-15,200.54,203.67,200.06,202.26,582419,0.0
2019-05-16,201.86,204.46,200.75,201.21,592477,0.0
2019-05-19,193.87,195.27,188.87,190.61,1176220,0.0
2019-05-20,194.5,195.16,193.08,193.64,654573,0.0
2019-05-21,191.48,193.84,191.48,191.5,460059,0.0
2019-05-22,189.57,191.46,188.8,190.66,785558,0.0
2019-05-23,191.97,192.66,189.67,189.8,388372,0.0
2019-05-27,192.62,193.38,190.89,190.91,558404,0.0
2019-05-28,188.56,190.08,186.9,188.57,1073405,0.0
2019-05-29,189.15,191.25,188.81,189.91,367814,0.0
2019-05-30,188.62,189.89,187.68,187.96,712232,0.0
2019-06-02,188.58,189.85,186.31,187.02,487611,0.0
2019-06-03,188.97,190.56,188.11,190.42,829185,0.0
2019-06-04,191.83,192.21,188.81,189.4,297444,0.0
2019-06-05,190.67,193.1,190.22,192.79,330722,0.0
2019-06-06,195.63,198.44,194.96,196.59,378973,0.0
2019-06-09,196.27,199.43,196.1625,198.25,690254,0.0
2019-06-10,202.36,202.66,199.06,200.25,410255,0.0
2019-06-11,199.55,199.55,196.73,196.84,362048,0.0
2019-06-12,197.76,198.14,197.01,198.09,477218,0.0
2019-06-13,191.55,193.135,190.5,191.9,858585,0.0
2019-06-16,192,192.43,189.54,189.54,435835,0.0
2019-06-17,189.49,195.8,189.49,194.73,1025148,0.0
2019-06-18,196.47,198.22,195.32,196.82,296490,0.0
2019-06-19,203.11,203.61,200.49,201.72,387352,0.0
2019-06-20,201.3,202.8,200.41,202.26,443764,0.0
2019-06-23,203.39,203.86,201.8802,202.88,425115,0.0
2019-06-24,202.8,203.09,198.12,199.04,429032,0.0
2019-06-25,204.39,204.97,203.08,204.5,545735,0.0
2019-06-26,204.69,205.53,204.085,205,253339,0.0
2019-06-27,208.96,209.765,207.62,207.93,306882,0.0
2019-06-30,215.97,216.59,212.97,214.97,587860,0.0
2019-07-01,214.52,215.27,213.36,214.465,408054,0.0
2019-07-02,213.83,214.79,213.3901,213.76,241969,0.0
2019-07-04,209.53,210.38,207.19,209.67,357994,0.0
2019-07-07,208.57,209.51,206.82,208.04,392343,0.0
2019-07-08,205.89,207.305,205.3,206.57,487153,0.0
2019-07-09,207.5,209.31,206.97,208,926515,0.0
2019-07-10,209.61,209.75,207.3,208.655,234253,0.0
2019-07-11,208.04,209.06,207.38,208.18,371874,0.0
2019-07-14,208.32,209.19,206.05,206.7,630262,0.0
2019-07-15,205.4,206.9295,204.36,205.03,583891,0.0
2019-07-16,217.65,219.58,215.21,217.68,1927757,0.0
2019-07-17,221.69,226.99,221.57,226.76,1624353,0.0
2019-07-18,223.19,224.925,223.11,223.8,723774,0.0
2019-07-21,225.29,228.1191,225.29,227.87,671205,0.0
2019-07-22,230.87,231.33,229.32,230.21,430063,0.0
2019-07-23,230.19,234.5,230.01,234.06,736265,0.0
2019-07-24,232.76,232.97,229.72,230.09,456161,0.0
2019-07-25,232.22,232.41,230.83,230.87,366235,0.0
2019-07-28,230.61,231.26,229.39,230.81,284247,0.0
2019-07-29,227.66,229.405,227.33,228.26,406817,0.0
2019-07-30,227.06,227.36,221.205,222.88,453062,0.0
2019-07-31,225.98,229.97,219.18,221.44,731631,0.0
2019-08-01,222.54,222.54,218.48,219.7,435353,0.0
2019-08-04,216.38,216.44,210.3009,212.26,617286,0.0
2019-08-05,215.58,216.535,212.545,215,391560,0.0
2019-08-06,213.57,216.24,212.4,215.7,348348,0.0
2019-08-07,216.9,220.55,216.665,220.17,553698,0.0
2019-08-08,216.91,217.36,213.22,216,333974,0.0
2019-08-11,216.05,216.61,213.7,214.39,250774,0.0
2019-08-12,212.72,220.8,211.39,219.15,537464,0.0
2019-08-13,210.82,212.25,207.07,208.76,841854,0.0
2019-08-14,209.34,211.33,207.575,209.86,603070,0.0
2019-08-15,209.29,213.33,209.09,212.84,519779,0.0
2019-08-18,216.82,217.43,215.1303,215.54,297454,0.0
2019-08-19,215.64,216.215,214.08,214.69,228147,0.0
2019-08-20,218.61,218.68,216.51,217.1,256932,0.0
2019-08-21,216.31,216.84,213.66,215.25,323407,0.0
2019-08-22,213.63,216.5,209.6,210.66,513019,0.0
2019-08-25,213.86,214.4435,212.31,213.75,243533,0.0
2019-08-26,215.31,215.67,213.1,213.88,331425,0.0
2019-08-27,213.18,215.94,212.345,215.74,288312,0.0
2019-08-28,220.05,221.87,219.53,219.76,329095,0.0
2019-08-29,223.27,224.01,220.12,222.53,319257,0.0
2019-09-02,220.65,221.58,218.9,219.84,435911,0.0
2019-09-03,224.74,227.45,224.18,227.27,388048,0.0
2019-09-04,236.35,238.025,235.7,237.04,899174,0.0
2019-09-05,238.19,240.11,237.17,238.76,507819,0.0
2019-09-08,239.08,242.32,238.885,241.35,503802,0.0
2019-09-09,240.07,241.67,238.11,241.57,696066,0.0
2019-09-10,241.68,245.24,241.24,245.24,721793,0.0
2019-09-11,245.1,248.21,244.6,246.7,729728,0.0
2019-09-12,250.36,251.23,248.37,248.95,885551,0.0
2019-09-15,246.08,247.325,245.39,246.03,368588,0.0
2019-09-16,245.66,248.415,245.2,248.1,568525,0.0
2019-09-17,248.71,250.54,246.61,249.53,366637,0.0
2019-09-18,250.43,252.1126,249.6,249.6,359059,0.0
2019-09-19,250.7,250.88,244.6729,245.43,704895,0.0
2019-09-22,246.19,249.25,245.84,248.46,265897,0.0
2019-09-23,248.74,249.94,245.14,246.52,454871,0.0
2019-09-24,242.67,248.025,241.17,247.56,433868,0.0
2019-09-25,249.56,249.6442,246.47,248.04,581534,0.0
2019-09-26,247.07,248.05,241.315,243.69,453286,0.0
2019-09-29,244.98,249.405,244.82,248.48,455880,0.0
2019-09-30,249.17,250.17,244.68,245.47,623098,0.0
2019-10-01,243.49,243.52,238.2948,240.27,614614,0.0
2019-10-02,240.91,244.88,238.54,244.36,470610,0.0
2019-10-03,244.47,246.355,244.18,246.035,904902,0.0
2019-10-06,247.41,249.43,247.18,247.38,911273,0.0
2019-10-07,244.05,245.6,241.51,242.3,1013166,0.0
2019-10-08,245.56,247.95,244.84,246.28,755910,0.0
2019-10-09,249.14,254.24,248.38,251.48,1590187,0.0
2019-10-10,258.4,262.46,257.74,260,1851854,0.0
2019-10-13,259.82,262,259.09,261.61,1344972,0.0
2019-10-14,263.44,269.39,263.01,267.56,2409097,0.0
2019-10-15,260.26,260.695,253.53,254.52,2942964,0.0
2019-10-16,256.19,257.17,253.26,253.815,2952517,0.0
2019-10-17,253.99,255.3,252.33,254.31,2974511,0.0
2019-10-20,257.36,261,257.1,260.385,712848,0.0
2019-10-21,258.81,260.27,255.07,255.29,746487,0.0
2019-10-22,254.85,257.95,253.585,257.75,770859,0.0
2019-10-23,260.76,265.48,260.6468,264.83,582081,0.0
2019-10-24,262.45,264.7,261.88,263.98,507470,0.0
2019-10-27,267.39,268.36,265.8803,266.38,576496,0.0
2019-10-28,268.88,269.26,264.24,264.7,462927,0.0
2019-10-29,263.16,266.02,261.08,265.65,451869,0.0
2019-10-30,265.3,265.3,261.32,261.84,605427,0.0
2019-10-31,267.21,270.84,266.38,270.595,559746,0.0
2019-11-03,272.6,275,272.085,273.18,601119,0.0
2019-11-04,271.82,273.93,271,271.91,348506,0.0
2019-11-05,269.55,270.13,267.81,268.67,830814,0.0
2019-11-06,269.08,270.77,267.2,267.5,530048,0.0
2019-11-07,265.79,268.2,264.69,267.2,683702,0.0
2019-11-10,266.15,267.49,265.13,266.87,410740,0.0
2019-11-11,268.2,269.15,266.61,267.56,285715,0.0
2019-11-12,268.03,270.49,267.305,269.87,391659,0.0
2019-11-13,268.65,270.4558,268.15,269.73,510530,0.0
2019-11-14,274.31,275.52,273.58,274.98,646652,0.0
2019-11-17,273.07,276.23,271.81,273.38,416191,0.0
2019-11-18,272.95,273.24,270.4,271.36,371548,0.0
2019-11-19,271.3,272,267,268.98,371853,0.0
2019-11-20,269.45,269.51,266.59,267.02,547669,0.0
2019-11-21,269.87,270.23,264.81,266.02,585795,0.0
2019-11-24,268.36,271.75,268.13,271.03,360768,0.0
2019-11-25,273.72,273.84,271.21,271.49,378896,0.0
2019-11-26,271.2,271.65,270.08,271.44,270081,0.0
2019-11-28,273.43,273.43,270.43,270.62,223341,0.0
2019-12-01,270.11,270.21,263.92,265.55,729857,0.0
2019-12-02,263.14,265,261.11,265,841541,0.0
2019-12-03,268.96,270.41,268.14,269.77,402083,0.0
2019-12-04,272.81,275.18,271.4,273.81,596640,0.0
2019-12-05,280.8,281.97,278.595,280.1,627521,0.0
2019-12-08,282.12,282.5,277.4317,277.44,355252,0.0
2019-12-09,277.89,280.28,277.23,279.11,341611,0.0
2019-12-10,278.44,284.36,278.44,284.05,421136,0.0
2019-12-11,281.7,287.28,281.3,287.25,754420,0.0
2019-12-12,288.53,291.83,287.11,289.89,634371,0.0
2019-12-15,291.23,293.95,291.23,292.97,511562,0.0
2019-12-16,296.98,297.09,293.06,294.84,354792,0.0
2019-12-17,294.83,295.66,291.91,292.31,441678,0.0
2019-12-18,290.65,291.83,289.14,291.82,368682,0.0
2019-12-19,292.75,294.36,292.3071,293.71,609923,0.0
2019-12-22,295.5,297.42,295.45,295.93,379704,0.0
2019-12-23,293.99,295.19,291.3,295.19,193683,0.0
2019-12-25,295.04,296.545,294.23,296.33,165814,0.0
2019-12-26,297.45,298.5,296.15,296.67,281503,0.0
2019-12-29,296.42,296.7,293.65,295.13,305050,0.0
2019-12-30,294.98,296.49,293.36,295.8,213554,0.0
2020-01-01,301.27,303.32,300.61,302.74,497158,0.0
2020-01-02,298.04,300.75,297.66,298,335916,0.0
2020-01-05,293.17,295.72,292.43,295.5,514259,0.0
2020-01-06,298.67,301.218,297.41,298.76,418653,0.0
2020-01-07,300.66,303.19,299.94,301.89,411747,0.0
2020-01-08,303.28,303.9065,300.275,301.4,524523,0.0
2020-01-09,300.05,300.51,295.56,296.38,405767,0.0
2020-01-12,298.68,301.62,297.5,301.26,349022,0.0
2020-01-13,299.15,305.9,298.47,302.41,581228,0.0
2020-01-14,301.6,302.95,299.75,300.1,417104,0.0
2020-01-15,302.55,302.94,299.55,301.07,485816,0.0
2020-01-16,300.9,301.05,299.27,300.04,656126,0.0
2020-01-20,298.11,301.25,297.47,298.38,1051667,0.0
2020-01-21,300.56,301.66,296.01,296.24,2083710,0.0
2020-01-22,296.93,297.1,291.56,294.16,1302799,0.0
2020-01-23,296.89,299.33,294.49,295.58,1714566,0.0
2020-01-26,287.16,288.62,283.77,284.28,791308,0.0
2020-01-27,286.23,290.26,285.16,290.18,1401185,0.0
2020-01-28,296.07,298.29,293.71,296.17,866237,0.0
2020-01-29,290.79,294.7,290.54,294.5,732754,0.0
2020-01-30,288,288.25,280.17,280.45,1219802,0.0
2020-02-02,283.63,288.8516,283.32,288.29,711819,0.0
2020-02-03,294.8,299.26,294.23,299.26,706726,0.0
2020-02-04,307.35,307.35,303.05,306.32,922680,0.0
2020-02-05,307.53,309.605,306.62,309.56,662245,0.0
2020-02-06,304.67,305.63,303.2,305,1682720,0.0
2020-02-09,304.04,309.7,304,309.7,317319,0.0
2020-02-10,313.04,316.27,313.01,315.97,751022,0.0
2020-02-11,315.63,317.71,315.25,317.32,617435,0.0
2020-02-12,314.95,318.37,314.02,317.2,692674,0.0
2020-02-13,317.37,319.22,314.51,316.2,626565,0.0
2020-02-17,307.4,310.205,306.89,309,705519,0.0
2020-02-18,311.15,317.63,311,317.4,1191135,0.0
2020-02-19,315.85,316.58,310.44,313.44,725064,0.0
2020-02-20,310.2,310.83,304.73,306.01,1074366,0.0
2020-02-23,289.05,295.23,288.27,290.39,1249324,0.0
2020-02-24,295.55,295.93,284.44,284.69,923288,0.0
2020-02-25,289.45,292.31,285.59,286.3,754627,0.0
2020-02-26,278.86,286.85,275.87,276.99,1259985,0.0
2020-02-27,267.81,277.46,265.98,276.78,1500893,0.0
2020-03-01,279.81,287.49,275.47,287.03,970482,0.0
2020-03-02,292.93,296.85,282.2187,283.76,1417956,0.0
2020-03-03,292.39,301.99,289.9812,301.61,1191724,0.0
2020-03-04,291.04,295.94,286.04,288.47,1352519,0.0
2020-03-05,284.46,288.24,281.29,288.21,1015962,0.0
2020-03-08,265.45,276.37,263.86,264.46,2612484,0.0
2020-03-09,277.99,280.35,265,280.19,1373483,0.0
2020-03-10,272.15,274.33,260.56,264.09,1053785,0.0
2020-03-11,245.29,254.86,237.55,240.74,2177553,0.0
2020-03-12,257.06,257.86,233.84,256.96,1770902,0.0
2020-03-15,220.65,248.205,209.62,229.36,1375210,0.0
2020-03-16,231.55,239.98,225.02,238.35,2952104,0.0
2020-03-17,213.36,226.29,191.2542,196.99,2697751,0.0
2020-03-18,205.81,219.24,200.59,214.07,1496535,0.0
2020-03-19,225.15,237.32,215.59,215.85,2274418,0.0
2020-03-22,225.33,235.3,222.67,232.23,1593066,0.0
2020-03-23,254.33,260.53,250.8,260.36,1288489,0.0
2020-03-24,260.67,272.3368,251.95,262.07,1117630,0.0
2020-03-25,262.89,277.14,261.61,277.04,917531,0.0
2020-03-26,262.21,263.71,251.81,252.35,1151501,0.0
2020-03-29,263.57,270.1264,260.69,267.39,954957,0.0
2020-03-30,268.12,268.59,259,262.25,816682,0.0
2020-03-31,253.13,257.68,247.38,249.53,615512,0.0
2020-04-01,243.87,251.955,242.25,247.71,1399838,0.0
2020-04-02,246.06,248,242.48,244.6,487118,0.0
2020-04-05,259.77,272.78,259.42,270.42,672577,0.0
2020-04-06,280.46,281.28,271,272.76,697571,0.0
2020-04-07,278.03,281.34,274.41,278.325,807237,0.0
2020-04-08,282.22,285.13,275.12,276.79,645973,0.0
2020-04-12,274.85,276.15,272.01,273.57,752526,0.0
2020-04-13,286.99,294.76,285.05,289,2168972,0.0
2020-04-14,276.92,284.54,275.05,282,2823910,0.0
2020-04-15,289.83,292.55,286.17,292.4,3365100,0.0
2020-04-16,301.25,301.43,293.61,295.14,2884922,0.0
2020-04-19,291.65,298.0099,291.44,291.86,1385580,0.0
2020-04-20,286.07,287.55,278.57,281.33,1799721,0.0
2020-04-21,290,295.215,288.23,294.72,1764768,0.0
2020-04-22,290.94,297.16,288.31,289.73,1341400,0.0
2020-04-23,289.89,292.46,285.974,291.75,1199281,0.0
2020-04-26,293.78,294.76,290.28,290.9,1303789,0.0
2020-04-27,297.59,297.59,291.09,291.17,483645,0.0
2020-04-28,296.3,304.76,295.35,303.71,1508784,0.0
2020-04-29,301.36,301.53,287.06,288.68,800692,0.0
2020-04-30,283.86,283.86,278.2,279.06,1568990,0.0
2020-05-03,279.6,283.225,275.96,283.18,944980,0.0
2020-05-04,284.33,293,284.33,288.71,1546476,0.0
2020-05-05,293.89,295.78,290.79,291.65,492962,0.0
2020-05-06,297.94,300.12,294.55,299.57,1062354,0.0
2020-05-07,300.22,304.51,299.44,304.23,628691,0.0
2020-05-10,298.6,305.8,298.35,304.4,477033,0.0
2020-05-11,305.38,305.9,296.25,296.31,881716,0.0
2020-05-12,298.49,301.47,290.75,294.23,892359,0.0
2020-05-13,286.17,303.76,283.31,302.37,1220283,0.0
2020-05-14,292.75,296.22,290.1,292.97,842480,0.0
2020-05-17,297.69,306.56,297.66,304.91,1353286,0.0
2020-05-18,303.82,311.99,303.73,306.19,619913,0.0
2020-05-19,318.24,326.26,317.55,325.56,1984390,0.0
2020-05-20,322.6,324.46,317.3,318.94,1112454,0.0
2020-05-21,315.97,319.5,314.32,319.41,641250,0.0
2020-05-25,322.46,325.38,319.38,319.86,494573,0.0
2020-05-26,318.99,319.595,311.11,318.6,719669,0.0
2020-05-27,321.26,329.08,319.41,320.03,708615,0.0
2020-05-28,325.45,329.98,324.24,329.63,1120808,0.0
2020-05-31,323.88,327.16,323.5,326.74,955092,0.0
2020-06-01,331.69,335.02,328.77,335.02,1315392,0.0
2020-06-02,340.51,347.46,338.85,346.0825,1222004,0.0
2020-06-03,347.85,353.39,347.0008,353.23,1665472,0.0
2020-06-04,359,364.16,356.16,357.175,821529,0.0
2020-06-07,350.97,351.57,343.11,349.31,929632,0.0
2020-06-08,346.62,353.14,345.18,349.556,1163536,0.0
2020-06-09,351.01,353.42,347.735,347.95,1887970,0.0
2020-06-10,341.6,344.82,332.8,333.11,783347,0.0
2020-06-11,346.26,347.265,340.86,340.86,417678,0.0
2020-06-14,337.51,350.01,336.63,350.01,1063474,0.0
2020-06-15,351.25,355,347.04,352.05,768285,0.0
2020-06-16,361.38,365.75,360.41,361.93,1260826,0.0
2020-06-17,359.58,361.8,356.54,358.88,392088,0.0
2020-06-18,364.73,368.1432,359.59,360.68,1218608,0.0
2020-06-21,362.38,364.9253,359.82,364.09,500424,0.0
2020-06-22,370.61,371.8,366.55,366.84,577905,0.0
2020-06-23,365.59,367.56,359.53,361.31,558493,0.0
2020-06-24,362.47,366.93,358.58,366.31,421197,0.0
2020-06-25,367.43,368.2,361,361.83,421629,0.0
2020-06-28,362.93,365.1,358.11,365.1,471312,0.0
2020-06-29,362.2156,368.91,362.19,367.64,610563,0.0
2020-06-30,368.03,370.19,365.27,367.6,482968,0.0
2020-07-01,373.56,375.875,372.41,373.15,403903,0.0
