Date,Open,High,Low,Close,Volume,OpenInterest
2016-07-13,41.9,42.06,41.2,41.84,8912149,0.0
2016-07-14,41.96,42.12,41.53,41.73,4408444,0.0
2016-07-17,41.93,41.97,41.58,41.67,5418578,0.0
2016-07-18,41.51,41.61,40.95,41.06,8736256,0.0
2016-07-19,41.21,41.24,40.76,40.92,5501402,0.0
2016-07-20,40.95,41.35,40.6,40.81,5852968,0.0
2016-07-21,40.9,41.52,40.48,41.43,4029417,0.0
2016-07-24,41.96,42.63,41.4,41.93,8702596,0.0
2016-07-25,41.92,42.18,40.72,41.1,7592667,0.0
2016-07-26,41.06,41.17,40.33,40.43,12598250,0.0
2016-07-27,39.84,40.35,39.6,40.27,10396295,0.0
2016-07-28,40.41,40.88,39.51,39.71,12835221,0.0
2016-07-31,39.94,40.09,39.52,40.07,5865462,0.0
2016-08-01,40.07,40.24,39.53,39.75,5959412,0.0
2016-08-02,39.64,40.75,39.33,39.93,7906029,0.0
2016-08-03,40.48,40.65,40.08,40.37,9742072,0.0
2016-08-04,41.75,41.99,39.67,40.11,17923856,0.0
2016-08-07,40.27,40.83,40,40.61,6899687,0.0
2016-08-08,40.52,41.53,40.45,41.24,7386514,0.0
2016-08-09,41.14,41.51,40.65,41.1,4913859,0.0
2016-08-10,41.14,41.71,40.84,40.85,6072321,0.0
2016-08-11,40.68,41.27,40.37,40.68,5721781,0.0
2016-08-14,41.15,41.93,40.81,41.02,5284497,0.0
2016-08-15,39.8,40.29,38.85,38.87,22602225,0.0
2016-08-16,39.11,39.51,38.9,39.43,10798329,0.0
2016-08-17,39.54,40.32,39.5,40.02,6317246,0.0
2016-08-18,40.13,40.29,39.5,39.53,4818614,0.0
2016-08-21,39.54,39.72,39.36,39.67,4203529,0.0
2016-08-22,39.79,40.27,39.79,40.19,5865198,0.0
2016-08-23,40.22,40.74,39.98,40.68,4557530,0.0
2016-08-24,40.47,40.81,40.01,40.53,7418598,0.0
2016-08-25,40.49,40.75,40.2,40.59,6441282,0.0
2016-08-28,40.66,41.14,40.57,40.83,5369160,0.0
2016-08-29,40.87,41.16,40.67,41.12,5066424,0.0
2016-08-30,40.95,41.1,40.66,40.91,4994999,0.0
2016-08-31,40.98,42.25,40.95,41.68,7245581,0.0
2016-09-01,41.82,43.02,41.76,42.8,7886355,0.0
2016-09-05,42.52,43.2,42.12,43.02,12335973,0.0
2016-09-06,43.25,43.795,42.82,42.89,8815224,0.0
2016-09-07,42.88,43.36,42.25,43.3,7455270,0.0
2016-09-08,42.79,43.15,41.81,41.82,7184887,0.0
2016-09-11,41.48,43.05,41.38,42.97,10088877,0.0
2016-09-12,42.74,43.57,42.31,43.41,8181677,0.0
2016-09-13,43.48,44.03,42.94,43.17,6592958,0.0
2016-09-14,43.13,44.26,43.01,44.09,11251541,0.0
2016-09-15,44.16,44.16,43.68,43.92,12479609,0.0
2016-09-18,44.08,44.34,43.51,43.63,7477441,0.0
2016-09-19,43.77,44.28,43.61,43.64,5270970,0.0
2016-09-20,44.39,44.72,43.36,44.67,8032191,0.0
2016-09-21,44.86,45.12,43.94,44.01,5303486,0.0
2016-09-22,44.54,44.61,43.61,44.36,7903413,0.0
2016-09-25,44.22,44.34,43.93,43.98,3738922,0.0
2016-09-26,43.91,44.2,43.55,43.72,7990444,0.0
2016-09-27,43.71,43.92,43.27,43.67,4766349,0.0
2016-09-28,43.66,43.93,43.34,43.72,7830801,0.0
2016-09-29,43.87,44.44,43.49,44.3,6510725,0.0
2016-10-02,44.3,44.55,43.47,43.61,4791030,0.0
2016-10-03,43.69,43.83,43.27,43.64,5287276,0.0
2016-10-04,43.61,44.61,43.5,44.525,5131758,0.0
2016-10-05,44.55,44.6,43.27,43.5,5697382,0.0
2016-10-06,43.61,43.98,43.24,43.43,4915242,0.0
2016-10-09,43.46,43.74,43.21,43.3,4136219,0.0
2016-10-10,43.07,43.11,42.03,42.42,6354778,0.0
2016-10-11,42.49,42.92,42.22,42.85,4991991,0.0
2016-10-12,42.49,42.94,42.15,42.68,3619628,0.0
2016-10-13,43.08,43.83,42.92,43.69,7399037,0.0
2016-10-16,43.63,43.7,42.9,43.04,4076328,0.0
2016-10-17,43.52,44.25,43.47,43.69,7183892,0.0
2016-10-18,43.73,44.02,43.3,43.8,3939017,0.0
2016-10-19,43.92,43.92,43.11,43.82,4396147,0.0
2016-10-20,43.82,44.57,43.42,44.54,3700746,0.0
2016-10-23,44.9,45.49,44.77,45.47,5932488,0.0
2016-10-24,45.53,45.55,44.46,44.56,3220812,0.0
2016-10-25,44.45,44.965,44.2,44.44,4257040,0.0
2016-10-26,44.65,44.82,43.21,43.23,5038845,0.0
2016-10-27,43.14,43.55,42.94,43.33,7449793,0.0
2016-10-30,42.93,43.14,42.52,42.69,6025988,0.0
2016-10-31,42.79,42.88,41.95,42.6,10296287,0.0
2016-11-01,42.63,43.0899,42.26,42.61,6903291,0.0
2016-11-02,42.96,43.18,42.16,42.88,11597251,0.0
2016-11-03,40.58,42.76,40.4,41.23,17525363,0.0
2016-11-06,42.03,42.08,40.45,40.63,16543908,0.0
2016-11-07,40.56,41.04,40.37,40.55,14292832,0.0
2016-11-08,39.75,40.23,38.9,39.7,12081238,0.0
2016-11-09,39.91,39.95,38.04,38.7,13945292,0.0
2016-11-10,38.43,39.45,38.23,39.41,9426868,0.0
2016-11-13,39.21,39.53,37.32,37.35,13703311,0.0
2016-11-14,37.58,39.12,37.53,38.52,12209502,0.0
2016-11-15,38.51,39.045,38.1401,38.97,7363217,0.0
2016-11-16,39.1,40,38.95,39.95,10647211,0.0
2016-11-17,39.92,40.2,38.13,38.38,15770364,0.0
2016-11-20,38.58,38.64,37.755,38,10532421,0.0
2016-11-21,38.03,38.06,36.66,36.75,20889702,0.0
2016-11-22,36.14,37.13,35.91,36.84,10744916,0.0
2016-11-24,37.03,37.46,36.87,37.22,2838893,0.0
2016-11-27,37.37,37.73,36.86,36.95,5212359,0.0
2016-11-28,36.86,38.03,36.63,37.97,8723653,0.0
2016-11-29,38.08,38.16,36.17,36.2,10134576,0.0
2016-11-30,36.24,36.32,35.06,35.18,11337179,0.0
2016-12-01,35.26,35.62,34.73,35.31,6359268,0.0
2016-12-04,35.61,36.58,35.49,36.48,7861866,0.0
2016-12-05,36.6,37.04,36.05,36.29,6543423,0.0
2016-12-06,36.33,37.55,36.28,37.45,6168993,0.0
2016-12-07,37.45,37.62,36.78,36.97,6352243,0.0
2016-12-08,36.78,36.97,35.94,36.38,8438819,0.0
2016-12-11,36.36,37.27,36.15,37.17,4559382,0.0
2016-12-12,37.39,38.16,36.77,36.9,8640840,0.0
2016-12-13,36.81,36.94,35.72,36.74,12009567,0.0
2016-12-14,36.9,37.45,36.61,36.99,6054300,0.0
2016-12-15,37.05,37.075,35.9,36.06,5306411,0.0
2016-12-18,35.92,36.37,35.46,36.22,4262919,0.0
2016-12-19,36.26,36.78,36.23,36.42,3815716,0.0
2016-12-20,36.51,36.74,36.16,36.49,5074839,0.0
2016-12-21,36.49,36.52,35.88,36.44,4663291,0.0
2016-12-22,36.44,36.73,36.01,36.09,2337768,0.0
2016-12-26,36.15,36.71,36.11,36.52,2240794,0.0
2016-12-27,36.64,36.93,36.22,36.43,4018754,0.0
2016-12-28,36.5,36.78,35.88,36.07,3529446,0.0
2016-12-29,36.12,36.25,35.55,36.11,4203140,0.0
2017-01-02,36.44,36.72,35.79,36.23,7321691,0.0
2017-01-03,36.35,37.52,36.22,37.37,6652351,0.0
2017-01-04,37.45,38.265,37.39,37.94,8666592,0.0
2017-01-05,37.95,38.19,37.48,37.89,7622220,0.0
2017-01-08,38.09,38.16,37.37,37.7,4525102,0.0
2017-01-09,37.67,38.05,37.06,37.95,6732447,0.0
2017-01-10,38.04,39.28,37.87,39.2,8557351,0.0
2017-01-11,38.99,39.22,38.56,38.69,6720034,0.0
2017-01-12,38.24,39.14,38.16,38.95,5753964,0.0
2017-01-16,38.95,39.24,38.27,38.51,4751442,0.0
2017-01-17,38.56,39.11,38.28,39.08,3854088,0.0
2017-01-18,39.05,39.15,38.43,38.43,4202789,0.0
2017-01-19,38.97,39.25,38.38,38.53,4049354,0.0
2017-01-22,38.53,38.75,38.07,38.1,4550741,0.0
2017-01-23,38.14,38.72,37.96,38.66,7402802,0.0
2017-01-24,38.93,39.58,38.67,39.57,3908873,0.0
2017-01-25,39.68,39.69,38.98,39.03,2778538,0.0
2017-01-26,39.21,39.57,38.98,39.17,4447594,0.0
2017-01-29,39.14,39.33,39.03,39.17,5027169,0.0
2017-01-30,39.15,39.82,39.07,39.76,8773497,0.0
2017-01-31,39.87,40.11,38.71,40.02,8868419,0.0
2017-02-01,40.01,40.6,39.58,40.47,5243364,0.0
2017-02-02,40.71,40.73,39.68,40.01,7564943,0.0
2017-02-05,40.01,40.22,39.45,40.19,7411850,0.0
2017-02-06,40.22,40.65,39.85,40.04,7998281,0.0
2017-02-07,40.1,40.12,38.72,38.75,10027847,0.0
2017-02-08,38.98,39.35,38.5,39.29,12398088,0.0
2017-02-09,44.47,47.09,44.41,46.7,48065045,0.0
2017-02-12,46.05,46.7,45.39,45.7,20627799,0.0
2017-02-13,45.25,45.57,44.42,44.48,14394545,0.0
2017-02-14,44.21,45.61,43.96,45.49,10252222,0.0
2017-02-15,44.86,45.4,44.61,45.39,7908373,0.0
2017-02-16,45.4,45.44,44.93,45.33,4702785,0.0
2017-02-20,45.41,45.75,44.8,44.83,5877919,0.0
2017-02-21,44.55,44.92,44.18,44.72,5700963,0.0
2017-02-22,44.79,45.245,44.1,45.08,5055949,0.0
2017-02-23,44.91,45.11,44.35,45.04,5405816,0.0
2017-02-26,44.82,45.82,44.51,45.18,4711535,0.0
2017-02-27,44.99,45.68,44.87,45.13,7145513,0.0
2017-02-28,45.47,46.8,45.18,46.61,13936334,0.0
2017-03-01,46.57,46.75,46.05,46.16,6709270,0.0
2017-03-02,46.07,46.63,45.98,46.54,4410655,0.0
2017-03-05,46.23,47.91,46.23,47.81,7328031,0.0
2017-03-06,47.73,48.32,47.42,47.52,6727022,0.0
2017-03-07,47.57,48.21,47.45,48.04,5647131,0.0
2017-03-08,48.14,48.54,47.99,48.47,6473379,0.0
2017-03-09,48.77,49.01,48.24,48.65,6058193,0.0
2017-03-12,48.69,49.14,48.58,48.95,6460341,0.0
2017-03-13,48.65,48.79,48.4,48.53,5525129,0.0
2017-03-14,48.51,48.89,48.08,48.67,5086682,0.0
2017-03-15,48.75,48.91,48.38,48.55,4111524,0.0
2017-03-16,48.86,49.3199,48.39,48.58,4471994,0.0
2017-03-19,48.61,48.84,48.04,48.41,4025157,0.0
2017-03-20,48.55,48.89,47.63,47.68,6907585,0.0
2017-03-21,47.53,48.72,47.27,48.68,6329362,0.0
2017-03-22,48.64,48.77,47.96,48.23,4896455,0.0
2017-03-23,48.42,48.85,48.19,48.57,5002873,0.0
2017-03-26,48.19,49.1,48.19,48.75,5572088,0.0
2017-03-27,49.01,49.98,48.85,49.76,11088156,0.0
2017-03-28,49.99,50.32,49.82,49.88,5299766,0.0
2017-03-29,49.86,50.14,49.77,49.93,3298833,0.0
2017-03-30,49.76,49.83,49.36,49.6,5892242,0.0
2017-04-02,49.6,49.81,49,49.28,4116738,0.0
2017-04-03,49.37,49.5,48.73,48.79,4524893,0.0
2017-04-04,48.95,49.5,48.62,49.19,3717507,0.0
2017-04-05,49.19,49.39,48.69,49.11,2919153,0.0
2017-04-06,49.05,49.695,48.97,49.36,3151504,0.0
2017-04-09,49.25,49.39,48.62,48.79,3422030,0.0
2017-04-10,48.65,49.13,48.48,48.83,2704485,0.0
2017-04-11,48.66,48.77,48.19,48.39,3186238,0.0
2017-04-12,48.46,48.94,48.16,48.17,3161177,0.0
2017-04-16,48.31,49.01,48.25,48.55,2988774,0.0
2017-04-17,48.37,49.11,48.26,48.92,3077834,0.0
2017-04-18,48.97,49.66,48.93,49.1,2637214,0.0
2017-04-19,49.39,49.8,49.15,49.69,3428633,0.0
2017-04-20,49.73,49.94,49.43,49.61,2817841,0.0
2017-04-23,50.24,50.91,50.1,50.62,3169345,0.0
2017-04-24,50.76,51.4,50.74,51.355,5017642,0.0
2017-04-25,51.4,51.5,50.72,51.1,3858845,0.0
2017-04-26,51.27,52.11,51.15,51.91,3627831,0.0
2017-04-27,52.05,52.12,51.51,51.98,3442950,0.0
2017-04-30,52.36,53.03,52.05,52.43,3469593,0.0
2017-05-01,52.9,53.12,52.5,52.76,4122296,0.0
2017-05-02,52.89,53.05,52.29,52.57,4020949,0.0
2017-05-03,52.73,53.38,52.22,53.07,6614354,0.0
2017-05-04,53.69,54.47,52.8,53.55,9337507,0.0
2017-05-07,53.53,53.82,53.08,53.71,4560632,0.0
2017-05-08,53.65,54.675,53.47,54.635,3794040,0.0
2017-05-09,55.26,56.05,54.96,55.7,7170235,0.0
2017-05-10,55.68,55.79,55.03,55.75,3743602,0.0
2017-05-11,55.9,56.095,55.51,56.01,3272374,0.0
2017-05-14,55.73,56.47,55.63,56.4,4266727,0.0
2017-05-15,56.71,57.299,56.42,56.78,4632729,0.0
2017-05-16,56.1,56.145,53.91,53.95,9031673,0.0
2017-05-17,53.62,55.1,53.38,54.87,7644829,0.0
2017-05-18,55.04,55.69,54.66,55.59,5208678,0.0
2017-05-21,55.91,56.94,55.47,56.83,5763114,0.0
2017-05-22,58.94,59.81,57.14,57.81,9182576,0.0
2017-05-23,57.94,58.48,56.88,58.21,6608127,0.0
2017-05-24,58.67,59.13,58.43,58.92,6495253,0.0
2017-05-25,58.87,58.91,57.72,58.27,6175770,0.0
2017-05-29,58.48,58.67,57.77,58.58,4319770,0.0
2017-05-30,58.3,58.51,57.82,58.28,4814685,0.0
2017-05-31,58.51,59.57,58.4,59.56,9436947,0.0
2017-06-01,59.65,59.69,58.72,59.34,4128042,0.0
2017-06-04,59.46,60.275,59.4,59.49,3284879,0.0
2017-06-05,59.62,59.93,59.14,59.84,3227152,0.0
2017-06-06,60.06,60.85,59.98,60.22,5160476,0.0
2017-06-07,60.34,60.41,59.25,60.24,5400270,0.0
2017-06-08,60.33,60.8,56.95,58.02,11398058,0.0
2017-06-11,56.79,56.88,55.13,56.47,14092202,0.0
2017-06-12,57.15,57.75,56.4,57.6,6112782,0.0
2017-06-13,57.73,59.03,57.58,58.45,7114376,0.0
2017-06-14,57.11,59.47,56.9,58.91,7798992,0.0
2017-06-15,58.76,59.39,58.33,58.5,5981479,0.0
2017-06-18,59.19,60.42,58.86,60.32,4402374,0.0
2017-06-19,60.61,61.1,59.94,60.15,4850486,0.0
2017-06-20,60.5,60.94,60.14,60.68,4358223,0.0
2017-06-21,60.42,61.5767,60.03,61.16,4491689,0.0
2017-06-22,61.03,61.09,60.02,60.13,4434796,0.0
2017-06-25,60.37,60.87,59.27,60.22,3700300,0.0
2017-06-26,60.11,60.11,57.77,57.99,6367518,0.0
2017-06-27,58.27,58.83,57.52,58.79,6449834,0.0
2017-06-28,58.4,58.5,55.94,57.28,7766954,0.0
2017-06-29,57.63,57.82,56.88,57.27,4919342,0.0
2017-07-02,57.56,57.72,56.14,56.23,3239988,0.0
2017-07-04,56.66,57.42,55.86,56.87,5185751,0.0
2017-07-05,56.27,56.78,56.02,56.33,4621777,0.0
2017-07-06,56.47,58.36,56.33,57.79,4948800,0.0
2017-07-09,57.98,58.63,57.68,58.21,3274437,0.0
2017-07-10,58.13,58.27,57.38,57.98,3477463,0.0
2017-07-11,58.53,61.02,58.395,60.71,8752158,0.0
2017-07-12,60.89,61.21,60.07,60.19,5916278,0.0
2017-07-13,60.54,60.97,60.28,60.44,3747649,0.0
2017-07-16,60.51,60.58,59.8,60.19,2513750,0.0
2017-07-17,60.3,61.05,59.97,61.02,3856195,0.0
2017-07-18,61.25,62.07,60.56,61.02,4480969,0.0
2017-07-19,61.1,61.44,60.47,61.08,3028350,0.0
2017-07-20,60.74,61.37,60.63,60.92,4631858,0.0
2017-07-23,60.95,61.58,60.8,61.12,3284883,0.0
2017-07-24,61.31,61.875,60.92,60.95,3848652,0.0
2017-07-25,61.15,62.32,61.14,62.32,4210174,0.0
2017-07-26,62.8,62.87,59.76,61.17,6858789,0.0
2017-07-27,60.65,61.745,60.25,61.44,3610874,0.0
2017-07-30,61.55,61.98,60.98,61.78,4020292,0.0
2017-07-31,62.2,62.46,61.52,62.08,3645760,0.0
2017-08-01,62.29,62.33,60.13,61.44,4597987,0.0
2017-08-02,63.01,63.92,61.76,63.64,10127845,0.0
2017-08-03,63.12,63.3,60.92,61.69,9216946,0.0
2017-08-06,61.75,62.8,61.49,62.501,6391699,0.0
2017-08-07,62.31,62.475,60.84,61.02,7321512,0.0
2017-08-08,60.33,61.57,60.05,61.37,5087368,0.0
2017-08-09,60.84,61.25,59.79,59.9,5179702,0.0
2017-08-10,59.95,60.77,59.46,60.43,4758466,0.0
2017-08-13,61.2,62.76,61.01,61.57,4437377,0.0
2017-08-14,61.81,62.075,61.09,61.97,2254609,0.0
2017-08-15,62.13,62.9,61.81,62.57,3781818,0.0
2017-08-16,62.25,62.72,61.05,61.06,2691186,0.0
2017-08-17,60.95,62.39,60.73,62.02,3576321,0.0
2017-08-20,62,62.29,61.12,61.46,2778764,0.0
2017-08-21,61.78,63.97,61.69,63.93,6549479,0.0
2017-08-22,63.34,64.21,63.06,64.02,4370084,0.0
2017-08-23,64.31,64.45,62.8,63.44,3158452,0.0
2017-08-24,63.63,63.96,62.49,62.59,3537811,0.0
2017-08-27,63.09,63.12,62.1,62.43,2977131,0.0
2017-08-28,61.72,63.48,61.63,63.15,3735470,0.0
2017-08-29,63.2,65.46,63.06,65.34,6463194,0.0
2017-08-30,65.66,66.24,64.81,65.22,5775619,0.0
2017-08-31,65.33,65.53,63.43,65.11,4822195,0.0
2017-09-04,64.84,65.25,63.84,65.04,4007877,0.0
2017-09-05,65.06,65.3,63.63,63.67,4482499,0.0
2017-09-06,63.96,65.87,63.72,65.84,6202056,0.0
2017-09-07,65.54,66.09,64.48,64.93,3897219,0.0
2017-09-10,65.54,66.37,65.33,65.82,4247147,0.0
2017-09-11,66.11,66.16,64.92,65.75,3940449,0.0
2017-09-12,65.58,65.74,64.64,65.39,3783988,0.0
2017-09-13,64.7,65.66,64.35,64.84,3704433,0.0
2017-09-14,64.94,65.11,64.34,64.67,6306547,0.0
2017-09-17,64.76,65.12,63.7,63.87,4887679,0.0
2017-09-18,64.02,64.29,63.01,63.98,5192334,0.0
2017-09-19,64.47,64.87,63.55,64.67,5253566,0.0
2017-09-20,64.53,64.64,63.51,64.11,3520627,0.0
2017-09-21,63.74,64.59,63.02,63.57,4629376,0.0
2017-09-24,63.39,63.42,61.01,61.82,7266910,0.0
2017-09-25,62.12,62.43,61.26,61.44,4649841,0.0
2017-09-26,61.69,63.13,61.68,62.77,3393849,0.0
2017-09-27,62.68,63.6,62.31,63.54,4822983,0.0
2017-09-28,63.49,64.71,63.44,64.49,3859377,0.0
2017-10-01,64.42,64.71,62.99,63.38,4651229,0.0
2017-10-02,63.61,63.7895,62.63,63.12,3117357,0.0
2017-10-03,62.76,63.02,61.85,62.62,5765204,0.0
2017-10-04,62.65,63.1,62.21,62.77,3178399,0.0
2017-10-05,62.41,63.05,61.97,62.93,2679238,0.0
2017-10-08,61.16,61.46,60.25,61.18,7171519,0.0
2017-10-09,60.84,61.24,60.45,61.13,3962975,0.0
2017-10-10,60.97,61.205,60.31,61.05,4840399,0.0
2017-10-11,61.13,62.26,60.89,61.73,3657526,0.0
2017-10-12,62.07,62.12,60.28,60.77,5572156,0.0
2017-10-15,60.81,61.93,60.7,61.48,3451964,0.0
2017-10-16,61.19,61.54,60.66,61.34,2091236,0.0
2017-10-17,61.41,62.025,61.15,61.18,3067676,0.0
2017-10-18,60.62,61.69,60.03,61.67,3852306,0.0
2017-10-19,62.17,62.83,61.92,62.31,4235843,0.0
2017-10-22,62.37,62.55,61.225,61.47,3523509,0.0
2017-10-23,61.94,63.33,61.74,62.41,5265965,0.0
2017-10-24,61.95,62.27,61.19,61.82,4285314,0.0
2017-10-25,62.23,62.59,61.55,61.74,4091637,0.0
2017-10-26,62.36,64.04,62.36,63.81,4991804,0.0
2017-10-29,63.98,65.58,63.95,65.29,5603489,0.0
2017-10-30,65.37,65.93,64.86,65.15,5941644,0.0
2017-10-31,65.4,65.44,63.92,64.99,4252194,0.0
2017-11-01,65.07,65.5,64.49,65.11,4790711,0.0
2017-11-02,66.5,66.65,62.11,62.88,16611329,0.0
2017-11-05,63.08,63.39,60.4,60.56,11626411,0.0
2017-11-06,60.73,61.03,59.78,60.65,6239165,0.0
2017-11-07,62.17,64.9,61.82,64.22,9723822,0.0
2017-11-08,63.17,63.86,62.28,62.99,4462188,0.0
2017-11-09,62.55,62.75,61.93,62.68,2949784,0.0
2017-11-12,62.4,63.97,62.35,63.29,2385676,0.0
2017-11-13,63.05,64.37,62.48,64.02,3528592,0.0
2017-11-14,63.44,63.67,62.21,62.57,3244697,0.0
2017-11-15,62.82,64.09,62.73,63.8,3539422,0.0
2017-11-16,63.67,64.13,63.18,63.77,3429544,0.0
2017-11-19,63.59,63.84,62.95,63.6,2429557,0.0
2017-11-20,63.97,64.695,63.86,64.5,2880630,0.0
2017-11-21,64.91,66.16,64.77,64.81,4538040,0.0
2017-11-23,64.84,66.14,64.78,66.035,1320917,0.0
2017-11-26,66.18,66.45,65.63,65.75,2687529,0.0
2017-11-27,66.02,66.38,65.54,65.97,2608358,0.0
2017-11-28,65.61,65.71,61.63,61.69,7610787,0.0
2017-11-29,62.23,62.51,60.55,62.4,6540141,0.0
2017-11-30,61.96,62.69,60.7128,61.64,4401663,0.0
2017-12-03,62.05,62.14,58.03,58.3,10435450,0.0
2017-12-04,57.36,60.43,57.02,59.24,6575948,0.0
2017-12-05,59.17,60.5,58.33,60.44,7321044,0.0
2017-12-06,60.48,62.12,60.37,61.58,5737045,0.0
2017-12-07,62.26,63.51,61.83,62.11,4247285,0.0
2017-12-10,61.82,62.86,61.82,62.85,2648582,0.0
2017-12-11,63.75,64.69,62.85,64.07,5347636,0.0
2017-12-12,64.52,64.95,63.97,64.27,4294676,0.0
2017-12-13,64.02,65.45,64,64.7,3917195,0.0
2017-12-14,65.14,66.67,64.67,66.39,6167038,0.0
2017-12-17,67.08,67.4,65.51,65.67,5004203,0.0
2017-12-18,65.76,65.91,64.23,64.9,4976062,0.0
2017-12-19,65.31,65.44,64.0061,64.38,3818530,0.0
2017-12-20,64.51,64.8965,63.8,64.75,2755177,0.0
2017-12-21,64.52,64.88,64.12,64.18,2752675,0.0
2017-12-25,63.88,64.11,63.03,63.12,2380124,0.0
2017-12-26,63.36,63.47,62.75,63.02,3847073,0.0
2017-12-27,63.01,63.35,62.27,63.07,2691350,0.0
2017-12-28,63.3,63.64,62.79,63.33,2319449,0.0
2018-01-01,63.54,64.67,63.37,63.98,3554593,0.0
2018-01-02,64.21,65.745,64.08,64.98,3592060,0.0
2018-01-03,65.41,65.53,64.03,64.66,3050837,0.0
2018-01-04,64.88,66.18,64.49,66.03,4088806,0.0
2018-01-07,66.17,66.95,65.33,66.29,3526857,0.0
2018-01-08,66.41,66.48,64.57,66.19,5111103,0.0
2018-01-09,65.93,66.78,65.78,66.49,3196415,0.0
2018-01-10,68.29,69.31,67.23,68.88,6559400,0.0
2018-01-11,69.35,70.36,68.71,70,6381221,0.0
2018-01-15,70.56,70.81,68.05,68.36,4014937,0.0
2018-01-16,69.62,70.82,68.45,70,5501418,0.0
2018-01-17,69.76,70.37,68.83,69.44,4406317,0.0
2018-01-18,69.86,70.84,69.12,70.57,3741948,0.0
2018-01-21,70.45,71.4,69.68,71.3,2830871,0.0
2018-01-22,71.03,71.99,70.79,71.18,3816471,0.0
2018-01-23,71.43,71.69,69.67,70.07,7360370,0.0
2018-01-24,70.6,71.2,69.95,70.46,3856291,0.0
2018-01-25,70.99,72.39,70.41,72.15,4609764,0.0
2018-01-28,72.13,72.67,71.33,72.08,6882833,0.0
2018-01-29,71.07,71.8,70.36,71.61,4234012,0.0
2018-01-30,72.96,74.945,72.96,73.75,5201519,0.0
2018-01-31,73.08,74.24,72.8,72.97,3858400,0.0
2018-02-01,72.29,72.59,71.01,71.05,4565562,0.0
2018-02-04,70.18,70.77,66.91,67.98,8330013,0.0
2018-02-05,65.63,69.48,65.38,69.34,8655014,0.0
2018-02-06,69.25,70.49,69.06,69.1,5100702,0.0
2018-02-07,69.27,69.47,65.76,65.83,8438085,0.0
2018-02-08,66.94,67.64,63.32,66.74,16398452,0.0
2018-02-11,66.81,68.93,66.81,67.97,6709686,0.0
2018-02-12,67.6,68.21,67,68.04,4372610,0.0
2018-02-13,67.2,69.53,67.11,69.29,6053988,0.0
2018-02-14,69.64,72.05,68.7,71.99,5093836,0.0
2018-02-15,71.96,72.1252,69.42,69.83,5365847,0.0
2018-02-19,69.6,70.91,69.38,70.48,4103314,0.0
2018-02-20,70.54,71.84,69.9,70.22,4615399,0.0
2018-02-21,70.06,70.7,68.71,69.13,4008722,0.0
2018-02-22,69.64,71.71,69.44,71.7,4729286,0.0
2018-02-25,72.39,73.73,72.3,72.78,3965240,0.0
2018-02-26,72.7,73,71.67,72.24,3243163,0.0
2018-02-27,72.77,74.51,72.59,73.135,5815437,0.0
2018-02-28,73.16,73.42,71.52,72,6770111,0.0
2018-03-01,71.06,74.35,70.74,74,5540574,0.0
2018-03-04,73.42,74.97,72.92,74.71,5029258,0.0
2018-03-05,75.4,75.48,72.86,73.54,6389114,0.0
2018-03-06,73.01,73.77,72.39,73.69,4706654,0.0
2018-03-07,74.1,76.49,73.82,76.42,6835483,0.0
2018-03-08,76.57,77.85,76.02,77.82,7645393,0.0
2018-03-11,78.82,79.21,75.89,76.47,7026327,0.0
2018-03-12,77.09,77.45,75.42,75.54,4187490,0.0
2018-03-13,75.98,76.09,73.68,73.84,9677956,0.0
2018-03-14,72.61,73.31,72.13,73,8847128,0.0
2018-03-15,73.53,73.56,71.36,71.64,8086551,0.0
2018-03-18,71,72.03,69.81,71.05,6641115,0.0
2018-03-19,71.35,72.08,70.79,71.36,3152140,0.0
2018-03-20,71.2,72.63,71.11,71.61,3604641,0.0
2018-03-21,70.63,71.625,69.32,69.4,3661812,0.0
2018-03-22,69.49,70.15,68.02,68.05,4122746,0.0
2018-03-25,69.43,70.14,68.43,70.07,3691256,0.0
2018-03-26,70.67,70.67,65.56,66.3,5844243,0.0
2018-03-27,65.93,66.57,64.45,65.97,8261409,0.0
2018-03-28,66.51,68.04,64.92,67.46,7546620,0.0
2018-04-01,66.8,67.23,64.0918,65.09,7688297,0.0
2018-04-02,65.39,65.86,64.09,65.48,5618407,0.0
2018-04-03,63.955,66.52,63.52,66.26,4037507,0.0
2018-04-04,67.2,67.66,66.15,66.52,3706637,0.0
2018-04-05,65.85,66.36,64.13,64.56,2961649,0.0
2018-04-08,65.16,66.77,64.96,65.77,4533494,0.0
2018-04-09,66.96,67.05,65.3,66.51,5305089,0.0
2018-04-10,65.8,66.77,65.71,65.86,2456715,0.0
2018-04-11,66.25,67.58,65.8,67.22,3354648,0.0
2018-04-12,67.41,67.59,65.29,65.88,4045348,0.0
2018-04-15,66.53,66.85,65.76,66.55,4066780,0.0
2018-04-16,67.25,68.52,67.1,68.29,4832248,0.0
2018-04-17,68.75,69.01,67.97,68.69,3624544,0.0
2018-04-18,68.39,68.72,67.44,67.68,3508497,0.0
2018-04-19,67.44,67.47,65.96,66.3,3809394,0.0
2018-04-22,66.6,67.84,65.965,66.24,3220341,0.0
2018-04-23,66.46,67.24,64.71,65.35,3973272,0.0
2018-04-24,65.42,65.76,64.01,64.83,3090625,0.0
2018-04-25,65.26,66.695,64.93,66.34,3843140,0.0
2018-04-26,66.69,67.3,65.51,65.79,4065679,0.0
2018-04-29,65.86,66.6,65.28,66.33,3320018,0.0
2018-04-30,66.15,67.99,65.59,67.78,3739557,0.0
2018-05-01,67.92,68.89,67.66,68.4,6436985,0.0
2018-05-02,68.48,71.03,64.06,66.62,18618747,0.0
2018-05-03,66.1,69.92,66.0228,69.86,9507505,0.0
2018-05-06,70.27,70.73,69.6,70.375,4407746,0.0
2018-05-07,69.66,70.16,69.18,69.62,2918414,0.0
2018-05-08,69.98,72.04,69.81,71.24,4537518,0.0
2018-05-09,71.78,72.91,71.32,72.9,4259552,0.0
2018-05-10,72.76,72.78,71.27,71.69,4010244,0.0
2018-05-13,71.87,72.34,71.035,71.7,2436287,0.0
2018-05-14,71.03,71.155,69.67,70.18,2907660,0.0
2018-05-15,71.13,71.94,70.1,70.34,3827820,0.0
2018-05-16,70.32,71.9,70.11,71.65,5570605,0.0
2018-05-17,71.52,72.14,71.05,71.99,4703062,0.0
2018-05-20,72.5,73.5,71.19,71.44,5327676,0.0
2018-05-21,71.88,72.57,71.23,71.37,3364121,0.0
2018-05-22,70.79,71.805,70.55,71.74,2794422,0.0
2018-05-23,71.75,71.94,70.05,70.8,4517091,0.0
2018-05-24,70.66,71.81,70.6,71.43,3039979,0.0
2018-05-28,70.8,71.19,69.87,70.64,3765437,0.0
2018-05-29,70.92,71.21,70.51,70.69,2805878,0.0
2018-05-30,70.81,72.28,70.69,70.9,4438102,0.0
2018-05-31,71.42,73.21,70.77,73.02,5379451,0.0
2018-06-03,73.25,73.86,72.66,72.78,3137266,0.0
2018-06-04,72.79,73.35,72.19,72.77,3728674,0.0
2018-06-05,73.26,75.01,73.26,74.78,4781683,0.0
2018-06-06,74.79,75.28,73.08,73.95,3324914,0.0
2018-06-07,73.51,74.83,73.45,74.3,3448248,0.0
2018-06-10,74.25,75.53,74.225,74.99,4088044,0.0
2018-06-11,75.23,76.04,74.791,75.95,3144608,0.0
2018-06-12,76.04,77.52,75.7,76.68,5817856,0.0
2018-06-13,76.83,79.25,76.8,77.72,5449345,0.0
2018-06-14,77.66,77.83,76.37,77.43,3545636,0.0
2018-06-17,76.99,77.93,76.47,77.87,2609507,0.0
2018-06-18,76.64,77.3,75.655,77.26,2707280,0.0
2018-06-19,77.25,77.67,76.78,76.85,2620575,0.0
2018-06-20,77.17,77.9054,75.31,76.06,3786409,0.0
2018-06-21,76.46,76.56,75.215,75.97,2231170,0.0
2018-06-24,75.19,75.4,74.14,74.73,4070683,0.0
2018-06-25,75.32,76.42,74.43,75.27,3443174,0.0
2018-06-26,75.77,75.89,73.4,73.42,3484850,0.0
2018-06-27,74,76.19,73.66,76.01,3653135,0.0
2018-06-28,76.44,77.24,76.08,76.33,3499530,0.0
2018-07-01,75.47,77.325,75,77.27,2266925,0.0
2018-07-02,77.64,77.68,75.72,75.88,1524247,0.0
2018-07-04,76.51,76.81,75.685,76.19,6765526,0.0
2018-07-05,76.25,77.48,76.02,77.2,1882724,0.0
2018-07-08,77.7,77.99,75.93,76.83,3192526,0.0
2018-07-09,77,77.07,75.6749,76.18,2253967,0.0
2018-07-10,75.35,79.3631,75.35,78.61,6875171,0.0
2018-07-11,79.33,81.46,78.67,81.38,7520953,0.0
2018-07-12,81.4,81.64,79.921,81.5,3764167,0.0
2018-07-15,81.61,81.64,80.1,80.22,3535695,0.0
2018-07-16,79.33,81.16,77.55,80.95,3806541,0.0
2018-07-17,80.79,81.47,80.395,81.28,3949687,0.0
2018-07-18,80.8,81.19,80.19,80.61,2681864,0.0
2018-07-19,80.93,80.955,79.55,79.65,4484400,0.0
2018-07-22,79.44,80,78.82,79.75,2424934,0.0
2018-07-23,80.1,80.2,77.96,78.41,3813504,0.0
2018-07-24,78.6,79.74,78.32,79.47,3917328,0.0
2018-07-25,79.39,79.62,77.46,77.65,5609482,0.0
2018-07-26,77.08,77.5744,74.67,75.37,5796420,0.0
2018-07-29,75.37,75.48,71.79,72.76,8422415,0.0
2018-07-30,72.91,74.29,72.515,73.42,5566639,0.0
2018-07-31,73.75,74.58,72.92,73.07,5092754,0.0
2018-08-01,73.65,74.159,72.55,74.05,5276925,0.0
2018-08-02,74.5,75.25,70.73,71.31,11984050,0.0
2018-08-05,71.16,71.61,70.46,70.57,5553310,0.0
2018-08-06,70.57,71.665,69.87,70.22,6440669,0.0
2018-08-07,70.07,70.55,69.27,70.01,6022323,0.0
2018-08-08,70.02,70.97,69.56,70.52,6461629,0.0
2018-08-09,70.1,71.04,69.77,70.62,3936209,0.0
2018-08-12,70.61,72.3,70.255,70.52,5205271,0.0
2018-08-13,71.04,71.7359,70.18,71.29,4233814,0.0
2018-08-14,70.39,70.81,68.445,69.31,7779210,0.0
2018-08-15,69.68,69.99,68.91,69.69,8359894,0.0
2018-08-16,69.51,69.67,68.33,69.14,4825534,0.0
2018-08-19,69.21,69.39,68.22,68.94,3761930,0.0
2018-08-20,69.27,70.26,69.04,69.67,4748136,0.0
2018-08-21,69.58,71.52,69.5001,71.43,7029012,0.0
2018-08-22,71.56,71.895,70.51,71.17,6437106,0.0
2018-08-23,71.71,74.16,71.46,74.08,7745823,0.0
2018-08-26,74.87,75,73.33,74.08,5414929,0.0
2018-08-27,74.25,74.33,73.39,74.01,3195684,0.0
2018-08-28,73.94,75.4,73.8778,74.85,4228731,0.0
2018-08-29,74.4,75.77,73.6,74.1,6944373,0.0
2018-08-30,71.52,72.45,71.01,72.09,7138621,0.0
2018-09-03,72.13,73.04,72.03,72.98,5189547,0.0
2018-09-04,72.93,73.18,70.995,71.65,4510619,0.0
2018-09-05,71.63,72.43,71.15,71.96,5031754,0.0
2018-09-06,71.83,73.71,71.81,73.58,4149388,0.0
2018-09-09,73.91,74.73,73.25,74.27,3949130,0.0
2018-09-10,74.88,79.54,74.66,79.51,13228494,0.0
2018-09-11,79.7,81.49,78.8,80.53,7794945,0.0
2018-09-12,80.59,81.4,79.8301,80.44,5349503,0.0
2018-09-13,80.5,82.03,80.43,81.27,5319541,0.0
2018-09-16,81.49,81.88,78.66,78.88,4909174,0.0
2018-09-17,78.82,80.38,78.82,79.63,3671016,0.0
2018-09-18,79.93,80.13,78.52,79.57,3195526,0.0
2018-09-19,79.91,81.04,79.345,80.65,3734005,0.0
2018-09-20,81.33,81.33,80.25,80.28,5273873,0.0
2018-09-23,79.7,80.69,79.35,80.61,4356392,0.0
2018-09-24,80.915,81.26,79.87,80.51,3542712,0.0
2018-09-25,81.11,82.46,81.02,81.57,5603543,0.0
2018-09-26,81.94,83.23,81.92,82.87,5470747,0.0
2018-09-27,82.76,83.75,82.74,83.21,5231587,0.0
2018-09-30,84.18,84.6794,82.31,83.27,4360978,0.0
2018-10-01,83.02,83.75,82.2001,83.38,3767300,0.0
2018-10-02,83.82,83.925,82.5201,83.01,3491195,0.0
2018-10-03,82.5,82.68,79.83,80.36,6655451,0.0
2018-10-04,79.5,81,78.66,79.58,4252429,0.0
2018-10-07,79.02,79.25,76.33,77.63,5546498,0.0
2018-10-08,76.9395,78.85,76.62,77.64,4118140,0.0
2018-10-09,77.52,77.59,73.43,73.59,7934337,0.0
2018-10-10,73.8,75.64,73.2281,73.85,7542809,0.0
2018-10-11,79.225,79.2475,76.55,77.92,11444607,0.0
2018-10-14,75.54,76.7,74.05,75.67,10492488,0.0
2018-10-15,77.14,78.98,76.49,78.73,6951159,0.0
2018-10-16,77.35,78.53,76.96,78.3,4729973,0.0
2018-10-17,73.97,74.58,71.22,71.79,18273168,0.0
2018-10-18,72.09,72.76,69.53,69.75,10066312,0.0
2018-10-21,70.1,70.95,69.32,69.78,4705787,0.0
2018-10-22,67.79,69.39,66.7139,68.98,6217619,0.0
2018-10-23,69.13,70.09,67.24,67.25,7933962,0.0
2018-10-24,67.91,70.73,67.66,70.35,6193048,0.0
2018-10-25,68.25,70.21,67.59,68.821,5846027,0.0
2018-10-28,70.34,70.34,63.4,65.24,10062004,0.0
2018-10-29,65.69,67.5,65.34,67.48,8194204,0.0
2018-10-30,68.67,70.14,68.12,69,6222692,0.0
2018-10-31,69.43,69.73,67.95,69.32,4202759,0.0
2018-11-01,69.95,70.29,68.38,68.96,4699933,0.0
2018-11-04,68,68.3,64,64.34,15766533,0.0
2018-11-05,64.32,65.9799,63.67,64.24,9133097,0.0
2018-11-06,65.26,66.5999,64.985,65.09,12203813,0.0
2018-11-07,65.37,65.4,62.35,62.5,11349972,0.0
2018-11-08,54.99,56.92,53.5,55,30406770,0.0
2018-11-11,55,55.6,53.81,53.93,10648481,0.0
2018-11-12,54.2,54.98,52.39,52.55,8675233,0.0
2018-11-13,53.19,53.49,51.37,51.61,8698248,0.0
2018-11-14,51.41,53.675,51.03,53.56,11343079,0.0
2018-11-15,53.06,53.1,50.855,50.94,10181071,0.0
2018-11-18,50.81,50.87,48.89,49.14,12494170,0.0
2018-11-19,47.77,49.905,46.83,49.26,13176230,0.0
2018-11-20,50.04,51.5,49.86,50.9,9343988,0.0
2018-11-22,50.46,51,49.72,50.07,4952939,0.0
2018-11-25,50.69,51.02,49.99,50.91,8758064,0.0
2018-11-26,50.61,50.82,49.8,50.75,7391549,0.0
2018-11-27,51.1,51.205,49.98,51.03,6858846,0.0
2018-11-28,50.64,52.91,50.6,52.565,8234229,0.0
2018-11-29,52.53,52.55,49.26,49.87,11912996,0.0
2018-12-02,51,51.44,46.45,46.6,29448700,0.0
2018-12-03,46.66,48.4,46.34,46.51,21609423,0.0
2018-12-05,46.25,48.31,45.5,48.16,17415123,0.0
2018-12-06,47.87,48.7699,47.2,47.21,15919182,0.0
2018-12-09,47.23,48.37,46.67,47.88,10330857,0.0
2018-12-10,48.57,48.86,47.72,48.2,10299828,0.0
2018-12-11,49.05,50.22,48.42,48.44,10556253,0.0
2018-12-12,48.75,49.26,47.721,48.52,7218902,0.0
2018-12-13,47.47,48.45,46.97,47.74,6746445,0.0
2018-12-16,47.6,48.42,46.64,47.08,8044893,0.0
2018-12-17,47.75,47.85,46.78,47.33,7711538,0.0
2018-12-18,47.33,48.12,45.855,46.33,7344701,0.0
2018-12-19,46.18,47.7301,45.9301,47.06,9015350,0.0
2018-12-20,47.62,47.96,44.96,45.84,13278737,0.0
2018-12-23,45.35,46.29,43.92,43.97,5771768,0.0
2018-12-25,44.43,46.45,43.71,46.42,10738265,0.0
2018-12-26,45.71,47.06,45.21,47.06,6723651,0.0
2018-12-27,47.32,47.5851,46.1,46.771,5287576,0.0
2018-12-30,47.04,47.32,46.01,46.405,6493592,0.0
2019-01-01,45.25,47.51,45.1367,46.94,6557866,0.0
2019-01-02,46.44,46.6524,45,45.4,6543576,0.0
2019-01-03,46,47.55,45.13,47.11,7915370,0.0
2019-01-06,47.24,49.0799,47.09,48.535,7758260,0.0
2019-01-07,49.07,51.105,49,49.99,11297624,0.0
2019-01-08,50.37,51.41,49.9145,50.82,7067473,0.0
2019-01-09,50.5,51.49,50.09,51.34,5408710,0.0
2019-01-10,46.38,46.84,44.47,46.565,33748077,0.0
2019-01-13,46.07,47.68,45.82,47.3498,9530423,0.0
2019-01-14,47.33,47.8853,46.62,46.83,7495856,0.0
2019-01-15,46.76,47.375,45.86,47.095,8236802,0.0
2019-01-16,46.95,47.63,46.41,47.38,7015238,0.0
2019-01-17,47.89,49.32,47.84,48.66,9920291,0.0
2019-01-21,48.17,48.17,46.82,46.885,7422708,0.0
2019-01-22,47.32,47.44,45.63,45.98,8353838,0.0
2019-01-23,45.94,47.4,45.89,47.24,5580451,0.0
2019-01-24,47.86,48.39,47.32,47.805,5541634,0.0
2019-01-27,47,47.22,45.96,46.74,8300278,0.0
2019-01-28,46.36,46.47,45.23,45.72,6949116,0.0
2019-01-29,46.18,46.31,45.5,46.31,7949677,0.0
2019-01-30,46.46,47.49,45.98,47.255,7647875,0.0
2019-01-31,47.19,47.49,45.51,45.98,15142736,0.0
2019-02-03,46.32,47.03,46.07,46.725,9347556,0.0
2019-02-04,46.93,48.09,46.61,47.74,7460628,0.0
2019-02-05,45,45,42.53,42.995,32467506,0.0
2019-02-06,43.21,44.33,43.05,43.925,15763686,0.0
2019-02-07,43.78,43.93,42.88,43.355,17789167,0.0
2019-02-10,43.8,43.8,39.85,40.1901,42831166,0.0
2019-02-11,40.34,42.2352,40.11,41.72,26379087,0.0
2019-02-12,42.93,45.33,42.84,44.585,48898889,0.0
2019-02-13,44.09,46.59,43.7901,45.46,20071915,0.0
2019-02-14,45.47,45.6,44.14,44.545,16132532,0.0
2019-02-18,44.45,44.79,43.5,44.46,11332177,0.0
2019-02-19,44.67,45.56,42.48,42.78,18889646,0.0
2019-02-20,42.7,42.86,41.67,41.91,12854870,0.0
2019-02-21,42,42.25,41.25,41.505,12392720,0.0
2019-02-24,41.82,42.21,41,41.96,8980701,0.0
2019-02-25,41.82,42.68,41.72,42.07,7070054,0.0
2019-02-26,42.06,42.36,41.61,41.79,7840083,0.0
2019-02-27,41.78,42.35,41.67,42.15,7963201,0.0
2019-02-28,42.6,43.179,42.18,42.84,8468136,0.0
2019-03-03,43.06,43.25,41.31,41.8,7604267,0.0
2019-03-04,41.84,42,41.05,41.87,6186114,0.0
2019-03-05,41.95,42.86,41.86,42.56,7668078,0.0
2019-03-06,42.43,42.4721,41.18,41.42,8572347,0.0
2019-03-07,41.01,42.12,40.89,42.04,7722982,0.0
2019-03-10,42.23,43.1,41.99,42.92,5070153,0.0
2019-03-11,43.07,43.1499,42.555,42.63,4880127,0.0
2019-03-12,42.83,43.95,42.565,43.7,7013754,0.0
2019-03-13,43.73,43.93,43.23,43.32,5711360,0.0
2019-03-14,44.675,45.085,43.91,44.63,9101987,0.0
2019-03-17,44.93,45.16,44.12,44.98,8169831,0.0
2019-03-18,45.61,47.295,45.29,46.42,14280431,0.0
2019-03-19,46.4,47.09,46.13,46.15,11055806,0.0
2019-03-20,46.08,48.83,45.9,48.61,13010616,0.0
2019-03-21,48.31,48.45,46.28,46.88,10340414,0.0
2019-03-24,46.75,47.545,46.42,46.97,6652312,0.0
2019-03-25,47.28,47.88,45.96,46.43,9101459,0.0
2019-03-26,46.29,46.29,45.24,45.52,7388089,0.0
2019-03-27,45.34,45.71,44.8702,45.6,7427782,0.0
2019-03-28,46.18,46.37,45.01,45.55,5352748,0.0
2019-03-31,46.5,47.235,46.16,47.13,3420199,0.0
2019-04-01,47.42,47.78,46.2,47.44,8783623,0.0
2019-04-02,47.75,48.6,47.4,47.65,8407577,0.0
2019-04-03,47.68,47.82,46.58,46.95,5121908,0.0
2019-04-04,47.08,47.54,46.675,47.28,4802379,0.0
2019-04-07,47.23,47.63,46.37,47.57,5053906,0.0
2019-04-08,47.19,47.65,46.85,47.01,3694067,0.0
2019-04-09,47.34,47.96,47.15,47.86,3242800,0.0
2019-04-10,48.06,48.24,46.855,47.17,4348104,0.0
2019-04-11,47.4,47.68,46.94,47.27,3138927,0.0
2019-04-14,47.27,47.57,45.64,45.75,6791412,0.0
2019-04-15,45.95,45.95,44.74,45.06,9204892,0.0
2019-04-16,45.17,45.34,43.96,44.97,6139962,0.0
2019-04-17,45.18,45.59,44.65,45.3,3916981,0.0
2019-04-21,45.24,45.53,44.7,45.34,3266896,0.0
2019-04-22,45.6,46.76,45.47,46.5,5383188,0.0
2019-04-23,46.45,46.89,46.04,46.76,4689481,0.0
2019-04-24,46.66,47.46,46.135,47.41,6783848,0.0
2019-04-25,47.48,48.48,47.3,48.14,5823222,0.0
2019-04-28,48.43,48.98,48.215,48.39,6699827,0.0
2019-04-29,48.41,48.65,47.775,48.23,6025167,0.0
2019-04-30,48.35,49.56,48.24,48.57,8874571,0.0
2019-05-01,48.78,49.83,48.72,49.54,12143533,0.0
2019-05-02,48.2,48.67,46.16,47.15,24645044,0.0
2019-05-05,46.03,48.2,46,48.16,9548561,0.0
2019-05-06,47.71,47.97,46.35,46.69,6711619,0.0
2019-05-07,47.05,47.315,46.4,46.81,8344010,0.0
2019-05-08,46.14,47.04,45.7,46.65,6611089,0.0
2019-05-09,46.56,46.63,43.52,46.02,4963849,0.0
2019-05-12,44.73,45.13,43.17,43.41,8285321,0.0
2019-05-13,43.7,45.175,43.38,44.69,6262337,0.0
2019-05-14,44.49,46.52,44.43,46.28,6324554,0.0
2019-05-15,46.27,47.32,45.82,47.29,4915586,0.0
2019-05-16,46.81,47.365,46.295,46.39,3430216,0.0
2019-05-19,45.65,45.65,43.33,43.61,7394532,0.0
2019-05-20,43.97,44.055,43.4,43.45,6791929,0.0
2019-05-21,42.94,43.64,42.83,42.91,6825661,0.0
2019-05-22,42.43,42.79,41.95,42.18,6217132,0.0
2019-05-23,42.46,42.78,41.84,42.29,4275845,0.0
2019-05-27,43.66,44.7,43.275,43.5,9162513,0.0
2019-05-28,43.2,44.16,42.84,43.99,7394279,0.0
2019-05-29,44.04,44.48,43.16,43.56,4795577,0.0
2019-05-30,43.11,43.78,43.01,43.36,4565807,0.0
2019-06-02,43.32,43.39,42.1,42.37,5456993,0.0
2019-06-03,42.98,43.64,42.25,43.62,4903651,0.0
2019-06-04,43.77,44.68,43.49,44.53,5180768,0.0
2019-06-05,44.15,44.74,43.7,44.11,3512066,0.0
2019-06-06,44.28,45.63,44.055,45.385,5995532,0.0
2019-06-09,45.77,46.47,45.2,46,5653116,0.0
2019-06-10,46.49,47.06,46.19,46.7,6041520,0.0
2019-06-11,46.46,46.53,44.97,45.08,5665969,0.0
2019-06-12,45.45,46.11,45.08,46.05,10209285,0.0
2019-06-13,45.8,45.96,45.12,45.62,8301204,0.0
2019-06-16,45.7,45.95,45,45.07,7123799,0.0
2019-06-17,45.55,46.48,45.33,45.79,6080442,0.0
2019-06-18,45.77,45.77,44.585,45.33,4857591,0.0
2019-06-19,45.99,46.33,45.45,45.68,3609622,0.0
2019-06-20,45.53,45.94,45.19,45.91,4872713,0.0
2019-06-23,45.64,47.21,45.64,47.15,6383664,0.0
2019-06-24,47.07,47.49,45.66,46.2,7960261,0.0
2019-06-25,46.36,47.465,46.21,46.72,4590909,0.0
2019-06-26,47.09,47.57,46.52,47.28,5563382,0.0
2019-06-27,47.615,47.73,46.56,47.21,4253242,0.0
2019-06-30,47.88,48.46,47.205,47.5,4726568,0.0
2019-07-01,47.96,48.815,47.69,47.97,6099001,0.0
2019-07-02,48.05,48.79,47.73,48.67,2895428,0.0
2019-07-04,48.33,48.35,46.64,48.15,5861703,0.0
2019-07-07,47.8,47.91,46.225,46.48,6070437,0.0
2019-07-08,46.17,46.705,45.725,46.36,3866401,0.0
2019-07-09,46.9,47.37,46.57,46.84,3774653,0.0
2019-07-10,46.92,47.58,46.43,47.35,4465397,0.0
2019-07-11,47.49,47.63,47.04,47.2,2469800,0.0
2019-07-14,47.26,47.85,46.88,47.66,3483537,0.0
2019-07-15,47.61,47.66,46.66,46.98,4378161,0.0
2019-07-16,46.92,47.32,46.43,46.67,4450501,0.0
2019-07-17,46.45,46.5,45.49,45.72,6961893,0.0
2019-07-18,46,46.11,45.09,45.14,5080570,0.0
2019-07-21,45.33,45.6,44.8101,45.57,3321616,0.0
2019-07-22,45.82,45.93,45.29,45.92,3467309,0.0
2019-07-23,45.71,46.99,45.69,46.87,3251025,0.0
2019-07-24,47.36,47.4,46.36,47.2,4021286,0.0
2019-07-25,47.48,48.225,47.16,47.99,5025662,0.0
2019-07-28,48,48.525,47.08,48.45,4316039,0.0
2019-07-29,48.1,48.36,47.5,48.3,4428698,0.0
2019-07-30,48.79,49.9297,48.38,48.74,7742452,0.0
2019-07-31,48.93,51.24,48.81,50.2,10030413,0.0
2019-08-01,49.8,50.6,48.65,49.03,7736669,0.0
2019-08-04,47.87,47.95,45.515,46.11,9340431,0.0
2019-08-05,47.45,47.59,46.3846,46.58,6385916,0.0
2019-08-06,46.11,48.23,46.1,48.1,6278250,0.0
2019-08-07,48.41,49.565,47.91,49.34,7552854,0.0
2019-08-08,48.75,48.8,47.11,48.07,9628822,0.0
2019-08-11,47.73,48.35,46.95,47.1,5809618,0.0
2019-08-12,46.99,48.37,46.47,48.13,4584146,0.0
2019-08-13,47.09,47.27,45,45.27,7770660,0.0
2019-08-14,45.53,45.73,44.91,45.51,5535180,0.0
2019-08-15,45.94,47.17,45.79,46.64,5146780,0.0
2019-08-18,47.55,48.3,47.28,47.92,3658385,0.0
2019-08-19,47.67,49.04,47.5,48.79,5053843,0.0
2019-08-20,49.1,49.54,48.71,49.05,3658902,0.0
2019-08-21,49.29,49.29,48.33,49.08,3561130,0.0
2019-08-22,48.6,49.38,47.16,47.35,5649241,0.0
2019-08-25,47.99,48.7,47.53,48.7,3603338,0.0
2019-08-26,50.5,52.22,49.9606,51.09,16586739,0.0
2019-08-27,50.63,50.935,49.54,50.21,6730562,0.0
2019-08-28,51,51.43,50.26,50.95,5751711,0.0
2019-08-29,51.29,51.405,50.17,50.59,3828872,0.0
2019-09-02,50.48,51.57,50.43,51.05,5720616,0.0
2019-09-03,52.06,53.61,52.01,53.5,9418771,0.0
2019-09-04,55.15,56.5966,53.77,54.58,11347380,0.0
2019-09-05,54.67,55.01,54.26,54.58,6511636,0.0
2019-09-08,55.25,55.55,54.2,55.18,7821722,0.0
2019-09-09,54.75,56.1473,54.28,56.06,7818673,0.0
2019-09-10,56.54,56.77,54.41,54.91,9178490,0.0
2019-09-11,56.46,57.52,55.14,55.44,9829277,0.0
2019-09-12,55.64,56.02,55.315,55.95,5858734,0.0
2019-09-15,55.18,55.94,55.17,55.79,5635976,0.0
2019-09-16,55.5,55.72,54.77,55.35,6068749,0.0
2019-09-17,55.21,55.23,54.13,55.11,4492511,0.0
2019-09-18,55.43,55.56,54.71,55,3768367,0.0
2019-09-19,55.04,55.48,54.52,54.75,6199296,0.0
2019-09-22,54.47,54.74,53.67,54.18,3726164,0.0
2019-09-23,54.61,54.63,53.4125,53.99,6313151,0.0
2019-09-24,53.89,55.04,53.58,54.94,4648259,0.0
2019-09-25,54.72,55.07,54.16,54.23,6031057,0.0
2019-09-26,54.22,54.72,52.05,52.33,6612894,0.0
2019-09-29,52.6,52.995,52.31,52.92,5469680,0.0
2019-09-30,53.34,53.55,52.24,52.89,8626700,0.0
2019-10-01,51.9,52.54,50.25,52.24,12422390,0.0
2019-10-02,52.19,54.77,52.07,54.07,12941234,0.0
2019-10-03,54.75,55.49,54.55,55.43,16176574,0.0
2019-10-06,55.06,55.89,54.56,55.42,11924334,0.0
2019-10-07,54.75,55.3,54.1,54.11,13116558,0.0
2019-10-08,53.76,54.75,53.2,53.41,16596659,0.0
2019-10-09,52.93,53.84,51.45,53.7,15987335,0.0
2019-10-10,54.35,55.38,54.15,54.79,15762097,0.0
2019-10-13,54.35,55.2,54.01,55,9645362,0.0
2019-10-14,55.15,55.6,54.16,55.57,12733680,0.0
2019-10-15,55.4,55.9398,55.14,55.59,9939813,0.0
2019-10-16,56,56.46,55.51,55.6,10271042,0.0
2019-10-17,55.66,55.688,53.38,54.53,14968670,0.0
2019-10-20,55.24,55.82,54.725,55.49,4363387,0.0
2019-10-21,55.67,55.72,54.49,54.535,4068428,0.0
2019-10-22,54.56,55.33,54.35,54.81,2982769,0.0
2019-10-23,55.18,55.735,54.62,55.45,5119536,0.0
2019-10-24,56.21,56.275,55.02,55.27,5379147,0.0
2019-10-27,55.99,56.18,54.21,54.56,6863972,0.0
2019-10-28,54.47,54.63,53.62,54,5129303,0.0
2019-10-29,55.25,55.95,54.405,55.88,7448979,0.0
2019-10-30,55.93,56.07,54.74,56.06,5460472,0.0
2019-10-31,56.21,57.43,55.46,55.82,9583046,0.0
2019-11-03,55.56,56.01,54.17,55.73,9812623,0.0
2019-11-04,55.8,56.27,55.01,55.54,4549502,0.0
2019-11-05,55.78,56.59,55.47,56.37,5656425,0.0
2019-11-06,56.75,56.82,54.3546,54.55,10962131,0.0
2019-11-07,53.5,54.84,52.65,54.3,15455701,0.0
2019-11-10,53.85,53.93,52.24,52.53,6204449,0.0
2019-11-11,52.7,53.05,51.69,51.95,11886514,0.0
2019-11-12,51.6,52.63,51.46,52.33,11175174,0.0
2019-11-13,52.32,52.98,52.1,52.71,5946101,0.0
2019-11-14,53.15,53.71,52.7,53.44,4859112,0.0
2019-11-17,53.43,53.45,52.2742,52.72,4856912,0.0
2019-11-18,53.1,53.38,52.48,53.28,4200073,0.0
2019-11-19,53.24,54.19,53.145,54.0804,5590777,0.0
2019-11-20,53.95,54.29,53.31,53.7,3571204,0.0
2019-11-21,53.77,53.9,52.59,53.03,4169978,0.0
2019-11-24,53.23,53.76,53.02,53.73,3303654,0.0
2019-11-25,53.93,54.23,53.56,54.17,2825589,0.0
2019-11-26,54.33,54.56,53.9,54.48,2889992,0.0
2019-11-28,54.13,55.18,54.007,54.84,2037345,0.0
2019-12-01,54.93,54.98,53.36,54.23,4283832,0.0
2019-12-02,53.61,54.61,53.52,54.6,4232604,0.0
2019-12-03,54.75,54.87,53.755,53.87,3996855,0.0
2019-12-04,54.09,55.04,53.74,54.99,4290212,0.0
2019-12-05,55.12,55.4194,54.8,55.21,4604212,0.0
2019-12-08,55.12,55.4,54.37,54.38,3532783,0.0
2019-12-09,54.46,55.99,54.1,55.94,3962108,0.0
2019-12-10,55.94,56.98,55.94,56.48,5088284,0.0
2019-12-11,56.6,58.81,56.48,58.56,8304887,0.0
2019-12-12,58.5,58.74,57.7908,58.665,5026930,0.0
2019-12-15,59.23,59.34,58.57,58.61,4087786,0.0
2019-12-16,58.7,58.74,58.1,58.26,3132220,0.0
2019-12-17,58.34,59.12,57.96,59.02,4115692,0.0
2019-12-18,58.71,59.23,58.525,59.13,3248940,0.0
2019-12-19,59.2,59.71,58.79,59.23,6747979,0.0
2019-12-22,59.6,59.745,58.83,58.88,2452307,0.0
2019-12-23,58.78,59.03,58.52,58.81,1349442,0.0
2019-12-25,58.81,59.27,58.71,58.89,1704268,0.0
2019-12-26,59.21,59.59,58.78,59.19,2662089,0.0
2019-12-29,59.35,59.5539,58.615,58.88,2439458,0.0
2019-12-30,58.72,59.47,58.65,59.42,2595242,0.0
2020-01-01,59.91,60.05,58.56,58.64,4435746,0.0
2020-01-02,58.03,58.93,57.65,58.67,4098417,0.0
2020-01-05,58.47,59.87,58.435,59.75,3159243,0.0
2020-01-06,59.72,60.41,59.21,60.335,3620885,0.0
2020-01-07,60,60.885,59.85,59.87,4506822,0.0
2020-01-08,60.24,60.43,58.86,59.34,6394133,0.0
2020-01-09,59.76,59.76,58.73,58.95,3855676,0.0
2020-01-12,59.12,59.58,58.82,59.24,3450288,0.0
2020-01-13,59.58,60.575,58.91,60.05,6162369,0.0
2020-01-14,60.05,60.45,59.28,59.63,5011111,0.0
2020-01-15,60,60.45,59.72,60.44,5504635,0.0
2020-01-16,60.61,61.28,60.44,61.23,7187341,0.0
2020-01-20,60.9,61.64,60.81,61.43,8900794,0.0
2020-01-21,61.65,61.9,60.235,60.32,10375183,0.0
2020-01-22,60.32,60.55,60.06,60.13,7865786,0.0
2020-01-23,60.22,60.35,58.95,59.38,13717953,0.0
2020-01-26,58.19,58.69,57.78,58.32,5428100,0.0
2020-01-27,58.79,60.365,58.61,60.05,4683968,0.0
2020-01-28,60.49,60.57,59.9,60.4,3482324,0.0
2020-01-29,59.92,60.9,59.92,60.88,4447960,0.0
2020-01-30,60.2,60.3,58.3469,58.46,7290298,0.0
2020-02-02,58.64,58.9,58.09,58.2,4152833,0.0
2020-02-03,58.86,59.38,57.37,59.22,5907913,0.0
2020-02-04,60.14,60.14,58.44,58.85,4798079,0.0
2020-02-05,59.19,60.64,59,60.27,8182148,0.0
2020-02-06,61.33,62.8412,60.38,61.54,11933518,0.0
2020-02-09,61.42,61.945,60.77,61.64,4605829,0.0
2020-02-10,61.93,61.93,60.58,61.19,4958762,0.0
2020-02-11,61.5,63.12,61.44,62.81,4430077,0.0
2020-02-12,62.25,62.94,62,62.5892,2802081,0.0
2020-02-13,62.63,63.54,62.31,63.51,3468921,0.0
2020-02-17,63.36,64.12,63.26,63.74,4576748,0.0
2020-02-18,64,64.43,63.79,64.37,3918997,0.0
2020-02-19,64.3,64.53,62.93,64,3508213,0.0
2020-02-20,63.82,63.931,63.07,63.37,2908478,0.0
2020-02-23,61.21,63.2,61.01,62.31,5159959,0.0
2020-02-24,61.8,62.02,59.31,59.51,9724872,0.0
2020-02-25,59.9,60.5,58.96,59.36,7453427,0.0
2020-02-26,57.8,60.29,57.52,58.28,8117948,0.0
2020-02-27,56.29,58.18,55.923,58.16,8663140,0.0
2020-03-01,58.3,60.65,57.91,60.62,8461386,0.0
2020-03-02,60.56,61.82,58.14,58.75,8843838,0.0
2020-03-03,60,62.59,59.59,62.57,6198394,0.0
2020-03-04,60.78,62.3,60.34,61.52,6102055,0.0
2020-03-05,59.65,60.875,58.355,59.96,8486587,0.0
2020-03-08,56.6,59.12,55.4,57.165,24405550,0.0
2020-03-09,59.45,61.12,57.93,60.72,12664830,0.0
2020-03-10,58.75,60.46,58.4,59.33,9445668,0.0
2020-03-11,55.1,57.49,52.83,54.56,10475244,0.0
2020-03-12,57,59.05,53.1,59.04,8960134,0.0
2020-03-15,53.11,57.07,52.48,52.76,9493469,0.0
2020-03-16,53.66,57,50.51,56.16,19991150,0.0
2020-03-17,53,58.22,52.05,55.75,11767779,0.0
2020-03-18,55.62,58.16,53.72,54.1163,9433236,0.0
2020-03-19,55.25,55.595,51.38,52.04,11228725,0.0
2020-03-22,52.805,57.66,52.33,56.47,18259560,0.0
2020-03-23,58.34,61.25,53.82,54.41,13702395,0.0
2020-03-24,55.01,55.7099,52.52,52.87,9794653,0.0
2020-03-25,53.06,57.78,53.06,57.64,8653379,0.0
2020-03-26,56.55,58.63,55.76,56.96,7413168,0.0
2020-03-29,58.34,59.75,57.5141,58.47,7678159,0.0
2020-03-30,58.04,60.1,57.83,59.52,7020377,0.0
2020-03-31,58,59.61,57.055,57.49,6572616,0.0
2020-04-01,58.27,61.09,58.01,60.77,14495684,0.0
2020-04-02,61.26,61.72,58.77,59.98,6474671,0.0
2020-04-05,61.13,62.395,60.1,61.6,7783882,0.0
2020-04-06,62.53,62.55,58.12,59.87,13418697,0.0
2020-04-07,60.36,61.495,59.91,61.07,6623885,0.0
2020-04-08,61.28,61.8,59.55,60.49,7190903,0.0
2020-04-12,60.3165,63,60.02,62.73,5512138,0.0
2020-04-13,63.98,64,62.72,63.28,12540750,0.0
2020-04-14,62.63,66.0566,62.25,65.67,17099446,0.0
2020-04-15,66.4535,68.32,65.55,68.07,29496207,0.0
2020-04-16,66.5,67,64.89,66.89,36250945,0.0
2020-04-19,66.62,67.15,65.96,66.51,12655415,0.0
2020-04-20,66.24,67.04,64.97,65.72,19928727,0.0
2020-04-21,66.7,67.11,64.73,66.95,21456440,0.0
2020-04-22,66.98,67.5799,65.82,65.88,9405932,0.0
2020-04-23,66.07,66.88,65.8,66.65,16223112,0.0
2020-04-26,67.397,67.77,66.51,67.07,9388057,0.0
2020-04-27,67,67.33,63.72,63.85,7223175,0.0
2020-04-28,64.149,65.2,62.3374,64.81,15095510,0.0
2020-04-29,64.82,65.46,63.41,63.71,8092339,0.0
2020-04-30,63.14,64.935,62.85,64.76,8725716,0.0
2020-05-03,65.33,66.89,65.23,66.67,6730562,0.0
2020-05-04,67.67,69.63,66.97,68.58,26572066,0.0
2020-05-05,74,74.795,71.03,72.87,20378058,0.0
2020-05-06,72.31,73.645,71.12,73.14,15216624,0.0
2020-05-07,73.18,74,72.51,73.11,5241929,0.0
2020-05-10,73.0609,75.97,72.6,75.43,8037090,0.0
2020-05-11,75.265,75.49,71.95,72.24,15337188,0.0
2020-05-12,72.51,75.01,71.97,73.68,7875428,0.0
2020-05-13,73.12,73.9,71.61,73,5836189,0.0
2020-05-14,72.62,74,72.285,73.93,5108032,0.0
2020-05-17,73.86,74.68,72.45,72.89,14129544,0.0
2020-05-18,72.9,74.44,72.72,73.02,4511532,0.0
2020-05-19,73.535,74.54,73.24,73.76,10065028,0.0
2020-05-20,74.36,74.49,72.44,72.46,11913520,0.0
2020-05-21,73.01,73.16,72.2,73.09,9269561,0.0
2020-05-25,73.37,73.4888,69.61,70,9221890,0.0
2020-05-26,69.29,70.34,66.592,70.15,11197555,0.0
2020-05-27,70,71.73,69.4006,70.17,7130217,0.0
2020-05-28,70.66,72.21,69.82,71.96,13298250,0.0
2020-05-31,72.19,73.58,71.72,72.98,8926904,0.0
2020-06-01,72.78,73.03,71.0902,73,11250430,0.0
2020-06-02,72.39,72.63,69.665,69.91,17304764,0.0
2020-06-03,69.5,71.1,69.1,69.81,12435232,0.0
2020-06-04,67.99,69.59,67.4,69.51,7782195,0.0
2020-06-07,68.49,70.77,68.33,70.68,6108973,0.0
2020-06-08,71.28,72.16,70.23,72.011,10581304,0.0
2020-06-09,72.38,74.24,72.31,73.85,14512064,0.0
2020-06-10,72.87,74.35,71.02,71.29,6556697,0.0
2020-06-11,71.5,73.21,71.23,71.945,2829486,0.0
2020-06-14,71.48,73.55,71.27,73.2,11714490,0.0
2020-06-15,74,74.19,72.23,72.95,5738026,0.0
2020-06-16,73.69,76.48,73.31,75.55,23553114,0.0
2020-06-17,75.99,76.37,74.89,76.01,5981210,0.0
2020-06-18,76.18,76.75,75.09,76.58,13267331,0.0
2020-06-21,76.67,77.2,75.87,76.13,4711289,0.0
2020-06-22,76.73,77.63,76.22,76.42,4056494,0.0
2020-06-23,76.46,77.17,74.43,75.58,5932320,0.0
2020-06-24,76.61,76.77,74.46,76.22,5036858,0.0
2020-06-25,76.54,76.84,74.65,76.44,5532078,0.0
2020-06-28,75.82,76.515,74.93,75.46,4399751,0.0
2020-06-29,75.69,76.43,75.42,75.87,5132642,0.0
2020-06-30,75.45,78.23,74.97,78.03,9558861,0.0
2020-07-01,78.86,79.11,77.045,77.53,4676571,0.0
