Date,Open,High,Low,Close,Volume,OpenInterest
2016-07-13,253.3,253.8,250.02,252.87,885771,0.0
2016-07-14,253.81,260.45,253.81,260.29,1774483,0.0
2016-07-17,260.04,262.8,257.47,261.52,1383445,0.0
2016-07-18,260.94,262.49,258.16,259.83,791018,0.0
2016-07-19,259.87,263.16,257.5687,262.38,1361629,0.0
2016-07-20,279.76,282.54,274.2257,282.48,4496941,0.0
2016-07-21,282.09,290.92,281.3806,287.68,2711210,0.0
2016-07-24,287.84,290.58,285.02,287.35,1413567,0.0
2016-07-25,286,289.95,285.4667,286.96,1439938,0.0
2016-07-26,286.83,288.77,286.08,288.5,1058812,0.0
2016-07-27,288.62,289.98,285.07,288.98,1035492,0.0
2016-07-28,288.85,290.46,286.8,290.105,846604,0.0
2016-07-31,300.34,307.495,299.06,301.84,2677312,0.0
2016-08-01,303.21,333.65,297.66,330.05,6491488,0.0
2016-08-02,321.77,324.3,310.06,321,4987794,0.0
2016-08-03,320.15,320.45,314.01,314.55,1502087,0.0
2016-08-04,316.16,318.91,313.69,315.655,953301,0.0
2016-08-07,316.02,316.35,309.16,313.67,1195342,0.0
2016-08-08,313.72,316.24,311.8,314.49,867140,0.0
2016-08-09,315,315,307.14,308.56,928243,0.0
2016-08-10,309.47,316.25,309.42,314.49,1289347,0.0
2016-08-11,311.99,315.23,311.65,314,727493,0.0
2016-08-14,313.4,315.08,310.01,313.475,624720,0.0
2016-08-15,313.27,316.67,312.64,313.42,632214,0.0
2016-08-16,314.17,314.71,311.29,313.91,607235,0.0
2016-08-17,313.57,313.76,312,313.17,378092,0.0
2016-08-18,313.69,319.89,312.385,316.77,894529,0.0
2016-08-21,316.15,320.82,315.13,316.74,1015345,0.0
2016-08-22,316.81,322.99,315.28,318.17,1053336,0.0
2016-08-23,318.18,321.7399,306.73,309.33,1142999,0.0
2016-08-24,309.03,311.97,301.02,306.81,1109616,0.0
2016-08-25,307.21,310.74,304.56,308.1,800785,0.0
2016-08-28,307.87,309.135,304.79,305.97,805369,0.0
2016-08-29,305.24,309,305,308.09,751219,0.0
2016-08-30,307.68,308.68,304.22,305.63,688432,0.0
2016-08-31,307.96,309.25,305.02,306.03,713234,0.0
2016-09-01,311.83,318.88,308.66,313.64,1732376,0.0
2016-09-05,311.98,316.47,309.12,310.47,1185995,0.0
2016-09-06,309.96,313.72,309.96,312.3,849095,0.0
2016-09-07,311.35,312.445,307.42,307.64,988439,0.0
2016-09-08,304.62,305.48,296.07,296.1,1373677,0.0
2016-09-11,294.14,303.85,293.835,302.66,1197860,0.0
2016-09-12,300.25,302.66,294.74,297.41,1301295,0.0
2016-09-13,298.34,304.11,298.21,299.805,1049922,0.0
2016-09-14,300,304.46,298.01,302.82,932531,0.0
2016-09-15,303.15,306.29,300.17,304.43,1228994,0.0
2016-09-18,304.83,308,303.17,303.48,816849,0.0
2016-09-19,306.06,308.86,304,307.02,815201,0.0
2016-09-20,309,312.39,304.11,312,1108736,0.0
2016-09-21,313.07,315.98,311.37,314.71,1051370,0.0
2016-09-22,312.58,317.32,312.11,312.58,582003,0.0
2016-09-25,311.7,312.02,308.68,309.86,608555,0.0
2016-09-26,309.78,315,307.5,314.52,759358,0.0
2016-09-27,315.99,315.99,308.74,310.53,708787,0.0
2016-09-28,310.17,312.47,304.04,305.77,785080,0.0
2016-09-29,306.59,314.38,306.04,313.03,1494078,0.0
2016-10-02,313,313,308.85,311.53,696840,0.0
2016-10-03,311.94,313.9999,309.885,311.32,661954,0.0
2016-10-04,313.27,313.32,308.6,309.63,647268,0.0
2016-10-05,308.3,309.89,303.92,305.93,599117,0.0
2016-10-06,307.31,308,302.215,305.54,838994,0.0
2016-10-09,308,308.7,304.27,304.57,710741,0.0
2016-10-10,304.13,304.52,296.32,298.3,1060853,0.0
2016-10-11,298.29,299.12,291.49,291.87,1385549,0.0
2016-10-12,289.19,296.62,288.911,294.4,1079065,0.0
2016-10-13,295.63,297.34,290.13,290.5,823191,0.0
2016-10-16,289.89,293.42,288.25,291.67,864605,0.0
2016-10-17,292.87,298.57,292.63,295.06,892786,0.0
2016-10-18,296.26,296.5365,292.49,295.14,744417,0.0
2016-10-19,293.85,300.3195,293.77,299.59,966446,0.0
2016-10-20,299.07,299.07,289.78,290.56,1195222,0.0
2016-10-23,292.3,293.4047,290,290.715,786358,0.0
2016-10-24,290.84,291.08,285.2749,285.83,1345686,0.0
2016-10-25,294.98,301.34,291.3,296.47,1976526,0.0
2016-10-26,298,300.78,290.51,290.89,1182007,0.0
2016-10-27,290.3,290.47,280.34,283.65,1490320,0.0
2016-10-30,284.91,285,279.23,280.22,947301,0.0
2016-10-31,280.03,285.18,279.53,282.57,979854,0.0
2016-11-01,282.31,282.31,277.09,277.26,703294,0.0
2016-11-02,277.65,278.5664,272.98,273.49,975528,0.0
2016-11-03,269.39,279.93,268,277,920553,0.0
2016-11-06,290.64,297.27,289.23,295.57,1590095,0.0
2016-11-07,295.2,299.07,292.55,295.6,712746,0.0
2016-11-08,311.92,328.98,309.68,319.86,3063556,0.0
2016-11-09,321.95,329.83,319.49,324.22,1926601,0.0
2016-11-10,320.29,322.6436,314.4729,319.08,1081588,0.0
2016-11-13,319.73,324.83,317.535,321.56,1059283,0.0
2016-11-14,321.55,323.15,314.61,322.495,1135702,0.0
2016-11-15,323.15,325.3,317.39,317.56,806163,0.0
2016-11-16,318.23,320.235,315.35,319.31,1142816,0.0
2016-11-17,318.86,321,313.31,317.07,966635,0.0
2016-11-20,318.36,320.308,316.515,318.32,1046101,0.0
2016-11-21,320.79,321,314.02,318.05,1192850,0.0
2016-11-22,293.82,308.88,293.8,305.76,3760345,0.0
2016-11-24,306.46,307.15,302.39,305.17,556157,0.0
2016-11-27,304.36,305.84,301.3,303.82,877318,0.0
2016-11-28,304.73,307.42,302.53,302.81,877981,0.0
2016-11-29,303.34,304.3,293.95,294.07,1542379,0.0
2016-11-30,296.32,296.65,293.11,295.79,1252197,0.0
2016-12-01,296.53,299.95,293.04,297.33,1081251,0.0
2016-12-04,298.94,299.888,289.48,290.2,1428525,0.0
2016-12-05,291.75,294.45,290,291.17,1225207,0.0
2016-12-06,285.5,288.97,280.5,285.3,1471368,0.0
2016-12-07,285.8,292.97,278.58,289.1682,4071346,0.0
2016-12-08,305.24,306.98,281.79,287.78,5165935,0.0
2016-12-11,289.09,290.95,284.07,286.36,1354445,0.0
2016-12-12,286.75,289.5,284.81,287.38,1241582,0.0
2016-12-13,288.21,289.96,285.24,286.25,888517,0.0
2016-12-14,287.16,288.53,285.02,287.05,1197613,0.0
2016-12-15,287.34,289.0899,286,286.4,1545320,0.0
2016-12-18,286.59,290.51,272.96,273.71,1931766,0.0
2016-12-19,280.98,286.67,279.13,285.57,1701383,0.0
2016-12-20,285.06,285.65,281,282.8,1072611,0.0
2016-12-21,281.83,283.17,280.02,283.04,799079,0.0
2016-12-22,283.05,288.38,281.81,287.54,858263,0.0
2016-12-26,295.17,296.38,290.75,291.15,1119947,0.0
2016-12-27,291.99,292.11,288.5,289.26,784662,0.0
2016-12-28,288.96,290.41,285.23,286.93,857129,0.0
2016-12-29,287.79,288.56,282.64,283.62,907002,0.0
2017-01-02,285.82,293.2,284.86,291.71,1287430,0.0
2017-01-03,291.59,296.83,290.04,294.04,928815,0.0
2017-01-04,294.81,296.32,292.2184,293.55,695832,0.0
2017-01-05,294.59,296.41,292.39,294.92,807960,0.0
2017-01-08,295.39,300,294.41,299.03,994404,0.0
2017-01-09,300.42,301.42,296.43,297.8,898632,0.0
2017-01-10,296.95,297.905,285.001,286.754,1765179,0.0
2017-01-11,286.61,288.99,285.04,287.77,971588,0.0
2017-01-12,288.07,289.86,284.25,284.66,1299425,0.0
2017-01-16,284.28,286.35,281.08,283,1596796,0.0
2017-01-17,284.79,286.16,282.87,283.6,784006,0.0
2017-01-18,282.74,284.84,279.23,279.84,1037701,0.0
2017-01-19,282.07,282.56,279.41,280.66,1021485,0.0
2017-01-22,280.35,282.72,275.49,275.87,1301310,0.0
2017-01-23,275.74,278.4,271.47,273.79,1582921,0.0
2017-01-24,274.54,277.78,271.43,273.11,2062974,0.0
2017-01-25,278,285.78,277,279.02,1928895,0.0
2017-01-26,280.46,281.98,277.29,278.19,1030193,0.0
2017-01-29,278.27,278.9005,274.22,276.05,941256,0.0
2017-01-30,275.01,278,271.9,277.32,1289144,0.0
2017-01-31,278.98,282.07,277.5101,281.68,1263599,0.0
2017-02-01,263.76,264.52,260.5,264.17,2101800,0.0
2017-02-02,264.98,266,261.76,264.63,1103729,0.0
2017-02-05,264.46,265.73,263.1843,264.91,846125,0.0
2017-02-06,269.47,269.67,264.561,266.235,1181361,0.0
2017-02-07,265.43,269.01,265.43,268.7,1497192,0.0
2017-02-08,268.24,271.16,267.74,270.54,1066376,0.0
2017-02-09,270.68,276.41,269.98,274.75,1261057,0.0
2017-02-12,276.28,279.76,275.16,278.92,1343519,0.0
2017-02-13,279.86,286.06,279.01,285.17,1921852,0.0
2017-02-14,284.57,292.89,284.24,292.63,2026489,0.0
2017-02-15,292.5,293.98,287.7619,290.12,1432085,0.0
2017-02-16,290,291.9,287.76,288.87,1449598,0.0
2017-02-20,289.16,289.91,286.22,286.9,1057425,0.0
2017-02-21,287.75,289.43,285.22,287.63,763487,0.0
2017-02-22,287.75,288.11,283.36,284.68,1097718,0.0
2017-02-23,285.01,285.81,266,285.1,1207193,0.0
2017-02-26,285.39,291.25,284.27,291.1,947361,0.0
2017-02-27,290.13,291.42,287.19,288.6,775046,0.0
2017-02-28,290.07,294.17,289.14,293.25,904245,0.0
2017-03-01,293.64,296.93,291,293.49,960492,0.0
2017-03-02,293.12,298,293.12,297.82,849943,0.0
2017-03-05,297.09,297.9,294.4,295.66,885671,0.0
2017-03-06,293.89,293.89,290.67,291,952801,0.0
2017-03-07,290.18,294.8171,288.72,294.09,929383,0.0
2017-03-08,291.27,294.92,290.44,293.035,893962,0.0
2017-03-09,293.31,293.9,289.45,292.32,930062,0.0
2017-03-12,291.55,293.85,290.15,292.95,919249,0.0
2017-03-13,292.27,293.39,290.18,292.34,550600,0.0
2017-03-14,293.14,294.56,289.39,292.63,1054612,0.0
2017-03-15,285.01,285.43,275.7,278.89,3131162,0.0
2017-03-16,276.08,280.61,274.61,276.04,1887310,0.0
2017-03-19,276.86,278.61,272.97,274.8,1334127,0.0
2017-03-20,276.4,284.71,274.54,275.8,3187300,0.0
2017-03-21,276.43,278.54,274.93,277.86,974629,0.0
2017-03-22,277.03,279.3899,274.69,275.46,1099338,0.0
2017-03-23,277.08,278.1,272.87,274.78,971368,0.0
2017-03-26,272.55,276.71,272.34,275.23,863077,0.0
2017-03-27,275.59,276.71,272.5,274.11,858657,0.0
2017-03-28,273.91,273.91,268.2,268.53,2028345,0.0
2017-03-29,268.69,270.07,267.74,268.95,1128874,0.0
2017-03-30,269.3,275,268.02,273.42,2151555,0.0
2017-04-02,274.08,274.79,271.29,272.72,1190591,0.0
2017-04-03,273,274.73,272.57,274.24,845048,0.0
2017-04-04,274.48,274.655,270.07,270.5,977874,0.0
2017-04-05,270.14,272.6,269.34,270.955,1107287,0.0
2017-04-06,270.6,270.84,267.32,268.72,1326845,0.0
2017-04-09,268.68,270.4,268.14,269.31,581622,0.0
2017-04-10,269.08,269.995,267.1,268.59,912923,0.0
2017-04-11,270.37,270.64,267.77,269,786501,0.0
2017-04-12,269.09,273.14,267.505,271.88,844602,0.0
2017-04-16,271.76,274.64,271.0001,274.08,627830,0.0
2017-04-17,273.93,275.18,269.72,271.14,876338,0.0
2017-04-18,272.72,274,271.08,271.94,836759,0.0
2017-04-19,272.2,273.63,270.78,272.56,701903,0.0
2017-04-20,272.72,274.9,271.62,272.94,838343,0.0
2017-04-23,274.93,278.69,274.61,276.89,1480934,0.0
2017-04-24,290,291.9,285.9,286.94,2290679,0.0
2017-04-25,285.28,286.62,279.57,280.03,1644568,0.0
2017-04-26,279.57,281.22,275.6,276.57,1879428,0.0
2017-04-27,277.08,277.28,271.06,271.26,1338696,0.0
2017-04-30,271.35,273.81,270.5,271.11,849369,0.0
2017-05-01,271.51,273.25,269.72,271.39,942039,0.0
2017-05-02,271.44,272.5,270.088,271.35,691960,0.0
2017-05-03,271.13,272.19,267.61,268.65,835559,0.0
2017-05-04,268.32,269.5,261,262.12,1423570,0.0
2017-05-07,262.52,263.6,259.99,260.24,1024670,0.0
2017-05-08,260.99,263.66,260.28,261.17,872265,0.0
2017-05-09,260.63,262.3,257.02,257.92,1043652,0.0
2017-05-10,257.27,258.19,252.69,254.13,1402791,0.0
2017-05-11,255.41,256.3,253.3,254.9,853475,0.0
2017-05-14,253.97,259.95,253.97,258.53,1087442,0.0
2017-05-15,259.44,260.615,256.6,257.65,782183,0.0
2017-05-16,255.38,256.14,251.17,251.34,1001999,0.0
2017-05-17,252.23,254.15,251.59,252.79,887561,0.0
2017-05-18,253.41,254.82,249.71,250.11,1540367,0.0
2017-05-21,250.69,251,249.005,250.1,1021866,0.0
2017-05-22,250.97,250.97,247.97,248.12,709163,0.0
2017-05-23,249.3,254.3678,246.12,253.34,1699626,0.0
2017-05-24,252.65,254.449,252,253.01,1075062,0.0
2017-05-25,252.59,253.62,250.51,250.78,601860,0.0
2017-05-29,250.4,251.55,246.34,246.5,845416,0.0
2017-05-30,247.26,247.98,244.28,247.77,1005107,0.0
2017-05-31,250.03,253.11,248.61,252.4,1018528,0.0
2017-06-01,252.98,258.26,252.14,256.62,1232310,0.0
2017-06-04,257.37,259.24,255.73,258.35,1184859,0.0
2017-06-05,257.06,258.3,254.96,257.17,762989,0.0
2017-06-06,257.71,258.57,255.11,255.4,769529,0.0
2017-06-07,255.25,258.11,254.52,257.16,768940,0.0
2017-06-08,256.31,262.37,254.87,259.89,1104365,0.0
2017-06-11,260.23,265.48,259.57,262.25,1159403,0.0
2017-06-12,261.97,262.12,259.55,261.42,916171,0.0
2017-06-13,255.74,257.38,250.88,253.31,2389138,0.0
2017-06-14,253.6,255.76,253.15,255.13,1069650,0.0
2017-06-15,255.24,256.77,250.89,251.56,1342584,0.0
2017-06-18,253.23,262.28,252.94,260.43,1461044,0.0
2017-06-19,260.82,269,259.61,266.01,1732069,0.0
2017-06-20,266.11,279.81,266.11,278.49,2274104,0.0
2017-06-21,279.86,284.21,278.3,280.5,1994737,0.0
2017-06-22,282.33,284.465,277.58,280.32,1353973,0.0
2017-06-25,281.74,282.89,277.64,279.81,898289,0.0
2017-06-26,279,279.4,271.2,271.28,1154395,0.0
2017-06-27,271.25,275.51,269.09,274.64,834153,0.0
2017-06-28,275,275.2,268.91,271.87,629219,0.0
2017-06-29,273.7,276.09,269.58,271.29,829924,0.0
2017-07-02,272.62,275.11,272.12,272.53,331410,0.0
2017-07-04,272.97,278.369,272.61,277.71,849716,0.0
2017-07-05,275.57,276.89,271,271.97,817374,0.0
2017-07-06,271.9,274.86,270.8001,273.88,566571,0.0
2017-07-09,273.5,274.08,270.31,273.55,590089,0.0
2017-07-10,273.1,274.1,269.5,271.76,600144,0.0
2017-07-11,274.15,276.45,272.33,275.08,1032638,0.0
2017-07-12,276.04,280.75,272.61,278.36,1022038,0.0
2017-07-13,279.74,281.34,277.77,280.81,649166,0.0
2017-07-16,280.1,284.31,279.51,282.66,931363,0.0
2017-07-17,282.75,283.68,280.31,282.6,659702,0.0
2017-07-18,283.52,285.84,280.51,281.84,742657,0.0
2017-07-19,282.18,284.32,280.75,281.46,690961,0.0
2017-07-20,280.25,283,280.02,282.869,671561,0.0
2017-07-23,283,285.35,280.01,284.98,934091,0.0
2017-07-24,291.01,291.91,280.24,283.1,2313117,0.0
2017-07-25,288.55,296.95,285.02,295.7,2303397,0.0
2017-07-26,295.14,296.8,285.03,287.9,1223700,0.0
2017-07-27,287.48,289.3014,283.9995,287.3899,580845,0.0
2017-07-30,287.6,290.96,287.59,289.74,871621,0.0
2017-07-31,290.8,291.86,289.55,291.16,828824,0.0
2017-08-01,290.15,291.62,287.17,287.97,874487,0.0
2017-08-02,288.85,289.01,285,286.08,524984,0.0
2017-08-03,286.89,288.63,284.4501,288.17,428510,0.0
2017-08-06,289.18,291.17,288.17,291,569957,0.0
2017-08-07,291.18,291.7,288.5,289.21,654278,0.0
2017-08-08,285.79,289.47,285.73,288.68,485504,0.0
2017-08-09,286.72,287.1122,280.88,281.14,851249,0.0
2017-08-10,282.4,285.9,281.29,283.72,511167,0.0
2017-08-13,285.06,286.58,284,285.97,550817,0.0
2017-08-14,286.89,289.71,285.513,287.92,609239,0.0
2017-08-15,291.23,296.91,290.29,294.27,1189887,0.0
2017-08-16,293.07,294,284.29,284.371,1097457,0.0
2017-08-17,283.31,285.67,281.6496,281.79,542233,0.0
2017-08-20,280.95,284.05,280.6,283.16,371302,0.0
2017-08-21,284.13,288.15,283.11,286.64,580354,0.0
2017-08-22,286,286,282.26,282.56,680950,0.0
2017-08-23,283.66,285.8,281.8,285.49,468140,0.0
2017-08-24,287.31,289.85,284.89,285.09,416682,0.0
2017-08-27,288.3,295.5,287,292.37,926665,0.0
2017-08-28,289.36,293.8,289.36,293.67,577207,0.0
2017-08-29,292.35,305.49,291.46,303.76,1341322,0.0
2017-08-30,304.59,316.85,304.19,316.6,1749741,0.0
2017-08-31,317.16,322.12,313.68,321.08,1531700,0.0
2017-09-04,318.63,319.82,312.54,315.87,1111301,0.0
2017-09-05,317.75,321.9,314.28,317.41,943187,0.0
2017-09-06,317.36,325.769,315,324.08,1031606,0.0
2017-09-07,325.4,329.84,323.69,326.53,974321,0.0
2017-09-10,329.6,329.95,322.82,326.62,859342,0.0
2017-09-11,326.82,329.82,324.44,329.69,686869,0.0
2017-09-12,329.57,330,323.4,324.03,739654,0.0
2017-09-13,323.07,326.2,319.59,323.65,735159,0.0
2017-09-14,323.13,325.99,320.37,321.11,1044590,0.0
2017-09-17,321.5,321.8099,317.595,318.221,600790,0.0
2017-09-18,318.43,319.44,316.46,317.93,412283,0.0
2017-09-19,318.61,321.6,316.52,319,497281,0.0
2017-09-20,316.39,317.96,314.44,315.05,590360,0.0
2017-09-21,311.3,319.34,311.3,318.46,637705,0.0
2017-09-24,318.28,321.5,316.96,317.51,779091,0.0
2017-09-25,318.21,320.5,314,317.18,576636,0.0
2017-09-26,318.57,318.75,311.73,312.8,711502,0.0
2017-09-27,312.75,314.57,308.88,310,640242,0.0
2017-09-28,309.41,313.604,303,312.93,1120833,0.0
2017-10-01,315.19,317.13,313.12,316.12,998475,0.0
2017-10-02,317.11,317.8,313.91,317.47,486584,0.0
2017-10-03,313.57,316.55,306,314.91,689618,0.0
2017-10-04,320.1,330.98,320.1,326.78,1442898,0.0
2017-10-05,325.21,328.5,324.6,327.46,666936,0.0
2017-10-08,327.46,332.24,326.325,329.07,631544,0.0
2017-10-09,328.55,332.87,328.25,332.81,691652,0.0
2017-10-10,332.12,333.33,329.27,333.19,586348,0.0
2017-10-11,332.93,334.32,330.04,333.34,609943,0.0
2017-10-12,333.14,338.94,332.07,337.89,904425,0.0
2017-10-15,337.73,344.37,333.17,335.68,831725,0.0
2017-10-16,343.12,348.65,339.69,344.49,1140535,0.0
2017-10-17,346.56,348.84,343.54,344.65,917185,0.0
2017-10-18,343.4,346.11,338.11,342.49,874391,0.0
2017-10-19,343,343.31,333.93,338.08,1373577,0.0
2017-10-22,335.01,335.51,327.83,328.56,1311687,0.0
2017-10-23,319,321.11,301.81,315.72,4657021,0.0
2017-10-24,317.96,320.25,313,314.63,1262745,0.0
2017-10-25,310,313.57,305.12,307.63,1303379,0.0
2017-10-26,307.45,309.6,305.0029,307.71,1194765,0.0
2017-10-29,307.74,317.67,307.2,315.79,1009177,0.0
2017-10-30,315.18,316.86,310.5,311.71,726146,0.0
2017-10-31,312.75,319.95,311.57,315.72,920018,0.0
2017-11-01,316,319.22,308.59,309.3,1067646,0.0
2017-11-02,309.79,314.205,308.21,314.15,554022,0.0
2017-11-05,314.39,319.4,314.14,315.5,750033,0.0
2017-11-06,315.94,315.975,310.46,313.56,535539,0.0
2017-11-07,314.18,314.81,311.64,312.58,571465,0.0
2017-11-08,312,313.97,308.9,310.04,545145,0.0
2017-11-09,310.1,311.7,306.39,310.42,559008,0.0
2017-11-12,310.47,316.07,308.57,315.76,567017,0.0
2017-11-13,313.34,314.44,307.5,309.67,776652,0.0
2017-11-14,309.69,313.19,308,310.33,724495,0.0
2017-11-15,310.72,314.62,309.68,313.91,435226,0.0
2017-11-16,313.83,316,310.18,313.91,574410,0.0
2017-11-19,313.6,315.76,309.165,309.54,419930,0.0
2017-11-20,310.87,311.22,306.11,309.04,838585,0.0
2017-11-21,308.91,311.105,307.15,309.74,489675,0.0
2017-11-23,308.5,310.35,307.27,308.88,192716,0.0
2017-11-26,310.07,312.45,307.01,311.75,559667,0.0
2017-11-27,314.12,317.39,312.1001,317.11,708764,0.0
2017-11-28,317.5,321.29,316.23,320,874781,0.0
2017-11-29,320.69,323.69,317.76,322.12,563688,0.0
2017-11-30,320.7,323.07,314.77,319.3,822842,0.0
2017-12-03,319.2,321.75,315.56,317.4,592525,0.0
2017-12-04,317.66,322.25,317.66,320.02,582240,0.0
2017-12-05,319.26,320.58,311.75,314.67,580452,0.0
2017-12-06,315.42,319.91,311.9501,319.57,559726,0.0
2017-12-07,321,327.55,319.85,325.79,713722,0.0
2017-12-10,327.09,330.61,322.66,328,594481,0.0
2017-12-11,325.2,327.9,323.84,327.8,489491,0.0
2017-12-12,328.21,332.845,327.25,330.77,702602,0.0
2017-12-13,332,332,321.11,323.56,757237,0.0
2017-12-14,328.61,330.115,321.73,327.94,939530,0.0
2017-12-17,329.67,330.42,324.54,325.88,532955,0.0
2017-12-18,326.13,328.385,324,327.019,515617,0.0
2017-12-19,330.75,335.8,329.3,333.53,899354,0.0
2017-12-20,319.75,328.6,319.05,322.54,1361773,0.0
2017-12-21,323.16,323.5,318.7652,319.49,566858,0.0
2017-12-25,319.45,320.14,316.2533,319.78,382814,0.0
2017-12-26,319.93,322.25,318.87,320.06,321492,0.0
2017-12-27,320.6,322.375,319.26,320.28,299619,0.0
2017-12-28,320.55,322.75,318.24,318.67,297338,0.0
2018-01-01,321.15,335.43,318.33,334.201,951534,0.0
2018-01-02,333.46,340.45,332.71,339.78,757513,0.0
2018-01-03,339.73,341.4,335.46,339.94,624114,0.0
2018-01-04,342,344.12,339.06,342.32,1007685,0.0
2018-01-07,341.45,341.94,327.26,329.63,892696,0.0
2018-01-08,329.65,339.49,329.06,336.41,858536,0.0
2018-01-09,334.59,339.94,331.835,336.64,593773,0.0
2018-01-10,338.01,338.54,329.34,333.08,632915,0.0
2018-01-11,333.31,336.61,331.511,335.72,533612,0.0
2018-01-15,337.63,344.87,337.21,338.85,831817,0.0
2018-01-16,339.72,347.78,337.28,344.91,886512,0.0
2018-01-17,343.99,345,337.5,344.36,851415,0.0
2018-01-18,347.57,347.57,341.82,342.35,780220,0.0
2018-01-21,343.59,347.82,342.03,347.63,670507,0.0
2018-01-22,348,354.28,345.735,346.75,743086,0.0
2018-01-23,348.89,350.12,342.3,346.5,945424,0.0
2018-01-24,358,358,341.21,353.71,1291615,0.0
2018-01-25,356.17,370.57,356.05,367.81,1521009,0.0
2018-01-28,365.15,367.9,357.47,358.46,848443,0.0
2018-01-29,355.47,357.75,351.125,352.66,678994,0.0
2018-01-30,357.34,359.61,345.72,347.86,792425,0.0
2018-01-31,348.18,352.38,344.58,346.15,766377,0.0
2018-02-01,343.98,348.685,342.31,343.86,583556,0.0
2018-02-04,344.58,348.34,328.31,328.31,869253,0.0
2018-02-05,322.52,332.95,321.11,332.94,1099936,0.0
2018-02-06,329.9,333.59,326.25,326.96,788461,0.0
2018-02-07,326,328.6958,311.5,311.79,717906,0.0
2018-02-08,313.27,319.93,302.28,316.57,1536182,0.0
2018-02-11,319.25,323.18,315.5,316.63,861804,0.0
2018-02-12,315.01,319,312.35,316.99,440210,0.0
2018-02-13,315.36,316.45,288,295.9,4283964,0.0
2018-02-14,298.85,300.75,289.27,299.38,2253838,0.0
2018-02-15,297.75,298.5,290.8813,291.87,2178175,0.0
2018-02-19,292,294.88,286.51,287.45,1366411,0.0
2018-02-20,287.56,290.66,285.11,286.08,1418737,0.0
2018-02-21,287.7,291.91,283.97,284.81,1095579,0.0
2018-02-22,287.59,294.24,285.6,292.78,1870136,0.0
2018-02-25,294,296.1,288.8,290,1004264,0.0
2018-02-26,290.83,294.03,289.42,290.02,895867,0.0
2018-02-27,291.26,292.895,287.39,288.99,1012913,0.0
2018-02-28,288.11,291.44,281.36,282.27,1478773,0.0
2018-03-01,278.22,288,277,286.96,915321,0.0
2018-03-04,284.16,288.125,282.59,286.96,573462,0.0
2018-03-05,286.86,288.68,283.76,285.95,548987,0.0
2018-03-06,285.47,285.83,282,284.55,908989,0.0
2018-03-07,285.47,286.82,283.225,284.69,849735,0.0
2018-03-08,285.87,286.76,281.7,286.09,1148006,0.0
2018-03-11,286,286.68,279.29,279.92,1580968,0.0
2018-03-12,282.21,286.54,280.52,283.24,1466002,0.0
2018-03-13,285.03,289.17,282.71,285.72,1236313,0.0
2018-03-14,286.48,288.26,285.13,286.69,934952,0.0
2018-03-15,289.4,292.3,287.47,287.56,1164056,0.0
2018-03-18,285.83,286.4899,276.43,278.36,1005203,0.0
2018-03-19,278.66,281.403,276.51,279.68,848524,0.0
2018-03-20,279.61,280.98,275.861,277.28,728466,0.0
2018-03-21,275.46,278.37,271.63,271.87,779706,0.0
2018-03-22,272.95,273.25,259.76,260.07,2237723,0.0
2018-03-25,263.24,270.2029,262.48,268.18,1501517,0.0
2018-03-26,269.75,273.37,263.41,265.25,1096745,0.0
2018-03-27,266.38,275,265.69,271.79,1280451,0.0
2018-03-28,273.11,276.44,271,273.85,679860,0.0
2018-04-01,272.02,272.54,261,266.89,905252,0.0
2018-04-02,267.97,270.82,262.49,266.48,916356,0.0
2018-04-03,263.63,273.31,263.62,272.48,965055,0.0
2018-04-04,271.83,272.99,263.84,264.97,1117947,0.0
2018-04-05,263.51,266.16,256.77,257.64,1314059,0.0
2018-04-08,258.29,264.46,254.33,257.52,1446721,0.0
2018-04-09,261.51,267.58,259.44,265.09,1348031,0.0
2018-04-10,263.36,269.95,262,266,1036240,0.0
2018-04-11,268.67,270.18,266.275,267.43,800500,0.0
2018-04-12,268.91,269.49,264.1501,265.4,635275,0.0
2018-04-15,267.44,269.26,262.205,263.06,698157,0.0
2018-04-16,265.77,268.76,263.78,264.75,1096579,0.0
2018-04-17,265.5,270.74,265.5,268.02,849933,0.0
2018-04-18,267.69,271.05,264.82,266.09,541018,0.0
2018-04-19,266.03,267.66,261.2,263.02,925657,0.0
2018-04-22,263.14,264.48,258,259.31,1167946,0.0
2018-04-23,253.71,266.73,249.17,262.16,2701431,0.0
2018-04-24,262.7,274.4,262.27,269.42,1739531,0.0
2018-04-25,271.1,277.425,270.52,273.95,1429927,0.0
2018-04-26,275.6,279.435,274.01,276.83,1370595,0.0
2018-04-29,277.58,280.35,273.45,273.61,1267396,0.0
2018-04-30,274.89,279.72,271.69,274.52,1077979,0.0
2018-05-01,273,277.57,264,274.15,2276475,0.0
2018-05-02,272.84,275.04,264.51,266.43,1290691,0.0
2018-05-03,264.99,272.58,264.99,270.34,1268617,0.0
2018-05-06,271.15,273.78,269.02,269.76,815208,0.0
2018-05-07,271.11,271.45,267.89,269.73,798490,0.0
2018-05-08,269.68,275.72,269.07,274.09,931747,0.0
2018-05-09,272.65,283.78,272.1,273.97,972529,0.0
2018-05-10,274.36,283.59,274.36,282.41,1366208,0.0
2018-05-13,282.18,285.52,281.025,282.35,1226503,0.0
2018-05-14,280.16,281.73,275,276.06,1153703,0.0
2018-05-15,277.33,283.55,276.94,281.27,971832,0.0
2018-05-16,280.26,281.62,277.26,280.65,872441,0.0
2018-05-17,281.01,282.7281,280.02,280.47,942215,0.0
2018-05-20,281.36,282.1,276.42,277.63,895225,0.0
2018-05-21,278.21,281.04,278.0101,279.7,948490,0.0
2018-05-22,277.14,284,276.65,283.75,773520,0.0
2018-05-23,283.44,285.47,281.8,284.41,729296,0.0
2018-05-24,284.29,289.61,283.85,286.12,868546,0.0
2018-05-28,283.83,289.89,282.1032,286.96,1009723,0.0
2018-05-29,288.49,297.5,287.96,294.35,1349771,0.0
2018-05-30,297.47,301.219,291.82,294.03,1204080,0.0
2018-05-31,294.94,298.36,293.02,297.08,768170,0.0
2018-06-03,297.04,301.505,296.12,298.89,672702,0.0
2018-06-04,299.39,301.7,295.76,298.43,789112,0.0
2018-06-05,299.15,303.935,298.885,303.79,768704,0.0
2018-06-06,304.05,307.91,303.055,305.39,843411,0.0
2018-06-07,304.68,304.99,300.36,303.27,1006497,0.0
2018-06-10,302.76,308.98,302.74,306.68,805784,0.0
2018-06-11,306.26,308.88,304.27,306.14,666873,0.0
2018-06-12,306.47,310.91,305.585,306.91,601225,0.0
2018-06-13,307.88,309.6,304.665,305.68,734076,0.0
2018-06-14,306.05,309.5,303.42,305.03,1085105,0.0
2018-06-17,294.05,294.97,283.2433,289.14,2333084,0.0
2018-06-18,286.14,296.01,286.041,292.05,1006951,0.0
2018-06-19,293.1,298.435,292.37,296.86,771346,0.0
2018-06-20,296.21,298.05,294.63,297.4,578826,0.0
2018-06-21,298,298.38,295,296.03,688623,0.0
2018-06-24,293.78,297.15,289.2,292.16,694205,0.0
2018-06-25,291.68,293.57,288.45,291.92,487762,0.0
2018-06-26,292.2,293.48,287.81,287.83,607182,0.0
2018-06-27,289.32,290.33,285.32,288.74,938705,0.0
2018-06-28,290.08,292.675,287.81,290.27,750485,0.0
2018-07-01,290.3,296.12,288.13,295.71,580192,0.0
2018-07-02,296.06,296.92,292.64,293.66,252943,0.0
2018-07-04,295.48,299.73,294.7781,298.84,426864,0.0
2018-07-05,347.05,367.89,340.55,358.12,9827837,0.0
2018-07-08,357.48,360.35,347.51,353.92,2795488,0.0
2018-07-09,347.54,347.9,339.15,344.78,2493136,0.0
2018-07-10,341.84,346.2,340,344.11,1233399,0.0
2018-07-11,347.03,348.07,343.55,347.64,858997,0.0
2018-07-12,347.01,351.665,344.05,348.42,751023,0.0
2018-07-15,348.8,353.2,346.1,353.09,975157,0.0
2018-07-16,352.2,356.02,351.52,355,871657,0.0
2018-07-17,353.81,358.75,350.28,358.45,917029,0.0
2018-07-18,356.38,360.27,356.04,358.17,1014142,0.0
2018-07-19,358.35,360.5,356.53,358.71,1058381,0.0
2018-07-22,358.71,362.22,355.88,357.93,1157557,0.0
2018-07-23,380,383,366.01,372.85,2875275,0.0
2018-07-24,374.1,388.67,372.9403,384.06,3654792,0.0
2018-07-25,340.5,353.4099,337,344.74,4026602,0.0
2018-07-26,346.2,346.47,339.11,340.34,1740181,0.0
2018-07-29,340.52,341.37,330.96,331.31,1671602,0.0
2018-07-30,332.17,338.74,330.895,334.31,1786997,0.0
2018-07-31,335.84,344.74,334.38,344.12,1534157,0.0
2018-08-01,342.22,350,340.81,347.93,1202919,0.0
2018-08-02,350.1,350.568,342.27,344.08,686324,0.0
2018-08-05,343.04,344.22,340.3305,341.1823,926464,0.0
2018-08-06,345.64,352.46,344,350.1,1321424,0.0
2018-08-07,348.05,352.33,345.92,350.07,825599,0.0
2018-08-08,350.88,352.25,345.78,346.99,911367,0.0
2018-08-09,344.93,347.4,340.335,343.06,1115818,0.0
2018-08-12,343.79,344.37,339.22,340.75,818053,0.0
2018-08-13,342.26,347.76,341.59,343.74,644198,0.0
2018-08-14,341,343.92,337.31,340.74,816685,0.0
2018-08-15,342.08,345.33,340.46,343.02,618307,0.0
2018-08-16,341,346.83,339.13,345.21,477883,0.0
2018-08-19,347.56,347.56,341.79,344.11,456135,0.0
2018-08-20,345.7,346.39,343,343.34,327053,0.0
2018-08-21,342.65,346.465,342,345.04,419833,0.0
2018-08-22,344.97,344.97,339.24,341.81,560831,0.0
2018-08-23,343.03,343.03,339.77,342.46,347676,0.0
2018-08-26,343.3,343.32,340.42,342.7,572824,0.0
2018-08-27,344.42,347.9995,341.87,345.52,743952,0.0
2018-08-28,347.16,352.02,346.16,350.02,753971,0.0
2018-08-29,350.15,355.94,348.37,352.75,643408,0.0
2018-08-30,351.26,354.13,350.02,353.39,637195,0.0
2018-09-03,353.85,355,341.61,346.86,1065330,0.0
2018-09-04,344.37,349.43,342.75,346.65,751125,0.0
2018-09-05,345.44,346.99,339.61,341.34,396574,0.0
2018-09-06,340,341.69,336.27,339.65,576330,0.0
2018-09-09,342.69,342.85,337.53,340.31,619660,0.0
2018-09-10,340.66,341.48,337.0903,337.69,729076,0.0
2018-09-11,337.96,340.43,333.03,340,489648,0.0
2018-09-12,341.05,342.41,337.83,340.57,497200,0.0
2018-09-13,340.56,342.06,337.37,338.68,711088,0.0
2018-09-16,337.5,337.73,333.5,334.4,837949,0.0
2018-09-17,333.23,338.48,332.48,336.89,1188416,0.0
2018-09-18,336.17,339.98,334.87,338.91,591608,0.0
2018-09-19,339.97,342.64,337.8,341.24,830708,0.0
2018-09-20,342.59,344.45,338.52,343.61,927486,0.0
2018-09-23,342.99,347.76,341.86,347.02,885907,0.0
2018-09-24,345.865,347.49,341.46,341.65,871265,0.0
2018-09-25,342.62,353.21,341.735,349.38,1286272,0.0
2018-09-26,351.39,357.5,350.4202,355.61,855442,0.0
2018-09-27,355,356.9971,352.43,353.31,1177863,0.0
2018-09-30,355.15,358.41,350.565,352.56,946356,0.0
2018-10-01,353.445,353.99,344.4,345.41,1087508,0.0
2018-10-02,345.2902,353.81,344.79,352.75,1031031,0.0
2018-10-03,351.21,351.975,340.65,343.1,1048498,0.0
2018-10-04,344.8,347.782,336.205,342.08,678916,0.0
2018-10-07,340.67,345.565,338.22,343.03,452133,0.0
2018-10-08,342.74,346.42,341.15,344.66,428197,0.0
2018-10-09,343.31,346.72,337.835,338.45,592525,0.0
2018-10-10,338.23,340.85,324.46,327.36,1247905,0.0
2018-10-11,331.62,333.3,326.14,330.8,700506,0.0
2018-10-14,329.97,332.07,327.38,328.4,599346,0.0
2018-10-15,330.89,339.12,328.77,338.61,726779,0.0
2018-10-16,340.15,340.625,334.68,338.25,529557,0.0
2018-10-17,338.29,338.29,328,330.15,824725,0.0
2018-10-18,323.06,327.1153,318.525,319.95,1592954,0.0
2018-10-21,322.3,323.85,314.16,315.54,1445961,0.0
2018-10-22,315.18,326.5,311,316.18,1640199,0.0
2018-10-23,315.94,319.69,301.09,302.03,2488399,0.0
2018-10-24,294.61,302.34,288.34,298.4,2719750,0.0
2018-10-25,292.85,304.9,291,300.215,1785868,0.0
2018-10-28,304.41,308.4932,294.72,300.99,1236520,0.0
2018-10-29,301.92,306.69,298.34,306.2,764671,0.0
2018-10-30,308.67,310.67,303.27,304.26,893952,0.0
2018-10-31,304.43,315.94,304.27,315.35,991841,0.0
2018-11-01,319.33,320.885,309.635,312.63,1020438,0.0
2018-11-04,314.18,318.8,313.58,317.28,784675,0.0
2018-11-05,316.03,322.42,316.03,320.29,899794,0.0
2018-11-06,323.13,331.88,322.4,331.6,1156743,0.0
2018-11-07,330.52,331.41,325,326.04,693789,0.0
2018-11-08,325.77,326.63,322.09,325.22,412184,0.0
2018-11-11,324.9,324.9995,317.56,318.98,592238,0.0
2018-11-12,320.43,325.26,317.93,319.11,482696,0.0
2018-11-13,321.56,322.78,312.985,313.43,1235766,0.0
2018-11-14,311.27,322.045,310,321.94,966676,0.0
2018-11-15,321.82,326.19,320.62,324.17,1111424,0.0
2018-11-18,325.12,326.32,315.45,319.21,879122,0.0
2018-11-19,318.96,323.51,313.25,319.36,1206720,0.0
2018-11-20,319.89,321.05,315.28,315.57,644351,0.0
2018-11-22,313.81,324.45,313.28,320.21,511009,0.0
2018-11-25,321.7,322.49,315.4067,319.46,924549,0.0
2018-11-26,317.77,323.91,316.12,323.859,686945,0.0
2018-11-27,324.25,332.5,321.33,332.43,871007,0.0
2018-11-28,329.06,330.99,324.6,326.54,686320,0.0
2018-11-29,327.03,333.77,325.15,332.73,956047,0.0
2018-12-02,335,338.72,329.38,332.24,931472,0.0
2018-12-03,332.92,336.295,321.83,322.69,1048311,0.0
2018-12-05,318.5,326.73,313.6425,326.72,1237968,0.0
2018-12-06,324.6,326.55,316.15,316.73,965964,0.0
2018-12-09,317.94,321.11,310.99,319.49,723574,0.0
2018-12-10,323.64,326.628,318.36,319.79,781752,0.0
2018-12-11,324.34,330.75,319.54,322.61,1100238,0.0
2018-12-12,323.97,325.69,319,320.12,936307,0.0
2018-12-13,319.6,320.54,314.15,314.53,928678,0.0
2018-12-16,315.46,323.9295,310.97,313.17,1117247,0.0
2018-12-17,313.81,313.94,289.72,294.6,2697445,0.0
2018-12-18,295.04,299.24,289.43,292.65,1844251,0.0
2018-12-19,292.49,296.59,289.61,292.39,1450255,0.0
2018-12-20,291.32,296.24,280.4,280.66,2574387,0.0
2018-12-23,281.18,286.75,278.46,278.63,910168,0.0
2018-12-25,279.46,295.23,278.96,294.95,1325595,0.0
2018-12-26,290.19,294.25,283.5001,294.24,1204028,0.0
2018-12-27,294.5,298.25,292.5018,293.19,882831,0.0
2018-12-30,294.56,302.48,294.2001,299.11,779155,0.0
2019-01-01,296.84,307.13,296.54,304.07,999437,0.0
2019-01-02,306.76,316.69,305.92,307.425,1671347,0.0
2019-01-03,311.8,323.63,309.9,318.32,1222581,0.0
2019-01-06,319.28,327.26,317.41,322.68,872788,0.0
2019-01-07,324.53,325.9,320.47,324.45,821066,0.0
2019-01-08,325.76,330.7,324.46,325.54,1027416,0.0
2019-01-09,325.62,331.27,324.2,330.66,626487,0.0
2019-01-10,329.4,333.57,327.83,332.48,838439,0.0
2019-01-13,331.28,331.52,327.72,330.79,681580,0.0
2019-01-14,330.67,337.97,328.93,337.14,711315,0.0
2019-01-15,337.43,339.97,330.06,331.89,1019612,0.0
2019-01-16,331.24,339.9571,330.32,338.12,794196,0.0
2019-01-17,340.33,340.545,334.71,336.955,1013006,0.0
2019-01-21,335.05,340.6976,333.66,338.045,838283,0.0
2019-01-22,340.46,344,333.29,337.34,688207,0.0
2019-01-23,336.91,337.21,331.9702,332.68,892568,0.0
2019-01-24,334.88,337.36,333.51,336.34,806941,0.0
2019-01-27,335.19,335.875,326.84,330.57,1048017,0.0
2019-01-28,327.14,335.08,326.01,334.66,1354951,0.0
2019-01-29,326.2,330.995,321.4225,327.6,2177006,0.0
2019-01-30,328.24,334.15,325.06,334.15,1140300,0.0
2019-01-31,333.75,333.75,326.07,330.74,834255,0.0
2019-02-03,331.37,334.05,326.61,333.77,729186,0.0
2019-02-04,334.33,338.87,333.3,337.36,684585,0.0
2019-02-05,337.47,338.41,331.63,333.24,685384,0.0
2019-02-06,323.9,325.205,307,308.25,2531250,0.0
2019-02-07,307.11,316.71,305.45,314.63,1356934,0.0
2019-02-10,316.12,317.9,314.538,316.95,842424,0.0
2019-02-11,319.1,320.31,316.95,319.47,790919,0.0
2019-02-12,321,323.66,319.235,321.37,921101,0.0
2019-02-13,321,325.61,318.57,324.805,771558,0.0
2019-02-14,328.09,333.28,324.71,332.61,1277425,0.0
2019-02-18,330.83,335.935,330.83,332.78,623214,0.0
2019-02-19,332.37,335.3,331.57,335.3,627978,0.0
2019-02-20,329.97,331.49,320.39,321.17,1210113,0.0
2019-02-21,321.19,325.39,320.425,325.34,907723,0.0
2019-02-24,327.95,331.99,326.2534,327.48,660109,0.0
2019-02-25,327.23,329.15,325.13,327.59,542100,0.0
2019-02-26,326.53,330.03,325.51,328.83,478680,0.0
2019-02-27,327.64,329.78,326.51,328.03,535461,0.0
2019-02-28,331.29,335.17,330.15,334.15,768675,0.0
2019-03-03,335.6,336.57,324.44,327.26,889097,0.0
2019-03-04,327.75,330.12,325.04,326.77,614145,0.0
2019-03-05,327.49,328.41,317.84,317.98,775339,0.0
2019-03-06,317.11,317.995,314.1796,315.23,741477,0.0
2019-03-07,312.29,313.33,305.9,308.05,1470545,0.0
2019-03-10,308.28,312.15,307.28,311.461,1034535,0.0
2019-03-11,313.08,315.28,311.26,312.62,758744,0.0
2019-03-12,313.12,321.22,312.11,320.65,874737,0.0
2019-03-13,321.53,323.55,318.695,321.49,821934,0.0
2019-03-14,324.87,330.1,324.16,329.71,785629,0.0
2019-03-17,328.55,330,324.28,325.58,701057,0.0
2019-03-18,326.26,327.75,322.4,323.76,901797,0.0
2019-03-19,323.67,325,320.14,320.47,756711,0.0
2019-03-20,230.07,235.77,224.6001,226.82,18420932,0.0
2019-03-21,225.1,226.8,216.49,216.625,8032684,0.0
2019-03-24,220.02,221.8795,216.12,220.34,5539658,0.0
2019-03-25,221.93,233.7607,221.57,232.935,6232944,0.0
2019-03-26,232.94,237.77,227.08,229.95,3726754,0.0
2019-03-27,230.98,236.28,230.11,232.82,2684942,0.0
2019-03-28,235.59,237.14,233.02,236.36,2329708,0.0
2019-03-31,239.065,239.46,232.48,232.49,1387165,0.0
2019-04-01,232.35,237.55,232.35,233.25,2718152,0.0
2019-04-02,235,235,228.5,231.36,3357866,0.0
2019-04-03,231.4,236.8,231.04,234.97,2390910,0.0
2019-04-04,235.47,244.0804,235.31,241.75,2886211,0.0
2019-04-07,241.83,243.05,238.376,239.72,1923335,0.0
2019-04-08,239.03,239.25,235.72,237.47,1672891,0.0
2019-04-09,238.5,241.8699,235.75,240.37,1435612,0.0
2019-04-10,240.52,240.745,231.05,233.79,2497007,0.0
2019-04-11,235,236.79,233.61,234.44,1719699,0.0
2019-04-14,235.04,235.88,231.5743,232.34,1510283,0.0
2019-04-15,232.17,233.44,227.42,228.72,2132194,0.0
2019-04-16,229.77,231.88,225.28,227.21,2108814,0.0
2019-04-17,227.28,227.88,221.53,226.4,1885953,0.0
2019-04-21,226.99,232.18,226.57,228.77,1685436,0.0
2019-04-22,228.27,233.35,226.74,230.039,2236042,0.0
2019-04-23,232.02,232.8,223.46,224.39,3698120,0.0
2019-04-24,224.03,232.2,223.09,229.77,2303937,0.0
2019-04-25,230.25,231.44,226.69,230.441,1218778,0.0
2019-04-28,230.96,231.695,228.08,229.27,1308481,0.0
2019-04-29,229.67,231.4292,226.4,229.13,1711834,0.0
2019-04-30,228.97,232.44,227.89,229.5,1450837,0.0
2019-05-01,229.83,234.49,229.22,230.5,1673938,0.0
2019-05-02,232.77,234.11,230.55,231.19,2113492,0.0
2019-05-05,228.95,236.6768,227.5,236.08,1937760,0.0
2019-05-06,233.69,238.17,227.69,229.22,2808502,0.0
2019-05-07,229.25,232.53,227.59,231.04,1466965,0.0
2019-05-08,229.17,229.52,224.34,228.5,1776198,0.0
2019-05-09,227.68,228.5,222.58,226.18,1749215,0.0
2019-05-12,222.99,226.91,222.12,225.65,1461281,0.0
2019-05-13,225.88,230.45,225.41,229.18,1413805,0.0
2019-05-14,228.8,232.07,227.051,230.62,1190272,0.0
2019-05-15,230.46,232.8328,229.8,230.85,1266805,0.0
2019-05-16,229.5,232,228.11,229.18,1702835,0.0
2019-05-19,228.18,232.01,226.61,230.69,1688249,0.0
2019-05-20,230.07,234.49,228.81,232.84,1338055,0.0
2019-05-21,231.92,236.89,230.05,234.96,1272503,0.0
2019-05-22,232.94,233.22,227.38,229,1836419,0.0
2019-05-23,229.73,230.515,225.82,227.06,1627899,0.0
2019-05-27,227.79,230.14,225.09,225.38,1225729,0.0
2019-05-28,223.64,224.49,221.23,223.26,1416465,0.0
2019-05-29,223.01,224.97,221.12,223.77,973383,0.0
2019-05-30,221.71,223.31,219.2,219.22,1375414,0.0
2019-06-02,220.31,226.58,219.51,223.4,1353966,0.0
2019-06-03,224.51,229.25,224.3119,227.06,1205140,0.0
2019-06-04,227.12,227.57,224.48,226.09,1119314,0.0
2019-06-05,225.18,228.17,223.85,224.38,1211405,0.0
2019-06-06,226.05,228.86,224.01,227.2,1227150,0.0
2019-06-09,227.52,230.59,226.495,228.4,971017,0.0
2019-06-10,229.5,232.81,228.78,229.08,1078834,0.0
2019-06-11,228.29,231.6,228.01,230.469,1038140,0.0
2019-06-12,231.05,233.83,229.7,231.26,1811021,0.0
2019-06-13,230.95,231.4218,226.96,227.67,2606593,0.0
2019-06-16,228.76,232.96,227.55,231.79,1431887,0.0
2019-06-17,233.95,237.75,232.535,233.01,1353483,0.0
2019-06-18,232.61,234.42,231.86,233.93,1358846,0.0
2019-06-19,236.26,237,233.89,234.9,1693251,0.0
2019-06-20,234.67,239.14,232.7,239.11,1907856,0.0
2019-06-23,238.7,241.31,235.33,235.96,1154383,0.0
2019-06-24,236.4,245.35,235.99,240.4,1852977,0.0
2019-06-25,241.45,242.68,235.92,238.06,1401807,0.0
2019-06-26,237.91,241.14,237.83,239.71,1471832,0.0
2019-06-27,236.3263,237.29,233.46,233.8,1707903,0.0
2019-06-30,236.59,238.025,234.13,235.3901,1215088,0.0
2019-07-01,236.26,236.48,233.395,236.36,1163652,0.0
2019-07-02,237,238.74,236.2405,238.28,591950,0.0
2019-07-04,236.91,238.91,233.23,234.17,1061753,0.0
2019-07-07,234.25,234.25,228.03,230.89,1320872,0.0
2019-07-08,229.49,234.36,228.53,234.19,724224,0.0
2019-07-09,233.88,235.98,229.46,232.5,939000,0.0
2019-07-10,231.81,232.14,227.19,231.56,1092616,0.0
2019-07-11,230.89,233.39,230.76,231.44,1042883,0.0
2019-07-14,232.53,234.35,229.8917,233.61,856195,0.0
2019-07-15,234.3,235.04,231.06,231.61,1029224,0.0
2019-07-16,231.53,231.99,229.35,229.39,757742,0.0
2019-07-17,229.85,232.34,228.58,232.24,924708,0.0
2019-07-18,232.86,234.13,231.09,231.271,1182669,0.0
2019-07-21,232.52,235.24,231.29,232.52,1057734,0.0
2019-07-22,239,246.99,238.21,243.92,2934631,0.0
2019-07-23,244.7,245.93,239.15,241.21,1357790,0.0
2019-07-24,241.32,241.55,237.3,238.17,809941,0.0
2019-07-25,233.91,238.45,232.321,238.21,1308803,0.0
2019-07-28,238.21,239.3,235.93,237.17,687684,0.0
2019-07-29,237.33,242.64,236.06,241.51,1095618,0.0
2019-07-30,239.76,241.42,235.235,237.79,877472,0.0
2019-07-31,238.76,245.3,236.42,243.06,1637662,0.0
2019-08-01,242.12,242.74,239.33,242.27,839807,0.0
2019-08-04,240.35,240.99,234.15,235.21,964564,0.0
2019-08-05,236.45,240.99,232.3,240.09,1158161,0.0
2019-08-06,237.81,239.1457,233.07,237.52,771730,0.0
2019-08-07,238.16,239.92,235.78,238.21,1127593,0.0
2019-08-08,237.84,238,234.4,235.81,868950,0.0
2019-08-11,234.09,235.53,229.445,230.95,877832,0.0
2019-08-12,230.83,234.76,230.2,233.22,840884,0.0
2019-08-13,230,230.565,226,226.69,810347,0.0
2019-08-14,227.08,228.66,226.53,227.66,842988,0.0
2019-08-15,229.39,232.87,227.44,231.56,833474,0.0
2019-08-18,233.37,236.64,233.18,235.72,824260,0.0
2019-08-19,235.09,235.55,230.75,231.26,674893,0.0
2019-08-20,232.8,233.78,231.5,233.21,652923,0.0
2019-08-21,233.42,233.6,229.531,232.18,532167,0.0
2019-08-22,231.26,231.87,225.1,225.9,911979,0.0
2019-08-25,227.32,227.99,222.95,223.7,828421,0.0
2019-08-26,225,225.64,219.71,220.75,1073063,0.0
2019-08-27,220.55,223.48,219,220.98,1223010,0.0
2019-08-28,223.1,223.75,219.8,220.12,991893,0.0
2019-08-29,220.73,221.68,217.9,219.64,1049647,0.0
2019-09-02,218.15,219.89,216.09,217.38,1144333,0.0
2019-09-03,218.75,219.39,215.775,219.3,969989,0.0
2019-09-04,220.44,225.43,220.44,223.92,1159722,0.0
2019-09-05,224.46,227.27,222.7,224.58,952704,0.0
2019-09-08,225.58,231.06,224.39,230.04,1459309,0.0
2019-09-09,230.25,234.8,230.18,233,1542562,0.0
2019-09-10,230.23,238.74,229.78,235.96,1623852,0.0
2019-09-11,236.31,236.57,226.06,232.17,1784641,0.0
2019-09-12,232,237.98,232,236.64,1423291,0.0
2019-09-15,236.17,240.5,234.82,236.1,1412158,0.0
2019-09-16,234.86,239.5,234.36,238.7,984512,0.0
2019-09-17,239.36,239.52,233.32,235.09,1137228,0.0
2019-09-18,235.11,238.4234,234.23,235.61,987218,0.0
2019-09-19,235.43,242.21,234.3,238.62,1646225,0.0
2019-09-22,238.58,242.712,237.37,239.92,924179,0.0
2019-09-23,240,241.47,235.15,236.15,1281164,0.0
2019-09-24,236.2,239.19,235.67,235.96,947417,0.0
2019-09-25,236.61,236.89,228.795,230.05,1268083,0.0
2019-09-26,231.28,233.24,228.13,230.06,1082285,0.0
2019-09-29,230.28,235.25,229.42,232.96,966093,0.0
2019-09-30,232.76,234.035,224.67,227.2,1565148,0.0
2019-10-01,226.56,228.35,220.61,221.26,1802216,0.0
2019-10-02,221.7,223.48,219.7,222.5,1513100,0.0
2019-10-03,223.1,225.5,222.2,224,2037687,0.0
2019-10-06,225.64,229.755,224,227,2679837,0.0
2019-10-07,225.16,226.1,221.56,221.992,2570445,0.0
2019-10-08,223.15,224.15,221.9,222.11,2586928,0.0
2019-10-09,222.14,224.21,221.96,223,2662482,0.0
2019-10-10,225.44,227.5,220.81,223.05,4401283,0.0
2019-10-13,222.5,226.38,221.84,225.74,3809261,0.0
2019-10-14,225.41,228.33,225.16,226.05,3396586,0.0
2019-10-15,226.23,229.75,225.96,227.73,2175810,0.0
2019-10-16,227.85,228.97,223.48,225.56,3127222,0.0
2019-10-17,225.49,225.49,220.01,220.05,4240538,0.0
2019-10-20,222.47,225.78,221.75,223.75,1979351,0.0
2019-10-21,310,318,279.16,282,18631609,0.0
2019-10-22,285.24,286.67,275.66,278.86,5011040,0.0
2019-10-23,278.21,287.04,278.01,285.79,2616716,0.0
2019-10-24,285.06,290.18,284.1047,288.06,1953618,0.0
2019-10-27,283.76,295.97,283.3872,295.45,2233506,0.0
2019-10-28,294.76,299.89,294.74,297.49,2038494,0.0
2019-10-29,302.51,306.92,299.02,299.95,2036419,0.0
2019-10-30,300.02,301.58,295.57,298.71,1665245,0.0
2019-10-31,299.79,303.79,298.57,299.3572,1317105,0.0
2019-11-03,301.14,302.56,293.13,293.47,1413413,0.0
2019-11-04,293.75,295.09,288.82,292.22,1045079,0.0
2019-11-05,292.34,293,286.85,289,1090712,0.0
2019-11-06,289.52,290.5599,285.6,286.93,1066280,0.0
2019-11-07,286.53,293.39,285.25,293.26,1207299,0.0
2019-11-10,292.48,294.92,290.5179,293.92,875607,0.0
2019-11-11,295,296.25,289.12,291.45,1305504,0.0
2019-11-12,290.25,290.25,280.95,281.87,1784084,0.0
2019-11-13,282.84,282.84,271.4775,275.15,2190586,0.0
2019-11-14,278.25,283.95,277.11,282.27,1787125,0.0
2019-11-17,280.43,283.5,280.05,282.75,1219760,0.0
2019-11-18,282.11,290.6942,280.51,285.78,1691051,0.0
2019-11-19,285.09,289.1,283.88,285.41,1033214,0.0
2019-11-20,285.35,289.18,283.76,288.48,1143332,0.0
2019-11-21,288.4,301.86,288.32,299.23,3097169,0.0
2019-11-24,301.63,307.01,300.56,302.7,2024245,0.0
2019-11-25,301.9,307.35,301.6,303.04,1622165,0.0
2019-11-26,303.61,304,298.68,303.51,1263931,0.0
2019-11-28,301.1,305.1842,299.4,299.96,818149,0.0
2019-12-01,292.35,296.5999,290.1601,292.36,1675793,0.0
2019-12-02,291.78,294.65,289.8,290.59,1327728,0.0
2019-12-03,290.15,293.14,284.03,289.36,1573092,0.0
2019-12-04,291,309.06,275.04,299.53,5281585,0.0
2019-12-05,299.68,304.56,299.68,300.25,2027952,0.0
2019-12-08,300.27,304.32,295.46,295.46,1290093,0.0
2019-12-09,294.38,300.26,294.37,297.26,1033339,0.0
2019-12-10,296.82,299.29,292,292.23,1133252,0.0
2019-12-11,291.94,296.17,290.93,293.79,1695149,0.0
2019-12-12,298,304,294.89,296.85,1674511,0.0
2019-12-15,297.81,301.74,296.75,301.31,1070378,0.0
2019-12-16,301.86,301.93,296.3,297.1,1025540,0.0
2019-12-17,297.63,300.825,295.55,296.74,985014,0.0
2019-12-18,297.27,298.769,295.01,297.62,1160844,0.0
2019-12-19,301,301.85,299.5,301.02,2452528,0.0
2019-12-22,302.9,305.72,300.86,301.72,1041908,0.0
2019-12-23,301.64,304.65,301.07,304.2,377728,0.0
2019-12-25,304.47,306.94,301.28,301.72,537021,0.0
2019-12-26,302.85,303.05,299.49,300.14,505419,0.0
2019-12-29,300.37,301.57,295.0148,296.01,751155,0.0
2019-12-30,295.28,297.36,292.84,296.73,630482,0.0
2020-01-01,299.06,299.12,292.28,294.1,826843,0.0
2020-01-02,292.19,292.68,290.22,290.9,524909,0.0
2020-01-05,290.7,291.19,288.2009,290.81,776329,0.0
2020-01-06,290.41,291.84,287.99,290.09,730725,0.0
2020-01-07,288.88,294.19,287.81,292.68,878230,0.0
2020-01-08,293.99,296.57,292.36,294.3,811072,0.0
2020-01-09,294.64,298.74,294.36,296.51,1062841,0.0
2020-01-12,294.79,295.5,290.83,294.01,983196,0.0
2020-01-13,293.51,306.35,291.27,299.17,1789284,0.0
2020-01-14,298.94,300.37,292.41,293.2,1645226,0.0
2020-01-15,294.49,294.8,284.24,285.91,2317823,0.0
2020-01-16,287.32,288,284.9,285.47,1120596,0.0
2020-01-20,286.54,287.84,282.756,287.25,3391831,0.0
2020-01-21,288.17,290.845,287.6,288.169,2569645,0.0
2020-01-22,287.23,288.08,281.21,284.25,3246593,0.0
2020-01-23,284.21,284.99,277.32,278.15,2047747,0.0
2020-01-26,278.14,282.335,276.235,281.24,1130978,0.0
2020-01-27,283.96,284.285,280.72,281.95,859567,0.0
2020-01-28,282.05,283.38,279.66,282.73,957407,0.0
2020-01-29,288.12,288.12,276.14,277.42,1433310,0.0
2020-01-30,276.08,276.28,267.59,268.84,1144472,0.0
2020-02-02,270.61,275.3,269.1,272.57,1077590,0.0
2020-02-03,276.4,285.6,275.94,283.33,1349980,0.0
2020-02-04,285.63,374.99,279.175,332.83,9870289,0.0
2020-02-05,338.39,348.66,333.5,337.01,3334362,0.0
2020-02-06,335.39,340.32,331.66,338.7,1862442,0.0
2020-02-09,332,339.56,330.24,338.69,1477641,0.0
2020-02-10,338.06,340.05,329.72,332.29,1635128,0.0
2020-02-11,331.66,334.71,329.04,331.75,1401629,0.0
2020-02-12,329.2,338.875,329,334.26,1121468,0.0
2020-02-13,334,335.4,331.83,333,867586,0.0
2020-02-17,343.66,344,334.09,337.12,1240037,0.0
2020-02-18,338,341.77,335.42,341.04,1236455,0.0
2020-02-19,342.18,343,332.5,336.64,1400409,0.0
2020-02-20,336.97,337.82,334.6,336.72,813248,0.0
2020-02-23,331.5,336,325.42,325.98,1486998,0.0
2020-02-24,327.2,330.61,322.7,323.98,1598080,0.0
2020-02-25,326.98,330.93,323.61,327.63,1248957,0.0
2020-02-26,324.72,325.55,309.63,309.63,1867166,0.0
2020-02-27,300.23,310.54,299.001,308.6,1856704,0.0
2020-03-01,308.64,328.23,307.83,327.95,2061995,0.0
2020-03-02,320.28,333,311.87,315.69,1782624,0.0
2020-03-03,318.58,328.45,316.41,328.44,1408819,0.0
2020-03-04,319.73,326.45,315,317.71,1214789,0.0
2020-03-05,308.27,319.18,306.17,317.95,1332250,0.0
2020-03-08,303.37,306.97,293.7604,296.74,3762956,0.0
2020-03-09,304.49,308.775,289.585,305.63,1851043,0.0
2020-03-10,295.54,303.36,291.96,294.08,1626002,0.0
2020-03-11,280,285.42,266.01,268.4,2595249,0.0
2020-03-12,281.445,306,276.24,305.87,3038609,0.0
2020-03-15,277.1,309.35,273.59,281.71,2550139,0.0
2020-03-16,285.33,314.65,284.135,305.56,4712240,0.0
2020-03-17,293.71,306.74,277.51,299.99,2274962,0.0
2020-03-18,293.15,297.48,283.28,287.32,2124177,0.0
2020-03-19,288.02,301.88,277.81,278,2402678,0.0
2020-03-22,283.35,288.055,262.25,269.07,2461419,0.0
2020-03-23,278.89,283.26,269.98,276.18,2607500,0.0
2020-03-24,274.73,300.84,268.13,284.91,2402318,0.0
2020-03-25,284.74,306.77,284.505,305.28,1748392,0.0
2020-03-26,297,307.14,294.25,296.41,1386379,0.0
2020-03-29,300,321.41,298.08,316.13,1573171,0.0
2020-03-30,313.48,319.94,309.2,316.38,1961128,0.0
2020-03-31,308.81,313.462,290.35,293.78,1959555,0.0
2020-04-01,290.1,307.15,290,304.87,3533694,0.0
2020-04-02,303.7,311.525,296.805,300.51,1240695,0.0
2020-04-05,308.49,314.14,300.6,310.75,2189648,0.0
2020-04-06,314.94,319.6,299.61,300.78,2024922,0.0
2020-04-07,305.25,319.39,301.01,316.95,1706141,0.0
2020-04-08,315.1,322.45,314.01,321.05,1322377,0.0
2020-04-12,318.01,325.11,316.79,322.66,1050943,0.0
2020-04-13,329,336.5,328.34,333.3,2901399,0.0
2020-04-14,329.45,333.2,322.86,326.94,2506525,0.0
2020-04-15,331.15,340.38,328.17,338.34,4321220,0.0
2020-04-16,345.97,346.05,335.285,343,5719751,0.0
2020-04-19,338.64,350.24,337.28,339.11,3848427,0.0
2020-04-20,332.51,336.19,328.37,329.675,4027521,0.0
2020-04-21,302.75,306.99,289.02,297.18,23328277,0.0
2020-04-22,293.61,297.4401,291.57,292.25,5538091,0.0
2020-04-23,293.06,297.94,290.1,297.8,4687319,0.0
2020-04-26,300.58,305,299.74,303.25,2718063,0.0
2020-04-27,305.02,312.8299,303.003,304.96,1648134,0.0
2020-04-28,308.84,313.34,304.625,304.66,3509914,0.0
2020-04-29,299,305.05,296.14,296.73,1893310,0.0
2020-04-30,295.07,297.915,291.8803,293.08,2680300,0.0
2020-05-03,294.06,297.9,293.02,296.81,1073023,0.0
2020-05-04,297.14,306.5,297.08,304.44,2427418,0.0
2020-05-05,305.05,312.6564,304.975,306.44,1094142,0.0
2020-05-06,308.71,317.55,308.51,314.01,2849442,0.0
2020-05-07,315.49,317.7,311.37,314.02,1016374,0.0
2020-05-10,313.41,330.13,313,328.03,1225584,0.0
2020-05-11,329.91,335,318.89,319.51,2768428,0.0
2020-05-12,320.9,327.2,312.66,314.99,1242549,0.0
2020-05-13,311.15,317.78,311.15,315.81,1070499,0.0
2020-05-14,313.49,317.21,311,316.62,686018,0.0
2020-05-17,324,324,315.285,315.9,1760548,0.0
2020-05-18,314.67,316.85,308.66,309.9,736579,0.0
2020-05-19,311.58,314.575,308.185,309.34,1595170,0.0
2020-05-20,309.76,311.26,302.53,304.55,2000376,0.0
2020-05-21,304.11,305.03,300.8,304.57,1176020,0.0
2020-05-25,309.07,309.07,294.89,295.55,1396807,0.0
2020-05-26,297,301.5,291.83,301.49,1181312,0.0
2020-05-27,302.29,304.8,297.86,300.44,883298,0.0
2020-05-28,300.98,307.79,297.91,307.7,2053339,0.0
2020-05-31,305.72,306.95,300.7,301.3,1455628,0.0
2020-06-01,300.28,303.92,300.28,302.83,1572784,0.0
2020-06-02,303.04,304.68,299.71,302.13,1443214,0.0
2020-06-03,302.99,303.9554,297.55,299.735,1600906,0.0
2020-06-04,300.61,308.27,298.12,307.02,1104961,0.0
2020-06-07,304.48,306.06,299.13,301.495,1272745,0.0
2020-06-08,297,297.34,291,293.855,3636110,0.0
2020-06-09,296.08,296.81,291.9,295.32,2427618,0.0
2020-06-10,293.66,294.39,281.2,283.24,1335510,0.0
2020-06-11,286.06,286.96,280.405,280.62,601012,0.0
2020-06-14,276.36,278.99,272.02,278.35,3797189,0.0
2020-06-15,282.01,285.96,280.22,282.12,1532314,0.0
2020-06-16,283.6,285.28,279.68,281.44,3468399,0.0
2020-06-17,261.08,270.19,258.95,260.42,6044297,0.0
2020-06-18,261.75,271.99,259.8,270.9,7462945,0.0
2020-06-21,266.5,267.36,261.23,264.291,1896186,0.0
2020-06-22,266.37,273.01,265.49,268.2,1547844,0.0
2020-06-23,266.9,271.42,261.79,263.04,1266548,0.0
2020-06-24,262.42,263.42,258.75,262.63,1136805,0.0
2020-06-25,262.76,262.99,257.6,258.64,1381947,0.0
2020-06-28,260.84,263.68,258.395,260.3,772568,0.0
2020-06-29,260.95,268.47,260.37,267.46,1028377,0.0
2020-06-30,266.89,269.315,261.87,264.77,970669,0.0
2020-07-01,265.49,267.98,264.12,265.28,819168,0.0
