Date,Open,High,Low,Close,Volume,OpenInterest
2016-07-11,1362,1366.99,1334.01,1346.31,308796,0.0
2016-07-12,1342.38,1359.71,1337.89,1338.06,226288,0.0
2016-07-13,1345.26,1351,1340.25,1346.08,178961,0.0
2016-07-14,1327.89,1334,1322.59,1330.54,354056,0.0
2016-07-17,1332.5,1349.43,1328.1,1341.36,186910,0.0
2016-07-18,1332,1338.59,1325,1327.41,266256,0.0
2016-07-19,1330.11,1362.99,1323.68,1354.03,427309,0.0
2016-07-20,1349.01,1350.8,1325.82,1331.73,378627,0.0
2016-07-21,1336.23,1336.7,1323.07,1326.62,271948,0.0
2016-07-24,1330.45,1330.73,1305.09,1321.66,436881,0.0
2016-07-25,1322.75,1331.32,1316.03,1325.11,327796,0.0
2016-07-26,1319.4,1340,1315.46,1324.96,323396,0.0
2016-07-27,1310,1329.87,1310,1326.57,324333,0.0
2016-07-28,1314.99,1353.99,1313.42,1350.83,979710,0.0
2016-07-31,1353.73,1363.59,1342.4,1356.07,372199,0.0
2016-08-01,1353.31,1363,1325.72,1344.87,416535,0.0
2016-08-02,1341.6,1376.68,1336.03,1371.8,600406,0.0
2016-08-03,1358.4,1363.68,1344.32,1360,673039,0.0
2016-08-04,1435,1435,1406.99,1414.21,989656,0.0
2016-08-07,1415.54,1417.24,1402.02,1405,410904,0.0
2016-08-08,1404.51,1409.4,1398.25,1407.72,276146,0.0
2016-08-09,1411,1412,1401.05,1406.7,182459,0.0
2016-08-10,1408.75,1416.43,1405.37,1406.92,214712,0.0
2016-08-11,1401,1408.34,1400.95,1407.98,185380,0.0
2016-08-14,1408,1412.1,1396.75,1399.16,282585,0.0
2016-08-15,1397.95,1410.37,1392.44,1409.1,230895,0.0
2016-08-16,1408.66,1429.27,1404.03,1427.8,319161,0.0
2016-08-17,1440,1449.9,1437.5,1443.33,324600,0.0
2016-08-18,1438,1443.07,1428.08,1432,333178,0.0
2016-08-21,1434.44,1434.45,1421,1422.96,295586,0.0
2016-08-22,1425.32,1433,1419.5,1422.3,200051,0.0
2016-08-23,1419.21,1429.53,1404.01,1410.18,258663,0.0
2016-08-24,1404.13,1418.6,1404.13,1415.64,206974,0.0
2016-08-25,1415.55,1429.69,1410.5,1419.8,265235,0.0
2016-08-28,1423,1433.97,1419.76,1425.39,180087,0.0
2016-08-29,1422.69,1430.51,1412,1416.26,110555,0.0
2016-08-30,1414.15,1418.41,1408,1416.67,86709,0.0
2016-08-31,1422.5,1424.37,1408.53,1418.75,176295,0.0
2016-09-01,1427,1429.98,1415.76,1422.89,168590,0.0
2016-09-05,1421.92,1436.83,1416.25,1436.83,224348,0.0
2016-09-06,1434.75,1447.32,1429.83,1444.1,180868,0.0
2016-09-07,1443.33,1454.11,1441.93,1445.82,229655,0.0
2016-09-08,1432.66,1443,1413.23,1413.9,293067,0.0
2016-09-11,1402.67,1443.13,1402.67,1437,303961,0.0
2016-09-12,1426,1439.99,1405.53,1415.95,351670,0.0
2016-09-13,1418.7,1431.2,1416.01,1430.21,243276,0.0
2016-09-14,1431.98,1458.91,1426.16,1457.24,497232,0.0
2016-09-15,1453.31,1462.91,1442.22,1460.04,482074,0.0
2016-09-18,1469,1473.17,1446.55,1448.06,318177,0.0
2016-09-19,1457.89,1459.53,1440,1449.41,194024,0.0
2016-09-20,1452.64,1464.68,1442.51,1464,252396,0.0
2016-09-21,1464.85,1469.93,1458,1465.87,217361,0.0
2016-09-22,1465,1465,1452.41,1456.81,200534,0.0
2016-09-25,1452.62,1453.77,1440.23,1447.39,213263,0.0
2016-09-26,1446.65,1460.52,1441.22,1453.49,300840,0.0
2016-09-27,1459.48,1461.56,1449.25,1458.03,240681,0.0
2016-09-28,1459.01,1481.78,1455.31,1473.1,456125,0.0
2016-09-29,1478.07,1480.69,1463.92,1471.5,258962,0.0
2016-10-02,1463.83,1490.43,1459.42,1487.5,350788,0.0
2016-10-03,1494.35,1498.83,1483.02,1490.19,236375,0.0
2016-10-04,1493.56,1501.79,1490,1497.58,252483,0.0
2016-10-05,1492.73,1497.26,1485.28,1490.99,232682,0.0
2016-10-06,1498.74,1498.74,1478.01,1480,279626,0.0
2016-10-09,1481,1486.59,1470.24,1475.23,327103,0.0
2016-10-10,1470,1475.52,1455.01,1459.02,269987,0.0
2016-10-11,1458,1469.3,1452.81,1454.84,179897,0.0
2016-10-12,1445.8,1449.16,1429.58,1442.52,339215,0.0
2016-10-13,1451.7,1456.35,1435.05,1439.57,228319,0.0
2016-10-16,1436.63,1443.36,1429.6,1437.22,174193,0.0
2016-10-17,1449.95,1459.9,1446.51,1454.98,225030,0.0
2016-10-18,1457.35,1474.7,1455.21,1469.2,210102,0.0
2016-10-19,1473.93,1473.99,1461.01,1468.28,177135,0.0
2016-10-20,1460.77,1468,1455.5,1467.36,236095,0.0
2016-10-23,1478.21,1479.83,1465.48,1470.48,166857,0.0
2016-10-24,1466.24,1481.85,1465.87,1479.02,209303,0.0
2016-10-25,1475,1477.55,1465.48,1469.16,302854,0.0
2016-10-26,1475.1,1480,1461.08,1463.06,230458,0.0
2016-10-27,1465.08,1483,1460,1474.83,434795,0.0
2016-10-30,1478.3,1479.61,1472.28,1475.08,162942,0.0
2016-10-31,1474.23,1480.01,1453.93,1467,379839,0.0
2016-11-01,1468.48,1469.55,1441.79,1444.89,366934,0.0
2016-11-02,1449.35,1456.52,1435.41,1439,231621,0.0
2016-11-03,1429.05,1442.14,1422.19,1422.9,283735,0.0
2016-11-06,1437.45,1485.2,1435.79,1483.59,819764,0.0
2016-11-07,1540,1589.2,1540,1578.47,1091028,0.0
2016-11-08,1565,1575,1546.58,1570.2,641597,0.0
2016-11-09,1584.44,1600.93,1520.3,1555.24,741466,0.0
2016-11-10,1548.1,1557.7,1530.87,1540.63,459635,0.0
2016-11-13,1540.46,1541.92,1482.23,1489.1,537883,0.0
2016-11-14,1499.97,1507.77,1485.6,1497.45,440652,0.0
2016-11-15,1492.39,1517,1488.23,1503.18,224876,0.0
2016-11-16,1502.54,1530.95,1500.19,1513.12,256048,0.0
2016-11-17,1512.28,1529,1504.53,1507.17,263821,0.0
2016-11-20,1512,1531.03,1507.2,1524.18,176372,0.0
2016-11-21,1530.25,1535.9,1525.63,1535.41,195385,0.0
2016-11-22,1530.92,1533.56,1510.89,1521.05,204807,0.0
2016-11-24,1523.12,1527.99,1511.4,1521.6,106529,0.0
2016-11-27,1517.3,1536,1513.11,1525.08,217952,0.0
2016-11-28,1528.65,1532.9,1515,1520.25,205053,0.0
2016-11-29,1523.25,1528.58,1500.21,1502.63,208107,0.0
2016-11-30,1501.69,1504.12,1468.97,1479.65,402738,0.0
2016-12-01,1481.48,1488.8,1466.98,1473,213189,0.0
2016-12-04,1476.19,1502.87,1475.23,1499.76,227012,0.0
2016-12-05,1506.96,1508.09,1493.99,1504.82,152030,0.0
2016-12-06,1504.69,1527.8,1501.87,1527.03,223156,0.0
2016-12-07,1535.36,1551.77,1522.76,1548.91,320735,0.0
2016-12-08,1555.5,1559.18,1549.94,1557.98,211135,0.0
2016-12-11,1560.55,1566.63,1528.57,1536.78,264894,0.0
2016-12-12,1545.19,1560,1538.26,1540.12,251600,0.0
2016-12-13,1542.74,1549.13,1525.72,1528.44,185958,0.0
2016-12-14,1520,1523,1500.57,1501.57,370226,0.0
2016-12-15,1507.5,1507.97,1473.13,1484.28,473697,0.0
2016-12-18,1484.27,1501.47,1477.99,1488.8,258893,0.0
2016-12-19,1488.06,1503.96,1483.98,1502.93,184040,0.0
2016-12-20,1498.11,1512.71,1495,1505.76,189025,0.0
2016-12-21,1501.4,1503.18,1475.42,1481.34,258148,0.0
2016-12-22,1477.54,1490.08,1470.34,1487,181358,0.0
2016-12-26,1490.01,1503.39,1486.43,1493.42,125580,0.0
2016-12-27,1494.73,1496.05,1476.48,1480.19,146119,0.0
2016-12-28,1477.21,1487.43,1473.35,1480.35,110282,0.0
2016-12-29,1483.49,1483.49,1462.34,1466.51,230399,0.0
2017-01-02,1476.91,1487.36,1459.49,1477.36,304339,0.0
2017-01-03,1484.64,1493.65,1480.75,1487.49,247072,0.0
2017-01-04,1489.89,1504.94,1489.89,1504.44,304293,0.0
2017-01-05,1501.54,1526.47,1501.21,1520.56,316806,0.0
2017-01-08,1518,1538.77,1518,1529.25,271629,0.0
2017-01-09,1534.96,1544.56,1529.5,1535.24,202810,0.0
2017-01-10,1532.21,1546.67,1527.02,1535.04,256465,0.0
2017-01-11,1531.56,1539.93,1516,1537.43,191828,0.0
2017-01-12,1535.75,1548.94,1531.26,1545.29,211548,0.0
2017-01-16,1544,1546.99,1534.01,1540.12,206523,0.0
2017-01-17,1545.22,1547.25,1529.21,1540.9,148158,0.0
2017-01-18,1541.4,1549,1532.72,1538.94,179039,0.0
2017-01-19,1547.56,1547.56,1528.01,1545,396097,0.0
2017-01-22,1541.47,1555.73,1534.63,1555.2,306750,0.0
2017-01-23,1558.38,1566.06,1552.13,1563.34,233466,0.0
2017-01-24,1569,1581.47,1565.26,1579.95,200473,0.0
2017-01-25,1576.56,1587.51,1575.45,1581.45,184287,0.0
2017-01-26,1581,1605.47,1577.67,1602.91,290876,0.0
2017-01-29,1598.65,1603.58,1571,1601.98,312624,0.0
2017-01-30,1599,1599.41,1569.03,1575.92,345461,0.0
2017-01-31,1584.09,1586.59,1562.86,1575.32,217185,0.0
2017-02-01,1570.03,1585.45,1567,1573.11,333418,0.0
2017-02-02,1576.49,1587.99,1572.81,1583.37,215110,0.0
2017-02-05,1581.34,1588.87,1571.32,1587.37,128312,0.0
2017-02-06,1590,1598.93,1588,1598.7,181835,0.0
2017-02-07,1595.18,1604.3,1589,1601.19,255333,0.0
2017-02-08,1602.84,1616.08,1598.05,1612.37,284227,0.0
2017-02-09,1617.47,1649.65,1614.02,1646.58,587150,0.0
2017-02-12,1652,1652,1640,1645.98,252270,0.0
2017-02-13,1646.18,1646.31,1630.34,1636.53,259090,0.0
2017-02-14,1631.3,1651.27,1628,1648.95,168939,0.0
2017-02-15,1647.45,1658.97,1642.5,1647.5,178341,0.0
2017-02-16,1648.78,1648.78,1634.06,1637.2,258740,0.0
2017-02-20,1642.98,1657.24,1637.42,1647,302844,0.0
2017-02-21,1641.52,1653.46,1639,1651.73,180267,0.0
2017-02-22,1661.9,1664.99,1633.4,1636.97,280645,0.0
2017-02-23,1627.55,1640.68,1622.02,1630.82,386293,0.0
2017-02-26,1634.12,1635.32,1612.41,1632.17,370985,0.0
2017-02-27,1703.89,1748.39,1698.1,1724.29,1132862,0.0
2017-02-28,1741,1742.02,1726.23,1732.31,408323,0.0
2017-03-01,1737.52,1747.26,1730.8,1734,337988,0.0
2017-03-02,1731,1742,1731,1734.05,178033,0.0
2017-03-05,1730,1736.85,1727,1730.22,178051,0.0
2017-03-06,1720,1737.62,1720,1736.46,165417,0.0
2017-03-07,1735.2,1749.64,1731.67,1745.11,296100,0.0
2017-03-08,1738.15,1756.32,1738.15,1749.97,285982,0.0
2017-03-09,1757.14,1759.17,1750.81,1755.32,220204,0.0
2017-03-12,1757,1772.49,1754.94,1766.99,211039,0.0
2017-03-13,1767.93,1769.86,1756.24,1769,200882,0.0
2017-03-14,1772.78,1773.38,1759.78,1767.74,216347,0.0
2017-03-15,1771,1775,1768.94,1773.71,162883,0.0
2017-03-16,1774.73,1774.73,1766.78,1772.62,254141,0.0
2017-03-19,1773.5,1776.69,1762.57,1764.39,157545,0.0
2017-03-20,1772,1772,1744.08,1746.79,231899,0.0
2017-03-21,1747.14,1754.9,1739,1751.03,172366,0.0
2017-03-22,1752.95,1758.8,1747.67,1748.68,117357,0.0
2017-03-23,1753.6,1757.49,1748.19,1753.31,185416,0.0
2017-03-26,1736,1774.34,1733,1772,255575,0.0
2017-03-27,1767.65,1798.75,1766.51,1788.44,283618,0.0
2017-03-28,1789.83,1797.46,1783.3,1785.9,188708,0.0
2017-03-29,1788.48,1795.56,1779.64,1789.17,152326,0.0
2017-03-30,1784.74,1790.78,1778.78,1781.55,244575,0.0
2017-04-02,1776.26,1785,1766.01,1773.61,216251,0.0
2017-04-03,1772.99,1774.5,1761.41,1767.35,154092,0.0
2017-04-04,1770.66,1787.57,1758.75,1762.41,183647,0.0
2017-04-05,1764.75,1774.94,1755.37,1774.11,173207,0.0
2017-04-06,1773.94,1773.99,1761.26,1769.76,156075,0.0
2017-04-09,1770,1782.12,1767.2,1776.88,121072,0.0
2017-04-10,1770.01,1780.55,1756.6,1767.94,207243,0.0
2017-04-11,1774.58,1774.9,1750.14,1750.28,207924,0.0
2017-04-12,1754.63,1757.18,1738.34,1738.77,244321,0.0
2017-04-16,1743,1772.85,1739.7,1770.54,268148,0.0
2017-04-17,1768.59,1770.99,1755.39,1762.66,158710,0.0
2017-04-18,1766.9,1771.24,1757.41,1763.68,153407,0.0
2017-04-19,1764.27,1771.86,1760.24,1760.38,209808,0.0
2017-04-20,1759.9,1765.97,1746.37,1751.33,292794,0.0
2017-04-23,1778.46,1805.78,1773.9,1798.62,593310,0.0
2017-04-24,1807.78,1807.78,1795.31,1798.93,214624,0.0
2017-04-25,1799.2,1806.05,1793.2,1803.3,191426,0.0
2017-04-26,1807,1839.56,1800.28,1837.05,260471,0.0
2017-04-27,1851.49,1858.61,1838.49,1846.81,277577,0.0
2017-04-30,1849.9,1890.83,1849.9,1872.13,300192,0.0
2017-05-01,1874.38,1882.97,1862.45,1880.52,156403,0.0
2017-05-02,1884.65,1884.99,1865.47,1876.99,171718,0.0
2017-05-03,1880,1917.9,1870.58,1910.29,476461,0.0
2017-05-04,1918,1922.26,1897.38,1902.98,396254,0.0
2017-05-07,1907,1927.13,1896,1903,318387,0.0
2017-05-08,1912,1915.97,1898.04,1911.03,440102,0.0
2017-05-09,1853.78,1853.78,1801,1824.75,1086713,0.0
2017-05-10,1819.75,1824.76,1800.71,1812.98,520750,0.0
2017-05-11,1824.33,1827.57,1814,1818.19,437481,0.0
2017-05-14,1817.97,1827.27,1811,1812.75,316827,0.0
2017-05-15,1819.83,1835.22,1817.56,1830.27,286754,0.0
2017-05-16,1818.44,1820.46,1793.6,1794.29,389378,0.0
2017-05-17,1795,1814.17,1791.4,1796.03,301122,0.0
2017-05-18,1800,1822.22,1799.67,1808.25,297291,0.0
2017-05-21,1815.9,1832.46,1813.37,1829.13,228198,0.0
2017-05-22,1823.64,1832.98,1814.5,1827.94,203586,0.0
2017-05-23,1829.13,1850,1829.13,1848.78,250346,0.0
2017-05-24,1850,1870.39,1848.4,1860.42,328955,0.0
2017-05-25,1861.55,1869.48,1852.64,1863.21,267317,0.0
2017-05-29,1857.67,1863.65,1845.6,1858.21,300547,0.0
2017-05-30,1862.38,1877.07,1850,1877.07,315832,0.0
2017-05-31,1878.25,1894.77,1870.43,1890.83,233006,0.0
2017-06-01,1899.04,1902,1881.02,1894.65,314557,0.0
2017-06-04,1889.71,1900.25,1888.89,1891.2,239200,0.0
2017-06-05,1888.94,1908.92,1886.9,1889.89,313695,0.0
2017-06-06,1890.2,1893.97,1878.48,1890.36,240200,0.0
2017-06-07,1895.98,1899.13,1884.73,1891,207528,0.0
2017-06-08,1890,1895.31,1826.54,1840.94,403490,0.0
2017-06-11,1835,1839.47,1781.11,1813.01,667031,0.0
2017-06-12,1825.73,1854.77,1822.62,1843.51,337354,0.0
2017-06-13,1845,1855.56,1815.01,1830.93,324961,0.0
2017-06-14,1814,1819.59,1791.61,1809.2,369544,0.0
2017-06-15,1816.08,1816.08,1797.36,1802.61,312776,0.0
2017-06-18,1815.78,1855.9,1812.02,1851.59,335509,0.0
2017-06-19,1850,1858.82,1844.22,1850.21,232246,0.0
2017-06-20,1854.59,1870,1848.04,1867.78,174615,0.0
2017-06-21,1870.8,1874.89,1861,1861.51,173598,0.0
2017-06-22,1859.55,1876.62,1855.22,1874.67,203972,0.0
2017-06-25,1880,1896.05,1867.64,1876.93,235516,0.0
2017-06-26,1871.29,1882.05,1852.61,1858.58,201810,0.0
2017-06-27,1864.66,1898.68,1861.75,1890.22,271879,0.0
2017-06-28,1881.12,1889.69,1850.5,1875.85,309320,0.0
2017-06-29,1884.05,1887.01,1870.04,1871.21,287964,0.0
2017-07-02,1877.67,1884.32,1836.08,1840.79,202426,0.0
2017-07-04,1845.5,1869.28,1841.37,1866.32,210827,0.0
2017-07-05,1851.15,1877.3,1845.01,1873.7,239623,0.0
2017-07-06,1873.86,1921.4,1873.86,1918.69,371066,0.0
2017-07-09,1920,1936.22,1911.46,1921.99,209284,0.0
2017-07-10,1920.89,1933.55,1903.9,1929.63,180743,0.0
2017-07-11,1939.22,1951.4,1937,1946.25,180724,0.0
2017-07-12,1950,1950,1934.73,1940.72,141048,0.0
2017-07-13,1949.47,1955.62,1942.88,1950.07,126339,0.0
2017-07-16,1949.11,1955.69,1938.45,1945.26,115529,0.0
2017-07-17,1949,1989.04,1948.26,1976.26,296095,0.0
2017-07-18,1981.18,1999,1980.42,1991.25,215529,0.0
2017-07-19,2000,2008.65,1993.17,1999.22,192601,0.0
2017-07-20,1993.52,2002.85,1990.18,1994.97,121118,0.0
2017-07-23,1994.9,2005.09,1992.46,2001.45,99334,0.0
2017-07-24,2004.69,2023.37,1995.35,2016.97,195598,0.0
2017-07-25,2019.24,2037,2017.56,2033.15,190933,0.0
2017-07-26,2040.05,2043.95,1996,2023.64,284965,0.0
2017-07-27,2026.47,2040.63,2007.98,2024.07,257498,0.0
2017-07-30,2030,2033,2010.24,2028.5,229417,0.0
2017-07-31,2040.09,2041.49,2017.01,2024.57,232572,0.0
2017-08-01,2023.45,2025.5,2000,2020.91,175994,0.0
2017-08-02,2020.97,2030,2012.55,2027.99,209335,0.0
2017-08-03,2031.02,2035.47,2020.29,2031.85,182651,0.0
2017-08-06,2034.73,2044.51,2022,2042.07,224741,0.0
2017-08-07,2044,2067.99,2035.11,2045.03,370529,0.0
2017-08-08,1910.51,1919.99,1875.08,1906.17,1337471,0.0
2017-08-09,1900.22,1903.86,1845.41,1847.32,614020,0.0
2017-08-10,1852.99,1867.4,1845.17,1855.47,354261,0.0
2017-08-13,1869.87,1877,1860.76,1873.96,193098,0.0
2017-08-14,1879.3,1883.5,1859.05,1860.84,206555,0.0
2017-08-15,1869.5,1869.5,1852.3,1855.11,219792,0.0
2017-08-16,1854.47,1854.63,1811.28,1811.54,370649,0.0
2017-08-17,1809.62,1820,1801,1810.5,298253,0.0
2017-08-20,1807.4,1820.25,1787,1801.54,261943,0.0
2017-08-21,1812.5,1821.18,1803.91,1818.33,260296,0.0
2017-08-22,1815.89,1823.69,1808.17,1813.02,224812,0.0
2017-08-23,1813.04,1822.47,1801.11,1815.48,147929,0.0
2017-08-24,1822.83,1822.83,1788.29,1793.49,221607,0.0
2017-08-27,1800,1805,1782.45,1789.92,294124,0.0
2017-08-28,1775.9,1811,1774.4,1807.96,250690,0.0
2017-08-29,1809.1,1818.8,1808.15,1812.99,151270,0.0
2017-08-30,1821.82,1856.35,1817.26,1855.62,264956,0.0
2017-08-31,1858.56,1867.49,1848.55,1850.42,219233,0.0
2017-09-04,1845.75,1848.12,1825.82,1843.81,197278,0.0
2017-09-05,1824.03,1851.88,1806.03,1842.44,300708,0.0
2017-09-06,1848.75,1853.87,1841.26,1845.93,153557,0.0
2017-09-07,1846.94,1854.06,1838.06,1838.07,142325,0.0
2017-09-10,1852.06,1870.25,1851.89,1869.83,299415,0.0
2017-09-11,1875.46,1882.9,1858.2,1868.72,156942,0.0
2017-09-12,1863.64,1873.39,1859.17,1870.91,126030,0.0
2017-09-13,1860.68,1865.35,1840.61,1844.6,201823,0.0
2017-09-14,1845.97,1847.52,1836.01,1842.26,210759,0.0
2017-09-17,1846.56,1867.86,1846.15,1855.05,140314,0.0
2017-09-18,1859.46,1863.5,1844.6,1861.03,108322,0.0
2017-09-19,1861.81,1872.81,1853.18,1865.93,116746,0.0
2017-09-20,1868.72,1876,1852.26,1866.65,111194,0.0
2017-09-21,1864.59,1874.45,1857.74,1862.13,117111,0.0
2017-09-24,1856.13,1861.39,1810,1829.02,350424,0.0
2017-09-25,1835.45,1843.43,1820.22,1826.09,218081,0.0
2017-09-26,1831.53,1834.77,1814.11,1819.23,218731,0.0
2017-09-27,1810.21,1824.37,1806.03,1811.69,163379,0.0
2017-09-28,1812.53,1839,1812.53,1830.82,172588,0.0
2017-10-01,1838.6,1874.95,1838.6,1857.48,224927,0.0
2017-10-02,1857,1870,1857,1868.15,153466,0.0
2017-10-03,1866.3,1895,1862.93,1889.28,204259,0.0
2017-10-04,1894.6,1913.97,1889.01,1910.55,222917,0.0
2017-10-05,1909.34,1922,1904.01,1918.99,149262,0.0
2017-10-08,1920.3,1939.98,1917.04,1927.29,113527,0.0
2017-10-09,1938.08,1943.5,1911.9,1916.37,176079,0.0
2017-10-10,1916.55,1926.64,1908,1919.85,98742,0.0
2017-10-11,1920.2,1924.36,1913.46,1917.74,102720,0.0
2017-10-12,1932.77,1938.43,1920.02,1929.05,163293,0.0
2017-10-15,1940,1944.99,1922.5,1935.94,109343,0.0
2017-10-16,1929.01,1938.55,1926.41,1933.69,135028,0.0
2017-10-17,1935.69,1961.45,1933.99,1942.05,196889,0.0
2017-10-18,1934.02,1943.49,1923,1926.1,186395,0.0
2017-10-19,1941.78,1946.89,1937.46,1942.54,148555,0.0
2017-10-22,1950,1959.99,1931.28,1935.17,175549,0.0
2017-10-23,1938.39,1946.68,1927.59,1931.14,112639,0.0
2017-10-24,1927.58,1935.71,1913.01,1929.58,118761,0.0
2017-10-25,1937.35,1945,1931.01,1938.43,152510,0.0
2017-10-26,1885,1902.52,1869,1890.53,505432,0.0
2017-10-29,1885.15,1891.82,1863.73,1879.81,230067,0.0
2017-10-30,1884.94,1913.52,1870,1911.97,204582,0.0
2017-10-31,1918.47,1927.73,1910.94,1911.2,211303,0.0
2017-11-01,1910.83,1917.52,1903.69,1911.15,156132,0.0
2017-11-02,1914.01,1916.8,1893.57,1894.09,290793,0.0
2017-11-05,1885.55,1904.98,1875.56,1904.14,507168,0.0
2017-11-06,1746.7,1748,1638.1,1640,2209987,0.0
2017-11-07,1650,1669.98,1630.56,1661.33,853350,0.0
2017-11-08,1656.93,1707.22,1640.18,1703.37,828160,0.0
2017-11-09,1700,1709.52,1682.69,1696.81,482090,0.0
2017-11-12,1688.4,1722.35,1683.28,1722.17,310686,0.0
2017-11-13,1710.02,1728.26,1709.98,1718.31,359576,0.0
2017-11-14,1715.78,1730.03,1706.03,1727.79,284604,0.0
2017-11-15,1735.54,1741.92,1727.46,1730.96,339402,0.0
2017-11-16,1734.21,1749.6,1727.34,1749.08,301500,0.0
2017-11-19,1750.99,1773.08,1747.88,1755.58,283668,0.0
2017-11-20,1766.51,1771.41,1758,1765.69,224757,0.0
2017-11-21,1771.59,1774.85,1756.03,1758.58,214247,0.0
2017-11-23,1758.17,1765.75,1754.38,1760.42,100666,0.0
2017-11-26,1760.15,1777.08,1746.39,1762.79,242822,0.0
2017-11-27,1763.32,1767.36,1750.11,1752.02,161186,0.0
2017-11-28,1753.13,1753.13,1717.97,1734.15,303796,0.0
2017-11-29,1740.95,1750.22,1729.51,1740.12,221459,0.0
2017-11-30,1726.8,1736.49,1704.12,1735.31,216897,0.0
2017-12-03,1740,1749.82,1721.3,1725.17,286843,0.0
2017-12-04,1725.82,1741.07,1721.44,1724.88,183536,0.0
2017-12-05,1716.71,1727.38,1701.9,1720.24,183397,0.0
2017-12-06,1705.89,1722.29,1690.34,1720,297989,0.0
2017-12-07,1729.6,1739.78,1715.83,1719.06,230385,0.0
2017-12-10,1720.71,1733,1712.74,1715,160479,0.0
2017-12-11,1715,1733.4,1713.54,1724.26,209798,0.0
2017-12-12,1732,1746.11,1725.17,1744.66,166155,0.0
2017-12-13,1744.99,1768.53,1742.67,1760.97,213890,0.0
2017-12-14,1770.05,1775.73,1758.38,1759.99,330459,0.0
2017-12-17,1776.87,1786.75,1767.6,1781.16,206482,0.0
2017-12-18,1783.11,1793.57,1768.96,1780.36,204961,0.0
2017-12-19,1782.9,1786.54,1770.65,1773.74,271380,0.0
2017-12-20,1775.14,1788.95,1773.03,1780.31,129814,0.0
2017-12-21,1778.37,1786.23,1773.09,1774.33,105216,0.0
2017-12-25,1772.32,1772.32,1752.65,1753.72,107639,0.0
2017-12-26,1754.24,1761.82,1748.87,1757.89,99844,0.0
2017-12-27,1758.4,1764.99,1754.37,1764.05,78785,0.0
2017-12-28,1765.44,1769.99,1737.41,1738.41,123963,0.0
2018-01-01,1750.09,1790.66,1744.5,1784.82,206571,0.0
2018-01-02,1790.23,1829.02,1785,1825.11,294856,0.0
2018-01-03,1838.54,1848.9,1802.03,1806.38,324669,0.0
2018-01-04,1820.18,1825.5,1805.8,1822.01,196571,0.0
2018-01-07,1827.49,1874.95,1825.19,1852.19,272075,0.0
2018-01-08,1863.2,1876.73,1857.5,1865.48,185305,0.0
2018-01-09,1855.52,1873.55,1855.42,1871.36,114210,0.0
2018-01-10,1880,1900.86,1877.88,1893.09,161252,0.0
2018-01-11,1898.04,1925.98,1890.01,1919.4,290232,0.0
2018-01-15,1930.71,1949.83,1914.96,1920.88,275371,0.0
2018-01-16,1927.55,1958.96,1918.68,1950.54,221009,0.0
2018-01-17,1948.65,1957.49,1925.97,1926.67,200155,0.0
2018-01-18,1931.48,1933.8,1901.03,1908.58,300564,0.0
2018-01-21,1910,1926.69,1901,1916.15,146481,0.0
2018-01-22,1927.55,1969.36,1924.99,1965,206626,0.0
2018-01-23,1977.91,1984.94,1942.65,1957.13,198599,0.0
2018-01-24,1966.88,1976.6,1945.47,1949.29,167729,0.0
2018-01-25,1960.99,1964.96,1944.96,1948.85,156592,0.0
2018-01-28,1942.67,1960.46,1921.25,1929.38,173163,0.0
2018-01-29,1907.12,1933.13,1900.33,1922.08,175228,0.0
2018-01-30,1928.01,1934.97,1896,1912.68,237216,0.0
2018-01-31,1903.99,1928.84,1893.39,1900.41,187806,0.0
2018-02-01,1890.13,1900,1856.57,1858.24,261079,0.0
2018-02-04,1841.3,1872.61,1816.5,1826.53,295624,0.0
2018-02-05,1799.11,1864,1799.11,1859.36,247730,0.0
2018-02-06,1847.39,1900.37,1836.68,1883.68,239951,0.0
2018-02-07,1884.21,1889.28,1803.01,1806.05,256245,0.0
2018-02-08,1767.98,1824,1714.07,1760.86,663556,0.0
2018-02-11,1773.99,1801.69,1732.35,1790.64,390908,0.0
2018-02-12,1779.23,1804.83,1775.28,1796.98,156241,0.0
2018-02-13,1784.22,1825.83,1773.02,1818.41,227949,0.0
2018-02-14,1850.86,1875.82,1836.09,1870.34,235212,0.0
2018-02-15,1874.62,1926.87,1868.68,1884.27,325671,0.0
2018-02-19,1883.07,1915.32,1880.93,1893.92,205084,0.0
2018-02-20,1913.42,1916.04,1880.66,1880.67,224833,0.0
2018-02-21,1884.19,1907.75,1870.72,1877.69,219158,0.0
2018-02-22,1889.73,1907.81,1875.16,1907.53,274697,0.0
2018-02-25,1908.46,1923.22,1897.66,1905.79,304040,0.0
2018-02-26,1884,1919.75,1870.02,1905.73,310834,0.0
2018-02-27,2051,2087.34,2035,2036.46,727896,0.0
2018-02-28,2034.61,2053.54,1998.83,2028.37,452680,0.0
2018-03-01,2002.82,2037.87,1995.58,2035.24,379581,0.0
2018-03-04,2020,2077,2014.89,2072.33,354619,0.0
2018-03-05,2075.1,2095.87,2058.81,2085.42,307611,0.0
2018-03-06,2065,2127.96,2065,2122.95,343371,0.0
2018-03-07,2137.99,2169.15,2130.68,2153.24,324418,0.0
2018-03-08,2169,2177.96,2159.07,2172.06,289691,0.0
2018-03-11,2180,2218.1,2174.07,2205.76,296245,0.0
2018-03-12,2210.93,2228.99,2162.18,2169.81,305583,0.0
2018-03-13,2175.55,2194.58,2162.33,2189.14,203629,0.0
2018-03-14,2190.01,2207.57,2171.1,2188.28,202315,0.0
2018-03-15,2196.19,2198.58,2169.77,2170.44,206127,0.0
2018-03-18,2161.62,2165.76,2124.89,2148.82,208104,0.0
2018-03-19,2139.45,2167.69,2138.03,2139.12,154205,0.0
2018-03-20,2142.3,2165.82,2134.58,2144.45,171830,0.0
2018-03-21,2132.89,2154.54,2101.83,2113.79,231222,0.0
2018-03-22,2116.24,2138.99,2086.14,2086.17,218996,0.0
2018-03-25,2111.22,2142.38,2079.02,2133.72,163264,0.0
2018-03-26,2137.43,2140.24,2056.51,2077.27,216822,0.0
2018-03-27,2066.98,2083.92,2020.7,2054.32,364835,0.0
2018-03-28,2059.67,2094.18,2040.58,2080,205367,0.0
2018-04-01,2070.43,2076,2009.92,2028.72,188896,0.0
2018-04-02,2050,2079.99,2036.07,2067.62,205795,0.0
2018-04-03,2043.21,2081.88,2014.18,2069.71,214086,0.0
2018-04-04,2077.53,2102.46,2071,2091.1,192264,0.0
2018-04-05,2074.9,2096.82,2025.54,2032.92,183994,0.0
2018-04-08,2053.74,2088.81,2045,2049.24,165109,0.0
2018-04-09,2076.02,2087.23,2058,2077.61,158134,0.0
2018-04-10,2067.64,2104.78,2065.04,2081.19,177459,0.0
2018-04-11,2094.45,2102.65,2082.15,2085.03,122630,0.0
2018-04-12,2104.67,2104.67,2077.32,2085.87,167390,0.0
2018-04-15,2094.11,2117.64,2085.77,2096.58,122024,0.0
2018-04-16,2119.9,2172,2112.5,2162.64,235597,0.0
2018-04-17,2171.62,2186.05,2156.22,2180.78,171303,0.0
2018-04-18,2175.49,2186.05,2155.59,2158.67,154191,0.0
2018-04-19,2161.03,2167.48,2118.62,2132.5,223390,0.0
2018-04-22,2133.1,2150.46,2112.69,2133.05,132441,0.0
2018-04-23,2137.61,2151.98,2055.13,2067.01,245101,0.0
2018-04-24,2061.12,2090.0083,2034.56,2077.69,148964,0.0
2018-04-25,2098.01,2117.98,2078.01,2110.93,191552,0.0
2018-04-26,2151,2172,2123.09,2140.97,271154,0.0
2018-04-29,2143.65,2193.06,2133.81,2177.56,287184,0.0
2018-04-30,2170.4,2182.34,2151.79,2179.09,184143,0.0
2018-05-01,2176.27,2185.7,2148.99,2149.81,147434,0.0
2018-05-02,2149,2161.96,2116.2083,2152.19,143583,0.0
2018-05-03,2148.6,2178.82,2126,2175.71,182875,0.0
2018-05-06,2189.9,2201.84,2172.59,2194.16,218797,0.0
2018-05-07,2195.02,2199.3,2155,2161.04,210698,0.0
2018-05-08,2185,2192.2,2158.26,2182.69,287549,0.0
2018-05-09,2050,2098.43,2047.01,2079.83,625002,0.0
2018-05-10,2092.32,2095,2063.58,2070.95,272936,0.0
2018-05-13,2066.72,2074.32,2055.02,2074.22,239274,0.0
2018-05-14,2054.1,2071.15,2034.67,2067.76,238760,0.0
2018-05-15,2070.34,2092.74,2065.57,2074.89,164092,0.0
2018-05-16,2073.51,2098.46,2069.15,2089.06,152642,0.0
2018-05-17,2097.91,2097.91,2066.35,2066.35,169030,0.0
2018-05-20,2076.37,2079.22,2062.51,2071.37,160274,0.0
2018-05-21,2076.03,2082.48,2065.05,2075.85,151998,0.0
2018-05-22,2056.05,2086.51,2053,2083.4,193121,0.0
2018-05-23,2087,2095.51,2074.95,2088.28,147904,0.0
2018-05-24,2084.94,2118.98,2081.02,2110.96,214410,0.0
2018-05-28,2094.72,2105.1,2059.1,2076.03,266106,0.0
2018-05-29,2086.41,2108.41,2073.73,2098.03,191012,0.0
2018-05-30,2100.02,2118.01,2097.6,2109.37,173248,0.0
2018-05-31,2120.99,2135.43,2118.05,2128.16,155286,0.0
2018-06-03,2134,2146.65,2125.26,2125.77,162454,0.0
2018-06-04,2131.95,2144.929,2126,2141,184133,0.0
2018-06-05,2145.85,2156.46,2129,2153.74,160497,0.0
2018-06-06,2157.16,2157.16,2121.92,2131.45,153831,0.0
2018-06-07,2127.71,2143.845,2121.47,2133.9,131526,0.0
2018-06-10,2139,2139.36,21.2303,2124.98,125571,0.0
2018-06-11,2126.09,2133.66,2121.99,2129.75,130587,0.0
2018-06-12,2134.03,2134.03,2103.12,2106.35,243339,0.0
2018-06-13,2114.5,2129.99,2111.31,2123.44,204479,0.0
2018-06-14,2126.07,2145.82,2112.12,2140.31,248028,0.0
2018-06-17,2126.56,2153.83,2120.89,2144.59,149263,0.0
2018-06-18,2123.76,2146.73,2116.16,2139.24,132568,0.0
2018-06-19,2149,2163.2,2138.03,2145.41,189762,0.0
2018-06-20,2145.54,2153.39,2118.03,2121.93,170108,0.0
2018-06-21,2130.04,2132.55,2095.97,2102.84,177204,0.0
2018-06-24,2091.26,2094.59,2029.02,2053.14,278254,0.0
2018-06-25,2050.52,2062.35,2030.45,2040.39,186154,0.0
2018-06-26,2048.93,2060.32,2001.31,2002.83,218628,0.0
2018-06-27,1997,2025.61,1980,2019.51,161846,0.0
2018-06-28,2035.95,2049.48,2023.68,2027.85,214052,0.0
2018-07-01,2012.67,2061.61,1992.318,2047.9,172946,0.0
2018-07-02,2060.15,2072.74,2047.11,2061.71,99330,0.0
2018-07-04,2072.95,2075.15,2050.99,2068.86,124533,0.0
2018-07-05,2077,2089.61,2063.42,2087.49,118085,0.0
2018-07-08,2094.85,2099.06,2076.96,2081.64,155961,0.0
2018-07-09,2085.95,2087.78,2055.41,2064.02,155241,0.0
2018-07-10,2056.86,2058.98,2027.02,2052.88,201636,0.0
2018-07-11,2062.43,2070.04,2042.41,2057.09,223729,0.0
2018-07-12,2052.98,2053.26,2028.08,2031.42,140760,0.0
2018-07-15,2030.98,2033.9,2015.26,2020.3,229220,0.0
2018-07-16,2000.6,2046.58,2000.02,2031.52,190556,0.0
2018-07-17,2024.59,2034.98,2014.15,2024.24,153288,0.0
2018-07-18,2016.37,2020.69,2002.56,2010.25,150731,0.0
2018-07-19,2008.79,2025.67,2002.35,2009.67,203329,0.0
2018-07-22,2005.99,2010.55,1985,1995.16,136727,0.0
2018-07-23,2009,2049.99,2008.75,2026.13,174549,0.0
2018-07-24,2029.48,2067.99,2029,2064.77,305620,0.0
2018-07-25,2067.92,2085.94,2041.01,2083.13,328908,0.0
2018-07-26,2118.56,2131.9,2060.19,2086.28,373756,0.0
2018-07-29,2089,2095.63,2027.3,2029.64,337994,0.0
2018-07-30,2032.36,2042.55,2007.43,2030.81,110819,0.0
2018-07-31,2030.65,2049,2011.35,2023.71,219268,0.0
2018-08-01,2011.19,2037.9965,1997,2033.66,259151,0.0
2018-08-02,2035.77,2039.99,2020.7,2029.71,115366,0.0
2018-08-05,2032,2087.825,2026.63,2077.42,332389,0.0
2018-08-06,2093,2109,2076,2080,340636,0.0
2018-08-07,2077.87,2084.9,2041.64,2041.64,496602,0.0
2018-08-08,1911,1956.74,1901,1942.59,1518078,0.0
2018-08-09,1909.85,1919.435,1890.1,1897.5,721885,0.0
2018-08-12,1901.72,1904.9,1852.18,1853,358043,0.0
2018-08-13,1863.14,1867.93,1832.43,1833.45,517411,0.0
2018-08-14,1819.95,1872.22,1815.5,1862.68,651066,0.0
2018-08-15,1873,1884.56,1822.12,1824.99,885124,0.0
2018-08-16,1822.15,1842.66,1816.04,1842.66,553288,0.0
2018-08-19,1844.26,1878.74,1840.64,1858.65,386095,0.0
2018-08-20,1874,1901.6,1871,1899.15,354122,0.0
2018-08-21,1899.44,1926.39,1898.09,1917,428720,0.0
2018-08-22,1910.02,1930,1892.31,1895.2,373586,0.0
2018-08-23,1900.41,1919.19,1900.41,1902.43,337710,0.0
2018-08-26,1913.99,1938.79,1913.99,1936.53,298314,0.0
2018-08-27,1943.71,1944.5,1925.02,1932.36,175453,0.0
2018-08-28,1929.47,1953.27,1929.47,1942.88,137780,0.0
2018-08-29,1939.61,1957.94,1931.74,1943.58,238673,0.0
2018-08-30,1938.87,1952.89,1938.87,1952.4,235131,0.0
2018-09-03,1950.61,1951.05,1921.4,1926.44,337222,0.0
2018-09-04,1927.97,1927.97,1889.61,1891.55,489149,0.0
2018-09-05,1890.88,1910.83,1871.86,1909.93,254021,0.0
2018-09-06,1895.49,1922.98,1889.6,1901.76,264857,0.0
2018-09-09,1915.07,1917,1871.91,1877.57,311028,0.0
2018-09-10,1869.87,1887.58,1846.36,1881.31,198541,0.0
2018-09-11,1873.41,1889.5312,1867.17,1875.46,144987,0.0
2018-09-12,1889.15,1909.26,1876.4,1884,252926,0.0
2018-09-13,1885.72,1918.71,1883.38,1917.76,260022,0.0
2018-09-16,1917.94,1919.94,1879.32,1890.76,331151,0.0
2018-09-17,1890.08,1918.04,1888.845,1911.11,279369,0.0
2018-09-18,1910.49,1933.28,1888.39,1926.78,247471,0.0
2018-09-19,1939.63,1958.595,1933.014,1947.58,241197,0.0
2018-09-20,1956,1962.12,1939.61,1956.74,505101,0.0
2018-09-23,1934.985,1973.07,1923.36,1959.09,350786,0.0
2018-09-24,1964.21,1972.61,1952.21,1955.01,347390,0.0
2018-09-25,1957.98,1986.44,1954.97,1968.65,217327,0.0
2018-09-26,1974.8,1989.79,1965.978,1969.34,320086,0.0
2018-09-27,1972.57,1990.74,1964.62,1969.34,390527,0.0
2018-09-30,1993.51,2017.11,1987.33,1989.21,289573,0.0
2018-10-01,1976.645,1996.4,1976.185,1977.15,172181,0.0
2018-10-02,1983.06,1987.51,1972,1972.63,326053,0.0
2018-10-03,1965,1969.99,1929.885,1933.26,245055,0.0
2018-10-04,1932.97,1939.47,1900.12,1900.51,336627,0.0
2018-10-07,1890.375,1916.8969,1880.98,1900.9,286292,0.0
2018-10-08,1894.015,1915.6583,1869.21,1870.5,300976,0.0
2018-10-09,1856.1628,1862.73,1785.46,1788.74,619496,0.0
2018-10-10,1788.4,1808.015,1757.16,1781.71,589429,0.0
2018-10-11,1817.34,1829.045,1791.78,1807.17,660850,0.0
2018-10-14,1806,1826.25,1790.02,1811.33,337549,0.0
2018-10-15,1825,1835.64,1811.71,1831.32,313003,0.0
2018-10-16,1836.195,1858.285,1823.5,1850.51,299946,0.0
2018-10-17,1847,1854.39,1808.09,1811.62,213469,0.0
2018-10-18,1817.29,1836.02,1796,1805.74,218496,0.0
2018-10-21,1810.88,1851.12,1807.37,1827.29,154141,0.0
2018-10-22,1787.04,1841.515,1785.67,1829.54,278186,0.0
2018-10-23,1828.21,1847.21,1745.63,1751.64,313879,0.0
2018-10-24,1770.79,1814.68,1760.01,1806.55,248833,0.0
2018-10-25,1790,1801.2,1751.08,1768.65,321569,0.0
2018-10-28,1795,1840.8,1759.82,1791.99,310905,0.0
2018-10-29,1790.4,1855.11,1775,1836,364113,0.0
2018-10-30,1848.74,1898.0399,1845.13,1875.5,363326,0.0
2018-10-31,1882.73,1908.09,1868.66,1895.05,274882,0.0
2018-11-01,1903.24,1904.96,1856.875,1874.67,185993,0.0
2018-11-04,1873.76,1885.15,1838.59,1871.12,550904,0.0
2018-11-05,1988.54,2009.99,1946.22,1949.47,789706,0.0
2018-11-06,1973.25,2015.65,1965.88,1997.7,485764,0.0
2018-11-07,1991.12,2019.48,1975.07,1978.19,199336,0.0
2018-11-08,1967.5,1973.8499,1922.205,1936.63,167290,0.0
2018-11-11,1928.13,1938.92,1891.86,1907.17,189685,0.0
2018-11-12,1916.09,1930.71,1904.23,1909.56,179667,0.0
2018-11-13,1932.59,1935,1885.11,1890.14,243573,0.0
2018-11-14,1872.01,1899.13,1840.45,1888.86,298851,0.0
2018-11-15,1864.95,1874.56,1831.5,1854.15,272115,0.0
2018-11-18,1854.65,1875,1779.82,1780,436429,0.0
2018-11-19,1761.3,1780.6375,1726.78,1749.31,780457,0.0
2018-11-20,1779.28,1788.835,1756.77,1760.74,329305,0.0
2018-11-22,1750.72,1776.41,1737.255,1762.59,141289,0.0
2018-11-25,1778.09,1818.71,1766.77,1802.47,309240,0.0
2018-11-26,1793.57,1832.41,1789.78,1825,273100,0.0
2018-11-27,1828.26,1875.91,1816.55,1869.86,256017,0.0
2018-11-28,1866,1885.145,1859.7117,1865.23,311666,0.0
2018-11-29,1868.32,1897.11,1852.8,1890.51,249018,0.0
2018-12-02,1925.47,1945.8398,1915.36,1919.7,444178,0.0
2018-12-03,1917.8,1925.54,1852.93,1862.13,277159,0.0
2018-12-05,1839.64,1889.51,1817.8801,1881.83,307565,0.0
2018-12-06,1867.22,1882.155,1814.99,1833.695,317585,0.0
2018-12-09,1833.04,1852.84,1811.26,1827.06,304076,0.0
2018-12-10,1839.83,1877.99,1834.31,1853.41,218936,0.0
2018-12-11,1884.14,1894.0166,1842,1856.15,262219,0.0
2018-12-12,1864.6,1865.61,1821.28,1831.62,273050,0.0
2018-12-13,1806.9,1833.28,1796.535,1806.8,329249,0.0
2018-12-16,1796.66,1806.96,1701.01,1737.92,501020,0.0
2018-12-17,1752.23,1799.6399,1737,1769.81,336026,0.0
2018-12-18,1769.42,1806.635,1706.75,1736.61,429464,0.0
2018-12-19,1727.01,1740.01,1685.7559,1706.19,405180,0.0
2018-12-20,1704.62,1715.89,1617.1646,1630.8,754415,0.0
2018-12-23,1621.68,1649.09,1606.2701,1618.01,336726,0.0
2018-12-25,1629.24,1705.01,1626.4,1705.01,336125,0.0
2018-12-26,1669.78,1719.6791,1666.88,1717.25,258273,0.0
2018-12-27,1724.9,1734.25,1701.76,1714.88,204305,0.0
2018-12-30,1730.48,1739.7,1712.49,1716.21,202987,0.0
2019-01-01,1691.25,1736.77,1690.42,1721.27,233266,0.0
2019-01-02,1704.65,1712.68,1657.98,1663.76,317897,0.0
2019-01-03,1686.12,1737.08,1678.62,1716.94,337286,0.0
2019-01-06,1721.74,1731.4,1703.6,1713.93,236154,0.0
2019-01-07,1730.04,1755.99,1681.15,1686,549516,0.0
2019-01-08,1642.35,1682.88,1637.015,1649.19,613374,0.0
2019-01-09,1640,1685.98,1640,1675.764,383132,0.0
2019-01-10,1670.59,1678.05,1654.9324,1668.06,238987,0.0
2019-01-13,1647.56,1708.83,1645,1696.68,324603,0.0
2019-01-14,1695,1704.18,1681.56,1698,367303,0.0
2019-01-15,1693.42,1698.22,1676.54,1680.45,377155,0.0
2019-01-16,1681.73,1737.905,1676.54,1723.04,299901,0.0
2019-01-17,1747.02,1776.84,1737.5,1757.91,440529,0.0
2019-01-21,1743.18,1759.67,1691.4783,1702.625,424461,0.0
2019-01-22,1717.25,1746.58,1715.11,1742.845,278364,0.0
2019-01-23,1748.98,1805.18,1748.98,1795.71,468034,0.0
2019-01-24,1811.99,1834.08,1799.01,1801.48,380927,0.0
2019-01-27,1787.62,1835,1780.18,1812.8477,227940,0.0
2019-01-28,1816.62,1820.4,1794.2,1807.1,148084,0.0
2019-01-29,1825.33,1835.475,1805.58,1815.54,246846,0.0
2019-01-30,1820.37,1851.175,1820.37,1834.67,191678,0.0
2019-01-31,1824.05,1862.07,1821.145,1837.65,195201,0.0
2019-02-03,1840.39,1862.26,1837.94,1856.0543,157339,0.0
2019-02-04,1887.53,1916.225,1879.93,1902.85,295797,0.0
2019-02-05,1895.94,1910,1874.78,1905.07,196624,0.0
2019-02-06,1892.1,1900.65,1862.01,1874.66,264491,0.0
2019-02-07,1892.37,1899.99,1862.01,1867.86,195742,0.0
2019-02-10,1873.13,1880.69,1856.99,1865.01,182187,0.0
2019-02-11,1876.83,1899.82,1861.71,1895.26,223859,0.0
2019-02-12,1899.29,1924,1898.33,1920.965,228628,0.0
2019-02-13,1909.88,1922.63,1901,1905.13,168369,0.0
2019-02-14,1925.33,1934.48,1898.5717,1933.13,244617,0.0
2019-02-20,1924.65,1932.645,1900.29,1906.8228,338158,0.0
2019-02-21,1920.38,1923.91,1897.21,1911.03,264211,0.0
2019-02-24,1928.63,1934.83,1885.83,1890.37,309785,0.0
2019-02-25,1885.83,1919.83,1885.83,1916.89,279535,0.0
2019-02-26,1906,1952.25,1897.01,1908.87,492949,0.0
2019-02-27,1754,1763.89,1692,1697.39,1811814,0.0
2019-02-28,1708.2,1726.325,1698,1713.12,1174118,0.0
2019-03-03,1723.66,1730,1690.0375,1707.82,754654,0.0
2019-03-04,1715,1748.725,1709.37,1746.27,536945,0.0
2019-03-05,1748.37,1765.815,1745.29,1751.11,532309,0.0
2019-03-06,1746.5,1756.71,1719.28,1725.47,517071,0.0
2019-03-07,1708.04,1719.51,1692.9269,1716.54,687219,0.0
2019-03-10,1721.69,1723.99,1693.32,1709.48,584765,0.0
2019-03-11,1709.72,1740.38,1689.44,1737.41,613707,0.0
2019-03-12,1740.44,1769.84,1738,1760.76,626701,0.0
2019-03-13,1768.83,1782.17,1738.73,1742.61,479774,0.0
2019-03-14,1751.61,1754.77,1744.32,1751.37,315060,0.0
2019-03-17,1757.71,1765.6,1752.805,1755.85,321963,0.0
2019-03-18,1751.05,1787.3,1740.14,1764.43,425908,0.0
2019-03-19,1766.78,1780.99,1751.13,1773.81,327989,0.0
2019-03-20,1765.8,1784.65,1761.01,1773.78,340909,0.0
2019-03-21,1754.04,1761.18,1711.085,1721.59,604429,0.0
2019-03-24,1714.01,1759.88,1712.71,1753.16,511400,0.0
2019-03-25,1761.2,1783.86,1759.22,1768.52,424391,0.0
2019-03-26,1768.98,1786.96,1746.21,1751.32,318022,0.0
2019-03-27,1759.99,1765.5751,1727.24,1729.31,347960,0.0
2019-03-28,1736.6,1756.53,1733.43,1744.91,367546,0.0
2019-03-31,1755.08,1765.96,1748.1,1758.7,201905,0.0
2019-04-01,1766.03,1771.5698,1751.24,1763.55,407054,0.0
2019-04-02,1778.47,1796.14,1769.01,1776.68,427322,0.0
2019-04-03,1775.31,1791.185,1767.5,1781.57,316580,0.0
2019-04-04,1788.03,1788.03,1768.38,1770.51,294428,0.0
2019-04-07,1767.92,1793.09,1761.72,1788.4,274619,0.0
2019-04-08,1776.75,1796.88,1767.65,1794.83,336144,0.0
2019-04-09,1793.85,1808.98,1772.01,1806.72,318382,0.0
2019-04-10,1810,1823.4,1806.15,1819.2,336395,0.0
2019-04-11,1827.87,1848,1827.14,1833.07,358590,0.0
2019-04-14,1834,1848.14,1825.95,1845.65,336500,0.0
2019-04-15,1851.8,1863.3,1839.135,1840.45,354928,0.0
2019-04-16,1848.63,1856.23,1837.61,1839.79,287471,0.0
2019-04-17,1847.64,1854.23,1839.84,1845.09,288100,0.0
2019-04-21,1833.93,1853.2,1831.04,1844.17,243675,0.0
2019-04-22,1849.23,1895.28,1847.34,1887.73,469152,0.0
2019-04-23,1887.14,1893.98,1863.6,1868.54,446263,0.0
2019-04-24,1870.65,1884.81,1856.93,1864.9,332398,0.0
2019-04-25,1868.1,1883.5,1850.01,1867,493899,0.0
2019-04-28,1869.81,1885,1865.62,1876.32,376059,0.0
2019-04-29,1872,1889.1,1852.2,1855.68,374106,0.0
2019-04-30,1856.8,1865.49,1828.19,1828.27,363201,0.0
2019-05-01,1824.66,1830.43,1800.18,1807.65,472061,0.0
2019-05-02,1816.17,1829.96,1814.25,1824.07,425416,0.0
2019-05-05,1798.96,1811.7,1782.03,1800.51,426423,0.0
2019-05-06,1781.45,1800.58,1771.215,1785,388040,0.0
2019-05-07,1765.01,1771.62,1746,1751.62,389269,0.0
2019-05-08,1729.43,1751.1,1715.005,1735.47,503873,0.0
2019-05-09,1825,1859.995,1765.6188,1831.84,1079033,0.0
2019-05-12,1800,1814.29,1770,1777.26,442441,0.0
2019-05-13,1787.12,1814.8,1781.695,1793.98,330335,0.0
2019-05-14,1778.6,1801.59,1760.01,1789.79,342750,0.0
2019-05-15,1790,1816.8,1790,1803.3,247784,0.0
2019-05-16,1793,1819.42,1785,1787.32,291056,0.0
2019-05-19,1769.73,1770,1746.18,1751,304361,0.0
2019-05-20,1762.34,1783.515,1757.231,1772.425,252169,0.0
2019-05-21,1757.35,1775,1742.91,1744.36,330642,0.0
2019-05-22,1746.95,1746.95,1705.15,1715.89,390308,0.0
2019-05-23,1731.52,1731.575,1707.59,1709.34,226865,0.0
2019-05-27,1707.59,1728.98,1685.38,1685.55,270602,0.0
2019-05-28,1676.93,1689.52,1662.21,1685.92,267538,0.0
2019-05-29,1687,1693.505,1670.27,1670.27,228020,0.0
2019-05-30,1650.1,1662.14,1640.5352,1655,305914,0.0
2019-06-02,1658.5,1692.21,1648.3779,1650.7,385748,0.0
2019-06-03,1673.5,1748.31,1673.5,1747.46,567593,0.0
2019-06-04,1755.75,1767.19,1736.085,1765.24,310746,0.0
2019-06-05,1766.01,1766.63,1746.39,1754.57,256904,0.0
2019-06-06,1765.25,1789.685,1756.31,1778.29,271055,0.0
2019-06-09,1782.57,1814.41,1778.3,1781.28,257040,0.0
2019-06-10,1799.5,1812.66,1791.09,1803.63,243692,0.0
2019-06-11,1804.17,1814,1779.13,1799.66,160408,0.0
2019-06-12,1802.05,1839.34,1802.05,1809.4,535996,0.0
2019-06-13,1810,1811.68,1772.725,1775.48,516312,0.0
2019-06-16,1776,1787.41,1768,1781.12,238810,0.0
2019-06-17,1808.38,1821.7,1790.93,1810.1,345385,0.0
2019-06-18,1812,1844.41,1809.09,1842.06,307003,0.0
2019-06-19,1862.07,1871.93,1844.75,1861.31,416698,0.0
2019-06-20,1859.36,1883.15,1849.59,1880,401990,0.0
2019-06-23,1880.97,1889.33,1869.32,1871.36,272319,0.0
2019-06-24,1880.83,1884.99,1841.05,1846.545,243457,0.0
2019-06-25,1848.3,1868.15,1828.39,1830.21,197231,0.0
2019-06-26,1835,1858.745,1832.83,1845.25,331298,0.0
2019-06-27,1850.84,1877,1844.83,1874.72,380088,0.0
2019-06-30,1900,1906,1883.44,1897.08,319274,0.0
2019-07-01,1902.24,1910,1889.42,1908.59,176900,0.0
2019-07-02,1906.22,1924.61,1905,1920.98,141515,0.0
2019-07-04,1904.76,1928.61,1901.41,1925.31,127988,0.0
2019-07-07,1918.73,1922,1875,1876.1,286053,0.0
2019-07-08,1873,1889.74,1866.01,1877.86,293879,0.0
2019-07-09,1890.52,1892.99,1858.88,1868.93,265109,0.0
2019-07-10,1875.45,1879.1,1868.73,1873.43,199849,0.0
2019-07-11,1878.02,1884.59,1869.49,1881.73,224177,0.0
2019-07-14,1881.89,1885.24,1872.29,1881.91,250052,0.0
2019-07-15,1879.89,1897.22,1875.57,1888.89,216107,0.0
2019-07-16,1887.75,1897.09,1866.53,1866.69,214952,0.0
2019-07-17,1861.83,1895.68,1861.83,1885.91,196706,0.0
2019-07-18,1896.03,1901.59,1882.84,1883,164141,0.0
2019-07-21,1883.65,1906.5972,1882.74,1892.75,223496,0.0
2019-07-22,1898.63,1910.3793,1887.94,1899.99,168051,0.0
2019-07-23,1896.26,1920.8296,1896.01,1919.63,157168,0.0
2019-07-24,1911.99,1928.91,1905.03,1927.3,207067,0.0
2019-07-25,1940,1969.88,1940,1966.84,335046,0.0
2019-07-28,1958.78,1962.98,1908.19,1919.8,256970,0.0
2019-07-29,1909.86,1925.29,1903.585,1916.21,171426,0.0
2019-07-30,1906.33,1915.48,1866.27,1886.61,219325,0.0
2019-07-31,1885.62,1917.49,1867.74,1879.87,194510,0.0
2019-08-01,1874.11,1874.11,1839.39,1846.2125,233815,0.0
2019-08-04,1819.98,1819.98,1773.087,1788.02,370109,0.0
2019-08-05,1799.2,1815.99,1767.315,1785.11,316018,0.0
2019-08-06,1758.4,1826.2,1751.12,1822.37,423022,0.0
2019-08-07,1900,1958.81,1895,1941.07,660484,0.0
2019-08-08,1926.54,1928.35,1897.01,1918.45,347805,0.0
2019-08-11,1900.44,1926.79,1891.17,1917.36,221966,0.0
2019-08-12,1907.67,1963.895,1907.67,1943.8,307450,0.0
2019-08-13,1908.56,1926.23,1889.96,1890.71,356792,0.0
2019-08-14,1900.03,1919.71,1873.87,1906.46,256100,0.0
2019-08-15,1929,1936.456,1905.01,1922.41,206568,0.0
2019-08-18,1944.87,1959.875,1931.41,1944.76,224562,0.0
2019-08-19,1942.51,1952.12,1929.2075,1935.66,162921,0.0
2019-08-20,1945.69,1957.6,1939.7,1955.93,169223,0.0
2019-08-21,1962.45,1967.52,1928.3,1951.16,152759,0.0
2019-08-22,1942.98,1951.925,1893.08,1899.138,202469,0.0
2019-08-25,1918.24,1918.5,1902.215,1917.64,171742,0.0
2019-08-26,1921.74,1931.8,1912.33,1919.99,149167,0.0
2019-08-27,1911.8,1947.95,1903.5701,1941.86,174101,0.0
2019-08-28,1966.43,1976.76,1948,1956.13,273771,0.0
2019-08-29,1971.8,1973.23,1953,1965.37,211696,0.0
2019-09-02,1956.56,1967.9,1931.42,1941.71,294154,0.0
2019-09-03,1960.88,1963.56,1935.71,1957.82,227547,0.0
2019-09-04,1974.15,2010.94,1965.01,1995,371024,0.0
2019-09-05,2006.34,2006.34,1962.75,1968.15,362962,0.0
2019-09-08,1980.64,1994.51,1973.375,1992.93,276491,0.0
2019-09-09,1983.34,2018.76,1964.03,2018,403171,0.0
2019-09-10,2013.2,2054.17,2001.38,2049.61,353203,0.0
2019-09-11,2056,2067.07,2037.3,2041.15,390734,0.0
2019-09-12,2047.02,2071.78,2039.6,2063.97,337863,0.0
2019-09-15,2057.24,2081.81,2035.01,2072.03,275719,0.0
2019-09-16,2067.6,2081.235,2058.17,2078.2,202381,0.0
2019-09-17,2072.21,2078.85,2036.9794,2057.61,141091,0.0
2019-09-18,2053.74,2062.7,2046.73,2058.52,196926,0.0
2019-09-19,2046.22,2057.43,2029.46,2029.46,370518,0.0
2019-09-22,2016,2030,2007.14,2008.91,245902,0.0
2019-09-23,2012.82,2020.99,1985.92,1991.2,233041,0.0
2019-09-24,1991.65,2000.635,1962,1992.63,275275,0.0
2019-09-25,1994.08,1994.08,1964,1978.24,228244,0.0
2019-09-26,1969.56,1979.35,1936.86,1942.08,268265,0.0
2019-09-29,1953,1982.71,1942.335,1962.4,165270,0.0
2019-09-30,1977,1987.76,1964.715,1980.02,182960,0.0
2019-10-01,1969,1969,1929.905,1939.96,233075,0.0
2019-10-02,1936.55,1964.3,1918.23,1961.44,180194,0.0
2019-10-03,1970.64,1984.87,1965.312,1981.39,241806,0.0
2019-10-06,1971.01,1980.26,1949.08,1951.91,367034,0.0
2019-10-07,1937.05,1955.73,1923.5627,1937.6,257084,0.0
2019-10-08,1953.72,1953.72,1926.2,1943.13,373292,0.0
2019-10-09,1942.69,1970.43,1933.84,1964.25,369036,0.0
2019-10-10,1984.3,2003.79,1972.94,1975.23,472212,0.0
2019-10-13,1964.52,1994.385,1964.52,1990.03,313183,0.0
2019-10-14,1992.21,2023.11,1991.6,2016.43,456172,0.0
2019-10-15,2016.8,2037.09,2016.8,2028.03,481929,0.0
2019-10-16,2033,2044.77,2021.37,2030.11,325044,0.0
2019-10-17,2030.86,2033.92,2006.955,2013.15,558619,0.0
2019-10-20,2019.51,2035,2018.82,2022.27,147959,0.0
2019-10-21,2029.04,2033.3,2010.01,2024.11,150511,0.0
2019-10-22,2019.66,2034.68,2016.21,2031.03,138601,0.0
2019-10-23,2035,2045.83,2016.47,2043.39,137100,0.0
2019-10-24,2020.13,2058.86,2019.77,2055.89,204399,0.0
2019-10-27,2053.02,2079.7,2047.285,2058.45,162429,0.0
2019-10-28,2054.14,2057.425,2037.735,2042.67,121620,0.0
2019-10-29,2035.53,2050.86,2030.35,2047.52,109034,0.0
2019-10-30,2046.08,2059.17,2031.285,2048.78,137851,0.0
2019-10-31,2023.62,2041.58,2007.7476,2032.42,252137,0.0
2019-11-03,2042,2045.78,2002.83,2007.42,294404,0.0
2019-11-04,2008.99,2029.8,2001.585,2025.86,217930,0.0
2019-11-05,2018.56,2022.44,2001.41,2011.9,331097,0.0
2019-11-06,1942.2,1945.22,1844.45,1848.22,1640334,0.0
2019-11-07,1941,1954,1841,1878.79,992201,0.0
2019-11-10,1869,1897.98,1852.8401,1895.15,438640,0.0
2019-11-11,1901.35,1901.35,1860.2302,1877,453091,0.0
2019-11-12,1855.59,1871.857,1852.64,1858.69,395797,0.0
2019-11-13,1855.39,1875,1850.961,1865.54,224191,0.0
2019-11-14,1873.85,1873.99,1843.03,1848.09,312098,0.0
2019-11-17,1851.96,1853.15,1826.695,1838.29,285456,0.0
2019-11-18,1845,1854.3608,1833.41,1847.06,206670,0.0
2019-11-19,1846.06,1856.69,1837,1851.82,284631,0.0
2019-11-20,1851.34,1876,1844.585,1873.31,291789,0.0
2019-11-21,1881.45,1884.99,1870.44,1878.07,212366,0.0
2019-11-24,1885.09,1902.565,1875.01,1898.99,251616,0.0
2019-11-25,1897.97,1899.745,1882.02,1886.04,224302,0.0
2019-11-26,1893,1916.35,1883.025,1907.66,181564,0.0
2019-11-28,1904.89,1910,1899.08,1902.59,115577,0.0
2019-12-01,1898.21,1903.49,1867.755,1884.45,242745,0.0
2019-12-02,1865.39,1881.58,1852.52,1877.44,148741,0.0
2019-12-03,1894.64,1929,1879.98,1923,339256,0.0
2019-12-04,1929,1929,1901.51,1904.32,240041,0.0
2019-12-05,1923.27,1935.92,1920.21,1931.2,246673,0.0
2019-12-08,1928.08,1928.65,1903.18,1905.22,211510,0.0
2019-12-09,1902.4,1926.4,1901.58,1904.52,202827,0.0
2019-12-10,1915.9,1929.82,1904.48,1925.87,228099,0.0
2019-12-11,1930.85,1959.04,1924.455,1949.7,240465,0.0
2019-12-12,1960.87,1990,1949.08,1974.79,305537,0.0
2019-12-15,1983.47,1998.01,1983.47,1993.89,200883,0.0
2019-12-16,2000,2011.635,1991,2002.06,236629,0.0
2019-12-17,2008.67,2008.67,1977.77,1991.57,216416,0.0
2019-12-18,1996,2014.97,1994.76,2003.12,174601,0.0
2019-12-19,2017,2025,2002.34,2022.12,359135,0.0
2019-12-22,2026.01,2041.5,2017.675,2032.04,156577,0.0
2019-12-23,2032.24,2047.3049,2031.29,2043.9,74572,0.0
2019-12-25,2049.34,2068.81,2047.6519,2066.19,139356,0.0
2019-12-26,2063,2080.99,2053.645,2072.85,165547,0.0
2019-12-29,2070.36,2082.67,2050.47,2054.48,170119,0.0
2019-12-30,2046.51,2057.99,2039.97,2053.69,145561,0.0
2020-01-01,2068.4,2077.4143,2053.22,2074.31,242337,0.0
2020-01-02,2042.47,2067.69,2035,2065.89,206510,0.0
2020-01-05,2050,2059.79,2035,2046.59,252273,0.0
2020-01-06,2047.39,2072.83,2038.54,2067.8,249126,0.0
2020-01-07,2066.84,2088.66,2057.14,2062.54,260385,0.0
2020-01-08,2072,2090,2069.75,2085.43,203927,0.0
2020-01-09,2088.37,2094,2076.94,2086.9,128952,0.0
2020-01-12,2090.25,2090.25,2073.01,2080.05,197394,0.0
2020-01-13,2074.6,2085.995,2067.155,2071.71,279132,0.0
2020-01-14,2073.56,2083.99,2061.38,2064.3,268306,0.0
2020-01-15,2073.01,2073.01,2040.97,2053.95,338182,0.0
2020-01-16,2060,2064.04,2046.905,2052.83,359810,0.0
2020-01-20,2006,2014.51,1963.87,1991.26,1181121,0.0
2020-01-21,2004.33,2014.24,1992.04,2000.27,579451,0.0
2020-01-22,1986.24,2006.39,1975.12,1993.26,605277,0.0
2020-01-23,1998,2000.8068,1954.74,1962.38,717814,0.0
2020-01-26,1906.41,1917.9,1868.04,1908.89,621734,0.0
2020-01-27,1914.67,1937.02,1900,1917.47,450897,0.0
2020-01-28,1924.04,1933.04,1890.09,1893.4641,374652,0.0
2020-01-29,1871.42,1885.5125,1858.86,1871.27,545622,0.0
2020-01-30,1865.93,1870,1820.44,1830,513189,0.0
2020-02-02,1840.23,1858.16,1830.05,1840,545297,0.0
2020-02-03,1857.06,1895.5,1848.175,1863.55,520892,0.0
2020-02-04,1898.7,1943.98,1882.71,1939.3,475026,0.0
2020-02-05,1958.9,1971.995,1937.0118,1962.07,335567,0.0
2020-02-06,1949,1960,1904.16,1908.92,376252,0.0
2020-02-09,1901.69,1912.59,1883,1887.85,339283,0.0
2020-02-10,1894.48,1918.89,1892.62,1909.73,376317,0.0
2020-02-11,1923.95,1967,1911.21,1961.27,404997,0.0
2020-02-12,1944,1960.88,1929.1,1959.53,299167,0.0
2020-02-13,1998.44,2024.88,1984.66,1991.99,499169,0.0
2020-02-17,1972.25,1988.19,1961.95,1975.63,319512,0.0
2020-02-18,1982.76,1989.99,1962.32,1969.62,198585,0.0
2020-02-19,1960,1987.76,1956.39,1969.25,273565,0.0
2020-02-20,1965,1968.095,1922.155,1927.58,316415,0.0
2020-02-23,1830.93,1835.495,1777.88,1791.53,818065,0.0
2020-02-24,1803,1811.31,1711.01,1723.72,789992,0.0
2020-02-25,1755.25,1755.25,1659.64,1679.31,818478,0.0
2020-02-26,1612.98,1730,1592.45,1660.18,1196431,0.0
2020-02-27,1643.64,1718,1634.54,1700.81,850167,0.0
2020-03-01,1709.75,1732.92,1651.755,1727.98,714545,0.0
2020-03-02,1726.63,1749.99,1646.925,1686.53,601061,0.0
2020-03-03,1697.15,1736.89,1671.2354,1736.1,520827,0.0
2020-03-04,1662.99,1680.04,1632.58,1649.56,704780,0.0
2020-03-05,1603.09,1684,1584,1612.76,934429,0.0
2020-03-08,1483.99,1588.67,1476.51,1525,1363856,0.0
2020-03-09,1589.95,1615,1499.935,1560.67,653987,0.0
2020-03-10,1522.29,1528.53,1420.56,1442.5,741535,0.0
2020-03-11,1297,1369.99,1280,1280.005,1194638,0.0
2020-03-12,1336.8,1421.67,1270.87,1421.22,988290,0.0
2020-03-15,1275,1411.83,1252.2168,1289,917006,0.0
2020-03-16,1309.56,1370.52,1252.91,1370.52,2060674,0.0
2020-03-17,1277.86,1327.09,1165.02,1237.74,774960,0.0
2020-03-18,1211.16,1236.64,1150,1192.63,913361,0.0
2020-03-19,1216.34,1299.95,1157.41,1174.68,1078987,0.0
2020-03-22,1166.98,1226.14,1107.285,1152.23,784452,0.0
2020-03-23,1218.62,1279,1200.575,1261.81,728556,0.0
2020-03-24,1259.47,1449.475,1246.95,1364.01,905504,0.0
2020-03-25,1380.33,1429.4784,1353.52,1405.92,553960,0.0
2020-03-26,1344.87,1355.455,1253.605,1253.605,623196,0.0
2020-03-29,1261.27,1321.89,1216.98,1306.15,534266,0.0
2020-03-30,1303.01,1390.39,1296.01,1345.175,693020,0.0
2020-03-31,1293.81,1328.34,1248.18,1272.4,490454,0.0
2020-04-01,1270.97,1334.99,1241.225,1258.02,1061348,0.0
2020-04-02,1244.18,1279.16,1203.08,1231.81,401754,0.0
2020-04-05,1303.28,1363.35,1292.81,1355.6,627666,0.0
2020-04-06,1412.01,1495,1366.79,1375.3,718836,0.0
2020-04-07,1382.65,1428.72,1360.01,1372.06,677129,0.0
2020-04-08,1424.76,1450,1403,1420.64,946798,0.0
2020-04-12,1413.19,1428.01,1368.39,1418.38,367492,0.0
2020-04-13,1460.09,1469.96,1424,1449.29,1059571,0.0
2020-04-14,1407.84,1440,1390.67,1423.81,701025,0.0
2020-04-15,1432.35,1432.35,1391.02,1407.4,1232690,0.0
2020-04-16,1469,1484.655,1450.19,1470.87,2185384,0.0
2020-04-19,1462.05,1469.999,1410,1410.18,1099214,0.0
2020-04-20,1382.81,1387.735,1317.4,1340.47,1766824,0.0
2020-04-21,1365.01,1379.99,1342,1354.34,1116302,0.0
2020-04-22,1354.05,1388.99,1350.79,1359.909,629344,0.0
2020-04-23,1372.39,1374.58,1338.66,1365.26,831196,0.0
2020-04-26,1374.93,1411.235,1371.04,1402.99,845261,0.0
2020-04-27,1434.2,1463.65,1410.8,1439.33,550495,0.0
2020-04-28,1487.83,1527.73,1473.3,1522.58,1258846,0.0
2020-04-29,1514.53,1520.415,1464.78,1481.63,369208,0.0
2020-04-30,1442.75,1460.3,1415.31,1449.99,805570,0.0
2020-05-03,1415.73,1445.32,1388.51,1410.36,400741,0.0
2020-05-04,1443.25,1446.36,1383.855,1393.07,778162,0.0
2020-05-05,1397.46,1416.355,1356,1378.92,476711,0.0
2020-05-06,1392.26,1448.59,1382,1443.05,1191794,0.0
2020-05-07,1440.99,1444.25,1366.1,1432.5,820670,0.0
2020-05-10,1427.02,1428.9691,1403.12,1406.225,483175,0.0
2020-05-11,1401.09,1413.98,1385.11,1385.92,914004,0.0
2020-05-12,1379.34,1388.92,1336.32,1369.15,729173,0.0
2020-05-13,1348.74,1388.94,1303.25,1384.41,650007,0.0
2020-05-14,1377.01,1409.485,1372.13,1383.03,543515,0.0
2020-05-17,1430,1581.56,1430,1556.69,2501658,0.0
2020-05-18,1556.29,1598.83,1544.1575,1548.73,771139,0.0
2020-05-19,1578.52,1605.74,1578.2,1600.295,1237242,0.0
2020-05-20,1605,1623.44,1575.79,1596.72,1127642,0.0
2020-05-21,1591.74,1637.29,1584.65,1631.3,1039496,0.0
2020-05-25,1704.32,1764.9,1692.11,1746.9,1122587,0.0
2020-05-26,1775.93,1788,1692.61,1699.17,935852,0.0
2020-05-27,1695.59,1708,1644.02,1650.59,596538,0.0
2020-05-28,1657,1657,1618.43,1639.42,1107060,0.0
2020-05-31,1633.12,1684.165,1633.12,1670.83,885418,0.0
2020-06-01,1690,1692.045,1653.58,1655,896960,0.0
2020-06-02,1704.03,1743.8398,1694.2896,1725,1047074,0.0
2020-06-03,1714.9,1749.18,1706,1743.675,901316,0.0
2020-06-04,1826.76,1853.38,1802.8472,1814.06,973292,0.0
2020-06-07,1846.6,1871.97,1825.565,1840.91,597538,0.0
2020-06-08,1808.07,1818.343,1770,1779.79,778644,0.0
2020-06-09,1791.95,1793,1717.72,1731.838,969622,0.0
2020-06-10,1655.85,1656.76,1576.57,1587.66,834814,0.0
2020-06-11,1653.57,1663.9948,1615.2,1616.2,237852,0.0
2020-06-14,1567.66,1664.925,1555.01,1651.14,702709,0.0
2020-06-15,1716.32,1721.85,1641.75,1675.32,391315,0.0
2020-06-16,1677.92,1678.575,1626.01,1638.54,591577,0.0
2020-06-17,1622.4,1658,1590.93,1628.115,474997,0.0
2020-06-18,1654,1657.4904,1600,1626.56,990539,0.0
2020-06-21,1609.74,1636.29,1593.8667,1636.29,276775,0.0
2020-06-22,1652.3,1678.5,1640,1676.81,306857,0.0
2020-06-23,1660.71,1669.7699,1582,1611.69,525984,0.0
2020-06-24,1585.81,1623.97,1561.72,1616.11,477199,0.0
2020-06-25,1597.3,1611.71,1532.83,1538.83,487079,0.0
2020-06-28,1567.77,1595.3,1540.48,1592.34,310529,0.0
2020-06-29,1583.9,1603.24,1566.42,1593.07,223893,0.0
2020-06-30,1606.05,1670,1601.14,1659.38,508820,0.0
2020-07-01,1690.11,1714.0887,1658.4,1669.95,295582,0.0
