Date,Open,High,Low,Close,Volume,OpenInterest
2016-07-13,88.19,89.643,86.16,89.07,1197661,0.0
2016-07-14,89.79,94.75,89.19,92.07,2570929,0.0
2016-07-17,92.23,94.38,89.57,92.85,2032568,0.0
2016-07-18,93.49,94,90.2,90.44,921669,0.0
2016-07-19,91.57,94.015,90.66,93.76,1220978,0.0
2016-07-20,92,94.87,91.91,93.36,1587062,0.0
2016-07-21,93.78,95.485,93.36,93.58,1035697,0.0
2016-07-24,94.02,94.43,92.55,92.8,988270,0.0
2016-07-25,93.27,93.43,91.21,92.03,1913432,0.0
2016-07-26,91.58,98.71,90.52,98.25,5262119,0.0
2016-07-27,98.8,99.5,96.64,98.21,2180185,0.0
2016-07-28,98.18,99.62,96.17,99.43,1124167,0.0
2016-07-31,99.33,101.3,98.51,100.28,1760258,0.0
2016-08-01,99.96,100.9,97.4,99.07,1520104,0.0
2016-08-02,99.03,101.698,98.76,101.47,1368877,0.0
2016-08-03,102.41,102.49,99.14,99.6,1096304,0.0
2016-08-04,100.88,101.67,98.5,98.945,1718789,0.0
2016-08-07,99.29,99.62,97.704,99.02,898677,0.0
2016-08-08,94.6,95.94,93.74,95.13,4432121,0.0
2016-08-09,94.89,95.1,90.92,91.47,1872970,0.0
2016-08-10,91.93,92.81,90.66,92.05,1076661,0.0
2016-08-11,91.49,92.49,91.02,92.44,1150113,0.0
2016-08-14,92.9,94.22,92.3,93.13,1515225,0.0
2016-08-15,92.75,93.23,90.91,91.74,1127731,0.0
2016-08-16,92.14,94.06,91,93.31,1272002,0.0
2016-08-17,92.85,93.88,92.02,93.51,731538,0.0
2016-08-18,93.07,93.4,91.76,91.98,490031,0.0
2016-08-21,95.67,98.5,95.18,98.17,3340866,0.0
2016-08-22,99.11,99.95,97.44,99.43,1333219,0.0
2016-08-23,99.22,102.06,94.5,95.13,2097733,0.0
2016-08-24,95.75,96.97,92.35,94.95,1340222,0.0
2016-08-25,95.09,96.36,94.415,96.22,878608,0.0
2016-08-28,96.26,96.7899,94.88,95.73,616793,0.0
2016-08-29,95.75,96.61,94.84,94.95,522061,0.0
2016-08-30,95.29,95.95,93.02,93.91,762590,0.0
2016-08-31,93.7,95.49,92.79,95.19,771904,0.0
2016-09-01,95.3,96.49,93.86,95.73,612697,0.0
2016-09-05,95.96,97.65,94.92,95.59,773414,0.0
2016-09-06,94.95,96.23,93.6,96.14,1091680,0.0
2016-09-07,96.08,98.22,95.04,97.44,930230,0.0
2016-09-08,96.21,97.5,94.02,94.03,907461,0.0
2016-09-11,93.33,96.53,93,96.225,807526,0.0
2016-09-12,95.6,96.24,92.85,93.88,947769,0.0
2016-09-13,94.5,96.74,93.79,95.31,1018878,0.0
2016-09-14,95.23,96.9389,94.01,95.39,826701,0.0
2016-09-15,94.82,97.22,94.02,96.835,1288529,0.0
2016-09-18,96.62,101.2699,95.23,98.12,1803631,0.0
2016-09-19,98.97,99.4,97.52,97.95,727331,0.0
2016-09-20,97.97,99.97,95,97.57,1042487,0.0
2016-09-21,98,98.94,95.69,97.45,842800,0.0
2016-09-22,96.63,99.705,96.63,97.4,628165,0.0
2016-09-25,96.86,97.52,95.43,95.85,646786,0.0
2016-09-26,95.43,97.19,94.249,97.04,944273,0.0
2016-09-27,98.19,98.19,94.42,96.03,949980,0.0
2016-09-28,96.02,96.17,92.43,92.77,808851,0.0
2016-09-29,92.91,93.325,91.2,92.51,1100860,0.0
2016-10-02,91.98,94.49,91.19,94.34,882362,0.0
2016-10-03,94.59,95.265,94.04,95.13,630421,0.0
2016-10-04,94.69,96.55,94.32,95.92,642142,0.0
2016-10-05,95.13,95.765,92.12,92.63,1017420,0.0
2016-10-06,93.19,93.915,91.55,93.5,621419,0.0
2016-10-09,94.07,94.98,92.42,93.54,493278,0.0
2016-10-10,93.09,93.66,90.72,91.67,819865,0.0
2016-10-11,91.46,92.2,87.73,87.95,785593,0.0
2016-10-12,86.31,88.46,86,86.92,1627956,0.0
2016-10-13,87.58,88.67,84.58,85.06,1009229,0.0
2016-10-16,84.83,85.6,82.19,85.47,1177491,0.0
2016-10-17,86.15,87.34,85.2,85.4,798917,0.0
2016-10-18,85.35,86.43,83.65,84.33,623960,0.0
2016-10-19,84.41,85.62,83.71,84.21,974131,0.0
2016-10-20,84,84.02,81.85,82.27,817928,0.0
2016-10-23,82.67,82.89,81.44,82.16,739957,0.0
2016-10-24,82.28,82.28,80.54,80.96,587837,0.0
2016-10-25,81.26,82.6,81,81.74,788021,0.0
2016-10-26,82.29,83.39,80.3,81.07,984343,0.0
2016-10-27,79.73,83.32,78.56,81.14,1226306,0.0
2016-10-30,81.26,81.26,80,80.55,850895,0.0
2016-10-31,80.3,82.88,79.31,82.69,916380,0.0
2016-11-01,82.38,82.71,80.77,80.9,1003278,0.0
2016-11-02,81.43,81.43,78.42,78.62,1124212,0.0
2016-11-03,79.65,84.585,78.745,82.02,1793641,0.0
2016-11-06,82.64,84.07,81.64,83.53,1518951,0.0
2016-11-07,82.79,84.46,82.12,83.41,1026761,0.0
2016-11-08,89,98.34,88.52,91.84,3199241,0.0
2016-11-09,92.8,95.555,91.46,93.53,1709046,0.0
2016-11-10,93.28,93.28,90.115,91.44,996114,0.0
2016-11-13,91.78,93.85,90.13,92.91,1303548,0.0
2016-11-14,91.93,92.65,89.395,92.23,943247,0.0
2016-11-15,91.61,92.31,89.31,89.39,691609,0.0
2016-11-16,89.15,92.3,88.7,90.74,892420,0.0
2016-11-17,90.42,91.21,88.92,88.99,570416,0.0
2016-11-20,89.13,89.99,86.74,87.48,923971,0.0
2016-11-21,87.51,88.3,84.42,85.47,794350,0.0
2016-11-22,84.59,88.39,83.62,88.13,1000708,0.0
2016-11-24,88.06,89.1,86.52,88.97,491591,0.0
2016-11-27,89,89.1,87.01,88.37,736975,0.0
2016-11-28,87.46,88,85.86,86.7,859021,0.0
2016-11-29,86.64,87.9,85.53,85.64,889308,0.0
2016-11-30,85.97,86.455,82.51,83.32,871289,0.0
2016-12-01,83.39,84.02,81.89,82.26,896199,0.0
2016-12-04,82.51,84.59,81.86,82.45,1386767,0.0
2016-12-05,82.99,83.48,81.89,82.99,1133650,0.0
2016-12-06,81.36,82.34,79.5,81.03,1386894,0.0
2016-12-07,81.7,83.72,80.5,83.52,837874,0.0
2016-12-08,84.67,87.52,82.581,82.67,1551521,0.0
2016-12-11,82.37,82.75,80.67,82.01,1040719,0.0
2016-12-12,82.44,84.36,82.4,83.44,861165,0.0
2016-12-13,83.26,85.61,82.72,85.59,1126403,0.0
2016-12-14,85.72,86.1,84.41,85.35,1028539,0.0
2016-12-15,85.29,86.4,84.75,85.36,942142,0.0
2016-12-18,85.15,85.91,83.97,84.33,670535,0.0
2016-12-19,84.41,85.42,83.64,84.98,489398,0.0
2016-12-20,85.09,86.68,82.84,85.05,1449132,0.0
2016-12-21,84.91,85.21,82.89,83.54,807781,0.0
2016-12-22,83.06,86,83.06,85.67,547878,0.0
2016-12-26,86,87.61,85.01,85.07,510384,0.0
2016-12-27,85.08,86.5938,83.741,84.16,618383,0.0
2016-12-28,83.84,84.71,82.97,83.35,545971,0.0
2016-12-29,83.35,83.74,81.5,82.84,981010,0.0
2017-01-02,83.3,86.57,83,85.84,1019656,0.0
2017-01-03,86.96,87.52,85.51,86.87,1057210,0.0
2017-01-04,87,87.67,84.93,86.28,799927,0.0
2017-01-05,87.19,87.97,86.13,86.855,600141,0.0
2017-01-08,89.79,92.2,87.51,91.02,1695285,0.0
2017-01-09,91.31,92,88.51,90.38,870017,0.0
2017-01-10,89.84,90.37,84.66,86.07,1660231,0.0
2017-01-11,85.47,87.569,84.445,86.15,1088690,0.0
2017-01-12,86.16,88.1299,85.91,86.92,777419,0.0
2017-01-16,86.34,86.545,84.43,85.21,920572,0.0
2017-01-17,86.19,87.25,85.69,87.16,719413,0.0
2017-01-18,86.9,87.34,85.88,86.14,743616,0.0
2017-01-19,86.7,87.5,84.36,84.56,777441,0.0
2017-01-22,84.62,85.41,82.99,83.3001,577736,0.0
2017-01-23,83.27,84.42,82.57,84.34,598734,0.0
2017-01-24,84.44,84.98,83.46,83.85,736495,0.0
2017-01-25,84,85.48,83.88,85.28,959953,0.0
2017-01-26,85.99,87,85.31,86.55,740944,0.0
2017-01-29,86.49,86.89,84.38,85.57,644793,0.0
2017-01-30,84.9,88.1,84,87.63,867795,0.0
2017-01-31,87.79,89.1467,87.445,88.62,1021736,0.0
2017-02-01,88.5,89.01,87.375,88.33,803168,0.0
2017-02-02,89.23,89.81,88.32,88.81,766212,0.0
2017-02-05,88.57,88.94,87.98,88.74,648202,0.0
2017-02-06,90,90.2,88.12,88.905,649884,0.0
2017-02-07,88.7,91.23,88,90.89,820871,0.0
2017-02-08,90.89,92.19,90.62,91.15,621969,0.0
2017-02-09,91.23,91.27,89.37,90.12,482157,0.0
2017-02-12,90.33,90.94,90.03,90.89,342463,0.0
2017-02-13,90.46,91.6,90.09,91.18,607711,0.0
2017-02-14,91.39,91.74,90.15,91.47,819611,0.0
2017-02-15,91.77,92.42,89.87,90.525,864245,0.0
2017-02-16,90.5,91.29,89.2,89.84,941772,0.0
2017-02-20,90.24,90.4512,89.42,90.25,1000848,0.0
2017-02-21,90.46,90.96,89.69,89.8,759195,0.0
2017-02-22,89.76,90.62,88.87,89.31,915531,0.0
2017-02-23,87.99,88.82,85.88,87.52,2090451,0.0
2017-02-26,87.26,91.74,87.26,91.62,1085657,0.0
2017-02-27,91.6,94.05,91.21,93.91,1834623,0.0
2017-02-28,94.5,95.48,92.84,93.8,1458834,0.0
2017-03-01,93.5,95.79,93.02,93.42,1012065,0.0
2017-03-02,93.19,94.28,91.82,93.97,759033,0.0
2017-03-05,93.32,93.91,91.76,91.85,724667,0.0
2017-03-06,90.56,91.6934,89.04,89.23,783197,0.0
2017-03-07,89.24,90.7,89,90.39,753441,0.0
2017-03-08,90.18,91.16,89.79,90.96,395088,0.0
2017-03-09,91.09,92.6,90.51,92.53,676561,0.0
2017-03-12,92.68,93.4599,91.9,93.11,599755,0.0
2017-03-13,92.77,92.77,90.7,91.63,561924,0.0
2017-03-14,91.42,92.6,90.93,92.5,590103,0.0
2017-03-15,92.77,93.16,90.18,90.96,945523,0.0
2017-03-16,91.07,91.4,89.8,90.93,569794,0.0
2017-03-19,90.97,91.05,89.44,90,632312,0.0
2017-03-20,90.19,90.4999,86.86,87.03,826680,0.0
2017-03-21,87.28,88,86.28,87.43,760734,0.0
2017-03-22,87.31,87.9,86.69,86.84,461985,0.0
2017-03-23,87.52,87.93,86.82,87.37,831100,0.0
2017-03-26,86.83,88.37,86.71,88.23,495989,0.0
2017-03-27,88.18,89.59,88,89.1,654788,0.0
2017-03-28,89.15,89.85,89.01,89.58,486425,0.0
2017-03-29,89.76,89.77,87.2,89.1,769725,0.0
2017-03-30,88.93,89.0699,87.64,87.8,689120,0.0
2017-04-02,87.56,88.69,86.55,86.63,717860,0.0
2017-04-03,86.63,87.27,85.49,86.03,799002,0.0
2017-04-04,86.25,87.04,85.8,86.11,931314,0.0
2017-04-05,85.45,86.96,85.45,86.89,928168,0.0
2017-04-06,86.93,88.3,86.6,87.95,677248,0.0
2017-04-09,87.64,88.96,87.335,88.22,810234,0.0
2017-04-10,88.59,88.88,87.61,88.54,511305,0.0
2017-04-11,88.94,89.19,87.84,88.41,587467,0.0
2017-04-12,88.72,90.5,87.78,89.92,678215,0.0
2017-04-16,89.91,90.99,89.39,90.68,428808,0.0
2017-04-17,92.45,92.45,90.06,90.96,761371,0.0
2017-04-18,91.21,91.695,89.8,90.16,651531,0.0
2017-04-19,90.61,90.89,89.45,90.21,677245,0.0
2017-04-20,90.31,90.31,87.38,88.5,1198073,0.0
2017-04-23,90.48,94.94,90.24,93.535,2444759,0.0
2017-04-24,94,94.93,92.69,94.19,1118698,0.0
2017-04-25,94.65,96.21,93.955,96.07,1030172,0.0
2017-04-26,95.72,98.95,95.01,96.25,2082749,0.0
2017-04-27,96.75,97,95,95.83,873247,0.0
2017-04-30,96.03,97.79,95.7191,97.61,686638,0.0
2017-05-01,96.74,97.6,95.1548,95.93,840923,0.0
2017-05-02,96,96.49,94.76,95.95,812473,0.0
2017-05-03,96.36,98,95.97,97.78,1014155,0.0
2017-05-04,99,100.51,94.05,94.22,2045538,0.0
2017-05-07,93.17,94.35,90.36,90.72,1479561,0.0
2017-05-08,90.8,91.49,90.09,91.15,1033650,0.0
2017-05-09,91.12,91.12,89.67,90.03,609012,0.0
2017-05-10,90,90.22,88.36,89.37,604633,0.0
2017-05-11,89.23,90.46,88.81,89.85,552631,0.0
2017-05-14,89.62,92.01,89.55,91.47,641619,0.0
2017-05-15,91.5,92.94,90.88,92.46,708925,0.0
2017-05-16,91.73,92.49,89.61,89.77,523157,0.0
2017-05-17,90.19,91.26,89.06,89.99,910622,0.0
2017-05-18,90.89,90.9,89.15,89.23,507787,0.0
2017-05-21,89.27,90.726,88.81,90.52,542749,0.0
2017-05-22,90.71,90.71,88.14,88.36,688777,0.0
2017-05-23,88.38,88.54,87.15,88.03,1098882,0.0
2017-05-24,89.15,89.15,87.15,87.31,644213,0.0
2017-05-25,87.65,88.65,87.65,88.01,722290,0.0
2017-05-29,88.18,88.51,87.5,87.91,680161,0.0
2017-05-30,88.29,88.95,86.52,87.64,835460,0.0
2017-05-31,87.53,90.3,87.53,90,1237776,0.0
2017-06-01,89.7,91.03,89.66,90.7,856694,0.0
2017-06-04,90.56,91.49,90.11,90.94,488567,0.0
2017-06-05,90.01,91.61,89.38,89.6,558681,0.0
2017-06-06,89.61,90.79,89.2,90.29,581230,0.0
2017-06-07,89.75,90.33,88.97,90,528073,0.0
2017-06-08,90.02,91.5,89.46,90.23,953518,0.0
2017-06-11,89.92,91.49,88.04,89.08,685804,0.0
2017-06-12,88.86,90.95,88.34,90.4,561647,0.0
2017-06-13,90.43,93.58,90.18,91.91,766424,0.0
2017-06-14,91.92,92.05,89.78,90.48,1084657,0.0
2017-06-15,90.01,90.01,88,88.49,1155943,0.0
2017-06-18,89.28,91.58,88.46,91.35,1031595,0.0
2017-06-19,91.25,93.17,90.7,92.35,1169880,0.0
2017-06-20,92.72,98.92,92.57,98.83,2222948,0.0
2017-06-21,99.22,100.03,97,97.06,1428693,0.0
2017-06-22,96.6,97.03,94.5,94.94,1415342,0.0
2017-06-25,95.1,95.58,93.21,93.49,819452,0.0
2017-06-26,93.31,94.17,89.5,89.63,1147955,0.0
2017-06-27,90.35,92.89,89.09,92.62,1426604,0.0
2017-06-28,92.27,92.27,88.55,90.02,1060334,0.0
2017-06-29,90.87,91.05,88.53,90.83,862936,0.0
2017-07-02,91.12,91.88,90.05,90.47,295836,0.0
2017-07-04,90.52,92.06,89.72,92.02,839197,0.0
2017-07-05,91.32,92.05,89.36,90.09,898173,0.0
2017-07-06,90.4,90.95,89.67,90.5,613629,0.0
2017-07-09,90.59,91.48,89,89.8,702452,0.0
2017-07-10,91.86,91.94,89.21,90.93,1360751,0.0
2017-07-11,91.46,91.49,88.6,89.56,1096565,0.0
2017-07-12,90.47,91.72,89.09,91.05,754894,0.0
2017-07-13,91.41,91.47,90.51,90.99,559455,0.0
2017-07-16,90.97,91.2,86.8401,86.96,2192496,0.0
2017-07-17,87.03,87.81,86.01,86.67,1429625,0.0
2017-07-18,87.63,88.6,86.45,87.23,905696,0.0
2017-07-19,87.51,88.19,86.85,87.75,1073787,0.0
2017-07-20,87.79,89.54,87.52,89.26,852820,0.0
2017-07-23,89.12,90.18,88.7,89.99,551012,0.0
2017-07-24,90.5,90.5,88.33,88.65,616965,0.0
2017-07-25,88.83,89.81,88.23,89.2,846103,0.0
2017-07-26,89.14,89.77,86.75,87.32,1173328,0.0
2017-07-27,87.43,88.6,87.025,88.34,473727,0.0
2017-07-30,88.3,88.72,87.37,87.73,467309,0.0
2017-07-31,88.11,88.43,86.6,88.02,1161118,0.0
2017-08-01,87,87.79,85.9,87.72,1389394,0.0
2017-08-02,88,90.75,86.86,89.53,1405794,0.0
2017-08-03,89.82,89.99,88.6,89.68,662828,0.0
2017-08-06,89.82,90.05,89.05,89.06,578238,0.0
2017-08-07,86.41,86.75,84.64,85.48,3071763,0.0
2017-08-08,85.03,85.91,83.78,85.16,1605387,0.0
2017-08-09,84.66,84.9725,81.83,81.96,1156756,0.0
2017-08-10,81.76,83.43,80.89,82.43,916097,0.0
2017-08-13,83.18,83.39,82.62,83.17,646296,0.0
2017-08-14,83.43,83.83,82.575,83.08,769087,0.0
2017-08-15,83.58,83.96,82.79,83.07,725274,0.0
2017-08-16,83.18,83.18,80.81,80.99,1078084,0.0
2017-08-17,80.81,81.62,80.76,80.92,870006,0.0
2017-08-20,80.99,81.41,80.37,80.61,404179,0.0
2017-08-21,80.9,81.75,80.525,81.46,614971,0.0
2017-08-22,81.08,81.9,80.29,81.4,651229,0.0
2017-08-23,81.54,82.56,80.83,82.41,556669,0.0
2017-08-24,82.67,82.83,81.735,81.87,435146,0.0
2017-08-27,82.62,83.2322,81.91,82.57,577499,0.0
2017-08-28,81.97,83.495,81.67,82.96,522720,0.0
2017-08-29,83.76,88.95,83.6183,87.65,2175922,0.0
2017-08-30,88.27,90.22,88.07,90.19,1586055,0.0
2017-08-31,90.02,91.2,89.67,90.64,1331477,0.0
2017-09-04,90.3,91.2,89.701,90.5,1309101,0.0
2017-09-05,90.32,91.4,88.825,89.86,1486563,0.0
2017-09-06,89.7,90.69,89.35,90.43,1295841,0.0
2017-09-07,90.45,90.9,89.37,90.09,927901,0.0
2017-09-10,90.33,90.895,89.57,90.36,595229,0.0
2017-09-11,90.6,92.0874,90.05,91.92,878348,0.0
2017-09-12,91.84,93.32,91.29,92.75,971464,0.0
2017-09-13,92.59,93.3199,91.12,91.23,983864,0.0
2017-09-14,91.26,92.6,89.98,91.93,1079102,0.0
2017-09-17,91.83,92.985,91.53,91.98,720495,0.0
2017-09-18,92.06,93,91.69,92.09,672465,0.0
2017-09-19,92.13,93.21,91.4,92.57,877117,0.0
2017-09-20,92.36,95.3199,92.07,93.44,1826892,0.0
2017-09-21,93.18,95.02,92.66,94.95,879262,0.0
2017-09-24,94.73,95.45,92.65,94.42,912864,0.0
2017-09-25,94.26,94.67,92.81,93.19,546654,0.0
2017-09-26,93.35,93.9509,92.59,92.69,561724,0.0
2017-09-27,92.06,93.04,91.91,92.98,778794,0.0
2017-09-28,92.98,93.66,92.62,93.06,629708,0.0
2017-10-01,93.52,94.62,92.94,93.74,906505,0.0
2017-10-02,93.91,94.39,92.78,93.21,657023,0.0
2017-10-03,93.03,93.47,92.48,93.18,445561,0.0
2017-10-04,93.3,94.94,92.52,94.41,776672,0.0
2017-10-05,94.36,95.7099,93.68,94.82,433727,0.0
2017-10-08,94.76,95.86,94.385,95.07,461601,0.0
2017-10-09,95.36,96.05,94.11,94.31,443676,0.0
2017-10-10,93.89,95.15,93.5842,94.96,800766,0.0
2017-10-11,94.96,95.89,94.06,95.1,748447,0.0
2017-10-12,95.23,95.857,93.74,95.12,483725,0.0
2017-10-15,95.13,96.05,94.56,94.66,572522,0.0
2017-10-16,95.1,95.905,93.44,93.53,901162,0.0
2017-10-17,93.4,94.755,86.9,88.63,3176408,0.0
2017-10-18,89.19,89.95,87.59,88.12,1648904,0.0
2017-10-19,87.77,88.74,86.77,87.76,954357,0.0
2017-10-22,88.27,94.975,85.93,86.46,848184,0.0
2017-10-23,86.63,86.74,85.03,86.29,902585,0.0
2017-10-24,86.1,86.455,84.63,84.8,820323,0.0
2017-10-25,85.07,85.07,81.72,82.65,2213275,0.0
2017-10-26,82.52,85.48,82.05,83.13,1914301,0.0
2017-10-29,82.73,83.73,81.73,81.98,1168747,0.0
2017-10-30,82.35,82.95,81.23,82.09,1071246,0.0
2017-10-31,82.57,82.875,80.6,80.91,1624449,0.0
2017-11-01,80.9,83.04,80.9,82.74,1143531,0.0
2017-11-02,82.52,84.22,82,84.12,803572,0.0
2017-11-05,83.75,84.26,82.545,82.94,965273,0.0
2017-11-06,83.4,83.94,82.25,83.77,900730,0.0
2017-11-07,83.83,83.83,82.4106,82.79,811290,0.0
2017-11-08,82.32,83.56,81.5,82.38,1276231,0.0
2017-11-09,81.67,82.13,80.77,82.02,601722,0.0
2017-11-12,82.02,82.03,81.05,81.07,640854,0.0
2017-11-13,81.06,81.784,80.775,81.4,995359,0.0
2017-11-14,81.82,81.97,80.579,81.82,878478,0.0
2017-11-15,81.87,82.96,81.62,82.56,631305,0.0
2017-11-16,82.56,83.36,82.13,82.87,707966,0.0
2017-11-19,82.88,83.64,82.64,82.97,837654,0.0
2017-11-20,83.01,83.77,82.78,82.91,405996,0.0
2017-11-21,83.19,83.72,82.71,83,345120,0.0
2017-11-23,82.66,83.91,82.65,82.76,160119,0.0
2017-11-26,82.83,83.14,82.19,82.94,399966,0.0
2017-11-27,82.98,82.98,81.5723,82.56,485380,0.0
2017-11-28,82.44,84.77,82.34,83.28,621260,0.0
2017-11-29,83.49,86.3,83.48,85.82,779337,0.0
2017-11-30,85.16,87.075,84.725,85,837281,0.0
2017-12-03,85.32,86.46,83.52,83.61,515150,0.0
2017-12-04,83.34,83.9,80.6,80.75,915842,0.0
2017-12-05,80.87,81.69,80.1,80.82,855694,0.0
2017-12-06,80.85,81.772,80.5,80.93,651786,0.0
2017-12-07,81.48,83.14,81.2,81.99,806526,0.0
2017-12-10,89.49,90.52,86.885,88.15,3371894,0.0
2017-12-11,87.5,89.55,86.36,87.39,1486193,0.0
2017-12-12,87.3,89.27,86.43,88.67,1010901,0.0
2017-12-13,90,90,88.22,88.51,854581,0.0
2017-12-14,90.4,93,88.5,92.94,1693729,0.0
2017-12-17,93,93.74,91.785,92.59,866015,0.0
2017-12-18,92.43,92.5488,90.4,90.84,771985,0.0
2017-12-19,90.66,91.32,90.211,91.13,508317,0.0
2017-12-20,91.11,92.5,90.92,91.54,448687,0.0
2017-12-21,90.91,91.36,89.51,90.44,574643,0.0
2017-12-25,90.05,90.9,89.4108,90.84,322784,0.0
2017-12-26,90.9,91.43,90.01,90.73,420415,0.0
2017-12-27,90.98,90.99,88.68,90.47,628257,0.0
2017-12-28,90.08,90.455,88.92,89.17,573307,0.0
2018-01-01,88.84,91.3,88.19,91.04,970361,0.0
2018-01-02,91.58,93.4392,90.6,92.07,869976,0.0
2018-01-03,92.84,93.14,89.8,90.31,966730,0.0
2018-01-04,91.18,91.31,89.575,90.27,612248,0.0
2018-01-07,90.21,90.3,88.52,88.63,919093,0.0
2018-01-08,89.31,89.63,88.26,89.12,1167168,0.0
2018-01-09,88.97,89,87.2,88.36,975986,0.0
2018-01-10,88.51,90.47,88.01,89.99,994455,0.0
2018-01-11,91,91,89.6,90.23,636432,0.0
2018-01-15,90.58,92,90.095,90.25,754691,0.0
2018-01-16,90.76,91.0899,88.475,89.64,850483,0.0
2018-01-17,89.69,90.619,88.88,89.77,858087,0.0
2018-01-18,89.55,90.04,88.98,89.12,709011,0.0
2018-01-21,90,92.03,89,91.68,1711597,0.0
2018-01-22,92.53,93.29,92.07,92.38,988748,0.0
2018-01-23,92.89,92.97,90.33,91.29,1092579,0.0
2018-01-24,91.73,91.92,90.21,90.56,699506,0.0
2018-01-25,90.65,91.73,90.64,91.53,599406,0.0
2018-01-28,91.53,92.61,91.14,92.23,905331,0.0
2018-01-29,91.55,92.02,89.74,90.14,889004,0.0
2018-01-30,90.02,90.7,89.62,90.19,933849,0.0
2018-01-31,89.38,93.09,89.25,92.64,1369444,0.0
2018-02-01,92.19,92.24,90.31,90.83,1050329,0.0
2018-02-04,90.6,91.06,87.28,87.4,1189344,0.0
2018-02-05,86.43,87.45,84.7,86.94,1349915,0.0
2018-02-06,86.63,87.16,84.79,84.99,1505357,0.0
2018-02-07,84.84,86.19,82.11,82.15,1071785,0.0
2018-02-08,82.57,82.57,78.5,80.33,1699093,0.0
2018-02-11,81.1,84.195,81.01,83.27,1072376,0.0
2018-02-12,82.48,82.96,81.21,81.57,809159,0.0
2018-02-13,80.98,84.79,80.98,84.54,1067642,0.0
2018-02-14,85.02,85.6,83.87,85.11,472622,0.0
2018-02-15,85.3,85.97,84.35,85,365765,0.0
2018-02-19,81.77,85.034,81.77,83.86,441384,0.0
2018-02-20,84.29,85.3335,84.07,84.2,549376,0.0
2018-02-21,84.58,84.83,83.4,84,1077666,0.0
2018-02-22,85.22,86.31,81.2,83.04,1761586,0.0
2018-02-25,83.47,84.66,82.64,84.05,534505,0.0
2018-02-26,83.84,85.395,82.95,83.02,666741,0.0
2018-02-27,82.96,83.18,81.15,81.18,724149,0.0
2018-02-28,81.29,81.88,77.045,77.65,2194867,0.0
2018-03-01,77.32,80.36,77.3,79.85,1380864,0.0
2018-03-04,79.04,80.96,78.5,80.81,687368,0.0
2018-03-05,81.2,82.62,80.63,82.37,774457,0.0
2018-03-06,81.61,83.65,81,82.98,809090,0.0
2018-03-07,82.8,83.413,81.39,81.86,613793,0.0
2018-03-08,82.39,83.94,81.81,83.81,1035592,0.0
2018-03-11,83.61,85.6,82.4603,85.48,717164,0.0
2018-03-12,85.61,86.47,85.32,86.15,1180055,0.0
2018-03-13,86.67,86.74,84.48,85.96,646535,0.0
2018-03-14,86.06,86.06,83.29,83.56,1090046,0.0
2018-03-15,83.88,84.18,82.7,84.12,970261,0.0
2018-03-18,83.54,84.18,82.69,83.82,1471164,0.0
2018-03-19,83.82,84.42,83.05,84.26,581721,0.0
2018-03-20,83.9,86.55,83.58,86.09,1091750,0.0
2018-03-21,84.94,85.73,81.28,81.36,840644,0.0
2018-03-22,81.35,81.93,78.66,78.84,1184240,0.0
2018-03-25,80.29,80.62,77.285,80.29,1173962,0.0
2018-03-26,80.72,80.89,77.58,78.04,808739,0.0
2018-03-27,78.19,80.1,77.29,79.61,830172,0.0
2018-03-28,79.69,81.6333,79.24,81.07,774806,0.0
2018-04-01,80.12,80.42,76.67,77.3,1022275,0.0
2018-04-02,77.93,78.24,76.27,77.41,712158,0.0
2018-04-03,76.44,79.29,76.35,79.15,573495,0.0
2018-04-04,80.05,80.05,78.68,78.7,559793,0.0
2018-04-05,77.96,78.72,75.81,76.02,893707,0.0
2018-04-08,77.53,79.78,76.77,78.64,1001700,0.0
2018-04-09,79.45,80.68,78.7263,79.82,867403,0.0
2018-04-10,79.2,80.405,79.2,79.48,527538,0.0
2018-04-11,79.85,84.31,78.99,83.88,1661359,0.0
2018-04-12,84.59,84.59,81.97,83.59,1156410,0.0
2018-04-15,84.28,84.31,82.29,82.71,592459,0.0
2018-04-16,83.25,85.395,82.78,84.45,746328,0.0
2018-04-17,84.49,84.91,84.04,84.42,800696,0.0
2018-04-18,84.06,85.82,82.96,83.62,1020764,0.0
2018-04-19,83.54,84.49,81.1,82.32,1732574,0.0
2018-04-22,82.15,83.07,81.63,82.1,553172,0.0
2018-04-23,82.91,83.49,80.9,81.15,607806,0.0
2018-04-24,81.02,82.16,80.305,81.53,771155,0.0
2018-04-25,81.92,84.43,80.03,82.51,1349837,0.0
2018-04-26,82.47,84.7,82.3,84.31,935292,0.0
2018-04-29,84.71,85.98,83.24,83.51,1254704,0.0
2018-04-30,83.47,86.3,83.185,86.19,1095683,0.0
2018-05-01,85.69,85.73,82.31,82.36,1277321,0.0
2018-05-02,82.02,83.15,81.52,82.31,583451,0.0
2018-05-03,82.4,85.97,82.3,85.37,1141822,0.0
2018-05-06,85.96,87.22,85.4242,86.98,982651,0.0
2018-05-07,86.65,87.33,86.33,86.82,693518,0.0
2018-05-08,86.76,88.72,86.02,88.44,793315,0.0
2018-05-09,89.15,90.24,88.935,89.39,1966770,0.0
2018-05-10,89.43,89.97,87.55,88.41,1484885,0.0
2018-05-13,88.69,89.9705,88.26,89.54,919120,0.0
2018-05-14,88.77,88.79,87.63,88.69,566498,0.0
2018-05-15,89.13,89.98,88.57,89.54,442765,0.0
2018-05-16,89.04,89.285,87.61,88.44,415735,0.0
2018-05-17,88.83,89.42,87.28,88.87,518725,0.0
2018-05-20,89.06,90.85,88.92,89.37,620237,0.0
2018-05-21,87,88.18,84.02,87.62,3098677,0.0
2018-05-22,86.94,89.89,86.7,88.47,885869,0.0
2018-05-23,88.99,89.9,88.165,88.28,764031,0.0
2018-05-24,90.6,92.87,90.27,92.5,2893537,0.0
2018-05-28,91.68,91.93,89.935,90.54,859023,0.0
2018-05-29,90.88,91.07,89.47,90.6,996015,0.0
2018-05-30,90.6,91.2,89.83,90.36,598496,0.0
2018-05-31,90.68,92.79,89.9,91.92,1015309,0.0
2018-06-03,91.8,92.27,90.54,92.08,384611,0.0
2018-06-04,92.21,92.88,90.69,92.14,497752,0.0
2018-06-05,92.35,92.7,91.6201,92.25,761069,0.0
2018-06-06,92.8,92.86,90.29,91.01,602371,0.0
2018-06-07,90.51,91.06,89.87,90.62,571865,0.0
2018-06-10,90.4,90.83,89.72,89.78,667653,0.0
2018-06-11,89.79,90.843,89.355,90,735251,0.0
2018-06-12,90.33,90.39,88.53,88.95,601540,0.0
2018-06-13,89.5,90.245,88.2,89.99,935697,0.0
2018-06-14,90.43,98.8,90,97.6,3311029,0.0
2018-06-17,95.2,97.42,94.35,95.58,1074809,0.0
2018-06-18,95,96.86,94.3,95.65,1154813,0.0
2018-06-19,95.94,98.57,95.08,98.33,976380,0.0
2018-06-20,98.2,98.8,96.08,98.44,773992,0.0
2018-06-21,98.44,99.76,98.03,99.03,979206,0.0
2018-06-24,97.97,97.97,93.43,94.88,1140364,0.0
2018-06-25,95.19,95.95,93.04,93.76,830885,0.0
2018-06-26,93.52,94.49,91.61,91.72,953383,0.0
2018-06-27,91.59,91.925,90.19,91.17,1083233,0.0
2018-06-28,91.9,94.68,91.82,94.21,826154,0.0
2018-07-01,93.41,94.39,92.77,93.89,485191,0.0
2018-07-02,94.34,95.21,93.93,94.45,245568,0.0
2018-07-04,94.65,95.53,93.97,95.51,464159,0.0
2018-07-05,95.75,98.28,95.61,98.25,660753,0.0
2018-07-08,97.56,99.66,97.56,99.55,1185359,0.0
2018-07-09,100,100.16,98.62,99.37,744766,0.0
2018-07-10,98.04,100.69,97.23,100.1,884644,0.0
2018-07-11,101,103.53,100.775,103.31,1320827,0.0
2018-07-12,101.56,103.96,101.56,103.61,1082831,0.0
2018-07-15,104,104,101.87,102.76,552203,0.0
2018-07-16,102.26,104.46,102.22,103.93,606803,0.0
2018-07-17,103.78,104.38,102.4,102.66,671710,0.0
2018-07-18,102.88,103.23,100.65,102.87,532372,0.0
2018-07-19,103.01,103.0627,101.33,101.9,712390,0.0
2018-07-22,101.69,102.65,101.02,101.66,746362,0.0
2018-07-23,102.47,103.48,100.65,101,816536,0.0
2018-07-24,101.31,102.25,100.98,102.18,1141239,0.0
2018-07-25,101.86,102.75,100.83,102.32,874169,0.0
2018-07-26,102.24,102.2427,99.055,100.03,900192,0.0
2018-07-29,99.99,100.26,98.33,99.39,788336,0.0
2018-07-30,99.99,101.31,99.425,100.55,845082,0.0
2018-07-31,99.92,101.46,98.74,100.96,640329,0.0
2018-08-01,100.16,102.37,99.85,102.08,1153328,0.0
2018-08-02,103.76,104,98.7098,99.5,1121737,0.0
2018-08-05,99.61,99.87,97.04,97.96,756200,0.0
2018-08-06,103.15,106.2,101.74,105.73,2853234,0.0
2018-08-07,105.48,105.54,103.26,103.33,1190362,0.0
2018-08-08,102.81,103.54,101.07,102.03,757767,0.0
2018-08-09,101.32,102.415,100.24,101.5,603157,0.0
2018-08-12,101.42,103.08,101.42,102.71,725573,0.0
2018-08-13,103.22,103.81,102.44,103.08,562601,0.0
2018-08-14,102.28,103.15,101.33,101.8,568490,0.0
2018-08-15,102.31,102.5,99.985,100.31,1019728,0.0
2018-08-16,99.99,101.595,99.321,100.94,1264072,0.0
2018-08-19,101.22,101.32,98.82,99.03,765357,0.0
2018-08-20,99.58,100.305,99.055,99.74,893098,0.0
2018-08-21,99.61,101.94,99.32,101.56,479932,0.0
2018-08-22,101.24,101.3,98.89,99.1,709896,0.0
2018-08-23,99,99.16,97.55,98.76,608905,0.0
2018-08-26,99.34,100.73,97.26,100.01,758747,0.0
2018-08-27,99.9,100.4,97.5443,98.92,537748,0.0
2018-08-28,99.1,100.1,98.34,99.945,741833,0.0
2018-08-29,99.71,100.135,99.06,99.25,590022,0.0
2018-08-30,99.06,100.1,99,99.99,438198,0.0
2018-09-03,98.16,98.909,95.16,95.81,1466524,0.0
2018-09-04,96.34,97.34,95.68,96.62,996710,0.0
2018-09-05,96.93,97.99,95.73,96.1,1064355,0.0
2018-09-06,96.08,98.48,95.53,98.04,881713,0.0
2018-09-09,98.39,98.39,97.06,97.51,723728,0.0
2018-09-10,97.28,98.05,96.42,96.71,483005,0.0
2018-09-11,96.54,98.88,96.18,98.57,1289641,0.0
2018-09-12,98.8,100.2,98.59,99.56,750394,0.0
2018-09-13,100,100,98.25,99.41,1215582,0.0
2018-09-16,99.21,99.21,97.77,98.15,1034129,0.0
2018-09-17,97.95,99.91,97.73,99.56,1138751,0.0
2018-09-18,99.175,100.66,98.85,99.77,645504,0.0
2018-09-19,100.56,101.44,100.01,100.4,1094391,0.0
2018-09-20,100.24,100.84,96.79,97.84,1650824,0.0
2018-09-23,97.3,97.79,96.02,97.63,1098044,0.0
2018-09-24,97.68,97.95,96.0201,96.27,1022537,0.0
2018-09-25,96.39,99.35,96.39,98.06,1081751,0.0
2018-09-26,97.93,98.89,96.7324,97.97,1527064,0.0
2018-09-27,97.97,98.95,96.85,96.97,1227982,0.0
2018-09-30,98.13,99.76,97.27,98.62,1039175,0.0
2018-10-01,98.79,99.66,98.46,99,941355,0.0
2018-10-02,98.715,100.24,98.715,99.68,1033060,0.0
2018-10-03,99.84,100.12,97.98,98.75,1351655,0.0
2018-10-04,99.905,102.59,99.27,101.09,1528965,0.0
2018-10-07,101.18,102.31,100.54,101.33,1087868,0.0
2018-10-08,101.11,104.98,101.11,104.24,1358825,0.0
2018-10-09,103.34,104.74,98.25,98.46,1733748,0.0
2018-10-10,97.56,99.21,96.1,97.3,1482786,0.0
2018-10-11,99.07,99.87,97.12,99.52,568564,0.0
2018-10-14,99.4,100.8898,98.54,99.46,680524,0.0
2018-10-15,100.09,106.16,100,106.01,1165691,0.0
2018-10-16,106.09,106.74,104.15,106.07,1256225,0.0
2018-10-17,105.55,106.7,103.37,103.82,1129916,0.0
2018-10-18,104.68,105.45,102.41,103.22,618993,0.0
2018-10-21,103.55,104.47,101.66,103.53,746388,0.0
2018-10-22,102.27,103.11,98.75,100.24,1291623,0.0
2018-10-23,100.45,101.12,92.77,92.79,1550691,0.0
2018-10-24,93.09,97.48,92.175,96.47,1271687,0.0
2018-10-25,90,99.98,90,97.42,1995490,0.0
2018-10-28,99,99.09,92.08,93.79,1134565,0.0
2018-10-29,93.41,94.74,90.38,92.02,1164548,0.0
2018-10-30,92.79,93.88,92.07,92.1,765306,0.0
2018-10-31,92.55,98.16,92.17,97.45,1016661,0.0
2018-11-01,97.88,99.49,96.47,97.9,694787,0.0
2018-11-04,98.68,98.87,95.55,97.75,476823,0.0
2018-11-05,97.43,98.845,95.59,96.56,680837,0.0
2018-11-06,97.06,99.15,95.59,99.07,964642,0.0
2018-11-07,99.01,101.72,98.33,98.54,504613,0.0
2018-11-08,98.13,99.74,94.97,95.68,616931,0.0
2018-11-11,95.36,95.55,92.18,93.07,503752,0.0
2018-11-12,93.78,95.5,92.78,93.51,616308,0.0
2018-11-13,94.02,94.83,90.865,91.75,885162,0.0
2018-11-14,91.11,94.75,90.25,94.75,805799,0.0
2018-11-15,93.95,96.67,92.8,95.68,644871,0.0
2018-11-18,95.59,96.07,92.37,93.71,633580,0.0
2018-11-19,93.26,93.76,90.99,91.47,569671,0.0
2018-11-20,92.29,94.88,91.94,93.56,455372,0.0
2018-11-22,92.51,96.04,92.47,93.74,229844,0.0
2018-11-25,94.75,97.2,94.54,97.04,710499,0.0
2018-11-26,96.33,97.07,94.38,96.39,392611,0.0
2018-11-27,96.07,98.99,95,98.71,660930,0.0
2018-11-28,97.92,98.76,96.38,96.75,549354,0.0
2018-11-29,96.92,97.11,94.2,96.04,786230,0.0
2018-12-02,96.61,99.89,96.42,97.86,984155,0.0
2018-12-03,97.34,98.86,93.4,93.73,889309,0.0
2018-12-05,92.3,96.67,91.57,95.54,908910,0.0
2018-12-06,94.44,96.12,91.58,92.69,597467,0.0
2018-12-09,93,94.07,91.57,93.85,801208,0.0
2018-12-10,94.83,95.33,91.88,92.11,536502,0.0
2018-12-11,93.12,97.62,92.639,94.5,941723,0.0
2018-12-12,94.94,95.43,92.87,93.98,556232,0.0
2018-12-13,92.64,94.6,92.49,93.16,716199,0.0
2018-12-16,92.64,95.7,91.01,92.45,740646,0.0
2018-12-17,92.85,93.24,88.12,89.58,883154,0.0
2018-12-18,89.85,90.75,85.24,85.77,805781,0.0
2018-12-19,86.03,87.6,83.255,85.82,1170658,0.0
2018-12-20,85.97,86.9589,80.53,80.88,1724100,0.0
2018-12-23,80.5,81.97,80.06,80.06,742599,0.0
2018-12-25,80.5,83.8,79.13,83.8,1023953,0.0
2018-12-26,82.53,84.05,80.52,84,707447,0.0
2018-12-27,84.04,85.43,82.02,83.51,790258,0.0
2018-12-30,83.89,85.5,83.02,84.6,539312,0.0
2019-01-01,82.1,85.36,82.0112,84.83,505663,0.0
2019-01-02,86.11,86.99,83.87,84.43,778844,0.0
2019-01-03,85.45,88.23,85.04,87.237,1054924,0.0
2019-01-06,87.58,91.91,87.07,90.24,1216095,0.0
2019-01-07,90.95,92.81,89.21,92.33,737833,0.0
2019-01-08,92.38,92.58,90.27,90.84,793764,0.0
2019-01-09,90.55,94.35,90,93.955,817767,0.0
2019-01-10,93.82,95.11,93.09,94.5,491885,0.0
2019-01-13,93.79,94.4,93,93.345,593827,0.0
2019-01-14,93.24,96.2781,92.65,94.76,663925,0.0
2019-01-15,94.84,97.6,94.84,95.68,452082,0.0
2019-01-16,95.24,98.53,95.24,97.61,604215,0.0
2019-01-17,98.3,98.52,95.64,97.55,991044,0.0
2019-01-21,96.82,97.71,95.11,95.39,1225194,0.0
2019-01-22,95.6,96.42,92.33,93.55,870642,0.0
2019-01-23,93.68,94.155,92.64,92.68,743825,0.0
2019-01-24,93,95.32,92.5,95.3,1110321,0.0
2019-01-27,94.37,94.878,91.5,93.215,593735,0.0
2019-01-28,93.55,94.31,92.335,94.17,453688,0.0
2019-01-29,94.23,97.14,93.53,96.95,576411,0.0
2019-01-30,97.19,98.75,96.92,98.16,470904,0.0
2019-01-31,98,98.77,97.22,98.625,712406,0.0
2019-02-03,98.35,98.81,97.29,98.25,314247,0.0
2019-02-04,98.63,100.13,97.28,97.66,642511,0.0
2019-02-05,97.7,97.94,95.61,95.92,603056,0.0
2019-02-06,95.53,95.8446,92.95,93.7,624787,0.0
2019-02-07,93.23,94.69,93.01,94.1,396487,0.0
2019-02-10,94.35,94.69,92.06,92.555,652390,0.0
2019-02-11,93.47,95.37,93.35,95.13,569920,0.0
2019-02-12,95.71,96.85,94.74,95.11,521275,0.0
2019-02-13,95.2,95.72,92.79,93.47,762683,0.0
2019-02-14,94.18,94.6,93.215,93.98,940000,0.0
2019-02-18,93.78,94.49,91.73,91.78,753372,0.0
2019-02-19,92,92.79,89.08,90.67,1136796,0.0
2019-02-20,90.12,91.3299,88.515,88.81,890741,0.0
2019-02-21,86.14,89.3,84.01,87.87,2256567,0.0
2019-02-24,93.22,95,90.94,91.38,2387778,0.0
2019-02-25,91.29,93.46,91,92.16,767647,0.0
2019-02-26,91.78,94.24,91.5,93.78,792728,0.0
2019-02-27,93.45,94.39,92.5,93.26,727587,0.0
2019-02-28,93.85,94.78,93.5,94.76,708747,0.0
2019-03-03,95,96.2,91.83,93.16,732452,0.0
2019-03-04,93.14,94.61,92.05,92.64,584149,0.0
2019-03-05,92.51,92.51,90.5,91.04,816421,0.0
2019-03-06,90.78,92.149,89.21,91.32,659650,0.0
2019-03-07,90.44,91.38,89.6,89.99,603791,0.0
2019-03-10,89.71,91.41,88.7,91.28,445234,0.0
2019-03-11,91.66,94.02,91.21,93.03,588336,0.0
2019-03-12,94.05,95.32,93.08,95.16,708958,0.0
2019-03-13,95.26,95.85,94.42,94.51,637676,0.0
2019-03-14,94.42,94.79,93.12,94.52,621556,0.0
2019-03-17,94.09,94.64,92.91,93.37,554858,0.0
2019-03-18,93.92,93.92,91.14,91.45,984245,0.0
2019-03-19,91.42,91.815,89.755,89.96,795682,0.0
2019-03-20,89.48,91.2,88.81,90.78,981706,0.0
2019-03-21,90.25,90.83,87.965,88.08,845372,0.0
2019-03-24,87.86,88.73,86.62,88.56,1077940,0.0
2019-03-25,89.31,89.95,88.61,89.65,880570,0.0
2019-03-26,89.76,90,87.22,87.95,578111,0.0
2019-03-27,88.03,89.27,87.2,87.78,788541,0.0
2019-03-28,88.72,89.21,87.82,88.83,723767,0.0
2019-03-31,89,90.22,88.92,89.44,366863,0.0
2019-04-01,89.43,91.83,87.83,91.23,1248325,0.0
2019-04-02,91.83,92.42,91.04,91.96,1110929,0.0
2019-04-03,92.18,93.915,91.84,92.39,719064,0.0
2019-04-04,93.03,94,92.71,93.97,626513,0.0
2019-04-07,93.76,93.76,90.74,92.37,452359,0.0
2019-04-08,91.98,92.9,91.18,91.28,460958,0.0
2019-04-09,91.7,92.82,90.85,92.27,526945,0.0
2019-04-10,92.29,93.21,88.69,88.88,721233,0.0
2019-04-11,89.12,89.965,88.735,89.92,612242,0.0
2019-04-14,90.1,92,89.6504,91.89,1109567,0.0
2019-04-15,92.26,92.8086,88.17,88.53,1048374,0.0
2019-04-16,88.51,88.62,81.81,82.37,2901875,0.0
2019-04-17,83.46,84.47,81.22,83.24,1702908,0.0
2019-04-21,82.93,84.71,82.725,83.64,881801,0.0
2019-04-22,83.58,87.19,83.58,85.95,1199977,0.0
2019-04-23,86.16,86.16,84.57,85.48,808173,0.0
2019-04-24,85.25,85.49,84,85.4,1047456,0.0
2019-04-25,84.98,85.5,82,85.09,1953383,0.0
2019-04-28,84.98,86.39,84.595,85.74,1145501,0.0
2019-04-29,85.98,86.21,83.59,85.47,959014,0.0
2019-04-30,85.62,86.92,84.07,84.18,1424313,0.0
2019-05-01,84.17,85.45,82.8945,83.36,1076295,0.0
2019-05-02,83.83,84.57,82.9,84.12,801092,0.0
2019-05-05,82.55,84.21,82.32,83.52,1042291,0.0
2019-05-06,82.49,82.98,81.05,81.91,1586945,0.0
2019-05-07,82.5,82.99,81.595,82.72,1105724,0.0
2019-05-08,82.1,83.55,81.35,83.35,930327,0.0
2019-05-09,82.92,83.045,81.31,82.43,1181416,0.0
2019-05-12,81.01,81.76,79.79,80.34,884852,0.0
2019-05-13,80.63,81.91,79.87,81.05,544184,0.0
2019-05-14,80.71,87.4,80.5,87.21,2524248,0.0
2019-05-15,87.76,90.605,87.75,89.71,2677593,0.0
2019-05-16,89.23,90.36,88,88.68,1395970,0.0
2019-05-19,87.89,87.89,86.2,86.71,839388,0.0
2019-05-20,87.28,88.58,86.715,87.47,767457,0.0
2019-05-21,87.2,88.28,86.21,87.71,1044333,0.0
2019-05-22,86.99,87.59,86.41,86.96,803226,0.0
2019-05-23,87.55,89.33,87.4527,89.07,928462,0.0
2019-05-27,89.84,89.84,84.12,84.5,4190039,0.0
2019-05-28,83.78,84.36,82.55,82.99,1893812,0.0
2019-05-29,83.04,84.17,82.71,83.39,1389294,0.0
2019-05-30,82.74,83.85,82.13,82.23,1081297,0.0
2019-06-02,82.5,83.87,81.7625,82.11,1280908,0.0
2019-06-03,82.74,84.005,81.6973,83.76,1304471,0.0
2019-06-04,84.06,84.38,83.04,83.59,1180739,0.0
2019-06-05,83.45,83.74,80.2,80.51,1612968,0.0
2019-06-06,81.1,81.3,79.83,80.65,2873995,0.0
2019-06-09,81.09,81.98,80.6,81.16,1399196,0.0
2019-06-10,81.42,81.86,80.08,81.06,1098695,0.0
2019-06-11,81.08,82.96,80.97,82.3,830541,0.0
2019-06-12,82.59,83.15,81.93,82.43,1460368,0.0
2019-06-13,82.12,83.03,80.54,80.89,1364507,0.0
2019-06-16,81.08,84.81,80.92,84.17,1163268,0.0
2019-06-17,85,86.63,84.368,85.51,784020,0.0
2019-06-18,85.39,86.42,84.58,84.98,595712,0.0
2019-06-19,85.89,87.83,85.49,86.29,852900,0.0
2019-06-20,86.11,88.09,85,87.92,1031015,0.0
2019-06-23,87.71,87.755,85.29,85.89,700492,0.0
2019-06-24,85.68,86.31,83.65,83.82,1033669,0.0
2019-06-25,83.74,84.0085,82.43,82.95,748979,0.0
2019-06-26,83.05,84.155,81.67,84.04,1002995,0.0
2019-06-27,84.12,85.92,84.05,85.66,1059418,0.0
2019-06-30,86.99,86.99,84.04,84.14,1081908,0.0
2019-07-01,84.15,84.49,83.66,84.1,771577,0.0
2019-07-02,84.06,84.8,83.9,84.08,449333,0.0
2019-07-04,83.66,83.94,81.66,81.99,905327,0.0
2019-07-07,81.63,82.04,79.41,80.39,1809326,0.0
2019-07-08,80.34,83.26,80.0652,83.16,1692844,0.0
2019-07-09,83.51,85.79,83.51,85.1,1166646,0.0
2019-07-10,84.92,85.24,81.165,82.66,912792,0.0
2019-07-11,82.94,84.04,82.2,82.97,688239,0.0
2019-07-14,83.23,84.02,82.66,84.02,386325,0.0
2019-07-15,84.14,84.14,82.14,82.36,503419,0.0
2019-07-16,82.26,83.39,81.37,82.48,606114,0.0
2019-07-17,82.16,83.55,82.16,83.19,624400,0.0
2019-07-18,83.71,83.71,81.39,81.57,751190,0.0
2019-07-21,81.93,82.49,80.99,81.57,625655,0.0
2019-07-22,81.66,82.01,80.5,80.61,551913,0.0
2019-07-23,80.61,81.64,80.29,81.11,576462,0.0
2019-07-24,81.1,81.135,80.34,80.65,624927,0.0
2019-07-25,81.05,81.43,80.25,81.05,705721,0.0
2019-07-28,81.13,81.67,79.53,79.84,939969,0.0
2019-07-29,79.55,81.655,78.81,80.94,729513,0.0
2019-07-30,80.82,81.38,78.77,79.27,1268372,0.0
2019-07-31,79.43,81.73,79.32,81,1281699,0.0
2019-08-01,78,80.86,76.006,77.84,1563483,0.0
2019-08-04,76.2,77.06,75.11,76.07,1490216,0.0
2019-08-05,76.69,77.68,74.83,76,728613,0.0
2019-08-06,75.31,77.12,75.01,76.73,667543,0.0
2019-08-07,77.03,77.77,76.08,76.92,631549,0.0
2019-08-08,75.805,77.16,75.24,77.02,804568,0.0
2019-08-11,76.44,77.0703,73.15,73.55,1949089,0.0
2019-08-12,72.715,74.97,72.715,73.47,1003366,0.0
2019-08-13,72.69,73.07,71.67,71.78,1127548,0.0
2019-08-14,71.78,73.045,71.53,71.73,2022435,0.0
2019-08-15,72.51,76.68,72.13,76.59,1579385,0.0
2019-08-18,77.41,77.83,75.94,77.35,830236,0.0
2019-08-19,77.11,77.319,75.75,76.56,996723,0.0
2019-08-20,77.07,78.74,76.26,78.24,1189141,0.0
2019-08-21,78.47,78.47,76.8372,77.4,798791,0.0
2019-08-22,77.28,77.47,75.49,75.77,1010118,0.0
2019-08-25,76.52,77,75.15,75.58,654953,0.0
2019-08-26,76.06,76.52,74.03,74.69,513143,0.0
2019-08-27,74.29,74.985,73.46,73.64,619328,0.0
2019-08-28,74.38,75.31,73.94,74.61,620750,0.0
2019-08-29,74.75,75.23,74.58,75.06,409183,0.0
2019-09-02,74.77,75,72.76,73.31,995501,0.0
2019-09-03,73.87,74.49,71.87,72.75,820827,0.0
2019-09-04,73.39,74.1,72.75,73.07,522534,0.0
2019-09-05,73.23,73.23,71.97,72.11,610435,0.0
2019-09-08,72.22,72.58,71.195,71.93,686248,0.0
2019-09-09,71.52,74.32,70.82,73.6,1087210,0.0
2019-09-10,74.67,74.76,71.88,72.36,1395830,0.0
2019-09-11,72.53,73.24,71.64,72.8,995860,0.0
2019-09-12,73.33,74.49,72.28,72.72,960964,0.0
2019-09-15,72.29,74.41,72.01,74.195,737864,0.0
2019-09-16,74.47,75.19,72.7,75,867396,0.0
2019-09-17,74.93,76.26,74.22,75.5,1895935,0.0
2019-09-18,75.34,76.06,74.29,76,845870,0.0
2019-09-19,75.86,77.105,74.415,74.93,1143958,0.0
2019-09-22,74.91,75,73.53,73.54,540877,0.0
2019-09-23,73.85,73.85,71.74,72.14,1238139,0.0
2019-09-24,72.08,72.74,71.18,71.78,1072046,0.0
2019-09-25,71.63,72.16,70.24,71.22,1211053,0.0
2019-09-26,71.4,71.66,67.98,68.36,1887249,0.0
2019-09-29,68.85,68.85,67.24,67.4,1462491,0.0
2019-09-30,67.4,67.74,64.37,64.77,2089151,0.0
2019-10-01,64.44,64.9,62.88,64.28,1285925,0.0
2019-10-02,64.2,65.52,63.08,64.85,1888519,0.0
2019-10-03,65.34,66.14,64.81,65.9,2314666,0.0
2019-10-06,65.49,66.29,64.6,65.84,2822473,0.0
2019-10-07,65.65,66.42,64.73,64.81,1956304,0.0
2019-10-08,64.92,65.57,64.64,65.01,1788122,0.0
2019-10-09,65.05,66.63,64.75,66.51,1776889,0.0
2019-10-10,67.38,68.21,67.01,67.4,2014946,0.0
2019-10-13,67.24,67.97,66.8,67.21,1589589,0.0
2019-10-14,67.24,69.25,67.24,68.51,1976983,0.0
2019-10-15,68.35,69.03,67.88,67.95,1368930,0.0
2019-10-16,69.9,69.9,67.81,67.89,2181608,0.0
2019-10-17,68.05,70.21,67.74,69.12,2901936,0.0
2019-10-20,68.81,69.58,68.236,68.42,1158374,0.0
2019-10-21,68.94,69.57,67.51,67.73,1470249,0.0
2019-10-22,67.51,70.36,67.1,69.1,2878857,0.0
2019-10-23,71.07,71.54,68.25,69.45,2121427,0.0
2019-10-24,69.55,71.5,69.17,71.18,1509629,0.0
2019-10-27,71.23,72.4,70.78,72.16,939733,0.0
2019-10-28,72.37,74.68,72.2,74.28,2185650,0.0
2019-10-29,73.83,74.2168,73.25,73.61,833649,0.0
2019-10-30,73.72,74.9727,72.34,73.22,845122,0.0
2019-10-31,74,74,73.01,73.64,834494,0.0
2019-11-03,74.33,74.33,73.08,73.53,719109,0.0
2019-11-04,73.44,74.8,72.99,74.67,950300,0.0
2019-11-05,74.9,75.38,73.7,74.85,1799140,0.0
2019-11-06,75.44,76.13,74.8007,75.42,1346982,0.0
2019-11-07,75.23,76.69,74.805,75.9,674091,0.0
2019-11-10,75.38,76.42,74.9,75.34,1235214,0.0
2019-11-11,76,76.86,75.5,75.88,2004265,0.0
2019-11-12,75.52,76.4,74.6,76.14,2214354,0.0
2019-11-13,76.03,76.5,74.87,75.56,2427612,0.0
2019-11-14,76,76,74.39,75.06,1918688,0.0
2019-11-17,74.81,76.005,74.795,75.2,1623416,0.0
2019-11-18,75.36,77.84,75.36,77.76,1829890,0.0
2019-11-19,77.61,79.18,77.03,77.42,1551128,0.0
2019-11-20,77.28,77.365,76.21,77.07,1596976,0.0
2019-11-21,77.6,78.28,76.42,77.74,1461317,0.0
2019-11-24,78.29,79.89,78.0389,79.87,1488888,0.0
2019-11-25,79.66,79.9994,78.195,78.56,1255142,0.0
2019-11-26,80,81.28,79.5,80.35,1526865,0.0
2019-11-28,80.06,81.415,79.8052,80.71,670528,0.0
2019-12-01,80.87,81.35,79.64,79.85,844840,0.0
2019-12-02,80.27,80.57,79.21,80.24,1044010,0.0
2019-12-03,80.92,81.87,80.39,81.28,942391,0.0
2019-12-04,81.3,81.8618,79.88,80.08,932730,0.0
2019-12-05,80.72,80.99,79.62,79.92,996095,0.0
2019-12-08,80,80.35,78.865,78.9,956697,0.0
2019-12-09,78.85,79.75,78.5,79.43,1189261,0.0
2019-12-10,79.53,79.8,78.42,78.78,925370,0.0
2019-12-11,78.63,80.98,78.3838,80.84,1313967,0.0
2019-12-12,81.03,81.915,79.81,80.15,1059973,0.0
2019-12-15,83.01,83.93,81.55,83.47,2924153,0.0
2019-12-16,83.36,83.77,82.59,83.38,1622442,0.0
2019-12-17,83.13,85,83.13,84.79,1451432,0.0
2019-12-18,84.61,85.12,83.92,84.99,946502,0.0
2019-12-19,85.45,85.49,84.01,84.73,1182366,0.0
2019-12-22,85.3,86.48,84.92,85.99,901816,0.0
2019-12-23,86.11,86.4753,85.61,86.3,318211,0.0
2019-12-25,86.43,86.5,85.73,86.31,500990,0.0
2019-12-26,86.16,86.5,85.1,85.6,598471,0.0
2019-12-29,85.55,85.785,84.19,84.63,669931,0.0
2019-12-30,84.58,84.65,83.8,84.57,661232,0.0
2020-01-01,85,85.16,83.41,83.991,982868,0.0
2020-01-02,83.52,84.37,82.825,84.01,745123,0.0
2020-01-05,83.5,84.66,83.285,84.59,925070,0.0
2020-01-06,84.46,84.96,83.565,84.21,887520,0.0
2020-01-07,84.92,84.92,83.75,84.74,779719,0.0
2020-01-08,85.28,90.29,84.63,89.59,2750149,0.0
2020-01-09,89.46,93.14,89.38,91.09,2357333,0.0
2020-01-12,89.8,90.25,87.59,88.26,1757545,0.0
2020-01-13,87.95,89.42,86.59,89.03,808230,0.0
2020-01-14,88.5,89.72,88,88.87,819039,0.0
2020-01-15,89.62,89.915,88.71,89.13,992229,0.0
2020-01-16,89.47,89.6,87.88,88.245,1479638,0.0
2020-01-20,88.05,88.73,87.3,87.54,2265717,0.0
2020-01-21,88.01,88.69,87.19,87.59,2031385,0.0
2020-01-22,87.95,88.1693,85.62,85.62,1870884,0.0
2020-01-23,87.22,88.88,85.42,86.16,2219618,0.0
2020-01-26,84.9,85.86,84.15,84.62,1088103,0.0
2020-01-27,84.85,86.39,84.37,85.89,876264,0.0
2020-01-28,86.61,87.08,86.09,86.35,891520,0.0
2020-01-29,85.43,86.38,83.68,85.19,957154,0.0
2020-01-30,84.6,84.6,81.78,83.49,1213183,0.0
2020-02-02,83.46,84.71,83.3,84.02,670957,0.0
2020-02-03,85.24,86.48,85.24,86.07,895838,0.0
2020-02-04,87.69,89.61,87.48,89,1749460,0.0
2020-02-05,89.89,89.89,88.1,88.81,905987,0.0
2020-02-06,88.76,88.76,86.35,86.51,1129306,0.0
2020-02-09,86.3,87.81,86.3,87.62,475180,0.0
2020-02-10,88.21,88.83,87.69,88.12,666472,0.0
2020-02-11,88.24,89.295,87.91,89.2,692431,0.0
2020-02-12,88.95,89,88.18,88.23,451431,0.0
2020-02-13,88.31,89.1,87.275,89.01,638744,0.0
2020-02-17,88.46,89.11,87.99,88.95,609550,0.0
2020-02-18,89.19,90,88.91,89.87,578897,0.0
2020-02-19,89.81,89.94,88.38,89.66,696456,0.0
2020-02-20,89.9,95.64,89.25,95.2,2940167,0.0
2020-02-23,92.57,93.81,90.71,93,1995541,0.0
2020-02-24,93.75,93.75,89.7,91,1689911,0.0
2020-02-25,92.42,93.09,90.52,91.33,1633690,0.0
2020-02-26,89.04,94.8,88.41,89.72,2444515,0.0
2020-02-27,87.02,90.79,87,90.51,1948119,0.0
2020-03-01,91.15,94.54,90.16,94.41,1782785,0.0
2020-03-02,94.39,95.9,90.71,92.61,1488555,0.0
2020-03-03,94.34,96.94,93.21,96.85,1436519,0.0
2020-03-04,94.31,97.1,93.3898,95.97,1375451,0.0
2020-03-05,93.63,95.23,92.295,94.27,1585987,0.0
2020-03-08,90,90.3,84.79,84.93,3943236,0.0
2020-03-09,86.48,89.55,85.84,89.28,1796834,0.0
2020-03-10,87.95,89.72,85.82,86.9,1685988,0.0
2020-03-11,82.01,83.76,76.71,76.72,3033518,0.0
2020-03-12,80,84.99,77.28,84.5,2277475,0.0
2020-03-15,76.52,80,73.81,73.81,2310845,0.0
2020-03-16,75.39,79.08,73.02,77.2,4219432,0.0
2020-03-17,71.6,80.67,69.5,72.39,2011791,0.0
2020-03-18,71.89,76.92,71.1201,74.28,1616395,0.0
2020-03-19,74.14,77.83,72.16,73.06,1612513,0.0
2020-03-22,73.93,73.93,68.25,71.37,1369203,0.0
2020-03-23,74.36,80,74.32,79.89,1740856,0.0
2020-03-24,78.47,82.91,77.27,80.41,1321192,0.0
2020-03-25,79.75,83.04,79.03,82.64,1241481,0.0
2020-03-26,80.52,81.15,77.165,79.65,1154642,0.0
2020-03-29,80.99,82.82,79.69,82.49,1315878,0.0
2020-03-30,82.15,85.57,80.68,84.5,1529691,0.0
2020-03-31,82,85.99,82,83.6,1432107,0.0
2020-04-01,82.83,86.13,82.11,86.05,1944948,0.0
2020-04-02,85.11,87.25,83.02,84.37,1022442,0.0
2020-04-05,86.75,86.8107,81.6003,82.77,1570219,0.0
2020-04-06,83.51,84.48,79.145,79.83,1344863,0.0
2020-04-07,79.98,81.74,78.88,79.6,1337886,0.0
2020-04-08,79.06,81.19,78.77,79.55,1132286,0.0
2020-04-12,79.52,83.5,79.04,82.93,1700794,0.0
2020-04-13,85,86.15,83.95,85.63,2614743,0.0
2020-04-14,84.63,84.63,82.31,82.35,2442330,0.0
2020-04-15,83.24,85.81,82.15,85.16,4177058,0.0
2020-04-16,87.6,89.16,85.59,89.05,7364617,0.0
2020-04-19,88.74,94.34,87.77,93.21,4836618,0.0
2020-04-20,90.92,93.57,90.25,90.72,3542865,0.0
2020-04-21,92.42,93.17,91.37,92.49,2325118,0.0
2020-04-22,92.95,94.8,91.86,93.06,1942636,0.0
2020-04-23,93.84,97.65,92.78,97.31,3935167,0.0
2020-04-26,97.73,99.6,97.32,98,2238880,0.0
2020-04-27,97.58,98.535,92.2748,94.491,1620695,0.0
2020-04-28,95.57,96.1006,93.4971,94.71,2367596,0.0
2020-04-29,97,97,91.14,92.03,1650144,0.0
2020-04-30,89.38,91.7,87.88,88.11,3063136,0.0
2020-05-03,88,90.4,86.77,90.37,1268077,0.0
2020-05-04,91.35,94.18,90.395,93.21,2059558,0.0
2020-05-05,93.75,96.25,93.43,94.91,922978,0.0
2020-05-06,96.54,96.59,91.495,91.89,2345028,0.0
2020-05-07,91.72,95.98,91.3385,95.17,1092425,0.0
2020-05-10,93.54,98.34,93.265,96.37,1746636,0.0
2020-05-11,97,100.75,95.2652,96.1,6119606,0.0
2020-05-12,96.94,98.13,93.12,94.69,1486690,0.0
2020-05-13,93.86,93.97,89.2,91.79,1609769,0.0
2020-05-14,90.39,94.75,90.04,93.85,1398343,0.0
2020-05-17,96.51,96.72,95.031,95.34,2012784,0.0
2020-05-18,95.41,96.326,93.705,93.88,753395,0.0
2020-05-19,94.98,95.34,92.73,94.05,2237336,0.0
2020-05-20,94.04,95.52,92.44,94.91,1949476,0.0
2020-05-21,94.55,98.27,93.67,97.52,2177412,0.0
2020-05-25,101.53,109.51,100.23,103.74,4184258,0.0
2020-05-26,103.15,106.7,101.26,106.7,1995223,0.0
2020-05-27,105.88,108.24,105.23,105.61,1191713,0.0
2020-05-28,106,107.11,103.69,106.52,2574818,0.0
2020-05-31,106.51,108.16,104.95,107.43,2481336,0.0
2020-06-01,106.71,108.5573,105.5,108.42,1946060,0.0
2020-06-02,108.34,112.39,107.3856,111.11,3528956,0.0
2020-06-03,109.94,112.5721,106.84,107.41,2839375,0.0
2020-06-04,107.46,109.71,105.22,105.73,1135180,0.0
2020-06-07,105.19,107.33,104.23,106.75,821601,0.0
2020-06-08,106.84,107.5,104.84,105.19,1720692,0.0
2020-06-09,107.56,108.55,106.14,107.62,2461168,0.0
2020-06-10,106.68,107.29,103.91,103.95,1011498,0.0
2020-06-11,106.06,106.805,104.59,104.59,559938,0.0
2020-06-14,105.03,106.8,103.3824,105.76,1774678,0.0
2020-06-15,107.86,107.9,105.01,106.47,817976,0.0
2020-06-16,106.49,113.84,103.85,111.35,4540972,0.0
2020-06-17,114.37,115.95,112.25,113.83,1588263,0.0
2020-06-18,114.14,124.95,113.83,124.05,5792950,0.0
2020-06-21,122.38,123.77,118.38,122.43,2069055,0.0
2020-06-22,123.01,123.81,121.01,121.73,1356775,0.0
2020-06-23,121.3,122.635,118.89,120.79,1351783,0.0
2020-06-24,120.57,124.74,120.39,124.3,1939514,0.0
2020-06-25,123.61,124.95,121.24,124.04,1361322,0.0
2020-06-28,124.78,124.78,121.46,122.25,1123630,0.0
2020-06-29,122.19,123.92,120.66,123.33,897465,0.0
2020-06-30,123.01,128.77,121.66,125.91,2037049,0.0
2020-07-01,126.95,127.98,124.17,126.87,980414,0.0
