Date,Open,High,Low,Close,Volume,OpenInterest
2016-07-11,41.03,41.36,40.81,41,925059,0.0
2016-07-12,41.02,41.255,40.84,40.97,526345,0.0
2016-07-13,41.02,41.5,40.45,41.24,697790,0.0
2016-07-14,41.2,41.33,40.9,41.26,477428,0.0
2016-07-17,41.38,41.67,40.64,41.36,603655,0.0
2016-07-18,41.15,41.68,41.0501,41.63,783652,0.0
2016-07-19,41.77,42.42,41.49,42.41,1431625,0.0
2016-07-20,42.31,42.59,42.03,42.375,1138420,0.0
2016-07-21,42.33,42.56,42.16,42.25,654832,0.0
2016-07-24,42.35,42.66,42.23,42.61,965785,0.0
2016-07-25,42.59,42.69,42.33,42.64,726520,0.0
2016-07-26,42.65,42.73,42.38,42.62,581702,0.0
2016-07-27,42.57,42.75,42.41,42.69,406430,0.0
2016-07-28,42.7,43,40.56,42.93,829143,0.0
2016-07-31,42.83,43.03,41.4,43.01,735280,0.0
2016-08-01,42.84,42.99,42.465,42.62,1612459,0.0
2016-08-02,43.25,44.38,42.8,44.22,1567892,0.0
2016-08-03,44.46,44.72,43.9,44.3,1020101,0.0
2016-08-04,44.4,44.75,44.15,44.75,749186,0.0
2016-08-07,44.7,45.14,44.36,44.99,1115251,0.0
2016-08-08,44.92,45.89,44.77,45.85,1352987,0.0
2016-08-09,45.9,46.04,45.59,45.68,557661,0.0
2016-08-10,45.7,45.85,44.78,45.52,1203763,0.0
2016-08-11,45.54,45.66,45.1,45.29,441151,0.0
2016-08-14,45.53,45.71,45.235,45.31,537038,0.0
2016-08-15,45.26,45.59,44.55,44.59,970773,0.0
2016-08-16,44.44,44.99,44.05,44.51,1323864,0.0
2016-08-17,44.38,44.94,44.32,44.9,967670,0.0
2016-08-18,44.83,44.98,44.51,44.87,635262,0.0
2016-08-21,44.84,45.08,44.63,45.07,871062,0.0
2016-08-22,44.88,45.265,44.745,44.955,991596,0.0
2016-08-23,45.05,45.19,44.865,44.95,473383,0.0
2016-08-24,44.68,45.05,44.51,44.83,482106,0.0
2016-08-25,44.77,44.99,44,44.24,749739,0.0
2016-08-28,44.26,44.86,44.1056,44.57,486319,0.0
2016-08-29,44.6,44.98,44.5601,44.83,438027,0.0
2016-08-30,44.68,44.96,44.29,44.64,474955,0.0
2016-08-31,44.76,44.95,44.19,44.36,799926,0.0
2016-09-01,44.66,44.92,44.47,44.77,550618,0.0
2016-09-05,44.99,45.26,44.5,45.01,614702,0.0
2016-09-06,44.86,45.105,44.41,45.05,663574,0.0
2016-09-07,45.12,45.13,44.725,44.74,476617,0.0
2016-09-08,44.52,44.5755,43.69,43.7,944371,0.0
2016-09-11,43.52,44.4,43.4584,44.285,803354,0.0
2016-09-12,44.13,44.28,43.58,43.88,692977,0.0
2016-09-13,44.06,44.58,43.89,44.03,715330,0.0
2016-09-14,44.15,44.77,44.11,44.63,698653,0.0
2016-09-15,44.46,45.03,44.46,44.9,896103,0.0
2016-09-18,45,45.725,44.58,45.63,1009521,0.0
2016-09-19,45.6,46.2,45.345,45.9,1003992,0.0
2016-09-20,46.22,46.58,45.81,46.54,1078162,0.0
2016-09-21,46.88,47.5,46.37,47.34,846528,0.0
2016-09-22,47.32,47.32,46.1,46.28,1869581,0.0
2016-09-25,46,46.1,45.36,45.59,521469,0.0
2016-09-26,45.78,46.18,45.39,45.67,445832,0.0
2016-09-27,45.52,45.89,45.15,45.67,305506,0.0
2016-09-28,45.54,45.74,45.04,45.28,230747,0.0
2016-09-29,45.57,45.915,45.21,45.74,539749,0.0
2016-10-02,45.68,46.04,45.48,45.62,305867,0.0
2016-10-03,45.59,46.18,45.5201,45.92,564672,0.0
2016-10-04,46.02,46.2289,45.665,45.705,370871,0.0
2016-10-05,45.58,45.77,45.22,45.53,257197,0.0
2016-10-06,45.7,45.7,44.805,45.11,330823,0.0
2016-10-09,45.46,45.63,44.94,44.99,252253,0.0
2016-10-10,45.1,45.11,44.124,44.27,601419,0.0
2016-10-11,44.25,44.88,43.98,44.65,387934,0.0
2016-10-12,44.37,44.71,43.78,44.66,348731,0.0
2016-10-13,44.84,44.96,44.29,44.32,400364,0.0
2016-10-16,44.47,44.7,44.17,44.18,221550,0.0
2016-10-17,44.61,44.65,44.28,44.28,429333,0.0
2016-10-18,44.17,44.34,43.95,44.18,297239,0.0
2016-10-19,44.2,44.25,43.85,44.12,714391,0.0
2016-10-20,44.13,44.32,43.79,44.3,329503,0.0
2016-10-23,44.89,45.48,44.6,44.93,402982,0.0
2016-10-24,44.75,44.8678,44.3549,44.77,329988,0.0
2016-10-25,44.68,45.18,44.33,44.99,365817,0.0
2016-10-26,45,45.0986,44.62,44.8,392215,0.0
2016-10-27,44.81,45.06,44.5,44.83,526428,0.0
2016-10-30,44.88,45.05,44.55,44.91,525014,0.0
2016-10-31,45.01,45.29,44.71,45.15,802338,0.0
2016-11-01,45.61,45.68,43.64,43.85,1240541,0.0
2016-11-02,44.1,44.41,43.96,44.01,474946,0.0
2016-11-03,43.91,44.29,43.71,43.74,438211,0.0
2016-11-06,44.14,45.29,43.87,45.28,662132,0.0
2016-11-07,44.83,45.18,44.23,44.57,959313,0.0
2016-11-08,43.84,44.76,43.84,44.48,735317,0.0
2016-11-09,44.69,45.015,44.19,44.49,550827,0.0
2016-11-10,44.75,46.56,44.46,46.49,821990,0.0
2016-11-13,47.15,48.83,46.722,48.78,1119606,0.0
2016-11-14,48.9,49.47,48.75,49.22,1428650,0.0
2016-11-15,49.41,50.68,49.32,50.65,1359574,0.0
2016-11-16,50.66,51.96,50.59,51.95,1174595,0.0
2016-11-17,52.05,52.3,51.1,51.43,770906,0.0
2016-11-20,51.32,51.93,51.32,51.76,691298,0.0
2016-11-21,51.45,51.67,51.06,51.22,763439,0.0
2016-11-22,51.25,51.39,51,51.36,453258,0.0
2016-11-24,51.34,51.91,51.08,51.87,225034,0.0
2016-11-27,51.22,52.03,51.22,51.7,409098,0.0
2016-11-28,51.95,52.48,51.77,51.78,703005,0.0
2016-11-29,52.17,52.25,51.14,51.24,651672,0.0
2016-11-30,51.12,52.93,51.12,52.85,1007179,0.0
2016-12-01,52.84,53.29,52.765,52.87,741733,0.0
2016-12-04,53.03,53.24,52.57,52.75,637539,0.0
2016-12-05,52.68,53.45,52.3,53.39,398586,0.0
2016-12-06,53.51,54.58,53.47,54.35,590044,0.0
2016-12-07,54.42,55.47,54.12,55.38,486347,0.0
2016-12-08,54.56,54.97,53.21,53.43,918989,0.0
2016-12-11,52.98,53.3497,52.511,53.06,672243,0.0
2016-12-12,52.93,53.58,52.64,53.44,546454,0.0
2016-12-13,53.44,53.71,52.89,53.11,470400,0.0
2016-12-14,53.18,53.57,52.77,53.345,396743,0.0
2016-12-15,53.5,53.61,52.48,52.85,721987,0.0
2016-12-18,53.1,53.505,52.75,52.88,418844,0.0
2016-12-19,52.85,53.48,52.555,53.42,379625,0.0
2016-12-20,53.49,53.64,52.77,52.99,390374,0.0
2016-12-21,52.96,53.15,51.78,52.01,579253,0.0
2016-12-22,52.06,53.171,51.84,53.03,358882,0.0
2016-12-26,53.18,53.43,53.02,53.31,158500,0.0
2016-12-27,53.24,53.37,52.665,52.78,114624,0.0
2016-12-28,52.79,53,52.22,52.68,308825,0.0
2016-12-29,52.65,52.87,51.915,52.09,251819,0.0
2017-01-02,52.31,52.31,51.3397,51.58,657668,0.0
2017-01-03,51.79,52.6,51.79,52.37,814109,0.0
2017-01-04,52.1,52.655,51.84,51.86,385636,0.0
2017-01-05,51.89,51.95,51.46,51.7,416944,0.0
2017-01-08,51.84,52,51.04,51.19,375326,0.0
2017-01-09,51.4,52.68,51.12,52.25,514542,0.0
2017-01-10,52.57,53.29,51.51,52.97,557789,0.0
2017-01-11,53,53.1647,52.05,52.74,305690,0.0
2017-01-12,53.04,53.25,52.58,53.2,176784,0.0
2017-01-16,53.34,53.51,52.34,52.69,313081,0.0
2017-01-17,53.06,53.49,52.2,52.41,481732,0.0
2017-01-18,52.5,52.705,51.9,52.01,257989,0.0
2017-01-19,52.19,52.84,51.59,52.02,369353,0.0
2017-01-22,52,52.13,50.82,51.4201,268283,0.0
2017-01-23,51.8,52,51.36,51.7,571536,0.0
2017-01-24,52.08,52.23,51.5,51.75,651762,0.0
2017-01-25,51.89,52.47,51.665,51.69,623238,0.0
2017-01-26,51.72,51.74,51.25,51.47,768520,0.0
2017-01-29,51.07,51.5,50.49,51.04,603357,0.0
2017-01-30,51.05,51.575,50.81,51.5,684801,0.0
2017-01-31,52.74,53.09,52.44,52.89,1130985,0.0
2017-02-01,52.71,53.12,52.33,52.82,689651,0.0
2017-02-02,52.97,53.48,52.86,53.3203,968407,0.0
2017-02-05,53.47,53.54,53.105,53.39,802277,0.0
2017-02-06,54.43,57.22,53.78,56.93,1885919,0.0
2017-02-07,57.25,58.12,56.95,57.16,1874594,0.0
2017-02-08,57.17,58.57,57.16,58.3,903460,0.0
2017-02-09,58.46,59.49,58.37,58.71,1099138,0.0
2017-02-12,59,59.54,58.72,59.27,728903,0.0
2017-02-13,59.02,59.62,58.91,59.38,685926,0.0
2017-02-14,59.55,59.59,59.11,59.25,852138,0.0
2017-02-15,59.45,59.63,58.48,58.84,814154,0.0
2017-02-16,58.74,60,58.65,59.99,913248,0.0
2017-02-20,59.99,60.5,59.49,59.65,1043685,0.0
2017-02-21,59.51,60.01,59.42,59.895,974923,0.0
2017-02-22,59.9,60.18,59.11,59.32,342132,0.0
2017-02-23,59.21,59.67,58.881,59.38,484320,0.0
2017-02-26,59.09,59.5,58.875,59.4,562600,0.0
2017-02-27,59.49,59.76,58.67,58.9,642358,0.0
2017-02-28,59.47,60.12,58.92,59.78,654197,0.0
2017-03-01,59.53,60.06,59.28,59.66,588200,0.0
2017-03-02,59.55,59.87,59.17,59.34,649700,0.0
2017-03-05,59.37,59.82,58.93,59.5,762863,0.0
2017-03-06,59.31,60.1,59.19,59.48,767793,0.0
2017-03-07,59.51,59.85,59.11,59.19,718882,0.0
2017-03-08,59.36,59.84,58.99,59.54,1156970,0.0
2017-03-09,59.82,60.2212,59.18,59.21,688908,0.0
2017-03-12,59.14,59.4,58.7,59.27,607349,0.0
2017-03-13,59.13,59.5,58.67,59.41,574047,0.0
2017-03-14,59.49,60.15,59.49,60.05,515477,0.0
2017-03-15,59.92,61,59.92,60.59,741746,0.0
2017-03-16,60.6,60.925,60.03,60.18,1018251,0.0
2017-03-19,60.2,60.3,59.6,59.73,807219,0.0
2017-03-20,60.1,60.28,57.88,57.97,814608,0.0
2017-03-21,58,58.55,57.6401,58.06,729006,0.0
2017-03-22,57.91,58.99,57.82,58.09,712495,0.0
2017-03-23,58.16,58.37,57.39,57.62,399448,0.0
2017-03-26,57.27,57.96,56.1,56.92,1027496,0.0
2017-03-27,56.99,57.27,56.48,56.86,962379,0.0
2017-03-28,57.07,57.32,56.33,56.98,1116541,0.0
2017-03-29,57.11,57.48,57.08,57.35,385030,0.0
2017-03-30,57.22,58.07,57.13,57.71,529478,0.0
2017-04-02,58,58.01,57.384,57.65,430438,0.0
2017-04-03,57.59,58.09,57.43,57.9,687341,0.0
2017-04-04,58.13,58.22,57.21,57.28,551008,0.0
2017-04-05,57.48,58.04,57.15,57.97,589708,0.0
2017-04-06,57.89,58.3095,57.71,57.94,766616,0.0
2017-04-09,58.09,58.5223,57.58,57.64,501166,0.0
2017-04-10,57.47,57.64,56.87,57.52,492452,0.0
2017-04-11,57.69,57.77,56.58,56.71,562997,0.0
2017-04-12,56.75,57.27,56.57,56.78,358286,0.0
2017-04-16,56.89,57.17,56.74,57.14,337065,0.0
2017-04-17,57.17,57.56,56.9701,57.41,433758,0.0
2017-04-18,57.76,57.97,57.59,57.65,480940,0.0
2017-04-19,57.87,58.23,57.51,58.18,541107,0.0
2017-04-20,58.18,58.31,57.74,57.76,392820,0.0
2017-04-23,58.62,58.91,58.44,58.79,705424,0.0
2017-04-24,59,59.64,58.6401,59.32,688398,0.0
2017-04-25,59.44,60.13,58.951,59.75,583906,0.0
2017-04-26,59.99,60.27,59.72,59.81,293502,0.0
2017-04-27,59.77,60.1275,59,59.09,620556,0.0
2017-04-30,59.36,59.43,58.89,59.26,750990,0.0
2017-05-01,59.29,59.61,58.84,59.02,664980,0.0
2017-05-02,59.3,60.33,58.35,58.78,925046,0.0
2017-05-03,58.87,59.2699,58.54,59.13,569756,0.0
2017-05-04,59.2,59.35,58.59,58.76,379667,0.0
2017-05-07,58.63,59.16,57.74,59.02,389829,0.0
2017-05-08,60,60,59.23,59.46,467942,0.0
2017-05-09,59.01,60,59.01,59.78,364343,0.0
2017-05-10,59.76,59.96,59.305,59.91,473735,0.0
2017-05-11,59.62,59.81,58.67,58.73,509586,0.0
2017-05-14,58.6,59.13,58.51,59.01,400336,0.0
2017-05-15,59.24,59.83,58.86,59.57,458569,0.0
2017-05-16,59.26,59.68,58.73,58.85,1255889,0.0
2017-05-17,58.55,58.65,55.8,56.5,1332798,0.0
2017-05-18,56.4,57.6,56.4,57.08,651195,0.0
2017-05-21,57.42,57.86,57.1575,57.41,481836,0.0
2017-05-22,57.64,57.84,56.96,57.66,591684,0.0
2017-05-23,57.92,58.54,57.55,58.48,978629,0.0
2017-05-24,58.99,59.548,58.6,59.35,664891,0.0
2017-05-25,59.16,59.42,58.53,59.34,577025,0.0
2017-05-29,59.26,59.59,58.84,59.39,423755,0.0
2017-05-30,59.59,60.25,59.37,60.18,684205,0.0
2017-05-31,60.27,61.44,60.22,61.13,622960,0.0
2017-06-01,60.93,61.6,60.83,61.22,600502,0.0
2017-06-04,61.22,61.54,60.2212,61.24,581536,0.0
2017-06-05,61.02,61.58,60.96,61.39,442430,0.0
2017-06-06,61.67,62.38,61.535,62.02,729059,0.0
2017-06-07,62.18,62.91,61.495,62.65,832792,0.0
2017-06-08,62.87,63.2,60.6,60.79,775841,0.0
2017-06-11,60.21,61.215,59.55,60.98,832743,0.0
2017-06-12,61.07,61.77,60.98,61.56,463161,0.0
2017-06-13,61.33,61.92,61.03,61.66,537299,0.0
2017-06-14,61.22,62.08,60.85,62.06,711954,0.0
2017-06-15,62.05,62.14,61.6508,61.94,543912,0.0
2017-06-18,62.34,62.61,61.68,62.53,651407,0.0
2017-06-19,62.35,63.17,62.18,62.89,623716,0.0
2017-06-20,63.04,63.14,62.61,62.74,341928,0.0
2017-06-21,62.84,63.215,62.3801,63.19,468500,0.0
2017-06-22,63.2,65.47,63,65.22,1139318,0.0
2017-06-25,65.91,66.3298,64.4,64.66,655928,0.0
2017-06-26,63.96,64.71,62.88,62.92,736082,0.0
2017-06-27,63.14,63.68,62.69,63.43,644616,0.0
2017-06-28,63.38,63.38,62.26,62.87,466034,0.0
2017-06-29,63.13,63.39,62.5,62.51,652591,0.0
2017-07-02,62.55,63.6,62.55,62.76,232610,0.0
2017-07-04,62.83,63.42,62.6575,63.01,503050,0.0
2017-07-05,62.42,62.6,61.135,61.22,874570,0.0
2017-07-06,61.38,62.4999,61.28,62.36,805974,0.0
2017-07-09,62.3,62.85,62.285,62.64,527304,0.0
2017-07-10,62.4,63.43,62.4,63.23,542329,0.0
2017-07-11,63.51,64,63.2,63.45,392195,0.0
2017-07-12,63.54,63.99,63.17,63.35,513576,0.0
2017-07-13,63.34,63.77,62.75,63.56,586398,0.0
2017-07-16,63.5,63.85,63.18,63.69,376112,0.0
2017-07-17,63.54,63.84,63.1201,63.6,396113,0.0
2017-07-18,63.56,64.52,63.56,64.06,450352,0.0
2017-07-19,63.88,64.2999,63.41,63.66,469932,0.0
2017-07-20,63.62,63.66,62.945,63.52,386398,0.0
2017-07-23,63,63.87,62.96,63.45,337606,0.0
2017-07-24,63.5,64.04,63.03,63.81,442860,0.0
2017-07-25,63.99,63.99,63.45,63.93,213883,0.0
2017-07-26,64.09,64.23,62.89,63.38,263832,0.0
2017-07-27,63.23,63.46,62.86,63.4,264240,0.0
2017-07-30,63.49,63.85,63.4,63.41,354752,0.0
2017-07-31,63.81,63.99,63.37,63.96,591524,0.0
2017-08-01,64.19,64.27,63.41,63.83,560069,0.0
2017-08-02,64.52,65.39,63.937,64.35,763315,0.0
2017-08-03,64.04,64.355,63.29,63.3,395063,0.0
2017-08-06,63.12,63.88,62.91,63.83,418482,0.0
2017-08-07,63.64,64.2271,63.6,63.82,346737,0.0
2017-08-08,63.53,63.62,62.52,62.93,382511,0.0
2017-08-09,62.58,62.69,60.71,60.78,390399,0.0
2017-08-10,61,61.23,60.73,61.07,384918,0.0
2017-08-13,61.62,62.381,61.15,62.19,283936,0.0
2017-08-14,61.92,62.22,61.64,61.68,357335,0.0
2017-08-15,61.75,62.24,61.7001,61.87,205066,0.0
2017-08-16,61.6,61.97,61.38,61.44,584741,0.0
2017-08-17,61.34,61.59,60.38,60.39,453742,0.0
2017-08-20,60.36,60.59,59.26,59.71,387810,0.0
2017-08-21,60.07,60.79,59.82,60.26,432061,0.0
2017-08-22,60.06,61.29,60.06,61.06,338930,0.0
2017-08-23,61.1,61.53,60.99,61.44,348776,0.0
2017-08-24,61.54,62.57,61.53,61.77,568798,0.0
2017-08-27,61.78,62.1199,60.99,61,327094,0.0
2017-08-28,60.75,61.715,60.68,61.57,261006,0.0
2017-08-29,61.41,62.42,61.26,62.41,423992,0.0
2017-08-30,62.59,63.46,62.5281,63.03,517187,0.0
2017-08-31,63.14,63.14,60.8,62.07,835976,0.0
2017-09-04,61.78,62.09,60.06,60.38,594276,0.0
2017-09-05,60.79,60.93,59.65,59.82,484464,0.0
2017-09-06,59.78,60.08,58.57,58.95,644280,0.0
2017-09-07,58.43,59.329,58.27,58.9,765933,0.0
2017-09-10,59.48,60.25,59.45,59.57,442862,0.0
2017-09-11,59.78,60.53,59.52,60.49,457900,0.0
2017-09-12,60.26,61.42,60.08,61.31,462214,0.0
2017-09-13,61.16,61.845,60.648,61.68,473941,0.0
2017-09-14,61.69,62.365,61.31,62.09,550357,0.0
2017-09-17,62.22,62.97,61.905,62.8,468324,0.0
2017-09-18,63.03,63.04,62.25,62.86,490198,0.0
2017-09-19,62.79,62.95,62.17,62.8,467469,0.0
2017-09-20,62.59,62.8664,62.01,62.3,389710,0.0
2017-09-21,62.32,63.94,61.67,63.81,550255,0.0
2017-09-24,63.78,63.9999,63.02,63.72,328546,0.0
2017-09-25,64.05,64.74,63.4,64.6,341754,0.0
2017-09-26,64.88,65.65,64.41,64.82,472129,0.0
2017-09-27,64.77,66.29,64.6,66.22,386211,0.0
2017-09-28,66.31,66.8,65.79,65.99,1218800,0.0
2017-10-01,66.08,68.38,66.08,68.32,688492,0.0
2017-10-02,68.22,69.07,67.971,68.43,939486,0.0
2017-10-03,68.13,69.74,68.03,69.71,715049,0.0
2017-10-04,69.73,70.17,68.8,68.87,758337,0.0
2017-10-05,68.88,69.65,68.4,69.64,487988,0.0
2017-10-08,69.75,70.51,69.41,70.28,601568,0.0
2017-10-09,70.74,71.53,69.56,70.3,639993,0.0
2017-10-10,70.18,70.46,68.94,69.049,806292,0.0
2017-10-11,69.05,69.37,68.7,68.94,480508,0.0
2017-10-12,66.68,68.44,66.64,68.08,955803,0.0
2017-10-15,67.95,68.4699,67.69,68.29,596010,0.0
2017-10-16,68.42,68.76,68.02,68.12,495290,0.0
2017-10-17,68.17,68.79,67.43,68.66,409794,0.0
2017-10-18,68.43,68.7,66.7408,67.97,580978,0.0
2017-10-19,68.64,69.61,68.35,69.61,487817,0.0
2017-10-22,69.83,69.9,69.36,69.59,367625,0.0
2017-10-23,69.71,70.19,69.04,69.96,262297,0.0
2017-10-24,69.73,69.89,67.94,68.74,441897,0.0
2017-10-25,68.93,69.6199,67.94,69.3,504355,0.0
2017-10-26,69.72,69.72,68.23,69.18,428465,0.0
2017-10-29,69.03,69.44,68.18,69.31,377583,0.0
2017-10-30,69.54,70.43,68.99,70.02,677600,0.0
2017-10-31,68.82,70.71,67.8504,68.91,795840,0.0
2017-11-01,69.08,70.05,68.15,70.01,550598,0.0
2017-11-02,69.75,70.54,69.35,69.61,359336,0.0
2017-11-05,69.58,70.24,68.6,70.22,346421,0.0
2017-11-06,69.95,70.23,68.1,68.33,554516,0.0
2017-11-07,68.08,68.46,67.31,67.83,638554,0.0
2017-11-08,67.54,67.86,66.48,67.17,435136,0.0
2017-11-09,66.71,67.63,66.71,67.25,733793,0.0
2017-11-12,67.02,67.99,67.02,67.73,616612,0.0
2017-11-13,67.59,67.7,66.84,67.17,439412,0.0
2017-11-14,66.35,66.52,65.28,65.75,447016,0.0
2017-11-15,65.78,67.07,65.78,66.4,519553,0.0
2017-11-16,66.41,66.74,65.63,65.71,313394,0.0
2017-11-19,65.74,67.1201,65.72,66.34,593730,0.0
2017-11-20,66.66,67.0238,65.89,66.01,438386,0.0
2017-11-21,66,66.46,66,66.28,374032,0.0
2017-11-23,66.54,66.54,65.9801,66.35,106695,0.0
2017-11-26,66.32,66.58,65.8,66.46,538924,0.0
2017-11-27,66.72,69.47,66.54,69.4,867737,0.0
2017-11-28,69.42,69.68,67.82,68.89,675808,0.0
2017-11-29,69.42,70.11,68.02,70.01,976484,0.0
2017-11-30,69.83,69.895,67.11,69.13,454664,0.0
2017-12-03,69.3,70.55,69.11,69.93,810848,0.0
2017-12-04,69.71,70.62,69.07,69.21,405781,0.0
2017-12-05,68.77,69.18,67.79,68.23,463847,0.0
2017-12-06,68.02,69.39,67.98,69.02,363970,0.0
2017-12-07,69.55,70.03,69.35,69.56,522171,0.0
2017-12-10,69.33,70.3,69.32,70.27,397046,0.0
2017-12-11,70.32,70.49,69.52,70.19,476443,0.0
2017-12-12,69.82,70.22,69.52,69.63,380797,0.0
2017-12-13,69.67,69.67,67.38,67.4,467850,0.0
2017-12-14,67.17,68.53,67.13,68.42,741331,0.0
2017-12-17,69,70.94,67.939,70.1,620055,0.0
2017-12-18,70.11,70.85,69.575,70.01,384183,0.0
2017-12-19,70.52,70.74,69.62,70.19,375001,0.0
2017-12-20,70.54,70.69,68.82,68.89,426216,0.0
2017-12-21,69.19,69.54,68.71,69.18,297232,0.0
2017-12-25,69.08,69.29,68.45,68.99,225000,0.0
2017-12-26,69.22,69.84,69.0461,69.61,392947,0.0
2017-12-27,71.3,71.3,69.24,69.9,292712,0.0
2017-12-28,70.12,70.14,69.14,69.51,304961,0.0
2018-01-01,69.73,69.98,69.03,69.56,548536,0.0
2018-01-02,69.56,71.91,69.56,71.83,900794,0.0
2018-01-03,72.06,73.46,71.79,73.05,569556,0.0
2018-01-04,73.24,73.57,72.8,72.94,318199,0.0
2018-01-07,72.59,73.32,72.2,73.05,633345,0.0
2018-01-08,73.34,74.01,72.69,72.87,349061,0.0
2018-01-09,72.34,72.8895,72.04,72.32,567776,0.0
2018-01-10,71.5,72.56,71.5,72.52,552591,0.0
2018-01-11,72.82,73.24,72.57,72.67,536404,0.0
2018-01-15,73.08,73.18,71.87,71.94,405860,0.0
2018-01-16,72.6,73.6901,72.08,73.26,547980,0.0
2018-01-17,73.45,74.05,72.81,73.82,346907,0.0
2018-01-18,74,75.27,73.93,75.2,293262,0.0
2018-01-21,75.01,75.37,74.35,74.79,258517,0.0
2018-01-22,75.44,75.78,74.91,75.59,299144,0.0
2018-01-23,75.05,76.2,74.28,75.03,398903,0.0
2018-01-24,75.68,75.87,74.69,75.37,517223,0.0
2018-01-25,75.79,75.92,74.8,75.46,303154,0.0
2018-01-28,75.11,75.9799,74.97,75.58,283011,0.0
2018-01-29,75.06,75.96,74.77,74.77,359780,0.0
2018-01-30,75.1,75.47,74.11,74.57,634421,0.0
2018-01-31,74.24,76.3475,74.24,76.28,699479,0.0
2018-02-01,75.77,76.73,74.68,75.93,1254442,0.0
2018-02-04,75.41,76.44,73.53,73.81,823739,0.0
2018-02-05,72.5,74.9499,72.03,73.02,1303917,0.0
2018-02-06,70.57,71.12,67.23,68.39,3406320,0.0
2018-02-07,68.92,71.03,68.38,69.06,2191809,0.0
2018-02-08,69.79,70.39,66.69,68.94,1230069,0.0
2018-02-11,69.04,69.91,67.65,68.11,656436,0.0
2018-02-12,67.61,69.79,67.61,69.37,705028,0.0
2018-02-13,69.1,70.2374,68.7435,70.17,806213,0.0
2018-02-14,70.17,71.33,69.62,71.32,740364,0.0
2018-02-15,70.93,71.89,69.89,71.45,513914,0.0
2018-02-19,70.87,71.49,70.46,70.7,602045,0.0
2018-02-20,70.86,71.96,70.47,71.14,964207,0.0
2018-02-21,71.64,72.545,71.34,71.47,606801,0.0
2018-02-22,71.47,72.17,71.304,72.04,477471,0.0
2018-02-25,72.58,73.66,71.83,73.5,480318,0.0
2018-02-26,72.73,74.96,72.73,73.51,690532,0.0
2018-02-27,73.81,74.32,72.89,72.93,413734,0.0
2018-02-28,73.28,73.42,71.4,72.08,702049,0.0
2018-03-01,71.7302,73.37,71.18,73.15,467887,0.0
2018-03-04,72.78,74.55,72.15,73.96,396236,0.0
2018-03-05,74.17,74.5,73.41,74.1,641002,0.0
2018-03-06,73.5,74.85,73.42,74.6,634241,0.0
2018-03-07,74.6,74.61,72.61,73.14,754707,0.0
2018-03-08,73.38,74.555,72.91,74.37,732953,0.0
2018-03-11,74.35,75.68,74.05,75.31,446307,0.0
2018-03-12,75.45,76.14,75.3,75.65,446667,0.0
2018-03-13,76.0402,76.0939,75.02,75.43,481644,0.0
2018-03-14,75.35,75.5,74.18,74.64,754415,0.0
2018-03-15,74.78,75.99,73.041,75.84,481031,0.0
2018-03-18,75.35,75.49,73.44,73.98,996536,0.0
2018-03-19,74.27,75.6149,74.27,75.22,680019,0.0
2018-03-20,75.3,75.37,74.47,74.81,486772,0.0
2018-03-21,74.42,74.75,73.145,73.25,512171,0.0
2018-03-22,73.15,73.266,69.87,69.89,732929,0.0
2018-03-25,70.74,71.71,69.71,71.58,634175,0.0
2018-03-26,72.1,72.6941,69.84,70.21,360303,0.0
2018-03-27,70.36,70.4,69.27,69.92,384246,0.0
2018-03-28,70.39,71.06,69.84,70.31,613309,0.0
2018-04-01,70.29,70.82,68.34,68.82,571698,0.0
2018-04-02,69.1,69.7,68.69,69.23,510512,0.0
2018-04-03,68.11,69.735,67.99,69.59,625638,0.0
2018-04-04,69.98,70.38,69.17,69.71,468803,0.0
2018-04-05,69.12,69.64,67.44,67.97,352933,0.0
2018-04-08,68.62,69.65,68.3572,68.44,377261,0.0
2018-04-09,69.51,70.46,68.96,70.1,296389,0.0
2018-04-10,69.65,70.23,68.88,69.83,256720,0.0
2018-04-11,70.09,70.5899,69.77,70.07,307453,0.0
2018-04-12,70.51,70.555,69.265,69.59,278152,0.0
2018-04-15,69.68,70.851,69.05,70.649,380266,0.0
2018-04-16,71.25,71.59,70.84,71.46,338006,0.0
2018-04-17,71.79,72.55,71.31,72.11,361285,0.0
2018-04-18,71.92,72.875,71.45,72.54,591289,0.0
2018-04-19,72.36,72.36,71.01,71.54,300600,0.0
2018-04-22,71.92,72.53,71.15,71.6,345221,0.0
2018-04-23,72.07,72.36,70.29,70.73,268443,0.0
2018-04-24,70.75,71.28,69.97,71.13,299495,0.0
2018-04-25,71.48,72.48,70.43,71.14,306866,0.0
2018-04-26,71.32,71.93,70.57,71.61,493021,0.0
2018-04-29,71.5,71.985,71.02,71.3,387652,0.0
2018-04-30,71.5,72.82,71.17,72.37,939632,0.0
2018-05-01,74.23,78.79,74.23,76.06,1917998,0.0
2018-05-02,76.11,76.31,74.06,74.5,809973,0.0
2018-05-03,74.76,75.82,74.19,75.51,624138,0.0
2018-05-06,75.52,76.58,75.19,76.37,587330,0.0
2018-05-07,76.62,76.75,75.64,76.59,422747,0.0
2018-05-08,76.91,77.75,76.485,77.69,503483,0.0
2018-05-09,77.63,78.33,77.02,78.21,366430,0.0
2018-05-10,78.31,79,78,78.65,361656,0.0
2018-05-13,78.82,79.26,78.22,78.36,364298,0.0
2018-05-14,78.09,78.88,77.78,78.1,389226,0.0
2018-05-15,78.09,78.99,77.53,78.64,355957,0.0
2018-05-16,78.44,79.27,78.44,78.89,369763,0.0
2018-05-17,79,79.55,78.53,78.75,569185,0.0
2018-05-20,79.02,79.93,78.62,79.85,345456,0.0
2018-05-21,79.82,79.82,78.5347,79,846625,0.0
2018-05-22,78.87,80.2,78.56,80.18,511293,0.0
2018-05-23,80,80.72,79.57,80.3,581407,0.0
2018-05-24,80.31,81.0899,79.411,80.7,321268,0.0
2018-05-28,80.05,81.66,80.05,80.87,553391,0.0
2018-05-29,81.12,81.97,81.12,81.41,482210,0.0
2018-05-30,81.79,81.79,80.02,80.05,712022,0.0
2018-05-31,80.4599,81.55,79.9899,81,643839,0.0
2018-06-03,80.99,81.8653,80.99,81.36,619108,0.0
2018-06-04,81.25,84.25,81.05,84.21,904339,0.0
2018-06-05,84,85.17,83.52,85.06,747590,0.0
2018-06-06,85,85.49,83.088,84.68,413045,0.0
2018-06-07,84.5,85.31,83.73,84.69,321970,0.0
2018-06-10,84.88,85.02,84.2575,84.63,324455,0.0
2018-06-11,84.75,85.02,83.8,84.39,368236,0.0
2018-06-12,84.74,84.74,83.37,83.75,538620,0.0
2018-06-13,83.79,84.51,83.54,83.83,455729,0.0
2018-06-14,83.5,85.55,81.75,85.47,848799,0.0
2018-06-17,85.14,85.82,84.36,85.04,420914,0.0
2018-06-18,84.1,84.995,83.84,84.78,581124,0.0
2018-06-19,85.55,85.99,84.02,84.32,424305,0.0
2018-06-20,84.65,85,83.87,84.06,268112,0.0
2018-06-21,84.53,84.67,83.34,83.77,557827,0.0
2018-06-24,83.72,83.995,81.52,82.37,685605,0.0
2018-06-25,82.32,83.116,81.52,82.39,635789,0.0
2018-06-26,82.67,83.03,80.74,80.86,319741,0.0
2018-06-27,80.89,82.11,80.5,81.72,538671,0.0
2018-06-28,81.89,82.07,80.77,80.79,494942,0.0
2018-07-01,80.27,82.48,80.07,82.47,502129,0.0
2018-07-02,82.38,82.72,81.36,82.06,360247,0.0
2018-07-04,82.4,82.66,81.4,81.73,899915,0.0
2018-07-05,81.96,83.12,80.93,82.89,415683,0.0
2018-07-08,83.21,83.96,82.93,83.595,306777,0.0
2018-07-09,83.47,84.4,83.3824,84.3,462266,0.0
2018-07-10,83.92,84.29,83.17,83.985,434878,0.0
2018-07-11,84.41,85.17,83.87,85.12,368633,0.0
2018-07-12,84.96,85.93,84.96,85.28,366803,0.0
2018-07-15,85.39,85.81,84.77,84.94,256898,0.0
2018-07-16,84.56,86.555,84.01,86.18,315620,0.0
2018-07-17,86.85,88.17,86.48,87.19,571379,0.0
2018-07-18,87.33,88.36,87.1,87.33,627146,0.0
2018-07-19,87.38,87.6458,86.39,86.4,400680,0.0
2018-07-22,86.62,86.97,86.07,86.54,542100,0.0
2018-07-23,87.01,87.42,84.885,85.08,523216,0.0
2018-07-24,85.08,86.05,84.38,85.88,580891,0.0
2018-07-25,85.47,87.45,84.72,86.77,451379,0.0
2018-07-26,86.79,86.9,84.38,84.67,421008,0.0
2018-07-29,84.78,84.977,83.22,83.55,452063,0.0
2018-07-30,84,84.78,82.16,84.08,608356,0.0
2018-07-31,84.26,85.65,83.81,83.89,645626,0.0
2018-08-01,83.82,87.48,82.8,87.24,1038250,0.0
2018-08-02,86.78,87.3,84.67,85.23,663425,0.0
2018-08-05,84.85,85.89,84.71,85.63,424325,0.0
2018-08-06,85.65,86.59,85.65,85.99,638357,0.0
2018-08-07,86.17,86.17,84.95,85.21,484187,0.0
2018-08-08,85.44,86.0325,85.1744,85.65,566372,0.0
2018-08-09,85.08,85.56,84.36,84.64,496644,0.0
2018-08-12,84.84,85.27,84.37,84.77,521232,0.0
2018-08-13,85.31,86.08,84.7501,85.85,850911,0.0
2018-08-14,85.37,85.88,84.48,85.22,358409,0.0
2018-08-15,85.8,86.52,85.69,85.89,329861,0.0
2018-08-16,86.02,86.4,85.55,86,965577,0.0
2018-08-19,86.44,86.65,85.8,85.93,509831,0.0
2018-08-20,86.01,86.81,85.92,86.34,1005839,0.0
2018-08-21,86.28,86.64,84.851,85.93,418489,0.0
2018-08-22,85.63,86.7269,85.6137,86.32,562207,0.0
2018-08-23,86.77,87.2,86.51,86.76,314686,0.0
2018-08-26,86.78,88.2,86.78,87.64,448778,0.0
2018-08-27,87.57,88.26,87.062,88.12,305257,0.0
2018-08-28,88.35,88.81,88.115,88.36,309569,0.0
2018-08-29,88.17,88.46,87.33,87.61,427177,0.0
2018-08-30,87.49,87.89,87.39,87.55,419235,0.0
2018-09-03,87.94,89.17,86.38,87.71,600598,0.0
2018-09-04,87.86,87.98,86.21,87.14,494484,0.0
2018-09-05,86.82,87.81,86.54,87.48,332482,0.0
2018-09-06,87.32,88.12,87.14,87.65,320458,0.0
2018-09-09,87.63,88.56,87.07,88.48,261530,0.0
2018-09-10,88.49,89.86,88.055,89.68,556954,0.0
2018-09-11,89.6,89.68,88.03,88.98,577397,0.0
2018-09-12,89.41,90.5,89.23,89.37,245962,0.0
2018-09-13,89.76,90.47,89.71,90.16,448548,0.0
2018-09-16,90.01,90.48,88.82,88.87,477184,0.0
2018-09-17,88.7,90.17,88,89.27,959317,0.0
2018-09-18,89.56,89.77,88.73,89.05,1110794,0.0
2018-09-19,89.19,89.52,88.84,89.11,458496,0.0
2018-09-20,89.04,90.34,88.85,89.08,411665,0.0
2018-09-23,88.87,89.12,87.66,88.97,396915,0.0
2018-09-24,89.22,89.31,88.05,89.17,613418,0.0
2018-09-25,89.36,89.92,88.48,88.66,370096,0.0
2018-09-26,88.97,89.19,88.28,88.4,335961,0.0
2018-09-27,88.21,89.16,88.09,88.94,464786,0.0
2018-09-30,89.23,89.27,87.82,87.97,547449,0.0
2018-10-01,87.77,88.32,87.28,87.44,592396,0.0
2018-10-02,87.51,88.35,87.0663,88.29,562632,0.0
2018-10-03,88.18,88.18,86.18,86.4,690599,0.0
2018-10-04,86.32,87.31,84.99,85.6,524816,0.0
2018-10-07,85.09,85.3,82.87,83.75,565855,0.0
2018-10-08,84.16,85,83.57,84.495,599731,0.0
2018-10-09,84,84.06,80.79,81.26,952595,0.0
2018-10-10,81.05,82.2,80.31,80.35,724876,0.0
2018-10-11,82.06,83.4,80.86,82.37,645019,0.0
2018-10-14,82.28,82.7,81.615,81.84,514595,0.0
2018-10-15,82.51,84.58,81.93,84.45,463538,0.0
2018-10-16,84.83,84.83,83.11,83.91,462313,0.0
2018-10-17,83.77,84.4751,82.54,83.34,340205,0.0
2018-10-18,83.37,83.75,80.38,80.7,895865,0.0
2018-10-21,80.94,82.77,80.79,82.14,431308,0.0
2018-10-22,81.04,83.44,80.027,83.15,743280,0.0
2018-10-23,83.01,83.42,80.44,80.47,897880,0.0
2018-10-24,81.13,81.8,80.26,81.02,580556,0.0
2018-10-25,79.93,80.91,78.74,79.64,677927,0.0
2018-10-28,80.43,81.935,77.75,78.66,824565,0.0
2018-10-29,79.517,80.98,78.61,80.26,856780,0.0
2018-10-30,85.32,92.1795,84,90,2757512,0.0
2018-10-31,89.51,92.03,89.03,89.22,1122670,0.0
2018-11-01,89.65,90.15,87.45,88.04,1167907,0.0
2018-11-04,88.16,88.335,86.66,87.68,1002913,0.0
2018-11-05,87.21,88.17,86.89,88.02,1237609,0.0
2018-11-06,88.81,90.35,87.99,90.19,679936,0.0
2018-11-07,90.16,91.77,89.01,91.73,592029,0.0
2018-11-08,90.61,91.49,90.07,91.08,494719,0.0
2018-11-11,90.14,91.24,88.53,89.16,450861,0.0
2018-11-12,89.35,90.18,88.78,89.62,436888,0.0
2018-11-13,90.14,90.54,87.2,87.255,904963,0.0
2018-11-14,87.1,88.65,86.38,88.58,664819,0.0
2018-11-15,87.84,90.0975,87.25,89.43,553974,0.0
2018-11-18,89.34,89.9,87.46,87.86,446156,0.0
2018-11-19,86,87.41,85.2,86.02,762066,0.0
2018-11-20,86.79,88.99,85.47,86.7,800529,0.0
2018-11-22,86.02,88.19,85.9,87.86,205617,0.0
2018-11-25,88.5,90.0295,87.91,89.71,1326448,0.0
2018-11-26,89.43,89.76,88.62,88.77,1078984,0.0
2018-11-27,89.32,91.92,89.02,91.09,866213,0.0
2018-11-28,91.45,93.08,90.805,92.4,651376,0.0
2018-11-29,92.55,93.92,92.33,92.66,971459,0.0
2018-12-02,93.5,95.97,93.09,95.97,1371346,0.0
2018-12-03,95.56,96.75,93.69,93.8,1430151,0.0
2018-12-05,91.99,95.65,91.63,95.59,1014951,0.0
2018-12-06,95.84,95.95,91.06,91.46,874944,0.0
2018-12-09,90.75,92.56,90.22,90.61,1366371,0.0
2018-12-10,92.22,92.84,90.36,90.73,1041691,0.0
2018-12-11,91.67,93.2374,90.955,91.58,879515,0.0
2018-12-12,91.75,92.7473,89.53,89.8,1079792,0.0
2018-12-13,89.45,91.4837,87.65,87.75,1182431,0.0
2018-12-16,87.22,87.63,84.28,84.71,1086572,0.0
2018-12-17,85.57,86.27,84.35,85.03,882964,0.0
2018-12-18,84.65,86.48,83.22,84.36,1003635,0.0
2018-12-19,83.82,84.12,79.18,80.6,1217208,0.0
2018-12-20,80.57,81.065,76.86,77.28,1559696,0.0
2018-12-23,77,77.68,75.31,75.33,500140,0.0
2018-12-25,75.8,79.81,74.32,79.66,874061,0.0
2018-12-26,78.49,79.5,76.97,79.45,555306,0.0
2018-12-27,80.19,82,78.76,79.62,581316,0.0
2018-12-30,80.5,81.18,79.81,80.68,516597,0.0
2019-01-01,79.68,80.23,78.76,79.04,677932,0.0
2019-01-02,77.7,78.87,76.59,77.15,905496,0.0
2019-01-03,78.15,78.73,76.07,77.795,1124989,0.0
2019-01-06,78.21,78.95,77.26,77.67,1120236,0.0
2019-01-07,78.2,80.5,78.13,80.31,1193073,0.0
2019-01-08,92.57,92.57,80.77,81.3,852831,0.0
2019-01-09,80.65,82.36,79.7516,81.95,458733,0.0
2019-01-10,81.8,82.85,80.43,80.59,1061850,0.0
2019-01-13,80.32,80.58,79.31,79.32,680161,0.0
2019-01-14,79.69,80.53,79.08,80.49,1255182,0.0
2019-01-15,80.93,81.6563,80.44,80.52,600095,0.0
2019-01-16,79.98,81.09,79.98,80.75,704827,0.0
2019-01-17,81.23,82.14,80.77,81.7,729999,0.0
2019-01-21,81.47,81.83,79.77,80.18,615483,0.0
2019-01-22,80.82,82.27,80.01,81.38,825321,0.0
2019-01-23,81.48,82.32,81.11,81.2,530910,0.0
2019-01-24,85.33,85.33,81.13,81.99,715646,0.0
2019-01-27,80.87,82.37,80.845,81.99,608691,0.0
2019-01-28,82.09,82.72,81.73,81.93,439096,0.0
2019-01-29,82.53,83.1,81.57,82.97,407244,0.0
2019-01-30,82.96,83.59,82.44,83.22,680214,0.0
2019-01-31,83.55,84.01,82.76,83.69,460214,0.0
2019-02-03,83.98,84.48,83.31,84.13,453630,0.0
2019-02-04,84.45,85.72,84.28,85.51,745561,0.0
2019-02-05,85.65,85.84,84.76,85.32,816630,0.0
2019-02-06,87.02,91.21,87,91.04,1716116,0.0
2019-02-07,90.9,90.9,88.02,90.19,804890,0.0
2019-02-10,90.2,91.5,90.02,90.47,624285,0.0
2019-02-11,90.69,92.86,90.69,92.7,857576,0.0
2019-02-12,93,93.16,92,92.78,569757,0.0
2019-02-13,92.66,94.32,92.39,93.85,658621,0.0
2019-02-14,93.89,94.75,93.5,94.74,712406,0.0
2019-02-20,94.83,95.235,94.38,95,477647,0.0
2019-02-21,95.28,96.11,94.89,95.77,417827,0.0
2019-02-24,96.2,97.0599,95.47,95.53,479327,0.0
2019-02-25,95.11,95.79,94.85,95.25,489137,0.0
2019-02-26,94.71,95.17,94.06,94.94,361147,0.0
2019-02-27,94.87,94.87,93.85,93.85,399506,0.0
2019-02-28,94.25,94.9,93.555,94.84,502194,0.0
2019-03-03,95,95.5,93.35,94.26,468940,0.0
2019-03-04,94.43,94.93,93.7,93.89,462348,0.0
2019-03-05,93.98,94.33,93.22,93.22,444558,0.0
2019-03-06,92.83,92.83,91.16,91.66,599654,0.0
2019-03-07,90.8,92.36,90.53,92.29,361979,0.0
2019-03-10,92.56,94.76,92.37,94.69,797598,0.0
2019-03-11,95.07,96.12,94.625,95.93,613661,0.0
2019-03-12,96.35,97.4,96.16,97,610412,0.0
2019-03-13,96.78,97,96.1,96.64,371653,0.0
2019-03-14,96.88,97.82,96.4461,97.82,530229,0.0
2019-03-17,97.62,98.02,96.31,97.045,541492,0.0
2019-03-18,97.46,98.22,97.03,97.6,434284,0.0
2019-03-19,97.36,97.8,96.5125,97.17,615299,0.0
2019-03-20,97.33,99.29,97.25,98.56,616887,0.0
2019-03-21,98.42,98.62,95.84,95.86,598884,0.0
2019-03-24,95.98,96,94.8,95.7,460873,0.0
2019-03-25,96.47,96.76,95.23,95.69,567011,0.0
2019-03-26,96.02,96.02,93.77,94.19,517479,0.0
2019-03-27,94.72,95.52,93.74,95.115,556482,0.0
2019-03-28,95.83,96.67,95.49,96.405,827991,0.0
2019-03-31,97.27,98.89,97.05,98.59,305692,0.0
2019-04-01,98.6,99.8,98.17,99.32,500967,0.0
2019-04-02,99.98,101.06,99.45,100.47,579119,0.0
2019-04-03,100.71,100.94,100.045,100.57,530073,0.0
2019-04-04,100.95,101.179,100.37,100.85,448271,0.0
2019-04-07,100.54,102.07,99.18,101.98,730379,0.0
2019-04-08,101.67,102.12,101.32,102.02,547659,0.0
2019-04-09,102.04,104.52,101.9668,104.06,884046,0.0
2019-04-10,104.96,107.09,104.49,106.7,848147,0.0
2019-04-11,106.49,107.26,105.94,107.02,971190,0.0
2019-04-14,107.41,108.28,106.71,108.13,769388,0.0
2019-04-15,108.17,108.57,107.45,107.69,696108,0.0
2019-04-16,107.61,107.6651,104.66,105.21,642680,0.0
2019-04-17,105.61,105.68,104.69,105.39,453599,0.0
2019-04-21,105.24,105.39,104.61,104.91,478941,0.0
2019-04-22,105.04,106.4,104.8454,106.06,668509,0.0
2019-04-23,106.25,106.98,106.25,106.38,433829,0.0
2019-04-24,106.53,106.53,104.645,105.26,459409,0.0
2019-04-25,104.46,105.35,104.04,105.35,472372,0.0
2019-04-28,105.12,105.5,104.375,104.87,437022,0.0
2019-04-29,104.88,105.72,104.02,105.6,742188,0.0
2019-04-30,110.46,111.59,107.34,107.42,640870,0.0
2019-05-01,107.31,108.81,106.42,107.73,541969,0.0
2019-05-02,108.46,109.42,107.76,109.1,470092,0.0
2019-05-05,106.96,109.21,106.7,109.05,325586,0.0
2019-05-06,108,108.33,105.82,106.78,493933,0.0
2019-05-07,106.28,107,105.53,105.59,540094,0.0
2019-05-08,104.8,105.55,103.37,105.46,738787,0.0
2019-05-09,105.02,106.86,104,106.52,665516,0.0
2019-05-12,104.29,105.14,101.8701,101.93,603124,0.0
2019-05-13,102.54,103.98,102.28,103.25,702755,0.0
2019-05-14,102.86,104.71,102.84,104.2,538385,0.0
2019-05-15,104.58,106.18,104.58,105.86,657569,0.0
2019-05-16,105.04,106.72,104.21,104.32,611178,0.0
2019-05-19,103.41,104.88,102.93,104.34,426776,0.0
2019-05-20,105.32,106.63,105.32,106.31,460889,0.0
2019-05-21,106.11,106.56,105.25,106.085,502045,0.0
2019-05-22,104.62,105.3619,102.12,102.27,644439,0.0
2019-05-23,103.07,103.6,101.91,103.15,350016,0.0
2019-05-27,103.64,104.55,102.75,102.93,355739,0.0
2019-05-28,102.62,103.52,101.78,102.99,620978,0.0
2019-05-29,103.25,104.3,102.08,102.48,477833,0.0
2019-05-30,101.52,101.7161,97.93,98.36,909416,0.0
2019-06-02,98.44,99.7,98.34,99.42,1035785,0.0
2019-06-03,100.14,102.56,100,102.49,627320,0.0
2019-06-04,103.46,103.7486,101.51,103.18,300788,0.0
2019-06-05,104.06,104.7037,103.16,104.23,439378,0.0
2019-06-06,104.88,106.1,104.56,104.87,355272,0.0
2019-06-09,105.9,107.56,105.69,106.4,419076,0.0
2019-06-10,107.41,107.97,105.69,105.85,418451,0.0
2019-06-11,105.45,106.33,104.83,105.42,371570,0.0
2019-06-12,106.02,106.31,105.42,106.11,1131930,0.0
2019-06-13,105.94,106.4,104.18,104.21,753387,0.0
2019-06-16,104.22,104.95,103.4,104.21,591606,0.0
2019-06-17,105.52,106.185,104,104.22,569966,0.0
2019-06-18,104.27,105.36,104.01,104.98,644914,0.0
2019-06-19,106.48,109.32,106.1,108.16,872588,0.0
2019-06-20,107.79,109.87,106.755,108.59,851845,0.0
2019-06-23,108.69,109.04,107.31,107.54,751898,0.0
2019-06-24,107.64,108.97,107.25,107.45,551054,0.0
2019-06-25,108.04,108.95,107.98,108.62,482416,0.0
2019-06-26,108.71,110.54,108.35,110.4,544224,0.0
2019-06-27,110.82,111.42,110.04,111.05,952129,0.0
2019-06-30,112.95,113.59,111.41,112.53,694688,0.0
2019-07-01,112.57,113.235,112.16,112.76,591952,0.0
2019-07-02,112.96,114.34,112.7819,113.49,397985,0.0
2019-07-04,113.22,113.93,112.53,113.73,511869,0.0
2019-07-07,113.09,113.09,110.12,110.44,625104,0.0
2019-07-08,109.63,113.11,109.29,112.76,1065545,0.0
2019-07-09,113.14,113.7672,111.72,112.47,702330,0.0
2019-07-10,112.69,113.84,111.135,113.57,601521,0.0
2019-07-11,113.75,116.34,113.645,116.3,561035,0.0
2019-07-14,116.22,116.41,115,115.94,803890,0.0
2019-07-15,115.57,115.92,114.05,114.36,720327,0.0
2019-07-16,114.14,114.6,113.38,113.48,587815,0.0
2019-07-17,113.19,113.4177,111.35,112.46,989784,0.0
2019-07-18,112.99,114.55,112.51,112.51,545947,0.0
2019-07-21,113.24,113.53,112.24,112.3,509235,0.0
2019-07-22,112.8,113.72,112.15,113.6,485928,0.0
2019-07-23,113.21,114.05,112.83,113.58,537411,0.0
2019-07-24,113,114.49,112.455,114.21,389288,0.0
2019-07-25,115.63,115.98,114.36,114.45,348502,0.0
2019-07-28,114.39,114.52,112.59,112.83,632878,0.0
2019-07-29,112.56,113.97,112.11,113.55,1265841,0.0
2019-07-30,115.2,119.72,115.2,118.03,925953,0.0
2019-07-31,118.5,120.82,117.8,118.55,1215387,0.0
2019-08-01,117.44,117.625,113.91,116.39,682241,0.0
2019-08-04,111.69,111.84,106.85,107.38,803510,0.0
2019-08-05,108.03,109.25,107.825,108.32,704393,0.0
2019-08-06,106.72,109.15,105.9876,108.71,575571,0.0
2019-08-07,109.96,113.066,109.5,112.69,467880,0.0
2019-08-08,111.93,115.35,111.3,114.83,603223,0.0
2019-08-11,114,114.38,111.93,112.36,429015,0.0
2019-08-12,112.01,114.63,110.88,113.35,489349,0.0
2019-08-13,110.73,112.085,109.74,109.83,496747,0.0
2019-08-14,109.9,110.68,108.35,108.64,478120,0.0
2019-08-15,109.29,112.285,109.07,111.62,452910,0.0
2019-08-18,114.37,115.885,113.031,114.32,597985,0.0
2019-08-19,114.59,115.4,113.6,113.82,325052,0.0
2019-08-20,114.77,116.69,114.36,115.76,266229,0.0
2019-08-21,115.96,117.95,115.315,116.52,452922,0.0
2019-08-22,115.22,115.71,111.75,112.19,421484,0.0
2019-08-25,114.15,114.15,111.91,112.75,509050,0.0
2019-08-26,113.72,113.97,112.49,112.58,321545,0.0
2019-08-27,112.14,112.49,111.5,111.78,529595,0.0
2019-08-28,113.63,115.245,113.63,114.77,716591,0.0
2019-08-29,115.53,116.5,113.59,115.6,524157,0.0
2019-09-02,115.52,116.33,113.95,115.95,639088,0.0
2019-09-03,117.02,118.65,116.7,118.05,600041,0.0
2019-09-04,119.27,119.99,117.59,118.47,504327,0.0
2019-09-05,118.91,118.91,117.55,118.41,523961,0.0
2019-09-08,119,119.32,116.6525,117.51,466092,0.0
2019-09-09,116.65,116.87,110.7565,111.68,831239,0.0
2019-09-10,111.75,112.92,110.092,112.91,586006,0.0
2019-09-11,112.78,114.616,111.055,114.31,580120,0.0
2019-09-12,113.89,113.975,110.97,111.81,580942,0.0
2019-09-15,111.6,116.02,110.5154,113,977302,0.0
2019-09-16,112.68,114.62,111,113.8,657323,0.0
2019-09-17,121,122.2,118.79,120.6,7039693,0.0
2019-09-18,119.89,122.91,119.64,121.79,2855089,0.0
2019-09-19,122.07,122.39,118.84,121.34,4506719,0.0
2019-09-22,120.88,121.76,119.205,119.32,1972092,0.0
2019-09-23,119.57,120.47,117.26,118.7,1441792,0.0
2019-09-24,118.47,121.79,117.05,121.51,1309524,0.0
2019-09-25,121.52,124.34,120.125,123.44,1527959,0.0
2019-09-26,123.14,124.08,120.94,121.86,1207451,0.0
2019-09-29,122.42,123.52,121.65,123.24,1017848,0.0
2019-09-30,123.43,124.49,121.1,121.12,1153221,0.0
2019-10-01,121.29,121.2976,118.8986,119.79,934078,0.0
2019-10-02,119.64,120.78,117.5501,119.68,1011520,0.0
2019-10-03,120.01,122.61,119.84,122.4,2339464,0.0
2019-10-06,122.34,124.11,121.05,123.12,1492577,0.0
2019-10-07,121.93,124.06,121.445,122.98,3196128,0.0
2019-10-08,123.86,123.86,120.92,121.8,2322247,0.0
2019-10-09,121.34,122.85,120.995,122.54,2087272,0.0
2019-10-10,123.97,125.41,123.24,124.42,1388575,0.0
2019-10-13,124.32,124.4,123.2,123.29,820021,0.0
2019-10-14,123.33,124.34,123,123.36,1600863,0.0
2019-10-15,123.37,124.925,123.01,123.66,1248692,0.0
2019-10-16,123.92,124.75,122.78,123.96,1161783,0.0
2019-10-17,124.43,125,122.7,123.89,1461287,0.0
2019-10-20,124.3,125.215,123.93,124.06,495045,0.0
2019-10-21,124.89,124.98,122.21,122.41,754635,0.0
2019-10-22,122.1,123.26,121.75,123.07,573112,0.0
2019-10-23,124.03,124.5116,122.94,124.44,617041,0.0
2019-10-24,123.85,125.0575,123.54,124.84,626672,0.0
2019-10-27,126.08,127.01,125.6538,125.99,703678,0.0
2019-10-28,125.12,127.25,125.11,126.2,863553,0.0
2019-10-29,126.15,127.51,124.91,127.39,927544,0.0
2019-10-30,131.5,132.35,127.42,127.92,1541703,0.0
2019-10-31,128.96,131.4,128.47,131.19,976869,0.0
2019-11-03,132.34,133.44,131.41,131.79,1103205,0.0
2019-11-04,131.99,136.31,131.59,135.81,1059973,0.0
2019-11-05,135.2,135.605,132.35,132.96,1111863,0.0
2019-11-06,132.81,134.04,132.41,132.9,841455,0.0
2019-11-07,132.48,134.1,132.0073,133.51,630198,0.0
2019-11-10,132.98,134.53,132.6,134.11,786967,0.0
2019-11-11,133.77,134.45,132.25,133.86,855200,0.0
2019-11-12,133.25,135.57,133.125,135.5,759300,0.0
2019-11-13,134.81,135.2528,132.5501,132.82,967773,0.0
2019-11-14,134.19,136.63,133.4,136.55,901099,0.0
2019-11-17,136.1,137.9,135.71,137.64,504671,0.0
2019-11-18,138.78,138.88,137.55,137.79,511307,0.0
2019-11-19,137.35,138.79,136.7,137.72,436486,0.0
2019-11-20,137.6,137.81,136.35,137.59,529596,0.0
2019-11-21,137.79,137.84,136.18,136.45,543482,0.0
2019-11-24,137.04,138.49,136.36,138.02,471300,0.0
2019-11-25,137.92,138.38,136.81,136.98,543941,0.0
2019-11-26,137.25,137.25,133.98,136.45,654668,0.0
2019-11-28,136.04,136.88,134.84,135.09,374642,0.0
2019-12-01,135.9,135.9,133.24,134.08,1023809,0.0
2019-12-02,132.27,133.42,130.82,133.11,726051,0.0
2019-12-03,134.47,135.91,134.29,135.33,524420,0.0
2019-12-04,135.5,135.84,134.275,134.44,393583,0.0
2019-12-05,135.32,136.89,135.05,136.67,602585,0.0
2019-12-08,136.37,136.59,134.2,134.34,533451,0.0
2019-12-09,134.16,135.82,134,135.75,471083,0.0
2019-12-10,135.74,135.96,134.99,135.63,464517,0.0
2019-12-11,135.88,137.65,135.26,136.76,438189,0.0
2019-12-12,136.75,137.88,135.9287,137.73,392641,0.0
2019-12-15,139.07,141.75,139.07,140.69,1128853,0.0
2019-12-16,140.14,141.11,138.46,139.33,866649,0.0
2019-12-17,139.36,140.91,139.35,140.62,652298,0.0
2019-12-18,140.76,142.41,140.23,142.27,734740,0.0
2019-12-19,143.38,144.21,141.725,143.93,1386857,0.0
2019-12-22,144,144.17,141.96,142.82,668430,0.0
2019-12-23,143.07,143.45,142.55,142.97,164870,0.0
2019-12-25,143.06,144.73,143,144.64,372535,0.0
2019-12-26,144.78,144.95,143.52,143.98,306957,0.0
2019-12-29,143.87,143.9,142.1,142.78,401070,0.0
2019-12-30,142.21,143.155,141.94,142.79,354538,0.0
2020-01-01,144.49,144.49,141.775,143.86,780518,0.0
2020-01-02,141.99,143.44,141.81,142.1,728694,0.0
2020-01-05,141,141.65,140.295,141.05,769866,0.0
2020-01-06,141.19,141.78,140.655,140.92,646941,0.0
2020-01-07,141.01,141.84,140.32,140.71,810763,0.0
2020-01-08,141.28,143,141.05,141.9786,647640,0.0
2020-01-09,142.42,143.93,141.23,142.36,582998,0.0
2020-01-12,142.76,143.72,141.86,143.4,1109808,0.0
2020-01-13,143.35,145.06,142.795,143.95,731499,0.0
2020-01-14,143.89,145.4,143.44,144.6,562283,0.0
2020-01-15,145.48,146.09,143.58,144.2,695170,0.0
2020-01-16,140.89,141.45,136.08,136.87,2135550,0.0
2020-01-20,136.14,138.12,135.83,135.99,2629147,0.0
2020-01-21,137.18,138.25,136.35,136.53,1947610,0.0
2020-01-22,136.58,138.85,135.47,138.73,1767132,0.0
2020-01-23,139.04,139.5,137.15,137.92,1329829,0.0
2020-01-26,135.48,136.05,133.76,133.87,683872,0.0
2020-01-27,134.66,135.73,133.91,135.45,958383,0.0
2020-01-28,135.9,136.32,134.34,134.83,654009,0.0
2020-01-29,133.24,134.715,132.7307,133.87,826691,0.0
2020-01-30,133.39,133.72,129.92,130.43,902623,0.0
2020-02-02,130.74,133.76,130.54,132.93,1155083,0.0
2020-02-03,134.47,136.2406,133.9926,136.15,906899,0.0
2020-02-04,137.22,137.4896,134.89,136.03,1005500,0.0
2020-02-05,134.51,138.45,133.68,134.63,1084817,0.0
2020-02-06,134.41,134.49,131.17,132.65,1070857,0.0
2020-02-09,132.66,134.07,132.5,133.99,781691,0.0
2020-02-10,134.31,136.18,133.33,135.98,1026242,0.0
2020-02-11,136,137.56,135.69,136.6,775822,0.0
2020-02-12,135.3,137.31,134.8853,137.3,743370,0.0
2020-02-13,137.94,138.96,137.055,138.33,1012012,0.0
2020-02-17,137.47,137.655,133.33,134.87,794870,0.0
2020-02-18,135.27,137.36,135.08,136.64,594090,0.0
2020-02-19,136.53,138.44,135.76,138.23,593447,0.0
2020-02-20,137.37,138.3,133.145,133.89,735284,0.0
2020-02-23,131.39,132.87,128.36,129.54,1218480,0.0
2020-02-24,130.34,131.07,124.75,125.16,1117637,0.0
2020-02-25,125.79,129.17,124.68,124.81,914314,0.0
2020-02-26,121.74,121.98,116.04,116.04,1759567,0.0
2020-02-27,113.29,117.87,110.92,114.35,2515211,0.0
2020-03-01,115.36,119.97,113.125,119.95,1870104,0.0
2020-03-02,118.15,120.91,113.87,115.62,1314659,0.0
2020-03-03,117.81,119.26,115.94,119.16,1095358,0.0
2020-03-04,115.99,116.77,111.68,113.8,1441896,0.0
2020-03-05,108.96,112.01,108.32,111.64,1376661,0.0
2020-03-08,102.15,105.52,98.19,98.22,4797316,0.0
2020-03-09,102.18,104.07,99.075,104.07,1601060,0.0
2020-03-10,100.37,104.64,100.37,102.87,2587212,0.0
2020-03-11,96.01,101.38,91.25,91.73,2433414,0.0
2020-03-12,96.52,101.38,92.51,101.3,1868580,0.0
2020-03-15,88.06,91.58,85.01,86.97,2295476,0.0
2020-03-16,88.68,89.47,84.36,87.25,3640516,0.0
2020-03-17,80.99,88.58,75.2,84.22,1752413,0.0
2020-03-18,84.07,89.45,78.7628,88.26,1724477,0.0
2020-03-19,89.66,91.03,79.33,79.55,1661160,0.0
2020-03-22,78.38,87,73.39,85.6,2030888,0.0
2020-03-23,90.24,95.475,88.8,93.93,1543823,0.0
2020-03-24,92.66,96.79,90.41,91.82,1475446,0.0
2020-03-25,91.5,101.9,90.01,100.81,1364765,0.0
2020-03-26,95.86,97.8,92.52,93.57,1124157,0.0
2020-03-29,92.01,97.75,91.82,96.92,781620,0.0
2020-03-30,96.44,98.41,92.46,93.26,1266482,0.0
2020-03-31,89.32,92.6701,88.01,88.83,1385964,0.0
2020-04-01,86.63,89.29,85.78,87.92,2549986,0.0
2020-04-02,87.44,89.77,85.88,86.89,890656,0.0
2020-04-05,92.64,96.29,91.3,95.71,1009746,0.0
2020-04-06,101.52,102.96,98.51,98.63,1004753,0.0
2020-04-07,99.53,103.29,98.5,102.27,876868,0.0
2020-04-08,104.2,107.805,103.28,106.21,1181834,0.0
2020-04-12,105.91,107,101.58,103.88,720201,0.0
2020-04-13,104.66,107.24,104.66,106.71,1692334,0.0
2020-04-14,102.43,105.35,102.42,103.75,1210138,0.0
2020-04-15,103.83,105.69,101.1,104.2,2400490,0.0
2020-04-16,106.14,109.03,105.64,108.85,3169518,0.0
2020-04-19,106.47,107.11,104.51,105.66,2279047,0.0
2020-04-20,102.7,103.75,98.12,98.85,3402556,0.0
2020-04-21,100.9,102.84,99.36,101.86,2387268,0.0
2020-04-22,102.51,104.34,100.7,100.86,1438196,0.0
2020-04-23,103.05,105.71,102.335,104.77,2579730,0.0
2020-04-26,104.77,107.04,104.6,106.31,1008696,0.0
2020-04-27,108.62,109.06,106.18,107.12,787562,0.0
2020-04-28,109.17,112.14,108.43,111.25,1477116,0.0
2020-04-29,110.93,111.19,108.95,110.85,981384,0.0
2020-04-30,108.22,108.69,106.18,106.83,1409468,0.0
2020-05-03,106.22,108.34,104.46,108.12,580344,0.0
2020-05-04,107.83,111.005,107.63,110.16,1396574,0.0
2020-05-05,110.61,111.3,104.66,106.77,1064543,0.0
2020-05-06,106.47,108.89,104.97,106.6716,1611754,0.0
2020-05-07,108.05,109.83,107.54,108.5,497649,0.0
2020-05-10,106.97,107.31,104.97,104.98,628163,0.0
2020-05-11,105.38,106.32,101.96,101.98,1298422,0.0
2020-05-12,100.99,102.77,96.5,97.99,872726,0.0
2020-05-13,95.27,99.825,93.75,99.79,1013937,0.0
2020-05-14,98.01,98.81,96.91,97.81,1100761,0.0
2020-05-17,102.48,107.14,101.49,106.45,3071714,0.0
2020-05-18,106.36,108.51,105.11,106.06,816502,0.0
2020-05-19,105.83,109.39,105.83,109.28,1553226,0.0
2020-05-20,108.44,109.9602,107.01,107.2,872336,0.0
2020-05-21,106.23,106.7,105.41,105.82,1042500,0.0
2020-05-25,108.56,110.52,107.97,108.01,772393,0.0
2020-05-26,109.61,110.38,107.11,110.3,726889,0.0
2020-05-27,110,111.66,108.393,109.65,548187,0.0
2020-05-28,110.42,111.5,108.34,110.92,1745682,0.0
2020-05-31,110.26,113.2,109.58,111.91,1059594,0.0
2020-06-01,111.97,113.645,111.6,113.27,1128674,0.0
2020-06-02,113.51,115.75,113.51,115.06,994230,0.0
2020-06-03,114.4,117,114.01,116.75,1855122,0.0
2020-06-04,119.34,126,119.3167,125.44,1830901,0.0
2020-06-07,126.4,129.23,125.35,128.34,1493994,0.0
2020-06-08,126.57,127.14,124.295,124.46,2269366,0.0
2020-06-09,124.11,124.52,121.48,121.66,1557104,0.0
2020-06-10,120.24,120.6,110.53,110.54,804017,0.0
2020-06-11,113.9,116.02,113.0199,113.0199,353946,0.0
2020-06-14,111,114.075,108.64,113.95,1488169,0.0
2020-06-15,118.04,120.65,115.85,119.37,1090818,0.0
2020-06-16,119.99,120.43,116.64,117.15,1124900,0.0
2020-06-17,116.54,117.56,115.64,117.25,496556,0.0
2020-06-18,117.86,121,116.33,116.97,1692289,0.0
2020-06-21,115.99,116.58,114.64,116.15,579965,0.0
2020-06-22,117.99,117.99,115.52,115.95,820989,0.0
2020-06-23,114.79,114.84,110.39,111.53,737584,0.0
2020-06-24,111.7,112.7799,109.7,112.37,624798,0.0
2020-06-25,112.8,112.8,108.16,108.49,1197825,0.0
2020-06-28,112.65,115.165,111.5,114,1786241,0.0
2020-06-29,113.6,116.895,112.5,116.17,770226,0.0
2020-06-30,116.03,117.91,115.16,115.54,734405,0.0
2020-07-01,116.78,118.7574,116.5,117.1,677520,0.0
