Date,Open,High,Low,Close,Volume,OpenInterest
2016-07-11,60.07,61.26,60.02,60.74,1738745,0.0
2016-07-12,61.15,61.1997,60.225,60.36,1489908,0.0
2016-07-13,60.86,60.96,60.08,60.79,1033057,0.0
2016-07-14,61.03,61.25,60.53,60.58,1284592,0.0
2016-07-17,60.48,60.93,60.4,60.91,802467,0.0
2016-07-18,60.55,61.1,60.495,60.63,964492,0.0
2016-07-19,60.68,62.28,60.68,62.03,1343958,0.0
2016-07-20,61.75,62.34,61.68,61.985,1221411,0.0
2016-07-21,62.13,62.16,61.25,61.95,1079623,0.0
2016-07-24,61.79,62.1,61.42,62.07,743802,0.0
2016-07-25,62.11,62.38,61.78,62.25,582221,0.0
2016-07-26,62.14,62.28,61.46,61.955,1010392,0.0
2016-07-27,62.01,62.61,61.94,62.23,991653,0.0
2016-07-28,62.31,62.71,62.02,62.39,1238311,0.0
2016-07-31,62.33,62.708,62,62.21,1490808,0.0
2016-08-01,62.06,62.4699,61.37,61.95,2814086,0.0
2016-08-02,63.69,66.74,62.65,66.3,6325492,0.0
2016-08-03,65.97,67.025,65.92,66.31,1895452,0.0
2016-08-04,66.3,67.44,65.72,66.87,1965213,0.0
2016-08-07,66.85,67.48,66.53,67.32,1462575,0.0
2016-08-08,67.39,67.5,66.87,66.92,1420680,0.0
2016-08-09,67.19,67.35,66.36,66.94,895761,0.0
2016-08-10,66.63,67.26,66.5,67.06,1037184,0.0
2016-08-11,66.72,66.98,66.18,66.46,1684387,0.0
2016-08-14,66.46,66.79,66.08,66.62,1387330,0.0
2016-08-15,66.58,66.68,65.69,65.98,1103321,0.0
2016-08-16,66.24,66.25,64.92,65.35,2139929,0.0
2016-08-17,65.35,65.5,64.91,65.15,1524552,0.0
2016-08-18,65.15,65.16,64.44,64.71,1732497,0.0
2016-08-21,64.64,65.08,64.2048,64.6289,1519354,0.0
2016-08-22,65.01,65.71,64.56,64.59,936388,0.0
2016-08-23,64.19,64.97,64.13,64.51,1262130,0.0
2016-08-24,64.41,64.86,63.77,64.48,1019145,0.0
2016-08-25,64.33,64.89,64.11,64.64,974089,0.0
2016-08-28,64.43,65.24,64.03,65,774512,0.0
2016-08-29,64.97,65.17,64.47,64.75,955023,0.0
2016-08-30,64.74,64.92,63.01,64.54,847632,0.0
2016-08-31,64.75,65.14,64.045,65,1080159,0.0
2016-09-01,65.27,65.32,64.44,64.76,775773,0.0
2016-09-05,64.73,64.99,64.39,64.955,571678,0.0
2016-09-06,64.95,65.28,64.74,65,489889,0.0
2016-09-07,64.34,64.69,63.7,64.14,1578196,0.0
2016-09-08,63.66,63.9659,62.14,62.24,3220439,0.0
2016-09-11,62.1,62.93,61.623,62.82,1325463,0.0
2016-09-12,62.4,62.81,61.27,61.95,1476830,0.0
2016-09-13,61.79,62.37,61.49,62.19,1552591,0.0
2016-09-14,62.16,63.13,62.01,62.77,1396163,0.0
2016-09-15,62.8,62.82,61.8196,62,2216782,0.0
2016-09-18,62.3,62.515,61.43,61.49,1060157,0.0
2016-09-19,61.69,62.38,61.55,62.11,1443376,0.0
2016-09-20,62.1,62.48,61.7,62.37,988394,0.0
2016-09-21,62.81,63.08,62.575,62.98,852458,0.0
2016-09-22,62.65,63.18,62.58,62.76,1044079,0.0
2016-09-25,62.39,62.5,61.74,61.94,870303,0.0
2016-09-26,61.93,62.41,61.835,62.16,912671,0.0
2016-09-27,62.31,62.5279,61.86,62.43,676730,0.0
2016-09-28,62.43,62.43,61.43,61.53,682446,0.0
2016-09-29,61.87,62.06,61.19,61.74,1690592,0.0
2016-10-02,61.62,61.72,60.78,61.42,1133438,0.0
2016-10-03,61.37,61.759,60.77,60.91,678338,0.0
2016-10-04,61.01,61.555,61.01,61.25,932314,0.0
2016-10-05,60.89,61.42,60.67,60.86,746224,0.0
2016-10-06,61.2,61.23,60.57,61.13,890142,0.0
2016-10-09,61.48,61.91,61.42,61.79,683268,0.0
2016-10-10,62.53,62.53,60.26,60.74,1215098,0.0
2016-10-11,60.87,61.46,60.75,61.03,1227262,0.0
2016-10-12,60.6,61.39,60.2201,61.26,1403139,0.0
2016-10-13,61.5,61.82,60.76,60.95,929594,0.0
2016-10-16,60.93,61.04,60.57,60.825,1186280,0.0
2016-10-17,61.41,61.7499,61.14,61.15,638903,0.0
2016-10-18,60.17,61.15,60.16,60.68,430254,0.0
2016-10-19,60.73,61.21,60.49,60.99,839270,0.0
2016-10-20,60.68,60.87,58.405,58.46,2767708,0.0
2016-10-23,58.74,59.74,58.5001,59.33,1981377,0.0
2016-10-24,59.33,59.63,58.77,58.9,1504733,0.0
2016-10-25,58.77,58.77,57.935,58.24,917723,0.0
2016-10-26,58.38,58.5,57.57,57.76,1083062,0.0
2016-10-27,57.68,58.59,57.3115,58.4,1451593,0.0
2016-10-30,58.51,58.8,58.12,58.57,2021255,0.0
2016-10-31,58.52,58.6304,56.91,57.34,4147642,0.0
2016-11-01,53.44,54.49,52.78,53.15,10800650,0.0
2016-11-02,54.26,54.26,52.79,52.81,3392836,0.0
2016-11-03,52.7,53.12,52,52.32,2947611,0.0
2016-11-06,52.2,52.78,50.72,52.65,4519473,0.0
2016-11-07,52.81,52.86,52.18,52.66,2244520,0.0
2016-11-08,50.22,51.1308,49.56,50.8,7909311,0.0
2016-11-09,51.28,51.53,49.29,49.45,6551412,0.0
2016-11-10,49.46,49.6604,48.08,48.47,5388477,0.0
2016-11-13,48.77,49.82,48.52,48.68,5388729,0.0
2016-11-14,48.04,49.33,48.04,49.2,4086209,0.0
2016-11-15,49.13,49.31,48.88,48.93,3696065,0.0
2016-11-16,49.01,50.005,48.66,49.59,9049309,0.0
2016-11-17,49.55,49.9,49.43,49.55,3118637,0.0
2016-11-20,49.58,50.635,49.5,50.51,2699560,0.0
2016-11-21,50.52,50.5805,49.75,50.06,3611314,0.0
2016-11-22,50.02,50.62,50,50.51,3258722,0.0
2016-11-24,50.65,50.91,50.44,50.49,1083079,0.0
2016-11-27,50.39,51.06,50.35,50.87,1853260,0.0
2016-11-28,50.74,51.11,49.53,49.77,3391879,0.0
2016-11-29,49.97,50.41,49.17,49.785,2861866,0.0
2016-11-30,49.3,49.87,47.55,47.99,4232158,0.0
2016-12-01,47.95,48.62,47.47,47.84,2677896,0.0
2016-12-04,48.23,48.69,48.08,48.35,2514534,0.0
2016-12-05,48.63,48.64,47.46,47.55,3384733,0.0
2016-12-06,47.6,48.28,47.4,48,2704110,0.0
2016-12-07,47.99,48.24,47.7715,48.07,1334830,0.0
2016-12-08,48.1,48.53,48.02,48.4,1125004,0.0
2016-12-11,48.27,48.92,48.11,48.88,1352896,0.0
2016-12-12,47.46,48.63,47.01,48.21,3659314,0.0
2016-12-13,48.2,49.3,47.95,48.02,3549339,0.0
2016-12-14,49.92,50.29,48.8,49.155,3982504,0.0
2016-12-15,49.13,49.19,48.46,48.92,2188252,0.0
2016-12-18,48.8,49.225,48.58,48.69,1018179,0.0
2016-12-19,48.51,48.96,48.17,48.49,1306234,0.0
2016-12-20,48.56,48.69,48.02,48.54,1345673,0.0
2016-12-21,48.4,48.51,47.59,47.81,1571780,0.0
2016-12-22,47.99,48.77,47.87,48.04,1088598,0.0
2016-12-26,48.11,48.8,48.05,48.28,1141381,0.0
2016-12-27,48.29,48.4,47.37,47.48,1205284,0.0
2016-12-28,47.47,48.13,47.47,47.905,994135,0.0
2016-12-29,48,48.25,47.21,47.37,1225381,0.0
2017-01-02,47.7,49.46,47.58,49.41,2218280,0.0
2017-01-03,49.08,49.22,47.8,47.93,3314178,0.0
2017-01-04,47.98,48.28,47.58,47.65,2222283,0.0
2017-01-05,47.87,47.9,47.09,47.56,3183593,0.0
2017-01-08,47.54,48.148,47.16,47.99,2223298,0.0
2017-01-09,48.52,49.76,48.3,49.28,3469416,0.0
2017-01-10,49.27,50.58,49.27,50.51,4356641,0.0
2017-01-11,50.31,51.355,50.13,51.31,2456519,0.0
2017-01-12,51.28,51.55,51.02,51.35,2030897,0.0
2017-01-16,51.33,52.6,51.0801,52.56,3417305,0.0
2017-01-17,52.81,52.88,51.94,52.28,2793847,0.0
2017-01-18,52.03,52.03,51.32,51.64,1809687,0.0
2017-01-19,51.77,51.96,50.83,51.87,2218358,0.0
2017-01-22,51.86,51.86,50.51,50.79,1608627,0.0
2017-01-23,50.92,51.34,50.33,51.21,1352055,0.0
2017-01-24,51.34,52.3,51.34,52.28,1353763,0.0
2017-01-25,52.27,52.48,51.93,52.44,1645539,0.0
2017-01-26,52.58,53.07,52.32,53.01,1293079,0.0
2017-01-29,52.93,53,52.58,52.94,1364809,0.0
2017-01-30,52.77,53.75,52.77,53.73,1673242,0.0
2017-01-31,53.61,53.92,53.33,53.86,2282107,0.0
2017-02-01,53.81,54.105,53.32,53.61,2801797,0.0
2017-02-02,53.43,53.73,52.165,53.66,3724457,0.0
2017-02-05,53.49,54.09,53.245,54.05,2480904,0.0
2017-02-06,54.07,54.07,53.3,53.595,2446675,0.0
2017-02-07,53.49,53.66,52.71,52.92,2996052,0.0
2017-02-08,53.16,54.11,53.004,53.85,2225204,0.0
2017-02-09,51.5,52.715,51.29,51.5,7470749,0.0
2017-02-12,51.53,52.55,51.2617,52.52,2879709,0.0
2017-02-13,52.63,54.58,52.62,54.55,3905335,0.0
2017-02-14,54.42,55.275,54.3528,55.08,3112359,0.0
2017-02-15,55.24,55.64,54.78,55.61,1668840,0.0
2017-02-16,55.5,56.24,55.19,56.15,2048473,0.0
2017-02-20,56.07,56.59,54.99,55.27,2426111,0.0
2017-02-21,55.45,55.95,55.2,55.36,1459339,0.0
2017-02-22,55.37,55.57,55.09,55.39,1156113,0.0
2017-02-23,54.55,55.63,54.44,55.605,1414706,0.0
2017-02-26,55.56,55.7,54.95,55.35,1092383,0.0
2017-02-27,55.35,55.53,54.9,55.04,1215994,0.0
2017-02-28,55.48,55.59,54.8,55.45,1341089,0.0
2017-03-01,55.33,55.6,55,55.56,1420439,0.0
2017-03-02,55.55,55.78,55.23,55.735,1641894,0.0
2017-03-05,55.6,55.67,55.07,55.07,1466841,0.0
2017-03-06,54.97,55.19,54.56,54.97,1551975,0.0
2017-03-07,54.98,55.08,54.01,54.375,2214124,0.0
2017-03-08,54.59,54.83,54.08,54.77,1718889,0.0
2017-03-09,55.1,55.48,54.67,55.24,1874102,0.0
2017-03-12,55.27,55.53,54.88,55.48,762806,0.0
2017-03-13,55.29,55.39,54.49,55.09,1657075,0.0
2017-03-14,55.23,55.84,55.14,55.72,1494101,0.0
2017-03-15,55.7,56.4,55.5011,56.36,1571149,0.0
2017-03-16,56.44,57.03,56.13,56.615,2204093,0.0
2017-03-19,56.68,56.78,56.32,56.59,1554425,0.0
2017-03-20,56.77,57.05,56.25,56.81,2533358,0.0
2017-03-21,56.91,57,56.195,56.4,2993022,0.0
2017-03-22,56.44,56.83,56.17,56.54,1942620,0.0
2017-03-23,56.79,58.13,56.51,57.775,3356892,0.0
2017-03-26,57.61,59.49,57.48,59.29,4515658,0.0
2017-03-27,59.12,59.42,58.97,59.26,1430557,0.0
2017-03-28,59.02,59.83,58.91,59.15,1990767,0.0
2017-03-29,58.92,59.22,58.53,59.17,1347775,0.0
2017-03-30,59.13,59.25,58.73,58.85,1797756,0.0
2017-04-02,58.87,59.14,58.41,59.01,2678481,0.0
2017-04-03,58.82,59.18,58.57,59.15,1601962,0.0
2017-04-04,59.15,59.98,58.92,59.05,1825767,0.0
2017-04-05,59.08,59.51,58.86,59.5,881034,0.0
2017-04-06,59.53,59.79,58.97,59.605,1314524,0.0
2017-04-09,59.57,59.61,59.04,59.245,1100693,0.0
2017-04-10,59.18,59.69,59.02,59.64,885702,0.0
2017-04-11,59.12,59.78,58.52,58.78,1433314,0.0
2017-04-12,58.7,58.99,58.48,58.6,1134320,0.0
2017-04-16,58.53,59,58.39,58.77,1003797,0.0
2017-04-17,58.76,58.77,58.085,58.32,1181931,0.0
2017-04-18,58.61,59.04,58.51,58.67,878272,0.0
2017-04-19,58.75,59.48,58.371,59.34,984443,0.0
2017-04-20,59.38,59.48,58.675,58.96,1057856,0.0
2017-04-23,59.5,59.5,59.01,59.31,1512745,0.0
2017-04-24,59.15,60.245,59.13,59.435,2272262,0.0
2017-04-25,59.64,59.96,59.45,59.51,2161834,0.0
2017-04-26,59.52,60.46,59.37,60.06,2950552,0.0
2017-04-27,62.59,66.2734,62.16,64.745,8489917,0.0
2017-04-30,64.63,65.81,64.43,65.265,2976740,0.0
2017-05-01,64.84,65.775,64.49,65.27,2467270,0.0
2017-05-02,65.33,65.34,64.225,64.29,2360346,0.0
2017-05-03,64.32,64.615,63.41,64.12,2435247,0.0
2017-05-04,64.39,65.07,64.1,64.89,1361546,0.0
2017-05-07,64.91,65.02,64.5,64.57,1408541,0.0
2017-05-08,64.5,65.31,64.29,64.85,2399930,0.0
2017-05-09,64.75,65.24,64.2,64.71,1460597,0.0
2017-05-10,64.74,64.94,64.12,64.73,1768253,0.0
2017-05-11,64.8,64.89,63.92,64.355,1512275,0.0
2017-05-14,64.75,64.91,64.2,64.28,1546088,0.0
2017-05-15,64.4,65.06,64.27,64.84,1272475,0.0
2017-05-16,64.19,64.34,63.62,63.66,1576826,0.0
2017-05-17,63.69,64.21,63.46,63.81,2969920,0.0
2017-05-18,63.77,64.39,63.57,64.1,2930497,0.0
2017-05-21,64.05,64.76,64,64.59,2461970,0.0
2017-05-22,64.72,64.8999,64.29,64.67,2144494,0.0
2017-05-23,64.82,64.89,64.3,64.36,1032661,0.0
2017-05-24,64.67,65.2,64.55,65.11,1321810,0.0
2017-05-25,65.15,65.18,64.7294,64.96,750936,0.0
2017-05-29,64.78,65.47,64.36,65.42,839217,0.0
2017-05-30,65.4,65.58,64.8773,65.35,994748,0.0
2017-05-31,65.5,66.8589,65.4175,66.69,997779,0.0
2017-06-01,66.74,67.67,66.443,67.42,1289014,0.0
2017-06-04,67.63,69.28,67.0737,67.91,3313509,0.0
2017-06-05,67.94,69.25,67.75,68.23,1638737,0.0
2017-06-06,68.35,68.74,67.77,68.16,785723,0.0
2017-06-07,68.12,68.42,67.56,68.11,732542,0.0
2017-06-08,68.01,68.16,66.05,66.28,1708037,0.0
2017-06-11,67.37,67.37,64.79,65.79,2007091,0.0
2017-06-12,65.82,66.64,65.7,66.465,1074344,0.0
2017-06-13,66.53,66.98,65.46,65.92,897630,0.0
2017-06-14,65.55,66.07,65.15,65.94,876932,0.0
2017-06-15,65.7,66.29,65.53,66.05,1721650,0.0
2017-06-18,66.17,67.4,65.89,67.34,870980,0.0
2017-06-19,67.32,67.4601,66.8,66.85,697497,0.0
2017-06-20,67,67.52,66.86,67.14,694260,0.0
2017-06-21,66.89,67.72,66.77,67.345,714279,0.0
2017-06-22,67.57,68.41,67.15,68.31,1246877,0.0
2017-06-25,68.33,68.71,67.15,67.31,911187,0.0
2017-06-26,67.21,67.385,66.28,66.34,956984,0.0
2017-06-27,66.56,67.29,65.93,67.15,783059,0.0
2017-06-28,67.06,67.14,65.36,66.14,835798,0.0
2017-06-29,66.52,66.83,66.16,66.48,928382,0.0
2017-07-02,66.77,66.98,65.13,65.49,789831,0.0
2017-07-04,65.51,66.89,65.33,66.59,766650,0.0
2017-07-05,66.18,66.57,64.95,65.02,1065462,0.0
2017-07-06,65.29,66.04,65.18,65.74,1076949,0.0
2017-07-09,65.48,65.645,64.62,65.34,1736900,0.0
2017-07-10,65.18,65.46,64.8352,65.31,775011,0.0
2017-07-11,66.16,66.499,65.565,65.71,708848,0.0
2017-07-12,65.94,65.95,64.785,65.22,570356,0.0
2017-07-13,65.33,65.99,65.31,65.82,640952,0.0
2017-07-16,65.85,66.45,65.56,66.24,967196,0.0
2017-07-17,66.17,66.22,65.48,66.15,659666,0.0
2017-07-18,66.34,66.34,65.46,65.571,724613,0.0
2017-07-19,65.71,65.93,65.26,65.48,728790,0.0
2017-07-20,65.21,65.83,65.12,65.37,762735,0.0
2017-07-23,65.25,65.77,65,65.76,706439,0.0
2017-07-24,65.82,65.97,65.31,65.55,710996,0.0
2017-07-25,65.57,65.9,64.43,64.62,1174729,0.0
2017-07-26,63.43,64.08,62.57,63.53,2380175,0.0
2017-07-27,64.6,65.61,64.17,64.62,2198237,0.0
2017-07-30,64.48,65.4,64.04,64.38,977409,0.0
2017-07-31,64.48,64.97,64.15,64.81,1288865,0.0
2017-08-01,64.81,64.85,63.88,64.07,1106606,0.0
2017-08-02,63.9,64.29,63.25,63.57,1433054,0.0
2017-08-03,63.53,63.97,62.9,63.08,1009608,0.0
2017-08-06,63.14,63.65,62.74,63.38,1101000,0.0
2017-08-07,63.18,63.49,62.86,63.15,896648,0.0
2017-08-08,62.97,63.05,62.36,62.5,1119155,0.0
2017-08-09,62.58,62.71,61.55,61.61,1190859,0.0
2017-08-10,61.85,62.32,61.53,62.11,867067,0.0
2017-08-13,62.36,63.25,62.35,62.9,1009429,0.0
2017-08-14,62.96,63.61,62.67,63.45,869959,0.0
2017-08-15,63.45,64.01,63.15,63.97,1214803,0.0
2017-08-16,63.81,64.69,63.3,63.36,1488635,0.0
2017-08-17,63.28,64.565,63.19,64.24,1739516,0.0
2017-08-20,64.19,64.97,63.69,64.94,1096173,0.0
2017-08-21,65.01,65.55,64.76,65.37,860993,0.0
2017-08-22,65.22,65.39,64.6,64.79,901157,0.0
2017-08-23,64.81,65.36,64.36,65.05,1121896,0.0
2017-08-24,65.34,65.5,65.01,65.25,887690,0.0
2017-08-27,65.3,65.49,64.45,64.64,1211056,0.0
2017-08-28,64.27,65.77,64.02,65.27,1070281,0.0
2017-08-29,65.18,66.29,64.86,66.13,824541,0.0
2017-08-30,66.26,67.8516,65.99,67.79,1474273,0.0
2017-08-31,67.86,68.42,67.1,68.28,1245871,0.0
2017-09-04,67.97,68.45,66.91,67.56,1714559,0.0
2017-09-05,67.86,68.27,67.3,67.64,999087,0.0
2017-09-06,67.71,69.91,67.65,69,2161730,0.0
2017-09-07,69.17,69.85,68.79,69.35,1245624,0.0
2017-09-10,69.61,70.5,69.3,70.49,1345732,0.0
2017-09-11,70.3,71.07,69.88,70.97,1188641,0.0
2017-09-12,70.7,71.13,70.25,70.51,1226993,0.0
2017-09-13,70,72.27,69.77,71.93,2522763,0.0
2017-09-14,71.92,72.19,71.26,71.62,2162757,0.0
2017-09-17,71.43,71.43,69.07,69.32,2307459,0.0
2017-09-18,70.18,70.3,69.42,69.66,2065884,0.0
2017-09-19,69.78,69.95,68.87,69.69,926964,0.0
2017-09-20,69.66,69.95,69.2,69.49,613429,0.0
2017-09-21,69.32,69.72,68.97,69.62,765396,0.0
2017-09-24,69.46,69.75,68.68,69.39,759494,0.0
2017-09-25,69.51,70,69.08,69.86,2022716,0.0
2017-09-26,70,71.49,69.85,71.06,1402797,0.0
2017-09-27,70.64,71.38,70.53,70.79,1049283,0.0
2017-09-28,70.95,71.46,70.65,71.31,1206113,0.0
2017-10-01,71.35,72.82,71.33,72.32,1597339,0.0
2017-10-02,72.2,72.76,71.91,72.06,1382305,0.0
2017-10-03,72.02,72.41,71.58,71.8,947704,0.0
2017-10-04,72.02,72.05,71.23,71.56,1332834,0.0
2017-10-05,71.53,71.895,71.26,71.53,712915,0.0
2017-10-08,71.52,71.72,71.29,71.44,919927,0.0
2017-10-09,71.62,71.65,71.265,71.42,1183063,0.0
2017-10-10,71.08,71.58,70.91,71.5,977384,0.0
2017-10-11,71.64,72.07,71.39,71.74,1532511,0.0
2017-10-12,73.06,73.86,72.07,73.57,1657618,0.0
2017-10-15,73.5,73.57,71.46,72.09,1715944,0.0
2017-10-16,71.97,72.81,71.9,72.52,1304775,0.0
2017-10-17,72.4,72.75,72.16,72.68,597307,0.0
2017-10-18,72.66,73.34,72.21,72.795,1033580,0.0
2017-10-19,72.83,73.3715,72.51,73.01,2401368,0.0
2017-10-22,73.22,73.46,72.325,72.45,1482910,0.0
2017-10-23,73,73.03,72.17,72.38,3111184,0.0
2017-10-24,72.08,72.46,71.72,71.82,1931395,0.0
2017-10-25,72.14,72.18,71.13,71.3,2525895,0.0
2017-10-26,64.51,65.5,62.855,65.3042,6983910,0.0
2017-10-29,65.02,66.61,64.745,66.45,2579112,0.0
2017-10-30,67.45,68.98,67.34,67.53,2313357,0.0
2017-10-31,67.73,67.9,64.87,65.49,2741740,0.0
2017-11-01,65.07,65.75,64.75,65.46,2236539,0.0
2017-11-02,65.39,65.84,65.21,65.42,1526061,0.0
2017-11-05,65.36,65.81,65.06,65.71,950551,0.0
2017-11-06,65.78,66.24,65.67,65.93,984729,0.0
2017-11-07,65.85,66.47,65.6,66.29,948280,0.0
2017-11-08,65.87,66.105,64.69,65.48,1238782,0.0
2017-11-09,65.31,65.56,64.93,65.3,814954,0.0
2017-11-12,65.13,65.55,64.97,65.46,822121,0.0
2017-11-13,65.45,65.62,64.79,65.06,632683,0.0
2017-11-14,64.82,65.15,64.24,64.79,883395,0.0
2017-11-15,64.77,65.77,64.65,65.54,672103,0.0
2017-11-16,65.53,66.1,65.08,65.4,1291692,0.0
2017-11-19,65.34,65.78,65.13,65.74,1450458,0.0
2017-11-20,66.03,66.73,65.54,66.68,1172158,0.0
2017-11-21,66.78,71.43,66.27,70.04,7722976,0.0
2017-11-23,70.47,70.81,69.66,70.59,1530239,0.0
2017-11-26,70.63,70.88,69.2,69.54,2215849,0.0
2017-11-27,69.51,69.89,68.205,69.75,1858637,0.0
2017-11-28,69.91,70.61,69.58,69.77,1649834,0.0
2017-11-29,69.94,70.97,69.81,70.67,1958784,0.0
2017-11-30,70.34,70.77,69.07,70.16,927268,0.0
2017-12-03,70.34,70.675,69.55,69.79,1305719,0.0
2017-12-04,70.06,70.53,69.79,70.09,1173835,0.0
2017-12-05,70.13,70.46,69.35,69.58,731292,0.0
2017-12-06,69.45,69.99,69.03,69.95,693115,0.0
2017-12-07,70.31,70.5,69.79,70.42,638248,0.0
2017-12-10,70.23,70.65,70,70.12,817799,0.0
2017-12-11,70.02,70.49,69.77,70.37,595363,0.0
2017-12-12,70.58,70.75,69.31,69.68,1490988,0.0
2017-12-13,69.75,70.21,68.545,68.57,1234434,0.0
2017-12-14,68.42,69.59,68.2,69.37,1862632,0.0
2017-12-17,69.79,70.28,68.785,68.98,1222077,0.0
2017-12-18,68.81,69.55,68.61,68.62,1142217,0.0
2017-12-19,69.09,69.13,68.39,68.51,1367103,0.0
2017-12-20,68.6,68.92,67.81,67.87,1650849,0.0
2017-12-21,67.8,67.995,67.14,67.38,2128838,0.0
2017-12-25,67.47,68,67.12,67.67,1181714,0.0
2017-12-26,67.81,68.205,67.44,67.6,533614,0.0
2017-12-27,67.82,67.99,67.26,67.92,463772,0.0
2017-12-28,67.89,68.0599,67.38,67.41,581593,0.0
2018-01-01,67.55,69,67.541,68.57,935360,0.0
2018-01-02,68.54,69.17,68.5,69.06,808056,0.0
2018-01-03,69.24,69.38,68.34,69,685526,0.0
2018-01-04,69.53,70.54,69.18,70.5,1092384,0.0
2018-01-07,70.12,70.77,70.01,70.57,807690,0.0
2018-01-08,70.57,71.8,70.3,71.7,1043229,0.0
2018-01-09,71.66,72.62,70.97,72.33,1323130,0.0
2018-01-10,72.25,73.43,72.2,72.63,1120055,0.0
2018-01-11,72.67,73.16,72.05,72.9,833255,0.0
2018-01-15,72.25,72.4,70.56,70.62,1447730,0.0
2018-01-16,71.21,71.25,70.08,70.28,1444228,0.0
2018-01-17,70.28,70.496,68.86,69.49,1867021,0.0
2018-01-18,69.4,69.4,68.16,68.89,2509434,0.0
2018-01-21,69.27,69.41,68.62,69.13,1982118,0.0
2018-01-22,68.9,69.855,68.63,69.19,2449185,0.0
2018-01-23,69.57,69.71,67.64,67.7,2975527,0.0
2018-01-24,68.14,68.82,67.93,68.04,2048190,0.0
2018-01-25,68.4,68.81,68.12,68.6,1868061,0.0
2018-01-28,68.48,69.05,68.08,68.72,1921712,0.0
2018-01-29,69.02,69.9,68.13,69.36,2167844,0.0
2018-01-30,69.5,69.78,68.83,69.14,1608267,0.0
2018-01-31,68.89,69.06,67.95,68.28,918717,0.0
2018-02-01,67.83,68.005,66.38,66.39,1356980,0.0
2018-02-04,66.4,66.7,63.4,63.41,2979582,0.0
2018-02-05,62.7,64.26,61.2265,64,4190302,0.0
2018-02-06,62.49,64.57,61.53,63.49,5352284,0.0
2018-02-07,63.27,63.49,61.18,61.22,2452006,0.0
2018-02-08,61.56,62.23,59.75,61.31,3066784,0.0
2018-02-11,61.68,63.11,61.27,62.47,1883456,0.0
2018-02-12,62.03,62.795,60.795,62.49,1996429,0.0
2018-02-13,62.2,62.9,61.93,62.21,2245990,0.0
2018-02-14,62.7,64.44,62.15,64.42,1665536,0.0
2018-02-15,64.4,64.83,63.99,64.22,1384857,0.0
2018-02-19,63.99,64.5,62.9256,62.99,1143883,0.0
2018-02-20,63.07,64.48,62.98,63.38,999413,0.0
2018-02-21,63.41,64.12,62.73,62.91,946617,0.0
2018-02-22,63.23,64.54,62.83,64.52,1195602,0.0
2018-02-25,64.68,65,63.99,64.27,1137958,0.0
2018-02-26,64.53,65.42,63.95,63.96,1735221,0.0
2018-02-27,64.34,65.17,64.05,64.16,1661688,0.0
2018-02-28,64.27,64.83,61.991,62.37,1876428,0.0
2018-03-01,62.14,63.29,62.1,62.93,3395926,0.0
2018-03-04,62.76,64.49,62.55,64.33,1937916,0.0
2018-03-05,64.64,65.05,64.42,64.97,2081961,0.0
2018-03-06,64.7,65.28,64.042,65.03,1504670,0.0
2018-03-07,64.99,65.13,63.395,63.66,1669677,0.0
2018-03-08,63.97,64.98,63.77,64.91,1352661,0.0
2018-03-11,64.92,65.07,64.45,64.64,1070455,0.0
2018-03-12,64.15,64.95,62.55,63.04,1539879,0.0
2018-03-13,63,63.22,61.65,62.04,2953898,0.0
2018-03-14,62.16,62.27,61.4,61.77,1591453,0.0
2018-03-15,61.89,62.17,60.69,61.24,2751481,0.0
2018-03-18,60.86,61.03,59.69,60.4,2343157,0.0
2018-03-19,60.55,60.81,59.32,59.44,3034428,0.0
2018-03-20,59.61,60.76,59.51,59.86,3497151,0.0
2018-03-21,58.48,59.47,57.44,57.47,1938348,0.0
2018-03-22,57.57,58.21,56.49,56.51,1785749,0.0
2018-03-25,57.2,57.81,56.65,57.77,2103458,0.0
2018-03-26,58.13,58.41,57.16,57.66,3427221,0.0
2018-03-27,57.87,59.05,57.87,58.64,4188240,0.0
2018-03-28,58.32,58.93,57.85,58.02,3718218,0.0
2018-04-01,57.48,58.05,56.01,57.11,3358596,0.0
2018-04-02,57.38,57.4089,55.29,56.639,5699025,0.0
2018-04-03,56.31,57.88,56.14,57.7,2826146,0.0
2018-04-04,57.94,58.435,57.635,58.12,2605108,0.0
2018-04-05,57.79,58.03,56.15,56.42,2216083,0.0
2018-04-08,56.86,57.37,56.54,56.58,1643239,0.0
2018-04-09,57.12,57.38,56.465,56.73,1693824,0.0
2018-04-10,56.18,57.43,56.16,56.89,1593990,0.0
2018-04-11,57.2,57.405,56.74,57.17,1070286,0.0
2018-04-12,57.56,57.56,56.56,56.91,1296525,0.0
2018-04-15,57.3,58.19,56.98,57.94,1494135,0.0
2018-04-16,58.49,59.31,57.821,59.02,2523069,0.0
2018-04-17,59.33,59.45,58.98,59.3,1463261,0.0
2018-04-18,58.95,59.21,58.47,58.92,1696182,0.0
2018-04-19,58.69,58.98,58.14,58.235,1804489,0.0
2018-04-22,59.4,59.44,58.075,58.57,1984949,0.0
2018-04-23,58.87,58.95,57.4,57.95,1914302,0.0
2018-04-24,57.75,58.41,57.35,58.35,1291967,0.0
2018-04-25,58.61,59.21,58.14,59,1866478,0.0
2018-04-26,59.03,59.56,58.86,59.45,1324856,0.0
2018-04-29,59.59,59.6675,58.25,58.25,2447101,0.0
2018-04-30,58.24,58.82,57.74,58.81,1289093,0.0
2018-05-01,58.29,58.71,57.08,57.94,3523711,0.0
2018-05-02,52.18,55.8,52.05,55.09,5627428,0.0
2018-05-03,54.76,57.6199,54.76,57.24,3993849,0.0
2018-05-06,57.75,58.96,57.58,58.06,3398581,0.0
2018-05-07,57.82,59.205,57.61,58.78,3157684,0.0
2018-05-08,58.59,59.84,58.57,59.34,2284657,0.0
2018-05-09,59.51,60.37,59.35,60.27,1807582,0.0
2018-05-10,60.49,60.95,60.32,60.83,2503149,0.0
2018-05-13,60.66,60.7,58.69,59.04,1992910,0.0
2018-05-14,58.66,58.785,57.915,58.28,1632636,0.0
2018-05-15,58.48,60.26,58.22,59.97,2361678,0.0
2018-05-16,59.82,61.19,59.82,60.62,1932538,0.0
2018-05-17,62.74,63.22,61,61.35,4326782,0.0
2018-05-20,61.6,61.92,60.65,60.76,2747387,0.0
2018-05-21,60.81,61.07,57.9435,59.72,1502772,0.0
2018-05-22,59.3,59.74,58.81,59.48,1352434,0.0
2018-05-23,59.32,59.68,58.49,59.44,1238584,0.0
2018-05-24,59.6,60.6,59.6,59.94,1069601,0.0
2018-05-28,59.33,59.99,59.0304,59.47,1293766,0.0
2018-05-29,59.68,60.5,59,60.17,758780,0.0
2018-05-30,60.06,60.22,59.4895,59.67,1226030,0.0
2018-05-31,60.11,60.11,59.47,59.73,1458060,0.0
2018-06-03,59.87,59.96,59.21,59.74,1187451,0.0
2018-06-04,59.89,60.58,59.72,60.39,897377,0.0
2018-06-05,60.54,61.45,60.42,61.3,1147577,0.0
2018-06-06,61.2,61.4,59.73,60.25,1381557,0.0
2018-06-07,60.35,60.81,59.67,60.68,831962,0.0
2018-06-10,60.61,60.96,60.32,60.7,628972,0.0
2018-06-11,60.64,60.99,60.0001,60.68,797992,0.0
2018-06-12,60.78,60.98,60.24,60.27,904412,0.0
2018-06-13,60.28,61.13,60.26,61.07,814332,0.0
2018-06-14,60.98,62.05,60.62,61.87,1563298,0.0
2018-06-17,61.53,61.74,61.22,61.37,941327,0.0
2018-06-18,60.91,61.48,60.67,61.35,939784,0.0
2018-06-19,61.5,61.61,60.92,61.07,658026,0.0
2018-06-20,61.05,61.32,59.74,59.92,737296,0.0
2018-06-21,60.44,60.75,59.74,59.81,1247710,0.0
2018-06-24,59.59,59.84,58.67,59.2,1005366,0.0
2018-06-25,59.2,60.18,58.94,59.66,1005035,0.0
2018-06-26,59.54,60.3,58.83,58.85,715348,0.0
2018-06-27,58.87,59.84,58.8,59.76,761340,0.0
2018-06-28,59.88,60.32,59.59,59.78,915460,0.0
2018-07-01,59.59,61.2,59.49,61.16,1686744,0.0
2018-07-02,61.22,61.75,61.04,61.43,717448,0.0
2018-07-04,61.57,62.9,61.47,62.7,1474093,0.0
2018-07-05,62.84,63.3476,62.72,62.96,1132694,0.0
2018-07-08,63.24,63.88,63,63.71,999858,0.0
2018-07-09,62.1,62.13,60.58,60.75,1834072,0.0
2018-07-10,60.55,60.809,59.96,60.24,889938,0.0
2018-07-11,60.67,61.23,60.485,61,1268361,0.0
2018-07-12,60.97,61.71,60.79,61.47,857230,0.0
2018-07-15,61.43,61.5,60.91,61.03,718951,0.0
2018-07-16,60.78,61.11,60.65,60.98,560916,0.0
2018-07-17,60.74,60.98,60.36,60.66,598762,0.0
2018-07-18,60.57,60.97,60.12,60.755,896589,0.0
2018-07-19,60.47,60.88,60.32,60.45,842712,0.0
2018-07-22,60.38,61.075,60.255,60.81,666620,0.0
2018-07-23,61,61.18,60.35,60.53,717244,0.0
2018-07-24,60.63,61.15,60.26,61.04,797292,0.0
2018-07-25,61.3,61.6,60.98,61.3,919914,0.0
2018-07-26,61.3,61.48,60.63,61.13,894209,0.0
2018-07-29,61.07,61.4,60.74,60.96,867571,0.0
2018-07-30,61.25,62.19,61.01,62.07,1120327,0.0
2018-07-31,61.87,62.63,61.2189,61.92,1517801,0.0
2018-08-01,61.9,63.28,61.54,62.96,1885250,0.0
2018-08-02,65.55,67.57,65.25,66.86,3561596,0.0
2018-08-05,66.6,67.3,65.58,67.08,1951661,0.0
2018-08-06,67.54,67.54,65.8,65.94,1457933,0.0
2018-08-07,65.75,66.56,65.6,66.36,1519485,0.0
2018-08-08,66.39,67.26,66.23,66.28,1179716,0.0
2018-08-09,65.91,66.225,65.02,65.15,1395218,0.0
2018-08-12,65.05,65.25,63.71,64.28,2074378,0.0
2018-08-13,64.28,64.63,63.72,64.33,1890798,0.0
2018-08-14,63.86,64.04,62.98,63.52,2007821,0.0
2018-08-15,63.82,64.89,63.43,64.86,1634876,0.0
2018-08-16,64.75,65.43,64.0179,65.29,1505751,0.0
2018-08-19,65.29,65.75,65.02,65.42,1006380,0.0
2018-08-20,65.44,66.27,64.8034,65.73,1067259,0.0
2018-08-21,65.47,65.65,64.91,65.48,833529,0.0
2018-08-22,65.39,65.57,64.82,65.26,691675,0.0
2018-08-23,65.22,65.7,65.2,65.44,638034,0.0
2018-08-26,65.75,65.88,65.45,65.63,694187,0.0
2018-08-27,65.87,66.05,65.16,65.55,661017,0.0
2018-08-28,65.69,66.1896,65,65.74,790923,0.0
2018-08-29,65.59,65.86,65.04,65.15,690560,0.0
2018-08-30,65.15,65.55,64.845,65.11,902150,0.0
2018-09-03,64.93,65.16,64.49,64.57,1270650,0.0
2018-09-04,64.4,64.75,63.97,64.72,1410690,0.0
2018-09-05,64.72,65.5,64.53,64.89,863419,0.0
2018-09-06,66.05,66.05,63.5,64.23,919718,0.0
2018-09-09,64.2,64.2,62.84,63.22,1595337,0.0
2018-09-10,63.04,64.1,63.02,63.58,1360115,0.0
2018-09-11,63.69,64.91,63.58,64.77,1140685,0.0
2018-09-12,64.79,65.49,64.79,65.19,1099973,0.0
2018-09-13,65.11,65.35,64.59,64.935,935231,0.0
2018-09-16,64.98,64.98,63.51,64.21,917559,0.0
2018-09-17,64.15,64.75,64.03,64.38,1201748,0.0
2018-09-18,64.47,64.805,63.41,63.995,939858,0.0
2018-09-19,64.22,64.56,64.16,64.33,1012103,0.0
2018-09-20,64.4,64.97,63.76,63.82,2458205,0.0
2018-09-23,63.38,63.85,63.21,63.79,990244,0.0
2018-09-24,64,64.23,63.9,63.96,968601,0.0
2018-09-25,64,64.84,63.89,64.2,874283,0.0
2018-09-26,64.2,64.6,64.08,64.21,666067,0.0
2018-09-27,64.09,64.43,63.87,64.41,678378,0.0
2018-09-30,64.7,64.97,63.64,64.05,1102585,0.0
2018-10-01,64,64.755,63.8,64.26,1177559,0.0
2018-10-02,64.4,64.74,64.12,64.73,1274166,0.0
2018-10-03,64.78,65.27,63.86,64.52,2267090,0.0
2018-10-04,64.51,65.44,63.89,64.47,1180357,0.0
2018-10-07,64.41,64.68,63.19,63.71,702933,0.0
2018-10-08,63.78,64.08,63.35,63.58,614781,0.0
2018-10-09,63.61,64.39,62.9,62.97,1292967,0.0
2018-10-10,63.29,63.622,61.55,61.6,2654397,0.0
2018-10-11,62.18,62.33,60.93,62.11,1273509,0.0
2018-10-14,61.74,63.14,61.1692,62.43,928938,0.0
2018-10-15,62.76,64.6,62.57,64.36,940016,0.0
2018-10-16,64.3,64.33,62.8475,64.23,920899,0.0
2018-10-17,64.06,64.19,62.41,62.75,1326308,0.0
2018-10-18,63.12,63.79,62.67,62.98,2039549,0.0
2018-10-21,62.96,63.69,62.7415,63,1382109,0.0
2018-10-22,62.31,63.96,62.16,63.52,1302490,0.0
2018-10-23,63.31,63.88,61.7,61.82,1533074,0.0
2018-10-24,62.29,63.13,61.72,62.32,1553557,0.0
2018-10-25,52.14,56.56,50.9132,55.54,6595866,0.0
2018-10-28,58.53,59.3176,57.88,58.4,5304286,0.0
2018-10-29,58.68,59.34,57.03,57.45,2993468,0.0
2018-10-30,57.82,58.42,57.205,57.28,2754415,0.0
2018-10-31,57.24,58.26,57.222,57.43,1520433,0.0
2018-11-01,57.67,58.06,56.16,56.71,1651932,0.0
2018-11-04,56.91,57.49,56.42,56.65,784372,0.0
2018-11-05,56.54,57.61,56.4537,57.59,1146422,0.0
2018-11-06,58.14,58.9,58,58.54,1112592,0.0
2018-11-07,58.45,58.9,57.985,58.05,893704,0.0
2018-11-08,57.92,58.04,57.13,57.57,1818324,0.0
2018-11-11,57.4,57.76,56.66,56.75,838327,0.0
2018-11-12,56.93,57.39,55.98,56.39,893968,0.0
2018-11-13,56.75,57.02,56.23,56.52,1237235,0.0
2018-11-14,56.17,57.3825,55.7901,57.28,961398,0.0
2018-11-15,57.04,58.31,55.99,57.9,1204911,0.0
2018-11-18,57.89,57.89,56.08,56.25,1278937,0.0
2018-11-19,56.14,56.57,55.72,56.29,1124882,0.0
2018-11-20,56.31,56.83,55.85,56.61,853056,0.0
2018-11-22,56.25,57.31,56.21,56.94,359762,0.0
2018-11-25,57.37,57.985,57.01,57.93,1304701,0.0
2018-11-26,57.7,58.4,57.16,57.95,1951926,0.0
2018-11-27,57.93,58.48,56.92,58.39,1292140,0.0
2018-11-28,58.05,58.32,57.31,57.33,1932216,0.0
2018-11-29,57.6,58.24,57.16,57.9,1772360,0.0
2018-12-02,58.35,59.29,57.93,58.1,1912100,0.0
2018-12-03,58.22,58.37,55.93,56.13,1152437,0.0
2018-12-05,55.25,55.49,54.17,54.87,2514751,0.0
2018-12-06,54.54,55.16,53.5,53.73,1963128,0.0
2018-12-09,53.62,54.8,52.97,54.43,2449510,0.0
2018-12-10,55.02,55.36,53.96,54.97,3194076,0.0
2018-12-11,55.68,57.185,55.68,56.14,1783416,0.0
2018-12-12,56.17,56.98,56.17,56.75,1959030,0.0
2018-12-13,56.28,57.47,55.85,55.9,2170614,0.0
2018-12-16,55.56,55.94,53.98,54.3,2014236,0.0
2018-12-17,54.78,54.8,52.69,53.11,2008778,0.0
2018-12-18,53.08,53.42,51.8,52.06,2113115,0.0
2018-12-19,51.98,52.55,49.91,50.7,2810324,0.0
2018-12-20,51.06,51.52,49.18,49.22,4802494,0.0
2018-12-23,49.13,50.08,48.78,48.91,1572658,0.0
2018-12-25,49.08,51.59,48.93,51.54,2715500,0.0
2018-12-26,50.8,52,50.22,52,2438682,0.0
2018-12-27,52.11,52.74,51.445,51.98,1367244,0.0
2018-12-30,52.28,52.66,51.88,52.18,961760,0.0
2019-01-01,51.46,52.138,51.41,51.79,1693660,0.0
2019-01-02,51.61,51.98,50.51,50.77,1453479,0.0
2019-01-03,51.25,52.32,51.02,52.18,1359370,0.0
2019-01-06,52.05,52.74,51.93,51.96,1246900,0.0
2019-01-07,52.35,53.19,52.09,53.14,1634975,0.0
2019-01-08,53.35,53.84,53.07,53.4,1208302,0.0
2019-01-09,53.25,54.17,53.08,54.07,1086884,0.0
2019-01-10,53.8,53.98,53.41,53.86,1291620,0.0
2019-01-13,53.34,54.48,53.18,54.02,1263945,0.0
2019-01-14,54.19,54.58,53.77,54.46,1266104,0.0
2019-01-15,54.55,54.76,53.62,53.62,1505630,0.0
2019-01-16,53.61,53.84,52.97,53.375,1827687,0.0
2019-01-17,53.9,54.04,53.24,54.02,2345384,0.0
2019-01-21,53.78,53.9,52.66,52.95,3498676,0.0
2019-01-22,52.97,54.09,52.81,54.06,2941045,0.0
2019-01-23,54.27,54.625,53.86,54.46,1867398,0.0
2019-01-24,55.44,55.44,54.61,54.89,1174295,0.0
2019-01-27,54.52,55.0973,54.42,54.92,1447385,0.0
2019-01-28,54.96,55.165,54.32,54.5,1333784,0.0
2019-01-29,54.59,54.79,54.21,54.55,3865085,0.0
2019-01-30,54.53,55.25,54.46,54.92,3161850,0.0
2019-01-31,54.86,55.25,54.605,54.85,1847318,0.0
2019-02-03,54.97,55.78,54.81,55.615,2417525,0.0
2019-02-04,55.75,56.43,55.39,55.4,2501532,0.0
2019-02-05,55.06,58.24,54.8895,56.25,3938406,0.0
2019-02-06,55.87,56.13,54.965,55.57,2000776,0.0
2019-02-07,55.33,56.165,55.06,55.95,1435034,0.0
2019-02-10,56.16,57.58,56.04,57.5,2821652,0.0
2019-02-11,57.82,59.15,57.66,58.86,2844534,0.0
2019-02-12,59.19,59.19,55.9399,56.93,4445544,0.0
2019-02-13,56.72,56.91,56.33,56.88,2979885,0.0
2019-02-14,57.33,57.89,56.92,57.865,1793891,0.0
2019-02-20,57.7,57.7,57.01,57.22,1416202,0.0
2019-02-21,57.31,57.76,57.01,57.73,1373299,0.0
2019-02-24,58,58.07,56.96,56.99,1334528,0.0
2019-02-25,56.75,57.17,56.49,57,1452287,0.0
2019-02-26,56.75,57.39,56.6,56.99,1133157,0.0
2019-02-27,54.72,56.29,54.22,55.97,2667700,0.0
2019-02-28,56.42,56.47,55.53,55.95,2651275,0.0
2019-03-03,56.25,56.33,55.09,55.37,2239666,0.0
2019-03-04,55.33,55.85,54.88,55.72,1344404,0.0
2019-03-05,55.87,56.21,55.28,55.44,2590220,0.0
2019-03-06,55.36,55.62,54.61,55.39,2373277,0.0
2019-03-07,55.01,55.68,54.6001,55.45,2312932,0.0
2019-03-10,55.51,56.47,55.49,56.25,2518030,0.0
2019-03-11,56.31,57.05,55.95,56.89,2226469,0.0
2019-03-12,56.95,57.81,56.815,57.56,1902720,0.0
2019-03-13,57.63,57.63,57.06,57.16,1003753,0.0
2019-03-14,57.58,57.9298,57.41,57.91,1104954,0.0
2019-03-17,57.78,58,57.285,57.66,915524,0.0
2019-03-18,57.95,58.12,57.195,57.57,1342098,0.0
2019-03-19,57.6,58.18,57.05,57.61,1361733,0.0
2019-03-20,57.05,58.5,57.05,58.29,864197,0.0
2019-03-21,58.08,58.34,56.91,56.98,1070686,0.0
2019-03-24,57.04,57.17,56.22,56.69,1098010,0.0
2019-03-25,56.92,57.39,56.53,56.71,1191536,0.0
2019-03-26,56.65,56.96,56.11,56.63,854976,0.0
2019-03-27,56.7,57,56.15,56.525,995063,0.0
2019-03-28,56.87,57.35,56.67,57.21,872820,0.0
2019-03-31,57.67,57.75,56.98,57.52,594960,0.0
2019-04-01,57.48,57.62,56.68,56.93,891864,0.0
2019-04-02,57.26,57.49,56.79,57.12,1087177,0.0
2019-04-03,57.21,57.54,56.71,57.07,644229,0.0
2019-04-04,57.03,57.51,57,57.35,762242,0.0
2019-04-07,57.41,57.58,56.52,57.08,1169319,0.0
2019-04-08,63.38,66.0263,61.89,63,14921196,0.0
2019-04-09,63.6,63.77,61.67,63.72,4662641,0.0
2019-04-10,63.57,63.76,61.98,62.205,3069116,0.0
2019-04-11,62.39,62.84,62.2,62.83,2341315,0.0
2019-04-14,62.72,63.6,62.48,63.46,2565821,0.0
2019-04-15,63.78,63.97,62.64,63.06,1840791,0.0
2019-04-16,63.12,63.43,62.23,62.44,2720301,0.0
2019-04-17,62.8,63.005,61.86,62.72,2349777,0.0
2019-04-21,62.44,63,62.24,62.67,1325296,0.0
2019-04-22,62.93,64.11,62.8592,63.83,3003924,0.0
2019-04-23,63.82,64.395,63.78,64.16,2033359,0.0
2019-04-24,63.68,64.96,63.16,64.57,2634078,0.0
2019-04-25,64.5,65.47,62.78,65.09,4435120,0.0
2019-04-28,65,66.27,64.84,65.88,2308674,0.0
2019-04-29,65.54,66.56,65.31,66.45,1998424,0.0
2019-04-30,66.65,67.11,66.1331,66.7,2273312,0.0
2019-05-01,66.77,68.17,66.43,68.01,2659252,0.0
2019-05-02,68.45,69.34,68.13,68.46,1912522,0.0
2019-05-05,67.34,68.75,67.12,68.65,1259427,0.0
2019-05-06,67.92,68.36,67.41,67.76,1896943,0.0
2019-05-07,67.76,68.37,67.43,68.01,1328484,0.0
2019-05-08,67.59,68.6884,67.24,68.6,1892282,0.0
2019-05-09,68.23,69.28,67.61,68.96,1857878,0.0
2019-05-12,67.88,68.34,67.055,67.15,2273704,0.0
2019-05-13,67.44,68.32,67.28,67.83,2100055,0.0
2019-05-14,67.34,69.07,67.09,68.63,2229732,0.0
2019-05-15,68.7,69.65,68.63,68.93,1799583,0.0
2019-05-16,68.39,69.62,68.33,68.49,2069103,0.0
2019-05-19,67.91,69.74,67.87,69.55,3001905,0.0
2019-05-20,69.85,70.76,69.72,70.15,3171991,0.0
2019-05-21,69.9,70.45,69.56,70.12,2126632,0.0
2019-05-22,69.74,70.45,69.41,69.93,2648448,0.0
2019-05-23,70.13,70.9,70,70.6,2582916,0.0
2019-05-27,70.63,71,70.04,70.17,2031873,0.0
2019-05-28,70.03,70.25,69.05,69.43,2401748,0.0
2019-05-29,69.62,70.7,69.5,70.32,1833828,0.0
2019-05-30,69.94,70.36,69.3467,69.97,1644408,0.0
2019-06-02,70,70.41,68.75,69.05,3003551,0.0
2019-06-03,69.8,70.91,69.64,70.89,2790235,0.0
2019-06-04,71,71.79,70.52,71.51,2633126,0.0
2019-06-05,71.54,72.5,71.48,72.27,1887558,0.0
2019-06-06,72.75,73.24,72.45,72.73,1484409,0.0
2019-06-09,72.85,73.14,72.23,72.7,1496131,0.0
2019-06-10,72.85,73.23,71.24,71.66,2268560,0.0
2019-06-11,71.73,72.42,71.6,72.25,1772115,0.0
2019-06-12,72.46,72.69,72.15,72.48,3177626,0.0
2019-06-13,72.54,72.95,72.2,72.22,2785825,0.0
2019-06-16,72.15,72.33,71.42,71.48,1434769,0.0
2019-06-17,72,72.14,70.52,70.67,2397988,0.0
2019-06-18,70.78,71.31,70.555,70.94,2697779,0.0
2019-06-19,71.69,72,71,71.74,2598013,0.0
2019-06-20,71.9,72.4,71.435,72.07,2268719,0.0
2019-06-23,72.11,72.7,71.565,72.67,1107138,0.0
2019-06-24,72.84,72.95,71,71.25,1508072,0.0
2019-06-25,71.35,71.78,70.67,71.03,1294086,0.0
2019-06-26,71.08,72.01,70.81,71.76,1382885,0.0
2019-06-27,72.1,73.355,71.86,73.22,2525491,0.0
2019-06-30,73.61,74.42,73.5,74.25,2264418,0.0
2019-07-01,74.52,75.075,74.15,74.96,1954730,0.0
2019-07-02,75,76,74.12,74.52,1188207,0.0
2019-07-04,74.21,74.5,73.54,74.5,1040763,0.0
2019-07-07,74.24,74.73,73.85,74.56,1046362,0.0
2019-07-08,74.32,75.03,74.2,74.99,1251527,0.0
2019-07-09,75.14,75.73,75,75.68,1359682,0.0
2019-07-10,75.85,76.2,75.48,76.15,1229687,0.0
2019-07-11,76.31,76.47,75.51,76.11,1237133,0.0
2019-07-14,76.19,76.27,75.72,75.84,1095831,0.0
2019-07-15,76.03,76.14,74.14,74.47,2505615,0.0
2019-07-16,74.39,74.7894,74.07,74.42,1904022,0.0
2019-07-17,74.51,74.58,73.78,73.99,2083834,0.0
2019-07-18,74.47,74.47,72.6435,72.82,1878576,0.0
2019-07-21,72.96,73.065,71.905,72,2884850,0.0
2019-07-22,71.98,72.12,71.06,72.08,2095591,0.0
2019-07-23,71.62,72.4,71.15,72.21,2413781,0.0
2019-07-24,71.49,73.33,70.52,72.94,3607895,0.0
2019-07-25,72.78,73.51,71.96,73.12,2371795,0.0
2019-07-28,73,73.82,72.53,73.68,1159586,0.0
2019-07-29,73.4,73.98,73.2,73.59,1289675,0.0
2019-07-30,73.59,73.78,71.03,71.65,1909774,0.0
2019-07-31,71.75,72.78,71.57,71.93,2703841,0.0
2019-08-01,71.99,71.99,70.5901,70.95,1795712,0.0
2019-08-04,70.2,70.91,69.47,69.66,2209245,0.0
2019-08-05,69.81,70.64,69.36,70.5,1501851,0.0
2019-08-06,69.88,70.35,69.1,70.09,1993487,0.0
2019-08-07,70.22,71.62,70.08,71.51,1608215,0.0
2019-08-08,71.48,71.785,70.88,71.42,1250059,0.0
2019-08-11,71.23,71.48,70.09,70.24,1452463,0.0
2019-08-12,70.33,71.74,70.02,70.87,1412083,0.0
2019-08-13,70.18,70.46,69.31,69.39,1158156,0.0
2019-08-14,69.45,69.965,69.22,69.23,1672454,0.0
2019-08-15,69.94,70.97,69.53,70.63,1462546,0.0
2019-08-18,71.28,72.22,70.92,71.84,1353175,0.0
2019-08-19,71.9,71.98,71.3,71.39,1233071,0.0
2019-08-20,71.97,72.075,71.61,71.78,1173270,0.0
2019-08-21,72.84,72.86,71.37,71.67,1091842,0.0
2019-08-22,71.25,71.48,67.57,67.93,3246214,0.0
2019-08-25,68.24,68.86,67.98,68.52,1483929,0.0
2019-08-26,68.86,69.3,67.96,68.18,1641346,0.0
2019-08-27,67.91,69.08,67.895,68.555,1121802,0.0
2019-08-28,69.08,69.4,68.64,69.01,958173,0.0
2019-08-29,69.55,69.8593,68.425,68.91,981091,0.0
2019-09-02,68.3,68.76,66.84,67.38,1820916,0.0
2019-09-03,67.95,68.26,66.71,67.28,1134230,0.0
2019-09-04,67.92,68.21,67.38,67.84,1233509,0.0
2019-09-05,67.91,67.955,67.2195,67.35,1607226,0.0
2019-09-08,67.59,67.75,66.05,66.5,2561251,0.0
2019-09-09,66.23,67.36,65.86,67.36,1970838,0.0
2019-09-10,67.19,68.39,66.6675,68.33,1132394,0.0
2019-09-11,68.55,69.2,67.96,68.01,1322466,0.0
2019-09-12,68.25,68.75,67.64,67.84,1113491,0.0
2019-09-15,67.45,68.12,67.2508,67.76,703687,0.0
2019-09-16,67.72,68.32,67.66,68.16,867141,0.0
2019-09-17,68.19,68.484,66.91,67.57,859188,0.0
2019-09-18,67.68,68.51,67.48,67.68,762915,0.0
2019-09-19,67.45,68.63,67.41,68.43,2112015,0.0
2019-09-22,68.21,68.77,67.71,68.6,896607,0.0
2019-09-23,68.75,69,67.82,68.37,1223989,0.0
2019-09-24,67.95,68.49,67.74,68.23,978794,0.0
2019-09-25,68.46,68.97,67.49,68.4,988643,0.0
2019-09-26,68.52,69.03,67.77,68.39,1521171,0.0
2019-09-29,68.37,68.83,68.02,68.17,2804949,0.0
2019-09-30,68.37,69.04,67.165,67.48,1680223,0.0
2019-10-01,67.16,67.19,65.72,66.54,1642333,0.0
2019-10-02,66.36,66.76,65.52,66.13,1387795,0.0
2019-10-03,66.32,66.95,66.15,66.82,1668240,0.0
2019-10-06,66.6,66.81,65.86,66.31,2159069,0.0
2019-10-07,65.69,66.24,65.02,65.09,4215300,0.0
2019-10-08,65.38,65.935,65.1,65.71,2420631,0.0
2019-10-09,65.46,67,65.44,66.85,5047082,0.0
2019-10-10,67.27,68.28,67.025,67.6,3550762,0.0
2019-10-13,67.53,67.985,67.04,67.75,2421307,0.0
2019-10-14,67.98,68.37,67.69,68.1,2193803,0.0
2019-10-15,68,68.44,67.72,68.16,2044813,0.0
2019-10-16,68.22,68.32,65.73,68.11,2587219,0.0
2019-10-17,68.31,68.49,67.71,67.74,2870340,0.0
2019-10-20,67.82,68.4,67.73,68.17,1086624,0.0
2019-10-21,67.94,68.375,67.38,67.465,1373343,0.0
2019-10-22,67.44,67.68,66.77,67.56,1819254,0.0
2019-10-23,67.82,68.12,67.21,67.48,1878012,0.0
2019-10-24,67.5,68.49,65.61,66.42,2397190,0.0
2019-10-27,66.56,67.355,66.42,67.02,2324819,0.0
2019-10-28,66.69,67.73,66.68,67.36,2228658,0.0
2019-10-29,67.57,68.24,67.28,68.1,1649966,0.0
2019-10-30,67.86,68.13,66.68,67.12,1660165,0.0
2019-10-31,67.39,67.98,67.27,67.54,1482855,0.0
2019-11-03,67.75,68.06,67.37,67.465,1609803,0.0
2019-11-04,67.62,67.76,67.12,67.24,1440777,0.0
2019-11-05,67.3,67.72,66.84,66.97,1687153,0.0
2019-11-06,67.2,67.6943,66.76,66.83,1108328,0.0
2019-11-07,66.63,67.34,66.26,67.3,1295134,0.0
2019-11-10,66.95,67.26,66.135,66.25,1339872,0.0
2019-11-11,66.54,67.28,66.26,67.02,1849281,0.0
2019-11-12,66.84,67.355,66.475,66.82,1282359,0.0
2019-11-13,66.97,67.51,66.96,67.05,2015185,0.0
2019-11-14,67.26,68.7804,67.09,68.4,5676007,0.0
2019-11-17,68.44,68.865,67.41,67.6,2283242,0.0
2019-11-18,67.87,68.34,67.67,68.13,2501920,0.0
2019-11-19,67.84,68.24,67.1,67.66,1187019,0.0
2019-11-20,67.73,68.74,67.45,68.48,1655911,0.0
2019-11-21,69,69.92,68.73,69.44,1715980,0.0
2019-11-24,69.64,70.84,69.59,70.67,1880979,0.0
2019-11-25,71.09,71.88,70.6,71.83,1579638,0.0
2019-11-26,70.13,72.15,69.73,72.125,1356412,0.0
2019-11-28,71.99,72.14,71.15,71.62,722533,0.0
2019-12-01,71.59,71.69,70.53,70.95,863917,0.0
2019-12-02,70.49,71.13,70.19,71.07,1112585,0.0
2019-12-03,71.18,71.2,70.46,70.59,1358024,0.0
2019-12-04,70.91,71,70.41,70.78,1057007,0.0
2019-12-05,71.25,71.55,70.95,71.29,996980,0.0
2019-12-08,70.94,71.72,70.88,71.44,1408830,0.0
2019-12-09,71.45,71.83,71.11,71.71,1046306,0.0
2019-12-10,71.56,71.79,71.06,71.48,1296209,0.0
2019-12-11,71.63,72.07,71.26,71.81,1393792,0.0
2019-12-12,71.9,72.67,71.3155,72.24,1333054,0.0
2019-12-15,72.46,72.85,72.25,72.65,1303278,0.0
2019-12-16,72.75,72.75,71.59,71.6,1939183,0.0
2019-12-17,71.74,72.39,71.5238,72.16,1416775,0.0
2019-12-18,72.07,72.13,71.44,71.96,894567,0.0
2019-12-19,72.02,73.3,71.58,73.25,2846828,0.0
2019-12-22,73.34,74.1,73.225,73.46,771797,0.0
2019-12-23,73.41,73.42,73.04,73.27,225591,0.0
2019-12-25,73.27,73.42,72.71,73.02,448118,0.0
2019-12-26,73.28,73.525,72.87,73.28,393339,0.0
2019-12-29,73.28,73.44,72.95,73.12,1083697,0.0
2019-12-30,72.93,73.51,72.6,73.39,783407,0.0
2020-01-01,73.45,73.69,72.81,73.61,1865983,0.0
2020-01-02,72.82,73.88,72.81,73.8,1208651,0.0
2020-01-05,73.36,74.05,73.2,73.99,860443,0.0
2020-01-06,73.76,73.76,72.98,73.02,792146,0.0
2020-01-07,73.24,73.83,73.04,73.45,1630641,0.0
2020-01-08,73.8,74.3,73,73.75,1312283,0.0
2020-01-09,74.01,74.09,73.275,73.48,1050680,0.0
2020-01-12,73.48,73.89,72.76,73.05,1380264,0.0
2020-01-13,72.97,74.24,72.75,74.195,1262733,0.0
2020-01-14,73.69,75.19,72.85,74.675,1272083,0.0
2020-01-15,74.8,75.81,74.34,75.59,915041,0.0
2020-01-16,75.88,75.94,75.28,75.86,1063605,0.0
2020-01-20,75.46,75.97,75.31,75.79,1766910,0.0
2020-01-21,75.96,76.32,75.47,75.52,1992574,0.0
2020-01-22,75.37,75.76,74.54,75.65,1592334,0.0
2020-01-23,75.6,75.6,74.14,74.46,1644872,0.0
2020-01-26,73.38,74.27,73.16,73.429,945852,0.0
2020-01-27,73.77,74.22,73.35,73.49,1352764,0.0
2020-01-28,73.45,73.6,72.24,72.26,1501697,0.0
2020-01-29,71.91,72.8175,71.36,72.79,1060312,0.0
2020-01-30,72.7,73.07,71.46,71.81,1128763,0.0
2020-02-02,72.24,73.31,72.05,73.19,2099994,0.0
2020-02-03,74.03,74.96,73.71,74.2,1845853,0.0
2020-02-04,76.99,80.9,75.75,78.6,5487681,0.0
2020-02-05,78.79,79.93,78.54,78.95,2021532,0.0
2020-02-06,78.79,79.49,78.52,78.94,951332,0.0
2020-02-09,78.47,79.67,78.1,79.61,1392522,0.0
2020-02-10,80,80.55,79.2,80.24,2932583,0.0
2020-02-11,80.515,80.515,76.36,76.68,2692094,0.0
2020-02-12,76.51,76.92,75.91,76.49,1773808,0.0
2020-02-13,76.34,77.26,76.19,77.08,2297535,0.0
2020-02-17,77.12,77.8,76.67,76.775,1620187,0.0
2020-02-18,76.78,77.27,76.34,76.76,1588340,0.0
2020-02-19,76.79,77.02,75.76,76.705,1393635,0.0
2020-02-20,76.47,76.76,75.71,76.07,1726017,0.0
2020-02-23,74.41,75.82,73.37,73.38,2327457,0.0
2020-02-24,73.92,73.99,72.19,72.42,2596146,0.0
2020-02-25,72.9,74.075,72.18,72.42,2438234,0.0
2020-02-26,71.52,72.6,69.83,69.83,2631850,0.0
2020-02-27,68.04,69.34,67.53,69.25,3978460,0.0
2020-03-01,69.51,72.59,69.22,72.57,2757713,0.0
2020-03-02,72.67,73.96,70.33,71.06,2724809,0.0
2020-03-03,72.36,73.55,71.81,73.49,1951993,0.0
2020-03-04,71.56,73.53,71.04,72.59,2534267,0.0
2020-03-05,70.45,73.72,70.26,73.37,2953164,0.0
2020-03-08,70.12,71.81,69.52,70.19,3883191,0.0
2020-03-09,71.43,71.86,66.75,69.14,6389686,0.0
2020-03-10,67.47,69.01,66.595,68.33,7003344,0.0
2020-03-11,65.01,68.09,64.535,64.69,4230902,0.0
2020-03-12,66.71,67.51,60.68,64.42,5743607,0.0
2020-03-15,59.92,61.71,58.11,60.54,9133432,0.0
2020-03-16,60.98,64.308,57.98,62.37,4076234,0.0
2020-03-17,59.94,61.76,54.54,59.875,2843385,0.0
2020-03-18,59.72,62.55,58.065,59.46,5725970,0.0
2020-03-19,59.92,60.9327,56.08,56.55,4352454,0.0
2020-03-22,55.98,56.845,53.08,54.65,3206731,0.0
2020-03-23,57.15,59.74,56.11,58.4,3442676,0.0
2020-03-24,58.42,59.93,56.76,58.04,5098098,0.0
2020-03-25,57.82,61.79,57.82,61.03,2894643,0.0
2020-03-26,58.89,62.06,58.11,60.01,4828882,0.0
2020-03-29,61.27,64.49,60.9,64.29,2420352,0.0
2020-03-30,64.97,64.97,62.64,62.99,4725782,0.0
2020-03-31,60.89,61.96,59.85,60.71,1888770,0.0
2020-04-01,60.3,63.25,59.605,61.94,2760232,0.0
2020-04-02,61.36,62.525,61.14,62.26,2457785,0.0
2020-04-05,63.38,64.26,62,63.96,1965530,0.0
2020-04-06,64.9,65.99,63.9,64.26,1949067,0.0
2020-04-07,63.95,66.77,63.3,66.41,3533748,0.0
2020-04-08,67.41,68.83,67.07,68.38,2005560,0.0
2020-04-12,67.88,68.11,64.28,65.72,1688978,0.0
2020-04-13,66.61,69.39,66.53,68.91,3975070,0.0
2020-04-14,66.68,69.29,66.68,68.21,5902942,0.0
2020-04-15,68.64,69.09,67.33,68.62,4989043,0.0
2020-04-16,70.27,70.27,68.71,70.01,5969620,0.0
2020-04-19,68.82,71.76,68.76,70.26,4393038,0.0
2020-04-20,69.07,70.05,67.75,68.63,6349105,0.0
2020-04-21,70.16,71.38,69.6,70.78,3235282,0.0
2020-04-22,71.33,71.78,70.52,71.2,4378301,0.0
2020-04-23,71.83,72.93,70.89,72.73,3771831,0.0
2020-04-26,73.3,74.415,72.47,73.34,5051881,0.0
2020-04-27,73.98,74.88,70.53,71.941,5629257,0.0
2020-04-28,72.1,72.97,68.95,70.96,6334294,0.0
2020-04-29,70.25,70.93,69.03,69.38,3332024,0.0
2020-04-30,67.81,68.155,66.15,66.71,1742034,0.0
2020-05-03,66.32,67.12,65.55,67.06,1919579,0.0
2020-05-04,67.2,69.47,67.2,68.5,4196462,0.0
2020-05-05,68.75,69.055,66.83,66.88,1302870,0.0
2020-05-06,67.51,67.635,66.67,66.99,3141366,0.0
2020-05-07,68.37,68.93,67.37,68.73,3003176,0.0
2020-05-10,68.46,69.515,68.1402,68.45,2826708,0.0
2020-05-11,68.28,68.48,66.22,66.22,4576100,0.0
2020-05-12,66.04,66.3831,64.43,64.95,1299808,0.0
2020-05-13,64.36,65.73,63.11,65.59,1847285,0.0
2020-05-14,65.6726,65.9904,64.47,65.08,4129052,0.0
2020-05-17,66.38,68.62,66.31,68.38,3384950,0.0
2020-05-18,68.5,68.78,67.77,67.78,1157055,0.0
2020-05-19,68.02,68.49,67.51,67.79,972738,0.0
2020-05-20,67.97,68.25,67.05,67.12,1961066,0.0
2020-05-21,67.14,67.42,66.59,67.33,1508126,0.0
2020-05-25,68.98,68.98,67.29,67.39,1208195,0.0
2020-05-26,67.35,68.53,66.74,68.35,2710598,0.0
2020-05-27,68.98,71.65,68.18,70.87,2006359,0.0
2020-05-28,70.92,72.98,69.97,72.9,2114213,0.0
2020-05-31,72.43,73.04,71.97,72.58,3377810,0.0
2020-06-01,72.5,73.25,72,73.18,3266078,0.0
2020-06-02,73.74,73.94,72.72,73.51,2605770,0.0
2020-06-03,72.21,73.3,70.655,71.37,1699897,0.0
2020-06-04,71.72,73.99,71.06,73.05,1941446,0.0
2020-06-07,72.79,74.04,72.41,73.84,2165534,0.0
2020-06-08,73.73,73.84,71.63,71.86,2113106,0.0
2020-06-09,72.12,72.13,70.65,71.84,1439213,0.0
2020-06-10,71.49,71.49,67.16,67.47,3902998,0.0
2020-06-11,67.57,68.69,66.92,66.94,336169,0.0
2020-06-14,65.9,68.01,65.14,67.9,4396440,0.0
2020-06-15,68.71,70.62,68.6,69.38,4486325,0.0
2020-06-16,69.86,70.48,69.43,69.62,3199891,0.0
2020-06-17,69.46,69.96,68.81,69.72,2401567,0.0
2020-06-18,70.63,72.72,69.53,72.69,3443518,0.0
2020-06-21,72.27,72.545,70.93,71.23,2262353,0.0
2020-06-22,71.48,72.21,70.56,71.02,1479920,0.0
2020-06-23,70.43,70.65,68.28,68.68,1489936,0.0
2020-06-24,68.6,68.86,67.82,68.37,1615199,0.0
2020-06-25,68.52,68.88,65.78,66.51,2107666,0.0
2020-06-28,67.23,68.45,66.75,67.96,1150067,0.0
2020-06-29,68.06,68.96,67.37,68.51,1489895,0.0
2020-06-30,68.68,69.81,68.6277,69.5,1689252,0.0
2020-07-01,70.01,70.59,69.75,69.94,1210353,0.0
