Date,Open,High,Low,Close,Volume,OpenInterest
2016-07-10,82.16,82.8,81.41,82.49,1120631,0.0
2016-07-11,82.32,82.46,81.21,81.46,2181113,0.0
2016-07-12,81.76,82.24,80.86,81.92,953468,0.0
2016-07-13,82.19,82.418,81.55,81.66,866536,0.0
2016-07-14,82.15,82.37,81.1,81.17,734299,0.0
2016-07-17,81.58,82.49,81.16,81.97,732910,0.0
2016-07-18,81.51,82.2,80.92,81.17,646502,0.0
2016-07-19,81.97,82.7397,81.06,82.26,812165,0.0
2016-07-20,81.9,82.17,81.15,81.35,711276,0.0
2016-07-21,81.67,81.82,80.93,81.73,1440130,0.0
2016-07-24,81.82,84,81.74,83.63,2516071,0.0
2016-07-25,79.5,81.97,78.39,80.53,4052200,0.0
2016-07-26,80.38,80.38,78.06,78.1,2475513,0.0
2016-07-27,78.2,78.32,77.64,77.9,1760383,0.0
2016-07-28,77.7,78.19,76.41,76.88,1786709,0.0
2016-07-31,76.88,77.54,75.96,76.09,2432855,0.0
2016-08-01,75.86,75.89,74.8,75.06,2717866,0.0
2016-08-02,74.94,75.84,74.5,75.6,1715859,0.0
2016-08-03,75.81,75.94,75.28,75.9,1369750,0.0
2016-08-04,76.1,76.7187,75.85,75.9,957352,0.0
2016-08-07,76.21,76.25,75.06,75.12,1155069,0.0
2016-08-08,75.29,75.4352,74.61,74.91,2052513,0.0
2016-08-09,74.89,75.24,74.38,74.6,914868,0.0
2016-08-10,74.77,75.21,74.69,75.18,1492914,0.0
2016-08-11,74.87,75.24,74.76,74.83,971067,0.0
2016-08-14,74.87,75.57,74.75,75.32,1914498,0.0
2016-08-15,75.31,75.7,74.51,75.11,1483447,0.0
2016-08-16,75.4,75.415,74.51,74.82,1106592,0.0
2016-08-17,75.04,76.07,74.9038,75.91,1722295,0.0
2016-08-18,75.71,76.715,75.5,75.97,1644226,0.0
2016-08-21,75.86,75.97,75.3,75.38,1370704,0.0
2016-08-22,75.97,76.24,75.14,76.19,839806,0.0
2016-08-23,75.73,76.5,75.37,76.05,903060,0.0
2016-08-24,75.99,76.41,75.65,75.94,675331,0.0
2016-08-25,76.15,77.45,75.94,77.34,1570065,0.0
2016-08-28,77.02,77.32,76.09,76.22,857301,0.0
2016-08-29,76.28,76.69,75.81,76.01,752929,0.0
2016-08-30,76.23,77.04,75.31,76.72,2095457,0.0
2016-08-31,76.68,77.175,76.25,76.94,1127040,0.0
2016-09-01,77.46,78.14,76.79,77.97,1331729,0.0
2016-09-05,78.32,79,77.658,77.74,1540950,0.0
2016-09-06,77.62,77.82,77.49,77.64,548896,0.0
2016-09-07,77.59,77.61,76.63,76.67,1534826,0.0
2016-09-08,76.31,77.33,76.0601,76.77,2044520,0.0
2016-09-11,75,77.6,75,77.47,1361579,0.0
2016-09-12,76.55,77.49,76.5,76.75,1416807,0.0
2016-09-13,76.23,76.86,75.03,75.04,1928078,0.0
2016-09-14,74.85,75.76,74.62,75.51,1359501,0.0
2016-09-15,75.74,75.74,74.82,75,1020707,0.0
2016-09-18,75.58,75.58,74.81,75.03,1218075,0.0
2016-09-19,75.06,75.37,74.54,74.81,625021,0.0
2016-09-20,75.05,76,74.9313,75.88,857384,0.0
2016-09-21,76,76.57,75.88,76.05,713786,0.0
2016-09-22,76.24,76.67,75.41,75.7,1823347,0.0
2016-09-25,75.09,75.56,74.88,74.96,677760,0.0
2016-09-26,74.86,76.32,74.835,76.29,627876,0.0
2016-09-27,76.62,77.25,76.54,77.05,870460,0.0
2016-09-28,77.03,77.16,76.6,76.75,822903,0.0
2016-09-29,76.99,77.685,76.5,77.61,839603,0.0
2016-10-02,77.26,77.94,77.26,77.58,754573,0.0
2016-10-03,77.54,78.62,77.54,78.18,1647840,0.0
2016-10-04,78.2,79.34,78.01,78.7,1095931,0.0
2016-10-05,78.38,78.69,77.19,77.76,2488723,0.0
2016-10-06,78.13,79.06,77.8,78.07,1245248,0.0
2016-10-09,78.5,78.51,77.5,77.59,977159,0.0
2016-10-10,77.59,77.64,76.56,76.64,912512,0.0
2016-10-11,75.03,77.1,74.34,76.77,1424528,0.0
2016-10-12,76.5,76.56,75.42,76.36,917800,0.0
2016-10-13,76.53,77.49,76,76.18,967547,0.0
2016-10-16,75.84,76.48,75.65,76.2,858223,0.0
2016-10-17,76.75,77.51,76.57,77.23,654948,0.0
2016-10-18,77.34,77.54,76.98,77.19,684609,0.0
2016-10-19,77.36,77.42,76.68,77.1,771515,0.0
2016-10-20,77.36,77.88,76.87,77.65,656769,0.0
2016-10-23,77.83,78.49,77.77,78.38,560642,0.0
2016-10-24,78.45,78.73,78.146,78.53,710233,0.0
2016-10-25,78.42,78.97,78.31,78.86,800129,0.0
2016-10-26,79,79.38,78.86,79.05,1085610,0.0
2016-10-27,78.98,81.08,78.78,81,3305071,0.0
2016-10-30,83.74,84.98,82.79,84.56,3451953,0.0
2016-10-31,84.28,84.85,81.79,83.09,2797473,0.0
2016-11-01,83,84.14,82.71,83.33,1161237,0.0
2016-11-02,83.42,83.96,82.74,82.83,778457,0.0
2016-11-03,82.03,83.31,81.98,82.67,774442,0.0
2016-11-06,83.74,84.33,83.3,84.12,1025178,0.0
2016-11-07,83.85,83.96,82.8,83.39,1159547,0.0
2016-11-08,82.4,85.47,81.45,84.78,1527801,0.0
2016-11-09,84.82,85.85,83.95,85.15,975355,0.0
2016-11-10,84.99,85.25,83.77,84.44,1424855,0.0
2016-11-13,84.07,84.95,83.19,84.05,777959,0.0
2016-11-14,84.28,84.75,82.66,82.695,1524568,0.0
2016-11-15,82.08,83.16,82.08,83.12,1329320,0.0
2016-11-16,83.06,83.9,82.375,83.8,657979,0.0
2016-11-17,83.84,84.21,83.36,83.42,576204,0.0
2016-11-20,83.84,84.35,83.59,83.96,628862,0.0
2016-11-21,83,84.49,82.22,83.74,911438,0.0
2016-11-22,83.69,84,82.88,83.03,821003,0.0
2016-11-24,83.38,83.59,83.08,83.23,271318,0.0
2016-11-27,82.94,83.3482,82.44,82.52,767429,0.0
2016-11-28,82.36,82.915,81.39,81.59,1101168,0.0
2016-11-29,81.85,82.5875,81.61,82.33,859648,0.0
2016-11-30,82.28,82.51,81.21,81.31,1667662,0.0
2016-12-01,81.2,83,80.78,81.87,867533,0.0
2016-12-04,81.99,83.91,81.89,83.37,960798,0.0
2016-12-05,83.69,83.87,82,83.86,772642,0.0
2016-12-06,83.89,84.67,83.1,84.59,587372,0.0
2016-12-07,84.72,85.41,84.55,84.6,682829,0.0
2016-12-08,84.29,85.39,84,85.24,623198,0.0
2016-12-11,85.18,85.18,84.24,84.64,584611,0.0
2016-12-12,84.78,85.31,84.05,84.58,948203,0.0
2016-12-13,84.39,85.27,84.33,84.93,943370,0.0
2016-12-14,84.81,85.83,84.6,85.05,1010494,0.0
2016-12-15,85.46,86.17,84.64,84.99,1034498,0.0
2016-12-18,85.22,85.62,85,85.4,643082,0.0
2016-12-19,85.7,86.5333,85.7,85.9,889330,0.0
2016-12-20,85.69,86,85.24,85.66,783019,0.0
2016-12-21,85.93,85.97,84.5,84.95,1105697,0.0
2016-12-22,84.77,85.96,84.64,84.89,321514,0.0
2016-12-26,85.16,86.7,85.01,86.33,622768,0.0
2016-12-27,86.25,86.47,85.02,85.18,589903,0.0
2016-12-28,84.89,86.13,84.89,85.04,947416,0.0
2016-12-29,85.25,85.63,84.29,84.46,581996,0.0
2017-01-02,84.73,85.24,84.014,84.57,1105720,0.0
2017-01-03,84.52,85.2701,84,84.87,1608203,0.0
2017-01-04,84.68,86.73,84.6,86.66,925302,0.0
2017-01-05,86.66,87.75,85.61,87.24,1619008,0.0
2017-01-08,87.33,87.64,86.895,87.2,921365,0.0
2017-01-09,87.19,88.9284,87.05,88.21,1370272,0.0
2017-01-10,88.48,89.27,88.28,88.49,2017435,0.0
2017-01-11,88.35,89.25,87.7,89.2,951946,0.0
2017-01-12,89.45,92.23,89.43,90.72,2896846,0.0
2017-01-16,90.57,90.89,89.82,90.41,1232531,0.0
2017-01-17,90.9,90.9,88.91,89.61,2517949,0.0
2017-01-18,95,97.92,94.5,96.34,6345469,0.0
2017-01-19,96.99,97.89,96.3,97.79,2034708,0.0
2017-01-22,97.27,98.25,96.64,97.79,1620493,0.0
2017-01-23,98.07,99.36,97.36,98.88,1580135,0.0
2017-01-24,99.74,99.74,96.25,96.64,1975706,0.0
2017-01-25,96.6,98.49,96.6,98.14,1278774,0.0
2017-01-26,98,99.69,97.5,99.48,1969722,0.0
2017-01-29,99.21,99.21,97.74,98.45,1089807,0.0
2017-01-30,98.54,99.38,98.24,98.76,784031,0.0
2017-01-31,98.56,98.86,97.31,97.9,1006602,0.0
2017-02-01,97.33,98.71,97.26,98.43,771087,0.0
2017-02-02,98.69,99.57,98.202,99.4,1174026,0.0
2017-02-05,98.82,99.27,98.3,98.95,1395264,0.0
2017-02-06,100.52,100.87,99.13,100.27,1900178,0.0
2017-02-07,100.45,100.63,98.98,99.56,1255195,0.0
2017-02-08,99.68,100.525,99.58,100.45,1092311,0.0
2017-02-09,100.25,101.63,100.15,101.19,820109,0.0
2017-02-12,101.77,101.77,100.272,100.94,585157,0.0
2017-02-13,100.38,101.47,100.3,100.98,530781,0.0
2017-02-14,101,101.31,100.3,100.85,808364,0.0
2017-02-15,100.7,101.35,100.6,100.99,522220,0.0
2017-02-16,100.57,101.73,100.17,101.21,726811,0.0
2017-02-20,101.31,101.36,100.43,101.12,913104,0.0
2017-02-21,101.12,101.32,100.53,100.56,581922,0.0
2017-02-22,100.94,101.06,99.7,99.81,764632,0.0
2017-02-23,99.2,99.76,98.51,99.44,1040460,0.0
2017-02-26,99.53,99.95,98.25,99.21,1015303,0.0
2017-02-27,99.2,99.43,98.59,98.91,648105,0.0
2017-02-28,98.98,99.915,98.25,99.35,1087918,0.0
2017-03-01,99.56,99.57,98.76,99.18,731114,0.0
2017-03-02,99.2,99.76,98.8,99.36,728437,0.0
2017-03-05,98.84,99.555,98.6,98.96,550821,0.0
2017-03-06,98.63,99.49,98.54,98.69,577569,0.0
2017-03-07,98.59,100.08,98.5,99.8,709155,0.0
2017-03-08,99.65,99.78,98.52,98.8,559987,0.0
2017-03-09,99.41,100.0393,98.86,99.92,568537,0.0
2017-03-12,99.97,100.46,99.64,100.4,624061,0.0
2017-03-13,99.9,100.395,99.47,99.54,549521,0.0
2017-03-14,99.47,100.85,99.33,100.73,435736,0.0
2017-03-15,100.9,102.13,100.51,101.92,943478,0.0
2017-03-16,102.09,102.24,101.27,101.42,861316,0.0
2017-03-19,101.61,102.05,101.3,101.68,615538,0.0
2017-03-20,101.8,102.05,101.06,101.11,1083220,0.0
2017-03-21,100.95,103.25,100.6776,102.85,1129162,0.0
2017-03-22,102.8,103.93,102.43,103.4,887039,0.0
2017-03-23,103.87,104.35,103.15,103.39,924295,0.0
2017-03-26,102.56,103.99,102.15,103.7,506801,0.0
2017-03-27,103.89,104.2,103.36,103.78,629404,0.0
2017-03-28,103.66,104.2,103,103.41,524314,0.0
2017-03-29,103.4,103.99,102.92,103.13,371204,0.0
2017-03-30,102.98,103.08,102.45,102.66,703152,0.0
2017-04-02,102.74,103.305,102.17,103.22,807142,0.0
2017-04-03,103.01,103.5,102.71,102.8,347064,0.0
2017-04-04,103.14,103.755,102.6034,102.87,558630,0.0
2017-04-05,102.93,103.16,102.28,102.61,493184,0.0
2017-04-06,102.85,103.35,102.55,103.16,437762,0.0
2017-04-09,103.23,103.62,102.88,103.32,350856,0.0
2017-04-10,103.35,103.63,102.1801,103.36,325670,0.0
2017-04-11,103.94,104.41,103.54,104,721631,0.0
2017-04-12,103.85,104.64,103.2605,103.52,680157,0.0
2017-04-16,103.35,104.06,102.87,103.1,933912,0.0
2017-04-17,104.45,104.45,102.27,102.46,1342545,0.0
2017-04-18,102.91,103.01,102.5,102.8,878180,0.0
2017-04-19,102.87,102.925,102.06,102.63,602993,0.0
2017-04-20,103.1,103.54,102.72,103.43,767954,0.0
2017-04-23,104.87,105.725,103.45,104.38,805268,0.0
2017-04-24,104.7,105.71,104.56,105.35,739475,0.0
2017-04-25,105.01,105.35,103.78,104.24,1780664,0.0
2017-04-26,103,105.2,102,104.39,1351490,0.0
2017-04-27,105.19,105.48,103.11,104,779151,0.0
2017-04-30,104.04,104.39,103.4,103.82,980512,0.0
2017-05-01,104.11,105.04,103.7,104.43,561418,0.0
2017-05-02,104.7,104.82,104.05,104.39,531547,0.0
2017-05-03,104.87,106.28,104.6,106.25,753160,0.0
2017-05-04,106.1,106.37,105.29,105.99,540513,0.0
2017-05-07,105.67,106.375,105.5,106.33,570575,0.0
2017-05-08,106.18,106.33,106,106.0525,486264,0.0
2017-05-09,106.04,106.21,105.62,106.06,544054,0.0
2017-05-10,105.57,106.32,105.2,105.72,505686,0.0
2017-05-11,106.01,107.61,105.76,107.59,764984,0.0
2017-05-14,110.5,110.86,108.26,110.32,2192243,0.0
2017-05-15,110.84,111.24,109.625,110.47,896779,0.0
2017-05-16,109.86,110.3,108.3,108.38,720408,0.0
2017-05-17,108.37,109.16,107.39,108.68,655418,0.0
2017-05-18,108.65,109.16,108.24,108.43,690178,0.0
2017-05-21,108.59,109.85,108.59,109.55,549941,0.0
2017-05-22,109.88,110.29,109.01,109.62,519522,0.0
2017-05-23,109.85,110.02,109.38,109.92,687017,0.0
2017-05-24,110.21,112.04,110.21,111.38,690440,0.0
2017-05-25,111.16,111.87,110.78,111.19,496889,0.0
2017-05-29,111.3,112.17,110.8,111.41,709859,0.0
2017-05-30,112,112.83,110.675,112.04,1014818,0.0
2017-05-31,112.35,112.57,110.57,111.57,1245270,0.0
2017-06-01,112.13,113.3199,112,112.86,728393,0.0
2017-06-04,113.92,114.02,112.85,113.48,446776,0.0
2017-06-05,113.53,114.0364,113.2,113.7,658012,0.0
2017-06-06,114.42,115.13,113.71,114.95,797555,0.0
2017-06-07,115.36,115.87,114.15,115.47,526059,0.0
2017-06-08,115.26,115.55,109.45,110.8,1047974,0.0
2017-06-11,110.16,110.3,107.26,109.66,1382114,0.0
2017-06-12,110.03,111.07,109.68,111.07,725238,0.0
2017-06-13,111.62,112.32,110.08,111.09,673141,0.0
2017-06-14,109.98,110.5,109.05,110.19,523657,0.0
2017-06-15,110.07,110.71,109.4,110,826901,0.0
2017-06-18,110.27,111.925,110.27,111.77,448111,0.0
2017-06-19,111.91,112.51,111.12,111.16,553892,0.0
2017-06-20,111.35,112.82,111,112.52,613510,0.0
2017-06-21,113.2,113.83,112.08,113.5,971791,0.0
2017-06-22,113.24,114.28,112.66,113.95,695380,0.0
2017-06-25,114.62,114.84,112.36,112.57,588925,0.0
2017-06-26,112.35,112.54,110.44,111.22,703577,0.0
2017-06-27,111.8,112.48,111.3,112.38,748310,0.0
2017-06-28,111.87,112.1199,108.8,109.58,688650,0.0
2017-06-29,110.26,110.37,109.03,109.11,603815,0.0
2017-07-02,109.2,110.26,108.07,108.1,418047,0.0
2017-07-04,109.5,110.83,108.94,110.34,663067,0.0
2017-07-05,109.48,110.14,108.7,109.84,662617,0.0
2017-07-06,109.21,112.1277,109.21,111.46,677998,0.0
2017-07-09,111.68,112.93,111.37,111.86,636093,0.0
2017-07-10,112.04,113.17,111.69,113.04,716597,0.0
2017-07-11,113.95,114.79,113.5,114.49,651335,0.0
2017-07-12,114.51,114.625,113.51,114.01,500845,0.0
2017-07-13,113.84,114.38,113.34,114.08,537112,0.0
2017-07-16,113.96,114.37,113.07,114.32,434766,0.0
2017-07-17,114.52,114.71,113.41,114.65,701479,0.0
2017-07-18,115,116.63,114.807,115.66,1296653,0.0
2017-07-19,108.8,109.99,105.79,107.58,3556210,0.0
2017-07-20,107.06,107.75,106,106.35,1509510,0.0
2017-07-23,107.07,107.71,106.23,106.73,900107,0.0
2017-07-24,106.74,107,106.28,106.35,844286,0.0
2017-07-25,106.28,107.82,106.2,107.56,872943,0.0
2017-07-26,107.65,107.88,104.33,106.45,1454657,0.0
2017-07-27,106.26,107.445,105.9,106.56,507743,0.0
2017-07-30,106.6,106.98,104.98,105.78,799393,0.0
2017-07-31,105.84,107.12,105.34,107.02,812335,0.0
2017-08-01,107,107.17,104.6,105.35,784957,0.0
2017-08-02,105.79,106.3,105.27,106.09,488269,0.0
2017-08-03,106.25,106.65,105.42,106.14,353603,0.0
2017-08-06,106.81,106.93,106.1,106.85,564482,0.0
2017-08-07,106.26,107.2,105.56,106.45,557902,0.0
2017-08-08,106,107.54,105.68,107.42,648966,0.0
2017-08-09,106.88,106.88,104.91,104.985,606937,0.0
2017-08-10,105.38,107.05,105.35,105.95,653717,0.0
2017-08-13,107.01,109,106.99,108.23,731143,0.0
2017-08-14,107.97,108.44,107.2,107.76,509348,0.0
2017-08-15,108.52,109,108.01,108.86,600919,0.0
2017-08-16,108.93,108.98,106.6,106.83,631321,0.0
2017-08-17,106.83,107.99,106.49,107.28,359375,0.0
2017-08-20,107.24,107.64,106.31,107.46,326008,0.0
2017-08-21,108.5,109.39,108.48,108.9,564260,0.0
2017-08-22,108.53,108.87,107.64,108.05,284336,0.0
2017-08-23,108.42,109.3,108.04,109.19,585977,0.0
2017-08-24,109.42,109.81,108.35,108.71,327425,0.0
2017-08-27,109,109.67,108.48,109.03,367907,0.0
2017-08-28,108.47,109.48,107.7,109.09,489551,0.0
2017-08-29,109.07,110.42,108.81,110.18,441338,0.0
2017-08-30,110.5,112.19,110.27,111.87,585102,0.0
2017-08-31,111.89,112.58,109.091,110.9,822919,0.0
2017-09-04,110.05,111.88,109.44,110.02,707478,0.0
2017-09-05,110.43,111.19,109.94,111.04,456161,0.0
2017-09-06,111.45,111.89,111.09,111.44,285642,0.0
2017-09-07,112.49,114.4,112.28,112.64,824773,0.0
2017-09-10,113.71,113.8,112.321,112.72,616472,0.0
2017-09-11,112.7,112.7664,111.27,112.349,405202,0.0
2017-09-12,112.3,113.84,112.01,113.36,427434,0.0
2017-09-13,112.76,113.81,112.3,112.75,407867,0.0
2017-09-14,112.48,113.425,111.8,112.76,555968,0.0
2017-09-17,113,113.03,112.11,112.91,409291,0.0
2017-09-18,113.24,113.825,112.7775,113,406084,0.0
2017-09-19,112.08,112.48,109.94,111.27,776394,0.0
2017-09-20,111.51,111.85,110.02,110.8,302333,0.0
2017-09-21,110.43,112.07,110,112,374995,0.0
2017-09-24,111.08,111.62,110.53,110.98,379073,0.0
2017-09-25,111.69,112.26,110.798,111.75,467901,0.0
2017-09-26,112.37,113.59,111.82,112.71,504776,0.0
2017-09-27,112.67,113.89,112.27,112.4,383098,0.0
2017-09-28,112.61,114.155,112.54,113.99,550147,0.0
2017-10-01,113.51,116.3,113.49,115.23,990022,0.0
2017-10-02,115.47,116.6788,115.17,115.85,447086,0.0
2017-10-03,115.63,116.03,114.77,115.77,220033,0.0
2017-10-04,116.22,116.4,115.13,116,474245,0.0
2017-10-05,116.12,117.11,115.69,116.7,619443,0.0
2017-10-08,116.64,116.98,115.71,116.11,344967,0.0
2017-10-09,116.25,117.45,116.22,117.28,458611,0.0
2017-10-10,116.95,117.76,116.55,117.69,312866,0.0
2017-10-11,117.72,118.24,117.5,117.75,415747,0.0
2017-10-12,118.68,119.2,118.22,119.13,581620,0.0
2017-10-15,118.64,118.86,117.67,118.08,495430,0.0
2017-10-16,117.49,117.7,113.54,116.92,1707620,0.0
2017-10-17,117.62,118.05,116.74,118.01,622469,0.0
2017-10-18,117.74,118.28,116.54,117.9,464782,0.0
2017-10-19,118.66,118.895,117.81,118.5,671958,0.0
2017-10-22,119,119,117.19,117.49,835444,0.0
2017-10-23,118.05,118.48,117,117.27,715584,0.0
2017-10-24,117.36,117.36,115.26,115.56,799727,0.0
2017-10-25,116.62,116.79,115.14,115.89,866415,0.0
2017-10-26,116.33,117.96,115.35,117.49,935279,0.0
2017-10-29,117.22,117.22,115.82,116.48,1034535,0.0
2017-10-30,116.75,118.39,116,117.71,1393978,0.0
2017-10-31,107,110,102.25,103.01,7986225,0.0
2017-11-01,103.73,106.96,103.53,106.62,2488171,0.0
2017-11-02,106.65,106.91,105.34,105.65,1688732,0.0
2017-11-05,105.8,106.17,105,105.22,863481,0.0
2017-11-06,105.62,106.48,104.5,104.99,709864,0.0
2017-11-07,105.69,106.03,105.03,105.35,584789,0.0
2017-11-08,105.36,105.3753,102.535,103.63,878485,0.0
2017-11-09,103.5,103.6,102.28,102.49,909197,0.0
2017-11-12,102.35,102.93,100.93,102.8,2050248,0.0
2017-11-13,102.19,102.82,101.8601,102.4,2060103,0.0
2017-11-14,102.35,103.21,101.99,103.07,1086478,0.0
2017-11-15,103.59,104.28,102.83,103.01,1118406,0.0
2017-11-16,103.21,103.21,101.97,102.13,902743,0.0
2017-11-19,102.61,103.77,102.34,102.94,810588,0.0
2017-11-20,103.66,104.42,103.25,103.93,607078,0.0
2017-11-21,104.23,104.7,103.53,103.63,624499,0.0
2017-11-23,103.6,104.33,103.6,104.02,306282,0.0
2017-11-26,105.18,105.65,104.16,104.72,776231,0.0
2017-11-27,104.79,105.65,104.14,104.22,657462,0.0
2017-11-28,104.38,104.38,101.27,102.07,749689,0.0
2017-11-29,102.53,104.48,101.97,104.285,869459,0.0
2017-11-30,103.32,104.81,102.4,104.32,679544,0.0
2017-12-03,104.73,104.74,102.11,102.65,727538,0.0
2017-12-04,102.51,104.94,102.51,103.61,833805,0.0
2017-12-05,104.47,104.47,102.64,103.55,566788,0.0
2017-12-06,103.62,103.68,100.87,103.53,1486972,0.0
2017-12-07,104.18,105.3,103.61,104.78,625147,0.0
2017-12-10,104.82,105.92,104.11,105.86,862055,0.0
2017-12-11,104.87,106.26,104.13,105.43,790673,0.0
2017-12-12,106.14,107.1,106,106.43,613656,0.0
2017-12-13,106.9,108.34,105.68,106.3,790947,0.0
2017-12-14,106.73,107.48,106.18,107.16,946542,0.0
2017-12-17,107.5,108.09,105.1,105.5,1000670,0.0
2017-12-18,106,106,104.64,104.92,757002,0.0
2017-12-19,104.98,104.98,103.73,104.36,582105,0.0
2017-12-20,105.07,105.07,102.69,103.18,1078352,0.0
2017-12-21,103.02,103.15,101.6,101.89,1008578,0.0
2017-12-25,101.43,102.73,101.34,102.72,1071315,0.0
2017-12-26,102.84,104.17,102.38,103.31,402547,0.0
2017-12-27,103.14,104.23,103.14,103.68,292685,0.0
2017-12-28,103.6,104.16,103.15,103.62,244596,0.0
2018-01-01,104.35,104.67,103.05,103.74,571109,0.0
2018-01-02,104.36,105.53,104.01,105.21,572139,0.0
2018-01-03,105.93,106.93,105.42,105.62,612152,0.0
2018-01-04,105.58,105.8,102.655,103.4,1257461,0.0
2018-01-07,103.33,103.97,102.19,103.56,1220013,0.0
2018-01-08,103.54,103.7,100.69,103.16,2022509,0.0
2018-01-09,104.06,104.06,102.4,103.14,764351,0.0
2018-01-10,104.01,104.01,102.07,102.93,572498,0.0
2018-01-11,102.72,104.07,102.62,103,805044,0.0
2018-01-15,102.98,103.83,102.06,102.49,1109043,0.0
2018-01-16,104.29,104.29,102.7901,103.559,1207888,0.0
2018-01-17,103.33,104.96,102.86,103.19,983891,0.0
2018-01-18,103.09,104.6,103,104.47,1513461,0.0
2018-01-21,104.8,105.51,104.3249,104.97,997225,0.0
2018-01-22,104.88,106.5,104.5,105.35,1037291,0.0
2018-01-23,105.97,106.14,104.6041,105.149,691204,0.0
2018-01-24,103.4,105.28,103.29,103.97,1228578,0.0
2018-01-25,104.75,105.61,103.89,104.57,1975978,0.0
2018-01-28,104.5,106.68,104.16,105.34,1409295,0.0
2018-01-29,105.03,105.39,103.29,104.46,1944150,0.0
2018-01-30,101.96,105.5,98.75,103.42,4018404,0.0
2018-01-31,101.11,104.34,100.05,103.01,1809280,0.0
2018-02-01,102.15,102.865,100.685,101.36,1693660,0.0
2018-02-04,100.89,103.1,100.03,101,1786377,0.0
2018-02-05,100.38,101.59,99.7,101.45,1846931,0.0
2018-02-06,101.27,101.68,99.03,99.04,1780912,0.0
2018-02-07,99,99.73,97.95,98.2,1735594,0.0
2018-02-08,98.97,99.1,95.03,97.83,1910740,0.0
2018-02-11,98.58,100.44,98.54,99.54,1018565,0.0
2018-02-12,99.04,101.13,98.74,100.839,824898,0.0
2018-02-13,100.01,101.35,99.9,101.2,1064096,0.0
2018-02-14,101.41,102.98,101.03,102.93,926026,0.0
2018-02-15,102.97,103.82,102.44,103.29,543404,0.0
2018-02-19,102.62,103.24,101.73,102.23,826720,0.0
2018-02-20,102.31,104.51,102.3,103.02,1012907,0.0
2018-02-21,103.09,104.16,102.42,102.58,771362,0.0
2018-02-22,103.39,104.34,102.78,104.32,524416,0.0
2018-02-25,104.42,105.95,104.1,105.84,834994,0.0
2018-02-26,105.43,105.88,103.35,103.72,927413,0.0
2018-02-27,104.31,105.47,103.88,103.88,630083,0.0
2018-02-28,103.54,103.985,101.62,102.62,955335,0.0
2018-03-01,101.86,104.04,101.51,103.84,564538,0.0
2018-03-04,103.68,104.7181,103.29,104.24,500089,0.0
2018-03-05,104.71,104.96,103.12,103.93,618427,0.0
2018-03-06,103.38,105.61,103.38,105.04,591792,0.0
2018-03-07,105.73,105.84,104.32,105.15,622555,0.0
2018-03-08,105.29,106.41,104.91,105.99,624821,0.0
2018-03-11,106.03,107.1,105.7,106.42,526737,0.0
2018-03-12,106.56,106.76,105.02,105.24,510935,0.0
2018-03-13,105.94,106.04,104.6,104.95,383958,0.0
2018-03-14,104.48,105.23,104.25,104.56,460859,0.0
2018-03-15,104.66,104.89,103.5,103.58,744878,0.0
2018-03-18,103.32,104.195,102.27,103.37,904185,0.0
2018-03-19,103.17,103.8369,102.62,103.24,429087,0.0
2018-03-20,102.77,103.92,102.5,103.03,496132,0.0
2018-03-21,102.25,103.33,101.15,101.2,472544,0.0
2018-03-22,100.99,101.9499,99.35,99.37,644820,0.0
2018-03-25,100.73,101.59,99.73,100.85,923966,0.0
2018-03-26,101.35,101.64,98.66,99.09,768300,0.0
2018-03-27,99.2,99.755,98.25,99.06,948553,0.0
2018-03-28,99.19,100.25,97.3,99.33,1404742,0.0
2018-04-01,99.26,100.14,97.93,98.65,1035101,0.0
2018-04-02,99.22,99.95,98.23,99.01,634433,0.0
2018-04-03,98.06,100.84,98.02,100.55,569943,0.0
2018-04-04,100.87,100.87,99.85,100.35,409953,0.0
2018-04-05,99.83,100.565,98.29,98.55,593648,0.0
2018-04-08,99.76,101.75,99.7,100.17,1243778,0.0
2018-04-09,101.48,102.97,100.25,102.5,1250008,0.0
2018-04-10,101.98,102.62,101.155,101.76,852015,0.0
2018-04-11,101.79,102.95,101.79,102.68,827442,0.0
2018-04-12,103.15,103.15,101.98,102.53,737151,0.0
2018-04-15,102.15,104.05,102.1,102.94,826401,0.0
2018-04-16,103.52,104.88,103.34,104.7,642118,0.0
2018-04-17,104.67,104.93,103.43,104.1,715082,0.0
2018-04-18,103.87,104.26,102.56,103.09,567812,0.0
2018-04-19,102.7,103,102.1,102.22,875989,0.0
2018-04-22,102.24,103,101.851,102.82,1588096,0.0
2018-04-23,103.61,105.17,102.59,102.89,2091552,0.0
2018-04-24,94.5,97.25,93.7592,96.34,5416479,0.0
2018-04-25,96.11,98.99,96.06,97.45,2808085,0.0
2018-04-26,97.84,98.3,95.62,95.73,1175942,0.0
2018-04-29,96.27,97.015,95.35,96.51,787472,0.0
2018-04-30,96.27,98.52,95.99,98.48,875772,0.0
2018-05-01,97.71,98.48,96.75,96.94,1120024,0.0
2018-05-02,96.75,97.81,95.41,97.61,877816,0.0
2018-05-03,97.37,99.12,96.35,98.66,989783,0.0
2018-05-06,98.51,99.7237,98.165,99.49,1017949,0.0
2018-05-07,99.48,100.15,99.078,99.93,1006699,0.0
2018-05-08,98.73,100.53,98.5,99.78,842917,0.0
2018-05-09,100,100.97,99.76,100.21,687012,0.0
2018-05-10,100.07,100.8,99.55,100.23,836583,0.0
2018-05-13,100.17,101,98.83,98.95,726159,0.0
2018-05-14,97.94,97.96,96.47,96.85,1371209,0.0
2018-05-15,96.91,97.1,95.61,96.4,1057104,0.0
2018-05-16,96.43,96.6909,95.03,95.96,1263756,0.0
2018-05-17,96.21,96.49,95.63,95.67,609597,0.0
2018-05-20,96.03,97.22,96.03,96.96,810271,0.0
2018-05-21,97.01,97.79,96.17,96.35,459434,0.0
2018-05-22,95.77,96.63,95.61,96.62,514045,0.0
2018-05-23,96.72,96.84,95.37,96.42,610457,0.0
2018-05-24,96.62,97.215,96.32,97.02,685048,0.0
2018-05-28,96.15,97.02,95.91,96.52,568090,0.0
2018-05-29,97.04,97.44,96.57,96.95,591075,0.0
2018-05-30,97.06,97.98,96.5,97.37,651167,0.0
2018-05-31,97.07,99.33,97.07,99.03,1031499,0.0
2018-06-03,98.86,100.19,97.2914,98.65,1004003,0.0
2018-06-04,98.98,99.135,97.85,98.38,775493,0.0
2018-06-05,98.67,99.21,97.98,98.825,672037,0.0
2018-06-06,98.72,99.14,97.685,98.02,892904,0.0
2018-06-07,98.23,99.35,98,99.11,528327,0.0
2018-06-10,99.13,99.54,98.79,99.34,333204,0.0
2018-06-11,99.8,100.99,99.2,100.88,642291,0.0
2018-06-12,100.88,100.99,99.765,100.07,618548,0.0
2018-06-13,99.95,100.49,99.59,99.95,578319,0.0
2018-06-14,99.72,100.09,98.55,99.97,1132473,0.0
2018-06-17,99.23,100.55,99.23,100.45,781711,0.0
2018-06-18,99.9,99.93,99.031,99.6,528794,0.0
2018-06-19,99.72,100.24,99.32,99.51,703708,0.0
2018-06-20,99.6,99.82,98.21,98.35,565568,0.0
2018-06-21,98.8,99.11,96.68,97.48,822295,0.0
2018-06-24,96.64,96.81,95.67,96.55,1005312,0.0
2018-06-25,96.75,97.64,96.58,97.33,599614,0.0
2018-06-26,97.62,98.195,96.93,97.11,816359,0.0
2018-06-27,96.97,98.82,96.29,98.64,903617,0.0
2018-06-28,98.9,98.9,97.5,97.66,475179,0.0
2018-07-01,96.83,99.39,96.83,99.34,1024995,0.0
2018-07-02,99.73,100,99.25,99.39,630350,0.0
2018-07-04,99.54,100.09,98.63,99.96,1238599,0.0
2018-07-05,101.53,103.15,101.02,102.82,2321430,0.0
2018-07-08,103,103.26,101.71,102.02,1453235,0.0
2018-07-09,104.21,104.74,102.09,104.38,1725193,0.0
2018-07-10,104.39,108.66,104,108.38,2603344,0.0
2018-07-11,108.83,110.02,108.66,109.92,1308323,0.0
2018-07-12,109.9,110.03,108.93,109.32,848651,0.0
2018-07-15,109.26,109.68,108.83,108.97,632430,0.0
2018-07-16,108.26,110.24,107.8,110.11,741609,0.0
2018-07-17,109.88,110.865,109.46,110.68,410221,0.0
2018-07-18,110.46,111.34,109.9308,111.26,732458,0.0
2018-07-19,111.06,112.04,110.62,111.57,879195,0.0
2018-07-22,111.22,111.48,109.79,109.92,1490572,0.0
2018-07-23,110.7,111.69,109.905,111.02,1572264,0.0
2018-07-24,114.24,116.9,112.68,116.82,2051855,0.0
2018-07-25,115.49,117.62,111.685,116.68,2211718,0.0
2018-07-26,116.29,116.48,113.09,113.58,2167654,0.0
2018-07-29,113.5,114.89,112.88,113.54,1152821,0.0
2018-07-30,113.84,114.18,107.99,112.67,2095297,0.0
2018-07-31,111.35,112.64,110.21,111.96,1122844,0.0
2018-08-01,111.67,113.42,110.71,113.13,1060369,0.0
2018-08-02,113,113.4957,112.19,113.12,660675,0.0
2018-08-05,113.12,114.79,112.75,114.19,608439,0.0
2018-08-06,113.98,114.69,112.3505,113.13,1139729,0.0
2018-08-07,113.13,113.91,112.72,113.38,882258,0.0
2018-08-08,113.74,114.66,113.57,113.78,604452,0.0
2018-08-09,113.41,113.91,113.04,113.71,428143,0.0
2018-08-12,114.14,114.92,112.91,113.29,419577,0.0
2018-08-13,113.06,114.84,112.86,114.23,791584,0.0
2018-08-14,113.12,114.17,112,113.84,510313,0.0
2018-08-15,114.24,114.46,113.95,114.32,305530,0.0
2018-08-16,114.33,115.08,113.96,114.96,508466,0.0
2018-08-19,115,115.16,114.34,114.83,346015,0.0
2018-08-20,115,115.5,114.15,114.33,498644,0.0
2018-08-21,114,115.67,113.98,115.34,459377,0.0
2018-08-22,115.23,115.95,114.85,115.42,478720,0.0
2018-08-23,115.9,116.48,115.5,115.76,868989,0.0
2018-08-26,115.6,115.92,114.67,115.38,1237953,0.0
2018-08-27,115.01,115.87,114.44,115.77,861976,0.0
2018-08-28,116.08,118.01,115.73,117.66,1048642,0.0
2018-08-29,117.3,117.78,116.49,116.6,818209,0.0
2018-08-30,116.44,117.07,115.69,116.19,544438,0.0
2018-09-03,115.26,116.775,114.84,116.59,823416,0.0
2018-09-04,116.54,116.62,114.86,115.57,579356,0.0
2018-09-05,115.23,116.01,114.77,115.57,855847,0.0
2018-09-06,115.03,116.01,114.58,115.42,602194,0.0
2018-09-09,115.75,117.89,115.57,117.42,1108044,0.0
2018-09-10,117.01,117.67,116.41,117.47,608420,0.0
2018-09-11,116.96,118.03,116.42,117.89,719412,0.0
2018-09-12,118.2,120.18,118.14,119.83,1559282,0.0
2018-09-13,119.684,120.58,119.48,120.5,506823,0.0
2018-09-16,120.75,120.77,119.41,119.62,1083854,0.0
2018-09-17,119.32,120.22,118.635,119.66,1184300,0.0
2018-09-18,119.45,119.49,116.665,118.14,555902,0.0
2018-09-19,118.59,120.73,118.13,118.71,748768,0.0
2018-09-20,118.65,118.76,117.66,117.75,777365,0.0
2018-09-23,117.6,119.05,116.25,118.48,482286,0.0
2018-09-24,119.05,119.17,117.87,118.16,618694,0.0
2018-09-25,118.77,119.23,118.23,118.47,675725,0.0
2018-09-26,117.92,118.7,117.63,118.111,712851,0.0
2018-09-27,117.74,118.9,117.47,117.67,776481,0.0
2018-09-30,118.27,118.7725,117.47,117.73,929647,0.0
2018-10-01,116.52,117.43,115.08,115.66,1206622,0.0
2018-10-02,115.66,117.19,115.22,116.69,722847,0.0
2018-10-03,116.23,116.41,114.93,115.57,621036,0.0
2018-10-04,115.57,116.31,114.07,115.49,897977,0.0
2018-10-07,115.29,115.49,112.55,114.34,671082,0.0
2018-10-08,113.97,114.99,113.08,113.61,971841,0.0
2018-10-09,113.69,113.87,110.0905,110.18,1274922,0.0
2018-10-10,110.38,112.07,109.66,110.29,1107323,0.0
2018-10-11,111.36,112.26,110.31,111.53,1163633,0.0
2018-10-14,111.14,112.23,110.06,111.13,702517,0.0
2018-10-15,112.4,113.72,111.54,113.33,1263262,0.0
2018-10-16,113.03,113.04,110.86,112.08,1203258,0.0
2018-10-17,111.11,112.38,110.24,110.8,811408,0.0
2018-10-18,112.06,113.03,110.26,110.27,917687,0.0
2018-10-21,111.01,113.44,110.33,112.45,1036234,0.0
2018-10-22,111.11,113.77,110.505,113.18,1565588,0.0
2018-10-23,113.15,114.45,108.162,108.21,2038533,0.0
2018-10-24,108.29,110.08,108,109.23,1298332,0.0
2018-10-25,106.11,109.55,106,108.39,891935,0.0
2018-10-28,109.32,110.4,105.12,106.84,890368,0.0
2018-10-29,106.94,107.95,105.43,107.26,1085590,0.0
2018-10-30,109.3958,111.2792,107.9,111,1273241,0.0
2018-10-31,111.01,111.72,109.34,111.37,639420,0.0
2018-11-01,111.91,112.42,109.67,110.99,643704,0.0
2018-11-04,111.05,112.15,110.51,111.61,604140,0.0
2018-11-05,111.21,112.77,111,111.85,724766,0.0
2018-11-06,112.97,113.47,112.17,112.92,885132,0.0
2018-11-07,112.36,113.18,111.07,111.61,692550,0.0
2018-11-08,110.76,112.73,109.01,112.65,922703,0.0
2018-11-11,111.87,112.06,110.66,110.78,515638,0.0
2018-11-12,111.37,112.395,110.03,110.83,622095,0.0
2018-11-13,111.5,112.78,110.79,111.3,758006,0.0
2018-11-14,110.7,113.74,110.225,113.52,905631,0.0
2018-11-15,113.1,114.4,112.24,114.35,627619,0.0
2018-11-18,113.8,113.89,110.92,111.41,783531,0.0
2018-11-19,110.38,110.98,106.35,107.14,1805131,0.0
2018-11-20,108.14,109,107.28,107.98,770586,0.0
2018-11-22,106.79,109.9,106.62,109.14,433010,0.0
2018-11-25,110,110.36,108.94,110.19,576569,0.0
2018-11-26,109.97,109.985,107.62,107.85,847898,0.0
2018-11-27,108.34,111.47,108.23,111.13,1129624,0.0
2018-11-28,111.12,111.225,109.5,110.39,881016,0.0
2018-11-29,110.64,111.99,110.34,111.82,724167,0.0
2018-12-02,112.78,113.16,111.79,112.47,832769,0.0
2018-12-03,112,112.79,110.01,110.22,748620,0.0
2018-12-05,108.54,110.15,108.35,109.92,1372763,0.0
2018-12-06,109.7,109.77,105.78,106.28,1348472,0.0
2018-12-09,106.03,109.56,105.67,109.1,1241293,0.0
2018-12-10,109.82,111.1,108.6,108.81,761355,0.0
2018-12-11,110,110.47,108.355,108.73,805081,0.0
2018-12-12,109.47,110,107.905,108.391,759032,0.0
2018-12-13,107.31,109.29,106.91,107.43,675041,0.0
2018-12-16,107.13,107.43,103.61,104.14,737997,0.0
2018-12-17,105.28,105.74,103.725,104.56,656780,0.0
2018-12-18,104.76,106.93,103.37,104.36,818668,0.0
2018-12-19,104.23,104.73,101.32,103.12,949868,0.0
2018-12-20,103.53,104.26,99.73,100.03,1063968,0.0
2018-12-23,99.21,100.845,98.57,99.65,500941,0.0
2018-12-25,99.94,103.08,99.12,102.93,681444,0.0
2018-12-26,101.72,103.46,100.59,103.45,461341,0.0
2018-12-27,103.56,104.06,101.81,102.915,377480,0.0
2018-12-30,103.52,104,102.09,102.29,328316,0.0
2019-01-01,101.04,103.725,100.63,103.52,835101,0.0
2019-01-02,101.84,104.26,101.785,102.44,831201,0.0
2019-01-03,103.83,105.52,103.615,105.36,923834,0.0
2019-01-06,104.88,105.44,103.54,104.86,840215,0.0
2019-01-07,105.25,107.615,105.08,107.56,714431,0.0
2019-01-08,107.97,109.83,107.15,107.43,1317742,0.0
2019-01-09,107.38,108.59,106.89,107.86,808929,0.0
2019-01-10,107.14,108.27,104.71,105.32,1247514,0.0
2019-01-13,104.83,105.21,103.46,104.27,949508,0.0
2019-01-14,104.23,107,104.06,105.88,876775,0.0
2019-01-15,106.13,106.47,104.22,104.3,860797,0.0
2019-01-16,104.46,106.5,104.44,105.87,755019,0.0
2019-01-17,106.63,107.62,105.42,106.74,888802,0.0
2019-01-21,106.5,107.69,105.88,106.46,734018,0.0
2019-01-22,106.57,108.18,105.96,107.385,1031407,0.0
2019-01-23,107.57,107.9,106.425,107.29,458422,0.0
2019-01-24,108.05,108.69,107.47,107.91,609899,0.0
2019-01-27,107.34,110.35,107.34,109.57,1557857,0.0
2019-01-28,109.48,110.975,108.72,110.88,1476605,0.0
2019-01-29,111,112.74,108.52,110.93,1705478,0.0
2019-01-30,110.18,112.59,110.18,111.775,1191045,0.0
2019-01-31,111.72,113,111.57,112.58,597415,0.0
2019-02-03,112.66,115.14,112.26,114.42,904355,0.0
2019-02-04,115,115.49,114.28,115.3325,611749,0.0
2019-02-05,115.44,116.015,114.4965,115.88,561212,0.0
2019-02-06,115.25,116.28,114.67,115.735,945835,0.0
2019-02-07,114.76,116.29,114.31,116.17,510476,0.0
2019-02-10,117.06,118,116.26,116.64,463974,0.0
2019-02-11,116.8,119.26,116.66,119.13,990198,0.0
2019-02-12,119.32,119.8,117.9,118.08,1009793,0.0
2019-02-13,117.82,119.63,116.27,119.305,783252,0.0
2019-02-14,119.9,120.2,118.81,120,608917,0.0
2019-02-20,119.59,121.62,119.45,121.19,613044,0.0
2019-02-21,121.54,122.95,121.44,122.75,396146,0.0
2019-02-24,122.9,123.19,121.595,121.78,943952,0.0
2019-02-25,121.78,121.95,121.15,121.47,795471,0.0
2019-02-26,121.1,123.1595,121.1,122.98,741466,0.0
2019-02-27,123.06,123.69,122.23,122.3,744912,0.0
2019-02-28,121.64,123.02,120.6,121.3,788370,0.0
2019-03-03,120.72,122.59,119.52,121.15,671597,0.0
2019-03-04,121.15,121.66,120.22,120.55,671034,0.0
2019-03-05,119.68,120.31,118.7,118.97,715401,0.0
2019-03-06,118.37,119.37,117.65,118.4,583036,0.0
2019-03-07,117.59,119,117.07,118.96,486718,0.0
2019-03-10,119.38,120.165,118.97,120.03,362999,0.0
2019-03-11,120.16,121.22,119.74,121.2089,998617,0.0
2019-03-12,121.8,123.16,121.55,122.06,624206,0.0
2019-03-13,122.27,123.87,122.09,123.8,1258766,0.0
2019-03-14,124.56,125.68,124.16,125.63,907965,0.0
2019-03-17,125.46,127.53,125.23,126.74,1107331,0.0
2019-03-18,127.5,128.11,125.78,126.14,990788,0.0
2019-03-19,125.94,126.57,125.33,125.92,779878,0.0
2019-03-20,125.2,126.63,124.08,126.16,1358814,0.0
2019-03-21,125.83,126.2,125.11,125.44,695673,0.0
2019-03-24,124.92,125.51,124.36,125.42,431268,0.0
2019-03-25,126.08,126.66,125.33,126.05,461063,0.0
2019-03-26,125.56,126.25,123.73,124.55,633450,0.0
2019-03-27,124.95,125.08,124.07,124.8,453949,0.0
2019-03-28,125.47,126.56,125.05,126.46,624942,0.0
2019-03-31,127.19,128.15,125.75,126.77,280122,0.0
2019-04-01,126.71,128.11,126.08,128,615082,0.0
2019-04-02,128.6,128.8499,127.3501,127.76,792460,0.0
2019-04-03,128.11,128.11,122.95,124.26,2022301,0.0
2019-04-04,124.68,125.16,123.65,123.94,807177,0.0
2019-04-07,123.98,125.18,123.165,124.57,780738,0.0
2019-04-08,123.95,124.85,123.2311,124.39,595652,0.0
2019-04-09,124.31,125.78,124.18,125.55,537462,0.0
2019-04-10,125.68,126.79,125.46,125.85,691370,0.0
2019-04-11,127.5,131.57,127,130.4,1720890,0.0
2019-04-14,130.13,132.3,130.13,131.49,1038596,0.0
2019-04-15,131.61,132.755,129.26,130.06,884791,0.0
2019-04-16,130.95,130.95,127.89,129.57,1459363,0.0
2019-04-17,120.15,120.15,115.21,119.985,4888180,0.0
2019-04-21,120.49,121.5,118.1,118.35,1522736,0.0
2019-04-22,119.16,119.5,117.12,118.5,1404129,0.0
2019-04-23,118.93,119.88,117.72,118.2,907485,0.0
2019-04-24,118.57,119.3,117.75,119.21,887872,0.0
2019-04-25,118.98,121.1,118.98,119.66,763315,0.0
2019-04-28,119.65,121.25,119.65,120.8,539178,0.0
2019-04-29,120.29,121.24,119.91,120.74,943878,0.0
2019-04-30,120.36,120.771,118.51,118.61,794759,0.0
2019-05-01,118.65,120.74,118.33,118.59,627059,0.0
2019-05-02,119.06,120,118.32,119.94,637309,0.0
2019-05-05,117.65,119.92,117.4,119.54,814450,0.0
2019-05-06,118.08,119.19,116.01,116.409,1162267,0.0
2019-05-07,116.42,117.4525,115.5,117.06,660849,0.0
2019-05-08,116.59,118.31,115.63,117.75,681175,0.0
2019-05-09,116.68,118.95,116.39,118.62,400828,0.0
2019-05-12,116.47,117.335,115.27,115.45,752694,0.0
2019-05-13,115.95,117.27,115.95,116.33,522744,0.0
2019-05-14,115.53,117.66,115.53,116.8,591240,0.0
2019-05-15,116.92,119.6,116.9,119.12,694532,0.0
2019-05-16,118.89,119.79,118.13,118.43,490565,0.0
2019-05-19,117.51,118.61,117,117.98,527361,0.0
2019-05-20,119.1,119.79,117.9,117.98,477015,0.0
2019-05-21,117.87,118.855,117.87,118.26,503258,0.0
2019-05-22,116.97,117.53,112.6,113.5,1170801,0.0
2019-05-23,114.25,115,113,113.86,769065,0.0
2019-05-27,114.47,115.81,113.19,113.19,894108,0.0
2019-05-28,112.81,113.75,112.14,113.14,831347,0.0
2019-05-29,113.22,114.055,111.43,112.56,1551334,0.0
2019-05-30,111.58,112.09,110.18,110.28,938817,0.0
2019-06-03,110.93,112.2,110.06,112.12,809924,0.0
2019-06-04,112.36,113.12,111.63,112.34,593794,0.0
2019-06-05,112.9,113.1,111.45,111.94,398203,0.0
2019-06-06,112.5,113.65,111.91,111.97,587243,0.0
2019-06-09,112.52,114.54,112.49,114.04,748196,0.0
2019-06-10,115.23,115.35,111.54,113.28,835850,0.0
2019-06-11,113.2,113.76,112.41,113.2,459740,0.0
2019-06-12,113.76,114.95,112.62,113,1223331,0.0
2019-06-13,112.46,113.81,112.35,113.35,1244912,0.0
2019-06-16,113.24,113.9999,113.02,113.3,376987,0.0
2019-06-17,115.53,115.56,112.5,112.73,745574,0.0
2019-06-18,113.26,114.6,112.01,114.23,617230,0.0
2019-06-19,116,116,113.685,114.81,705276,0.0
2019-06-20,114.83,115.98,114.01,114.17,689588,0.0
2019-06-23,114.63,114.8,113.235,113.94,526634,0.0
2019-06-24,113.99,114.48,113.63,114.15,741957,0.0
2019-06-25,114.58,115.42,113.76,113.95,469011,0.0
2019-06-26,114.57,116.03,114.24,115.25,677777,0.0
2019-06-27,115.895,116.29,114.85,115.67,709268,0.0
2019-06-30,117.23,118.0917,116.43,117.78,844747,0.0
2019-07-01,118.4,119.44,117.71,119.26,631860,0.0
2019-07-02,119.7,120.68,119.01,119.46,418693,0.0
2019-07-04,119.38,119.58,117.86,119.57,582453,0.0
2019-07-07,119.44,120.5995,119.1,120.27,569494,0.0
2019-07-08,119.69,120.25,119.07,120.23,545725,0.0
2019-07-09,120.69,120.99,119.6201,119.74,582024,0.0
2019-07-10,120.05,120.3,118.8,119.22,1094045,0.0
2019-07-11,119.81,119.81,118.3,118.78,759120,0.0
2019-07-14,118.86,118.9799,116.77,117.63,1101289,0.0
2019-07-15,116.24,116.44,114.59,116.24,1048011,0.0
2019-07-16,116.66,117.59,115.72,115.98,860408,0.0
2019-07-17,115.7,117.32,115.33,116.88,691054,0.0
2019-07-18,117.6,117.95,116.02,116.07,733397,0.0
2019-07-21,116.43,118,115.17,115.31,663662,0.0
2019-07-22,116.04,116.48,114.08,115.76,988206,0.0
2019-07-23,114.5,114.9,111.515,113.265,2644739,0.0
2019-07-24,112.92,115.06,112.44,113.68,1038828,0.0
2019-07-25,114.25,114.83,112.47,112.5,854512,0.0
2019-07-28,112.39,112.72,110.4,111.86,1123112,0.0
2019-07-29,110.89,111.81,110.39,111.41,927775,0.0
2019-07-30,111.71,113.31,111.15,111.95,1094522,0.0
2019-07-31,111.77,112.2,110.48,110.88,1247330,0.0
2019-08-01,110.67,112.11,110.51,111.76,880193,0.0
2019-08-04,109.96,110.4917,107.78,108.09,1340074,0.0
2019-08-05,109.02,109.86,107.51,108.21,1324709,0.0
2019-08-06,107.39,109.4894,107.03,109.33,776097,0.0
2019-08-07,109.58,111.77,109.58,111.77,944185,0.0
2019-08-08,111.48,112,110.86,111.03,591240,0.0
2019-08-11,110.36,110.755,109.21,109.48,516996,0.0
2019-08-12,109.56,111.79,109,110.63,818810,0.0
2019-08-13,108.71,109.42,107.05,107.49,872760,0.0
2019-08-14,107.29,108.37,106.94,107.64,657452,0.0
2019-08-15,108.67,109.32,107.89,108.11,575100,0.0
2019-08-18,108.66,109.09,108.08,108.76,456271,0.0
2019-08-19,108.7,109.22,107.94,108.43,551747,0.0
2019-08-20,109.19,109.99,108.61,109.22,577261,0.0
2019-08-21,109.29,110,108.13,108.98,574219,0.0
2019-08-22,108.56,109.1595,106.51,106.8,709358,0.0
2019-08-25,107.45,107.9899,105.81,106.52,569384,0.0
2019-08-26,107.15,107.72,105.49,106.72,749712,0.0
2019-08-27,106.01,106.61,105.13,105.78,771786,0.0
2019-08-28,107.07,108.12,106.76,107.47,546475,0.0
2019-08-29,108.14,108.31,107.45,107.71,534364,0.0
2019-09-02,107,107.91,106.12,106.53,661253,0.0
2019-09-03,107.24,107.89,106.12,106.26,624668,0.0
2019-09-04,107.42,109.07,107.2,108,1171567,0.0
2019-09-05,108.64,108.64,107.25,107.51,891581,0.0
2019-09-08,108.05,110.03,107.7,109.94,1719289,0.0
2019-09-09,109.63,111.32,108.98,111.28,1113305,0.0
2019-09-10,111.05,112.71,107.3705,112.61,673651,0.0
2019-09-11,113,113.57,110.74,111.32,722232,0.0
2019-09-12,111.51,111.92,110.91,111.89,561808,0.0
2019-09-15,110.75,113.54,110.15,111.01,792673,0.0
2019-09-16,110.96,110.96,109.74,110.7,544022,0.0
2019-09-17,110.45,111.165,109.92,111.09,569738,0.0
2019-09-18,108.72,110.4116,107.9,108.16,1478192,0.0
2019-09-19,108.3,109.25,107.805,108.9,937410,0.0
2019-09-22,109.14,109.14,107.84,108.43,767893,0.0
2019-09-23,108.63,108.99,106.03,106.19,735451,0.0
2019-09-24,106.37,107.79,105.36,107.75,758278,0.0
2019-09-25,108.02,109.48,107.705,109.14,615991,0.0
2019-09-26,109.47,109.59,107.46,108.17,616844,0.0
2019-09-29,108.32,110.285,107.605,109.5,791289,0.0
2019-09-30,109.37,111.47,107.32,107.32,1138808,0.0
2019-10-01,107,108,105.19,107.95,1235944,0.0
2019-10-02,107.45,108.32,106.06,107.9,964664,0.0
2019-10-03,108.87,111.07,108.13,110.9,2245808,0.0
2019-10-06,110.15,111.69,110.1301,110.91,1079790,0.0
2019-10-07,109.45,110.51,108.68,109.42,1851915,0.0
2019-10-08,110.15,110.825,109.66,110.13,1552024,0.0
2019-10-09,109.67,110.06,108.61,109.49,1889610,0.0
2019-10-10,110.08,111.82,109.54,111.2,1064165,0.0
2019-10-13,109.2,109.56,108.28,108.74,1310403,0.0
2019-10-14,108.96,109.855,108.64,108.88,1539287,0.0
2019-10-15,108.15,108.545,107.39,108.2,2221164,0.0
2019-10-16,108.34,108.68,107.41,108.04,1330433,0.0
2019-10-17,108.12,108.59,107.26,107.42,1277884,0.0
2019-10-20,107.76,108.33,107.36,107.36,635923,0.0
2019-10-21,107.28,107.97,106.63,106.64,592674,0.0
2019-10-22,106.64,107.58,106.14,107.37,1081194,0.0
2019-10-23,107.92,108.71,107.3801,108.46,1685913,0.0
2019-10-24,107.87,108.69,107.39,108.29,1617107,0.0
2019-10-27,109.77,111.33,106.94,108.995,3656522,0.0
2019-10-28,108.97,113.72,108.5,113.18,1873465,0.0
2019-10-29,112.86,112.86,110.61,112.18,1523043,0.0
2019-10-30,112.14,112.97,110.58,112.4,859812,0.0
2019-10-31,112.82,113.65,111.98,112.16,614376,0.0
2019-11-03,112.56,113,111.5,111.54,939870,0.0
2019-11-04,111.33,113.58,111.02,113.38,707861,0.0
2019-11-05,113.52,114.44,112.92,113.74,689805,0.0
2019-11-06,114.52,115.29,114.15,114.61,510915,0.0
2019-11-07,114.4,115.51,113.035,115.4,557361,0.0
2019-11-10,115,116.29,114.6,115.87,484831,0.0
2019-11-11,116.11,116.75,115.46,115.71,749190,0.0
2019-11-12,115.4,116.26,114.84,115.83,463646,0.0
2019-11-13,115.86,116.49,115.41,116.28,416697,0.0
2019-11-14,116.6,117.04,115.96,116.44,533905,0.0
2019-11-17,116.42,117.26,116.27,116.87,505461,0.0
2019-11-18,117,117.94,116.53,117.34,522746,0.0
2019-11-19,116.96,117.76,116.22,116.63,732368,0.0
2019-11-20,116.85,116.955,115.84,116.27,554820,0.0
2019-11-21,116.58,117.29,115.59,117.12,617469,0.0
2019-11-24,117.5,118.4,117.07,117.18,498286,0.0
2019-11-25,117.43,117.57,116.55,117.3,517594,0.0
2019-11-26,117.38,118.67,117.32,118.67,577814,0.0
2019-11-28,118.26,118.36,117.59,117.94,186632,0.0
2019-12-01,117.71,118,116.2,116.44,729683,0.0
2019-12-02,114.86,115.3199,112.29,113.02,1551307,0.0
2019-12-03,113.62,113.73,112.56,112.56,643119,0.0
2019-12-04,112.66,114,112.54,113.32,690908,0.0
2019-12-05,114.04,114.04,112.88,112.93,394301,0.0
2019-12-08,112.53,113.79,112.5,113.46,452491,0.0
2019-12-09,113.46,113.79,112.27,112.42,556579,0.0
2019-12-10,112.93,113.88,112.885,113.54,446201,0.0
2019-12-11,113.34,115.065,112.9,113.77,743408,0.0
2019-12-12,114.09,114.84,113.24,113.32,631364,0.0
2019-12-15,113.38,114.49,113.07,113.17,406975,0.0
2019-12-16,113.79,114.04,110.95,111,960627,0.0
2019-12-17,110.88,112.63,110.12,112.17,618621,0.0
2019-12-18,111.64,112.78,111.14,112.64,761094,0.0
2019-12-19,113.38,113.63,111.49,111.63,721217,0.0
2019-12-22,111.92,112.15,111.02,111.79,676572,0.0
2019-12-23,111.72,111.99,111.02,111.61,163941,0.0
2019-12-25,112.04,113.23,111.63,112.03,429876,0.0
2019-12-26,112.29,112.29,110.73,111.81,434295,0.0
2019-12-29,111.87,112,110.94,111.69,616124,0.0
2019-12-30,111.25,112.78,110.57,110.99,432526,0.0
2020-01-01,111.35,112.69,111.31,112.235,835062,0.0
2020-01-02,111.03,112.78,111.03,112.3,562769,0.0
2020-01-05,111.98,113.49,111.7601,112.84,682638,0.0
2020-01-06,111.59,112.82,110.69,112.09,888447,0.0
2020-01-07,112.35,112.53,110.36,111.49,1496239,0.0
2020-01-08,111.02,112.65,110.62,111.67,1074001,0.0
2020-01-09,112.38,113.3,111.8,112.62,797809,0.0
2020-01-12,110.7,114.71,110.3,113.43,1249931,0.0
2020-01-13,113.04,114.15,112.64,113.68,827550,0.0
2020-01-14,113.9,114.47,113.56,113.9,648000,0.0
2020-01-15,114.63,114.97,113.75,114.79,936152,0.0
2020-01-16,115.44,115.58,113.551,113.75,804181,0.0
2020-01-20,113.23,114.16,112.96,113.87,1811990,0.0
2020-01-21,114.02,115.5,114.01,114.87,1339376,0.0
2020-01-22,115,115.56,113.77,115.51,1424282,0.0
2020-01-23,115.96,116.58,115.04,115.52,1657746,0.0
2020-01-26,113.49,114.75,112.67,114.42,823826,0.0
2020-01-27,115.01,115.45,113.66,113.73,872220,0.0
2020-01-28,114.38,114.89,113.39,114.01,863566,0.0
2020-01-29,113.7,114.5,112.9,114.36,908974,0.0
2020-01-30,114.37,114.91,113.22,114.31,1833225,0.0
2020-02-02,111,114.62,111,113.62,1902440,0.0
2020-02-03,113.62,115.45,112.7,115.12,1170364,0.0
2020-02-04,115.8,117.09,114.6,115.54,1075631,0.0
2020-02-05,116.08,118.22,115.87,117.5,1096213,0.0
2020-02-06,117.49,118.1,116.51,117.26,757594,0.0
2020-02-09,116.94,118.1,116.88,118.08,521065,0.0
2020-02-10,118.63,119.67,117.81,117.88,758212,0.0
2020-02-11,118.61,119.62,118.14,119.29,756804,0.0
2020-02-12,118.93,119.26,117.1,117.88,927031,0.0
2020-02-13,117.88,118.49,116.73,117.1,533238,0.0
2020-02-17,116.41,117.0699,114.33,116.34,913251,0.0
2020-02-18,116.6,117.43,116.33,116.97,665705,0.0
2020-02-19,116.53,117.61,115.78,117.46,711737,0.0
2020-02-20,117.03,117.655,116.05,116.35,606273,0.0
2020-02-23,113.27,114.75,111.02,111.65,1193318,0.0
2020-02-24,111.92,111.97,106.17,106.38,2673596,0.0
2020-02-25,107.36,108.18,103.58,103.71,1806064,0.0
2020-02-26,101.96,105.69,100.43,101.72,2286701,0.0
2020-02-27,99.34,104.25,98.9138,103.82,2135818,0.0
2020-03-01,104.3,104.9,101.7,104.2,1579401,0.0
2020-03-02,103.53,104.29,100.31,100.5,1894250,0.0
2020-03-03,101.9,104.06,101.565,104,1058622,0.0
2020-03-04,99.42,102.69,99.41,100.58,1363988,0.0
2020-03-05,97.92,100.71,96.4,98.6,2179902,0.0
2020-03-08,93.02,95.87,89.05,91.82,2899668,0.0
2020-03-09,94.7,94.7,89.99,92.52,7241710,0.0
2020-03-10,90.58,92.505,89.75,90.75,5839028,0.0
2020-03-11,86.13,86.2,80.06,82.06,3450655,0.0
2020-03-12,87.18,93.89,85.98,93.64,2679241,0.0
2020-03-15,85.23,95.355,82.41,90.93,5359588,0.0
2020-03-16,92.71,101.69,91.01,99.8,4189890,0.0
2020-03-17,95.54,100.83,90.04,92.06,1956268,0.0
2020-03-18,91.76,95.66,89.2,91.46,3252804,0.0
2020-03-19,92.42,96.395,89.63,89.76,1484413,0.0
2020-03-22,89.4,92.36,83.72,87.49,1512410,0.0
2020-03-23,91.04,92.52,88.67,91.82,1262159,0.0
2020-03-24,91.64,95.285,88.65,93.7,2387541,0.0
2020-03-25,93.92,97.38,93.42,95.49,1860487,0.0
2020-03-26,93.4,101.56,92.01,98.96,3293492,0.0
2020-03-29,99.5,101.1058,96,99.25,1527768,0.0
2020-03-30,98.29,102.7,98.01,100.72,3182098,0.0
2020-03-31,98.83,99.405,96.12,98.28,1215378,0.0
2020-04-01,98.86,101.21,97.29,98.74,2126230,0.0
2020-04-02,97.53,99.6,96.21,98.16,1076652,0.0
2020-04-05,100.8,104.12,99.01,103.72,1005318,0.0
2020-04-06,105.1,106.37,103.29,105.14,975174,0.0
2020-04-07,105.74,107.7,104.84,107.04,1670488,0.0
2020-04-08,107.19,108.4,104.72,105.36,1181842,0.0
2020-04-12,104.33,105.82,103.7757,104.99,570175,0.0
2020-04-13,107,107.69,103.27,103.79,3370651,0.0
2020-04-14,102.88,104.095,101.65,102.1,3755126,0.0
2020-04-15,102.58,105.5,102.58,104.91,3750545,0.0
2020-04-16,105.5,106.7493,104.93,106.13,2219459,0.0
2020-04-19,105.82,106.89,105.24,105.33,2294785,0.0
2020-04-20,105,105.45,100.66,101.79,4412765,0.0
2020-04-21,103.41,104.6,102.77,103.92,1044977,0.0
2020-04-22,103.43,104.84,102.87,103.85,3431877,0.0
2020-04-23,104.22,105.47,103.09,104.42,5668513,0.0
2020-04-26,108.99,109.8494,103.4,108.1,10293568,0.0
2020-04-27,109.54,110.98,105.18,105.25,2127693,0.0
2020-04-28,106.68,107.75,105.44,105.56,1688622,0.0
2020-04-29,106.23,106.25,104.52,105.67,1392850,0.0
2020-04-30,104.16,105.06,101.47,101.98,701188,0.0
2020-05-03,101.84,103.97,101.6047,103.56,554720,0.0
2020-05-04,104.22,106.33,103.75,105.1,1602054,0.0
2020-05-05,106.7,106.895,104.68,105.68,727728,0.0
2020-05-06,107.61,108.35,106.88,107.2,1861508,0.0
2020-05-07,107.87,107.87,106.74,106.99,1182894,0.0
2020-05-10,106.29,108.4,106.14,107.99,1194092,0.0
2020-05-11,108.19,108.425,105.04,105.1,1331570,0.0
2020-05-12,105.18,105.74,101.655,102.36,1026344,0.0
2020-05-13,101.42,104.91,101.27,104.78,1061296,0.0
2020-05-14,103.83,106.42,103.805,104.75,1327632,0.0
2020-05-17,106.22,107.14,105.73,106.42,1363610,0.0
2020-05-18,106.18,106.85,105.4,105.57,903879,0.0
2020-05-19,107.2,108.04,106.85,107.79,668665,0.0
2020-05-20,107.85,108.39,106.24,106.53,1641766,0.0
2020-05-21,106.77,108.18,106.2,106.94,1740778,0.0
2020-05-25,107.97,109.95,107.2958,107.62,730260,0.0
2020-05-26,107.87,108.76,106.31,107.21,2196262,0.0
2020-05-27,107.18,109,106.81,107.84,747085,0.0
2020-05-28,108.54,109.99,106.9,109.87,818719,0.0
2020-05-31,108.78,109.46,107.78,108.449,1280678,0.0
2020-06-01,107.85,109.32,107.68,108.13,1223138,0.0
2020-06-02,109.61,109.61,106.1949,107.32,1475628,0.0
2020-06-03,108.16,109.31,107.28,108.83,1056423,0.0
2020-06-04,109.97,111.93,109.19,111.79,730683,0.0
2020-06-07,111.51,112.53,110.78,111.6,2057664,0.0
2020-06-08,111.64,112.96,109.8,110.84,1764526,0.0
2020-06-09,111.11,112.2,110,110.4,643470,0.0
2020-06-10,109.24,109.9,105.49,105.51,2520832,0.0
2020-06-11,107.1,107.92,106.19,106.19,131715,0.0
2020-06-14,104.95,107.28,104.51,106.12,1164478,0.0
2020-06-15,109.42,110.34,107.61,108,1732425,0.0
2020-06-16,108.22,108.81,105.935,108.01,1332000,0.0
2020-06-17,107.24,108.795,107.24,108.33,1192919,0.0
2020-06-18,109.87,110.22,106.07,107.62,780951,0.0
2020-06-21,107.06,107.52,106.05,106.51,579804,0.0
2020-06-22,108.48,108.73,106.8,106.97,841203,0.0
2020-06-23,106.32,107.56,104.84,104.96,732773,0.0
2020-06-24,104.95,106.45,103.43,106.38,732078,0.0
2020-06-25,107.23,107.41,105.19,105.97,408543,0.0
2020-06-28,105.87,106.865,105.1,106.36,465063,0.0
2020-06-29,106.53,107.59,105.85,107.37,485996,0.0
2020-06-30,106.87,108.3,106.1,107.92,580214,0.0
2020-07-01,108.43,109.915,108.3273,108.71,568111,0.0
