Date,Open,High,Low,Close,Volume,OpenInterest
2016-07-13,239.24,239.94,235.94,239.11,723479,0.0
2016-07-14,240.41,240.41,234.21,234.99,949452,0.0
2016-07-17,235.19,236.26,233.27,234.34,482357,0.0
2016-07-18,234.13,235,231.9,232.01,917346,0.0
2016-07-19,232.91,236.54,227.63,236.11,1689845,0.0
2016-07-20,234.83,240.87,233.7,240.54,1381068,0.0
2016-07-21,241.36,244.44,239,243.56,1341584,0.0
2016-07-24,243.35,244.51,240.095,240.68,777942,0.0
2016-07-25,241.69,242.61,235.21,237.985,905285,0.0
2016-07-26,239.94,240.29,236.68,237.76,896011,0.0
2016-07-27,237.07,239.39,237.07,237.83,618856,0.0
2016-07-28,238.55,238.8899,234.77,234.87,684450,0.0
2016-07-31,235.54,238.96,234.16,235.97,1445989,0.0
2016-08-01,237.51,238.53,235.18,235.78,1084322,0.0
2016-08-02,235.75,237.72,234.79,237.11,754041,0.0
2016-08-03,236.89,238.94,235.9,237,564175,0.0
2016-08-04,238.01,238.435,234.41,234.79,701579,0.0
2016-08-07,234.55,239.37,233,237.19,1557372,0.0
2016-08-08,237,260.39,236.06,255.76,4924464,0.0
2016-08-09,255.77,257.38,253.206,254.11,1480766,0.0
2016-08-10,253.21,258.36,252.5,258.04,1184849,0.0
2016-08-11,257.26,258.8999,255.04,258.62,654171,0.0
2016-08-14,259.49,261.75,259.03,260.47,700431,0.0
2016-08-15,260.49,261.4299,256.73,257.06,670244,0.0
2016-08-16,256.3,258.9,254.21,257.43,867388,0.0
2016-08-17,257.35,258.88,253.415,254.85,1418197,0.0
2016-08-18,253.53,253.96,250.75,252.53,1189967,0.0
2016-08-21,253.08,253.08,250.05,252.66,769086,0.0
2016-08-22,253.44,254.31,250.92,252.24,704337,0.0
2016-08-23,251.6,253.87,249.88,251.74,626276,0.0
2016-08-24,251.79,253.34,251.01,252.07,297296,0.0
2016-08-25,252.73,253.34,249.125,250.96,547449,0.0
2016-08-28,251.69,255,251.69,252.3,642240,0.0
2016-08-29,251.55,256.72,250.9,256.07,1108641,0.0
2016-08-30,255.26,258.35,254.44,257.21,1026598,0.0
2016-08-31,267,272.81,264.37,268.82,6310734,0.0
2016-09-01,268.68,272.96,268.68,271.79,3104333,0.0
2016-09-05,272.58,279.95,270.02,274.67,4257743,0.0
2016-09-06,273.42,277.69,272.65,277.46,7081782,0.0
2016-09-07,276.2,276.45,267.38,268.65,3994533,0.0
2016-09-08,266.36,267.49,264.14,264.14,2226958,0.0
2016-09-11,263.76,269.7,263.27,269.32,1882751,0.0
2016-09-12,266.81,269.31,262.57,264.98,1425894,0.0
2016-09-13,262.11,267.91,262.11,266.6,913871,0.0
2016-09-14,265.93,268.83,264.76,266.27,1334683,0.0
2016-09-15,266.22,266.87,264.16,265.93,1563800,0.0
2016-09-18,266.38,268.09,262.7,262.95,1587189,0.0
2016-09-19,264.21,266,261.68,264.58,1436781,0.0
2016-09-20,266,274.78,266,274.21,1619344,0.0
2016-09-21,276,277.62,273.51,276.73,1037563,0.0
2016-09-22,275.68,276.95,274.89,276.08,503663,0.0
2016-09-25,275.02,275.63,272.49,273.82,913545,0.0
2016-09-26,273.33,277.77,271.31,275.4,811006,0.0
2016-09-27,275.4,276.61,273.66,276.58,826274,0.0
2016-09-28,275.26,276.11,269.14,271.82,1061672,0.0
2016-09-29,268.9,272.41,268.9,269.94,1052040,0.0
2016-10-02,269.68,270.99,266.05,268.16,1192829,0.0
2016-10-03,267.38,269.56,265.93,267.42,1036431,0.0
2016-10-04,268.73,269.3,266.19,267.03,695279,0.0
2016-10-05,267,269.46,266.36,268.18,696986,0.0
2016-10-06,269.04,269.04,266.92,266.97,1101385,0.0
2016-10-09,268.3,268.85,266.24,267.87,1548415,0.0
2016-10-10,262.32,263.82,257.51,257.85,2805487,0.0
2016-10-11,257.91,259.33,256.82,256.89,944806,0.0
2016-10-12,255.72,257.27,253.38,256.41,893997,0.0
2016-10-13,257.92,261.325,255.8062,257.62,825158,0.0
2016-10-16,257.82,260.2,256.98,257.53,582044,0.0
2016-10-17,259.62,261.51,259.51,259.89,809196,0.0
2016-10-18,260.81,262.92,259.42,260.2,913940,0.0
2016-10-19,260.5,260.54,257.56,258.1,1017130,0.0
2016-10-20,256.2,257.37,254.08,255.04,1622263,0.0
2016-10-23,257.26,259.78,254.72,259.6,973060,0.0
2016-10-24,259.99,261.01,256.02,257.07,1078423,0.0
2016-10-25,256.6,257.15,247,248.66,2218467,0.0
2016-10-26,249.04,249.88,242.47,244.14,2190461,0.0
2016-10-27,245.02,252.255,245.02,249.26,1502445,0.0
2016-10-30,250.62,251.25,247.386,249.89,757454,0.0
2016-10-31,250,251.27,245.43,249.57,1248480,0.0
2016-11-01,249.36,254.55,248.29,252.91,2864495,0.0
2016-11-02,267.57,269.19,242.64,247.43,3869494,0.0
2016-11-03,241.5,254.43,241.5,250.23,1946799,0.0
2016-11-06,254.73,257.495,252.9,257.13,1522967,0.0
2016-11-07,257.58,263.32,255.37,262.26,1332078,0.0
2016-11-08,259.13,277.98,259,269.87,3582080,0.0
2016-11-09,271.2,281.3554,266.58,270.86,4250339,0.0
2016-11-10,269.07,273.79,265.32,272.33,1581114,0.0
2016-11-13,272.29,273.99,263.06,263.13,1959284,0.0
2016-11-14,263.21,267.86,259.95,260.09,2085182,0.0
2016-11-15,260,262.64,258.63,261.96,1929939,0.0
2016-11-16,262.2,266.57,261.205,265.44,1033762,0.0
2016-11-17,264.19,266,260,262.72,1367714,0.0
2016-11-20,263.82,265.71,260.17,264.09,1118355,0.0
2016-11-21,264.89,273.26,264.26,273.02,1896259,0.0
2016-11-22,272.34,273.95,270.65,272.31,870979,0.0
2016-11-24,273,275.929,272.06,275.5,421200,0.0
2016-11-27,275.71,275.82,270.28,270.77,968126,0.0
2016-11-28,272.14,281.43,271.14,280.49,2020806,0.0
2016-11-29,281.04,281.08,272.02,275.3,1653405,0.0
2016-11-30,273.55,276,269.95,272.55,985832,0.0
2016-12-01,273.04,274.11,265.78,266.66,1312961,0.0
2016-12-04,268.36,273.96,267.01,270.93,1292671,0.0
2016-12-05,272.17,277.09,271.32,276.33,916005,0.0
2016-12-06,276.44,287.27,275.11,284.29,1475091,0.0
2016-12-07,285.4,285.4,278.61,279,1350807,0.0
2016-12-08,279.74,280.5,276.51,278.75,920598,0.0
2016-12-11,281.04,281.9492,275.98,277.93,1014681,0.0
2016-12-12,279.59,285.1,275.34,283.87,1024475,0.0
2016-12-13,283.9,293.42,281.99,288.2,1949060,0.0
2016-12-14,288.16,293.74,287.99,291.22,1434987,0.0
2016-12-15,292.62,294.66,287.65,288.41,1548988,0.0
2016-12-18,288.96,291.995,287.09,288.91,670099,0.0
2016-12-19,288.46,291.61,288.09,290.37,642304,0.0
2016-12-20,290.63,292.845,288.01,291.22,572668,0.0
2016-12-21,291.03,291.79,287.47,291.02,530922,0.0
2016-12-22,290.73,292.97,288.94,290.44,365770,0.0
2016-12-26,291.55,293.29,290,291.79,405871,0.0
2016-12-27,293.01,293.73,290.43,291.12,595667,0.0
2016-12-28,291.02,294.87,290.11,292.19,564288,0.0
2016-12-29,292.16,292.9899,285.05,287.93,903765,0.0
2017-01-02,290.24,291.44,282.54,285.77,1228181,0.0
2017-01-03,286.98,292.08,284.23,291.55,1214629,0.0
2017-01-04,289.75,297.13,289.73,296.18,1322601,0.0
2017-01-05,296.12,298.79,294.39,298.16,823123,0.0
2017-01-08,297.2,297.94,294.71,296.26,1231873,0.0
2017-01-09,296.66,300.15,293.46,298.2,1022702,0.0
2017-01-10,297.45,300.04,296.1,299.58,856542,0.0
2017-01-11,298.05,298.235,294.56,297.17,1203710,0.0
2017-01-12,297.31,300.07,296.89,298.42,825834,0.0
2017-01-16,294.02,306.37,292.84,306.13,3515067,0.0
2017-01-17,306.15,307.32,302.09,303.7,918291,0.0
2017-01-18,302.93,307.76,301.28,306.12,683628,0.0
2017-01-19,307.64,309.18,306.16,308.44,1031031,0.0
2017-01-22,307.2,309.85,306.17,308.71,758555,0.0
2017-01-23,309.74,310.21,307.0101,308.34,801047,0.0
2017-01-24,309.15,311.2,307.16,310.36,767024,0.0
2017-01-25,333.37,341.5,324.81,333.15,9611220,0.0
2017-01-26,332.92,334.1219,316.96,323.51,2286821,0.0
2017-01-29,323.48,325.26,316.99,324.8,1339191,0.0
2017-01-30,322.65,325.27,321.03,324,663667,0.0
2017-01-31,323.85,327.0099,321.94,326.85,683697,0.0
2017-02-01,325.64,326.84,324.19,324.4,624624,0.0
2017-02-02,325.43,329.1,324.12,328.76,671495,0.0
2017-02-05,327.83,328.28,319.18,322.61,1483128,0.0
2017-02-06,322.98,325.39,321.33,323.37,1352623,0.0
2017-02-07,323.55,327.5,323.2,325.73,628350,0.0
2017-02-08,325.84,326.46,321.24,325.08,795316,0.0
2017-02-09,325.07,325.98,321.61,324.55,743078,0.0
2017-02-12,325,325.12,319.4,323.02,1448821,0.0
2017-02-13,321.91,323.78,320.26,322,835966,0.0
2017-02-14,321.85,326.18,320.02,325.17,1100876,0.0
2017-02-15,320,327.33,317.02,324.32,1585271,0.0
2017-02-16,323.87,327.1,319.72,326.55,1181487,0.0
2017-02-20,324.3,326.97,321.51,325.14,865254,0.0
2017-02-21,323.3,326.12,322.46,325.14,1123054,0.0
2017-02-22,326.09,326.1,321.17,324.43,1022160,0.0
2017-02-23,324.38,327.31,322.72,326.75,899259,0.0
2017-02-26,326.92,328.7,324.91,326.73,681495,0.0
2017-02-27,326.03,326.78,320.25,323.06,911773,0.0
2017-02-28,325.76,328.1,321.66,325.17,1120043,0.0
2017-03-01,324.68,324.68,321.83,323.94,644094,0.0
2017-03-02,323.57,323.57,320.51,322.32,605055,0.0
2017-03-05,321.26,324.54,319.45,323.76,530264,0.0
2017-03-06,323.91,327.04,322.36,323.24,681375,0.0
2017-03-07,323.17,325.08,321.675,322.61,662137,0.0
2017-03-08,322.87,326.1,321.43,323.14,521713,0.0
2017-03-09,325.57,325.81,322.74,323.48,496660,0.0
2017-03-12,323.19,325.56,323,324.34,359413,0.0
2017-03-13,323.69,326.16,323.63,324.65,382260,0.0
2017-03-14,324.84,326.892,323.82,325.38,553890,0.0
2017-03-15,324.69,326.8199,323.34,323.58,489232,0.0
2017-03-16,324.95,326.27,322.48,325.75,1025740,0.0
2017-03-19,326.06,326.31,322.43,324.98,393385,0.0
2017-03-20,325.23,326.27,319.98,320.67,512775,0.0
2017-03-21,321.44,322.26,318.93,321.2,588983,0.0
2017-03-22,320.5,326.75,319.5,323.62,659803,0.0
2017-03-23,324.94,327.74,323.64,325.28,983663,0.0
2017-03-26,323.74,325.76,319.61,323.15,734123,0.0
2017-03-27,322.05,325.73,320.595,324.08,692346,0.0
2017-03-28,323.9,327.115,323.28,325.95,598529,0.0
2017-03-29,325.13,328.55,322.575,328.24,616571,0.0
2017-03-30,326.73,330.91,326.03,327.33,637199,0.0
2017-04-02,327.5,330.81,325.02,328.23,726013,0.0
2017-04-03,328.4,334,326.96,331.52,1197672,0.0
2017-04-04,332.21,338.75,329.55,331.96,1153472,0.0
2017-04-05,331.75,336.96,330.55,336.8,1247555,0.0
2017-04-06,337.67,338.51,330.55,330.65,1149276,0.0
2017-04-09,330.45,333.15,329.56,331.36,613388,0.0
2017-04-10,330.42,332.66,328,332.31,627707,0.0
2017-04-11,331.01,335.69,330.54,334.58,791573,0.0
2017-04-12,335.28,335.7,329.65,330,502875,0.0
2017-04-16,331.73,332.71,329.08,330.36,391981,0.0
2017-04-17,329.62,331,325.95,328.18,1115152,0.0
2017-04-18,330.01,335.96,328.31,333.61,702256,0.0
2017-04-19,335.28,337.05,333.18,335.59,574379,0.0
2017-04-20,336.44,339.64,335.74,338.48,749734,0.0
2017-04-23,340.03,342.1417,338.74,340.36,788058,0.0
2017-04-24,341.98,345.3,340.89,344.5,716909,0.0
2017-04-25,345.51,350.38,344.85,345.39,967579,0.0
2017-04-26,346.1,350.35,346.1,348.8,537221,0.0
2017-04-27,349.77,349.99,342.78,345.16,896477,0.0
2017-04-30,346.29,347.25,341.87,344.2,1109746,0.0
2017-05-01,338.89,340.13,333.2,337.7,2031522,0.0
2017-05-02,335.4,337.48,321.435,324.49,3339441,0.0
2017-05-03,324.89,327.4,322.25,322.58,1472857,0.0
2017-05-04,324.61,334.87,324.51,334.77,1361416,0.0
2017-05-07,329.52,331,321.72,323.81,2486101,0.0
2017-05-08,323.3,327.83,320.12,325.52,1089642,0.0
2017-05-09,324.53,327.18,323.09,325.53,674796,0.0
2017-05-10,325.28,327.12,323.2,324.61,587136,0.0
2017-05-11,324.8,326.6,321.8,322,1068999,0.0
2017-05-14,322.24,324.3,320.631,321.07,1386833,0.0
2017-05-15,322.36,324.05,319.21,320.01,1024181,0.0
2017-05-16,319.14,320.36,312.49,313.18,1863022,0.0
2017-05-17,314.16,317.87,312.56,315.87,1372125,0.0
2017-05-18,315.01,318.4,313.92,315.78,1572624,0.0
2017-05-21,315.78,318.51,315.52,316.42,1584168,0.0
2017-05-22,317.34,320.48,314.5,318.8,1147324,0.0
2017-05-23,320.2,332.28,318.3006,328.97,1402683,0.0
2017-05-24,329.59,336.28,329,333.76,837270,0.0
2017-05-25,334.38,338.91,333.01,337.41,640362,0.0
2017-05-29,336.49,340,334.85,338.92,619862,0.0
2017-05-30,340,345.85,338.73,345.39,1097674,0.0
2017-05-31,346.5,354.05,339.465,346.39,1847569,0.0
2017-06-01,348.11,353.37,347.43,353.03,1191122,0.0
2017-06-04,355,355,343.72,344.43,1061845,0.0
2017-06-05,344.46,345.52,341.71,342.83,762982,0.0
2017-06-06,343.66,347.01,341.64,345.88,684238,0.0
2017-06-07,344.9,345.42,333.38,337.45,1480003,0.0
2017-06-08,338.51,340.125,329.97,332.84,978486,0.0
2017-06-11,330.9,339.24,329.0418,338.69,954998,0.0
2017-06-12,335.99,344.22,335.99,341.779,795767,0.0
2017-06-13,342.83,344.17,336.13,338.33,840672,0.0
2017-06-14,336.81,340.57,333.5,338.34,773371,0.0
2017-06-15,319.73,340.99,319.73,340.2,1738657,0.0
2017-06-18,342,345.19,339.97,340.26,1220926,0.0
2017-06-19,337.95,339.93,329.43,333.61,1610006,0.0
2017-06-20,333.85,335.505,332.25,333.83,636720,0.0
2017-06-21,333.93,340.235,333.54,334.13,663609,0.0
2017-06-22,334.79,335.43,326.4,330.82,1233230,0.0
2017-06-25,331.68,333.64,330.17,332.65,756168,0.0
2017-06-26,330.75,332.2939,327.14,330.04,1143654,0.0
2017-06-27,330.56,340.95,329.24,340.25,1150134,0.0
2017-06-28,339.38,340.185,332.13,335.98,1498619,0.0
2017-06-29,337.73,338.41,332.4,336.85,986673,0.0
2017-07-02,338.26,339.45,328.65,328.74,561168,0.0
2017-07-04,329.23,335.24,328.8,335.1,884104,0.0
2017-07-05,334.01,335.52,331.06,332.18,951759,0.0
2017-07-06,332.08,334.43,330.58,332.42,620620,0.0
2017-07-09,333.13,338.4,332.1,336.6,747026,0.0
2017-07-10,337.12,339.85,334.44,338.03,624380,0.0
2017-07-11,340.79,344.83,339.045,342.64,719947,0.0
2017-07-12,343.07,343.23,338,339.039,592316,0.0
2017-07-13,340.8,344.51,335.79,342.88,720127,0.0
2017-07-16,342.09,345.28,341.95,342.49,761624,0.0
2017-07-17,340.98,345.42,338.4,344.61,670816,0.0
2017-07-18,345.02,347.26,342.97,346.45,945188,0.0
2017-07-19,346.47,349.67,344.315,345.43,913838,0.0
2017-07-20,345.3,351.87,345.3,350.07,1032477,0.0
2017-07-23,349.79,350.43,345.2501,348.19,697040,0.0
2017-07-24,349.47,350.885,346.5757,348.04,649748,0.0
2017-07-25,348.8,351.68,346.03,348.77,1887713,0.0
2017-07-26,354,370.96,353.02,366.89,2699568,0.0
2017-07-27,365.39,372.3655,361,370.22,1231940,0.0
2017-07-30,399.41,399.95,385.36,391.84,5040743,0.0
2017-07-31,392.84,392.965,383.726,387.54,1773649,0.0
2017-08-01,386.39,388.25,381.7,385.53,1026379,0.0
2017-08-02,384.54,387.41,383.29,384.3,735273,0.0
2017-08-03,385,386,380.56,384.47,508680,0.0
2017-08-06,384.65,386.45,380.77,380.98,1004944,0.0
2017-08-07,380.02,393.24,378.2569,389.69,1469544,0.0
2017-08-08,387.89,408.83,386.17,400.78,3193425,0.0
2017-08-09,398.69,404.06,396.72,398.68,1427163,0.0
2017-08-10,400.08,402.45,392.6,394.5,1591114,0.0
2017-08-13,398.78,405.33,397,401.06,1681477,0.0
2017-08-14,401.08,403.36,395.92,397.78,1227257,0.0
2017-08-15,399.35,402.49,397.1801,400.77,910636,0.0
2017-08-16,401,401.65,393.17,393.37,962441,0.0
2017-08-17,391.53,396.27,390.71,393,827725,0.0
2017-08-20,392.75,396.9,391.38,396.39,535485,0.0
2017-08-21,398.15,399.99,395,396.98,656716,0.0
2017-08-22,396.29,396.29,390.26,390.33,933764,0.0
2017-08-23,390.09,391.53,384.24,389.31,932066,0.0
2017-08-24,391.42,392.53,387.51,388.86,521409,0.0
2017-08-27,390.88,391.2,385.94,389.18,635914,0.0
2017-08-28,386.6,390.17,385.56,388.82,798121,0.0
2017-08-29,388.22,395.16,388.22,393.28,674177,0.0
2017-08-30,394.54,398.8811,392.66,398.34,1115003,0.0
2017-08-31,398.93,399.34,391.87,392.45,987430,0.0
2017-09-04,392.26,395.68,388.01,393.39,784827,0.0
2017-09-05,393.58,403.65,389.295,402.52,1138686,0.0
2017-09-06,404.04,404.72,387.89,395.65,2248862,0.0
2017-09-07,394.63,395.6,387,392.9,1625359,0.0
2017-09-10,394.93,397.39,380.69,380.84,1489305,0.0
2017-09-11,380.92,386.16,374.7,381.57,2042920,0.0
2017-09-12,381.48,386,379.48,385.13,1052483,0.0
2017-09-13,382.17,384.76,375.76,376,1355073,0.0
2017-09-14,375.91,377.41,367.69,369.3,2124393,0.0
2017-09-17,370.2,371.51,365.9,368.18,1108909,0.0
2017-09-18,368.39,369.84,360.43,364.03,2230719,0.0
2017-09-19,365.99,371.5,363.5,367.01,1425127,0.0
2017-09-20,365.88,366.4,359.093,361.08,1288595,0.0
2017-09-21,359.54,363.33,358.75,360.22,1436369,0.0
2017-09-24,358.24,360.04,356.11,357.58,1223177,0.0
2017-09-25,359.51,361.01,356.58,359.04,1267758,0.0
2017-09-26,359.59,365.5,356.875,362.83,1467156,0.0
2017-09-27,359.5,362.54,357.26,360.95,884281,0.0
2017-09-28,359.77,365.01,357.68,363.42,874450,0.0
2017-10-01,364.52,366.52,362.87,364.09,876366,0.0
2017-10-02,363.94,370.25,363.23,369.54,980209,0.0
2017-10-03,368.61,371.64,367.6,371.01,698000,0.0
2017-10-04,371.54,374.99,369.51,369.69,1000862,0.0
2017-10-05,370.42,370.85,366.6,367.35,903338,0.0
2017-10-08,368.1,368.69,364.64,366.05,708191,0.0
2017-10-09,365.99,368.16,362.86,364.92,815272,0.0
2017-10-10,364.06,366.97,361.03,365.11,887175,0.0
2017-10-11,363,363,352.51,355.76,2073439,0.0
2017-10-12,354.62,360.22,347.54,357.4,1692102,0.0
2017-10-15,358.06,362.78,357.61,362.6,731341,0.0
2017-10-16,362.59,362.59,356.685,357.84,899009,0.0
2017-10-17,357.04,357.5,350.76,352.17,947468,0.0
2017-10-18,351.52,353.59,348.43,351.67,1439282,0.0
2017-10-19,353.84,355.4999,350.24,350.72,923755,0.0
2017-10-22,350.15,351.02,344.155,345.22,1048552,0.0
2017-10-23,345,345.23,339.53,340.41,1585306,0.0
2017-10-24,338.69,345.51,336.57,344.91,2250919,0.0
2017-10-25,321.88,328.0856,312.41,317.76,7459796,0.0
2017-10-26,314.83,321.91,308.3,319.67,2709955,0.0
2017-10-29,318.47,329.7202,316.76,323.885,2543640,0.0
2017-10-30,324.34,339.42,321.82,334.15,2908697,0.0
2017-10-31,335.92,340.74,335.465,338.18,1925799,0.0
2017-11-01,341.32,341.67,334.65,337.63,1704106,0.0
2017-11-02,334.59,340.58,328,335.44,1792418,0.0
2017-11-05,338,361.28,336.63,348.4,3189898,0.0
2017-11-06,350.04,353.99,342.29,342.95,1350156,0.0
2017-11-07,342.58,343.84,335.5124,337.9,1018605,0.0
2017-11-08,335.79,342.34,333.055,341.16,1043483,0.0
2017-11-09,338.48,343.4,337.21,338.32,428943,0.0
2017-11-12,338.37,343.91,337.065,343.65,445425,0.0
2017-11-13,341.3,344,333.97,336.82,902058,0.0
2017-11-14,337.33,337.66,330.5,334.32,1102566,0.0
2017-11-15,333.94,340.92,328.5,340.67,1201220,0.0
2017-11-16,341.38,349.54,338.955,341.54,891947,0.0
2017-11-19,341,348.38,337.96,338.4,1539684,0.0
2017-11-20,339.24,344.85,337.64,338.42,1193296,0.0
2017-11-21,337.84,339.49,332.44,334.23,641535,0.0
2017-11-23,333.64,335.44,326.2,328.84,574262,0.0
2017-11-26,327.69,327.69,319.5,321.65,1544811,0.0
2017-11-27,321.95,327.965,317.93,325.9,1976248,0.0
2017-11-28,326.6,332.015,324.19,331.68,1878110,0.0
2017-11-29,328.35,330.91,320.995,326.22,1748827,0.0
2017-11-30,321.94,340.55,321.94,336.14,1603397,0.0
2017-12-03,330.2,347.48,329.1918,334.11,2111303,0.0
2017-12-04,333.27,338.92,330.46,330.95,946650,0.0
2017-12-05,330.96,334.67,321.35,322.75,1183365,0.0
2017-12-06,322,330.44,320.65,325.49,1612523,0.0
2017-12-07,327.82,329.46,320.7,324.67,1611456,0.0
2017-12-10,326.65,332.99,323.84,331.49,1449311,0.0
2017-12-11,332.07,332.99,326.6,329.99,1422128,0.0
2017-12-12,331.35,334.15,323.77,328.91,1331387,0.0
2017-12-13,328.56,330.92,323.39,328.76,997407,0.0
2017-12-14,331.98,331.98,321.31,322.13,1455162,0.0
2017-12-17,324.47,326.99,321.55,323.4,1327410,0.0
2017-12-18,322.65,324.34,316.43,317.05,1162905,0.0
2017-12-19,317.06,317.28,312.53,316.38,1235943,0.0
2017-12-20,317.86,336.83,316.78,332.94,1395503,0.0
2017-12-21,331.49,341.11,331.49,338.19,1099005,0.0
2017-12-25,336.84,340.5,336.1,340.45,766218,0.0
2017-12-26,341.4,342.48,332.31,333.25,668806,0.0
2017-12-27,334.45,339.775,333,338.04,519389,0.0
2017-12-28,335.14,342.02,333.82,336.24,482425,0.0
2018-01-01,338.43,352.82,337.77,348.95,1577445,0.0
2018-01-02,354.06,364.38,349.59,353.02,1932685,0.0
2018-01-03,356.75,358,346.97,349.78,796496,0.0
2018-01-04,352.02,354.4,349.08,350.87,622504,0.0
2018-01-07,354.47,360.19,351.63,356.42,1154234,0.0
2018-01-08,356.66,358.77,354.15,354.98,516779,0.0
2018-01-09,354.02,356.46,347.53,350.83,719693,0.0
2018-01-10,349.92,356.19,348.32,355.26,630229,0.0
2018-01-11,357.39,359.56,353.08,353.81,361886,0.0
2018-01-15,352.18,356.54,349.8692,352.91,662005,0.0
2018-01-16,358.59,359.99,352.065,357.84,707760,0.0
2018-01-17,356.49,365.25,356.49,365.24,965978,0.0
2018-01-18,366.73,370,362.8,366.05,970933,0.0
2018-01-21,366.37,371,366,370.05,1069849,0.0
2018-01-22,367.81,372,367.12,369.25,704666,0.0
2018-01-23,370.45,377.06,367.27,376.18,1369665,0.0
2018-01-24,376.23,378.38,371.7,375.14,695194,0.0
2018-01-25,375.83,378.14,374.31,376.43,815589,0.0
2018-01-28,375.24,376.615,370.71,374.3,536952,0.0
2018-01-29,376.37,377.98,371.84,376.57,750526,0.0
2018-01-30,374.81,379.325,373.21,377.21,1176619,0.0
2018-01-31,376.11,380.255,371.14,371.18,1417300,0.0
2018-02-01,380,396.64,375.495,387.49,2958881,0.0
2018-02-04,391.6,395,371.47,372.5,1862980,0.0
2018-02-05,366.08,370.96,360.1536,369.74,3389872,0.0
2018-02-06,367.11,370.52,360.061,363.62,979054,0.0
2018-02-07,362.1,363.04,346.13,348.52,1238475,0.0
2018-02-08,351.41,355.56,343.15,348.93,1355576,0.0
2018-02-11,350.52,360.38,350,357.8,520375,0.0
2018-02-12,354.46,357.49,353.41,355.71,438746,0.0
2018-02-13,354.06,359.285,352.0123,358.92,536756,0.0
2018-02-14,359.29,365.92,355.63,363.67,629574,0.0
2018-02-15,364.03,370.09,361.49,365.66,488713,0.0
2018-02-19,364.98,365.23,358.67,358.89,434589,0.0
2018-02-20,359.34,367.38,356.5055,360.92,425075,0.0
2018-02-21,361.02,365.26,355.02,356.91,318937,0.0
2018-02-22,359.73,368.09,356.27,365.06,375170,0.0
2018-02-25,365.32,368.37,357.29,358.02,457530,0.0
2018-02-26,357.76,359.75,351.12,351.28,630186,0.0
2018-02-27,352.94,353.04,341.71,341.82,486796,0.0
2018-02-28,342.72,349.65,337.6121,339.41,925053,0.0
2018-03-01,336.86,339.73,331.8055,332.72,1524842,0.0
2018-03-04,330.51,349.53,328.925,346.56,2000747,0.0
2018-03-05,349.17,349.2299,336.29,337.86,869088,0.0
2018-03-06,337.5,339.73,334.16,338.66,625170,0.0
2018-03-07,339.51,343.49,338.04,341.19,748129,0.0
2018-03-08,342.05,349.3918,340.26,347.6,596447,0.0
2018-03-11,349.56,369.51,349.56,359.22,1394167,0.0
2018-03-12,361.05,362.84,348.19,350.04,514816,0.0
2018-03-13,351.35,352.17,339.8,340.94,943513,0.0
2018-03-14,340.14,343.69,337.14,339.55,508069,0.0
2018-03-15,341.23,344.76,339.85,342.11,764180,0.0
2018-03-18,340.69,340.69,331.49,332.89,831482,0.0
2018-03-19,332.87,333.85,327.4,327.59,584365,0.0
2018-03-20,326.9,329.97,324.8,325.52,557539,0.0
2018-03-21,322.65,323.35,319.36,323.06,2232340,0.0
2018-03-22,322.66,323.74,311.78,312.38,707884,0.0
2018-03-25,316.6,316.8956,307.23,312.19,1228593,0.0
2018-03-26,315.5,316,307.715,310.25,968829,0.0
2018-03-27,311.17,312.84,306.06,306.42,844479,0.0
2018-03-28,306.63,314.66,303.78,311.23,927092,0.0
2018-04-01,308.91,310.6,298.67,303.88,1189279,0.0
2018-04-02,305.51,312.37,303.79,306.41,1313146,0.0
2018-04-03,304.38,312.47,302.05,311.65,1378948,0.0
2018-04-04,312.5,317.64,311.9375,317.02,588946,0.0
2018-04-05,314.88,316.08,308.47,310.66,825114,0.0
2018-04-08,311.88,319.74,310.67,316.21,736306,0.0
2018-04-09,319.59,319.59,307.84,308.23,1083692,0.0
2018-04-10,305.39,307.2,302.48,303.34,1141212,0.0
2018-04-11,304.3,308,299.23,306.33,1264164,0.0
2018-04-12,307.35,308.81,304.055,305.85,688718,0.0
2018-04-15,308.84,315.4,304.35,312.84,743138,0.0
2018-04-16,315.27,317.6,309.35,310.49,980589,0.0
2018-04-17,311.15,319.38,311.15,317.5,779763,0.0
2018-04-18,316.35,322.89,314.01,315.55,793593,0.0
2018-04-19,314.81,318.809,310.17,310.94,645009,0.0
2018-04-22,312,315.04,309.0601,310,584716,0.0
2018-04-23,312.53,313.76,299.72,301.27,773305,0.0
2018-04-24,300,301.6,295.34,300.3,1573599,0.0
2018-04-25,301.84,305.38,296.18,298.07,1066683,0.0
2018-04-26,275.14,279.064,250.1,263.33,13616268,0.0
2018-04-29,264.09,273.445,264.09,271.3,5379986,0.0
2018-04-30,270.58,281.33,267.33,279.3,2776219,0.0
2018-05-01,278,279.1,272.01,274.77,1472147,0.0
2018-05-02,273.64,273.82,264.75,271.22,1662124,0.0
2018-05-03,269.82,279.18,267.581,276.07,943916,0.0
2018-05-06,276.24,280.16,273.92,278.03,813663,0.0
2018-05-07,277,277.87,269.11,271.01,973974,0.0
2018-05-08,272.46,273.19,269.93,270.06,1169422,0.0
2018-05-09,271.25,275.64,269.97,272.89,1671661,0.0
2018-05-10,273.51,274.56,269.3,272.81,1492409,0.0
2018-05-13,272.4,277.89,270.37,272.83,1310144,0.0
2018-05-14,273,274.33,266.86,270.32,1318328,0.0
2018-05-15,270.8,274.29,266.74,272.33,1316750,0.0
2018-05-16,271.97,273.16,267.83,268.17,938352,0.0
2018-05-17,267.69,270.59,266.725,270.17,1308743,0.0
2018-05-20,270,270,265.24,266.54,1584960,0.0
2018-05-21,267.73,268.81,267.01,267.65,1041869,0.0
2018-05-22,265.47,275.045,265.22,274.08,1024021,0.0
2018-05-23,274.09,274.09,267.95,268.43,977716,0.0
2018-05-24,268.04,271.42,267.83,270.25,539017,0.0
2018-05-28,268.98,271.03,264.83,266.35,780536,0.0
2018-05-29,267.14,268.74,262.16,266.88,932456,0.0
2018-05-30,264.73,267.06,259.4774,261.06,1484655,0.0
2018-05-31,261.7,266.45,260,261.83,1271657,0.0
2018-06-03,262.1,268.89,260.39,267.98,827449,0.0
2018-06-04,267.66,270.72,265.16,265.95,821148,0.0
2018-06-05,266.12,278.2,266,275.09,1136885,0.0
2018-06-06,274.35,279.54,270.8707,278.19,1320899,0.0
2018-06-07,277.4,279.46,274.15,277.27,2174626,0.0
2018-06-10,276.57,284.1,275.9825,283.06,1391641,0.0
2018-06-11,283.1,293.5,283.1,291,2431286,0.0
2018-06-12,295,295.58,283.22,285.02,1808147,0.0
2018-06-13,285.05,297.25,283.68,295.74,1310337,0.0
2018-06-14,295.63,298.7194,292.73,297.27,1446235,0.0
2018-06-17,290.79,297.09,290.79,295.25,739162,0.0
2018-06-18,289.19,295,286.3115,292.98,813220,0.0
2018-06-19,296.76,298.505,288.55,290.39,1069804,0.0
2018-06-20,295.85,296.73,291.01,291.87,528773,0.0
2018-06-21,292.39,302.43,292.39,299.3,826959,0.0
2018-06-24,296.7,301.24,293.85,295.47,1020948,0.0
2018-06-25,295.7,300.18,292.33,299.3,573745,0.0
2018-06-26,299.62,301,295.73,296.24,676658,0.0
2018-06-27,297.17,298.8,292.34,294.96,699363,0.0
2018-06-28,290.34,299.07,286.83,293.23,878943,0.0
2018-07-01,292.13,294.94,290.26,293.92,643912,0.0
2018-07-02,295.99,300.08,294.38,299.57,466061,0.0
2018-07-04,300.15,302.04,293.44,296.17,728629,0.0
2018-07-05,297.43,305.15,296.79,304.51,623131,0.0
2018-07-08,305.83,310.57,304.655,308.3,552578,0.0
2018-07-09,309.41,309.41,302.63,305.74,481473,0.0
2018-07-10,303.25,307.71,300.76,301.41,596498,0.0
2018-07-11,301.61,306.34,299.12,305.01,562648,0.0
2018-07-12,305.09,305.955,302.3,304.75,466583,0.0
2018-07-15,305.65,307.0599,301.86,304.24,494353,0.0
2018-07-16,301.26,304.77,300.4,302.03,371558,0.0
2018-07-17,301.37,303.17,298.21,299.6,468384,0.0
2018-07-18,299.98,299.98,290.91,291.13,985362,0.0
2018-07-19,291.46,291.56,286.82,288.83,691881,0.0
2018-07-22,288.83,288.83,285.09,287.8,611941,0.0
2018-07-23,288.01,288.88,281.99,282.31,763841,0.0
2018-07-24,281.61,283.14,271.56,274.66,1439795,0.0
2018-07-25,280.06,288.99,276.59,286.91,1753007,0.0
2018-07-26,286.39,291.01,280.59,286.22,1066228,0.0
2018-07-29,284.61,294.28,283.51,293.86,793734,0.0
2018-07-30,307.13,314.88,302.2,304.58,2259735,0.0
2018-07-31,304.99,305.29,300.39,301.48,942869,0.0
2018-08-01,297.42,299.64,293.97,294.17,921143,0.0
2018-08-02,293.94,305,293.74,303.65,860841,0.0
2018-08-05,303.91,304.8,299.84,300,581328,0.0
2018-08-06,294,299.86,293.57,297.03,2204503,0.0
2018-08-07,297.86,298.93,296.24,298.21,908007,0.0
2018-08-08,299.32,307.53,298.97,305.18,1202037,0.0
2018-08-09,302.86,304.95,302.06,302.47,1357086,0.0
2018-08-12,303.54,304.63,299.72,302.06,812231,0.0
2018-08-13,303.67,308.69,301.24,307.88,769348,0.0
2018-08-14,305.44,305.9295,294.78,295.76,1663717,0.0
2018-08-15,296.66,303.95,296.54,301.98,977066,0.0
2018-08-16,302.32,303.73,298.93,299.6,645470,0.0
2018-08-19,300.63,300.79,294.84,295,825502,0.0
2018-08-20,295,307.683,295,305.04,1901247,0.0
2018-08-21,302.27,306.125,297.58,300.28,1152927,0.0
2018-08-22,299.14,299.16,292.71,293.39,1389871,0.0
2018-08-23,294.03,301.84,292.93,300.59,856692,0.0
2018-08-26,302.55,305.87,300.73,304.3,652833,0.0
2018-08-27,305.49,310.04,303.85,305.06,821790,0.0
2018-08-28,305.46,310.29,303.87,309.1,621737,0.0
2018-08-29,308.25,309.43,306.205,309.06,918800,0.0
2018-08-30,309.18,313.11,307.5,310.49,780011,0.0
2018-09-03,309.82,316.6695,306.87,313.02,1274186,0.0
2018-09-04,312.33,314.64,305.93,306.73,971297,0.0
2018-09-05,306.15,310.58,303.45,305.2,787620,0.0
2018-09-06,303.36,308.51,303.09,305.21,738886,0.0
2018-09-09,307.5,310.52,306.38,310.29,872517,0.0
2018-09-10,310.83,314.7,309.54,312.78,927269,0.0
2018-09-11,311.46,313.05,304.77,312.44,1156443,0.0
2018-09-12,315.34,324.89,314.8,319.3,1083983,0.0
2018-09-13,320,320.25,316.11,318.1,406319,0.0
2018-09-16,318.99,321.435,316.3,319.45,836013,0.0
2018-09-17,319.61,330.46,319.17,328.79,1230397,0.0
2018-09-18,328.59,331.97,328.59,329.79,1175830,0.0
2018-09-19,331.85,332.707,329.375,330.07,804608,0.0
2018-09-20,331.16,334.98,329.49,332.17,1458788,0.0
2018-09-23,330.84,332.43,325.88,327.01,843728,0.0
2018-09-24,326.38,327.87,323,323.19,1002164,0.0
2018-09-25,324.26,326.98,320.85,321.69,522246,0.0
2018-09-26,321.7,328.7825,320.38,325.07,490368,0.0
2018-09-27,324.09,327.26,321.3944,325.91,509897,0.0
2018-09-30,327.66,327.99,319.45,321.59,864078,0.0
2018-10-01,321,326.96,319.59,326.89,795368,0.0
2018-10-02,328.53,329.14,323.06,325.3,586219,0.0
2018-10-03,324.09,326.32,321.11,324.66,933907,0.0
2018-10-04,325.94,326.16,313.315,315.94,690002,0.0
2018-10-07,314.78,321.19,314.61,320.24,895628,0.0
2018-10-08,320.89,325.89,317.1,322.64,729842,0.0
2018-10-09,322.47,324.38,309.32,310.2,850399,0.0
2018-10-10,310.24,311.89,298.66,301.92,1188724,0.0
2018-10-11,305.34,310.38,303.4,308.895,1545724,0.0
2018-10-14,309.28,317.5068,308.59,313.83,812978,0.0
2018-10-15,314.2708,322.84,314.2708,321.04,1148654,0.0
2018-10-16,320.96,321.51,315,319.73,598494,0.0
2018-10-17,320.1,320.465,314.04,318.04,716248,0.0
2018-10-18,319.1,324.56,316.47,321.34,962557,0.0
2018-10-21,322.77,325,318.26,319.59,588494,0.0
2018-10-22,315.67,319.8,311.99,317.91,662702,0.0
2018-10-23,318.12,321.69,305.18,305.93,839900,0.0
2018-10-24,312.23,318.25,305.4337,314.95,1262492,0.0
2018-10-25,297,302.55,284.35,295.01,3464228,0.0
2018-10-28,299.13,310.3795,296.05,300.89,1254493,0.0
2018-10-29,302.36,316.94,301.85,316.49,1009346,0.0
2018-10-30,318.37,325.87,317.24,320.34,980303,0.0
2018-10-31,319.78,330.45,317,324.59,962309,0.0
2018-11-01,325.93,329.5677,309.52,317.73,827284,0.0
2018-11-04,319.48,325.97,318.34,323.28,702957,0.0
2018-11-05,325.29,326.98,317.81,320.73,695146,0.0
2018-11-06,324.56,329.87,322.57,328.3,734556,0.0
2018-11-07,326.19,329.91,322.32,324.72,715686,0.0
2018-11-08,322.99,327.68,316.625,321.08,459299,0.0
2018-11-11,320.36,326.33,319.76,323.4,511736,0.0
2018-11-12,323.48,330.97,323.48,324.56,547967,0.0
2018-11-13,326.32,329.05,320.19,320.93,835335,0.0
2018-11-14,319.27,321.04,309.955,318.48,995300,0.0
2018-11-15,317.28,330.57,317.14,328.76,960629,0.0
2018-11-18,329.46,331.17,321.57,323.59,1009529,0.0
2018-11-19,319.99,322.13,303.65,304.93,2274304,0.0
2018-11-20,305.35,311.42,304.78,305.59,863211,0.0
2018-11-22,302.93,311.7,302.455,309.88,602854,0.0
2018-11-25,313.54,314.13,308.78,313.24,850312,0.0
2018-11-26,312.28,320.17,311.51,317.54,542738,0.0
2018-11-27,317.77,329.09,316,328.89,865250,0.0
2018-11-28,325.54,334.76,325.54,330.29,932826,0.0
2018-11-29,331.28,333.24,324.95,329.18,908098,0.0
2018-12-02,331.71,334.31,323.53,326.78,977983,0.0
2018-12-03,326.96,330.86,318.33,322.04,1170301,0.0
2018-12-05,318.58,326.97,313.8286,326.77,1113976,0.0
2018-12-06,323.91,326.94,312.325,315.7,1008661,0.0
2018-12-09,316.34,316.91,308.84,315.59,768438,0.0
2018-12-10,319.57,321.022,310.07,312.37,848802,0.0
2018-12-11,317.7,323.68,315.835,316.78,714115,0.0
2018-12-12,318.64,321.1799,308.25,311.48,887266,0.0
2018-12-13,308.55,313.9,307.5105,309.36,672644,0.0
2018-12-16,310,311.96,307.12,309.37,1398322,0.0
2018-12-17,311.87,313.41,302.615,305.9,1725025,0.0
2018-12-18,305.31,311.03,296.725,297.44,1684423,0.0
2018-12-19,296.38,298.92,289.71,290.6,1827657,0.0
2018-12-20,287.98,296.44,282.73,283.96,2928861,0.0
2018-12-23,283.69,284.98,273.35,273.35,888491,0.0
2018-12-25,275.34,285.85,272.91,285.55,1061969,0.0
2018-12-26,281.78,284.65,274.08,284.65,834259,0.0
2018-12-27,287.7,290.52,274.71,284.89,908124,0.0
2018-12-30,286.73,287.94,280.75,283.54,805608,0.0
2019-01-01,279.89,289.52,279.11,287.5,1020204,0.0
2019-01-02,284.62,294,284.62,287.76,944576,0.0
2019-01-03,291.11,305.12,288.62,302.87,2038718,0.0
2019-01-06,301.13,304.11,299.2631,301.64,865561,0.0
2019-01-07,300.405,305.724,300.14,300.765,816969,0.0
2019-01-08,301.93,301.94,295.5,297.12,907714,0.0
2019-01-09,295.47,297.095,291.01,291.6,1267433,0.0
2019-01-10,291.02,295.03,290.83,294.55,665841,0.0
2019-01-13,292.99,298.2,290.76,291.39,859660,0.0
2019-01-14,291.67,294.12,290.5,293.79,963112,0.0
2019-01-15,293.19,295.825,290.94,293.63,779454,0.0
2019-01-16,292.32,295.6,290.76,294.13,685555,0.0
2019-01-17,297.24,297.24,289.57,291.185,1522262,0.0
2019-01-21,288.66,290.92,283.015,284.03,1445563,0.0
2019-01-22,287.36,291.35,279.33,284.07,1272951,0.0
2019-01-23,281.07,287.99,281.07,287.89,1236667,0.0
2019-01-24,290,291.55,286.8,291.515,1069207,0.0
2019-01-27,289.38,291.73,287.305,290.74,881689,0.0
2019-01-28,290.7,292.97,287.58,289.36,669519,0.0
2019-01-29,289.57,293.1,288,288.815,1471272,0.0
2019-01-30,320.01,338.31,319.3,331.09,4481643,0.0
2019-01-31,331.87,343.135,330.92,341.4125,1718033,0.0
2019-02-03,338.65,343.9,336.39,336.67,1037500,0.0
2019-02-04,337.71,341,332.77,340.64,1245064,0.0
2019-02-05,340,343.75,338.91,343.57,1046488,0.0
2019-02-06,340.18,344.41,337.72,344.22,805199,0.0
2019-02-07,341.36,343.93,338.87,343.9,509977,0.0
2019-02-10,343.32,344.72,335.71,337.88,991516,0.0
2019-02-11,341.04,342,339.11,340.37,826732,0.0
2019-02-12,340.6,343.32,336.38,338.47,980594,0.0
2019-02-13,336.36,343.27,335.22,341.915,716585,0.0
2019-02-14,344.69,349.77,341.92,349.065,895789,0.0
2019-02-18,347.67,350.78,347.01,348.33,895244,0.0
2019-02-19,349.3,351.39,347.86,349.76,1768670,0.0
2019-02-20,348.28,350.275,343.85,349.67,767498,0.0
2019-02-21,350.92,353.495,348.7603,349.97,1142846,0.0
2019-02-24,352.34,353.75,347.88,348.88,872028,0.0
2019-02-25,348.83,348.83,345.56,346.425,933175,0.0
2019-02-26,344.59,345.85,342.91,344.985,1281751,0.0
2019-02-27,345.16,347.43,344.31,345.01,816061,0.0
2019-02-28,347.52,347.52,344.96,346.58,1064008,0.0
2019-03-03,348.88,349.84,343.55,346.24,1023784,0.0
2019-03-04,345.22,346.99,337.04,343.74,906974,0.0
2019-03-05,344.78,344.78,339.75,340.49,909641,0.0
2019-03-06,339.81,341.67,337.01,340.03,697120,0.0
2019-03-07,337.4,339.78,335.53,337.54,600526,0.0
2019-03-10,337.69,341.88,336.04,341.05,1109268,0.0
2019-03-11,342.4,342.66,339.7,342.59,1177565,0.0
2019-03-12,343.99,350.06,342.52,348.13,1626798,0.0
2019-03-13,348.97,354.47,346.33,352.71,872376,0.0
2019-03-14,353.8,356.9,352.99,355.93,903493,0.0
2019-03-17,356.52,359.715,355.47,357.36,751664,0.0
2019-03-18,359.48,363.25,357.55,360.46,825746,0.0
2019-03-19,360.58,365.64,358.69,362.52,869631,0.0
2019-03-20,361.8,368.02,360.85,366.27,835516,0.0
2019-03-21,365.7,366.49,360.38,360.78,1055153,0.0
2019-03-24,360.75,362.51,355.77,356.85,1061006,0.0
2019-03-25,356.8,358.72,354.59,355.83,1005171,0.0
2019-03-26,356.39,360.255,354.765,355.65,1244180,0.0
2019-03-27,356.17,358.605,352.22,352.73,750063,0.0
2019-03-28,352.12,354.6,345.67,346.91,1011616,0.0
2019-03-31,349.81,350.6,343.7,346.22,484021,0.0
2019-04-01,346.75,347.505,344.36,346.63,1067383,0.0
2019-04-02,348.66,349.1,343.1475,345.35,1058352,0.0
2019-04-03,346.25,347,343.95,345.75,1104053,0.0
2019-04-04,345.79,352.2,344.99,351.51,1130354,0.0
2019-04-07,350.53,355.12,350.53,354.09,709629,0.0
2019-04-08,351.89,355.555,350.54,354.46,670667,0.0
2019-04-09,353.48,355.47,353.04,354.49,496866,0.0
2019-04-10,356.35,356.59,353.25,355.34,349320,0.0
2019-04-11,355.89,356.95,354,355.94,473999,0.0
2019-04-14,356.59,358.38,355.52,357.34,488496,0.0
2019-04-15,359.01,359.67,356.57,358.05,418110,0.0
2019-04-16,360,362.24,358.505,361.64,684447,0.0
2019-04-17,367.2,367.2,356.79,359.36,634719,0.0
2019-04-21,358.54,359.91,356.46,358.05,388801,0.0
2019-04-22,356.5,361.32,355.325,358.62,647118,0.0
2019-04-23,358.04,361.99,355.28,360.5,727733,0.0
2019-04-24,357.91,368.78,357.3169,366.66,1086437,0.0
2019-04-25,368.19,370.33,364.69,370.15,688595,0.0
2019-04-28,370,371.63,368.5823,370.97,840114,0.0
2019-04-29,371.44,375,368.37,371,1107573,0.0
2019-04-30,373.13,378.355,370.72,370.939,985370,0.0
2019-05-01,370.97,371.63,365.9,370.45,551351,0.0
2019-05-02,372.12,377.93,369.61,377.69,829683,0.0
2019-05-05,372.67,376.97,372.58,376.47,841823,0.0
2019-05-06,372.31,375.31,368.2,374.71,764191,0.0
2019-05-07,374.64,375.51,370.14,372.17,672188,0.0
2019-05-08,369.46,375.32,368.33,374.24,653901,0.0
2019-05-09,372.37,378.3,369.8,377.89,524563,0.0
2019-05-12,372.31,375.54,367.35,368.82,697104,0.0
2019-05-13,369.38,376.655,368.78,373.15,618186,0.0
2019-05-14,370.38,378.34,368.92,377.18,597754,0.0
2019-05-15,378.19,384,376.3044,382.23,870379,0.0
2019-05-16,381.83,387.41,381.83,386.33,808081,0.0
2019-05-19,378.43,380,375.26,377.34,1084089,0.0
2019-05-20,379.39,381.98,376.459,379.26,776204,0.0
2019-05-21,378.21,380.51,376.8154,377.99,555787,0.0
2019-05-22,375.43,377.46,374,375.5,596089,0.0
2019-05-23,376.74,379.14,374.89,375,398387,0.0
2019-05-27,377.2,379.92,375.08,376.99,745533,0.0
2019-05-28,375.98,376.61,372.23,375.4,794343,0.0
2019-05-29,377.69,379.93,375.735,379.21,783397,0.0
2019-05-30,376.16,380,373.04,376.73,936237,0.0
2019-06-02,376.34,379.55,375.24,377.6,943208,0.0
2019-06-03,380.94,392.14,378.51,387.84,1542158,0.0
2019-06-04,389.06,389.285,382.41,384.97,1276524,0.0
2019-06-05,384.62,388.53,384.01,387.31,387917,0.0
2019-06-06,389,395.3,387.58,394.1,892823,0.0
2019-06-09,395.89,396.89,392.99,395.48,770668,0.0
2019-06-10,397.68,397.68,388.63,391.64,760829,0.0
2019-06-11,391.43,394.5,389.94,391.2,1079784,0.0
2019-06-12,392.91,392.91,387.9,389.68,1101450,0.0
2019-06-13,390.32,393.205,386.66,392.08,1187639,0.0
2019-06-16,393.74,397.18,391.295,394.235,506459,0.0
2019-06-17,397.52,400,394.67,395.21,887055,0.0
2019-06-18,395.63,398.17,394.36,397.86,426638,0.0
2019-06-19,400.48,401.38,395.88,398.77,653034,0.0
2019-06-20,400,400,390.67,394.53,1008712,0.0
2019-06-23,396.01,396.01,391.01,392.57,453477,0.0
2019-06-24,391.18,392.47,385.75,391.1,741487,0.0
2019-06-25,391.49,392.51,385.235,388.41,585238,0.0
2019-06-26,389.75,393.63,387.17,391.41,485630,0.0
2019-06-27,392.51,397.995,390.81,395.13,613840,0.0
2019-06-30,400,400,396.02,397.74,589758,0.0
2019-07-01,398.84,399.81,395.3,398.71,501890,0.0
2019-07-02,399.58,401.97,397.68,399.91,339494,0.0
2019-07-04,397.37,402.62,397.37,401.67,546994,0.0
2019-07-07,399.87,402.47,398.1,399.375,391454,0.0
2019-07-08,397.92,402.67,396.69,401.22,374908,0.0
2019-07-09,404.34,408.26,402.7,407.2,1129982,0.0
2019-07-10,408.15,411.7,406.99,410.08,605308,0.0
2019-07-11,411.5,415.14,409.02,414.31,651160,0.0
2019-07-14,415.73,415.73,411.675,414.62,456718,0.0
2019-07-15,414.79,417.03,412.78,414.899,591173,0.0
2019-07-16,416.59,416.95,412.55,414.56,358493,0.0
2019-07-17,410.12,416.05,409.14,415.6,496255,0.0
2019-07-18,417.13,417.13,409.38,409.79,716007,0.0
2019-07-21,411,411.72,405.7624,407.86,576889,0.0
2019-07-22,408.97,409.6,403.93,407.43,631672,0.0
2019-07-23,407.45,410.9834,404.82,409.66,529864,0.0
2019-07-24,407.22,410.32,404.58,405.67,909679,0.0
2019-07-25,380,399.13,375.0553,398.8,1466505,0.0
2019-07-28,398.78,402.89,390.78,393.48,640998,0.0
2019-07-29,391.67,398.615,391.22,394.55,811054,0.0
2019-07-30,390.76,390.99,382,385.31,1897775,0.0
2019-07-31,380.38,392.85,380.38,384.38,1138228,0.0
2019-08-01,383.12,385.75,379.8112,384.65,997023,0.0
2019-08-04,380.07,382.8,376.145,379.59,1237820,0.0
2019-08-05,379.77,384.79,377.48,381.875,897042,0.0
2019-08-06,376.4,377.39,371.3,375.04,1906080,0.0
2019-08-07,378.19,382.37,370.78,380.12,1747312,0.0
2019-08-08,380.51,382,376.6,379.71,1051963,0.0
2019-08-11,378.8,379.79,372.9,376.28,1155253,0.0
2019-08-12,376.23,384.08,374.08,379.53,1468693,0.0
2019-08-13,375.86,377.88,372.58,375.18,1226843,0.0
2019-08-14,376.19,381.9,375.44,380.97,1048073,0.0
2019-08-15,385.33,386.39,381.94,384.42,1040885,0.0
2019-08-18,388.18,391.555,387.05,388.34,942560,0.0
2019-08-19,386.95,394.2,386.7741,391.55,856064,0.0
2019-08-20,393.3,393.94,389.52,392.18,762647,0.0
2019-08-21,392.68,393.13,387.43,391.34,589664,0.0
2019-08-22,388.84,395.37,384.43,385.53,922697,0.0
2019-08-25,387.85,399.07,387.13,396.71,988087,0.0
2019-08-26,397.43,401.4,395.04,398.5,822981,0.0
2019-08-27,398.65,403.5,395.67,400.45,665542,0.0
2019-08-28,404.62,410.09,403.07,407.17,809337,0.0
2019-08-29,409.12,412.5,407.425,409.62,778704,0.0
2019-09-02,408.08,413.16,406.73,411.56,790927,0.0
2019-09-03,415.38,420.26,415.22,419.46,1166397,0.0
2019-09-04,424.75,428.95,420.31,421.99,939216,0.0
2019-09-05,423.12,427.9,421.02,425.79,613584,0.0
2019-09-08,422.33,427.11,417.66,419.79,922111,0.0
2019-09-09,418.97,423.915,415.97,421.3,911975,0.0
2019-09-10,420.18,425.79,419.35,425,626327,0.0
2019-09-11,427.67,431.43,423.55,424.99,933618,0.0
2019-09-12,425.06,426.65,421.91,425.52,602651,0.0
2019-09-15,425.19,427,419.15,423.25,557725,0.0
2019-09-16,423.31,425.36,419.05,425.15,516487,0.0
2019-09-17,424.24,425.71,419.07,425.29,566777,0.0
2019-09-18,426.78,429.875,425.1,427.4,650823,0.0
2019-09-19,426.01,427.29,419.65,420.16,1461812,0.0
2019-09-22,421.69,423.51,420.14,421.58,870284,0.0
2019-09-23,422.54,424.59,416.69,417.72,860695,0.0
2019-09-24,417.2,418.57,414.51,416.81,1432446,0.0
2019-09-25,418.45,418.753,406.16,411.04,1651547,0.0
2019-09-26,411.83,411.83,401.835,406.35,1049784,0.0
2019-09-29,408.21,413.765,406.89,412.2,594456,0.0
2019-09-30,412.53,415.48,405.02,405.75,859139,0.0
2019-10-01,409.91,412.92,405.8,410.77,977562,0.0
2019-10-02,409.01,416.96,406.7,416.66,567430,0.0
2019-10-03,422.17,429.4025,420.9,427.72,1905026,0.0
2019-10-06,425.53,432.16,425.29,430.04,1639286,0.0
2019-10-07,426.91,430.94,423.05,428.07,2054930,0.0
2019-10-08,431.23,431.51,427.475,429.27,1048229,0.0
2019-10-09,428.97,430.3,424.88,426.83,1011923,0.0
2019-10-10,430.22,430.72,422.88,422.88,2021918,0.0
2019-10-13,424.68,424.69,421.92,423.16,1092331,0.0
2019-10-14,423.6,435.45,422.79,433.04,2047188,0.0
2019-10-15,432.85,440.27,430.26,438.29,1484866,0.0
2019-10-16,439.55,445,437.32,441.99,1255421,0.0
2019-10-17,443.79,444.41,439.6,440.06,1086110,0.0
2019-10-20,440.71,442.46,437.26,437.91,510191,0.0
2019-10-21,437.04,441.005,435.87,437.24,679536,0.0
2019-10-22,436.25,439.39,434.12,435.47,825089,0.0
2019-10-23,435.11,439.05,432.64,434.48,927242,0.0
2019-10-24,460.87,469.57,442.25,462.21,1876465,0.0
2019-10-27,465.83,470.31,465.23,467.01,978001,0.0
2019-10-28,464.01,468.99,463.19,464.07,931837,0.0
2019-10-29,464.1,469.31,462.31,468.81,1042954,0.0
2019-10-30,468.26,469.4489,462.35,467.74,1113464,0.0
2019-10-31,469.97,478.07,469.045,476.37,883923,0.0
2019-11-03,477.7,479.18,471.37,473.5,870987,0.0
2019-11-04,474.43,474.43,467.51,473.25,903344,0.0
2019-11-05,472.72,472.72,462.99,468.99,1112030,0.0
2019-11-06,468.62,471.065,463.955,468.44,929216,0.0
2019-11-07,467.26,474.2994,465.41,469.76,691996,0.0
2019-11-10,468.4,474.6,467.02,473.46,725098,0.0
2019-11-11,473.41,475.64,472.215,474.07,644345,0.0
2019-11-12,474.33,482.62,472.44,480.3,1045823,0.0
2019-11-13,479.27,480.29,476.505,480.09,667315,0.0
2019-11-14,482.44,485.99,473.21,475.61,786232,0.0
2019-11-17,475.17,477.45,471.44,474.3,991114,0.0
2019-11-18,475.91,480.52,471.275,479.01,538730,0.0
2019-11-19,475.93,483.55,474.8549,479.07,674695,0.0
2019-11-20,479.95,479.95,474.22,475.02,539080,0.0
2019-11-21,474.51,477.22,467.46,468.5,894341,0.0
2019-11-24,471.38,472.91,464.68,466.01,902765,0.0
2019-11-25,467.3,469.47,463.94,467.11,906290,0.0
2019-11-26,467,475.87,466.33,473.77,622167,0.0
2019-11-28,473.44,473.565,468.87,470.09,399638,0.0
2019-12-01,469.32,473.2,467.42,470.2,746430,0.0
2019-12-02,469.82,470.51,465.39,469.86,600275,0.0
2019-12-03,466.64,469.275,460.96,462.05,847690,0.0
2019-12-04,462.15,468.27,461.91,467.15,729516,0.0
2019-12-05,470.58,473.22,467.1,467.99,698334,0.0
2019-12-08,469.51,475.5,467.2,468.65,632979,0.0
2019-12-09,467.1,469.7,460.47,461.76,856000,0.0
2019-12-10,462.52,467.32,461.425,465.75,765393,0.0
2019-12-11,466.7,472.93,464.88,469.615,882808,0.0
2019-12-12,467.28,478.07,465.85,475.27,957881,0.0
2019-12-15,477.87,478.8326,468.06,470.39,898686,0.0
2019-12-16,471.03,476.26,469.23,471.1,650529,0.0
2019-12-17,472.64,476.18,466.14,466.5,790151,0.0
2019-12-18,466.52,475.89,466.2,475.67,730146,0.0
2019-12-19,479.96,480.845,473.49,476.14,1561152,0.0
2019-12-22,476.72,483.078,475.458,480.73,755074,0.0
2019-12-23,482.22,482.935,480.255,480.9,433727,0.0
2019-12-25,480.95,487.175,480.95,485.65,331652,0.0
2019-12-26,487.52,487.52,481.89,483.69,330894,0.0
2019-12-29,483.74,484.93,478.39,483.19,592842,0.0
2019-12-30,482.3,487.08,481.97,485.32,539207,0.0
2020-01-01,487.41,491.41,480.49,490.43,1159484,0.0
2020-01-02,485.53,496.59,485.53,494.33,833269,0.0
2020-01-05,492.66,498.15,490.93,497.32,688133,0.0
2020-01-06,497.13,500.6495,495.55,499.13,936154,0.0
2020-01-07,499,509.99,498.55,500.96,892417,0.0
2020-01-08,501.5,508.86,501.5,507.37,811530,0.0
2020-01-09,507.79,509.03,503.5215,505.03,504542,0.0
2020-01-12,506.04,512.65,504.889,510.03,754254,0.0
2020-01-13,508.47,512.7,506.24,509.62,708649,0.0
2020-01-14,510.15,517.07,507.045,515.74,497371,0.0
2020-01-15,507,513.71,506.155,508.885,912863,0.0
2020-01-16,510.41,512.03,501.33,502.37,1127249,0.0
2020-01-20,501.28,506.73,498.94,503.6,1686664,0.0
2020-01-21,505.54,512.79,504.605,510.7,1628196,0.0
2020-01-22,509.63,516.7,505.45,513,1767534,0.0
2020-01-23,512.63,514.26,503.9,504.52,2113472,0.0
2020-01-26,499.14,507.36,497.42,503.88,988883,0.0
2020-01-27,501.73,507.45,498.81,499.34,835685,0.0
2020-01-28,498.32,499.065,487.82,490.82,1007377,0.0
2020-01-29,486.88,494.33,484.96,493.23,946413,0.0
2020-01-30,504.76,521.69,495.0001,517.11,1760945,0.0
2020-02-02,522.84,537.535,522.691,532.18,1417241,0.0
2020-02-03,528.85,532.65,519.85,531.77,1423610,0.0
2020-02-04,522,530.53,521.0301,522.18,1481980,0.0
2020-02-05,524.86,529.46,522.9162,526.65,696088,0.0
2020-02-06,526.11,526.55,521.34,525.18,642299,0.0
2020-02-09,525.75,531.75,524.42,530.151,893871,0.0
2020-02-10,531,532.3,524.01,530.93,928437,0.0
2020-02-11,531.49,535.425,528.63,533.96,680690,0.0
2020-02-12,534.12,536.25,532.555,534.645,622537,0.0
2020-02-13,532.49,536.25,531.8,534.89,542489,0.0
2020-02-17,535.25,538.7,533.38,537.61,645785,0.0
2020-02-18,539.73,546.54,536.94,542.63,856062,0.0
2020-02-19,542.01,544.09,532.09,539.28,901230,0.0
2020-02-20,537.34,538.43,529.24,535.23,768031,0.0
2020-02-23,529.8,534,525.59,528.7,1125005,0.0
2020-02-24,530.84,534.83,517.0067,517.98,1487491,0.0
2020-02-25,524.78,527.5,516.6845,518.09,1260314,0.0
2020-02-26,513.21,520.49,507.51,508.46,2086699,0.0
2020-02-27,500.7,509.88,485.46,493.6,3110054,0.0
2020-03-01,494.47,500.7,490.34,497.13,2620840,0.0
2020-03-02,489.18,505.5,489.18,494.87,2674355,0.0
2020-03-03,502.38,524.65,498.81,522.84,1740748,0.0
2020-03-04,514.34,522.76,501.23,505.14,7178020,0.0
2020-03-05,486.84,498.62,480.65,496.46,1851344,0.0
2020-03-08,466.58,478.62,460.74,463.19,2350006,0.0
2020-03-09,467.8,477.87,460.36,476.54,4897910,0.0
2020-03-10,467.49,477,443.915,450.63,4968536,0.0
2020-03-11,434,446.74,421.86,427.88,3230840,0.0
2020-03-12,446.48,454.52,413.66,454.45,2779116,0.0
2020-03-15,414.98,418.38,388.13,389.09,5732940,0.0
2020-03-16,397.47,406.63,388.23,392.43,3529144,0.0
2020-03-17,374.78,390.75,345.67,381.6,4055799,0.0
2020-03-18,379.57,414.4,372.94,393.05,4426940,0.0
2020-03-19,394.81,404.555,370,370.93,2520400,0.0
2020-03-22,371,399.99,364.6747,381.68,2302124,0.0
2020-03-23,396.52,421.21,396.52,419.43,2047924,0.0
2020-03-24,416.01,441,408.54,420.42,3830492,0.0
2020-03-25,424.47,460.54,422,455.06,1929331,0.0
2020-03-26,439.01,456.395,434.9,439.69,3476702,0.0
2020-03-29,440.74,454.51,440.74,450.32,1654325,0.0
2020-03-30,443.77,449.17,432.06,435.75,3480724,0.0
2020-03-31,418.3,434.83,413.39,423.6,1228088,0.0
2020-04-01,420.26,436.88,418.01,435.66,2424222,0.0
2020-04-02,433.57,440.615,425.99,434.08,1397597,0.0
2020-04-05,451.97,464.5,442.75,459.39,1408104,0.0
2020-04-06,472.83,475.15,449.83,451.42,1455654,0.0
2020-04-07,461.62,466.14,450.97,463.4,1780055,0.0
2020-04-08,465.65,476.145,456.19,466.64,1365601,0.0
2020-04-12,468.97,473.2,462.16,469.76,849833,0.0
2020-04-13,473.48,495.92,473.13,489.57,2390204,0.0
2020-04-14,477.71,497.98,474.54,496.32,2697311,0.0
2020-04-15,499.94,507.77,493.495,496.37,3005939,0.0
2020-04-16,504.35,509.12,486.07,499.63,3909724,0.0
2020-04-19,495.99,506.255,490.45,498.83,1967237,0.0
2020-04-20,493.38,497.59,486.77,490.78,2968475,0.0
2020-04-21,500.39,501.35,490.24,495.385,1244871,0.0
2020-04-22,498.5,508.06,495.61,499.12,1920087,0.0
2020-04-23,501.53,508.86,494.11,508.54,1881452,0.0
2020-04-26,511.81,515.63,505.78,508.39,3319622,0.0
2020-04-27,514.73,514.73,494.33,497.245,1737927,0.0
2020-04-28,501.91,505.57,492.42,494.34,1886710,0.0
2020-04-29,492.67,511.33,490.35,495.22,3581944,0.0
2020-04-30,511,517.905,495.51,509.63,1524630,0.0
2020-05-03,514.12,521.8,508.87,515.72,1006565,0.0
2020-05-04,517.01,518.42,508.88,513.67,1685636,0.0
2020-05-05,516.56,517.87,496.62,503.98,690298,0.0
2020-05-06,511.81,520,507.61,514.24,1526248,0.0
2020-05-07,521.46,521.46,513.13,515.34,999390,0.0
2020-05-10,510.66,515.65,507.2,510.73,1518887,0.0
2020-05-11,507.31,514.59,501.37,501.98,1311548,0.0
2020-05-12,501.93,503,487.67,498.18,987459,0.0
2020-05-13,499.09,502.06,489.27,497.4,726255,0.0
2020-05-14,491.36,503.47,485.01,503.23,1584898,0.0
2020-05-17,511.15,524.655,505.795,517.47,2154864,0.0
2020-05-18,512.93,523.29,512.4,520.44,926418,0.0
2020-05-19,519.35,525.77,510.9,513.06,811991,0.0
2020-05-20,511.25,519.64,510,517.3,1248194,0.0
2020-05-21,513.71,519.1,509.24,512.81,1004098,0.0
2020-05-25,515,517.69,508.195,509.85,628901,0.0
2020-05-26,512.76,528.06,511.01,525.41,2094624,0.0
2020-05-27,528.54,539.88,528.54,534.67,1230820,0.0
2020-05-28,535.5,545.63,531.08,544,1120144,0.0
2020-05-31,545.04,548.04,540.02,541.3,1443556,0.0
2020-06-01,541.69,549,540.825,545.2,1674110,0.0
2020-06-02,545.47,548.81,542.26,547.23,1183676,0.0
2020-06-03,544.47,548.91,534.66,540.037,746532,0.0
2020-06-04,538.65,546.07,528.02,530.73,1203487,0.0
2020-06-07,524,540.4,522.08,540.35,1948748,0.0
2020-06-08,541.09,542.355,529.43,531.72,1478360,0.0
2020-06-09,536.35,536.35,528.5,533.5,783309,0.0
2020-06-10,532.71,535.67,517.15,517.17,1902944,0.0
2020-06-11,524.35,530.715,520.1,520.13,214066,0.0
2020-06-14,514.05,526.75,511.5461,526.52,1519095,0.0
2020-06-15,528,538.02,525.89,531.69,1506553,0.0
2020-06-16,535.37,539.11,532.82,534.13,1601054,0.0
2020-06-17,531.94,538.97,530.4245,535.11,1348995,0.0
2020-06-18,540,540.9,524.47,537.28,1430082,0.0
2020-06-21,532.45,534.01,523.395,527.5,699440,0.0
2020-06-22,532.06,532.06,516.1,520.95,979009,0.0
2020-06-23,512.12,517.84,505.57,507.99,1233104,0.0
2020-06-24,507.46,512.55,500.155,509.741,702079,0.0
2020-06-25,510.5,510.5,500.5,502.28,747323,0.0
2020-06-28,509.73,513.56,499.5101,509.22,900242,0.0
2020-06-29,509.63,511.96,498.075,509.45,1040160,0.0
2020-06-30,510.04,525.78,505.45,522.15,988470,0.0
2020-07-01,522.1,528.87,517.02,517.69,612956,0.0
