Date,Open,High,Low,Close,Volume,OpenInterest
2016-07-13,167.15,168,166.28,166.93,1633437,0.0
2016-07-14,167.43,167.44,155.57,166.37,1545909,0.0
2016-07-17,166.48,167.86,165.92,167.52,1461784,0.0
2016-07-18,167.5,168.5631,167.39,168.12,1062627,0.0
2016-07-19,168.25,168.26,166.95,168.04,987582,0.0
2016-07-20,167.43,167.75,166.3,167.05,1000777,0.0
2016-07-21,167.68,167.6999,166.96,167.43,947816,0.0
2016-07-24,167.17,168.2,166.4,167.98,1421871,0.0
2016-07-25,167.6,168.82,157.35,157.38,1110356,0.0
2016-07-26,157.01,166.52,155.81,166.13,1010997,0.0
2016-07-27,166.26,166.86,165.8,166.36,1442968,0.0
2016-07-28,166.64,167.68,156.75,157.06,804472,0.0
2016-07-31,156.99,168,156.76,167.56,662480,0.0
2016-08-01,167.07,167.54,154.63,166.5,1668385,0.0
2016-08-02,165.92,166.33,165.1,166.12,1417035,0.0
2016-08-03,165.97,167.74,165.89,166.55,1273460,0.0
2016-08-04,166.94,168.33,166.08,167.71,1083148,0.0
2016-08-07,167.42,167.55,166.47,167.4,861646,0.0
2016-08-08,167.65,168.6,166.88,167.86,907294,0.0
2016-08-09,167.44,168.5,167.05,168.29,779378,0.0
2016-08-10,169.11,169.59,167.33,167.88,1069232,0.0
2016-08-11,167.3,169.41,167.16,169.04,976046,0.0
2016-08-14,169.04,169.27,168.59,168.73,594957,0.0
2016-08-15,167.88,168.8,167.88,168.41,702520,0.0
2016-08-16,167.45,168.36,166.92,167.96,978672,0.0
2016-08-17,168.42,168.71,167.2,167.75,939645,0.0
2016-08-18,167.34,168.33,167.1,168.02,1018931,0.0
2016-08-21,168.34,168.69,167.62,167.94,563910,0.0
2016-08-22,168.09,168.45,167.31,167.36,682201,0.0
2016-08-23,167.14,167.88,166.76,167.59,1048460,0.0
2016-08-24,167.2,167.73,164.64,164.87,1373586,0.0
2016-08-25,165.39,165.645,163.47,163.92,1515237,0.0
2016-08-28,164.47,164.835,163.4,163.98,1216538,0.0
2016-08-29,164.07,164.28,161.74,161.96,1432402,0.0
2016-08-30,161.87,162.57,161.15,162.09,1307826,0.0
2016-08-31,158.96,159,146.49,147.11,5011795,0.0
2016-09-01,147.71,158.23,147.67,157.97,2101433,0.0
2016-09-05,158.13,158.15,156.02,158.06,1916985,0.0
2016-09-06,157.64,157.87,155.4,155.63,2356056,0.0
2016-09-07,155.22,155.4899,152.94,153.45,1946299,0.0
2016-09-08,152.59,152.79,150.7,150.7,2063629,0.0
2016-09-11,150.55,151.99,150.26,151.69,1902346,0.0
2016-09-12,151.18,151.69,150.07,150.74,1577960,0.0
2016-09-13,150.71,152.25,141.93,150.68,1342805,0.0
2016-09-14,150.72,152.97,150.11,152.68,1689383,0.0
2016-09-15,151.96,152.66,151.14,152.36,1980152,0.0
2016-09-18,152.13,153.03,151.6,151.79,941195,0.0
2016-09-19,152.43,152.71,151.67,152.17,1025602,0.0
2016-09-20,152.59,152.9,142.45,152.69,1016748,0.0
2016-09-21,153.03,154.28,152.68,153.15,1906567,0.0
2016-09-22,153.24,153.77,152.17,152.54,1518555,0.0
2016-09-25,152.08,152.28,151.01,151.19,1198529,0.0
2016-09-26,151.42,151.77,150,150.45,1894271,0.0
2016-09-27,150.6,150.67,148.94,149.38,1964704,0.0
2016-09-28,149.19,149.69,147.2,147.5,3229018,0.0
2016-09-29,151.77,154.85,151.6,152.51,5763287,0.0
2016-10-02,152.22,152.2504,150.32,150.99,2269790,0.0
2016-10-03,151.47,151.62,149.49,150.49,2246960,0.0
2016-10-04,150.63,150.92,149.83,149.99,1830007,0.0
2016-10-05,150.15,150.64,140.59,140.76,1768722,0.0
2016-10-06,141.04,150.19,140.11,150,1809173,0.0
2016-10-09,150.35,150.85,149.75,150.28,1219518,0.0
2016-10-10,149.67,151.14,149.515,151.01,1857199,0.0
2016-10-11,150.97,151.49,150.39,150.46,1124775,0.0
2016-10-12,149.85,151.34,149.72,150.22,1216954,0.0
2016-10-13,150.25,151,149.28,150.15,1185828,0.0
2016-10-16,150.11,150.2,140,148.7,1453278,0.0
2016-10-17,149.51,149.62,140.4,140.42,1414079,0.0
2016-10-18,141.91,149.8,140.95,149.45,1376878,0.0
2016-10-19,149.82,150.78,149.6,150.04,1750578,0.0
2016-10-20,149.51,150.29,148.5,148.98,1549432,0.0
2016-10-23,149.35,152.317,149.29,152.12,1839348,0.0
2016-10-24,149.9,151.97,149.9,151,1551706,0.0
2016-10-25,150.39,151.41,150.28,150.98,1765359,0.0
2016-10-26,150.83,151.46,149.82,150.86,1619536,0.0
2016-10-27,150.44,150.86,149.38,149.76,1245216,0.0
2016-10-30,148.89,149.35,147.1,147.88,2289167,0.0
2016-10-31,148.48,148.63,146.3805,146.66,1608698,0.0
2016-11-01,146.43,147.34,146.12,146.27,1754590,0.0
2016-11-02,146.7,146.7,144.14,144.45,1639327,0.0
2016-11-03,143,145,142.11,142.24,2018571,0.0
2016-11-06,143.39,143.655,142.75,143.53,2400849,0.0
2016-11-07,143.89,146.63,143.8,146.09,2648182,0.0
2016-11-08,144.3,147.39,143.54,146.79,2445982,0.0
2016-11-09,147.06,150,146.61,146.7,3038713,0.0
2016-11-10,146.61,149.62,145.38,149.36,2583410,0.0
2016-11-13,150.92,152.1385,149.5,151.99,3042163,0.0
2016-11-14,151.98,152,142.38,151.16,2187237,0.0
2016-11-15,152.19,152.55,151.7975,152.13,1638544,0.0
2016-11-16,151.36,151.4,149.55,151.2,1573151,0.0
2016-11-17,150.84,151.2,149.52,150.35,1515840,0.0
2016-11-20,150.55,151.29,150.1228,151.21,758850,0.0
2016-11-21,151.93,153.0499,151.21,152.64,1381112,0.0
2016-11-22,152.75,153.34,151.18,151.57,1678997,0.0
2016-11-24,151.89,153.42,151.71,151.87,623392,0.0
2016-11-27,151.05,152.43,151.01,151.25,1215043,0.0
2016-11-28,151.62,152.105,143.06,151.48,1031829,0.0
2016-11-29,151.14,151.535,150.07,150.11,1497388,0.0
2016-11-30,150.14,152.88,150.11,151.76,1742855,0.0
2016-12-01,151.99,152.87,143.28,143.67,1323782,0.0
2016-12-04,143.67,151.84,142.61,151.77,1631715,0.0
2016-12-05,151.85,152.08,150.42,151.01,1485736,0.0
2016-12-06,150.6,151.42,142.93,145.33,2120091,0.0
2016-12-07,147.97,160.16,147.93,157.59,4559045,0.0
2016-12-08,157.28,159.83,157.26,159.72,1939005,0.0
2016-12-11,158.74,161.28,150.96,151.45,1503718,0.0
2016-12-12,151.95,161.4,151.07,159.77,2855642,0.0
2016-12-13,160.05,160.45,158.25,158.99,1503589,0.0
2016-12-14,159.35,161.5,159.07,160.11,1272092,0.0
2016-12-15,160.49,161.25,159.85,160.41,2376788,0.0
2016-12-18,162.01,164.53,161.65,163.46,2311664,0.0
2016-12-19,164.32,164.95,163.5,163.86,1586209,0.0
2016-12-20,163.6,164.03,163.02,163.04,914495,0.0
2016-12-21,163.66,163.67,161.92,162.07,1328307,0.0
2016-12-22,162.17,162.67,161.53,162.08,925290,0.0
2016-12-26,162.06,162.76,161.8,162.05,766184,0.0
2016-12-27,162.02,162.85,160.55,161.01,876005,0.0
2016-12-28,160.65,161.44,160.648,161.13,537746,0.0
2016-12-29,160.89,160.99,159.67,160.12,827545,0.0
2017-01-02,160.65,160.99,158.51,159.73,1446233,0.0
2017-01-03,159.8,160.49,158.94,159.76,1331591,0.0
2017-01-04,160.95,163.35,160.63,162.91,2267962,0.0
2017-01-05,162.67,162.95,161.13,162.83,1539620,0.0
2017-01-08,162.33,162.48,160.72,160.98,1565232,0.0
2017-01-09,160.58,162.41,160.51,161.66,1013275,0.0
2017-01-10,161.47,162.38,160.35,161.53,959599,0.0
2017-01-11,161.35,161.96,160.67,161.87,917725,0.0
2017-01-12,161.99,162.13,161.35,161.86,873167,0.0
2017-01-16,161.85,164.25,161.67,163.82,1686723,0.0
2017-01-17,163.65,164.38,162.59,164.26,1218890,0.0
2017-01-18,164.18,164.8,163.56,163.68,1426624,0.0
2017-01-19,164.39,164.77,163.23,164.24,1297914,0.0
2017-01-22,164.05,164.23,153.6,153.99,1018217,0.0
2017-01-23,154.2,163.82,154.2,163.66,860843,0.0
2017-01-24,164.2,164.75,154.9,155.05,801012,0.0
2017-01-25,155.22,164.44,154.34,164.09,832337,0.0
2017-01-26,164.56,164.58,160.71,162.06,1665686,0.0
2017-01-29,162.03,163.29,160.6,163.24,1511856,0.0
2017-01-30,162.49,164,162.35,163.95,1197888,0.0
2017-01-31,163.84,163.95,161.81,161.85,1548578,0.0
2017-02-01,166.84,168.88,166.155,168.15,4752254,0.0
2017-02-02,167.72,168.84,167.151,168.32,2529767,0.0
2017-02-05,168.18,168.18,166.71,167.03,1590270,0.0
2017-02-06,167.53,168.08,166.53,167.5,1959643,0.0
2017-02-07,167.5,168.57,167.5,168.42,1641770,0.0
2017-02-08,168.51,171.415,168.17,170.97,1962338,0.0
2017-02-09,171.65,172.27,170.27,172,1432316,0.0
2017-02-12,172.49,172.49,170.78,171.96,1649503,0.0
2017-02-13,171.66,173.64,171.55,173.63,1579403,0.0
2017-02-14,173.18,174.65,165.09,165.76,1668413,0.0
2017-02-15,165.85,175.83,165.76,175.75,1672949,0.0
2017-02-16,175.47,176.5,166.42,166.57,1772171,0.0
2017-02-20,167.23,177,166.7,176.94,1340711,0.0
2017-02-21,177.07,177.09,175.07,176.51,1366557,0.0
2017-02-22,176.52,177.04,175.21,175.85,1808436,0.0
2017-02-23,175.22,177.71,175.12,177.56,1195968,0.0
2017-02-26,177.33,177.85,176.55,177.61,1294684,0.0
2017-02-27,176.95,177.87,175.48,177.18,1913871,0.0
2017-02-28,177.37,178.71,177.22,177.85,1706352,0.0
2017-03-01,177.5,177.75,167.89,168.58,2105547,0.0
2017-03-02,170.79,171.89,169.9,170.26,8959515,0.0
2017-03-05,169.41,170.33,166.11,166.74,4646226,0.0
2017-03-06,166.54,168.62,157.93,158.18,2214163,0.0
2017-03-07,158.19,167.035,157.52,166.23,1831610,0.0
2017-03-08,166.4,166.79,165.12,165.77,1509568,0.0
2017-03-09,166.49,166.5,164.98,165.35,1225978,0.0
2017-03-12,164.85,165.1053,164.3,164.54,1515867,0.0
2017-03-13,164.21,165.32,164.1,165.24,1244382,0.0
2017-03-14,165.57,166.54,164.83,166.53,1516509,0.0
2017-03-15,166.78,167.67,157.85,158.24,2132217,0.0
2017-03-16,159.05,168.35,158.29,167.76,2326727,0.0
2017-03-19,167.76,168.29,166.8,167.43,977615,0.0
2017-03-20,167.51,168.8,158.01,166.78,1606690,0.0
2017-03-21,167.32,167.97,167.04,167.68,1071514,0.0
2017-03-22,168,168.42,166.43,166.91,942479,0.0
2017-03-23,167.37,167.4609,165.66,166.02,960100,0.0
2017-03-26,165.53,166.32,165.32,166.16,842686,0.0
2017-03-27,166.11,167.05,165.15,166.78,862746,0.0
2017-03-28,166.28,167.48,166.15,167.44,829233,0.0
2017-03-29,167.3,168.18,166.76,167.88,746249,0.0
2017-03-30,167.59,168.165,167.13,167.7,1181895,0.0
2017-04-02,167.74,168.3,166.4,166.7,1122977,0.0
2017-04-03,166.6,167.32,166.11,167.25,999801,0.0
2017-04-04,167.29,168.08,158.05,158.18,1299058,0.0
2017-04-05,160.71,171.47,160.36,170.03,2718460,0.0
2017-04-06,169.7,171,169.43,170.62,1079626,0.0
2017-04-09,170.2,171.57,169.85,171.22,1393508,0.0
2017-04-10,170.79,171.44,169.63,170.64,790200,0.0
2017-04-11,171.43,171.45,169.69,170.17,915690,0.0
2017-04-12,170.05,170.62,168.8,168.84,1055567,0.0
2017-04-16,168.77,169.75,168.71,169.69,1060943,0.0
2017-04-17,170.05,170.32,169.47,170.12,1125373,0.0
2017-04-18,170.84,170.93,169.82,170.06,1007762,0.0
2017-04-19,170.33,171.18,161.14,161.16,1519656,0.0
2017-04-20,162.45,171.288,161.7,170.78,1751328,0.0
2017-04-23,172,172.61,171.33,172.33,1402320,0.0
2017-04-24,172.81,173.04,172.29,172.68,1051732,0.0
2017-04-25,178.05,178.27,175.42,176.79,3644723,0.0
2017-04-26,177.32,177.79,176.4198,177.45,1647012,0.0
2017-04-27,177.89,178.07,167.7,177.54,1598293,0.0
2017-04-30,178.5,178.5,168.46,168.47,2754937,0.0
2017-05-01,178.72,178.84,169.03,169.16,1984887,0.0
2017-05-02,169.32,180.46,169.28,179.8,2332164,0.0
2017-05-03,180.05,183.18,180,182.38,3162667,0.0
2017-05-04,182.77,182.92,179.76,180.2,2794819,0.0
2017-05-07,174.66,174.7,171.6,172.64,2822206,0.0
2017-05-08,173.61,173.92,172.31,172.68,2131522,0.0
2017-05-09,172.03,172.085,170.66,171.35,2058210,0.0
2017-05-10,170.78,171.55,170.1,171.26,1495259,0.0
2017-05-11,171.29,171.85,168.7,168.89,1036754,0.0
2017-05-14,168.3,171.98,168.3,171.58,1166080,0.0
2017-05-15,171.96,171.96,170.63,171,831448,0.0
2017-05-16,170.66,171.5,167.05,167.18,1452154,0.0
2017-05-17,168.13,171.02,167.71,170.72,1139196,0.0
2017-05-18,171.35,172.43,170.81,171.64,1313333,0.0
2017-05-21,172.24,173.24,170.38,170.39,1135311,0.0
2017-05-22,170.95,173.5198,170.64,172.47,1348943,0.0
2017-05-23,172.95,173.13,171.8,173.01,977099,0.0
2017-05-24,173.5,175.05,173.3,174.72,1925584,0.0
2017-05-25,180.25,180.34,177.52,177.86,3774849,0.0
2017-05-29,177.68,179.3906,177.5,178.92,1587914,0.0
2017-05-30,179.24,180.47,176.94,180.43,1701506,0.0
2017-05-31,180.99,181.1,179.86,180.63,1363285,0.0
2017-06-01,180.58,181.25,179.87,180.91,1560234,0.0
2017-06-04,181.1,182.21,180.6,182.07,1045686,0.0
2017-06-05,181.7,182.715,181.01,181.47,1589116,0.0
2017-06-06,181.44,182.24,181.135,182.2,828709,0.0
2017-06-07,181.92,182.5,180.84,181.41,1295404,0.0
2017-06-08,181.71,181.93,179.92,180.36,1556186,0.0
2017-06-11,179.58,180.87,178.79,179.629,1345665,0.0
2017-06-12,179.9,180.79,179.03,180.51,1134031,0.0
2017-06-13,180.53,181.96,180.23,181.66,970421,0.0
2017-06-14,180.39,181.33,178.37,180.08,1348060,0.0
2017-06-15,170.4,170.6,165,167.11,20552621,0.0
2017-06-18,167.57,167.72,162.39,164.33,11844516,0.0
2017-06-19,165.43,165.64,162.43,162.89,5745163,0.0
2017-06-20,163.48,163.77,162.75,163.13,2767331,0.0
2017-06-21,163.17,163.3,159.01,159.8,6692553,0.0
2017-06-22,159.49,159.8,156.56,157.14,7592497,0.0
2017-06-25,156.31,160.99,156.26,160.19,5383436,0.0
2017-06-26,160.62,161.55,159.2,159.29,4226873,0.0
2017-06-27,159.64,160.5,159.5,160.17,2140513,0.0
2017-06-28,160.21,160.47,157.8,158.68,2876216,0.0
2017-06-29,160,160.539,158.79,159.94,3477990,0.0
2017-07-02,160.21,160.53,158.69,158.82,1553039,0.0
2017-07-04,158.93,159.5,156.17,156.18,2844096,0.0
2017-07-05,159.26,159.47,156.4,157.09,5813803,0.0
2017-07-06,157.36,157.55,154.09,154.1,6424799,0.0
2017-07-09,153.51,153.6,150.96,151,7521322,0.0
2017-07-10,151.45,153.09,149.25,149.35,5213578,0.0
2017-07-11,149.69,152.42,149.65,151.75,4299427,0.0
2017-07-12,153.27,153.928,152.62,153.6,4529694,0.0
2017-07-13,154.26,154.27,151.2,151.21,3551896,0.0
2017-07-16,151.21,153.16,151.01,152.84,2398582,0.0
2017-07-17,152.61,152.84,150.936,151.5,2659279,0.0
2017-07-18,151.81,152.16,150.9,151.24,2909166,0.0
2017-07-19,151.47,152.19,150.88,150.99,2083979,0.0
2017-07-20,151.1,151.23,150,150.44,3092235,0.0
2017-07-23,150.45,151.47,150.11,151,2961786,0.0
2017-07-24,151.41,153.6999,151.4,153.17,3761668,0.0
2017-07-25,153.41,153.5,151.55,152.09,2360187,0.0
2017-07-26,152.01,152.985,151.44,152.52,2974742,0.0
2017-07-27,152.67,153.3,152.11,152.88,1946493,0.0
2017-07-30,153.08,158.65,153.03,158.53,5618051,0.0
2017-07-31,159.1,159.97,157.905,159.75,3849357,0.0
2017-08-01,159.06,161.55,158.44,161.29,4408048,0.0
2017-08-02,161.61,162.35,157.06,157.94,4514264,0.0
2017-08-03,158.27,158.439,154.02,156.43,2506007,0.0
2017-08-06,156.5,157.58,155.34,156.89,1985280,0.0
2017-08-07,157.12,159.44,157.03,157.74,1955616,0.0
2017-08-08,157.14,157.57,156.2,156.85,1673878,0.0
2017-08-09,156.18,157.57,155.37,156.64,1939541,0.0
2017-08-10,156.51,157.8,156.41,156.66,1496107,0.0
2017-08-13,157.59,158.2,156.54,157.89,1269152,0.0
2017-08-14,158,158.383,156.787,156.87,1398457,0.0
2017-08-15,157.3,159.88,157.11,159.76,2792263,0.0
2017-08-16,158.48,159.95,157.12,157.22,2040602,0.0
2017-08-17,156.56,158.38,155.74,157.15,1767766,0.0
2017-08-20,157.19,158.17,155.955,157.07,1253762,0.0
2017-08-21,157.53,159.45,157.53,158.69,1455501,0.0
2017-08-22,158.62,159.44,157.78,159.37,1368074,0.0
2017-08-23,160.01,160.66,151.09,151.32,8831766,0.0
2017-08-24,152.37,152.94,150.06,152.435,4795216,0.0
2017-08-27,151.9,153.28,151.2,152.54,2980811,0.0
2017-08-28,152.05,153.59,151.46,152.25,1830041,0.0
2017-08-29,152.43,154.71,151.61,153.13,1897727,0.0
2017-08-30,154.89,157.26,152.64,156.74,3583493,0.0
2017-08-31,157.59,158.45,156.72,156.89,2191338,0.0
2017-09-04,156.65,159.72,156.6,159.11,2492639,0.0
2017-09-05,159.25,159.94,158.09,158.85,2085495,0.0
2017-09-06,158.97,159.6,157,157.92,1912234,0.0
2017-09-07,157.02,158.16,155.03,157.31,2726126,0.0
2017-09-10,157.84,158,157.06,157.36,1897321,0.0
2017-09-11,157.67,160.6464,157.451,160.04,2411109,0.0
2017-09-12,160.14,163.95,160.0058,162.99,3460820,0.0
2017-09-13,161.32,162.439,160.28,162.35,1792206,0.0
2017-09-14,161.91,162.6688,161.7,162.21,2750598,0.0
2017-09-17,162.18,163.46,160.76,160.9,1512121,0.0
2017-09-18,160.96,161.66,159.95,161.56,1303682,0.0
2017-09-19,161.51,163.04,161.26,162.85,1589840,0.0
2017-09-20,162.94,162.94,160.4,161.46,1302426,0.0
2017-09-21,160.9,162,160.37,161.29,1058035,0.0
2017-09-24,160.83,162.7,160.52,162.35,1243628,0.0
2017-09-25,162.71,164.73,162.59,164.11,1656912,0.0
2017-09-26,164.49,165.315,163.38,164.42,1410152,0.0
2017-09-27,164.34,164.949,163.54,163.9,1257039,0.0
2017-09-28,163.9,165.07,163.76,164.28,1262001,0.0
2017-10-01,164.92,166.42,164.29,165.9,1640523,0.0
2017-10-02,166.32,167.29,165.03,165.091,1990560,0.0
2017-10-03,165.23,165.93,164.691,165.23,1429933,0.0
2017-10-04,165.86,167.12,165.25,167.04,2837182,0.0
2017-10-05,159,159.46,156.54,157.06,14883553,0.0
2017-10-08,157.01,157.75,154.11,154.6,5737261,0.0
2017-10-09,155.67,157.36,155.08,156.88,4170217,0.0
2017-10-10,157.3,158.96,157.06,157.87,2868953,0.0
2017-10-11,157.87,157.99,156.36,157.22,2865963,0.0
2017-10-12,157.42,159.95,157.09,159.85,2834594,0.0
2017-10-15,159.38,159.8,158.32,158.81,1764966,0.0
2017-10-16,159,159.27,157.57,158.3799,1795213,0.0
2017-10-17,158.84,158.84,157.305,157.53,2375874,0.0
2017-10-18,157.14,158.6,156.76,158.48,2289868,0.0
2017-10-19,158.97,161.01,158.51,160.78,3152244,0.0
2017-10-22,160.85,162.39,160.58,162.1,2155555,0.0
2017-10-23,161.2,162.89,161,162.27,2283296,0.0
2017-10-24,161,163,160.58,162.21,2809071,0.0
2017-10-25,162.46,163.55,160.79,162.43,2527270,0.0
2017-10-26,160.99,162.68,160.7,162.3768,2612098,0.0
2017-10-29,161.99,162,159.47,160.21,1922171,0.0
2017-10-30,159.83,161.27,159.717,161.08,1213378,0.0
2017-10-31,161.94,163.29,160,162.68,1581790,0.0
2017-11-01,163.73,165.55,162.61,164.95,2464927,0.0
2017-11-02,164.16,167.0697,163.78,166.41,2544899,0.0
2017-11-05,165.8,166.5878,164.98,165.05,1383497,0.0
2017-11-06,165.19,166.5,164.6,166.25,1378607,0.0
2017-11-07,166.63,169.19,166.02,169.01,2374507,0.0
2017-11-08,167.48,169.31,167.05,169.11,1641119,0.0
2017-11-09,168.44,171.38,168.0752,171.35,2099719,0.0
2017-11-12,171,173.09,170.65,171.45,3156255,0.0
2017-11-13,170.82,171.83,169.77,171.43,1211329,0.0
2017-11-14,169.3,170.73,167.055,169.01,1708957,0.0
2017-11-15,170.23,171.34,169.16,170.98,1634704,0.0
2017-11-16,171,172.2,170.65,170.97,1333769,0.0
2017-11-19,171.11,172.53,170.85,172.29,1374370,0.0
2017-11-20,172.96,174.19,172.55,173.41,1728775,0.0
2017-11-21,173.84,174,171.1,172.47,1508356,0.0
2017-11-23,172.38,173.159,171.5,171.58,614558,0.0
2017-11-26,172.25,173.06,171.12,172.6,1467179,0.0
2017-11-27,173.32,174.18,172.55,173.64,1982574,0.0
2017-11-28,174,177.74,173.545,177.53,3647706,0.0
2017-11-29,180.43,184.9,180.22,184.34,5814609,0.0
2017-11-30,183.26,185.18,181.13,185.09,2892506,0.0
2017-12-03,187.22,189.88,186.56,189.56,4725433,0.0
2017-12-04,189.87,191.22,186.85,187.82,2344130,0.0
2017-12-05,187.62,187.975,185.51,187.22,2063484,0.0
2017-12-06,186.51,187.8,185.5601,186.21,1501469,0.0
2017-12-07,186.79,188.53,185.945,188.07,1203127,0.0
2017-12-10,188.21,188.9,187.04,188.86,1223156,0.0
2017-12-11,186.96,189.12,186.8,188.38,2480954,0.0
2017-12-12,188.53,190.12,187.8,188.36,2284571,0.0
2017-12-13,188.58,189.736,186.17,186.68,2298543,0.0
2017-12-14,193.84,195.35,185.49,191.66,5898834,0.0
2017-12-17,191.41,193.12,190.68,191.24,2515423,0.0
2017-12-18,191.83,191.92,185.95,188.34,3132115,0.0
2017-12-19,189.04,189.2593,185.4,187.51,2946561,0.0
2017-12-20,188,188.4,186.58,186.83,985607,0.0
2017-12-21,187.27,187.48,185.97,186.64,666547,0.0
2017-12-25,186.19,187.34,186.12,186.55,807419,0.0
2017-12-26,186.98,187.06,184.77,185.26,698026,0.0
2017-12-27,185.54,186.83,185.16,186.61,534932,0.0
2017-12-28,186.46,187.6,185.93,186.21,781915,0.0
2018-01-01,187.19,190.68,186.75,188.36,1746783,0.0
2018-01-02,188.52,192.1,188.38,190.61,2258752,0.0
2018-01-03,192,192.3,187.561,189.12,2566125,0.0
2018-01-04,189.43,189.68,186.72,187.75,2000923,0.0
2018-01-07,187.32,188.979,187.25,188.47,1126558,0.0
2018-01-08,189.01,189.3,186.15,186.33,1663449,0.0
2018-01-09,185.87,186.24,183.881,185.35,1711433,0.0
2018-01-10,185.43,190.67,185.03,189.35,3675481,0.0
2018-01-11,190.1,192.179,190,191.79,2670650,0.0
2018-01-15,192.16,192.84,189.77,190.46,1249721,0.0
2018-01-16,191.55,192.56,190.26,192.3,1815182,0.0
2018-01-17,192.23,193.03,191.22,191.51,1202364,0.0
2018-01-18,191.63,192.64,191.16,192.29,1604026,0.0
2018-01-21,192.5,194.76,192.06,194.41,1459911,0.0
2018-01-22,193.61,194.1,192.07,193.46,1633469,0.0
2018-01-23,194.03,194.75,191.925,194.24,1758508,0.0
2018-01-24,194.76,198.45,194.76,198,2473495,0.0
2018-01-25,197.89,199.23,195.69,198.9048,1708158,0.0
2018-01-28,198.37,199.88,197.56,198.38,1424798,0.0
2018-01-29,197.59,198.79,196.08,197.96,1529078,0.0
2018-01-30,197.87,198.4747,194.1,194.88,1723240,0.0
2018-01-31,193.41,195.07,192.11,192.39,1185207,0.0
2018-02-01,191.25,193.6,190.8,191.03,1472379,0.0
2018-02-04,190.66,192.1,182.525,182.74,2306970,0.0
2018-02-05,178.91,185.24,176.2,183.98,2872823,0.0
2018-02-06,183.52,185.36,182.15,183.24,1714261,0.0
2018-02-07,184.51,184.51,178.53,178.53,1872208,0.0
2018-02-08,179.78,182.07,175.79,180.66,1867878,0.0
2018-02-11,181.84,183.259,180.38,181.18,1001825,0.0
2018-02-12,180.22,184.6,180.05,184.14,1298232,0.0
2018-02-13,182.7,188.48,182.31,187.34,1568062,0.0
2018-02-14,188.09,191.71,186.57,191.54,1453787,0.0
2018-02-15,191.45,194.62,191.04,191.56,1416231,0.0
2018-02-19,189.87,191.48,187.63,188.12,1476757,0.0
2018-02-20,188.53,189.14,185.69,185.74,975568,0.0
2018-02-21,186.35,188.33,185.66,186.64,778614,0.0
2018-02-22,187.83,189.85,185.91,189.795,885593,0.0
2018-02-25,190.1,193.095,189.93,192.87,1099710,0.0
2018-02-26,193.45,195.52,190.11,190.11,1513897,0.0
2018-02-27,191.6,193.76,190.89,190.9,1228694,0.0
2018-02-28,191.31,192.99,187.32,189.04,1345339,0.0
2018-03-01,187.52,190.39,187.2162,189.33,1227812,0.0
2018-03-04,188.29,191.98,187.5,191.48,1367488,0.0
2018-03-05,192.14,192.25,190.0699,191.47,1224594,0.0
2018-03-06,189.21,189.75,184.78,187.4099,3317297,0.0
2018-03-07,186.19,186.32,183.08,185.69,4486783,0.0
2018-03-08,186.47,188.64,184.22,188.64,2280393,0.0
2018-03-11,188.36,190.099,187.55,189.37,1797771,0.0
2018-03-12,190.11,190.12,186.8,187.47,1168052,0.0
2018-03-13,188.78,189.01,183.5,184.63,2117877,0.0
2018-03-14,184.82,186.57,184.16,185.52,1122121,0.0
2018-03-15,186.18,186.25,184.47,185.51,1669769,0.0
2018-03-18,185.63,185.98,182.81,184.18,1277479,0.0
2018-03-19,185.18,187.58,184.6,187.35,1210303,0.0
2018-03-20,186.83,187.89,186.06,186.06,1453940,0.0
2018-03-21,184.9,185.5464,182.503,182.59,1592138,0.0
2018-03-22,183.28,184.45,180.83,180.84,1382532,0.0
2018-03-25,183.03,187.56,182.335,187.21,1325006,0.0
2018-03-26,187.44,187.66,182.06,183.19,1506563,0.0
2018-03-27,183.61,184.62,181.23,183.59,1395359,0.0
2018-03-28,184.74,188.64,184.41,187.86,1438633,0.0
2018-04-01,186.91,186.91,181.05,182.75,2294416,0.0
2018-04-02,183.53,184.17,181.35,182.67,1466693,0.0
2018-04-03,181.13,185.82,180.94,184.98,1338022,0.0
2018-04-04,186.17,187,184.49,186.24,1170218,0.0
2018-04-05,185.34,187.25,183.1,183.95,1469543,0.0
2018-04-08,185.2,187.4,183.5,184.43,1122953,0.0
2018-04-09,185.75,185.97,182.17,183.56,1830172,0.0
2018-04-10,182.25,186.37,182.22,184.11,1057960,0.0
2018-04-11,184.96,189.85,184.96,188.82,1988103,0.0
2018-04-12,189.81,189.83,187.01,188.92,1130437,0.0
2018-04-15,191.84,195.8,191.38,194.58,2292043,0.0
2018-04-16,195.66,196.88,194.73,196,1506076,0.0
2018-04-17,196.3,197.766,196.1,196.5,1030234,0.0
2018-04-18,196.16,196.4,193.5001,195.06,1267758,0.0
2018-04-19,194.43,195.67,192.75,193.59,1150813,0.0
2018-04-22,193.81,194.38,192.26,193.34,960029,0.0
2018-04-23,194.54,195.36,191.15,192.5,1016677,0.0
2018-04-24,192.23,194.67,191.39,194,818062,0.0
2018-04-25,194.12,196.44,193.34,195.25,888819,0.0
2018-04-26,194.95,196.92,194.53,196.59,1189340,0.0
2018-04-29,197.1,199.04,196.3852,197.19,1117964,0.0
2018-04-30,196.69,197.08,193.5149,196.58,961485,0.0
2018-05-01,195.48,195.58,192.45,194,1519611,0.0
2018-05-02,193.916,193.99,190.1706,193,1255178,0.0
2018-05-03,192.84,196.4,191.28,195.19,1051360,0.0
2018-05-06,195.88,195.88,192.21,193.05,1649430,0.0
2018-05-07,192.99,195.2,192.42,194.49,1263181,0.0
2018-05-08,194.15,196.42,193.15,196.039,1391641,0.0
2018-05-09,196.05,196.93,194.2,195.45,1330989,0.0
2018-05-10,195.33,195.98,194.57,195.76,833853,0.0
2018-05-13,195.96,197.27,195.42,195.88,839335,0.0
2018-05-14,194.76,196.7,193.26,195.48,1237177,0.0
2018-05-15,196.07,199.35,195,198.71,1393706,0.0
2018-05-16,199.07,201.36,197.8999,199.59,1421327,0.0
2018-05-17,199.5,199.52,197.7801,198.98,903805,0.0
2018-05-20,199.6,201.34,199.09,199.66,779104,0.0
2018-05-21,199.7214,201.77,198.83,198.97,1104782,0.0
2018-05-22,197.98,199.09,196.771,198.13,954493,0.0
2018-05-23,198.29,199.09,196.82,198.94,677125,0.0
2018-05-24,198.89,200.22,197.82,198.37,890901,0.0
2018-05-28,198.1,198.84,196,196.73,1454658,0.0
2018-05-29,198.16,200.53,197.75,199.61,1468760,0.0
2018-05-30,200.21,200.6972,197.7,198.25,2802111,0.0
2018-05-31,195.45,198.99,195,197.12,3131901,0.0
2018-06-03,197.32,199.04,197.2501,198.62,1201847,0.0
2018-06-04,199.22,199.35,196.99,197.84,1128907,0.0
2018-06-05,198.01,198.4,196.7,197.66,1318551,0.0
2018-06-06,200.5,202.88,199.41,202.58,1842393,0.0
2018-06-07,201.51,204.0139,201,203.74,1222422,0.0
2018-06-10,203.76,204.89,203.42,204.525,907420,0.0
2018-06-11,204.25,205.08,203.23,204.96,823999,0.0
2018-06-12,204.92,205.83,203.21,204.12,956090,0.0
2018-06-13,204.87,205.73,204.29,205.14,909107,0.0
2018-06-14,205.4,207.67,204.57,207.34,2166043,0.0
2018-06-17,206.05,208.11,205.15,206.21,960805,0.0
2018-06-18,204.9,207.81,204.622,207.53,1055933,0.0
2018-06-19,207.76,208.585,206.96,207.96,964572,0.0
2018-06-20,208.17,211.11,208,209.96,1132564,0.0
2018-06-21,210.37,211.77,210.02,211.09,886366,0.0
2018-06-24,210.01,212.08,209.97,211.78,1362119,0.0
2018-06-25,212.38,212.46,209.97,210.05,1313577,0.0
2018-06-26,210.5,212.42,209.61,210.06,1335546,0.0
2018-06-27,210,211.185,208.05,208.7,1075057,0.0
2018-06-28,209.66,210.53,208.32,209.03,1138734,0.0
2018-07-01,208.42,208.8244,206.0475,207.98,1099769,0.0
2018-07-02,208.53,209.91,206.9,207.11,476606,0.0
2018-07-04,208.34,209.29,207.55,209.08,792495,0.0
2018-07-05,207.14,210.39,206.6583,209.63,874126,0.0
2018-07-08,210.52,211.79,210,210.97,1001240,0.0
2018-07-09,210.65,212.7,210.65,211.68,875374,0.0
2018-07-10,211.22,211.7758,209.97,210.96,894075,0.0
2018-07-11,212.53,214.17,212.22,214.02,1463711,0.0
2018-07-12,214,216.64,213.71,216.55,1235947,0.0
2018-07-15,216.64,217.13,213.9,214.87,1384024,0.0
2018-07-16,214.06,216.155,214,215,1395334,0.0
2018-07-17,215.34,215.91,213.6,214.97,1120957,0.0
2018-07-18,214.46,218.2,214.03,217.56,1894282,0.0
2018-07-19,216.98,218.939,216.24,218.68,954777,0.0
2018-07-22,219,220.46,218.2,218.84,915894,0.0
2018-07-23,219.41,220.68,217.59,218.63,839582,0.0
2018-07-24,217.61,220.82,217.37,220.72,903370,0.0
2018-07-25,222,224.62,220.82,221.74,1040065,0.0
2018-07-26,222.31,222.5,218.76,219.67,857455,0.0
2018-07-29,218.99,220.118,218.61,219.11,753935,0.0
2018-07-30,219.69,220.065,218.33,218.72,1028874,0.0
2018-07-31,218.65,219.0989,216.251,217.11,1499128,0.0
2018-08-01,215.01,221.403,215.01,221.11,1268544,0.0
2018-08-02,221,222.62,221,222.02,699322,0.0
2018-08-05,221.43,223.27,221.0112,222.72,660442,0.0
2018-08-06,223.24,225.48,222.98,223.86,882059,0.0
2018-08-07,222.86,224.88,222.24,224.59,1108723,0.0
2018-08-08,221.77,222.35,216.9101,218.23,2667077,0.0
2018-08-09,218.14,221.7202,217.75,220.31,1757693,0.0
2018-08-12,221.03,221.58,219.06,219.58,820582,0.0
2018-08-13,220.01,222.56,219.86,221.99,783910,0.0
2018-08-14,220.78,222.11,218.77,221.67,1046470,0.0
2018-08-15,223.45,224.26,222.14,223.2,965298,0.0
2018-08-16,222.33,225.88,222.15,225.68,1283254,0.0
2018-08-19,226,228.22,225.97,227.37,1426300,0.0
2018-08-20,229.49,230.1,227.7,228.54,1200133,0.0
2018-08-21,228.48,230.23,228.3819,229.22,737771,0.0
2018-08-22,229,230.35,228.57,229.52,643251,0.0
2018-08-23,230,232.06,229.6,231.28,832570,0.0
2018-08-26,232.74,232.86,228.1,230.03,1243827,0.0
2018-08-27,230.94,231.83,229.84,230.26,1364026,0.0
2018-08-28,231.91,232,228.7345,230.18,1165740,0.0
2018-08-29,229.62,231.16,229.44,230.83,913325,0.0
2018-08-30,230.21,233.52,229.81,233.14,1267562,0.0
2018-09-03,233.14,234.91,233.14,234.69,979408,0.0
2018-09-04,234.61,236.17,233.2,235.62,1252906,0.0
2018-09-05,235.47,236.77,235.06,236.68,1074519,0.0
2018-09-06,237.31,242.95,237.2,241.47,1839290,0.0
2018-09-09,243.2,243.8042,242.115,243.19,1835883,0.0
2018-09-10,243.93,245.16,243.17,244.21,1348108,0.0
2018-09-11,245,245.12,242.23,242.48,1240553,0.0
2018-09-12,242.41,243.99,241.05,241.23,1193101,0.0
2018-09-13,239,239,234.47,235.36,2634334,0.0
2018-09-16,234.06,234.585,231.51,231.98,1980538,0.0
2018-09-17,231.98,235.47,231.7,234.35,1278437,0.0
2018-09-18,234.74,234.74,232.4217,233.85,1042877,0.0
2018-09-19,234.6,234.996,232.32,233.92,1189005,0.0
2018-09-20,234.37,235.84,234.01,234.75,1669523,0.0
2018-09-23,234.19,234.85,232.9,233.33,846337,0.0
2018-09-24,234.03,234.66,232.73,232.941,1110278,0.0
2018-09-25,233.57,235.66,233.45,233.78,1290044,0.0
2018-09-26,233.7,235.67,232.34,233.97,732418,0.0
2018-09-27,233.86,235.47,233.79,234.89,787773,0.0
2018-09-30,235.81,236.53,234.43,234.66,866912,0.0
2018-10-01,234.1,237.57,233.87,236.38,1017134,0.0
2018-10-02,236.62,237.31,232.73,233.19,1466438,0.0
2018-10-03,233.26,234,230.66,231.68,1601027,0.0
2018-10-04,225,227.06,217.79,218.805,5285119,0.0
2018-10-07,219.28,224.4999,219.2569,223.93,3287645,0.0
2018-10-08,223.21,225.15,222.56,224.18,1689232,0.0
2018-10-09,224.1,225,221.04,221.06,1628119,0.0
2018-10-10,222.91,225.32,220.93,221.83,2537381,0.0
2018-10-11,225.2,227.62,223.39,226.94,1978527,0.0
2018-10-14,226.25,226.94,224.25,224.53,1719053,0.0
2018-10-15,224.87,228.26,224.316,227.68,1472720,0.0
2018-10-16,228.45,228.88,225.51,228.49,1213239,0.0
2018-10-17,228.54,230.65,226.25,228.62,1451640,0.0
2018-10-18,228.9,230.63,228.72,229.67,1235174,0.0
2018-10-21,229.95,230.25,227.27,229.04,1325571,0.0
2018-10-22,227.07,229.26,223.82,228.75,1782092,0.0
2018-10-23,225.93,231.09,223.09,223.76,2110622,0.0
2018-10-24,224.06,227.59,222.84,226.37,1439033,0.0
2018-10-25,222.31,225,217,218.19,2660115,0.0
2018-10-28,219.75,224.89,218.75,222.37,2331398,0.0
2018-10-29,223.1,228.21,223.0104,227.88,1639224,0.0
2018-10-30,228.65,230.56,225.56,228.63,1588041,0.0
2018-10-31,227.99,230.8,227.54,229.53,1553859,0.0
2018-11-01,229.81,232.23,227.1787,230.14,1540453,0.0
2018-11-04,230.71,234.89,229.8,234.45,1746916,0.0
2018-11-05,235,237.49,234.1757,236.65,1751769,0.0
2018-11-06,238.75,240.88,236.935,240.32,2357426,0.0
2018-11-07,238.51,239.8,237.03,238.7,1445692,0.0
2018-11-08,237.97,240.26,237.07,237.72,1472807,0.0
2018-11-11,237.64,239.2,234.13,234.47,1389922,0.0
2018-11-12,234.75,236.42,232.77,234.12,921731,0.0
2018-11-13,237.12,237.12,231.71,233.32,1615729,0.0
2018-11-14,232.32,232.65,227,229.79,2235541,0.0
2018-11-15,229.3,231.12,226.52,231.08,1905872,0.0
2018-11-18,231.61,233.5,227.81,228.771,1650058,0.0
2018-11-19,224.92,225,218.05,219.3,3187747,0.0
2018-11-20,220.56,222.03,217.45,218.54,1856971,0.0
2018-11-22,218.1,221.18,217.6596,220,878024,0.0
2018-11-25,222.85,223.48,218.9,219.44,1602435,0.0
2018-11-26,219.37,223.12,218.38,222.98,2137233,0.0
2018-11-27,222.78,230.46,222.19,230.29,2498609,0.0
2018-11-28,229,231.59,228.36,231,1326323,0.0
2018-11-29,231.69,233.39,229.7,231.28,1907628,0.0
2018-12-02,230.72,232.2,228.21,232.19,2128981,0.0
2018-12-03,232.11,233.3,225.56,226.33,2980059,0.0
2018-12-05,227.94,233.86,226.6,233.16,3480105,0.0
2018-12-06,233.15,233.81,223.03,224.86,2523758,0.0
2018-12-09,224.54,225.2,219.11,222.691,1977967,0.0
2018-12-10,225.12,227.25,224,226.5,2124624,0.0
2018-12-11,228.35,230.45,227.07,227.8,2353072,0.0
2018-12-12,228.84,229.615,225.48,226.54,1723480,0.0
2018-12-13,218,219,205.51,207.05,8287595,0.0
2018-12-16,206.68,207.995,2.0381,202.16,4119182,0.0
2018-12-17,203.09,204.6659,201.57,202.93,2727705,0.0
2018-12-18,203.5,207,199.86,201.43,2434881,0.0
2018-12-19,200.33,200.7,193.6753,197.23,3643140,0.0
2018-12-20,197.16,200.7,194.32,194.51,4131861,0.0
2018-12-23,193.9,195.3272,189.8,189.95,1824300,0.0
2018-12-25,190.82,198.78,189.51,198.71,2614545,0.0
2018-12-26,196.96,201.13,193.96,201.08,2230635,0.0
2018-12-27,201.82,204.95,199.59,202.01,1692865,0.0
2018-12-30,203.38,204.39,201.38,202.5776,1302827,0.0
2019-01-01,200.5,205,199.85,204.77,1744944,0.0
2019-01-02,203.7,205.935,200.1,200.74,2289780,0.0
2019-01-03,203.08,207.93,201.45,206.26,2098687,0.0
2019-01-06,205.52,209.12,203.54,207.09,1690792,0.0
2019-01-07,208.65,209.05,204.18,208.5,1909456,0.0
2019-01-08,209.15,211.2182,207.92,209.94,1497439,0.0
2019-01-09,208.15,210.83,206,210.33,1725373,0.0
2019-01-10,210.04,211.25,209.31,210.59,1485303,0.0
2019-01-13,209.47,210.65,208.16,209.25,1157856,0.0
2019-01-14,210.04,211.34,209.08,210.93,1137203,0.0
2019-01-15,211.46,211.46,209.5,210.06,1081519,0.0
2019-01-16,209.87,211.65,209.65,211.28,1118974,0.0
2019-01-17,212.56,214.16,211.77,213.29,1821014,0.0
2019-01-21,213,215.555,210.82,211.82,1762820,0.0
2019-01-22,213,214.845,210,211.79,1528941,0.0
2019-01-23,212.39,212.39,208.9,210.21,1658219,0.0
2019-01-24,212.03,212.319,208.74,208.985,1887844,0.0
2019-01-27,208.68,210.58,207.31,210.58,1270639,0.0
2019-01-28,210.32,210.54,208.5668,210.32,1178790,0.0
2019-01-29,210.48,212.17,209.32,211.45,1297277,0.0
2019-01-30,211.14,214.2,209.72,214.165,2840129,0.0
2019-01-31,214,215,209.365,209.9999,3015342,0.0
2019-02-03,210.7,210.965,207.9,210.9046,1340838,0.0
2019-02-04,211.49,212.52,209.64,211.49,1740710,0.0
2019-02-05,212.26,212.26,210.48,211.6968,1270155,0.0
2019-02-06,210.07,210.1,206.27,208.69,2208587,0.0
2019-02-07,207.83,208.49,205.75,207.195,1661298,0.0
2019-02-10,208.65,208.78,206.76,208.69,1201913,0.0
2019-02-11,210.06,212.75,209.255,211.7999,1626979,0.0
2019-02-12,212.23,213.505,211.295,213,1403761,0.0
2019-02-13,212,214.545,211.14,213.75,1159556,0.0
2019-02-14,215.15,217.25,214.04,216.43,1798577,0.0
2019-02-18,216.67,219.6,216.51,218.15,1460980,0.0
2019-02-19,218.23,219.07,215.0573,217.16,1482964,0.0
2019-02-20,216.6,217.06,214.33,215.24,1327660,0.0
2019-02-21,215.17,216.59,214.25,216.3,1281902,0.0
2019-02-24,217.37,219.09,216.55,217.06,1364324,0.0
2019-02-25,216.89,218.91,216.13,217.62,1327580,0.0
2019-02-26,216.51,218.86,216.45,218.05,1192411,0.0
2019-02-27,218.49,219.6917,217.52,218.77,1233785,0.0
2019-02-28,219.76,220.57,215.77,219.39,1941847,0.0
2019-03-03,220.59,221.08,215.87,218.41,2159544,0.0
2019-03-04,218.91,221.61,218.9,219.82,1951102,0.0
2019-03-05,220.5,221.91,218.23,219.19,1807174,0.0
2019-03-06,218.4,219.39,216.22,216.79,2345170,0.0
2019-03-07,225.48,228.7,223.77,227.82,6384638,0.0
2019-03-10,227.53,229.91,227.06,229.63,2726656,0.0
2019-03-11,230.32,233.4,229.9,232.98,2490411,0.0
2019-03-12,234.25,237.45,232.95,236.38,2126072,0.0
2019-03-13,236.13,236.38,233.28,233.85,1815460,0.0
2019-03-14,233.57,235.65,233.1874,233.62,2669970,0.0
2019-03-17,233.58,236.68,233.49,236.62,1457966,0.0
2019-03-18,237.52,238.05,236.29,237.07,1383297,0.0
2019-03-19,237.03,238.49,235.775,236.97,1107920,0.0
2019-03-20,236.68,239.85,236.5526,239.59,1304175,0.0
2019-03-21,239.75,240.34,236.9,237.541,1396388,0.0
2019-03-24,236.93,238.08,235.785,236.97,1013249,0.0
2019-03-25,238,240.25,237.36,239.07,1049680,0.0
2019-03-26,238.71,240.21,238.16,239.41,1072263,0.0
2019-03-27,239.98,241.95,239.5834,241.17,1162798,0.0
2019-03-28,241.66,242.44,240.77,242.29,1205267,0.0
2019-03-31,243.07,244.41,242.58,244.17,634795,0.0
2019-04-01,244,244.19,240.31,240.46,1356375,0.0
2019-04-02,241.69,243.55,241.02,242.48,1390703,0.0
2019-04-03,242.17,244.76,241.25,244.41,1112380,0.0
2019-04-04,244.96,247.09,244.01,245.79,1287063,0.0
2019-04-07,245.99,246.83,245.2,246.5,1093023,0.0
2019-04-08,245.11,245.68,244.005,244.98,1187387,0.0
2019-04-09,245.28,246.67,244.71,245.61,1287916,0.0
2019-04-10,243.62,244.18,240.92,241.23,2512665,0.0
2019-04-11,241.51,242.72,240.9,241.96,1781817,0.0
2019-04-14,242.37,246.75,241.96,246.3,1515888,0.0
2019-04-15,246.65,246.82,244.25,245.37,1169917,0.0
2019-04-16,246.3,246.46,244.32,245.52,1158145,0.0
2019-04-17,246.79,247.25,244.701,245.86,1130721,0.0
2019-04-21,245.19,245.77,242.56,243.44,1083705,0.0
2019-04-22,244.65,246.53,242.21,245.58,1322147,0.0
2019-04-23,245.68,248.7,245.6,247.97,939562,0.0
2019-04-24,246.21,247.15,243.94,245.54,1048078,0.0
2019-04-25,245.62,245.89,242.06,243.9,1455811,0.0
2019-04-28,245,245.75,243.49,244.325,1190172,0.0
2019-04-29,244.77,245.79,243.02,245.46,1069725,0.0
2019-04-30,245.34,245.46,241.55,241.6,1125283,0.0
2019-05-01,241.76,242.885,240.42,242.68,1103548,0.0
2019-05-02,243.27,244.88,242.72,244.61,790496,0.0
2019-05-05,242.85,244.83,242.06,244.23,1014151,0.0
2019-05-06,241.72,242.735,238.22,240.22,1474984,0.0
2019-05-07,239.56,243.05,238.19,241.16,1333012,0.0
2019-05-08,240.66,244.0556,240.16,243.47,1734102,0.0
2019-05-09,242.94,248.55,240.025,247.02,1818257,0.0
2019-05-12,244.12,244.93,240.67,241.89,1658115,0.0
2019-05-13,242,245.09,241.81,242.73,1301692,0.0
2019-05-14,242.11,245.4,241.23,244.69,1027835,0.0
2019-05-15,246.64,249.73,245.21,247.46,1385605,0.0
2019-05-16,245.88,250.0498,245.5935,248.21,1526619,0.0
2019-05-19,247.15,249.94,247.15,248.81,1327020,0.0
2019-05-20,249.11,250.83,248.1,249.97,1312837,0.0
2019-05-21,251.01,251.01,249.14,249.55,1104043,0.0
2019-05-22,248.63,249.92,247.1774,248.52,1553811,0.0
2019-05-23,249.11,249.5635,246.77,247.3,1204030,0.0
2019-05-27,248.58,250.2,246.14,246.14,2515070,0.0
2019-05-28,244.13,244.77,238.91,240.68,2341955,0.0
2019-05-29,242.15,243.58,240.745,241.48,1731801,0.0
2019-05-30,238.98,240.66,233.05,239.57,3597182,0.0
2019-06-02,239.78,241.54,238.0846,241.05,2237527,0.0
2019-06-03,243,245.82,242.5,245.73,1448907,0.0
2019-06-04,246.1,248.76,245.02,247.99,1572943,0.0
2019-06-05,248,251.94,247.735,251.25,1220897,0.0
2019-06-06,251.16,256.6,251.02,256.01,1926836,0.0
2019-06-09,256.4,258.825,256.11,256.85,1584942,0.0
2019-06-10,258.91,259.615,256.2078,257.12,1385495,0.0
2019-06-11,257.58,258.75,255.77,257.28,884092,0.0
2019-06-12,257.71,259.87,257.5474,259.72,2091767,0.0
2019-06-13,260,261.2,258.91,260.15,2137836,0.0
2019-06-16,261.13,262.25,260.43,261.51,1017969,0.0
2019-06-17,263.61,264.1956,262.05,262.8,1556180,0.0
2019-06-18,262.31,264.1008,260.94,263.55,1222363,0.0
2019-06-19,265,267.79,264.55,267.35,1278793,0.0
2019-06-20,266.77,268.94,265.99,266.14,2294851,0.0
2019-06-23,267.31,267.97,266.52,266.86,1096299,0.0
2019-06-24,266.71,267.08,265.36,266.36,961144,0.0
2019-06-25,266.45,266.8195,264.34,264.41,973633,0.0
2019-06-26,264.8,266.48,262.99,265.565,808277,0.0
2019-06-27,265.22,266.385,263.36,264.13,1166002,0.0
2019-06-30,266.43,267,261.84,263.53,1703823,0.0
2019-07-01,263.92,265.57,261.67,265.56,1036732,0.0
2019-07-02,265.14,269.16,265.14,269.14,815782,0.0
2019-07-04,268.2,268.61,266.27,268.29,871305,0.0
2019-07-07,268.33,269.69,267.35,269.485,848386,0.0
2019-07-08,269.36,270.78,268.49,269.97,1169483,0.0
2019-07-09,270.05,271.53,269.34,271.41,1016966,0.0
2019-07-10,272.33,276.77,271.813,276.46,1851329,0.0
2019-07-11,276.5,280,276.08,279.45,1622229,0.0
2019-07-14,279.94,280.7,278.9,280.58,1338144,0.0
2019-07-15,281,281.37,279.7765,280.66,1220712,0.0
2019-07-16,281.05,282.85,280.22,281.51,1468063,0.0
2019-07-17,282.2,283.06,279.19,282.91,1485332,0.0
2019-07-18,283.07,284.31,281.35,281.42,1305443,0.0
2019-07-21,281.22,282.32,279.32,280.17,1149343,0.0
2019-07-22,281.85,282.08,279.0243,280.15,830001,0.0
2019-07-23,279.83,281.24,279.01,280.83,859486,0.0
2019-07-24,281.2,281.94,279.34,279.83,1072896,0.0
2019-07-25,279.8,281.77,279.12,281.4,955583,0.0
2019-07-28,281.01,281.3,279.54,280.13,975505,0.0
2019-07-29,280.27,280.57,279.1,279.5,822171,0.0
2019-07-30,279.02,279.72,272.6301,275.58,1477675,0.0
2019-07-31,275.75,280.93,274.31,274.47,2210130,0.0
2019-08-01,274.3,274.9414,270.5,272.53,1448694,0.0
2019-08-04,270.09,270.29,262.71,265,2555119,0.0
2019-08-05,266.47,270.2299,264.0485,269.31,1944798,0.0
2019-08-06,268.18,274.855,263.59,274.31,2199836,0.0
2019-08-07,273.04,274.84,271,274.84,1695469,0.0
2019-08-08,274.22,275.47,271.9148,274.04,931114,0.0
2019-08-11,274.03,274.98,269.3,271.31,1086413,0.0
2019-08-12,271.18,278.16,270.01,276.26,1294958,0.0
2019-08-13,274,275.36,268,268.15,1614628,0.0
2019-08-14,270.53,272.9749,268.77,271.51,1448221,0.0
2019-08-15,274.1,276.07,273.44,273.98,1045949,0.0
2019-08-18,276.41,277.3815,274.55,275.62,1059362,0.0
2019-08-19,276.28,276.36,272.85,272.97,881634,0.0
2019-08-20,275.41,276.54,274.7,275.69,1314976,0.0
2019-08-21,277.01,280.99,276.868,279.85,2028231,0.0
2019-08-22,278.21,280.13,272.7,274.1,1492836,0.0
2019-08-25,275.75,278.53,275.69,278.53,985483,0.0
2019-08-26,281,293.44,280.34,292.35,4442173,0.0
2019-08-27,293.75,299.95,292.42,294.48,4827548,0.0
2019-08-28,297.48,297.725,292.7566,296.45,2364975,0.0
2019-08-29,298.36,298.36,292.83,294.68,1355019,0.0
2019-09-02,292.57,294,290.46,292.06,1545488,0.0
2019-09-03,294,296.3,293.771,296.22,1177176,0.0
2019-09-04,298.43,299.71,296.675,297,1560169,0.0
2019-09-05,299.2,304.64,298.29,303.77,2756085,0.0
2019-09-08,304.5,307.34,298.21,299.01,2596683,0.0
2019-09-09,297.38,298.25,294.5789,297.15,2348943,0.0
2019-09-10,294.3,295.74,287.81,290.67,4373657,0.0
2019-09-11,290.34,292.75,288.68,289.85,2630544,0.0
2019-09-12,290.2,294.07,289.85,291.96,2034526,0.0
2019-09-15,290.57,291.3769,288.3402,288.74,1115417,0.0
2019-09-16,289.56,291.7858,288.69,291.45,1377091,0.0
2019-09-17,290.7,293.57,288.8,292.47,1347025,0.0
2019-09-18,289.49,289.76,284.71,287.84,2726069,0.0
2019-09-19,288.75,289.41,286.14,286.24,3106410,0.0
2019-09-22,286.36,288.13,285.75,287.61,1537511,0.0
2019-09-23,289.3,292.62,286.4,287.92,1960930,0.0
2019-09-24,288.26,289.68,286.87,288.51,1399101,0.0
2019-09-25,289.43,289.8099,286.6,288.31,1239059,0.0
2019-09-26,289.53,289.53,284.4,285.95,1273842,0.0
2019-09-29,287.7,288.62,286.57,288.13,1436932,0.0
2019-09-30,288.04,288.68,283.18,283.86,2246256,0.0
2019-10-01,283.23,285.79,282.22,285.11,2196652,0.0
2019-10-02,285.39,290.86,281.6001,289.01,3086880,0.0
2019-10-03,287.85,291.95,283.32,291.74,8362161,0.0
2019-10-06,291.04,295.69,290.5,293.4,3560864,0.0
2019-10-07,292.95,295.58,290.45,291.88,3912068,0.0
2019-10-08,293.11,298.57,293.11,296.95,4057153,0.0
2019-10-09,298.63,299.48,296.26,297.13,2921400,0.0
2019-10-10,298.07,300.76,297.36,297.42,3183924,0.0
2019-10-13,298.97,300.34,297.5,297.52,2074903,0.0
2019-10-14,298.32,299.64,297.23,298.47,2358947,0.0
2019-10-15,296.8,298.97,295.08,298.82,2972162,0.0
2019-10-16,298.85,302.61,298.85,302.42,2992799,0.0
2019-10-17,302,304,300.9764,302.71,3207139,0.0
2019-10-20,303.1,303.51,300.17,301.08,1064294,0.0
2019-10-21,301.61,304.88,299.95,299.96,1781074,0.0
2019-10-22,299.58,300.0523,297.18,297.19,1447232,0.0
2019-10-23,295.05,298.28,294.56,297.05,1697917,0.0
2019-10-24,295.52,297.25,295.11,296.48,1509832,0.0
2019-10-27,295.7,299.09,295.21,298.93,1397810,0.0
2019-10-28,298.21,298.94,295.81,295.87,1062673,0.0
2019-10-29,296.92,300.25,295.97,299.79,1119428,0.0
2019-10-30,298.36,299.622,294.55,297.17,1633175,0.0
2019-10-31,297.99,298.34,295.5,296.2,1132418,0.0
2019-11-03,297.16,298.22,295.17,296.87,1453121,0.0
2019-11-04,297.09,299.6925,295.805,299.18,1363254,0.0
2019-11-05,299.97,301.65,297.925,301.61,1280827,0.0
2019-11-06,303.93,307.1,302.48,305.19,2014047,0.0
2019-11-07,302.74,304.29,301.28,302.62,1397222,0.0
2019-11-10,301.55,302.33,299.7,300.83,1066853,0.0
2019-11-11,300.83,302.73,298.66,300.44,1290105,0.0
2019-11-12,300.18,304,299.52,302.9,1370494,0.0
2019-11-13,304.39,305.8884,302.265,304.62,1165783,0.0
2019-11-14,305.31,305.44,301.6,303.69,1460161,0.0
2019-11-17,303.11,306.38,302.75,304.66,987280,0.0
2019-11-18,304.5,305,301.45,302.25,1455903,0.0
2019-11-19,302.44,303.17,298.0108,300.57,1523037,0.0
2019-11-20,300.69,301.87,299.52,300.27,995090,0.0
2019-11-21,301.94,301.94,297.23,299.3,1079204,0.0
2019-11-24,300.29,300.626,297.55,299.04,1195779,0.0
2019-11-25,299.26,301.35,298.82,301.33,1580048,0.0
2019-11-26,301.82,302.79,300.57,300.75,1637161,0.0
2019-11-28,300.82,300.89,299.66,299.83,678803,0.0
2019-12-01,299.75,300.2,294.27,297.39,2209124,0.0
2019-12-02,295.13,296.19,292.7,295.74,1640523,0.0
2019-12-03,296.04,297.16,295.15,296.49,1397899,0.0
2019-12-04,297.13,297.13,292.5,293.13,1551202,0.0
2019-12-05,294.98,295.99,294.26,294.9,1216530,0.0
2019-12-08,295,297.19,294.545,295.12,1480755,0.0
2019-12-09,296.03,296.69,294.545,295.78,1400191,0.0
2019-12-10,296,296.3479,293.05,295.3,1558887,0.0
2019-12-11,295.27,297.76,294.12,297.46,2326130,0.0
2019-12-12,294.64,295,289.1,291.86,4900455,0.0
2019-12-15,293.03,294.46,292.85,293.47,2167384,0.0
2019-12-16,293.5,296.3,292.75,295.56,2065034,0.0
2019-12-17,295.99,296.36,291.82,291.91,2123624,0.0
2019-12-18,292.06,293.81,291.5,293.71,1836080,0.0
2019-12-19,293.85,295.02,292.78,294.86,2752620,0.0
2019-12-22,294.91,295.31,293.03,293.2988,993387,0.0
2019-12-23,293.91,294.45,293.36,294.3,488811,0.0
2019-12-25,294.49,295.72,293.9,295.65,949605,0.0
2019-12-26,296.22,296.3,293.18,294.11,1038082,0.0
2019-12-29,294.2,295.612,293.66,295.21,1060939,0.0
2019-12-30,295,295.45,292.18,293.9,1181872,0.0
2020-01-01,294.15,294.58,291,291.46,1816535,0.0
2020-01-02,290.05,292.9,289.33,291.72,1545697,0.0
2020-01-05,290.55,292.07,288.62,291.81,1610681,0.0
2020-01-06,291.32,291.69,289.279,291.26,1627284,0.0
2020-01-07,290.99,295.48,290.5,294.76,1907601,0.0
2020-01-08,298.55,301.96,297.71,299.48,2830274,0.0
2020-01-09,300.24,300.27,296.66,297.17,1474955,0.0
2020-01-12,296.75,300.6495,296.75,299.86,1250382,0.0
2020-01-13,299.25,301,298.58,299.79,1125466,0.0
2020-01-14,298.35,301.04,298.044,300.87,1263756,0.0
2020-01-15,301.39,304.06,300.975,303.11,1517766,0.0
2020-01-16,303.4,305.3,303.03,304.68,2067112,0.0
2020-01-20,306.2,313.34,305.76,313.33,5600948,0.0
2020-01-21,313.4,313.56,310.21,311.89,3897700,0.0
2020-01-22,312.02,313.4,310.7307,313,2228686,0.0
2020-01-23,314.02,314.28,309.1,310.58,3494168,0.0
2020-01-26,306.15,311.77,305.65,309.53,1610468,0.0
2020-01-27,310.51,311.71,309.1,310.89,1035132,0.0
2020-01-28,310.9,311.97,309.385,309.54,1127466,0.0
2020-01-29,307.53,309.64,306.665,309.57,1056280,0.0
2020-01-30,308.55,309.18,304.56,305.53,1475140,0.0
2020-02-02,307,308.58,301.67,301.92,2188728,0.0
2020-02-03,304.57,305.9083,302.7622,304.9,1706365,0.0
2020-02-04,307,309.59,305.56,308.99,1427203,0.0
2020-02-05,309.35,311.8387,307.85,310.71,1547079,0.0
2020-02-06,310,313.81,309.1248,313.66,1392846,0.0
2020-02-09,313.76,316.9445,312.6,313.9,1648605,0.0
2020-02-10,314.03,314.43,310.47,310.69,1333776,0.0
2020-02-11,311.19,315.48,310.77,315.13,1193473,0.0
2020-02-12,314.85,318.79,313.535,318.21,1243870,0.0
2020-02-13,318.87,319.81,316.95,318.44,929104,0.0
2020-02-17,319,323.48,318.61,321.92,1296381,0.0
2020-02-18,322.08,324.5294,321.73,323.01,1142787,0.0
2020-02-19,322.32,325.07,321.01,324.08,1244992,0.0
2020-02-20,322.33,325.26,321.03,322.13,1455031,0.0
2020-02-23,315.5,320,313.26,313.54,1878989,0.0
2020-02-24,315,316.565,304.4,304.83,2210991,0.0
2020-02-25,307.55,311.3,304.68,305.6,1952497,0.0
2020-02-26,301.98,305,293,293,3106158,0.0
2020-02-27,285.25,287.335,271.28,281.2611,6363333,0.0
2020-03-01,294.44,309.51,291.377,309.14,6785482,0.0
2020-03-02,309.14,314.165,301.03,302.73,4295059,0.0
2020-03-03,308.29,320.97,305.0201,320.82,3422225,0.0
2020-03-04,316,324.51,313.2,315.49,7607410,0.0
2020-03-05,313,317.49,302.75,311.34,5612727,0.0
2020-03-08,295.85,310.33,293,300.945,4470653,0.0
2020-03-09,307.97,309.73,294.42,309.67,7449890,0.0
2020-03-10,300.86,307.79,294.19,297.27,6047218,0.0
2020-03-11,280.44,295.625,276.34,279.635,6200973,0.0
2020-03-12,288.83,303.245,278.27,302.69,5061533,0.0
2020-03-15,281.83,299.53,279.51,283.18,9736170,0.0
2020-03-16,289,307.19,286.3,307,6275480,0.0
2020-03-17,298,313.83,296,307.55,5138172,0.0
2020-03-18,311,313.8526,302.63,305.22,9672976,0.0
2020-03-19,307.92,308.01,287.02,290.42,5951130,0.0
2020-03-22,292.01,295.6721,278.4238,285.82,4988225,0.0
2020-03-23,294.59,297.35,282.8305,285.29,5891068,0.0
2020-03-24,284.21,290.7176,279.21,280.86,9740107,0.0
2020-03-25,281.34,293.7297,280.86,292.26,4741842,0.0
2020-03-26,287.13,293.49,283.33,284.15,7231532,0.0
2020-03-29,287.49,291.68,285.84,291.23,3337138,0.0
2020-03-30,287.42,291.52,284,285.13,7520348,0.0
2020-03-31,282.36,288.8,280.9,286.6,3442975,0.0
2020-04-01,284.38,292.78,282.82,291.48,5732860,0.0
2020-04-02,289.1604,292.34,285.8,288.64,3342049,0.0
2020-04-05,293,305.49,289.57,305.09,4599471,0.0
2020-04-06,306.5,310,303.22,303.62,3588259,0.0
2020-04-07,305.11,307.42,302.28,305.97,5983996,0.0
2020-04-08,299.45,304.35,297.575,300.06,5759704,0.0
2020-04-12,298.58,303.95,297.66,299.45,2268477,0.0
2020-04-13,302.75,314.75,301.25,314.15,7372919,0.0
2020-04-14,311.64,313.75,306.82,310.27,7479544,0.0
2020-04-15,314.73,322.63,312.04,321.42,9860937,0.0
2020-04-16,321.31,322.1344,314.02,317.88,9516244,0.0
2020-04-19,317.95,318.38,311.53,311.79,6352291,0.0
2020-04-20,311.14,311.89,299.345,301.28,10077315,0.0
2020-04-21,304,310.92,302.04,309.06,4816918,0.0
2020-04-22,307.0335,309.635,304.79,305.4,7110993,0.0
2020-04-23,307.33,310.83,305.5117,310.54,5059830,0.0
2020-04-26,313.05,313.29,307.59,308.67,8168992,0.0
2020-04-27,310.825,311.27,304.28,304.86,4378791,0.0
2020-04-28,304.95,308.6832,301.1206,307.09,6561442,0.0
2020-04-29,306.15,307.895,302.57,303.01,4777980,0.0
2020-04-30,301.78,304.8199,300.18,301.92,2027707,0.0
2020-05-03,303,305.53,300.07,304.49,2026871,0.0
2020-05-04,305.06,309.8,303.44,307.9,4028860,0.0
2020-05-05,309.92,311.04,306.54,308.89,2191243,0.0
2020-05-06,309.34,309.87,304.53,304.99,4442076,0.0
2020-05-07,305.9,307.18,303.7,305.99,4101270,0.0
2020-05-10,305.64,311.83,305,310.18,3333830,0.0
2020-05-11,310.84,311.545,304.79,304.84,3958168,0.0
2020-05-12,304.84,306.4,300.12,302.16,2710112,0.0
2020-05-13,301.01,302.88,294.535,299.75,3486155,0.0
2020-05-14,299.07,299.835,295.86,299.21,6283600,0.0
2020-05-17,301.7206,303.19,299.92,302.73,6196784,0.0
2020-05-18,304.62,309.025,303.15,304.51,3085316,0.0
2020-05-19,306.77,307.918,303.2005,305,2574803,0.0
2020-05-20,304.79,305.04,301.25,301.97,3977996,0.0
2020-05-21,302.01,303.94,300.83,302.42,4062012,0.0
2020-05-25,306.01,306.9,303.5278,304.98,2427249,0.0
2020-05-26,304.56,306.31,299.47,305.935,5291596,0.0
2020-05-27,307.25,311,306.9,309.8,3590280,0.0
2020-05-28,304.2,308.88,302.35,308.34,4194674,0.0
2020-05-31,307.9,309.74,306.46,308.29,4232290,0.0
2020-06-01,307.95,309.02,304.72,306.91,4291438,0.0
2020-06-02,307.5,308.2,305.92,306.56,3731830,0.0
2020-06-03,310.85,315.35,309.09,310.75,4005930,0.0
2020-06-04,313.13,313.6283,307.29,312.05,3886499,0.0
2020-06-07,310.66,311.2911,306.46,307.19,6737166,0.0
2020-06-08,307.5,308.6,305.17,305.7,5325378,0.0
2020-06-09,306.48,308.63,305.65,307.27,2160122,0.0
2020-06-10,306.99,309.2,300.64,301.03,6010482,0.0
2020-06-11,302.67,305.15,301.86,302.05,1081114,0.0
2020-06-14,297.05,298.07,293.8394,297.1,5936484,0.0
2020-06-15,301.35,302.74,299.22,301.37,4523472,0.0
2020-06-16,301.02,302,298.9,299.61,3818006,0.0
2020-06-17,300,300.8062,297.79,299.57,3314751,0.0
2020-06-18,300.18,301.8999,298.64,299.74,2240883,0.0
2020-06-21,299.7,301.48,298.25,300.45,1647280,0.0
2020-06-22,301.73,304.9,300.73,301.24,2206246,0.0
2020-06-23,300.77,301.28,296.6,297.95,1886574,0.0
2020-06-24,297.06,301.15,295.4,300.53,1872254,0.0
2020-06-25,300.41,302.1173,295.95,296.55,1894194,0.0
2020-06-28,297.44,301.63,296.83,301.62,1557038,0.0
2020-06-29,301.01,304.62,300.1363,303.19,1827185,0.0
2020-06-30,302.5,305.58,300.75,304.65,1703321,0.0
2020-07-01,306,308.92,304.6006,305.79,2206323,0.0
