Date,Open,High,Low,Close,Volume,OpenInterest
2016-07-12,25.14,25.14,24.76,24.785,469668,0.0
2016-07-13,24.98,25.125,24.825,24.945,448972,0.0
2016-07-14,24.865,24.99,24.75,24.95,436150,0.0
2016-07-17,25.06,25.195,24.745,24.785,720504,0.0
2016-07-18,24.675,24.825,24.55,24.73,549486,0.0
2016-07-19,24.76,25.063,24.76,24.885,565150,0.0
2016-07-20,24.825,25.18,24.585,24.885,490412,0.0
2016-07-21,24.89,25.275,24.795,25.183,379250,0.0
2016-07-24,25.135,25.585,25.135,25.415,1180770,0.0
2016-07-25,25.34,25.499,25.21,25.305,416194,0.0
2016-07-26,25.34,25.655,25.02,25.655,1092064,0.0
2016-07-27,25.615,25.643,25.189,25.215,1217456,0.0
2016-07-28,25.24,25.4,25.095,25.215,667832,0.0
2016-07-31,25.32,25.705,25.205,25.66,707936,0.0
2016-08-01,25.73,25.738,25.395,25.42,843698,0.0
2016-08-02,25.495,25.495,24.96,25,699350,0.0
2016-08-03,24.985,25.245,24.95,25.1,728740,0.0
2016-08-04,25.26,25.575,25.2,25.51,530044,0.0
2016-08-07,25.5,25.55,25.185,25.203,440866,0.0
2016-08-08,25.195,25.365,24.94,25.205,658584,0.0
2016-08-09,25.245,25.465,25.225,25.465,710622,0.0
2016-08-10,25.5,25.65,25.325,25.335,409812,0.0
2016-08-11,25.335,25.455,25.143,25.315,311260,0.0
2016-08-14,25.41,25.47,25.27,25.42,568422,0.0
2016-08-15,25.4,25.42,25.19,25.37,403508,0.0
2016-08-16,25.375,25.625,25.25,25.59,672498,0.0
2016-08-17,25.595,26.05,25.47,26.035,907834,0.0
2016-08-18,26,26.215,25.901,26.075,742294,0.0
2016-08-21,26.1,26.41,26.025,26.4,820892,0.0
2016-08-22,26.53,26.6,26.438,26.475,450432,0.0
2016-08-23,26.51,26.51,26.3,26.35,404822,0.0
2016-08-24,25.98,26.85,25.86,26.095,967232,0.0
2016-08-25,26.02,26.045,25.595,25.795,727524,0.0
2016-08-28,25.74,26.025,25.57,25.83,964712,0.0
2016-08-29,25.935,25.935,25.46,25.565,943136,0.0
2016-08-30,25.595,25.79,25.425,25.52,709238,0.0
2016-08-31,25.605,25.725,25.47,25.6,1036296,0.0
2016-09-01,25.75,25.923,25.54,25.835,780236,0.0
2016-09-05,25.76,25.76,25.29,25.665,1246604,0.0
2016-09-06,25.6,25.67,25.39,25.575,769096,0.0
2016-09-07,25.51,25.72,25.178,25.31,906308,0.0
2016-09-08,25.075,25.162,24.9,25,1324738,0.0
2016-09-11,24.96,25.24,24.81,25.225,929228,0.0
2016-09-12,25.19,25.225,24.73,24.875,810638,0.0
2016-09-13,24.99,25.085,24.78,24.865,542792,0.0
2016-09-14,24.905,25.186,24.71,25.16,702574,0.0
2016-09-15,25.05,25.215,24.905,25.03,692936,0.0
2016-09-18,25.07,25.485,25.055,25.37,721130,0.0
2016-09-19,25.58,25.851,25.38,25.705,1260022,0.0
2016-09-20,27.25,27.36,25.76,26.75,4272164,0.0
2016-09-21,27,27,26.42,26.435,2263346,0.0
2016-09-22,26.465,27.065,26.465,27.02,2567648,0.0
2016-09-25,26.99,27.015,26.75,26.825,882790,0.0
2016-09-26,26.81,27.125,26.67,27.025,1165738,0.0
2016-09-27,27.06,27.165,26.72,26.96,1209808,0.0
2016-09-28,26.91,26.955,26.355,26.515,952188,0.0
2016-09-29,26.565,26.93,26.565,26.78,1022800,0.0
2016-10-02,26.875,27.095,26.875,26.95,1434202,0.0
2016-10-03,27.045,27.134,26.64,26.715,728818,0.0
2016-10-04,26.805,26.98,26.69,26.753,918144,0.0
2016-10-05,26.785,26.985,26.65,26.845,1091120,0.0
2016-10-06,26.855,26.935,26.56,26.725,1354850,0.0
2016-10-09,26.92,27.26,26.87,27.1,788042,0.0
2016-10-10,27.1,27.105,26.72,26.83,1204172,0.0
2016-10-11,26.755,27.195,26.715,27.06,1148478,0.0
2016-10-12,26.835,27.015,26.755,26.94,554992,0.0
2016-10-13,27.025,27.105,26.87,26.975,910146,0.0
2016-10-16,26.885,27.11,26.825,26.97,882748,0.0
2016-10-17,27.105,27.18,26.995,27.05,759060,0.0
2016-10-18,27.115,27.265,26.91,27.235,589174,0.0
2016-10-19,27.165,27.165,26.865,27.016,920464,0.0
2016-10-20,26.88,27.23,26.56,26.75,1670874,0.0
2016-10-23,26.86,27.15,26.698,26.72,633572,0.0
2016-10-24,26.785,26.915,26.425,26.485,2088922,0.0
2016-10-25,26.36,26.62,26.185,26.24,1118844,0.0
2016-10-26,26.195,26.314,25.72,25.875,1267410,0.0
2016-10-27,25.85,26.425,25.825,26.27,1338128,0.0
2016-10-30,26.225,26.335,26.02,26.235,936736,0.0
2016-10-31,26.31,26.33,25.935,25.965,709628,0.0
2016-11-01,25.87,26.2,25.86,25.9,689128,0.0
2016-11-02,25.88,26.02,25.805,26.015,844842,0.0
2016-11-03,25.93,26.08,25.37,25.39,1345166,0.0
2016-11-06,25.65,25.94,25.535,25.935,982252,0.0
2016-11-07,25.82,26.35,25.82,26.245,773628,0.0
2016-11-08,26.005,26.695,25.725,26.675,584560,0.0
2016-11-09,26.805,26.915,26.435,26.62,1433614,0.0
2016-11-10,26.575,27.055,26.405,27.035,451270,0.0
2016-11-13,27.18,27.61,27.155,27.59,1057188,0.0
2016-11-14,27.52,27.785,27.455,27.58,682054,0.0
2016-11-15,27.575,27.925,27.455,27.9,949830,0.0
2016-11-16,27.98,28.37,27.955,28.32,1818334,0.0
2016-11-17,28.3,28.36,27.82,28.03,1723964,0.0
2016-11-20,28.255,28.49,27.985,28.125,1598532,0.0
2016-11-21,27.5,28.173,26.605,26.87,2973088,0.0
2016-11-22,26.49,27.26,26.474,27.255,1422866,0.0
2016-11-24,27.33,27.375,27.125,27.32,382208,0.0
2016-11-27,27.155,27.24,26.958,27.16,1085880,0.0
2016-11-28,27.16,27.423,27,27.27,811474,0.0
2016-11-29,27.335,27.565,27.215,27.355,807500,0.0
2016-11-30,27.465,27.49,27.12,27.34,824252,0.0
2016-12-01,27.305,27.455,27.08,27.195,571060,0.0
2016-12-04,27.345,27.44,27.22,27.29,453050,0.0
2016-12-05,27.34,27.415,27.055,27.41,648554,0.0
2016-12-06,27.42,27.99,27.28,27.965,735354,0.0
2016-12-07,27.95,28.045,27.783,27.863,563222,0.0
2016-12-08,27.92,27.92,27.54,27.675,679612,0.0
2016-12-11,27.785,27.952,27.46,27.89,987954,0.0
2016-12-12,27.995,28.15,27.665,28.09,888198,0.0
2016-12-13,28.185,28.255,27.91,28.01,1180714,0.0
2016-12-14,28.005,28.185,27.8,28.065,719160,0.0
2016-12-15,28.05,28.27,27.84,27.925,1110006,0.0
2016-12-18,27.99,28.23,27.695,27.95,731602,0.0
2016-12-19,27.955,28.32,27.93,28.28,545818,0.0
2016-12-20,28.285,28.37,28.035,28.13,521580,0.0
2016-12-21,28.205,28.46,27.655,27.685,691738,0.0
2016-12-22,27.8,27.905,27.68,27.775,271464,0.0
2016-12-26,27.88,28.17,27.745,28.005,411636,0.0
2016-12-27,28.085,28.175,27.685,27.775,342116,0.0
2016-12-28,27.72,27.915,27.56,27.76,397408,0.0
2016-12-29,27.85,27.885,27.652,27.705,359222,0.0
2017-01-02,27.79,28.075,27.64,27.86,891328,0.0
2017-01-03,27.9,28.425,27.765,28.23,1313072,0.0
2017-01-04,28.215,28.455,27.955,28.195,592264,0.0
2017-01-05,28.13,28.43,28.085,28.345,993232,0.0
2017-01-08,28.34,28.455,28.225,28.26,1318256,0.0
2017-01-09,28.225,28.564,28.13,28.355,968566,0.0
2017-01-10,28.495,28.69,28.28,28.655,511084,0.0
2017-01-11,28.49,28.54,27.92,28.42,852562,0.0
2017-01-12,28.525,28.79,28.465,28.695,400388,0.0
2017-01-16,28.63,28.63,28.21,28.265,487702,0.0
2017-01-17,28.28,28.39,28.11,28.32,758684,0.0
2017-01-18,28.335,28.484,28.17,28.26,501102,0.0
2017-01-19,28.335,28.5,28.185,28.475,443196,0.0
2017-01-22,28.425,28.54,28.095,28.19,712182,0.0
2017-01-23,28.21,28.705,28.175,28.69,757920,0.0
2017-01-24,28.73,28.985,28.705,28.805,475528,0.0
2017-01-25,28.84,28.97,28.49,28.535,533822,0.0
2017-01-26,28.63,28.84,28.415,28.515,373690,0.0
2017-01-29,28.59,28.75,28.035,28.47,717218,0.0
2017-01-30,28.465,28.525,28.085,28.37,747282,0.0
2017-01-31,28.525,28.705,27.835,27.98,902118,0.0
2017-02-01,28.005,28.16,27.74,27.83,795504,0.0
2017-02-02,27.91,28.3,27.91,28.27,456322,0.0
2017-02-05,28.295,28.545,28.15,28.27,386880,0.0
2017-02-06,28.365,28.45,28.045,28.415,674336,0.0
2017-02-07,28.415,28.63,28.175,28.61,756054,0.0
2017-02-08,28.605,28.928,28.53,28.915,628990,0.0
2017-02-09,28.935,29.11,28.8,29.08,582130,0.0
2017-02-12,29.1,29.42,29.1,29.35,514288,0.0
2017-02-13,29.24,29.42,29.205,29.29,498598,0.0
2017-02-14,29.265,29.7,29.21,29.64,364594,0.0
2017-02-15,29.665,29.93,29.57,29.915,749494,0.0
2017-02-16,29.77,29.79,29.38,29.505,1499682,0.0
2017-02-20,29.595,30.28,29.531,30.155,1491270,0.0
2017-02-21,29.25,29.736,28.44,29.225,2140480,0.0
2017-02-22,29.05,30.155,28.83,29.705,2205722,0.0
2017-02-23,29.695,29.78,29.408,29.5,648884,0.0
2017-02-26,29.5,29.775,29.425,29.76,716168,0.0
2017-02-27,29.575,29.97,29.4,29.57,569428,0.0
2017-02-28,29.83,30.03,29.67,30.01,1380938,0.0
2017-03-01,29.905,30.24,29.845,30.06,657962,0.0
2017-03-02,30.02,30.368,29.583,30.24,550276,0.0
2017-03-05,30.225,30.34,29.98,30.32,858742,0.0
2017-03-06,30.36,30.42,30.16,30.315,498702,0.0
2017-03-07,30.385,30.519,30.215,30.285,977086,0.0
2017-03-08,30.345,30.345,29.99,30.225,532248,0.0
2017-03-09,30.305,30.413,30.098,30.28,619268,0.0
2017-03-12,30.25,30.44,30.225,30.3,369394,0.0
2017-03-13,30.19,30.31,29.855,30.195,335274,0.0
2017-03-14,30.315,30.565,30.22,30.545,422270,0.0
2017-03-15,30.59,30.805,30.44,30.635,449574,0.0
2017-03-16,30.725,30.85,30.615,30.745,708300,0.0
2017-03-19,30.745,30.914,30.55,30.895,777456,0.0
2017-03-20,30.97,31.083,30.27,30.38,1255942,0.0
2017-03-21,30.4,30.77,30.375,30.605,869896,0.0
2017-03-22,30.485,30.81,30.44,30.715,586548,0.0
2017-03-23,30.73,30.905,30.58,30.66,458998,0.0
2017-03-26,30.515,31.085,30.38,31.045,641554,0.0
2017-03-27,30.975,31.35,30.756,31.2,876148,0.0
2017-03-28,31.23,31.32,31,31.165,446036,0.0
2017-03-29,31.12,31.568,30.96,31.03,922674,0.0
2017-03-30,31.065,31.14,30.92,30.965,480136,0.0
2017-04-02,31.045,31.278,30.33,30.405,739598,0.0
2017-04-03,30.355,30.395,29.91,29.98,783124,0.0
2017-04-04,30.05,30.255,29.825,29.835,1215782,0.0
2017-04-05,29.935,30.195,29.595,30.01,798670,0.0
2017-04-06,29.93,30.115,29.805,29.835,694704,0.0
2017-04-09,59.8,60.42,59.78,60.09,220127,0.0
2017-04-10,30.18,30.65,29.67,30.12,878193,0.0
2017-04-11,30.11,30.22,29.76,29.82,726613,0.0
2017-04-12,29.84,30,29.64,29.645,1518681,0.0
2017-04-16,29.71,29.995,29.67,29.91,696665,0.0
2017-04-17,29.66,29.95,29.65,29.815,500015,0.0
2017-04-18,29.95,30.02,29.78,29.98,490021,0.0
2017-04-19,30.11,30.29,30,30.22,433654,0.0
2017-04-20,30.11,30.36,30.11,30.24,365305,0.0
2017-04-23,30.53,30.74,30.4,30.675,367900,0.0
2017-04-24,30.84,31.01,30.69,30.86,352269,0.0
2017-04-25,30.93,31.14,30.82,30.98,338580,0.0
2017-04-26,31.14,31.405,30.91,31.175,471961,0.0
2017-04-27,31.21,31.29,30.865,30.91,582854,0.0
2017-04-30,31.02,31.03,30.62,30.63,489182,0.0
2017-05-01,30.7,30.81,30.43,30.64,712803,0.0
2017-05-02,30.55,30.55,30.195,30.27,630149,0.0
2017-05-03,30.31,30.55,30.145,30.52,640265,0.0
2017-05-04,30.58,30.72,30.28,30.65,1056274,0.0
2017-05-07,30.63,30.77,30.43,30.51,487508,0.0
2017-05-08,30.53,30.67,30.34,30.405,466685,0.0
2017-05-09,30.32,30.51,30.02,30.16,702743,0.0
2017-05-10,30.1,30.2,29.64,29.91,771367,0.0
2017-05-11,29.9,29.94,29.75,29.89,361370,0.0
2017-05-14,29.89,30.22,29.79,29.98,523815,0.0
2017-05-15,29.95,30.135,29.756,29.97,593347,0.0
2017-05-16,29.69,29.86,29.17,29.19,925477,0.0
2017-05-17,29.19,29.55,29.09,29.32,624131,0.0
2017-05-18,29.24,29.41,28.89,29.3,1399142,0.0
2017-05-21,29.39,29.76,29.37,29.69,855820,0.0
2017-05-22,29.85,30.11,29.75,30.03,928377,0.0
2017-05-23,29.98,30.08,29.81,29.98,895702,0.0
2017-05-24,30,31.67,29.93,31.41,3124138,0.0
2017-05-25,31.38,31.6,30.99,31.04,1738041,0.0
2017-05-29,31.1,31.44,30.88,30.9,1038880,0.0
2017-05-30,31.02,31.28,30.57,31.2,848209,0.0
2017-05-31,31.36,31.79,31.34,31.77,1030624,0.0
2017-06-01,31.79,32,31.46,31.71,731164,0.0
2017-06-04,31.64,31.74,31.29,31.29,725774,0.0
2017-06-05,31.13,31.24,30.96,30.97,573442,0.0
2017-06-06,31.1,31.35,30.89,31.16,901733,0.0
2017-06-07,31.24,31.38,31.04,31.07,872067,0.0
2017-06-08,31.09,31.4,31.045,31.34,664174,0.0
2017-06-11,31.3,31.605,31.16,31.445,1082751,0.0
2017-06-12,31.58,31.68,31.4,31.58,878147,0.0
2017-06-13,31.64,31.76,31.34,31.49,676757,0.0
2017-06-14,31.18,31.49,31.0989,31.45,635353,0.0
2017-06-15,31.43,31.495,31.14,31.24,917774,0.0
2017-06-18,31.44,31.78,31.28,31.57,1215180,0.0
2017-06-19,31.53,31.53,31.08,31.18,887142,0.0
2017-06-20,31.08,31.3,30.85,30.98,1633853,0.0
2017-06-21,30.99,31.34,30.835,31.27,850084,0.0
2017-06-22,31.27,31.57,31.22,31.54,1033322,0.0
2017-06-25,31.54,31.585,31.4,31.46,844180,0.0
2017-06-26,31.46,31.59,31.26,31.29,889033,0.0
2017-06-27,31.44,31.72,31.12,31.51,802342,0.0
2017-06-28,31.52,31.64,31.04,31.41,887904,0.0
2017-06-29,31.52,31.98,31.52,31.8,1153543,0.0
2017-07-02,31.89,32.17,31.81,31.83,554485,0.0
2017-07-04,31.76,31.98,31.61,31.64,1516052,0.0
2017-07-05,31.41,31.43,30.31,30.42,1528084,0.0
2017-07-06,30.52,31.145,30.3,30.97,985890,0.0
2017-07-09,30.94,31.03,30.62,30.84,1054149,0.0
2017-07-10,30.9,31.14,30.6477,31.09,947108,0.0
2017-07-11,31.25,31.5,31.05,31.21,907401,0.0
2017-07-12,31.15,31.25,30.76,31.18,562317,0.0
2017-07-13,31.23,31.25,31.04,31.1,921182,0.0
2017-07-16,31.07,31.2482,30.95,31.11,855574,0.0
2017-07-17,31,31.16,30.89,31.12,1055030,0.0
2017-07-18,30.94,31.4499,30.94,31.41,739745,0.0
2017-07-19,31.5,31.67,31.38,31.52,408615,0.0
2017-07-20,31.72,31.8,31.41,31.55,622441,0.0
2017-07-23,31.55,31.88,31.49,31.81,943359,0.0
2017-07-24,31.84,32.07,31.68,31.89,931155,0.0
2017-07-25,31.95,31.96,31.66,31.71,471002,0.0
2017-07-26,31.68,31.94,31.61,31.88,457342,0.0
2017-07-27,31.81,31.97,31.68,31.94,418916,0.0
2017-07-30,31.99,32.01,31.47,31.47,457432,0.0
2017-07-31,31.6,31.7,31.43,31.65,522026,0.0
2017-08-01,31.57,31.64,31.14,31.23,630063,0.0
2017-08-02,31.19,31.4,30.95,31.005,854576,0.0
2017-08-03,31.07,31.35,30.71,31.29,2047756,0.0
2017-08-06,31.34,31.36,31.01,31.07,984160,0.0
2017-08-07,31.13,31.18,30.67,30.7,497090,0.0
2017-08-08,30.62,31.48,30.46,31.47,1106643,0.0
2017-08-09,31.34,31.53,31.08,31.18,734349,0.0
2017-08-10,31.19,31.25,30.87,31.07,1018058,0.0
2017-08-13,31.26,31.83,31.2,31.8,717858,0.0
2017-08-14,31.82,32.13,31.68,32.07,703348,0.0
2017-08-15,32.09,32.35,31.9801,32.23,810156,0.0
2017-08-16,32.14,32.43,32.01,32.01,870172,0.0
2017-08-17,31.95,32.1,31.64,31.885,517144,0.0
2017-08-20,31.88,31.935,31.54,31.9,794855,0.0
2017-08-21,31.84,32.16,31.71,32.13,811088,0.0
2017-08-22,32.02,32.11,31.765,31.8,421681,0.0
2017-08-23,31.94,32.07,31.71,31.78,1317853,0.0
2017-08-24,31.97,32.07,31.63,31.71,1251853,0.0
2017-08-27,31.86,31.97,31.37,31.38,1228422,0.0
2017-08-28,31.33,31.68,31.14,31.45,942509,0.0
2017-08-29,31.52,32.08,31.5,31.85,1305633,0.0
2017-08-30,31.99,32.78,31.9,32.69,1366488,0.0
2017-08-31,32.83,33.1,32.6,32.63,796281,0.0
2017-09-04,32.62,32.81,32.29,32.5,945784,0.0
2017-09-05,32.53,32.68,32.39,32.4,858228,0.0
2017-09-06,32.39,32.4099,32.09,32.13,631606,0.0
2017-09-07,32.11,32.37,31.81,32.35,1302063,0.0
2017-09-10,32.71,32.8,32.41,32.585,866155,0.0
2017-09-11,32.71,32.76,31.89,32.38,1055151,0.0
2017-09-12,32.26,33.01,32.14,32.8,1179478,0.0
2017-09-13,32.82,32.82,32.39,32.455,570545,0.0
2017-09-14,32.39,32.67,32.39,32.53,1057214,0.0
2017-09-17,32.63,33.08,32.62,32.87,1006048,0.0
2017-09-18,32.84,32.979,32.27,32.54,1669914,0.0
2017-09-19,34.69,34.85,33.3,33.85,3126737,0.0
2017-09-20,33.93,34.21,33.68,33.8,883578,0.0
2017-09-21,33.79,34.03,33.72,33.75,612378,0.0
2017-09-24,33.73,34.08,33.705,34.04,847615,0.0
2017-09-25,34.08,34.35,33.97,34.24,957220,0.0
2017-09-26,34.29,34.725,34.22,34.61,758318,0.0
2017-09-27,34.57,34.61,34.22,34.28,1077993,0.0
2017-09-28,34.3,34.62,34.235,34.38,939859,0.0
2017-10-01,34.49,34.7802,34.39,34.55,487623,0.0
2017-10-02,34.55,34.82,34.55,34.65,886489,0.0
2017-10-03,34.71,34.79,34.53,34.79,800098,0.0
2017-10-04,34.75,35.29,34.606,35.18,1074433,0.0
2017-10-05,35.06,35.27,35.06,35.25,392582,0.0
2017-10-08,35.37,35.525,35.25,35.39,500589,0.0
2017-10-09,35.57,35.66,35.43,35.57,518175,0.0
2017-10-10,35.65,35.87,35.62,35.85,732311,0.0
2017-10-11,35.86,36.24,35.75,36.115,584894,0.0
2017-10-12,36.17,36.43,36.14,36.31,916555,0.0
2017-10-15,36.39,36.52,36.07,36.26,504130,0.0
2017-10-16,36.15,36.51,36.14,36.4,493254,0.0
2017-10-17,36.5,36.65,36.34,36.44,684550,0.0
2017-10-18,36.31,36.47,36.2,36.425,525861,0.0
2017-10-19,36.59,36.64,36.25,36.485,592507,0.0
2017-10-22,36.53,36.6,36.07,36.16,653404,0.0
2017-10-23,36.14,36.33,36.11,36.16,384420,0.0
2017-10-24,36.11,36.23,35.7,35.76,601580,0.0
2017-10-25,35.84,36.11,35.72,35.91,1070965,0.0
2017-10-26,35.88,35.98,35.6,35.88,895355,0.0
2017-10-29,35.82,36.09,35.75,36.05,516758,0.0
2017-10-30,36.05,36.48,36.05,36.29,1045646,0.0
2017-10-31,36.41,36.76,35.82,35.84,884919,0.0
2017-11-01,35.84,36.635,35.78,36.5,655477,0.0
2017-11-02,36.5,36.61,36.35,36.4,564259,0.0
2017-11-05,36.27,36.34,36.07,36.21,614755,0.0
2017-11-06,36.18,36.25,35.64,35.76,712354,0.0
2017-11-07,35.59,36.02,35.53,35.9,813479,0.0
2017-11-08,35.72,35.76,35.4101,35.63,634355,0.0
2017-11-09,35.45,35.9,35.32,35.85,722335,0.0
2017-11-12,35.77,35.99,35.7,35.88,385904,0.0
2017-11-13,35.72,36,35.59,35.88,448019,0.0
2017-11-14,35.81,36.08,35.64,35.96,581990,0.0
2017-11-15,36.03,36.08,35.83,35.94,925877,0.0
2017-11-16,35.89,35.89,35.44,35.56,1009261,0.0
2017-11-19,35.57,36.53,35.56,36.3,1124440,0.0
2017-11-20,36.58,36.72,36.24,36.7,1388024,0.0
2017-11-21,38.63,41.38,38.63,41.01,3424677,0.0
2017-11-23,41.15,42.5,41.07,42.46,1059893,0.0
2017-11-26,42.65,42.7963,41.77,41.77,1585131,0.0
2017-11-27,41.8,41.97,41.46,41.79,1373064,0.0
2017-11-28,41.84,42.2536,41.33,42.13,1330407,0.0
2017-11-29,42.27,43.21,42.1,43.17,1225254,0.0
2017-11-30,43.13,43.39,41.68,43,1269767,0.0
2017-12-03,43.32,43.7,42.92,42.98,1097474,0.0
2017-12-04,43.08,43.72,42.61,43.53,1355064,0.0
2017-12-05,43.5,43.65,43.16,43.39,1384141,0.0
2017-12-06,43.43,43.97,43.34,43.88,822143,0.0
2017-12-07,43.89,44.185,43.54,43.96,686978,0.0
2017-12-10,44.08,44.0821,43.415,43.89,710200,0.0
2017-12-11,43.09,44.35,43,43.7,941094,0.0
2017-12-12,43.82,44.24,43.76,43.91,548901,0.0
2017-12-13,44.02,44.11,43.69,43.79,568892,0.0
2017-12-14,43.98,44.32,43.7,44.1,911271,0.0
2017-12-17,44.18,44.76,44.16,44.37,682655,0.0
2017-12-18,44.32,44.5,44.02,44.04,508075,0.0
2017-12-19,44.04,44.12,43.74,43.79,997395,0.0
2017-12-20,43.8,43.88,43.39,43.39,804948,0.0
2017-12-21,43.42,43.48,43.24,43.35,802669,0.0
2017-12-25,43.78,44.35,43.27,43.34,707065,0.0
2017-12-26,43.46,43.75,43.21,43.3,649775,0.0
2017-12-27,43.39,43.55,43.075,43.2,455465,0.0
2017-12-28,43.32,43.437,43.04,43.181,542340,0.0
2018-01-01,43.52,43.67,43.19,43.6,612414,0.0
2018-01-02,43.63,43.85,43.2,43.38,892929,0.0
2018-01-03,43.5,43.945,43.3,43.75,694354,0.0
2018-01-04,43.77,43.8779,43.03,43.53,707927,0.0
2018-01-07,43.59,43.86,43.28,43.54,911040,0.0
2018-01-08,43.63,43.7,43.1,43.47,833264,0.0
2018-01-09,43.45,43.59,43.2,43.505,778134,0.0
2018-01-10,43.57,44.5025,43.56,44.49,580238,0.0
2018-01-11,44.51,44.87,44.13,44.85,550141,0.0
2018-01-15,45.08,45.26,44.16,44.3,588188,0.0
2018-01-16,44.51,44.51,44.07,44.35,921272,0.0
2018-01-17,44.29,44.745,44.26,44.6,505951,0.0
2018-01-18,45,46.09,44.69,45.67,909241,0.0
2018-01-21,45.67,45.848,44.98,45.43,898548,0.0
2018-01-22,45.42,45.61,44.95,44.99,856328,0.0
2018-01-23,45.14,45.335,44.45,44.71,835565,0.0
2018-01-24,44.86,45.16,44.66,44.98,565352,0.0
2018-01-25,45.01,45.35,44.67,45.34,405340,0.0
2018-01-28,45.27,45.316,44.72,44.8,333437,0.0
2018-01-29,44.55,44.92,44.3,44.41,534414,0.0
2018-01-30,44.58,44.77,43.79,44.07,645407,0.0
2018-01-31,43.99,44.18,43.47,43.61,606835,0.0
2018-02-01,43.35,43.65,43.199,43.44,746397,0.0
2018-02-04,43.02,43.43,41.631,41.7,852729,0.0
2018-02-05,40.65,41.85,39.21,41.76,1276939,0.0
2018-02-06,41.6,42.17,41.52,41.74,499243,0.0
2018-02-07,41.73,42.36,40.74,40.74,855294,0.0
2018-02-08,40.99,41.815,40.29,41.53,1110442,0.0
2018-02-11,42.35,43.26,42.02,42.84,938514,0.0
2018-02-12,42.54,43.32,42.09,43.2,1279604,0.0
2018-02-13,43.07,44.91,42.9425,44.9,1251689,0.0
2018-02-14,44.92,45.93,44.1,45.76,1786314,0.0
2018-02-15,45.6,46.62,45.3,46.46,1507794,0.0
2018-02-19,46.33,47.11,46.1111,46.85,3199900,0.0
2018-02-20,47.04,47.6532,46.05,46.12,1742507,0.0
2018-02-21,46.24,46.55,45.89,46.2,878048,0.0
2018-02-22,46.43,46.82,45.93,46.79,1183469,0.0
2018-02-25,49.46,50.71,46.74,46.915,2552224,0.0
2018-02-26,47.34,48.68,47.06,47.69,1787919,0.0
2018-02-27,47.94,47.98,46.72,46.81,2037320,0.0
2018-02-28,46.82,47.1,45.51,45.95,1077482,0.0
2018-03-01,45.63,46.25,45.45,46.17,922657,0.0
2018-03-04,45.95,47.51,45.77,47.51,1147032,0.0
2018-03-05,47.55,49.06,47.38,49.04,2837169,0.0
2018-03-06,48.5,49.575,48.47,49.53,1724818,0.0
2018-03-07,49.67,49.75,48.51,49.1,1065098,0.0
2018-03-08,49.47,50.21,49.18,50.12,1110255,0.0
2018-03-11,50.22,51.2,50.16,51.11,1547693,0.0
2018-03-12,51.16,51.51,50.51,50.78,1435989,0.0
2018-03-13,50.83,51.315,50.39,50.71,831512,0.0
2018-03-14,50.71,50.71,50.14,50.31,631435,0.0
2018-03-15,50.2,51.3,50.2,51.03,1196051,0.0
2018-03-18,50.93,51.14,50.03,50.45,1006946,0.0
2018-03-19,50.46,51.3,50.07,51.25,673079,0.0
2018-03-20,51.19,51.6786,51.08,51.26,688450,0.0
2018-03-21,50.89,51.21,49.85,49.87,569523,0.0
2018-03-22,50.36,50.95,49.501,49.74,809152,0.0
2018-03-25,50.7,50.96,49.978,50.93,775596,0.0
2018-03-26,50.98,51.7744,49.73,49.99,1290036,0.0
2018-03-27,50.04,50.47,49.37,49.82,1371930,0.0
2018-03-28,49.96,51.35,49.86,50.93,892529,0.0
2018-04-01,50.93,51.13,49.32,49.81,707491,0.0
2018-04-02,50.14,50.57,49.7067,50.32,1079849,0.0
2018-04-03,49.68,50.83,49.22,50.65,832941,0.0
2018-04-04,51,51.425,50.46,50.75,874713,0.0
2018-04-05,50.38,50.79,49.12,49.66,889048,0.0
2018-04-08,50.1,50.61,49.88,49.9,865935,0.0
2018-04-09,50.36,50.96,50.18,50.595,561425,0.0
2018-04-10,50.23,50.78,50.21,50.42,470195,0.0
2018-04-11,50.45,51.15,50.44,50.85,696766,0.0
2018-04-12,51.09,51.475,50.2,50.43,686953,0.0
2018-04-15,50.83,50.84,50.305,50.32,1869892,0.0
2018-04-16,51.18,51.93,50.96,51.31,1018032,0.0
2018-04-17,51.37,52.305,51.37,51.83,1007256,0.0
2018-04-18,51.89,52.42,51.83,51.86,1109603,0.0
2018-04-19,51.97,52.19,51.35,51.505,662840,0.0
2018-04-22,51.8,52.43,50.9,51.94,976421,0.0
2018-04-23,52.23,52.73,50.8416,51.17,937698,0.0
2018-04-24,51.07,51.57,50.48,51.35,823837,0.0
2018-04-25,51.42,51.82,51.38,51.43,881522,0.0
2018-04-26,51.56,51.82,51.215,51.63,609123,0.0
2018-04-29,51.65,52.03,51.06,51.08,665300,0.0
2018-04-30,51.34,51.765,50.87,51.66,743556,0.0
2018-05-01,51.71,52.36,51.4945,51.78,786265,0.0
2018-05-02,51.48,52.34,51.39,52.285,900440,0.0
2018-05-03,52.07,53.14,51.93,52.81,890544,0.0
2018-05-06,53.05,53.429,52.01,52.44,1241145,0.0
2018-05-07,52.48,53.24,52.44,53.2,809138,0.0
2018-05-08,53.29,53.8931,52.95,53.8,1011417,0.0
2018-05-09,53.91,54.62,53.85,54.27,1172905,0.0
2018-05-10,54.5,55.31,54.22,55.255,1022337,0.0
2018-05-13,55.35,55.63,55.07,55.585,1285132,0.0
2018-05-14,55.06,55.45,54.69,55.4,1435839,0.0
2018-05-15,55.29,56.25,55.12,56.13,772297,0.0
2018-05-16,55.93,56.78,55.658,56.3,1051156,0.0
2018-05-17,55.57,55.99,54.035,54.07,1720319,0.0
2018-05-20,54.54,55.08,53.76,53.98,1637881,0.0
2018-05-21,54.34,54.42,52.94,53,2270953,0.0
2018-05-22,52.97,53.2,52.56,52.96,2197157,0.0
2018-05-23,52.67,54.51,52.15,52.7,2247253,0.0
2018-05-24,53,54.375,52.85,54.26,1822916,0.0
2018-05-28,54.16,55.55,54.12,55.43,2275912,0.0
2018-05-29,55.57,56.49,55.39,56.14,1822351,0.0
2018-05-30,56.31,56.55,54.63,54.83,2393181,0.0
2018-05-31,55.18,56.07,54.9,55.57,1179010,0.0
2018-06-03,55.63,56.15,55.47,56.11,1761098,0.0
2018-06-04,55.95,57.33,55.95,57.3,1740741,0.0
2018-06-05,57.14,57.41,56.6324,57.15,1190753,0.0
2018-06-06,57.42,57.42,56.43,57.07,928838,0.0
2018-06-07,56.98,57.73,56.91,57.64,813263,0.0
2018-06-10,57.83,58,57.29,57.56,1107341,0.0
2018-06-11,57.58,57.8,57.34,57.61,813904,0.0
2018-06-12,57.8,58.24,57.57,57.7,656752,0.0
2018-06-13,57.72,58.19,57.325,58.09,1019537,0.0
2018-06-14,57.98,58.32,57.33,58.21,1684235,0.0
2018-06-17,57.92,58.96,57.77,58.82,967441,0.0
2018-06-18,58.27,59.54,58.19,59.43,1219981,0.0
2018-06-19,59.64,60.4,59.05,60.21,1124807,0.0
2018-06-20,60.19,60.43,59.24,59.57,864015,0.0
2018-06-21,60.23,60.295,59.7374,59.9,1018700,0.0
2018-06-24,60,60.01,57.79,58.3,1143894,0.0
2018-06-25,57.45,57.75,55.78,56.29,3150213,0.0
2018-06-26,56.56,56.56,55.13,55.18,1967721,0.0
2018-06-27,55.24,56.08,54.63,56.01,1788297,0.0
2018-06-28,56.08,57.04,55.78,55.99,4702274,0.0
2018-07-01,56.57,56.88,55.7,56.85,1902910,0.0
2018-07-02,57.45,57.8,56.84,57.34,1095292,0.0
2018-07-04,57.39,57.7873,56.14,57.16,1278972,0.0
2018-07-05,57.3,58.255,57.03,58.01,1301431,0.0
2018-07-08,58.11,58.82,58.09,58.76,1313838,0.0
2018-07-09,59.02,59.5,58.37,58.71,988201,0.0
2018-07-10,57.14,58.61,56.931,58.315,1217962,0.0
2018-07-11,58.75,59.15,58.505,58.88,1430895,0.0
2018-07-12,58.76,59.52,58.76,59.31,780738,0.0
2018-07-15,59.31,59.66,58.32,58.44,1647337,0.0
2018-07-16,58.09,59.29,57.85,59.16,1232327,0.0
2018-07-17,59.16,59.39,58.49,59.32,1037164,0.0
2018-07-18,59.05,59.46,58.98,59.13,626045,0.0
2018-07-19,59.01,59.36,58.96,58.96,717354,0.0
2018-07-22,59,59.03,58.07,58.26,1495223,0.0
2018-07-23,58.64,58.72,57.06,57.37,1886570,0.0
2018-07-24,57.39,58.4,56.775,58.32,956597,0.0
2018-07-25,57.97,58.71,57.7301,58.11,876316,0.0
2018-07-26,58.23,58.45,56.68,56.94,574546,0.0
2018-07-29,56.86,56.915,55.86,56.2,712324,0.0
2018-07-30,56.4,57.61,56.31,57.39,1157852,0.0
2018-07-31,55.96,57.8,55.88,57.57,702874,0.0
2018-08-01,57.61,57.95,57.34,57.8,803614,0.0
2018-08-02,57.71,57.83,56.72,57.42,547012,0.0
2018-08-05,57.57,58.58,57.36,58.5,606739,0.0
2018-08-06,58.51,59.365,58.47,59.15,762670,0.0
2018-08-07,59.1,59.68,59.04,59.36,551792,0.0
2018-08-08,59.41,60.32,59.41,60,494377,0.0
2018-08-09,59.7,60.72,59.65,60.23,546211,0.0
2018-08-12,60.35,60.62,59.26,59.31,1126092,0.0
2018-08-13,59.41,59.84,59.1,59.49,942392,0.0
2018-08-14,59.21,60.14,58.8,60.07,720784,0.0
2018-08-15,60.27,60.93,60.05,60.82,598485,0.0
2018-08-16,60.87,61.1,60.18,60.98,547397,0.0
2018-08-19,61.15,62.22,60.99,61.66,794995,0.0
2018-08-20,62.01,62.76,61.71,62.48,708000,0.0
2018-08-21,62.38,63.2499,62.26,63,430376,0.0
2018-08-22,62.94,63.29,62.77,62.99,501507,0.0
2018-08-23,63.15,63.5,62.42,62.75,847942,0.0
2018-08-26,63.05,64.12,62.86,63.78,736475,0.0
2018-08-27,63.82,64.609,63.8,64.07,819241,0.0
2018-08-28,64.28,64.78,64.02,64.11,1368285,0.0
2018-08-29,64.11,64.76,64.06,64.39,871538,0.0
2018-08-30,64.26,64.54,64.12,64.31,621969,0.0
2018-09-03,64.71,65.06,64.36,64.89,1235053,0.0
2018-09-04,64.77,64.79,63.74,64.69,1061413,0.0
2018-09-05,64.66,65.5,64.48,65.1,864552,0.0
2018-09-06,65.15,65.77,65.0599,65.54,784551,0.0
2018-09-09,65.91,66.37,65.815,65.92,681284,0.0
2018-09-10,65.82,66.48,65.7316,66.44,1142490,0.0
2018-09-11,66.43,66.7,65.47,66.235,929967,0.0
2018-09-12,66.39,67.079,65.93,66.04,521828,0.0
2018-09-13,66.26,66.7719,64.65,64.82,1219206,0.0
2018-09-16,64.97,65.2,63.56,63.72,1122258,0.0
2018-09-17,63.69,64.26,63.68,64.18,1757468,0.0
2018-09-18,54.53,56.9,50.07,55.58,12744358,0.0
2018-09-19,56.44,58.21,55.7,56.13,4888266,0.0
2018-09-20,54.62,55.94,52.365,52.58,3768632,0.0
2018-09-23,52.25,52.81,50.95,51.41,2964468,0.0
2018-09-24,51.69,51.85,50.88,51.53,2359341,0.0
2018-09-25,51.68,51.9,50.64,51.65,2335242,0.0
2018-09-26,51.81,51.97,50.97,51.18,1470951,0.0
2018-09-27,51.29,51.68,51.18,51.53,1650893,0.0
2018-09-30,51.48,52.83,50.98,52.63,3354267,0.0
2018-10-01,52.36,52.55,50.95,51.24,4499660,0.0
2018-10-02,51.13,53.22,51.13,52.77,4325594,0.0
2018-10-03,52.4,52.75,51.23,51.74,4514038,0.0
2018-10-04,51.84,52.475,51.4,51.89,2801040,0.0
2018-10-07,51.76,52.31,50.66,51.26,1454736,0.0
2018-10-08,51.11,51.51,50.72,51.46,1700241,0.0
2018-10-09,51.23,51.49,49.88,49.97,2331289,0.0
2018-10-10,49.5,50.33,48.85,49.05,2132227,0.0
2018-10-11,49.74,50.51,49.46,50.39,1583165,0.0
2018-10-14,50.15,50.71,49.9,50.22,1298635,0.0
2018-10-15,50.63,51.17,50.18,51.1,1268035,0.0
2018-10-16,50.92,51.12,50.18,51,915343,0.0
2018-10-17,50.87,50.895,49.46,49.77,964572,0.0
2018-10-18,49.89,50.23,48.95,49.28,1302912,0.0
2018-10-21,49.34,50.66,49.34,50.47,1185925,0.0
2018-10-22,49.73,50.06,48.72,49.84,1196242,0.0
2018-10-23,49.89,50,46.28,46.34,3888059,0.0
2018-10-24,46.51,48.61,46.4,48.4,1773153,0.0
2018-10-25,47.53,48.17,46.6,47.27,1637833,0.0
2018-10-28,48.1,48.41,46.41,47.04,1178751,0.0
2018-10-29,47.11,48.55,46.91,48.49,844929,0.0
2018-10-30,49.03,49.45,48.48,48.9,996144,0.0
2018-10-31,49.1,50.24,48.8017,50.14,919462,0.0
2018-11-01,50.63,50.94,49.82,50.29,808808,0.0
2018-11-04,50.32,50.5,49.31,50.36,634066,0.0
2018-11-05,50.56,51.02,49.9,50.03,926644,0.0
2018-11-06,50.47,50.95,49.72,50.8,1252044,0.0
2018-11-07,50.68,50.95,50.14,50.45,676538,0.0
2018-11-08,50.19,50.6,49.56,50.28,1032188,0.0
2018-11-11,50.32,50.35,49.18,49.28,902568,0.0
2018-11-12,49.29,49.99,48.35,48.83,3865383,0.0
2018-11-13,49.15,50.4,49.13,49.83,1892449,0.0
2018-11-14,49.65,50.83,49.01,50.8,1385035,0.0
2018-11-15,50.42,51.23,50.27,51.01,1423211,0.0
2018-11-18,51,51,48.39,48.54,1548190,0.0
2018-11-19,47.82,48.38,46.85,47.3203,1765758,0.0
2018-11-20,50.02,50.58,48.21,50.1,2979010,0.0
2018-11-22,49.34,49.83,48.45,48.72,807710,0.0
2018-11-25,49.42,50.47,49.29,50.2,1335386,0.0
2018-11-26,49.78,50.21,49.425,50,1386620,0.0
2018-11-27,50.1,51.75,49.855,51.75,1274912,0.0
2018-11-28,51.65,52.0433,51.101,51.72,1151693,0.0
2018-11-29,51.73,52.19,50.98,51.17,1700756,0.0
2018-12-02,51.94,52.18,50.32,50.74,2688655,0.0
2018-12-03,50.74,51.07,49.04,49.28,1469920,0.0
2018-12-05,48.54,49.22,47.685,49.04,1449512,0.0
2018-12-06,48.81,49.61,46.94,47.29,1051291,0.0
2018-12-09,47.09,48.69,47.09,48.355,2366782,0.0
2018-12-10,48.99,49.22,48.38,48.56,1794182,0.0
2018-12-11,49.2,50.16,48.98,49.27,1124247,0.0
2018-12-12,49.32,49.73,48.94,49.39,1257954,0.0
2018-12-13,48.86,49.38,47.92,48.05,2023410,0.0
2018-12-16,47.99,48.53,46.8974,47.18,1795031,0.0
2018-12-17,47.54,47.73,46.2,46.96,2313312,0.0
2018-12-18,47.18,48.73,46.8,47.04,1801067,0.0
2018-12-19,46.66,47.57,46.49,46.86,3111191,0.0
2018-12-20,47.08,47.78,45.76,45.91,2529002,0.0
2018-12-23,45.68,46.44,44.61,44.92,1003687,0.0
2018-12-25,45.19,47.48,45.19,47.43,1389997,0.0
2018-12-26,46.77,48.01,46.15,47.75,2348422,0.0
2018-12-27,47.98,48.35,46.85,47.46,1172067,0.0
2018-12-30,47.82,48,47.23,47.66,1116084,0.0
2019-01-01,46.9,47.96,46.69,47.6,1127260,0.0
2019-01-02,47.21,47.76,46.65,46.96,1678971,0.0
2019-01-03,47.62,48.695,47.43,48.47,1397159,0.0
2019-01-06,48.79,49.31,48.11,48.91,1189927,0.0
2019-01-07,49.16,49.68,48.59,49.65,851455,0.0
2019-01-08,49.73,50.7101,49.7,50.28,1096629,0.0
2019-01-09,50.09,50.62,49.7491,50.61,585985,0.0
2019-01-10,50.27,50.84,49.65,50.675,707613,0.0
2019-01-13,50.3,50.68,49.87,49.945,583359,0.0
2019-01-14,50.03,50.2005,49.17,49.36,2020314,0.0
2019-01-15,49.21,49.55,49.08,49.33,1431318,0.0
2019-01-16,49.04,49.98,48.88,49.74,1740866,0.0
2019-01-17,50.25,50.45,49.88,49.96,811916,0.0
2019-01-21,49.84,50.37,49.33,49.5,612078,0.0
2019-01-22,49.85,49.91,48.8825,49.221,719216,0.0
2019-01-23,49.25,49.74,49.18,49.49,522494,0.0
2019-01-24,49.91,50.37,49.57,50.07,529566,0.0
2019-01-27,49.67,50.01,49.38,49.85,1021295,0.0
2019-01-28,49.85,49.94,49.33,49.595,615131,0.0
2019-01-29,49.9,50.32,49.47,50.159,739889,0.0
2019-01-30,50.21,50.74,49.93,50.7,1148379,0.0
2019-01-31,50.52,50.99,50.12,50.97,642850,0.0
2019-02-03,50.98,51.65,50.8106,51.5,532316,0.0
2019-02-04,51.49,51.93,51.43,51.835,580788,0.0
2019-02-05,51.75,51.99,51.2043,51.96,588240,0.0
2019-02-06,51.5,51.85,51.03,51.245,478880,0.0
2019-02-07,51.1,51.66,51.02,51.64,454594,0.0
2019-02-10,51.94,52.27,51.33,52.15,718184,0.0
2019-02-11,52.53,53.32,52.25,53.25,808152,0.0
2019-02-12,53.38,53.7,53.08,53.42,779246,0.0
2019-02-13,53.08,54.115,53.08,53.965,929503,0.0
2019-02-14,54.29,54.29,53.62,54.02,1130089,0.0
2019-02-18,54,54.07,53.1,53.32,1050409,0.0
2019-02-19,53.44,53.48,51.99,53.48,1732059,0.0
2019-02-20,53.89,57.07,53.75,56.53,4187997,0.0
2019-02-21,56.42,58.7,56.15,58.29,3459006,0.0
2019-02-24,58.44,59.32,58.29,59.21,2410366,0.0
2019-02-25,59.39,59.81,58.84,58.92,1881331,0.0
2019-02-26,58.8,58.94,58.09,58.49,757820,0.0
2019-02-27,58.52,59.49,58.13,58.68,1463722,0.0
2019-02-28,58.88,59.03,57.96,58.4,1162601,0.0
2019-03-03,59.27,59.27,57.5,58.11,1025688,0.0
2019-03-04,57.86,58.755,57.86,58.11,800996,0.0
2019-03-05,58.08,58.3,57.65,57.76,882357,0.0
2019-03-06,57.92,58.32,57.54,58.261,1803897,0.0
2019-03-07,57.86,58.26,57.72,58.25,1194670,0.0
2019-03-10,58.27,59.08,58.27,58.91,1178449,0.0
2019-03-11,58.88,59.39,58.59,59.18,675510,0.0
2019-03-12,59.44,60.34,59.2001,59.67,1433880,0.0
2019-03-13,59.68,59.68,59.01,59.22,723841,0.0
2019-03-14,59.15,59.75,58.95,59.04,1155397,0.0
2019-03-17,59.11,59.5,58.62,59.1,901751,0.0
2019-03-18,58.99,59.38,58.67,58.87,776047,0.0
2019-03-19,58.94,59.82,58.76,59.16,749349,0.0
2019-03-20,58.92,60.18,58.7,59.76,1054885,0.0
2019-03-21,59.63,59.91,58.77,59.25,909867,0.0
2019-03-24,59.28,59.8,58.86,59.53,725792,0.0
2019-03-25,59.56,60.29,59.191,60.27,953979,0.0
2019-03-26,60.14,60.41,59.37,59.71,724818,0.0
2019-03-27,59.73,60.245,59.71,59.86,891411,0.0
2019-03-28,60.25,60.65,60.08,60.59,997640,0.0
2019-03-31,60.96,62.31,60.96,62.18,524171,0.0
2019-04-01,62.22,63.42,62.22,63.16,1430335,0.0
2019-04-02,63.41,64.08,63.15,63.73,976004,0.0
2019-04-03,63.76,63.88,62.94,62.99,989714,0.0
2019-04-04,63.07,63.97,62.66,63.95,1129551,0.0
2019-04-07,63.92,64.67,63.875,64.64,1440302,0.0
2019-04-08,64.49,64.64,64.06,64.25,1251894,0.0
2019-04-09,64.5,65.56,64.06,64.28,2543881,0.0
2019-04-10,64.39,64.93,64.22,64.88,437349,0.0
2019-04-11,65.14,65.4,64.83,65.365,422952,0.0
2019-04-14,65.46,65.5442,64.96,65.21,578320,0.0
2019-04-15,65.69,65.95,65.13,65.18,1937978,0.0
2019-04-16,65.55,65.65,64.8,64.81,1051900,0.0
2019-04-17,64.81,65.49,64.44,65.06,950254,0.0
2019-04-21,64.84,65.63,64.5666,65,694606,0.0
2019-04-22,65.13,65.99,64.96,65.85,658794,0.0
2019-04-23,65.94,66.703,65.75,66.52,726391,0.0
2019-04-24,66.24,66.47,65.53,65.74,718450,0.0
2019-04-25,65.98,66.86,65.4308,66.86,824955,0.0
2019-04-28,66.88,67.3,66.37,67.1,628312,0.0
2019-04-29,67.16,67.54,67.035,67.31,1023385,0.0
2019-04-30,67.27,67.49,65.99,66.02,976970,0.0
2019-05-01,66.05,66.8,65.8,66.72,894878,0.0
2019-05-02,66.96,67.2299,66.75,67.1,710818,0.0
2019-05-05,66.13,67.075,65.43,67.02,665921,0.0
2019-05-06,66.48,66.775,65.475,66.01,820287,0.0
2019-05-07,65.8,66.59,65.8,66.21,1162768,0.0
2019-05-08,65.77,66.55,65.15,66.34,990099,0.0
2019-05-09,66.12,67.02,65.05,66.88,797868,0.0
2019-05-12,65.72,66.27,65.02,65.25,732095,0.0
2019-05-13,65.35,66.3,65.35,65.8,560140,0.0
2019-05-14,65.53,66.46,65.4,66.32,579786,0.0
2019-05-15,66.47,67.41,66.47,67.08,768180,0.0
2019-05-16,65.88,66.1,65.38,65.59,988357,0.0
2019-05-19,65.12,66.13,65,65.35,1284734,0.0
2019-05-20,65.75,66.49,65.66,65.94,1382778,0.0
2019-05-21,66.22,66.3,64.7,64.8,2157728,0.0
2019-05-22,67.65,70.47,67.65,69.93,3607147,0.0
2019-05-23,70.62,72.51,70.49,71.02,1911986,0.0
2019-05-27,71.53,72.595,71.4616,71.71,1462736,0.0
2019-05-28,71.18,71.315,70.355,70.47,1204501,0.0
2019-05-29,70.52,71.89,70.02,71.54,1088150,0.0
2019-05-30,70.89,71.81,70.73,71.47,1002795,0.0
2019-06-03,71.84,72.57,71.45,72.37,1063044,0.0
2019-06-04,73.1,73.52,72.79,73.06,1074374,0.0
2019-06-05,73.42,73.81,72.75,73.76,767389,0.0
2019-06-06,74.15,75.22,74.04,74.64,1073585,0.0
2019-06-09,74.96,75.5,74.71,74.83,680483,0.0
2019-06-10,75.02,75.245,73.3,73.69,1077966,0.0
2019-06-11,73.89,74.92,73.48,74.8,970646,0.0
2019-06-12,74.93,74.99,74.24,74.76,2403251,0.0
2019-06-13,74.78,74.95,73.71,73.8,2515109,0.0
2019-06-16,74.06,74.45,73.17,73.21,1013801,0.0
2019-06-17,73.61,74.22,73.17,73.37,1329748,0.0
2019-06-18,73.34,74.11,72.76,74.07,923048,0.0
2019-06-19,74.87,75,74.135,74.74,1454657,0.0
2019-06-20,74.41,75.23,73.16,73.9,1618741,0.0
2019-06-23,74.21,74.42,73.73,73.74,1065816,0.0
2019-06-24,73.86,74.09,73.2,73.38,1541843,0.0
2019-06-25,73.66,73.97,73.03,73.39,904749,0.0
2019-06-26,73.39,73.8,73,73.36,595460,0.0
2019-06-27,73.42,75.09,72.875,74.74,1342315,0.0
2019-06-30,75.51,75.9,74.59,74.97,1291017,0.0
2019-07-01,74.97,75.37,74.34,74.78,1174743,0.0
2019-07-02,75.07,75.21,74.72,74.96,430491,0.0
2019-07-04,74.69,74.76,74.12,74.61,566659,0.0
2019-07-07,74.47,74.47,73.57,74.12,838655,0.0
2019-07-08,74,75.31,73.92,75.25,670689,0.0
2019-07-09,75.6,76.34,75.28,75.79,706318,0.0
2019-07-10,75.96,76.92,75.6,76.78,730322,0.0
2019-07-11,76.96,77.59,76.7,77.321,625504,0.0
2019-07-14,77.34,77.66,76.91,77.47,626683,0.0
2019-07-15,77.36,77.885,77.3,77.46,528455,0.0
2019-07-16,77.47,78.13,77,77.04,737872,0.0
2019-07-17,77.21,78.21,77.09,77.805,713373,0.0
2019-07-18,78.18,78.7368,77.45,77.49,999061,0.0
2019-07-21,77.52,78.72,77.5,78.23,658382,0.0
2019-07-22,78.74,79.57,78.41,79.24,829079,0.0
2019-07-23,78.86,79.51,78.55,79.31,767217,0.0
2019-07-24,79.25,79.58,78.85,79.13,941998,0.0
2019-07-25,79.25,79.74,78.91,79.41,984423,0.0
2019-07-28,79.51,79.66,77.765,78.28,1333570,0.0
2019-07-29,77.85,78.92,77.66,77.82,899458,0.0
2019-07-30,78,78.55,76.93,77.5,1396296,0.0
2019-07-31,77.28,78.48,76.45,76.71,1554875,0.0
2019-08-01,76.78,76.9906,75.16,76.14,1189101,0.0
2019-08-04,75.18,75.28,72.8968,73.36,1408782,0.0
2019-08-05,73.87,74.95,73.49,74.59,1484420,0.0
2019-08-06,73.87,75.16,73.4319,75.02,1040453,0.0
2019-08-07,75.19,75.96,73.765,75.65,1584339,0.0
2019-08-08,75.72,76.1,75.45,75.62,921398,0.0
2019-08-11,75.13,75.64,74.62,75.28,892377,0.0
2019-08-12,74.95,76.82,74.39,76.31,1101378,0.0
2019-08-13,75.4,75.55,74.2271,74.3,688091,0.0
2019-08-14,74.64,74.81,74.14,74.55,880649,0.0
2019-08-15,75.2,75.88,74.8,75.46,747188,0.0
2019-08-18,76.39,76.61,75.8391,76.17,604329,0.0
2019-08-19,76.1,76.205,75.19,75.79,522704,0.0
2019-08-20,76.28,77.47,76.18,76.86,615286,0.0
2019-08-21,76.77,77.05,75.96,76.23,651920,0.0
2019-08-22,75.98,76.14,73.4401,73.71,852961,0.0
2019-08-25,73.99,74.13,73.32,73.775,1170670,0.0
2019-08-26,74.47,74.89,74.12,74.62,865651,0.0
2019-08-27,74.51,75.07,73.2,75,1030874,0.0
2019-08-28,75.55,76.21,75.55,75.72,809329,0.0
2019-08-29,76.36,76.49,75.085,75.37,957990,0.0
2019-09-02,75.22,75.48,73.98,74.76,2034444,0.0
2019-09-03,75.13,76.24,75.12,75.66,1129403,0.0
2019-09-04,76.5,81.43,73.62,80.61,3434749,0.0
2019-09-05,80.7,82.32,80.45,81.38,1857735,0.0
2019-09-08,82.01,83.55,81.66,82.33,1575777,0.0
2019-09-09,82.03,82.03,80.2379,80.95,1343280,0.0
2019-09-10,80.98,81.47,80.32,80.745,1202933,0.0
2019-09-11,81.56,81.98,80.38,80.88,1431656,0.0
2019-09-12,81.41,82.01,80.75,81.8,1589526,0.0
2019-09-15,81.58,82.23,81.45,82.16,1385729,0.0
2019-09-16,82.57,83.7,82.57,83.43,1047529,0.0
2019-09-17,83.44,83.65,81.81,82.58,772807,0.0
2019-09-18,82.76,83.1531,81.99,82.22,875460,0.0
2019-09-19,82.13,83.3,82,82.56,1466805,0.0
2019-09-22,82.58,83.275,81.51,81.8,1516914,0.0
2019-09-23,82.18,82.37,81.47,81.7,1852459,0.0
2019-09-24,81.61,82.02,80.49,81.05,887745,0.0
2019-09-25,81.16,81.38,80.21,80.94,887654,0.0
2019-09-26,80.97,81.07,79.3,79.71,807681,0.0
2019-09-29,79.71,80.47,79.58,80.31,797525,0.0
2019-09-30,80.33,81.06,79.5,79.51,1819596,0.0
2019-10-01,79.34,79.34,76.8399,77.39,1665211,0.0
2019-10-02,77.29,79.26,76.35,79.24,3816231,0.0
2019-10-03,79.77,80.75,79.47,79.98,2677856,0.0
2019-10-06,79.56,80.215,79.42,79.75,1300092,0.0
2019-10-07,79.34,80.84,78.91,80.15,2059101,0.0
2019-10-08,80.65,80.77,78.07,80.465,3109264,0.0
2019-10-09,80.64,81.74,80.4,81.05,1620405,0.0
2019-10-10,81.85,82.81,81.35,81.39,1489426,0.0
2019-10-13,81.39,82.06,81.32,81.69,1175149,0.0
2019-10-14,81.95,82.48,81.505,81.745,1585242,0.0
2019-10-15,81.72,81.72,80.66,81.37,1624066,0.0
2019-10-16,81.92,82.03,80.915,81.01,1836178,0.0
2019-10-17,81.44,82.43,80.99,82.31,4069399,0.0
2019-10-20,83.04,84.33,82.715,83.64,4009407,0.0
2019-10-21,84.65,85.9,83.06,83.13,1265740,0.0
2019-10-22,82.79,83.21,82.14,83.035,894169,0.0
2019-10-23,83.49,84.72,83.21,84.62,1500596,0.0
2019-10-24,84.7,85.1,83.76,83.94,1169166,0.0
2019-10-27,84.24,84.64,83.91,84,681108,0.0
2019-10-28,83.75,85.31,83.61,84.68,686860,0.0
2019-10-29,84.68,84.68,83.89,84.01,777414,0.0
2019-10-30,83.85,84.4,82.42,82.64,1037537,0.0
2019-10-31,83.26,83.9,82.42,82.91,1321408,0.0
2019-11-03,83.43,84.19,81.985,82.125,1198516,0.0
2019-11-04,82.14,82.68,81.56,82.25,682913,0.0
2019-11-05,82.48,82.48,80.71,81.85,992116,0.0
2019-11-06,81.95,82.24,81.3,81.65,795296,0.0
2019-11-07,81.6,82.14,81.32,81.45,689259,0.0
2019-11-10,81.21,83,81.1,82.99,1001359,0.0
2019-11-11,83.01,83.37,82.1,82.31,1160911,0.0
2019-11-12,81.9,83.9,81.66,83.59,1198779,0.0
2019-11-13,83.43,85.86,83.43,85.82,992430,0.0
2019-11-14,86.5,86.55,85.52,85.99,1196830,0.0
2019-11-17,86.08,86.73,85.7156,86,1358312,0.0
2019-11-18,86.24,86.79,85.85,86.39,1617493,0.0
2019-11-19,85.95,86.555,83.5441,84.86,3008349,0.0
2019-11-20,89.74,91.73,86.87,87.85,4740197,0.0
2019-11-21,87.69,89.36,86.1,89.29,2344483,0.0
2019-11-24,90.02,92.41,89.58,89.94,2654211,0.0
2019-11-25,89.95,90.95,89.76,90.75,1666484,0.0
2019-11-26,91.15,91.22,89.76,90.19,1325899,0.0
2019-11-28,90.05,90.105,88.845,89,806187,0.0
2019-12-01,88.68,88.87,87.51,87.95,1642803,0.0
2019-12-02,87.55,87.89,86.61,87.32,997188,0.0
2019-12-03,87.81,88.97,86.92,87.08,1781587,0.0
2019-12-04,87.05,88.36,86.66,88.25,1648762,0.0
2019-12-05,88.97,89.51,88.34,88.57,781483,0.0
2019-12-08,88.53,88.66,87.26,88.19,1628941,0.0
2019-12-09,88.09,88.71,87.86,88.38,1045607,0.0
2019-12-10,88.59,88.8,88.02,88.27,1043797,0.0
2019-12-11,88.26,89.29,87.8661,88.45,931489,0.0
2019-12-12,88.25,88.98,87.93,88.63,899996,0.0
2019-12-15,89.62,90.49,89.5312,90.19,1301377,0.0
2019-12-16,90.47,91.5935,89.63,90.4,1219438,0.0
2019-12-17,90.1,90.2946,89.25,89.9,1222026,0.0
2019-12-18,89.6,89.94,88.9,89.39,1291851,0.0
2019-12-19,89.39,90.82,89.1,90.75,2268734,0.0
2019-12-22,90.72,91.1912,89.53,89.86,938246,0.0
2019-12-23,90.05,91.1,89.75,90.94,466562,0.0
2019-12-25,90.88,91.03,90.41,91.01,546672,0.0
2019-12-26,91.24,91.44,90.4819,90.84,741513,0.0
2019-12-29,91.01,91.285,89.5,90.85,843541,0.0
2019-12-30,90.74,91.34,90.31,90.92,777955,0.0
2020-01-01,91.4,93.57,91.36,93.48,2307663,0.0
2020-01-02,92.62,92.78,91.12,92.62,985114,0.0
2020-01-05,92.26,93.63,92.01,93.5,1362553,0.0
2020-01-06,93.35,93.56,92.545,93.37,1030684,0.0
2020-01-07,93.41,94.48,93.2,94.01,865660,0.0
2020-01-08,94.58,95.89,94.58,95.28,1087547,0.0
2020-01-09,95.48,95.69,94.51,95.29,1157644,0.0
2020-01-12,96.23,96.3,95.06,96.26,1055530,0.0
2020-01-13,96.36,97.04,96.05,96.34,1088582,0.0
2020-01-14,96.12,97.16,95.96,96.68,1021633,0.0
2020-01-15,97.3,97.36,96.51,97.21,748985,0.0
2020-01-16,97.3,97.3,95.11,97.12,2216565,0.0
2020-01-20,96.89,99.0354,96.81,98.6,2210340,0.0
2020-01-21,99.13,100.35,99.02,99.69,2451504,0.0
2020-01-22,99.21,99.99,99.06,99.91,1230048,0.0
2020-01-23,100.35,101.11,99.7,100.28,1402678,0.0
2020-01-26,97.14,100.01,97.14,99.51,829435,0.0
2020-01-27,100.11,101.24,98.57,100.71,1055120,0.0
2020-01-28,100.8388,101.41,100.14,100.76,667207,0.0
2020-01-29,100.34,102.43,100.14,102.37,788487,0.0
2020-01-30,102.21,103.9995,101.04,101.45,1045677,0.0
2020-02-02,102.2,103.31,100.61,100.8,1104970,0.0
2020-02-03,101.87,103.17,101.34,102.65,855039,0.0
2020-02-04,103.92,103.95,101.96,102.16,789150,0.0
2020-02-05,102.22,103.01,101.56,102.98,722527,0.0
2020-02-06,103.16,103.65,102.185,102.58,727445,0.0
2020-02-09,102.56,103.86,102.34,102.53,1197511,0.0
2020-02-10,103.11,103.25,101.91,102.31,805691,0.0
2020-02-11,102.43,103.14,100.81,102.495,947812,0.0
2020-02-12,102.7,103.97,102.3,103.35,659399,0.0
2020-02-13,103.16,103.79,102.68,103.19,1511251,0.0
2020-02-17,103,104.36,102.3,102.42,1697886,0.0
2020-02-18,102.86,104.88,102.62,104.579,1451773,0.0
2020-02-19,97,100.48,90.69,97.29,6977474,0.0
2020-02-20,97.05,98.4,94.71,95.25,2846888,0.0
2020-02-23,92.8,94.59,91.76,92.77,2843805,0.0
2020-02-24,92.95,93.3949,88,88.94,2186193,0.0
2020-02-25,89.83,92.12,87.97,88.39,2025278,0.0
2020-02-26,86.82,88.2,84.53,84.59,2431826,0.0
2020-02-27,81,84.62,79.922,84.56,3321480,0.0
2020-03-01,84.12,86.89,82.13,86.69,2669996,0.0
2020-03-02,85.75,88.14,83.43,83.8,2653156,0.0
2020-03-03,84.89,87.04,83.63,86.95,1610410,0.0
2020-03-04,84.71,85.53,82.455,83.52,2578613,0.0
2020-03-05,79.89,82.065,78.6,80.19,2289559,0.0
2020-03-08,74.14,77.6797,73.54,75.85,3149935,0.0
2020-03-09,77.54,79.04,74.63,79.02,6453250,0.0
2020-03-10,76.83,77.8,74.07,75.73,4473990,0.0
2020-03-11,71.06,73.91,68.76,68.86,3355700,0.0
2020-03-12,72.21,73.94,68.49,73.84,3434394,0.0
2020-03-15,66,70.76,62.77,66.39,6818852,0.0
2020-03-16,67.59,70.23,64.32,69.51,2984553,0.0
2020-03-17,65.25,67.38,59.74,67.18,2951011,0.0
2020-03-18,66.53,72.17,63.36,69.98,6299336,0.0
2020-03-19,71.49,73.47,59.75,60.15,4063157,0.0
2020-03-22,60,60.13,55.69,58.73,3237177,0.0
2020-03-23,61.8,69.425,61.632,68.97,2395699,0.0
2020-03-24,68.37,74.93,66.73,71.6,6102411,0.0
2020-03-25,72.5,75.55,68.84,72.57,2397410,0.0
2020-03-26,70.12,71.95,69.9,70.22,3720754,0.0
2020-03-29,70.12,72.4,69.62,71.82,1301082,0.0
2020-03-30,70.705,71.37,68,68.55,3031832,0.0
2020-03-31,64.91,66.54,63.2001,64.78,2229506,0.0
2020-04-01,63.62,66.25,63,64.4,3508992,0.0
2020-04-02,64.12,64.12,61.51,61.8,2678262,0.0
2020-04-05,65.08,65.76,63.47,65.4,2200275,0.0
2020-04-06,67.84,72.25,66.705,69.9,2669131,0.0
2020-04-07,69.4,72.78,68.895,71.92,2733298,0.0
2020-04-08,74.07,77.11,73.46,75,1688455,0.0
2020-04-12,74.58,74.87,70.57,70.63,1769238,0.0
2020-04-13,72,72.53,70.74,71.14,4734471,0.0
2020-04-14,69.71,71.16,68.43,70.09,4436655,0.0
2020-04-15,70.18,70.69,68.35,69.1,7841531,0.0
2020-04-16,71.22,73.06,71.17,72.07,8099622,0.0
2020-04-19,70.48,70.98,68.0301,68.68,5427192,0.0
2020-04-20,67,67.59,65.6803,66.14,4691977,0.0
2020-04-21,67.41,68.44,66.43,68.14,3327155,0.0
2020-04-22,69.05,69.6,68.13,68.81,13961198,0.0
2020-04-23,69.77,74.24,68.8,73.84,7059309,0.0
2020-04-26,74.62,76.33,73.55,76.14,7095493,0.0
2020-04-27,77.47,81.09,77.425,80.67,5652765,0.0
2020-04-28,83.85,83.85,81.81,83,4141047,0.0
2020-04-29,81.91,82.6749,79.635,80.11,4362062,0.0
2020-04-30,78.57,80,77.94,78.55,1167916,0.0
2020-05-03,77.55,78.12,76.28,77.98,1571433,0.0
2020-05-04,78.71,80.635,78.33,79.63,2168798,0.0
2020-05-05,79.55,81.46,79.38,80.12,1514802,0.0
2020-05-06,81.53,82.36,81.02,81.55,2524532,0.0
2020-05-07,82.88,84.05,82.18,83.74,3037462,0.0
2020-05-10,83.46,83.91,82.18,82.8,2793072,0.0
2020-05-11,84.415,84.415,82.305,82.515,3299456,0.0
2020-05-12,81.69,82.48,79.165,79.67,1560772,0.0
2020-05-13,78.84,80.46,77.69,80.29,1712524,0.0
2020-05-14,79.62,80.49,78.91,79.54,3139178,0.0
2020-05-17,81.48,84.37,81.38,83.96,3705604,0.0
2020-05-18,84.21,86.21,83.88,83.93,1643752,0.0
2020-05-19,84.75,87.02,84.72,86.71,2038126,0.0
2020-05-20,86.51,89.74,85.6,86.29,4920186,0.0
2020-05-21,85.785,87.74,85.43,86.31,3200848,0.0
2020-05-25,89.08,89.64,87.88,88.26,1361396,0.0
2020-05-26,88.55,89.575,86.905,88.41,3269220,0.0
2020-05-27,88.92,90.75,88.05,89.1,1100086,0.0
2020-05-28,89.45,89.81,88.27,89.34,1616933,0.0
2020-05-31,89.34,90.42,88.435,89.67,2355848,0.0
2020-06-01,90.32,90.89,87.98,88.12,3643840,0.0
2020-06-02,88.86,90.46,88.28,89.97,3486370,0.0
2020-06-03,89.45,91.01,89.28,89.74,897809,0.0
2020-06-04,91.13,92.35,89,91.79,1676604,0.0
2020-06-07,91.66,92.65,89.89,90.24,3476956,0.0
2020-06-08,89.35,89.73,88.12,89.1,2442860,0.0
2020-06-09,89.25,89.84,88.24,89.405,1507297,0.0
2020-06-10,87.71,88.51,84.6,84.64,2788962,0.0
2020-06-11,86.38,87.08,84.4401,84.48,256755,0.0
2020-06-14,82.81,86.87,82.2,86.515,2079371,0.0
2020-06-15,88.76,90.1869,85.09,88.27,2838244,0.0
2020-06-16,88.71,89.1745,86.95,87.33,1392719,0.0
2020-06-17,86.66,87.96,86.23,86.45,1643627,0.0
2020-06-18,86.9,88.7018,84.13,84.53,1416552,0.0
2020-06-21,83.85,85.16,83.523,84.65,892423,0.0
2020-06-22,85.68,85.92,84.21,84.47,950688,0.0
2020-06-23,84.17,84.36,80.92,81.31,2101567,0.0
2020-06-24,80.71,81.55,78.8,81.51,1790547,0.0
2020-06-25,81.18,82.605,78.95,79.61,1743180,0.0
2020-06-28,79.64,82.03,78.55,81.93,1854906,0.0
2020-06-29,81.88,83.375,81.585,83.27,1243072,0.0
2020-06-30,83.48,85.025,83.37,84.56,1509340,0.0
2020-07-01,84.9,85.665,83.63,83.89,1202319,0.0
