Date,Open,High,Low,Close,Volume,OpenInterest
2016-07-11,223.79,224.72,221.7234,222.02,73100,0.0
2016-07-12,222.11,222.2199,219.37,220.94,142575,0.0
2016-07-13,222.85,222.85,220.17,220.485,116342,0.0
2016-07-14,220.3,220.5,217.93,218.77,98029,0.0
2016-07-17,218.64,220.0599,217.991,219.77,101066,0.0
2016-07-18,219.08,220.26,218.36,219.51,75524,0.0
2016-07-19,220.14,221.9,219.16,219.94,67413,0.0
2016-07-20,219.15,221.52,217.63,218.21,99119,0.0
2016-07-21,217.82,222.28,217.12,222.19,39489,0.0
2016-07-24,221.25,222.51,220.55,221.21,67256,0.0
2016-07-25,221.12,224.28,220.8,224.28,53730,0.0
2016-07-26,223.84,224.1,220.88,222.7,103177,0.0
2016-07-27,211,218,205.04,206.7401,393381,0.0
2016-07-28,207,208.93,204.4878,208.02,198661,0.0
2016-07-31,208.07,209.6,204.565,205.23,104735,0.0
2016-08-01,205.61,207.46,202.5,204.78,109503,0.0
2016-08-02,204.31,207.3,202.511,205.95,113844,0.0
2016-08-03,205.58,208.0499,204.66,205.1,83140,0.0
2016-08-04,205.85,207.1175,204.3709,205.68,72876,0.0
2016-08-07,206.14,207.26,205.06,207.21,58297,0.0
2016-08-08,207,208.13,205.95,207.53,71016,0.0
2016-08-09,206.91,208.8,206.1395,208.04,116269,0.0
2016-08-10,208.92,209,205.22,208.06,116327,0.0
2016-08-11,206.97,209.17,205.98,207.88,198743,0.0
2016-08-14,207.55,209.91,206.1,209.01,150637,0.0
2016-08-15,208.39,209.325,202.62,208.8,141845,0.0
2016-08-16,208.22,209.55,204.81,205.46,117464,0.0
2016-08-17,206.13,208,205.25,207.82,140452,0.0
2016-08-18,206.58,209.57,205.711,208.23,62811,0.0
2016-08-21,208.77,209.963,206.1,207.6,141691,0.0
2016-08-22,207.68,209.99,207,208.6,94452,0.0
2016-08-23,208.71,209.86,205.78,206.42,78102,0.0
2016-08-24,206.03,207.28,205.31,206.94,76625,0.0
2016-08-25,206.32,210.29,205.99,207.88,130190,0.0
2016-08-28,207.99,209.9899,206.99,207.21,125703,0.0
2016-08-29,207.18,208.39,203.93,205.11,128057,0.0
2016-08-30,205.61,207.82,203.9501,207.35,93362,0.0
2016-08-31,207.45,210.17,207.05,210.12,103361,0.0
2016-09-01,210.93,214.0129,210.29,213.23,96683,0.0
2016-09-05,212.82,215.87,211.99,214.19,95242,0.0
2016-09-06,213.85,216.19,212.56,216.19,108255,0.0
2016-09-07,215,217.685,214.34,216.58,125472,0.0
2016-09-08,214.78,215.76,205.57,205.72,175425,0.0
2016-09-11,204.56,211.53,204.56,211,138822,0.0
2016-09-12,208.92,211,204.64,206.83,147307,0.0
2016-09-13,206.77,208.97,204.98,207.0701,97856,0.0
2016-09-14,208.23,213.53,203.72,211.89,128199,0.0
2016-09-15,210.37,212.1,208.85,210.56,64696,0.0
2016-09-18,210.79,212.84,210.27,211.15,60767,0.0
2016-09-19,211.85,213.469,210.09,211.08,64518,0.0
2016-09-20,211.49,216.61,211.12,215.84,75511,0.0
2016-09-21,216.87,219.9575,216.14,218.65,62234,0.0
2016-09-22,218.32,219.4,216.96,218,161832,0.0
2016-09-25,216.25,217.91,214.78,215.27,121101,0.0
2016-09-26,215.64,220.12,215.64,219.7,88942,0.0
2016-09-27,220.99,222.98,216.11,222.3,207458,0.0
2016-09-28,222.24,224.36,215.83,216.065,90032,0.0
2016-09-29,217.75,217.75,214.3,216.53,89775,0.0
2016-10-02,216.73,219.9,213.86,215.49,100672,0.0
2016-10-03,216.49,218.33,213.5001,214.29,87198,0.0
2016-10-04,215.74,224.4381,213.33,215.76,91208,0.0
2016-10-05,214.58,215.36,212.5,214.3099,82382,0.0
2016-10-06,214.05,215.219,210.44,211.71,54127,0.0
2016-10-09,212.77,214.72,212.43,212.98,64623,0.0
2016-10-10,212.71,212.74,207.55,208.85,74055,0.0
2016-10-11,208.95,210.56,207.6325,208.97,102173,0.0
2016-10-12,207.09,208.44,204.995,207.04,86533,0.0
2016-10-13,207.5,210.22,206.99,208.57,166128,0.0
2016-10-16,208.27,208.6,206.91,207.87,61425,0.0
2016-10-17,209.68,211.74,207.1001,209.54,77902,0.0
2016-10-18,209.37,211.5099,209.37,210.68,139052,0.0
2016-10-19,209.89,211.11,207.6,208.62,143993,0.0
2016-10-20,208.11,210,206.08,209.55,107766,0.0
2016-10-23,211.06,213.55,210.38,212.23,162865,0.0
2016-10-24,212.92,215.42,210.54,211.67,123460,0.0
2016-10-25,210.14,212.67,207.2705,208.94,146084,0.0
2016-10-26,204.02,213.25,180.42,191.69,1096560,0.0
2016-10-27,190.85,196.49,190.42,190.57,364894,0.0
2016-10-30,191.5,191.7,186.06,187.12,500863,0.0
2016-10-31,188,189.29,183.48,184.44,306486,0.0
2016-11-01,184.5,184.5,182.11,183.03,289911,0.0
2016-11-02,183.76,185.87,182.11,182.86,180609,0.0
2016-11-03,182.57,183.86,181.77,183.5,176727,0.0
2016-11-06,187.07,188.825,184.23,184.95,154503,0.0
2016-11-07,184.36,186.18,182.11,184.28,101074,0.0
2016-11-08,181.05,187.155,180.86,186.78,170836,0.0
2016-11-09,187.86,189.57,181.87,183.59,163329,0.0
2016-11-10,182.99,188.6889,181.115,186.15,249493,0.0
2016-11-13,186.72,194,184.29,193.48,449093,0.0
2016-11-14,194.53,200.59,194.455,195.38,403023,0.0
2016-11-15,195,198.76,194.44,197.09,220996,0.0
2016-11-16,196.48,199.9,194.8447,198.99,272529,0.0
2016-11-17,198.52,200.13,194.74,194.78,170730,0.0
2016-11-20,195.08,197.42,193.7,197.29,184382,0.0
2016-11-21,196.88,198.7799,195.44,198.01,125205,0.0
2016-11-22,197.32,201.25,195.57,201.16,123662,0.0
2016-11-24,202.73,203.73,201.07,203.33,97166,0.0
2016-11-27,202.55,204.6599,197.48,198.4,303707,0.0
2016-11-28,197.95,198.05,194.67,195.11,287261,0.0
2016-11-29,196.26,197.15,188.72,191.11,387908,0.0
2016-11-30,192.31,195.27,179.31,180.42,365381,0.0
2016-12-01,180.69,184.28,179.215,183.17,239986,0.0
2016-12-04,184.41,188.59,183.48,184.24,159642,0.0
2016-12-05,185.46,188.88,183.195,187.2,385705,0.0
2016-12-06,187.22,190.44,186.0101,188.46,166070,0.0
2016-12-07,188.96,191.72,188.16,191.21,276959,0.0
2016-12-08,191.1,192.55,189.53,191.75,293593,0.0
2016-12-11,191.05,192.4,189.02,192.14,169440,0.0
2016-12-12,192.54,195.45,189.96,194.68,180008,0.0
2016-12-13,195.02,195.09,191.37,193.02,157440,0.0
2016-12-14,192.88,194.52,190.03,192.72,187301,0.0
2016-12-15,192.33,193,190.45,190.54,140348,0.0
2016-12-18,190.53,192.61,188.93,189.65,99164,0.0
2016-12-19,191.25,194.78,188.385,192.74,106367,0.0
2016-12-20,193.81,194.95,190.3,190.8,143622,0.0
2016-12-21,190.52,190.84,188,190,95577,0.0
2016-12-22,189.34,192.44,189.34,190.73,81405,0.0
2016-12-26,190.2,191.93,188.625,191.23,64686,0.0
2016-12-27,190.95,192.73,189.46,190.63,194447,0.0
2016-12-28,190.8,194.88,187.1,187.96,227592,0.0
2016-12-29,188.76,189.54,185.345,188.5,94133,0.0
2017-01-02,189.33,191.03,184.86,186.15,184606,0.0
2017-01-03,186.44,191.68,184.7,190.8,183040,0.0
2017-01-04,191.05,193.24,188.65,191.49,123586,0.0
2017-01-05,191.5,193.0499,190.04,191.82,61321,0.0
2017-01-08,191.64,193.92,190.63,192.41,126089,0.0
2017-01-09,192.51,195.2499,192.3,194.29,93366,0.0
2017-01-10,194.29,198.29,194,198.23,141579,0.0
2017-01-11,197.56,199.07,194.33,197.725,130128,0.0
2017-01-12,198.29,201.43,197.3701,201.11,134627,0.0
2017-01-16,200.3,200.45,197.52,198.93,112678,0.0
2017-01-17,199.55,200.1199,197.831,199.43,96843,0.0
2017-01-18,199.69,201.22,198.32,198.89,147702,0.0
2017-01-19,199.52,200.62,198.26,200.49,187929,0.0
2017-01-22,200.62,202.82,198.51,200.25,155011,0.0
2017-01-23,200.5,203.27,199.89,203,131101,0.0
2017-01-24,203.46,205.68,200.88,204.37,63643,0.0
2017-01-25,205.05,205.4,202.05,203.36,91714,0.0
2017-01-26,203.61,205.9,201.71,202.63,44712,0.0
2017-01-29,201.77,202.045,198.1001,202.02,63786,0.0
2017-01-30,201.85,203.34,200.77,202.13,71802,0.0
2017-01-31,203.33,203.87,198.29,203.29,122361,0.0
2017-02-01,202.82,204.43,195.7401,201.42,78663,0.0
2017-02-02,202.28,204.76,199.4,203.5,80098,0.0
2017-02-05,203.09,204.11,198.3201,203.46,111203,0.0
2017-02-06,203.72,204.94,202.56,204.4,79566,0.0
2017-02-07,203.5,204.99,200.905,203.5,89316,0.0
2017-02-08,203.24,204.97,203.1,203.67,157276,0.0
2017-02-09,204.31,205,201.63,204.16,115836,0.0
2017-02-12,204.55,208.8,203.87,205.59,86475,0.0
2017-02-13,204.58,206.46,204.06,205.22,86472,0.0
2017-02-14,205.18,207.75,203.84,207.29,95148,0.0
2017-02-15,207.98,209.19,206.62,208.5,89179,0.0
2017-02-16,207.81,209.74,207.1301,209.68,64650,0.0
2017-02-20,210.4,212.32,209.41,211.21,137344,0.0
2017-02-21,210.92,212.82,209.0701,209.78,127643,0.0
2017-02-22,200.81,207.85,197.18,201.67,380982,0.0
2017-02-23,201,201.68,197.25,201.22,113294,0.0
2017-02-26,201.5,204.125,198.52,203.99,258127,0.0
2017-02-27,203.29,203.8599,202.12,203.19,141044,0.0
2017-02-28,205,207.385,202.88,206.79,145864,0.0
2017-03-01,207.33,209.39,200.1,204.8,92839,0.0
2017-03-02,204.17,206.96,203.12,206.08,82011,0.0
2017-03-05,205.37,206.36,202.68,205.69,63064,0.0
2017-03-06,205.38,207.07,204.7347,204.86,133201,0.0
2017-03-07,205.58,206.75,201.5601,206,83598,0.0
2017-03-08,206.28,207.99,202.91,207.38,128048,0.0
2017-03-09,208.38,209.085,204.71,205.18,88263,0.0
2017-03-12,205.95,206.88,200,205.76,91856,0.0
2017-03-13,204.8,205.8,203.42,205,99792,0.0
2017-03-14,205.48,206.6999,196.1262,204.99,110254,0.0
2017-03-15,205.35,206.895,203.331,206.77,75803,0.0
2017-03-16,207.85,209.98,204.57,205.09,105862,0.0
2017-03-19,204.84,207.97,200.585,207.01,136838,0.0
2017-03-20,207.87,207.99,204.69,205.24,228067,0.0
2017-03-21,204.83,207.055,202.03,204.45,223842,0.0
2017-03-22,203.55,206.4125,201.62,206.29,233017,0.0
2017-03-23,205.51,207.96,199.81,207.66,186562,0.0
2017-03-26,205.1,208.93,202.6525,208.63,164088,0.0
2017-03-27,208.88,209.03,205.75,206.93,163831,0.0
2017-03-28,206.64,209.6999,204.35,209.16,164706,0.0
2017-03-29,209.24,209.53,197.55,206.64,111029,0.0
2017-03-30,206.94,209,204.8601,207.29,206927,0.0
2017-04-02,207.84,208.87,205.85,207.39,96147,0.0
2017-04-03,207.1,208.53,204.43,205.98,110238,0.0
2017-04-04,206.65,209.47,201.891,205.75,82152,0.0
2017-04-05,206.02,207.4232,205.05,206.41,104899,0.0
2017-04-06,206.33,207.74,204.65,206.64,94131,0.0
2017-04-09,206.92,208.9,205.82,207.01,83699,0.0
2017-04-10,206.58,208.62,201.431,205.4,63452,0.0
2017-04-11,204.97,206.82,203.0755,204.63,107321,0.0
2017-04-12,204.44,205.665,203.24,204.5,108174,0.0
2017-04-16,205.02,207.25,200.7317,207.2,73450,0.0
2017-04-17,206.2,209.84,202.0101,209.41,82227,0.0
2017-04-18,210.43,212.47,209.5,212.32,69295,0.0
2017-04-19,213.1,216.86,211.2201,215.59,86633,0.0
2017-04-20,215.81,217.15,213.56,215.33,82104,0.0
2017-04-23,217.2,217.75,215.1801,217.11,67566,0.0
2017-04-24,218.58,219.7,214.06,216.06,64678,0.0
2017-04-25,215.87,219.96,213.59,219.09,105924,0.0
2017-04-26,228.58,238.7,226.12,236.53,424045,0.0
2017-04-27,236.71,242.32,236.18,241.1,322819,0.0
2017-04-30,240,242.91,238.91,242.55,291045,0.0
2017-05-01,243.04,246.23,241.52,244.76,176359,0.0
2017-05-02,244.04,247.16,242.68,246.31,204377,0.0
2017-05-03,247.22,249.86,244.075,248.59,154807,0.0
2017-05-04,248.19,253.1699,243.45,252.79,228287,0.0
2017-05-07,251.85,253.16,249.8801,251.85,136676,0.0
2017-05-08,250.96,254.54,250.96,252.25,128970,0.0
2017-05-09,251.61,254.22,250.65,252.43,158577,0.0
2017-05-10,252.54,253.96,250.01,252.75,69081,0.0
2017-05-11,252.16,252.69,250.7,252.28,152017,0.0
2017-05-14,253.13,257.25,252.3,255.81,128253,0.0
2017-05-15,256.96,256.96,253.74,255.58,100753,0.0
2017-05-16,253.12,254.36,250.19,250.74,117878,0.0
2017-05-17,249.71,255.56,249.57,251.75,137473,0.0
2017-05-18,252.76,255.4699,252.46,253.9,81525,0.0
2017-05-21,254.49,260.51,253.315,258.58,143063,0.0
2017-05-22,259.01,259.15,254.895,256.01,159483,0.0
2017-05-23,256.83,258.83,254.38,258.05,111708,0.0
2017-05-24,258.41,260.31,257.71,259.61,181723,0.0
2017-05-25,258.62,259.75,256.23,258.91,63324,0.0
2017-05-29,259.15,260.7,256.94,259.59,70597,0.0
2017-05-30,260.01,262.12,257.91,261.57,99056,0.0
2017-05-31,261.31,267.465,257.78,262.34,97645,0.0
2017-06-01,261.79,262.88,260.48,262.23,91533,0.0
2017-06-04,261.95,264.74,260.36,261.46,68703,0.0
2017-06-05,260.47,261.9999,257.8,258.29,116221,0.0
2017-06-06,259.59,260.79,257.5801,260.02,84561,0.0
2017-06-07,259.98,263.48,253.1765,262.89,55776,0.0
2017-06-08,263.15,263.605,249.8,252.42,116238,0.0
2017-06-11,251.91,251.91,243.62,248.57,242263,0.0
2017-06-12,250.09,250.39,248.11,249.99,107157,0.0
2017-06-13,251.2,253.76,249.97,253.03,80656,0.0
2017-06-14,253.3,253.3,247.23,251.34,127286,0.0
2017-06-15,252.16,258.0077,251.295,256.36,181770,0.0
2017-06-18,258.62,260.94,256.33,260.47,149100,0.0
2017-06-19,260.01,264.5948,257.8143,261.04,162143,0.0
2017-06-20,261.57,263.99,256.045,258.92,137871,0.0
2017-06-21,258.19,262.2853,255.32,261.15,111715,0.0
2017-06-22,262.6,267.23,261.4501,267.01,128397,0.0
2017-06-25,267.26,268.8506,263.68,263.905,157462,0.0
2017-06-26,263.35,266.79,262.3,262.98,194122,0.0
2017-06-27,263.24,266.72,261.61,265.43,64993,0.0
2017-06-28,264.93,264.93,256.14,260,145608,0.0
2017-06-29,259.4,264.285,259.0418,263.43,161728,0.0
2017-07-02,264.95,265.3,260.48,263.6,94966,0.0
2017-07-04,264.86,269.01,264.65,266.785,182071,0.0
2017-07-05,265.06,267.65,263.365,266.36,182776,0.0
2017-07-06,266.39,271.2,259.05,270.85,100381,0.0
2017-07-09,271.01,274.35,269.74,273.93,151570,0.0
2017-07-10,273.99,277.28,268.02,275.72,210150,0.0
2017-07-11,277.11,278.3,271.63,273.81,290278,0.0
2017-07-12,273.7,274.94,271.55,272.87,95718,0.0
2017-07-13,274.24,274.346,271.14,271.59,94966,0.0
2017-07-16,271.81,273.11,268.2203,270.64,156265,0.0
2017-07-17,270.87,273.42,270.85,273.04,101920,0.0
2017-07-18,274.34,280.32,274.34,278.92,224782,0.0
2017-07-19,279.19,280.49,274.93,277.95,198073,0.0
2017-07-20,277.5,279.59,275.665,276.81,49740,0.0
2017-07-23,276.98,281.425,274.84,278.68,317548,0.0
2017-07-24,279.51,282.605,277.661,281.94,186503,0.0
2017-07-25,281.87,283.45,280.05,281.27,171452,0.0
2017-07-26,284.4,284.66,272.145,274.37,247818,0.0
2017-07-27,274.64,283.1324,270.19,274.21,118358,0.0
2017-07-30,274.56,278.025,270.58,275.6,162021,0.0
2017-07-31,276.8,277.26,273.65,275.29,128290,0.0
2017-08-01,275.5,277.009,270.11,273.3,116294,0.0
2017-08-02,273.5,275.875,272.01,274.58,54343,0.0
2017-08-03,274.78,277.9109,273.4201,274.72,105871,0.0
2017-08-06,274.69,278.52,272.9474,278.18,112345,0.0
2017-08-07,278.21,281,274.441,279.54,81650,0.0
2017-08-08,279.75,281.29,276.91,281.255,73865,0.0
2017-08-09,280.5,281.38,277.42,279.15,93845,0.0
2017-08-10,279.52,284.66,277.04,279.97,134419,0.0
2017-08-13,281.67,285.78,280.79,284.68,88705,0.0
2017-08-14,284.51,286.0999,281.07,281.96,66717,0.0
2017-08-15,283.28,285.9999,281.9501,283.04,57883,0.0
2017-08-16,283.78,284.1,280.4,280.88,100255,0.0
2017-08-17,281.72,282.06,278.43,278.43,64971,0.0
2017-08-20,278.21,280.42,277.07,278.33,90962,0.0
2017-08-21,278.2,283.43,277.73,283.07,134934,0.0
2017-08-22,281.56,284.18,280.33,284,73984,0.0
2017-08-23,284.85,284.98,281.57,284.2,82468,0.0
2017-08-24,285.34,287.8799,282.68,283.8,69385,0.0
2017-08-27,284.01,284.9458,280.18,281.38,45140,0.0
2017-08-28,281.24,285.27,280.01,282.19,71833,0.0
2017-08-29,282.41,285.79,281.08,283.93,107570,0.0
2017-08-30,284.05,287.96,283.52,286.62,86300,0.0
2017-08-31,287.78,287.78,284.315,286.87,72391,0.0
2017-09-04,287.45,287.45,280.99,282.18,78576,0.0
2017-09-05,282.13,283.219,279.3,281.47,61072,0.0
2017-09-06,282.44,283.505,279.34,281.94,123095,0.0
2017-09-07,281.79,283.02,278.7,280.08,110849,0.0
2017-09-10,282.04,284.6699,280.2,281.16,85604,0.0
2017-09-11,282.6,287.41,278.27,281.91,280479,0.0
2017-09-12,283,283,273.91,274.94,206592,0.0
2017-09-13,274.7,276.14,272.59,274.6,151557,0.0
2017-09-14,273.29,278.26,273.29,277.42,185254,0.0
2017-09-17,277.8,279.32,274.7,276.64,99640,0.0
2017-09-18,276.68,281.76,273.281,281,101987,0.0
2017-09-19,280.03,283.26,279.66,282.15,93375,0.0
2017-09-20,281.23,281.23,276.64,280.22,58977,0.0
2017-09-21,279.31,283.14,278.75,281,90943,0.0
2017-09-24,279.72,281.52,277.271,279.55,124807,0.0
2017-09-25,276,277.14,264.78,266.89,191593,0.0
2017-09-26,267.33,271.71,266.54,267.155,175236,0.0
2017-09-27,264.97,269.41,264,266.01,244039,0.0
2017-09-28,264.76,270,255.41,268.26,946745,0.0
2017-10-01,269.5,272.7175,265.59,271.69,287805,0.0
2017-10-02,272,272.54,268.81,271.51,140423,0.0
2017-10-03,271.13,273.2,266.368,271.66,207124,0.0
2017-10-04,273.13,274.92,271.69,274.19,138576,0.0
2017-10-05,272.53,277.85,272.2738,276.7,166734,0.0
2017-10-08,276.66,278.42,276.12,276.88,96125,0.0
2017-10-09,278.43,279.89,277.56,279.44,165400,0.0
2017-10-10,280.08,289.51,279.845,289.26,334398,0.0
2017-10-11,289.24,291.94,285.1883,287.25,159470,0.0
2017-10-12,288.18,291.955,285.63,287.2,224297,0.0
2017-10-15,288.2,289.5,283,286.22,120735,0.0
2017-10-16,286.38,287.42,283.43,283.9,78960,0.0
2017-10-17,284.69,285.665,283.14,283.9,96292,0.0
2017-10-18,281.95,282.475,278.83,280.42,117760,0.0
2017-10-19,282.39,283.435,279.82,282.52,80371,0.0
2017-10-22,282.27,284.6,281.98,283.78,80274,0.0
2017-10-23,284.19,284.19,279.35,280.74,148152,0.0
2017-10-24,281.11,283.125,276.6,278.07,201187,0.0
2017-10-25,281.47,294.28,277.39,289.34,628816,0.0
2017-10-26,291.69,301.04,286.645,299.25,277258,0.0
2017-10-29,299.81,299.81,293.31,294.68,163529,0.0
2017-10-30,295.85,298.39,294.01,295.6,220778,0.0
2017-10-31,298.02,298.02,292.56,295.1,140371,0.0
2017-11-01,294.32,297.385,293.49,293.63,143226,0.0
2017-11-02,293.93,296.32,292.405,295.5,86574,0.0
2017-11-05,296,300.01,294.67,299.88,79348,0.0
2017-11-06,300,301.56,298.511,299.18,137087,0.0
2017-11-07,302.12,303.39,298.7801,300.79,172048,0.0
2017-11-08,299.09,299.91,295.1,299.26,136058,0.0
2017-11-09,299.36,300.05,293.49,296.47,95684,0.0
2017-11-12,295.87,297.9,294.41,296.43,92185,0.0
2017-11-13,295.41,299.96,294.24,298.83,150225,0.0
2017-11-14,297.2,298.54,293.98,297.32,68281,0.0
2017-11-15,298.67,304.63,297.31,303.48,173606,0.0
2017-11-16,304.53,306.69,303.67,304.88,129348,0.0
2017-11-19,305.69,307.52,303.01,306.64,128882,0.0
2017-11-20,307.77,311.08,307.15,307.97,107606,0.0
2017-11-21,308.52,309.56,304.71,308.825,131303,0.0
2017-11-23,309.44,314.7299,308.98,310.19,50769,0.0
2017-11-26,310.18,313.86,309.005,309.395,138362,0.0
2017-11-27,309.23,310.7,306.17,307.6,151639,0.0
2017-11-28,308.18,309.38,298.57,301.86,154214,0.0
2017-11-29,304.18,306.03,300.01,304.85,151304,0.0
2017-11-30,305.57,306.03,297.07,302.23,180891,0.0
2017-12-03,304.86,306.96,295.1,295.63,131433,0.0
2017-12-04,295.98,298,291.94,292.5,148556,0.0
2017-12-05,291.88,296.895,291.63,293.21,200618,0.0
2017-12-06,294.09,295.83,290.84,291.83,154808,0.0
2017-12-07,293.4,295.29,290.9,292.28,178398,0.0
2017-12-10,292.35,292.86,289.49,290.39,230067,0.0
2017-12-11,285.94,291.4,283.105,287.83,482402,0.0
2017-12-12,288.48,294.31,288.48,290.99,156569,0.0
2017-12-13,290.89,294.84,286.07,287.8,149673,0.0
2017-12-14,289.13,299.1689,284.941,294.86,143119,0.0
2017-12-17,297.55,300.975,294.59,297.185,169140,0.0
2017-12-18,297,300.3589,296.52,298.86,128012,0.0
2017-12-19,299.73,300.19,295.6,297.05,57691,0.0
2017-12-20,297.01,299.5821,295.83,298.51,203397,0.0
2017-12-21,298.03,300.799,296.89,299.75,105838,0.0
2017-12-25,298.53,298.6,293.15,295.05,155158,0.0
2017-12-26,294.75,296.14,292.99,294.35,120107,0.0
2017-12-27,294.42,295.75,293.1,295.68,51020,0.0
2017-12-28,295.38,298.28,293.13,297.01,121665,0.0
2018-01-01,298.29,298.61,295.425,297.19,161824,0.0
2018-01-02,297.08,307.89,295.91,307.56,189027,0.0
2018-01-03,308.45,311.74,306.71,309.24,117493,0.0
2018-01-04,309.93,313.37,309.21,311.39,98503,0.0
2018-01-07,311.31,315,310.28,313.85,102294,0.0
2018-01-08,314.76,316.25,311.85,314.67,86973,0.0
2018-01-09,313.79,315.27,312.31,314.31,63753,0.0
2018-01-10,315.54,317.56,312.51,317.48,75007,0.0
2018-01-11,318.16,322.65,316.12,322.28,183526,0.0
2018-01-15,325,325.3999,318.52,319.27,182409,0.0
2018-01-16,319.84,323.39,318.86,322,110827,0.0
2018-01-17,324.26,339.89,324.01,336.43,450272,0.0
2018-01-18,336.4,344.66,334.56,341.43,187360,0.0
2018-01-21,341.11,343.76,338.9494,342.1,103851,0.0
2018-01-22,342.51,350.79,340.68,350.47,150678,0.0
2018-01-23,351.78,355.8703,350.246,352.82,204419,0.0
2018-01-24,354.17,355.8,348.71,349.68,261724,0.0
2018-01-25,350.91,352.95,345.88,351.741,219678,0.0
2018-01-28,351.41,355.235,350.57,350.7,234648,0.0
2018-01-29,348.22,351.65,345.1189,347.21,143696,0.0
2018-01-30,348.9,353.586,342.5246,346.11,159972,0.0
2018-01-31,344.85,351.33,344.235,349.84,175854,0.0
2018-02-01,347.94,350.95,343.04,343.4,130441,0.0
2018-02-04,340,345.4,335,338.26,196454,0.0
2018-02-05,333.04,341.05,328.35,335.25,232877,0.0
2018-02-06,335.29,341.03,330.23,337.21,76553,0.0
2018-02-07,338.31,342.3,329.2201,329.36,141059,0.0
2018-02-08,331.18,333.24,318.36,327.97,117036,0.0
2018-02-11,330.25,338.27,326.1,334.23,101386,0.0
2018-02-12,333.23,343.08,330.72,343.01,172929,0.0
2018-02-13,341.89,348.6,336.3101,345.64,159011,0.0
2018-02-14,347.69,348.86,342.6,347.99,127225,0.0
2018-02-15,347.8,352.635,345.242,350.17,78533,0.0
2018-02-19,349.53,356.055,344.2701,351.805,102786,0.0
2018-02-20,351.85,356.52,349.775,352.89,145198,0.0
2018-02-21,353.01,353.01,332.17,351.58,264032,0.0
2018-02-22,352.93,356.77,348.31,354.99,110529,0.0
2018-02-25,358.53,358.84,352.375,353.41,147510,0.0
2018-02-26,352,352.5,343.96,344.15,155142,0.0
2018-02-27,345.78,350.73,341.6,342.41,208869,0.0
2018-02-28,343.04,351.365,341.47,344.48,147247,0.0
2018-03-01,342.07,350.04,337.835,348.16,131057,0.0
2018-03-04,346.83,358.08,340.11,357.07,90430,0.0
2018-03-05,358.21,359.82,355.2663,357.32,72925,0.0
2018-03-06,355.5,359.8576,347.5247,356.17,81890,0.0
2018-03-07,357.98,357.98,354.5,356.09,84839,0.0
2018-03-08,359.39,361.67,357.22,361.45,104851,0.0
2018-03-11,362.22,367.68,359.08,359.32,138239,0.0
2018-03-12,358.95,364.19,356.62,363.09,141732,0.0
2018-03-13,365.28,368.33,363.23,364.42,88963,0.0
2018-03-14,364.71,365.72,361.05,363.3401,97580,0.0
2018-03-15,365.05,369.91,363.98,368.02,133163,0.0
2018-03-18,365.54,372.22,361.7301,366.14,166707,0.0
2018-03-19,365.83,376.6,364.95,375.79,174450,0.0
2018-03-20,374.9,379.0689,370.25,373.59,118534,0.0
2018-03-21,370.29,373.86,357.17,357.88,122832,0.0
2018-03-22,358.43,365.37,355.01,361.42,183319,0.0
2018-03-25,365.38,369.755,356.85,366.81,87966,0.0
2018-03-26,368.45,370.7544,356.11,360.17,121510,0.0
2018-03-27,359.98,361.54,352.105,356.03,135884,0.0
2018-03-28,358.14,367.445,355.98,362.43,92970,0.0
2018-04-01,362.52,366.71,347.58,351.22,69505,0.0
2018-04-02,352.48,363.72,344.07,353.23,110226,0.0
2018-04-03,348.54,362.009,342.16,359.06,180382,0.0
2018-04-04,359.64,361.22,354.55,355.28,125297,0.0
2018-04-05,353.78,361.7153,347.0523,351.23,61609,0.0
2018-04-08,354.53,359.97,348.4308,356.86,74422,0.0
2018-04-09,360.38,361.67,355.3,359.95,58083,0.0
2018-04-10,358.44,364.67,357.0501,359.31,60402,0.0
2018-04-11,360.39,369.87,359.34,367.56,98811,0.0
2018-04-12,367.92,369.99,360.661,364.4,90084,0.0
2018-04-15,365.95,369.5271,363.27,367.46,145946,0.0
2018-04-16,369.63,377.93,369.63,377,108000,0.0
2018-04-17,378.39,384.28,375.01,378.19,193999,0.0
2018-04-18,376.83,379.45,374.495,377.44,203391,0.0
2018-04-19,380.06,380.18,375.13,376.53,127635,0.0
2018-04-22,377.35,379.02,365.78,367.86,237606,0.0
2018-04-23,380.26,392.07,372.35,385.28,280508,0.0
2018-04-24,381.67,386.1792,366.56,370.05,254400,0.0
2018-04-25,372.66,376.79,369.53,370.835,177094,0.0
2018-04-26,371.98,372.93,366.15,368.735,88343,0.0
2018-04-29,369.67,370.72,364.71,366.66,135296,0.0
2018-04-30,366.44,371.95,363.1701,369.24,137745,0.0
2018-05-01,368.75,372,363.72,368.08,102502,0.0
2018-05-02,368.02,373.99,365.37,372.97,104131,0.0
2018-05-03,372.53,378.29,368.65,377.88,133056,0.0
2018-05-06,377.5,386.56,375.07,386,139112,0.0
2018-05-07,384.05,387.9,382.64,386.9,105722,0.0
2018-05-08,387.19,390.72,384.435,390.28,73310,0.0
2018-05-09,391,395.04,388.42,393.74,72393,0.0
2018-05-10,394.44,396.3084,390.42,392.1,82585,0.0
2018-05-13,393,397.21,389.48,391.0658,64450,0.0
2018-05-14,388.7,389.34,383.39,388,113035,0.0
2018-05-15,386.86,391.14,380.555,381.08,123468,0.0
2018-05-16,380.6,384.36,374.79,375.77,108459,0.0
2018-05-17,376.5,382.6689,374.7801,381.71,141904,0.0
2018-05-20,383.05,385.555,382.045,384.87,118594,0.0
2018-05-21,385,386.73,376.84,377.88,130558,0.0
2018-05-22,376.59,381.4699,375.505,380.91,57396,0.0
2018-05-23,380.5,384.3,378.29,382.24,71917,0.0
2018-05-24,382.91,386.88,378.27,380.81,88976,0.0
2018-05-28,378.17,385.3399,374.6905,377.66,95602,0.0
2018-05-29,378.27,384.019,375.1272,380.86,90208,0.0
2018-05-30,380.87,384.96,378.7071,381.21,116656,0.0
2018-05-31,383.2,387.76,379.33,385.44,164658,0.0
2018-06-03,386.42,393.71,386.42,390.9,125471,0.0
2018-06-04,391.31,396.85,390,396.71,107918,0.0
2018-06-05,397.11,402.26,393.14,401.02,60702,0.0
2018-06-06,401.48,401.97,392.11,399.315,229363,0.0
2018-06-07,398.11,404.04,395.62,401.85,104936,0.0
2018-06-10,400.79,406.96,400.0701,405.24,159167,0.0
2018-06-11,405.31,415.7699,405.3041,410.94,300970,0.0
2018-06-12,410.9,414.91,406.06,406.06,169438,0.0
2018-06-13,406,411.82,406,410.01,89326,0.0
2018-06-14,409.78,414.935,404.94,413.97,136758,0.0
2018-06-17,412.31,417.29,407.61,416.87,94352,0.0
2018-06-18,413.32,416.49,408.965,414.57,169799,0.0
2018-06-19,416.51,419.22,411.671,417.86,157670,0.0
2018-06-20,418.4,419.72,414.03,415.25,185826,0.0
2018-06-21,416.07,418.95,411.94,412,109602,0.0
2018-06-24,410.86,419.95,398.25,399.49,255910,0.0
2018-06-25,400.74,408.85,398.8,407.64,204243,0.0
2018-06-26,409.09,413.83,408.3,411.74,340522,0.0
2018-06-27,409.46,417.43,407.87,415.35,444674,0.0
2018-06-28,415.53,423.9465,412.23,412.68,162482,0.0
2018-07-01,410.42,416.315,406.69,415.44,317829,0.0
2018-07-02,418.37,418.37,408.2,408.44,131663,0.0
2018-07-04,410.28,414.14,397.06,413.765,173920,0.0
2018-07-05,413.42,423.07,413.42,422.4,102552,0.0
2018-07-08,422.58,429.28,419.116,428.85,116659,0.0
2018-07-09,428.99,429.92,419.17,419.5,135991,0.0
2018-07-10,417.49,421.865,417.28,420.63,123979,0.0
2018-07-11,422.85,426.67,421.23,426.02,75412,0.0
2018-07-12,426.2,428,422.75,424.37,59725,0.0
2018-07-15,423.99,429.14,422.4201,427.82,118166,0.0
2018-07-16,426.38,427.6,421.63,426.33,109937,0.0
2018-07-17,426.06,434.515,423.535,424.73,85899,0.0
2018-07-18,423.42,425.75,422.69,423.63,85490,0.0
2018-07-19,425.13,426.9999,422.09,425,76952,0.0
2018-07-22,424.43,431.02,422.78,430.84,110747,0.0
2018-07-23,432.34,433.77,417.8448,424.7,153601,0.0
2018-07-24,428.7,446.96,420.1528,437.4,361435,0.0
2018-07-25,436.62,439.87,425.67,431.69,106457,0.0
2018-07-26,432.03,436.18,418.3975,421.8,158532,0.0
2018-07-29,422.65,425.95,409.75,414.83,200860,0.0
2018-07-30,416.78,421.78,411.77,415.85,176904,0.0
2018-07-31,415.89,430.45,414.575,418.61,196154,0.0
2018-08-01,416.19,427.32,416.05,426.48,81025,0.0
2018-08-02,426.97,428.58,417.72,422.6,87213,0.0
2018-08-05,423,427.36,418.7,422.08,83223,0.0
2018-08-06,421.79,423.03,416.38,420.29,184847,0.0
2018-08-07,420.05,424.58,398.22,421.755,136957,0.0
2018-08-08,422.38,430.14,420,422.98,77263,0.0
2018-08-09,420.72,431.1,419.265,428.79,83605,0.0
2018-08-12,428.78,435.7211,428.1275,428.64,118791,0.0
2018-08-13,428.7,434.31,427.05,431.32,57087,0.0
2018-08-14,429.34,435.75,428.04,428.93,66137,0.0
2018-08-15,432.69,432.69,428.09,430.02,37367,0.0
2018-08-16,429.77,431.67,428.4,430.64,35420,0.0
2018-08-19,430.28,433.14,426.22,432.26,38209,0.0
2018-08-20,432.54,434.4,427.215,430.42,116884,0.0
2018-08-21,429.04,431.38,427.125,431.38,61937,0.0
2018-08-22,430.76,435.58,429.065,434.99,110002,0.0
2018-08-23,435.81,439.38,433.75,434.76,59114,0.0
2018-08-26,436.21,441.93,435.1341,438.99,57466,0.0
2018-08-27,439.89,444.5512,436.89,438.84,59855,0.0
2018-08-28,439.24,444.665,439.24,442.74,55977,0.0
2018-08-29,441.68,442.955,438.225,440.76,85592,0.0
2018-08-30,440.98,444.21,440.72,441.55,70967,0.0
2018-09-03,441.86,448.35,439.13,446.72,87572,0.0
2018-09-04,447,447.105,433.5,442.66,159332,0.0
2018-09-05,442.28,443.32,436.79,437.2,167484,0.0
2018-09-06,434.6,438.87,432.01,434.07,77185,0.0
2018-09-09,435.94,437.99,431.82,435.88,77426,0.0
2018-09-10,435.51,444.82,433.39,443.85,226954,0.0
2018-09-11,443.53,443.53,432.51,434.74,128998,0.0
2018-09-12,436.98,439.1991,434.51,438.435,45359,0.0
2018-09-13,439.35,439.35,434.8,435,199991,0.0
2018-09-16,435,435,422.52,423.44,124875,0.0
2018-09-17,421.3,428.46,421.3,425,199002,0.0
2018-09-18,424.51,424.68,414.52,415.19,194552,0.0
2018-09-19,416.82,423.18,413.37,420.15,170187,0.0
2018-09-20,419.1964,425.49,418.3205,419.64,142275,0.0
2018-09-23,417.83,420.56,414.82,417.52,212244,0.0
2018-09-24,417.34,424.83,415.705,418.26,183544,0.0
2018-09-25,417.55,424.94,415.39,420.12,197840,0.0
2018-09-26,420.1,423.005,416.445,417.77,84216,0.0
2018-09-27,417.3,422.51,412.02,421.15,114793,0.0
2018-09-30,423.17,425.01,414.28,414.34,149140,0.0
2018-10-01,412.75,416.68,404.41,405,327544,0.0
2018-10-02,406.01,410.075,400.99,408.9,336168,0.0
2018-10-03,408.3,409.21,396.95,400.11,186337,0.0
2018-10-04,400,405.2,393.23,394.94,184662,0.0
2018-10-07,391.71,392.18,383.76,384.95,358301,0.0
2018-10-08,383.24,390.34,377.84,383.77,262397,0.0
2018-10-09,382.18,382.18,372.24,373.7,393932,0.0
2018-10-10,372.25,381.34,370.8,375,536693,0.0
2018-10-11,390.58,393.35,383.43,388.3,386214,0.0
2018-10-14,390.22,390.58,380.61,380.61,349688,0.0
2018-10-15,383.52,398.45,381,397.58,126103,0.0
2018-10-16,397.23,399.9,389.895,392.91,204672,0.0
2018-10-17,391.48,394.54,384.81,388.68,236881,0.0
2018-10-18,391.12,392.64,382.08,383.49,126474,0.0
2018-10-21,385.08,387.56,381.62,385.28,151546,0.0
2018-10-22,380.09,386.13,376.19,382.71,190898,0.0
2018-10-23,374.5,387.6,358.295,359.3,580458,0.0
2018-10-24,363.87,379.93,354.695,358.18,500882,0.0
2018-10-25,353.69,358.48,348.62,355.1,219746,0.0
2018-10-28,360.03,360.03,345.085,349,152999,0.0
2018-10-29,349.15,351.59,342.4436,347.83,572674,0.0
2018-10-30,351.16,373.315,350.4689,361.05,413601,0.0
2018-10-31,362.31,367.645,358.9,363.85,209684,0.0
2018-11-01,365.48,369.55,361.845,362.82,148133,0.0
2018-11-04,364.72,368.81,354.37,360.07,105322,0.0
2018-11-05,359.36,363.46,356.55,357.82,228915,0.0
2018-11-06,361.09,371.9,360.25,368.39,229689,0.0
2018-11-07,367.58,370.3,363.88,367.66,112004,0.0
2018-11-08,368.38,370.8,361.125,365.05,155799,0.0
2018-11-11,363.91,364.6256,354.56,357.29,86274,0.0
2018-11-12,358.08,360.73,351.915,356.09,186685,0.0
2018-11-13,358.16,361.925,344.54,346.17,185362,0.0
2018-11-14,344.54,356.515,344.405,356.465,149601,0.0
2018-11-15,355.23,362.9,354.1,362.8,199271,0.0
2018-11-18,360.32,364.285,348.08,350.41,275297,0.0
2018-11-19,344.56,361.97,342.63,361.64,371609,0.0
2018-11-20,363.02,365.355,355.02,358.97,212766,0.0
2018-11-22,356.9,359.9,355.97,356.7,36174,0.0
2018-11-25,360.44,376.635,357.22,372.41,336582,0.0
2018-11-26,369.13,369.53,355.8028,360.22,224314,0.0
2018-11-27,362.12,375.5,362.12,374.73,183505,0.0
2018-11-28,372.58,373.67,365.86,370.51,151156,0.0
2018-11-29,369.33,373.13,362.01,369.53,174497,0.0
2018-12-02,376.5,395.3,375.52,380.85,166632,0.0
2018-12-03,379.43,379.43,363.23,365.82,193482,0.0
2018-12-05,359.57,376.05,357.62,375.55,259711,0.0
2018-12-06,374.68,376.99,364.25,366.84,194768,0.0
2018-12-09,366.06,370.355,361.43,363.07,140049,0.0
2018-12-10,367.8,370.34,359.745,362.1,100816,0.0
2018-12-11,365.69,374.095,365.32,371.31,140845,0.0
2018-12-12,371.99,374.67,359.64,365.44,216466,0.0
2018-12-13,361.84,364.875,354,357.74,176381,0.0
2018-12-16,354.75,355.41,343,345.12,250381,0.0
2018-12-17,347.92,351.755,333.73,337.05,297222,0.0
2018-12-18,337.72,348.97,333.98,337.02,230647,0.0
2018-12-19,334.75,336.69,320.755,328.17,210288,0.0
2018-12-20,330.94,331.925,319.07,320.36,186424,0.0
2018-12-23,316.92,326.395,315.85,321.22,88397,0.0
2018-12-25,322.41,337.29,318.33,337.29,175790,0.0
2018-12-26,328.36,337.42,324.825,337.03,161923,0.0
2018-12-27,339.06,341.88,331.355,336.72,110856,0.0
2018-12-30,339.39,341.32,332.22,336.29,129154,0.0
2019-01-01,332.76,337.75,329.46,334.57,127544,0.0
2019-01-02,331.68,334.84,325.07,327.59,99789,0.0
2019-01-03,331.91,342.28,329.11,338.75,175382,0.0
2019-01-06,339.19,344.885,334.59,342.1,105530,0.0
2019-01-07,345.34,350.11,336.025,344.655,193171,0.0
2019-01-08,345.41,356.13,345.41,353.74,117160,0.0
2019-01-09,352.72,360.66,350.7932,359.805,202899,0.0
2019-01-10,358.69,361.25,355.1,358.85,109744,0.0
2019-01-13,355.71,360.86,351.3,358.165,129830,0.0
2019-01-14,359,364.12,358.945,362.01,196599,0.0
2019-01-15,362.76,368.19,358.895,367.31,157351,0.0
2019-01-16,365.18,374.48,365.18,371.4,188392,0.0
2019-01-17,375.34,380.4866,370.24,379.89,181462,0.0
2019-01-21,377.88,381.81,374.04,376.13,171497,0.0
2019-01-22,378.04,384.77,368.65,371.54,111221,0.0
2019-01-23,371.65,379.85,370.19,375.36,87650,0.0
2019-01-24,377.94,385.42,372.65,383.955,208390,0.0
2019-01-27,379.34,382.64,375.56,382.64,110329,0.0
2019-01-28,382.79,382.88,377.73,380.22,115651,0.0
2019-01-29,382.28,385.03,375.02,383.9007,95672,0.0
2019-01-30,384.11,397.2639,384.11,391.26,170541,0.0
2019-01-31,390.9,396.63,389.1,393.87,104409,0.0
2019-02-03,393.13,400.24,391.33,398.32,117721,0.0
2019-02-04,399,401.01,396.76,400.61,92287,0.0
2019-02-05,399.67,401.04,393.81,396.05,108744,0.0
2019-02-06,392.74,398.08,390.665,397.7,57163,0.0
2019-02-07,395.99,403.635,393.31,403.48,82988,0.0
2019-02-10,404.62,405.84,397.02,397.1,109111,0.0
2019-02-11,401,405.67,397.55,405.45,90718,0.0
2019-02-12,407.64,408.99,405.05,407.18,64255,0.0
2019-02-13,407.17,410.89,404.75,407.85,118494,0.0
2019-02-14,410.2,412.76,406.89,410.49,66092,0.0
2019-02-20,408.44,412.2565,388.55,404.8,180600,0.0
2019-02-21,406.58,412.34,406.2,411.73,185311,0.0
2019-02-24,414.37,415.64,409.54,410.82,129276,0.0
2019-02-25,410.91,417.97,403.87,406.54,269752,0.0
2019-02-26,444.99,463.33,430.5,454.99,521848,0.0
2019-02-27,456.4,463.5,456.14,457.78,231407,0.0
2019-02-28,457.48,481.42,453.59,476.42,434306,0.0
2019-03-03,480,484.92,456.23,466.02,284559,0.0
2019-03-04,466.02,471.17,460.95,463.83,226721,0.0
2019-03-05,462.48,467.7676,454.785,458.61,172634,0.0
2019-03-06,457.17,460.28,450.41,457.195,200595,0.0
2019-03-07,453.06,460.64,451.3,459.97,143011,0.0
2019-03-10,459.55,465.62,454.085,465.47,136832,0.0
2019-03-11,466.06,467.88,459.85,465.52,149047,0.0
2019-03-12,467.5,471.43,464.0475,468.58,147720,0.0
2019-03-13,470.34,472.35,464.18,465.66,104103,0.0
2019-03-14,466.96,469.55,463.45,469.02,194987,0.0
2019-03-17,469.27,472.85,464.87,468.1,226933,0.0
2019-03-18,470,470,464.14,466.6,161090,0.0
2019-03-19,465.59,467.6748,460.495,464.93,107338,0.0
2019-03-20,463.61,475.58,463.61,473.68,116265,0.0
2019-03-21,470.65,473.1,464.41,464.89,144891,0.0
2019-03-24,462.99,468.7,461.41,466.52,79568,0.0
2019-03-25,469.3,473,461.13,463.67,143745,0.0
2019-03-26,463.17,464.44,452.42,459.87,146773,0.0
2019-03-27,460.65,464.52,456.205,462.11,128652,0.0
2019-03-28,464.26,469.13,462.48,466.41,125151,0.0
2019-03-31,469.83,480.72,468.975,479.17,104804,0.0
2019-04-01,481,483.61,476.8505,478.21,120482,0.0
2019-04-02,478.96,487.385,478.96,483.79,140297,0.0
2019-04-03,484.5,486.81,475.29,477.97,134786,0.0
2019-04-04,480.02,485.29,476.58,484.38,92841,0.0
2019-04-07,483.48,483.48,476.82,479.89,115020,0.0
2019-04-08,479,481.94,474.83,475.3,135417,0.0
2019-04-09,476.48,480,475.2694,478.81,231738,0.0
2019-04-10,484.59,484.765,479.7242,481.59,157191,0.0
2019-04-11,482.77,490.345,479.97,487.165,164277,0.0
2019-04-14,487.57,491.26,485.335,489.01,130902,0.0
2019-04-15,491.36,491.97,483.58,484.02,111094,0.0
2019-04-16,485.53,488.101,478.56,481.11,142227,0.0
2019-04-17,480.95,482.11,474.14,481.17,120717,0.0
2019-04-21,479.72,487.98,478.82,487.29,129008,0.0
2019-04-22,488.53,495.39,487.14,495.13,210664,0.0
2019-04-23,490.79,511.85,473.91,474.35,612828,0.0
2019-04-24,475.97,487.67,475.23,486.11,196085,0.0
2019-04-25,485.42,491.46,482.5,487.95,113268,0.0
2019-04-28,490.3,492.12,485.12,489.3,189669,0.0
2019-04-29,489.17,497.65,487.07,496.41,298306,0.0
2019-04-30,497.27,501.27,494.02,496.01,210803,0.0
2019-05-01,493.69,502.15,492.24,501.6,222501,0.0
2019-05-02,502.76,506.27,494.98,498.23,230849,0.0
2019-05-05,493.5,506.7,491.41,506.49,168316,0.0
2019-05-06,502.47,504.37,490.69,494.76,269793,0.0
2019-05-07,493.95,500.08,492.445,496.78,192309,0.0
2019-05-08,494.09,494.9,482.8,494.78,340212,0.0
2019-05-09,492.27,499.675,483.14,498.25,152931,0.0
2019-05-12,489.53,492.475,482.1,488.635,147799,0.0
2019-05-13,489.97,505.5,489.97,503.67,167991,0.0
2019-05-14,500.12,515.465,500.12,510.89,162221,0.0
2019-05-15,512.35,524.66,512.35,518.88,249227,0.0
2019-05-16,514.26,521.29,513.465,517.97,187552,0.0
2019-05-19,513.97,520.55,511.95,517.25,162256,0.0
2019-05-20,520.2,525.47,520.2,524.32,180603,0.0
2019-05-21,525.09,532.22,525.09,528.17,209610,0.0
2019-05-22,524.22,525.19,512.965,514.02,136080,0.0
2019-05-23,517.38,524.74,513.74,514.39,157499,0.0
2019-05-27,515.53,522.475,510.36,512.6,225235,0.0
2019-05-28,510,513.21,507.8354,512.06,151758,0.0
2019-05-29,512.47,516.46,510.06,513.19,152342,0.0
2019-05-30,508.22,513.8825,505.53,509.64,239358,0.0
2019-06-02,511.91,514.615,496.11,498.79,161502,0.0
2019-06-03,504.44,507.67,498.25,505.99,400580,0.0
2019-06-04,508.17,531.03,507.51,530.14,420204,0.0
2019-06-05,531.59,540.85,528.96,539.97,234977,0.0
2019-06-06,542.1,546.55,538.83,539.87,210908,0.0
2019-06-09,543.68,554.94,543.68,550.6,261670,0.0
2019-06-10,554.66,555.1,540.0081,544.79,238076,0.0
2019-06-11,542.5,548.98,539.66,547.89,71526,0.0
2019-06-12,548.37,550.66,540.0431,549.86,264551,0.0
2019-06-13,549.42,550.66,545.83,549.94,249683,0.0
2019-06-16,549.87,557.09,549.68,554.61,129150,0.0
2019-06-17,559.24,560.11,551.955,555.96,191290,0.0
2019-06-18,554.8,557.46,549.57,556.72,212849,0.0
2019-06-19,562.17,562.65,550.93,555.45,195371,0.0
2019-06-20,552.41,561.97,550.06,560.54,247499,0.0
2019-06-23,559.94,560.08,552.78,553.57,104281,0.0
2019-06-24,552.92,556.035,536.98,538.86,215585,0.0
2019-06-25,540.14,546.435,530.1763,534.685,212147,0.0
2019-06-26,534.72,545.37,531.67,542.94,144367,0.0
2019-06-27,542,555.57,541.73,555.55,187906,0.0
2019-06-30,560.24,565.96,557.24,559.41,168244,0.0
2019-07-01,559.35,566.03,558.575,560.16,220153,0.0
2019-07-02,562.25,566.22,559.406,565.5,202128,0.0
2019-07-04,563.95,566.03,555.66,564.17,171568,0.0
2019-07-07,562.96,568.15,560.23,562.51,103750,0.0
2019-07-08,560.46,568.25,557.37,566.83,497634,0.0
2019-07-09,572.59,581.785,572.59,580.42,229033,0.0
2019-07-10,583.5,588.93,580.55,588.55,150890,0.0
2019-07-11,589.41,592.34,583.13,587.94,116481,0.0
2019-07-14,587.89,590.52,583.45,584.72,88462,0.0
2019-07-15,586.24,590.4882,579.67,581.64,237478,0.0
2019-07-16,583.99,587.79,580.87,583.2,129787,0.0
2019-07-17,581.42,588.44,580.06,588.44,274519,0.0
2019-07-18,590.11,590.57,582.865,582.865,141003,0.0
2019-07-21,585.08,590.36,582.82,583.82,107524,0.0
2019-07-22,585.85,586.2599,575.77,579.59,288864,0.0
2019-07-23,600.01,631.9989,591.815,628.59,772527,0.0
2019-07-24,629.1,634.015,618.8,628.72,463356,0.0
2019-07-25,631.13,636.47,625.215,634.47,207661,0.0
2019-07-28,635.61,638.165,628.57,630.44,161785,0.0
2019-07-29,626.28,628.83,615.96,618.15,242268,0.0
2019-07-30,620.18,620.65,610,615.56,234302,0.0
2019-07-31,617.54,621.9213,600.94,607.01,222189,0.0
2019-08-01,605.5,605.5,594,599.125,148853,0.0
2019-08-04,588.64,596.015,579.58,585.1,151689,0.0
2019-08-05,589.22,598.72,589.22,594.61,126985,0.0
2019-08-06,588.99,607.67,587.241,607.19,116413,0.0
2019-08-07,610.51,629.92,608.86,629.415,150284,0.0
2019-08-08,630.91,637.4,623.75,632.94,189691,0.0
2019-08-11,631.24,637.16,626.8076,629.56,206750,0.0
2019-08-12,628.78,639.41,623.73,626.5,181349,0.0
2019-08-13,617.11,619.98,596.43,599.79,251393,0.0
2019-08-14,603.94,613.65,598.3,611.69,91031,0.0
2019-08-15,609.64,620.24,609.36,618.715,109421,0.0
2019-08-18,617.65,629.82,617.48,617.82,186950,0.0
2019-08-19,618.15,620.54,611.71,614.43,163971,0.0
2019-08-20,618.67,626.91,616.665,621.06,67174,0.0
2019-08-21,622.82,626.7,611.97,615.65,96457,0.0
2019-08-22,615.59,622.71,605.01,606.95,116304,0.0
2019-08-25,615.22,617.91,607.22,617.91,119120,0.0
2019-08-26,619.94,621.4,608.2,612.61,160539,0.0
2019-08-27,607.67,615.25,605.001,612.65,165715,0.0
2019-08-28,620.65,621.315,613.74,613.74,169311,0.0
2019-08-29,616.15,616.36,603.66,614.63,215024,0.0
2019-09-02,610.55,619.41,607.34,611.59,126294,0.0
2019-09-03,617.8,617.8,608.79,614.08,119406,0.0
2019-09-04,616.6,622.4238,607.26,613.19,212273,0.0
2019-09-05,616.38,624.97,612.81,615.83,147644,0.0
2019-09-08,617.95,621.51,577.12,577.75,247680,0.0
2019-09-09,574.51,580.09,564.44,579.85,295973,0.0
2019-09-10,582.37,582.7,561.2349,571.54,232326,0.0
2019-09-11,575.25,587.33,572.71,583.48,139904,0.0
2019-09-12,584.05,585.76,569.44,569.99,169420,0.0
2019-09-15,567.44,580.3,565.605,579.42,180551,0.0
2019-09-16,581,598.405,580,598,200063,0.0
2019-09-17,596.39,596.39,582.55,591.1,311176,0.0
2019-09-18,590.96,601.59,589.01,598.87,102774,0.0
2019-09-19,594.75,600.73,591.06,594.34,191908,0.0
2019-09-22,596.21,598.52,588.66,595.07,170151,0.0
2019-09-23,594.95,599.13,583.2901,587.17,237482,0.0
2019-09-24,590.67,599.75,582.035,595.16,250402,0.0
2019-09-25,592.54,598.1999,582.42,594.58,229703,0.0
2019-09-26,595.1,598,572.21,576.05,188871,0.0
2019-09-29,577.83,597.525,576.245,593.44,145866,0.0
2019-09-30,590.4,607.29,589.61,596.81,178395,0.0
2019-10-01,593.88,593.915,581.94,586.97,236339,0.0
2019-10-02,586.33,593.74,578.52,591.42,132139,0.0
2019-10-03,594.34,597.86,584.76,586.47,753631,0.0
2019-10-06,582.14,600.85,577.48,591.46,218189,0.0
2019-10-07,595.1,595.1,575.73,578.14,258005,0.0
2019-10-08,581.2,601.93,576.64,601,412400,0.0
2019-10-09,598.31,605.3061,594.79,601.88,495775,0.0
2019-10-10,608.65,623.535,607.71,614.28,679130,0.0
2019-10-13,613.27,617.9,598.405,600.5,386333,0.0
2019-10-14,603.82,604.006,596.43,600.14,403263,0.0
2019-10-15,599.47,599.47,578.66,589.67,583292,0.0
2019-10-16,595.63,601.96,585.95,586.39,206769,0.0
2019-10-17,587.31,591.3,579.84,587.6,343472,0.0
2019-10-20,586.245,593.97,582.335,589.48,157522,0.0
2019-10-21,593.64,601.485,570.38,572.96,230652,0.0
2019-10-22,532,567.65,510.03,566.74,1785500,0.0
2019-10-23,566.29,574.555,548.49,568.03,388173,0.0
2019-10-24,570.78,575.13,562.68,565.25,350510,0.0
2019-10-27,565.01,571.34,555.51,558,189101,0.0
2019-10-28,555.37,564.35,551.5,554.5,350196,0.0
2019-10-29,556.25,561.63,549.12,549.79,462938,0.0
2019-10-30,549.65,555.385,544.285,549.07,98153,0.0
2019-10-31,553.38,556.97,544.08,548.16,254576,0.0
2019-11-03,551.37,552,542.41,544.45,207102,0.0
2019-11-04,544.28,560,540.18,555.69,277198,0.0
2019-11-05,551.42,555.71,546.03,551.25,278074,0.0
2019-11-06,550.57,553.82,544.71,545.71,178937,0.0
2019-11-07,545.21,551.28,544.08,549.98,174685,0.0
2019-11-10,549,560.83,549,557.51,260155,0.0
2019-11-11,558.43,565.19,556.5,562.33,307289,0.0
2019-11-12,560.49,566.18,557.16,564.78,180483,0.0
2019-11-13,564.69,570.845,559.96,568.87,224796,0.0
2019-11-14,571.77,583.77,567.7,583.22,197248,0.0
2019-11-17,580.92,601.045,580.2,597.91,428578,0.0
2019-11-18,591.6,596.445,583.18,590.885,359123,0.0
2019-11-19,585.88,599.19,585.88,594.97,289332,0.0
2019-11-20,594.35,598.41,582.96,586.53,252696,0.0
2019-11-21,586.5,597.935,586.5,590.14,224277,0.0
2019-11-24,593.36,609.58,592.97,609.06,178219,0.0
2019-11-25,610.27,619.07,610.27,617.47,229486,0.0
2019-11-26,617.98,619.8,609.2726,616.69,228749,0.0
2019-11-28,617.3,617.725,610.88,612.09,93856,0.0
2019-12-01,611.46,613.69,599.78,602.7,156678,0.0
2019-12-02,596.25,602,590,592.885,215985,0.0
2019-12-03,593.04,598.48,585.81,585.99,180168,0.0
2019-12-04,587.09,594.75,587.09,591.26,229260,0.0
2019-12-05,596.89,603.87,589,590.88,441739,0.0
2019-12-08,589.53,596.085,588.92,594.43,242899,0.0
2019-12-09,594.37,598.99,579.91,581.64,193071,0.0
2019-12-10,580.74,585.215,572.3351,579.96,141803,0.0
2019-12-11,580,585.03,566.63,568.21,361119,0.0
2019-12-12,568.21,581.49,568.21,580.56,285509,0.0
2019-12-15,580.5,595.005,580.5,589.2,225739,0.0
2019-12-16,589.8,595.57,586.9228,594.64,164178,0.0
2019-12-17,596.26,598.85,579.37,585.9,195173,0.0
2019-12-18,585.19,599.78,580.01,591.76,248351,0.0
2019-12-19,593.18,606.22,589.76,604.77,398311,0.0
2019-12-22,606.53,608.285,597.91,601.95,152722,0.0
2019-12-23,601.43,601.57,592.58,599.5,54895,0.0
2019-12-25,599.8,604.045,596.66,600.82,122940,0.0
2019-12-26,602.9,607.42,595.02,599.32,98284,0.0
2019-12-29,600.75,600.75,588.7801,596.92,125789,0.0
2019-12-30,594.26,600.88,590.175,598.51,129767,0.0
2020-01-01,605.04,621.13,600.92,621,228724,0.0
2020-01-02,615.42,626.78,612.63,626.48,176685,0.0
2020-01-05,623.44,625.63,616.03,624.08,130128,0.0
2020-01-06,625.65,627.36,618.31,620.44,200355,0.0
2020-01-07,621.31,628.65,618.7,625.25,197055,0.0
2020-01-08,629.43,637.005,627,630.17,160192,0.0
2020-01-09,634.62,647.32,629.9,645.28,208992,0.0
2020-01-12,645.5,648.91,641.02,641.98,164776,0.0
2020-01-13,642.7,644.53,633.1,640.72,106223,0.0
2020-01-14,639.88,654.62,639.88,648.44,126163,0.0
2020-01-15,650,655.47,647.09,651.72,166703,0.0
2020-01-16,659,661.3,646.14,649.36,214467,0.0
2020-01-20,648.31,661.49,647.99,660.74,395944,0.0
2020-01-21,664,670.6,663.65,669.435,478816,0.0
2020-01-22,663.33,663.75,644.48,646.4,600156,0.0
2020-01-23,650.16,658.71,646.57,650.65,270728,0.0
2020-01-26,641.4,654.75,639.46,652.5,153788,0.0
2020-01-27,655.8,663.725,650.3166,660.42,140890,0.0
2020-01-28,661.97,666.14,654.48,657.94,84017,0.0
2020-01-29,652.6,661.945,652.6,659.89,74247,0.0
2020-01-30,656.8,661.255,650.11,653.12,133050,0.0
2020-02-02,658.48,668.925,657.035,659.79,333535,0.0
2020-02-03,665.93,685.76,663.05,685.72,291702,0.0
2020-02-04,693.9,696.71,663.62,665.32,287967,0.0
2020-02-05,667.9,680.99,664.68,666.13,223573,0.0
2020-02-06,666.67,672,659.1212,666.47,90659,0.0
2020-02-09,665.89,673.415,663.45,672.17,120279,0.0
2020-02-10,674,679.25,663.98,668.31,123339,0.0
2020-02-11,704.99,746.7,695.01,739.98,701826,0.0
2020-02-12,739.71,739.87,727.4,729.35,292066,0.0
2020-02-13,733.27,734.49,721.88,730.71,189310,0.0
2020-02-17,732.37,736.36,729.04,735.97,264641,0.0
2020-02-18,739.64,744.95,733.675,737.49,278548,0.0
2020-02-19,735.59,740.73,708.735,722.24,283921,0.0
2020-02-20,719.03,723.15,709.7,715.5,191934,0.0
2020-02-23,702.5,714.79,684.91,706.99,248953,0.0
2020-02-24,711.31,715.94,692.27,692.56,433871,0.0
2020-02-25,706.57,715.7,676.81,684.35,686954,0.0
2020-02-26,670.26,697.339,667.35,668.36,296656,0.0
2020-02-27,647.3,669.86,643.02,667.51,350535,0.0
2020-03-01,662.43,711.265,650.855,705.79,373364,0.0
2020-03-02,703.2,712.7536,680.88,690.21,157782,0.0
2020-03-03,700.31,735.93,697.36,735,268156,0.0
2020-03-04,716.58,731.53,710.14,717.39,271490,0.0
2020-03-05,692.47,710.9,684.0388,707.84,214797,0.0
2020-03-08,660.94,691.135,649.17,669.72,279893,0.0
2020-03-09,685.92,695.34,663.6286,693.16,461574,0.0
2020-03-10,672.9,687.8425,644.3,652.25,458512,0.0
2020-03-11,625,670,600.35,612.92,496328,0.0
2020-03-12,639.86,667.56,614.69,663.93,321313,0.0
2020-03-15,596.72,629.65,583.94,587.58,737612,0.0
2020-03-16,598.06,611.19,561.66,591.95,410222,0.0
2020-03-17,558.24,572.67,531.23,558.72,469411,0.0
2020-03-18,553.12,577.8,540,560.78,450852,0.0
2020-03-19,577.17,594.695,536.02,551.36,323730,0.0
2020-03-22,552.44,566.48,500.24,522.98,327712,0.0
2020-03-23,544.92,548.783,519.48,540.65,315650,0.0
2020-03-24,546.84,555.98,517.155,540.41,707242,0.0
2020-03-25,547.76,585.75,537.755,582.81,269753,0.0
2020-03-26,568.05,597.12,552.8,582.74,443890,0.0
2020-03-29,590.41,608.98,588.2233,599.18,271840,0.0
2020-03-30,593.97,606.99,580.105,586.99,462858,0.0
2020-03-31,568.79,580.1,536.52,539.6,419822,0.0
2020-04-01,528.58,541.46,520.305,537.7,729608,0.0
2020-04-02,533.4,548.16,520.17,527.64,340684,0.0
2020-04-05,546.37,592.38,534.395,585.85,313499,0.0
2020-04-06,603.13,620.28,587.19,587.58,231524,0.0
2020-04-07,594.97,619.72,583.96,612.54,251324,0.0
2020-04-08,614.61,639.74,607.375,631.25,232718,0.0
2020-04-12,625.68,627.46,602.093,625.15,152800,0.0
2020-04-13,638.49,647.21,620.3,645.56,228952,0.0
2020-04-14,638.02,654.1,636.53,641.55,341342,0.0
2020-04-15,647.41,653.12,627.94,633,593439,0.0
2020-04-16,649.14,649.14,623.33,635.54,996673,0.0
2020-04-19,633.52,633.52,601.18,603.78,1014671,0.0
2020-04-20,595.36,595.36,558.61,563.07,1156307,0.0
2020-04-21,589.61,589.61,570.58,581.58,524090,0.0
2020-04-22,582.42,599.87,569.2981,588.27,404844,0.0
2020-04-23,598.97,598.97,575.64,593,725737,0.0
2020-04-26,595,622.14,594.4627,617.75,1954798,0.0
2020-04-27,629.88,631.94,607.68,607.84,931977,0.0
2020-04-28,623.53,656.62,595.495,649.57,1379444,0.0
2020-04-29,642.8,655.17,635.0168,648.26,761220,0.0
2020-04-30,643.12,649.21,612.615,622.62,340908,0.0
2020-05-03,616.27,637.9,614.25,635.36,207576,0.0
2020-05-04,639.05,645.78,629.48,641.79,455930,0.0
2020-05-05,641.18,654,638.67,648.14,203890,0.0
2020-05-06,644.51,651.49,629.1,639.76,494592,0.0
2020-05-07,648.09,659.57,643.46,656.75,441712,0.0
2020-05-10,645.2,672.16,645.2,664.12,329618,0.0
2020-05-11,666.01,668.015,635.5,636.8,222136,0.0
2020-05-12,638.08,639.33,611.49,614.58,184810,0.0
2020-05-13,609.95,648.53,604.96,647.28,260833,0.0
2020-05-14,643.7,651.855,634.02,650.12,385926,0.0
2020-05-17,658.39,677.56,655.4,658.47,383086,0.0
2020-05-18,671.81,680.01,663.11,675.47,337218,0.0
2020-05-19,660.97,687.665,660.97,678.83,208941,0.0
2020-05-20,654,655.245,636.33,643.61,2264560,0.0
2020-05-21,645.4,662.05,644,659.54,974214,0.0
2020-05-25,672.87,679.34,662.01,663.62,304961,0.0
2020-05-26,661.56,661.56,635,657.29,507344,0.0
2020-05-27,657.28,667.555,643.88,647.09,247189,0.0
2020-05-28,650.18,657.695,643.91,656.16,143606,0.0
2020-05-31,652.16,665.2432,652.0014,657.36,252844,0.0
2020-06-01,659.43,662,646.65,660.43,276728,0.0
2020-06-02,661.66,669.15,653.73,659.17,284060,0.0
2020-06-03,651.7,666.6,643.98,652.91,269129,0.0
2020-06-04,653.34,669.12,649.66,667,270951,0.0
2020-06-07,671.5,685.79,660.7786,685.58,428594,0.0
2020-06-08,686.86,695.21,678.98,691.64,545872,0.0
2020-06-09,692.9,701.3675,683.45,697.36,256254,0.0
2020-06-10,689.07,690.725,656.88,657.48,407730,0.0
2020-06-11,670.82,673.23,662.23,665.04,32438,0.0
2020-06-14,651.96,664.835,646.46,663.52,255364,0.0
2020-06-15,682.37,693.5,673.31,677.77,301135,0.0
2020-06-16,680.1,691.11,680.1,689.92,194331,0.0
2020-06-17,689.11,702.2,689.11,701.65,243548,0.0
2020-06-18,713.2,715.88,703.63,711.61,306282,0.0
2020-06-21,711.49,722.28,706.76,722.28,107242,0.0
2020-06-22,723.65,726.94,718.4222,724.5,133523,0.0
2020-06-23,747.11,747.11,690.68,691.42,294407,0.0
2020-06-24,690.37,707.41,680,706.43,174145,0.0
2020-06-25,705.16,712.815,688.03,691.58,155364,0.0
2020-06-28,695.11,696.35,684.215,691.63,110215,0.0
2020-06-29,692.5,716.35,689.31,712.1,140142,0.0
2020-06-30,710.1,725.995,708.72,717.95,136987,0.0
2020-07-01,726.18,726.18,714.785,716.91,135460,0.0
