Date,Open,High,Low,Close,Volume,OpenInterest
2016-07-12,95.85,97.91,95.31,97.47,245776,0.0
2016-07-13,98.06,98.14,95.22,97.9,302277,0.0
2016-07-14,98.1,98.41,97.43,97.56,273643,0.0
2016-07-17,97.97,98.16,94.95,95.36,348315,0.0
2016-07-18,95.02,97.7101,94.77,95.14,526720,0.0
2016-07-19,98.68,107.331,98.25,104.35,3005800,0.0
2016-07-20,104.48,108.015,104.35,104.79,898785,0.0
2016-07-21,104.86,108.09,104.68,107.95,524561,0.0
2016-07-24,107.61,108.69,107.25,108.22,509208,0.0
2016-07-25,108.31,109.11,107.43,108.39,507442,0.0
2016-07-26,108.48,108.48,105.3,105.43,345251,0.0
2016-07-27,105.42,108.42,104.62,105.64,375050,0.0
2016-07-28,105.62,107.9,104.39,104.76,430182,0.0
2016-07-31,104.75,107.74,104.51,104.89,330558,0.0
2016-08-01,104.34,107.22,104.02,106.35,364869,0.0
2016-08-02,106.35,107.78,105.705,106.33,525233,0.0
2016-08-03,106.36,107.77,106.29,106.55,303182,0.0
2016-08-04,106.97,108.41,104.1,106.89,433781,0.0
2016-08-07,107,107,103.82,104.05,300811,0.0
2016-08-08,104.17,106.66,103.56,104.32,362876,0.0
2016-08-09,104.23,107.53,104.17,104.86,244062,0.0
2016-08-10,105.37,107.87,103.92,104.99,336327,0.0
2016-08-11,104.64,107.74,104.43,107.33,219075,0.0
2016-08-14,107.3,107.49,104.69,104.9,299727,0.0
2016-08-15,113,115.48,111.53,112.99,1901169,0.0
2016-08-16,114.41,116.08,113.56,115.66,1301983,0.0
2016-08-17,115.98,115.98,110.48,111.22,495248,0.0
2016-08-18,110.72,113.68,110.21,111.12,607125,0.0
2016-08-21,111.14,114.28,111.05,114.02,274456,0.0
2016-08-22,114.06,114.67,113.41,114.5,260052,0.0
2016-08-23,114.6,114.9699,113.89,114.47,248001,0.0
2016-08-24,114.42,116.67,114.42,116.04,555356,0.0
2016-08-25,115.96,116.87,112.44,113,393509,0.0
2016-08-28,112.86,116.499,112.35,116.37,287970,0.0
2016-08-29,116.07,117,113.43,114.3,362009,0.0
2016-08-30,114.36,117.47,113.78,114.76,374248,0.0
2016-08-31,115.23,117.758,114.35,117.7,329713,0.0
2016-09-01,118.23,119.18,118.07,118.85,394482,0.0
2016-09-05,119.12,119.94,117.845,119.15,314417,0.0
2016-09-06,118.86,118.955,118.14,118.3,466364,0.0
2016-09-07,117.82,117.87,117.13,117.19,314173,0.0
2016-09-08,113.72,115.44,111.07,113.8299,849137,0.0
2016-09-11,114.08,114.92,113.76,114.72,611978,0.0
2016-09-12,113.76,114.26,110.22,110.29,746522,0.0
2016-09-13,110.37,114.06,109.93,110.49,534017,0.0
2016-09-14,110.31,114.56,109.87,114.12,461043,0.0
2016-09-15,113.55,114.09,112.91,113.32,456481,0.0
2016-09-18,113.54,114.29,113.07,113.32,268802,0.0
2016-09-19,114.11,114.27,111.02,111.19,365390,0.0
2016-09-20,111.22,114.77,110.33,112.02,380583,0.0
2016-09-21,112.29,115.409,112.1,115.11,252068,0.0
2016-09-22,114.98,115.8599,111.29,114.17,229603,0.0
2016-09-25,113.85,114.0582,113.1,113.2,281124,0.0
2016-09-26,113.19,113.72,112.33,113.4,468487,0.0
2016-09-27,118.89,118.9,115.62,116.15,1147769,0.0
2016-09-28,115.55,116.0688,111.09,111.36,1170977,0.0
2016-09-29,111.9,112.81,111.33,112.6,844141,0.0
2016-10-02,112.77,113.8989,112.16,112.44,587338,0.0
2016-10-03,112.44,112.75,107.86,108.87,607167,0.0
2016-10-04,108.75,111.8,108.13,110.91,407952,0.0
2016-10-05,110.4,112,110.31,111.77,306970,0.0
2016-10-06,112.03,112.03,110.34,110.46,344776,0.0
2016-10-09,110.84,111.36,110.5,110.78,234109,0.0
2016-10-10,110.31,110.9,108.98,109.35,354177,0.0
2016-10-11,109.58,110.11,107.12,107.18,253098,0.0
2016-10-12,106.8,109.77,105.85,109.33,266490,0.0
2016-10-13,109.46,110.15,106.65,106.69,205625,0.0
2016-10-16,106.47,109.52,106.25,108.25,294768,0.0
2016-10-17,109.28,111.03,108.3,108.4,425341,0.0
2016-10-18,108.18,108.78,107.79,108.07,393772,0.0
2016-10-19,107.9,107.98,104.01,104.07,689853,0.0
2016-10-20,103.62,106.6499,103.36,103.96,451993,0.0
2016-10-23,104.56,107.42,104.04,106.97,252920,0.0
2016-10-24,106.64,106.92,104.2,104.23,386083,0.0
2016-10-25,103.83,106.75,103.28,106.61,329344,0.0
2016-10-26,106.83,107,105.42,105.68,274855,0.0
2016-10-27,105.53,106.73,105.29,105.94,323311,0.0
2016-10-30,106.45,107.13,105.76,106.67,452974,0.0
2016-10-31,106.45,106.54,103.96,104.37,547986,0.0
2016-11-01,102.9,103.39,101.38,101.46,505734,0.0
2016-11-02,101.59,103.07,100.96,102.99,378517,0.0
2016-11-03,103.23,103.84,102.84,103.06,308686,0.0
2016-11-06,104.14,104.86,103.774,104.81,244286,0.0
2016-11-07,104.79,105.96,104.19,104.49,247226,0.0
2016-11-08,102.41,107.4,101.73,106.33,560224,0.0
2016-11-09,106.53,108.39,106.2,107.98,494251,0.0
2016-11-10,107.29,108.59,106.97,107.54,434301,0.0
2016-11-13,107.97,109.21,107.04,109.04,497011,0.0
2016-11-14,109.36,109.56,108.36,109.15,273071,0.0
2016-11-15,108.74,109.07,107.31,107.81,296434,0.0
2016-11-16,107.83,110.7,107.8,110.4,397802,0.0
2016-11-17,110.37,111.77,109.74,111.71,564281,0.0
2016-11-20,111.98,112.81,110.985,112.79,405701,0.0
2016-11-21,112.81,114.2821,112.34,113.6,517939,0.0
2016-11-22,113.82,115.72,113.82,115.32,391549,0.0
2016-11-24,115.77,116.5,115.07,116.5,173337,0.0
2016-11-27,116.17,116.59,115.8,116.13,430581,0.0
2016-11-28,116.18,116.27,115.52,115.57,363855,0.0
2016-11-29,115.61,115.75,114.38,114.6,308843,0.0
2016-11-30,114.61,116.01,114.21,115.89,391092,0.0
2016-12-01,115.73,116.81,115.364,116.64,345128,0.0
2016-12-04,117,118.18,116.7001,118.05,455590,0.0
2016-12-05,117.89,118.46,116.84,117.12,351411,0.0
2016-12-06,117.36,120.497,117.16,120.37,260991,0.0
2016-12-07,120.07,120.9,119.35,120.55,329806,0.0
2016-12-08,120.37,120.925,119.11,120.7,293138,0.0
2016-12-11,120.73,121.28,120.05,120.38,392389,0.0
2016-12-12,120.59,120.87,118.37,120.55,424395,0.0
2016-12-13,120.81,121.42,119.43,119.53,421080,0.0
2016-12-14,121,122.21,118.52,120.01,413920,0.0
2016-12-15,120.19,120.59,119.22,119.7,912024,0.0
2016-12-18,120.34,121.14,119.99,120.15,596697,0.0
2016-12-19,120.2,120.49,119.44,119.78,314507,0.0
2016-12-20,119.97,120.255,118.01,118.22,400556,0.0
2016-12-21,118.83,120.22,117.85,120.04,724458,0.0
2016-12-22,117.08,117.39,113,116.36,1984986,0.0
2016-12-26,116.38,117,116.02,116.54,454094,0.0
2016-12-27,116.58,116.91,114.22,114.35,331399,0.0
2016-12-28,114.27,116.53,114.2,115.06,365759,0.0
2016-12-29,115.32,116.3599,114.38,115.56,410961,0.0
2017-01-02,116.37,117.06,114.79,115.06,586021,0.0
2017-01-03,115,117.63,114.85,117.29,428567,0.0
2017-01-04,116.89,117.71,114.96,115.02,337482,0.0
2017-01-05,115.26,116.94,114.54,116.69,288162,0.0
2017-01-08,116.47,116.47,115.04,115.48,340536,0.0
2017-01-09,115.22,115.42,114.74,114.78,575111,0.0
2017-01-10,114.24,115.56,114.24,115.32,271954,0.0
2017-01-11,115.09,115.24,112.02,113.16,390509,0.0
2017-01-12,113.04,114.87,112.56,114.56,296269,0.0
2017-01-16,113.81,114.27,113.311,113.67,172394,0.0
2017-01-17,113.98,114.13,113.23,113.96,228669,0.0
2017-01-18,113.96,114.275,112,112.51,245808,0.0
2017-01-19,113.02,114.28,112.09,113.88,246953,0.0
2017-01-22,113.77,114.3199,112.96,113.84,172642,0.0
2017-01-23,113.75,115.56,113.75,115.51,430129,0.0
2017-01-24,115.75,116.99,115.385,116.75,593703,0.0
2017-01-25,116.88,117.95,116.65,117.39,294510,0.0
2017-01-26,117.23,117.6,116.74,117.29,352500,0.0
2017-01-29,117.12,117.12,114.05,116.2,236290,0.0
2017-01-30,116.14,116.53,114.12,114.85,301646,0.0
2017-01-31,114.57,116.7399,113.95,114.83,549806,0.0
2017-02-01,114.49,115.4,113.34,115.22,319330,0.0
2017-02-02,115.68,116.68,114.33,116.11,223891,0.0
2017-02-05,115.77,115.85,114.71,114.96,299291,0.0
2017-02-06,115.32,115.34,113.13,113.55,353363,0.0
2017-02-07,113.3,114.68,113.03,114.34,288529,0.0
2017-02-08,114.55,115.46,113.87,114.11,314801,0.0
2017-02-09,114.24,116.971,113.92,115.46,356988,0.0
2017-02-12,115.97,117.65,115.37,116.99,290484,0.0
2017-02-13,116.56,117.01,114.85,117.01,238877,0.0
2017-02-14,116.74,118.52,116.465,117.13,323736,0.0
2017-02-15,117.15,119.51,116.76,119.51,305300,0.0
2017-02-16,118.97,119.38,118.09,118.61,344809,0.0
2017-02-20,118.66,119.21,118.03,118.45,242037,0.0
2017-02-21,118.12,118.84,117.64,118.79,312130,0.0
2017-02-22,119.02,119.09,117.59,118.42,207416,0.0
2017-02-23,118.07,119.07,117.9751,119.07,207151,0.0
2017-02-26,118.89,119.25,118.55,119.11,152147,0.0
2017-02-27,118.99,118.99,117.85,118.01,209668,0.0
2017-02-28,118.69,119.99,118.52,119.63,354394,0.0
2017-03-01,119.3,119.31,118.33,118.53,274777,0.0
2017-03-02,118.65,118.835,116.59,117.13,206558,0.0
2017-03-05,116.79,118.71,116.18,118.61,170007,0.0
2017-03-06,118.21,118.99,117.79,118.27,241185,0.0
2017-03-07,118.12,118.76,116.84,117.08,218103,0.0
2017-03-08,117.31,118.74,115.94,116.59,208080,0.0
2017-03-09,117.35,119.2699,116.96,119.04,302724,0.0
2017-03-12,118.88,119.38,118.74,119.13,215106,0.0
2017-03-13,118.99,119.28,116.81,117.17,213541,0.0
2017-03-14,117.56,119.31,117.18,118.17,246943,0.0
2017-03-15,118.35,119.83,117.68,119.25,188813,0.0
2017-03-16,122.31,125.93,120.83,123.52,1564304,0.0
2017-03-19,123.47,124.5999,122.37,122.96,833573,0.0
2017-03-20,123.64,124.54,122.43,123.8,729966,0.0
2017-03-21,124.09,125.2,123.7097,124.4,625292,0.0
2017-03-22,124.33,128.85,122.74,124.59,1139137,0.0
2017-03-23,125.04,126.2991,123.49,123.78,502158,0.0
2017-03-26,123.55,125.76,122.09,125.14,431009,0.0
2017-03-27,124.93,126.45,124.2,126.2,328427,0.0
2017-03-28,125.6,126.53,124.84,125.07,414165,0.0
2017-03-29,124.81,127.45,124.8,126.99,280517,0.0
2017-03-30,126.88,127.065,126.25,126.54,337312,0.0
2017-04-02,126.86,126.97,123.37,123.4,477933,0.0
2017-04-03,123.17,125.08,122.58,124.84,295608,0.0
2017-04-04,124.96,125.71,122.3,122.43,275402,0.0
2017-04-05,122.32,123.83,121.57,123.21,346239,0.0
2017-04-06,123.07,123.48,122.4,122.57,436909,0.0
2017-04-09,122.37,123.79,121.01,121.33,426656,0.0
2017-04-10,120.73,122.95,120.36,122.95,318437,0.0
2017-04-11,123.29,123.74,121.72,122.39,201865,0.0
2017-04-12,122.52,122.84,120.33,121.68,198528,0.0
2017-04-16,122.14,122.99,121.97,122.98,183443,0.0
2017-04-17,122.69,123.05,121.7,122.37,235850,0.0
2017-04-18,122.37,123.21,120.83,121.32,185956,0.0
2017-04-19,122.02,123.49,121.3,121.77,228809,0.0
2017-04-20,121.87,123.51,121.66,123.14,263005,0.0
2017-04-23,124.21,125.35,123.78,124.09,374027,0.0
2017-04-24,124.35,125.87,123.5,123.76,349264,0.0
2017-04-25,123.81,125.21,122.93,124.23,353627,0.0
2017-04-26,124.16,125.04,123.66,123.93,267577,0.0
2017-04-27,124.02,124.02,122.41,122.49,339126,0.0
2017-04-30,121.6,122.73,119.53,120.26,378352,0.0
2017-05-01,120.34,122.732,119.9,121.81,300117,0.0
2017-05-02,121.77,121.92,119.945,120.87,314254,0.0
2017-05-03,121.17,121.74,120.05,120.62,212301,0.0
2017-05-04,121.05,122.82,120.37,121.66,200468,0.0
2017-05-07,121.34,122.56,119.52,120.92,257124,0.0
2017-05-08,120.76,121.66,119.77,120.18,222758,0.0
2017-05-09,120.16,121.82,119.58,121.42,211965,0.0
2017-05-10,121.21,122.56,120.72,122.54,305091,0.0
2017-05-11,122.18,122.58,121.47,122.31,265481,0.0
2017-05-14,122.21,122.83,121.32,122.36,189630,0.0
2017-05-15,122.24,122.59,121.75,122.56,312083,0.0
2017-05-16,121.67,122.08,120.12,120.16,298558,0.0
2017-05-17,120.36,121.17,119.54,120.58,325793,0.0
2017-05-18,120.66,121.4,119.69,119.71,487904,0.0
2017-05-21,119.84,121.82,119.53,121.73,265773,0.0
2017-05-22,121.95,122.53,121.41,122.39,241285,0.0
2017-05-23,122.75,124.8723,122.4,124.69,327254,0.0
2017-05-24,125.08,125.89,124.64,125.57,199893,0.0
2017-05-25,125.15,125.56,123.75,123.8,179047,0.0
2017-05-29,123.25,124.75,122.44,123.4,223997,0.0
2017-05-30,123.69,125.8,123.17,124.52,233264,0.0
2017-05-31,124.76,126.92,123.43,126.92,191496,0.0
2017-06-01,127.21,128.66,126.82,126.89,201214,0.0
2017-06-04,127.11,128.099,126.26,126.61,218931,0.0
2017-06-05,126.5,126.86,123.22,123.28,182083,0.0
2017-06-06,123.71,125.36,122.68,123.14,216405,0.0
2017-06-07,123.01,124.64,121.68,123.66,319561,0.0
2017-06-08,123.96,124.05,123.26,123.7,250820,0.0
2017-06-11,123.51,126.37,123.51,124.93,313357,0.0
2017-06-12,124.87,127.65,124.62,127.26,236871,0.0
2017-06-13,127.88,128.67,126.86,127.97,300327,0.0
2017-06-14,127.41,128.05,126.42,127.82,186151,0.0
2017-06-15,127.02,129.994,127.02,129.04,629461,0.0
2017-06-18,129.39,131.41,128.21,131.35,283134,0.0
2017-06-19,131.38,131.38,128.4,128.66,199048,0.0
2017-06-20,128.6,129.92,127.87,129.59,180676,0.0
2017-06-21,129.73,129.73,129.07,129.16,174867,0.0
2017-06-22,129.31,130.29,129.03,129.41,177353,0.0
2017-06-25,130.01,130.48,127.76,128.1,110050,0.0
2017-06-26,126.61,127.46,124.67,125.82,400433,0.0
2017-06-27,126.83,127.52,125.31,125.39,211829,0.0
2017-06-28,125.12,126.08,122.28,123,299159,0.0
2017-06-29,123.95,126.53,123.74,126.03,311237,0.0
2017-07-02,126.77,127.11,125.94,125.995,190042,0.0
2017-07-04,126.09,128.26,124.45,124.75,509587,0.0
2017-07-05,124.04,125.34,122.07,122.39,325575,0.0
2017-07-06,122.7,126.63,122.7,126.13,354233,0.0
2017-07-09,125.8,126.99,125.47,126.56,349033,0.0
2017-07-10,126.02,126.46,123.78,124.47,208922,0.0
2017-07-11,125.61,127.45,125.07,125.78,197073,0.0
2017-07-12,125.98,127.68,125.79,126.46,184692,0.0
2017-07-13,126.74,126.93,126.14,126.47,171206,0.0
2017-07-16,126.38,126.56,124.39,124.82,194370,0.0
2017-07-17,124.81,126.2145,123.99,124.06,207255,0.0
2017-07-18,124.26,126.16,123.7,124.71,273271,0.0
2017-07-19,125.24,126.85,124.06,126.72,343614,0.0
2017-07-20,131.24,139.39,131.13,136.93,1986655,0.0
2017-07-23,136.81,138.81,134.93,138.27,754738,0.0
2017-07-24,138.7,138.7,136.71,137.31,590710,0.0
2017-07-25,137.21,137.965,135.16,135.63,381181,0.0
2017-07-26,135.55,136.815,133.73,134.35,476100,0.0
2017-07-27,134.4,136.23,133.89,135.58,448213,0.0
2017-07-30,135.7,135.9,133.19,133.39,344607,0.0
2017-07-31,136.6,139.74,134.35,135.51,389401,0.0
2017-08-01,135.11,135.59,133.77,134.99,440093,0.0
2017-08-02,135.03,135.61,133.66,134.12,303021,0.0
2017-08-03,134.64,135.28,133.24,133.54,228883,0.0
2017-08-06,133.4,135.35,132.72,132.99,302495,0.0
2017-08-07,132.94,134.83,131.63,131.95,593650,0.0
2017-08-08,131.78,133.65,131.06,133.34,432616,0.0
2017-08-09,132.87,133.09,130.68,130.84,492630,0.0
2017-08-10,131.32,131.73,130.09,130.34,359064,0.0
2017-08-13,131.4,133.3215,130.49,131.51,214341,0.0
2017-08-14,131.34,133.7175,130.79,133.15,300118,0.0
2017-08-15,133.31,134.14,133.17,133.36,222720,0.0
2017-08-16,133.17,133.4526,130.92,131.2,283298,0.0
2017-08-17,130.91,132.48,130.17,131.17,658842,0.0
2017-08-20,131.13,134.87,130.6,133.9,628012,0.0
2017-08-21,133.92,135.24,133.15,133.8,243284,0.0
2017-08-22,133.49,134.65,132.59,134.05,282662,0.0
2017-08-23,134.09,134.1,131.62,133.21,358681,0.0
2017-08-24,133.9,135.1,133.34,133.83,230262,0.0
2017-08-27,134.35,134.73,133.2,133.87,209590,0.0
2017-08-28,133.13,133.61,131.14,131.53,273757,0.0
2017-08-29,131.44,134.01,131.06,133.77,173681,0.0
2017-08-30,133.91,135.28,133.57,134.97,244914,0.0
2017-08-31,135.71,135.71,134.29,134.56,209676,0.0
2017-09-04,134.22,134.71,132.6,133.29,283543,0.0
2017-09-05,133.74,134.16,132.83,133.4,335394,0.0
2017-09-06,133.56,133.56,130.73,131.7,201572,0.0
2017-09-07,131.27,133.75,130.32,132.27,201592,0.0
2017-09-10,132.49,135.16,132.06,135.01,214452,0.0
2017-09-11,134.92,135.61,134.41,134.69,244631,0.0
2017-09-12,134.61,135.32,133.57,135.26,235137,0.0
2017-09-13,134.82,134.82,132.08,133.15,223318,0.0
2017-09-14,132.96,134.955,132.11,134.31,403985,0.0
2017-09-17,134.22,134.51,132.53,132.85,303072,0.0
2017-09-18,132.97,134.8,132.63,134.75,330209,0.0
2017-09-19,135,136.73,134.83,136.53,413506,0.0
2017-09-20,136.42,137.63,135.51,137.48,308200,0.0
2017-09-21,137.37,139,135.02,135.17,395180,0.0
2017-09-24,135.37,137.39,134.82,136.87,441318,0.0
2017-09-25,136.94,137.13,136.07,136.12,481312,0.0
2017-09-26,143.41,145,141.88,142.45,2252304,0.0
2017-09-27,142.11,143.3,140.28,141.22,607146,0.0
2017-09-28,140.97,144.35,140.75,142.72,648646,0.0
2017-10-01,142.93,145.62,142.46,145.44,493198,0.0
2017-10-02,145.48,147.44,145.2685,147.37,529927,0.0
2017-10-03,146.87,147.64,145.01,145.61,402167,0.0
2017-10-04,145.88,148.22,144.97,147.99,404460,0.0
2017-10-05,148,149.48,147.46,149.07,413902,0.0
2017-10-08,149.29,149.96,149.08,149.61,258958,0.0
2017-10-09,149.53,150.43,149.527,150.23,409125,0.0
2017-10-10,150.02,150.61,148.4,149.04,240076,0.0
2017-10-11,148.88,151.75,148.87,151.5,282523,0.0
2017-10-12,151.87,152.48,151.41,151.94,310482,0.0
2017-10-15,152.5,152.5,150.86,151.22,224946,0.0
2017-10-16,151.75,152.4068,150.33,151.05,272734,0.0
2017-10-17,151.4,151.82,151.0601,151.15,192111,0.0
2017-10-18,150.5,150.97,149.435,150.95,267293,0.0
2017-10-19,151.79,152.83,151.04,152.19,233838,0.0
2017-10-22,152.11,152.21,151.36,151.51,158802,0.0
2017-10-23,151.53,151.9299,150.4,150.85,264052,0.0
2017-10-24,150.68,151.08,148.28,148.53,266406,0.0
2017-10-25,149.28,151.7,149.05,151.51,242064,0.0
2017-10-26,150.84,151.66,150.11,151.56,179562,0.0
2017-10-29,151.24,151.24,149.165,149.22,201545,0.0
2017-10-30,149.94,149.975,147.29,147.43,263560,0.0
2017-10-31,147.24,148.38,145.5775,147.12,480723,0.0
2017-11-01,147.06,148.34,146.13,147.58,370270,0.0
2017-11-02,147.61,148.51,147.03,148.33,244788,0.0
2017-11-05,148.05,148.36,145.38,145.97,198140,0.0
2017-11-06,146.46,148.44,145.9,147.87,204867,0.0
2017-11-07,147.43,149.66,147.27,149.6,260411,0.0
2017-11-08,147.48,147.72,144.4,145.44,402853,0.0
2017-11-09,144.82,146.14,144.82,146.1,299808,0.0
2017-11-12,145.86,147.76,145.66,147.36,319966,0.0
2017-11-13,146.57,149.46,146.57,149.2,457300,0.0
2017-11-14,148.4,149.65,147.631,149.5,539992,0.0
2017-11-15,149.53,150.62,149.25,150.11,397918,0.0
2017-11-16,149.77,150.07,148.32,148.92,261334,0.0
2017-11-19,148.74,149.43,148.05,148.25,236657,0.0
2017-11-20,148.77,148.86,147.21,147.56,409663,0.0
2017-11-21,147.56,147.71,146.56,147.35,296887,0.0
2017-11-23,147.93,148.22,147.49,147.78,195333,0.0
2017-11-26,147.91,149.1,147.61,147.95,394234,0.0
2017-11-27,148.19,152.18,147.78,152.03,392354,0.0
2017-11-28,151.98,153.87,151.54,153.76,486445,0.0
2017-11-29,153.35,157.81,153.01,157.43,697297,0.0
2017-11-30,157.19,158.43,155.03,157.5,495921,0.0
2017-12-03,158.41,159.68,157.54,158.71,583808,0.0
2017-12-04,158.88,159.53,156.1,156.28,410474,0.0
2017-12-05,156.88,157.6,156.14,156.52,215777,0.0
2017-12-06,156.04,158.86,155.96,157.99,221797,0.0
2017-12-07,158.54,159.21,157.845,159.21,213305,0.0
2017-12-10,158.98,159.83,157.95,158.34,294990,0.0
2017-12-11,158.31,158.39,156.96,157.22,205449,0.0
2017-12-12,157.6,158.88,157.03,157.32,323825,0.0
2017-12-13,158.02,158.2175,156.87,157.2,255548,0.0
2017-12-14,157.65,158.9199,156.7,158.03,610776,0.0
2017-12-17,159.53,160.21,158.59,159.88,668237,0.0
2017-12-18,160.66,161,158.4,159,468193,0.0
2017-12-19,159.33,160.05,158.89,159.11,341186,0.0
2017-12-20,160.53,160.53,157.665,159.57,608910,0.0
2017-12-21,162.01,163.45,153.01,156.91,1794992,0.0
2017-12-25,156.54,157.64,155.41,155.46,380067,0.0
2017-12-26,155.96,156.5299,155.262,156.01,258975,0.0
2017-12-27,155.98,156.72,154.81,156.62,301565,0.0
2017-12-28,156.99,157.1,155.81,155.84,231212,0.0
2018-01-01,157.26,157.53,155.94,156.84,291984,0.0
2018-01-02,156.21,158.67,156.21,158.38,364883,0.0
2018-01-03,158.69,161.29,158.42,161.17,365657,0.0
2018-01-04,161.32,161.77,160.67,161.55,398592,0.0
2018-01-07,161.38,162.58,159.83,161.95,402928,0.0
2018-01-08,162,162.2237,161.15,161.21,308137,0.0
2018-01-09,160.98,161.32,159.79,160.33,268377,0.0
2018-01-10,160.3,162.24,159.85,162.08,315256,0.0
2018-01-11,161.81,162.25,160.06,160.42,263491,0.0
2018-01-15,161.11,162.11,160.81,161.28,303555,0.0
2018-01-16,161.33,163.05,161.33,162.67,600601,0.0
2018-01-17,160.89,162.989,160,161.83,445919,0.0
2018-01-18,161.94,164.17,161.37,164.07,292348,0.0
2018-01-21,164,165.2,163.21,165.13,314552,0.0
2018-01-22,164.89,165.28,163.39,164.9,264958,0.0
2018-01-23,165.34,165.81,164.64,165.01,268727,0.0
2018-01-24,165.91,167.56,165.4,166.6,340569,0.0
2018-01-25,166.83,167.8,166.0208,167.75,224470,0.0
2018-01-28,167.36,167.575,165.57,166.02,332918,0.0
2018-01-29,166.13,166.98,165.11,165.84,281990,0.0
2018-01-30,166.3,169.96,166.26,168.46,605811,0.0
2018-01-31,167.87,168.33,164,165.21,404924,0.0
2018-02-01,164.38,164.97,161.67,161.82,285264,0.0
2018-02-04,162.31,163.39,156.43,156.45,523210,0.0
2018-02-05,154.42,157.305,151.92,156.35,648297,0.0
2018-02-06,155.72,159.46,155.49,156.61,428549,0.0
2018-02-07,156.09,156.7911,149.25,149.35,476615,0.0
2018-02-08,150.81,154.09,147.38,152.73,732858,0.0
2018-02-11,153.44,155.64,152.43,154.4,236850,0.0
2018-02-12,153.66,156.6,152.91,156.07,185107,0.0
2018-02-13,154.89,164.48,154.44,164.37,1040626,0.0
2018-02-14,165.23,167.09,163.265,166.94,491595,0.0
2018-02-15,167.35,167.865,166.32,167.11,457145,0.0
2018-02-19,166.35,168.63,165.5,166.67,389557,0.0
2018-02-20,166.44,169.72,166.25,167.34,293620,0.0
2018-02-21,167.18,169.09,166.62,167.11,313773,0.0
2018-02-22,168.44,170.13,166.63,169.98,243487,0.0
2018-02-25,170.7,171,169,170.79,595134,0.0
2018-02-26,171,171.5717,170.31,171,626428,0.0
2018-02-27,171.83,172.91,170.66,170.75,535803,0.0
2018-02-28,171.27,172.6719,168.38,169.62,466329,0.0
2018-03-01,168.18,170.6584,167.08,169.96,345514,0.0
2018-03-04,168.61,171.75,167.19,171.42,221645,0.0
2018-03-05,171.65,172.12,170.33,171.99,278983,0.0
2018-03-06,171.16,172.78,171.16,172.19,397209,0.0
2018-03-07,172.25,172.77,170.75,172.23,292592,0.0
2018-03-08,173.06,178.34,172.49,178.32,296330,0.0
2018-03-11,177.92,177.92,174.8,176.64,430344,0.0
2018-03-12,178,178.28,175.74,176.15,208097,0.0
2018-03-13,176.65,176.65,173.4,173.61,197972,0.0
2018-03-14,174.11,174.48,172.66,173.23,241605,0.0
2018-03-15,174.05,174.85,172.55,173.28,422099,0.0
2018-03-18,172.97,173.32,171.25,173,330524,0.0
2018-03-19,173.17,174.75,172.44,172.5,258939,0.0
2018-03-20,172.89,175.4,172.59,173.3,343436,0.0
2018-03-21,170.96,172.055,162.1112,163.12,841075,0.0
2018-03-22,166.73,174.7,165.01,167.91,1045256,0.0
2018-03-25,170.59,172.82,168.23,170.99,588068,0.0
2018-03-26,174.27,174.9,168.63,169.62,429264,0.0
2018-03-27,169.65,171.07,168.5,169.04,293074,0.0
2018-03-28,169.53,172.12,168.56,170.47,330488,0.0
2018-04-01,170.11,170.99,165.48,167.45,359006,0.0
2018-04-02,168.47,170.06,167.69,169.82,406775,0.0
2018-04-03,167.98,170.2399,166.8801,169.42,313843,0.0
2018-04-04,170.55,172.62,169.6,171.62,282507,0.0
2018-04-05,170.09,171.28,165.33,166.73,191040,0.0
2018-04-08,168.03,170.29,167.51,167.65,263240,0.0
2018-04-09,170,171.47,169.29,170.29,326631,0.0
2018-04-10,169.23,170.76,168.88,170.14,302506,0.0
2018-04-11,170.63,173.04,170.625,172.18,296901,0.0
2018-04-12,172.75,172.75,169.58,170.15,201298,0.0
2018-04-15,171.63,173.05,170.69,172.94,204812,0.0
2018-04-16,173.72,175.1,173.53,173.93,290163,0.0
2018-04-17,174.27,174.76,172.08,174.36,178676,0.0
2018-04-18,174.19,174.8,172.93,174.16,167307,0.0
2018-04-19,173.74,174.64,172.29,173.14,162948,0.0
2018-04-22,173.92,174.09,172.3516,173.11,209249,0.0
2018-04-23,174.5,174.9995,169.88,171.5,275556,0.0
2018-04-24,171.09,172.28,169.74,171.2,216275,0.0
2018-04-25,171.93,173.49,170.253,172.895,190156,0.0
2018-04-26,172.91,173.85,171.91,173.31,189931,0.0
2018-04-29,173.23,174.66,170.25,170.32,342762,0.0
2018-04-30,169.59,172.66,169,172.32,309614,0.0
2018-05-01,171.18,173.2099,170.14,170.86,220583,0.0
2018-05-02,170.04,174.39,170,173.01,365862,0.0
2018-05-03,172.3,175.67,171.885,175.23,294417,0.0
2018-05-06,175.64,176.46,174.54,175.75,449569,0.0
2018-05-07,175.6,176.74,175,176.64,226821,0.0
2018-05-08,176.66,179,175.4301,178.87,181951,0.0
2018-05-09,179.74,182.1699,179.16,181.98,211809,0.0
2018-05-10,181.44,183.99,181.31,183.92,227389,0.0
2018-05-13,183.64,184.22,182.64,183.27,229788,0.0
2018-05-14,182.34,183.26,181.64,183.15,180838,0.0
2018-05-15,182.85,183.64,181.71,182.18,182138,0.0
2018-05-16,182.43,183.48,181.84,182.25,218350,0.0
2018-05-17,182.57,183.37,181.2961,182.83,216983,0.0
2018-05-20,183,183.6499,182.6,183.42,311913,0.0
2018-05-21,183.5,183.66,180.63,180.88,248673,0.0
2018-05-22,180.31,180.8699,179.15,180.76,264033,0.0
2018-05-23,181.15,182,179.94,181.71,191619,0.0
2018-05-24,181.08,182.02,180.1,180.81,178285,0.0
2018-05-28,179.79,181.6,179.09,180.63,210095,0.0
2018-05-29,181.05,183.22,180.5801,183.15,216897,0.0
2018-05-30,183.23,184.06,181.66,182.25,371508,0.0
2018-05-31,182.87,184.68,182.2,184.56,315409,0.0
2018-06-03,184.99,187.18,184.965,186.81,249269,0.0
2018-06-04,187.35,189.9,187.3,189.9,262262,0.0
2018-06-05,189.95,191.34,189.52,190.94,281103,0.0
2018-06-06,190.8,191.205,187.79,189.07,262032,0.0
2018-06-07,189.18,191.58,188.54,191.46,165621,0.0
2018-06-10,191.26,191.91,189.94,190.54,163763,0.0
2018-06-11,191.24,192.799,191.01,192.3,184942,0.0
2018-06-12,192.15,194.09,192.15,192.31,188141,0.0
2018-06-13,193.1,193.1,190.8,191.55,249913,0.0
2018-06-14,191.72,191.73,189.31,190.52,552407,0.0
2018-06-17,190.63,191.45,189.32,191.01,163834,0.0
2018-06-18,189.61,190.74,187.86,190.54,196548,0.0
2018-06-19,191.02,191.37,189.54,190.3,167131,0.0
2018-06-20,190.11,190.6,188.01,189.44,210304,0.0
2018-06-21,190.44,190.99,188.37,188.63,179177,0.0
2018-06-24,187.54,188.85,184.7,185.52,361782,0.0
2018-06-25,185.95,187.41,185.52,186.62,188712,0.0
2018-06-26,186.04,187.98,184.16,184.39,201136,0.0
2018-06-27,184.48,186.27,184.18,185.56,162556,0.0
2018-06-28,185.79,188.17,185.04,185.07,212393,0.0
2018-07-01,184.24,188.87,183.2,188.64,311443,0.0
2018-07-02,188.98,189.8799,186.95,187.08,158001,0.0
2018-07-04,187.83,189.61,187.21,189.39,192039,0.0
2018-07-05,189.33,191.9199,188.7005,191.27,143381,0.0
2018-07-08,191.91,192.99,191.5,192.9,248844,0.0
2018-07-09,193.07,194.32,192.39,193.35,278399,0.0
2018-07-10,192.07,194.31,191.95,193.58,328455,0.0
2018-07-11,194.56,195.18,193.1,195.06,220463,0.0
2018-07-12,195.43,196.319,194.97,195.69,183632,0.0
2018-07-15,195.78,196.02,192.17,192.5,304451,0.0
2018-07-16,193.66,194.59,192.61,194.26,325900,0.0
2018-07-17,193.89,194.99,192.17,192.53,323376,0.0
2018-07-18,192.6,193.94,191.48,193.68,458618,0.0
2018-07-19,196.5,204.275,195.06,203.56,958006,0.0
2018-07-22,203.74,207.9779,203.44,205.09,749800,0.0
2018-07-23,204.57,207.975,204.57,206.97,496651,0.0
2018-07-24,206.64,209.39,206.14,209.25,505122,0.0
2018-07-25,209.96,210.38,207.43,208.78,413240,0.0
2018-07-26,208.96,209.22,203.42,205.04,449213,0.0
2018-07-29,204.92,204.99,201.37,202.73,548832,0.0
2018-07-30,203.88,204.96,202.73,204.48,370258,0.0
2018-07-31,204,206.62,204,205.98,421514,0.0
2018-08-01,205.39,208.47,205.13,208.19,352123,0.0
2018-08-02,208.08,208.6269,205.15,206.92,293503,0.0
2018-08-05,207.11,211.01,207.03,210.19,289574,0.0
2018-08-06,210.9,212.27,210.51,211.28,217269,0.0
2018-08-07,211.2,212.02,210.448,210.79,159839,0.0
2018-08-08,211.29,212.59,211.0202,211.39,268346,0.0
2018-08-09,209.2,211.8,209.16,210.99,325052,0.0
2018-08-12,211.13,211.92,209.135,209.73,200851,0.0
2018-08-13,209.7,211.57,208.46,210.28,366815,0.0
2018-08-14,209.53,211.64,208.69,211.4,319182,0.0
2018-08-15,212.2,213.0199,211.3,211.93,210028,0.0
2018-08-16,212.68,213.1,211.62,212.84,257635,0.0
2018-08-19,213.62,213.97,212.32,212.82,256862,0.0
2018-08-20,213.11,213.84,211.86,211.91,370475,0.0
2018-08-21,211.57,213.71,211.005,212.41,223666,0.0
2018-08-22,211.96,212.8,211.11,212.35,133643,0.0
2018-08-23,212.7,213.69,211.5,212.63,152503,0.0
2018-08-26,213.38,213.93,211.7,212,200421,0.0
2018-08-27,212.69,213.51,212.1188,213.14,138478,0.0
2018-08-28,213.54,214.75,212.4,214.26,180772,0.0
2018-08-29,213.69,214.27,212.34,213.33,125399,0.0
2018-08-30,212.9,213.72,212.57,213.45,180153,0.0
2018-09-03,213.22,216.17,213.22,215.55,212007,0.0
2018-09-04,215.5,216.835,213.42,214.6,318080,0.0
2018-09-05,214.59,216.65,214.24,216.43,143955,0.0
2018-09-06,215.7,217.34,214.441,216.3,127671,0.0
2018-09-09,216.39,216.39,214.08,214.5,199901,0.0
2018-09-10,213.7,216.88,212.4863,215.19,247564,0.0
2018-09-11,213.23,215.38,211.96,212.92,391533,0.0
2018-09-12,214.26,214.39,212.93,213.42,189176,0.0
2018-09-13,213.35,215.06,212.67,214.47,177072,0.0
2018-09-16,214.5,214.5,211.73,212.44,287595,0.0
2018-09-17,213.17,215.45,212.76,214.86,353280,0.0
2018-09-18,214.73,214.84,209.85,210.82,319277,0.0
2018-09-19,211.5,212.245,209.82,211.68,285403,0.0
2018-09-20,212.29,213.94,211.15,211.69,455737,0.0
2018-09-23,212,212.424,210.1,211.11,286596,0.0
2018-09-24,212.14,213.65,211.32,212.98,499389,0.0
2018-09-25,206.18,208.99,200.11,201.19,2177682,0.0
2018-09-26,201.38,202,196.83,197.58,978775,0.0
2018-09-27,196.66,198.22,195.08,197.82,810302,0.0
2018-09-30,198.99,199.65,197.03,198.01,751365,0.0
2018-10-01,197.11,198.34,195.58,195.83,796873,0.0
2018-10-02,196.67,197.39,195.27,195.95,819850,0.0
2018-10-03,195.01,196.27,194.29,194.88,712312,0.0
2018-10-04,195.27,197.25,194.02,195.92,647379,0.0
2018-10-07,195.69,196.49,192.48,194.47,293158,0.0
2018-10-08,194.64,196.52,194.17,195.32,543248,0.0
2018-10-09,195.35,195.35,186.86,187.13,778768,0.0
2018-10-10,188.41,189.27,183.47,184.02,1016322,0.0
2018-10-11,185.66,188.03,184.53,186.97,765387,0.0
2018-10-14,186.23,186.39,183.985,184.42,365505,0.0
2018-10-15,185.94,190.52,185.01,189.84,361272,0.0
2018-10-16,190.72,190.72,185.41,186.2,482890,0.0
2018-10-17,186.3,186.99,179.68,180.94,651427,0.0
2018-10-18,181.03,182.06,177.81,178.67,416577,0.0
2018-10-21,178.91,180.12,176.79,178.66,388702,0.0
2018-10-22,175.99,176.97,170.75,174.69,752480,0.0
2018-10-23,174.59,176.185,168.02,168.43,622040,0.0
2018-10-24,170,174.46,168.5815,173.69,667478,0.0
2018-10-25,170.26,173.95,168.2,171.53,464842,0.0
2018-10-28,173.49,175.21,169,171.96,512902,0.0
2018-10-29,173.11,178.38,173.11,177.88,760419,0.0
2018-10-30,179,183.88,178.99,181.8,645437,0.0
2018-10-31,182.11,182.64,178.47,180.73,504815,0.0
2018-11-01,181.99,183.74,178.07,179.68,391046,0.0
2018-11-04,180.02,180.9,176.27,177.65,574754,0.0
2018-11-05,178.07,179.26,176.116,177.41,600251,0.0
2018-11-06,179.35,181.7,178.11,181.38,648705,0.0
2018-11-07,179.44,181.21,178.47,181.2,244351,0.0
2018-11-08,180.67,180.67,177.16,179.21,219382,0.0
2018-11-11,178.7,179.99,176.08,176.82,278446,0.0
2018-11-12,177.37,180.405,176.73,178.13,268432,0.0
2018-11-13,179.41,180,175.7444,177.22,317548,0.0
2018-11-14,176.65,182.44,176.01,182.27,470127,0.0
2018-11-15,182.15,183.98,180.4574,183.23,416389,0.0
2018-11-18,183,183.39,178.28,179.58,584964,0.0
2018-11-19,178.01,179.12,176.5,177.87,636850,0.0
2018-11-20,179.51,182.11,178.32,180.67,390414,0.0
2018-11-22,179.73,181.04,178.82,180.01,248187,0.0
2018-11-25,181.85,183.27,180.09,182.25,547367,0.0
2018-11-26,181.2,183.52,180.815,183.32,418445,0.0
2018-11-27,182.75,188.31,182.75,188.27,615223,0.0
2018-11-28,187.79,188.85,185.77,187.96,339072,0.0
2018-11-29,188.78,189.82,186.91,187.39,428713,0.0
2018-12-02,189.92,191.26,187.64,189.33,463844,0.0
2018-12-03,189.99,189.99,179.49,179.49,560733,0.0
2018-12-05,177.19,178.32,173.59,177.77,770671,0.0
2018-12-06,176.79,178.54,170.42,171.4,727677,0.0
2018-12-09,171.4,172.37,169.09,171.54,574544,0.0
2018-12-10,173.91,174.68,169.895,170.49,488921,0.0
2018-12-11,173.11,176.08,172.6,173.17,450925,0.0
2018-12-12,173.81,174.13,170.69,171.84,367714,0.0
2018-12-13,170.49,171.685,169.3,169.73,517811,0.0
2018-12-16,169.87,170.86,165.31,166.22,921294,0.0
2018-12-17,167.34,167.935,164.86,166.61,858391,0.0
2018-12-18,166.72,171.03,164.82,165.02,1066620,0.0
2018-12-19,163.4,164.203,155.98,159.05,1286957,0.0
2018-12-20,161.02,166.15,158.95,159.95,1929871,0.0
2018-12-23,160.14,160.385,155.98,156.12,517305,0.0
2018-12-25,156.94,164.09,156.0528,163.93,908290,0.0
2018-12-26,161.82,167.29,160.99,167.19,588548,0.0
2018-12-27,167.74,169.03,165.03,166.87,522314,0.0
2018-12-30,167.95,168.52,165.7708,167.27,405037,0.0
2019-01-01,165.51,167.39,164.59,167.23,403514,0.0
2019-01-02,167.94,170,164.79,164.99,809110,0.0
2019-01-03,167.2,172.77,165.69,172.53,676343,0.0
2019-01-06,172.49,174.17,170.71,172.99,558717,0.0
2019-01-07,174.53,175.5,171.14,174.91,618524,0.0
2019-01-08,175.47,177.22,174.16,176.18,498106,0.0
2019-01-09,175.92,177.61,175.52,177.49,418478,0.0
2019-01-10,176.97,177.7795,175.41,177.66,344593,0.0
2019-01-13,176.66,177.44,175.48,176.81,299096,0.0
2019-01-14,177.37,178.12,176.09,177.51,348702,0.0
2019-01-15,177.88,178.64,176.4,178.295,387521,0.0
2019-01-16,177.79,181.25,177.27,180.93,330453,0.0
2019-01-17,182.65,185.34,181.6,184.62,575390,0.0
2019-01-21,184.09,184.65,181.32,182.17,282169,0.0
2019-01-22,183.61,183.85,180.56,182.06,251870,0.0
2019-01-23,182.36,182.65,180.44,182.61,235455,0.0
2019-01-24,184.5,185.33,184,184.97,337995,0.0
2019-01-27,183.28,183.58,181.17,183.01,319606,0.0
2019-01-28,183.73,184.0263,182.32,183.06,256859,0.0
2019-01-29,184.14,187.43,182.64,186.71,375006,0.0
2019-01-30,186.72,187.91,185.935,187.66,340899,0.0
2019-01-31,187.54,188.98,186.17,188.54,403205,0.0
2019-02-03,188.59,190.27,186.93,190.25,231219,0.0
2019-02-04,190.47,192.05,190,191.78,228304,0.0
2019-02-05,191.5,191.8772,190.71,191.5,285665,0.0
2019-02-06,190.51,192.09,189.91,191.65,270942,0.0
2019-02-07,190.83,194.02,190.63,193.97,260534,0.0
2019-02-10,195.42,197.61,194.78,197.55,537620,0.0
2019-02-11,199.13,200.91,198.02,200.515,479905,0.0
2019-02-12,200.68,202.8795,200.59,201.73,473510,0.0
2019-02-13,200.01,202.35,200.01,201.54,401368,0.0
2019-02-14,203.36,203.89,201.27,203.84,401417,0.0
2019-02-18,202.95,203.86,202.83,203.4825,252523,0.0
2019-02-19,202.78,203.62,201.03,203.09,208697,0.0
2019-02-20,203.28,203.56,201.0201,202.99,245310,0.0
2019-02-21,203.5,205,202.99,204.4,226794,0.0
2019-02-24,205.32,205.93,204.39,204.39,241786,0.0
2019-02-25,203.69,205,203.1,203.2,243247,0.0
2019-02-26,202.82,205.4,201.1964,204.99,274138,0.0
2019-02-27,205.12,207.33,204.345,206.6,286816,0.0
2019-02-28,208.04,209.45,206.52,208.35,297367,0.0
2019-03-03,209.12,209.64,205.485,206.61,265569,0.0
2019-03-04,206.92,207.07,205.3,205.3,394944,0.0
2019-03-05,205.2,205.83,203.16,203.26,331813,0.0
2019-03-06,203.17,203.5,200.18,202.53,447961,0.0
2019-03-07,201.1,201.7,199.7025,201.33,372818,0.0
2019-03-10,201.76,204.64,199.97,204.4,340096,0.0
2019-03-11,204.51,204.91,202.47,204.19,415141,0.0
2019-03-12,204.7,206.14,204.1,205.52,298075,0.0
2019-03-13,205.11,205.53,203.73,204.9,346878,0.0
2019-03-14,206.06,207.195,204.82,205.55,348952,0.0
2019-03-17,205.99,207.89,205.64,207.54,360309,0.0
2019-03-18,207.88,208.32,206.02,206.6,287325,0.0
2019-03-19,207.21,207.89,204.625,205.12,401664,0.0
2019-03-20,204,208.45,204,208.09,654104,0.0
2019-03-21,202.91,204.013,193.7548,194.56,1453961,0.0
2019-03-24,194.12,197.38,191.91,197.02,1115797,0.0
2019-03-25,198.5,199.61,197.76,199.42,397932,0.0
2019-03-26,199.57,201.27,198.1,199.07,320096,0.0
2019-03-27,199.51,200.9,198.545,200.63,212891,0.0
2019-03-28,202.05,202.515,200.04,202.11,253253,0.0
2019-03-31,204.21,205.36,203.52,205.01,189331,0.0
2019-04-01,205.19,206.35,204.68,206.05,306802,0.0
2019-04-02,206.81,208.1,206.3,207.4,310884,0.0
2019-04-03,208.15,208.15,204.74,205.37,221134,0.0
2019-04-04,206.14,207.57,205.44,206.39,155525,0.0
2019-04-07,205.41,206.54,203.76,206.27,296477,0.0
2019-04-08,205.21,206.58,204.26,204.88,242363,0.0
2019-04-09,204.97,205.76,203.46,204.95,212433,0.0
2019-04-10,205.04,205.715,203.48,205.48,249472,0.0
2019-04-11,206.38,207.5,203.96,207.39,321279,0.0
2019-04-14,207.5,208.62,206.51,208.23,337332,0.0
2019-04-15,208.42,209.76,208.33,209.38,222817,0.0
2019-04-16,210.03,210.78,208.46,209.95,361359,0.0
2019-04-17,210.97,213.75,209.94,213.7,485492,0.0
2019-04-21,211.86,212.965,210.38,210.83,227521,0.0
2019-04-22,211.53,213.69,210.37,213.4,221960,0.0
2019-04-23,213.67,216,213.08,215.85,314604,0.0
2019-04-24,214.29,215.39,213.33,214.73,488383,0.0
2019-04-25,216.19,217.46,214.5,216.77,232237,0.0
2019-04-28,216.6,217.84,216.05,216.88,392420,0.0
2019-04-29,216.48,217.25,215.715,217.13,380998,0.0
2019-04-30,217.61,219.02,216.05,216.05,327202,0.0
2019-05-01,215.39,219.95,215.39,219.78,397562,0.0
2019-05-02,219.38,223.14,218.42,222.92,406332,0.0
2019-05-05,218.36,223.985,218.36,222.95,373077,0.0
2019-05-06,220.28,222.25,217.65,218.78,435294,0.0
2019-05-07,219.59,222.205,218.59,220.04,459159,0.0
2019-05-08,218.18,221.9175,216.3941,221.56,291896,0.0
2019-05-09,219.8,223.6,217.75,222.83,351125,0.0
2019-05-12,217.96,220.17,215.88,216.47,481455,0.0
2019-05-13,217.21,221.54,216.38,220,303754,0.0
2019-05-14,218.44,222.45,217.99,221.58,353349,0.0
2019-05-15,221.93,224.87,221.63,223.72,284262,0.0
2019-05-16,222.47,225.33,221.82,223.34,299819,0.0
2019-05-19,221.46,224.0206,221.285,223.38,223452,0.0
2019-05-20,225.05,227.64,224.55,227,479311,0.0
2019-05-21,226.61,227.35,225.88,226.35,247770,0.0
2019-05-22,224.61,225.05,223.2,224.25,298413,0.0
2019-05-23,224.87,225.72,222.38,222.49,380416,0.0
2019-05-27,222.9,223.91,220.61,220.64,500508,0.0
2019-05-28,220.97,222.44,219.7092,221.97,330407,0.0
2019-05-29,222.09,224.75,221.94,223.66,294735,0.0
2019-05-30,221.45,222.96,221,221.72,242065,0.0
2019-06-03,225,226.81,223.93,226.53,429510,0.0
2019-06-04,227.5,230.95,227.125,230.64,458597,0.0
2019-06-05,230.16,231.9,229.64,231.64,331054,0.0
2019-06-06,233.16,233.47,231.88,232.61,581486,0.0
2019-06-09,233.54,235.295,233.01,234.619,578854,0.0
2019-06-10,235.24,236.39,231.25,232.28,397375,0.0
2019-06-11,232.42,235.2299,232.42,234.71,322006,0.0
2019-06-12,234.49,236.63,233.64,236,879652,0.0
2019-06-13,236.14,237.45,235.15,236.47,564757,0.0
2019-06-16,235.95,236.58,232.08,232.22,603849,0.0
2019-06-17,233.83,235,230.51,231.44,713738,0.0
2019-06-18,231.15,236.5,230.67,235.1,568342,0.0
2019-06-19,236.88,237.55,230.03,232.61,655675,0.0
2019-06-20,232.68,234.13,230.87,232.38,608884,0.0
2019-06-23,232.48,233.725,231.27,233.12,268317,0.0
2019-06-24,233.85,233.88,230.69,231.45,404966,0.0
2019-06-25,233.07,234.39,232.22,232.81,443022,0.0
2019-06-26,233.03,235.94,232.5,235.69,246096,0.0
2019-06-27,235.57,237.5,235.16,237.34,363665,0.0
2019-06-30,240,240,235.9,238.82,476378,0.0
2019-07-01,238.87,239.18,237.76,238,377694,0.0
2019-07-02,238.42,240.17,238.3015,239.49,234276,0.0
2019-07-04,238.32,239.8,236.4,239.59,521981,0.0
2019-07-07,238.61,239.53,237.31,238.28,206853,0.0
2019-07-08,237.15,238.58,236.92,238.41,259092,0.0
2019-07-09,239.34,240.15,238.43,238.77,246136,0.0
2019-07-10,239.24,240.6,237.46,239.98,393364,0.0
2019-07-11,240.66,242.71,240.03,242.44,338315,0.0
2019-07-14,242,243.77,240.01,243.26,305623,0.0
2019-07-15,244.22,244.59,239.13,239.55,748435,0.0
2019-07-16,253.92,262,251.5001,260.38,2022688,0.0
2019-07-17,260,262.54,257.89,260.73,919958,0.0
2019-07-18,262.5,263.815,257.68,257.74,534174,0.0
2019-07-21,258.41,261.485,258.15,258.97,608879,0.0
2019-07-22,260.07,261,256.41,261,454314,0.0
2019-07-23,258.92,261.96,258.25,261.89,468998,0.0
2019-07-24,259.96,262.62,259.6,260.78,365325,0.0
2019-07-25,260.57,262.6063,258.51,261.69,393240,0.0
2019-07-28,261.06,262.55,257.66,260.74,325637,0.0
2019-07-29,260.17,263.05,258.64,262.91,347326,0.0
2019-07-30,262.78,264.29,256.51,260.47,468299,0.0
2019-07-31,261.07,264,258.15,259.03,462426,0.0
2019-08-01,258.58,260.65,256.13,258.415,366171,0.0
2019-08-04,253.61,257.01,248.75,251.13,504865,0.0
2019-08-05,252,257.8,252,257.2,393604,0.0
2019-08-06,253.39,259.51,251.965,258.45,311480,0.0
2019-08-07,259.43,264.47,258.64,264.37,392870,0.0
2019-08-08,266.56,266.56,260.75,263.42,228332,0.0
2019-08-11,263.3,264.015,260.79,261.39,322095,0.0
2019-08-12,260.54,266.73,260.37,266.17,364844,0.0
2019-08-13,262.46,265.67,256.61,256.68,356646,0.0
2019-08-14,257.2,261.15,256.17,260.09,357768,0.0
2019-08-15,262.7,265.24,261.4124,264.4,411428,0.0
2019-08-18,267.79,268.965,265,267.81,371250,0.0
2019-08-19,269.25,270.36,266.58,267.84,306601,0.0
2019-08-20,267.9,269.03,266.39,267.65,265393,0.0
2019-08-21,268.68,268.68,263.47,264.38,266074,0.0
2019-08-22,263.53,264.155,254.669,256.06,378477,0.0
2019-08-25,259.73,260.45,257.52,260.45,460224,0.0
2019-08-26,263.24,263.46,260.85,261.09,371176,0.0
2019-08-27,259.81,262.555,258.25,262.18,314056,0.0
2019-08-28,264,266,262.75,264.6,313678,0.0
2019-08-29,263.42,266.67,262.79,263.86,262869,0.0
2019-09-02,262.6,264,258.53,259.91,306422,0.0
2019-09-03,262.15,265.33,260,264.07,282152,0.0
2019-09-04,266.92,270.24,266.37,267.23,304206,0.0
2019-09-05,267.19,269.2727,265.95,266.19,238872,0.0
2019-09-08,267.56,267.56,255.23,255.63,594770,0.0
2019-09-09,253.55,254.17,246.96,248.96,969829,0.0
2019-09-10,249.99,250,244.78,245.95,652065,0.0
2019-09-11,247.79,249.63,246.38,246.48,583379,0.0
2019-09-12,246.6,247.62,244.59,246.57,657766,0.0
2019-09-15,245.5,249.01,244,247.47,436038,0.0
2019-09-16,247.98,250.34,247.98,249.95,293270,0.0
2019-09-17,250.12,250.12,246.89,249.65,435022,0.0
2019-09-18,248.87,252.96,248.87,251.41,396648,0.0
2019-09-19,252.72,256.875,251.92,253.78,822245,0.0
2019-09-22,254.44,255.36,252.37,254.67,423092,0.0
2019-09-23,256.26,257.9,251.24,252.22,482096,0.0
2019-09-24,262,267.89,260.1711,266.42,1549231,0.0
2019-09-25,266.33,268.6799,265.06,268.13,597833,0.0
2019-09-26,268.17,270.11,264.2061,266.28,543077,0.0
2019-09-29,267.18,269.55,265.46,268.06,403372,0.0
2019-09-30,268.53,269.47,262.36,262.465,445136,0.0
2019-10-01,261.93,261.98,256.75,258.96,582613,0.0
2019-10-02,258.07,259.4,253.86,258.49,387871,0.0
2019-10-03,260.11,263.19,259.4794,262.7,752283,0.0
2019-10-06,262.37,262.96,259.78,261.09,457299,0.0
2019-10-07,258.87,262.79,257.26,260.22,873805,0.0
2019-10-08,261.15,264.43,260.9,263.49,429427,0.0
2019-10-09,257.17,266.7,257.17,266.07,656922,0.0
2019-10-10,270.3,271.7765,267.305,267.62,627065,0.0
2019-10-13,267.85,268.28,265.79,265.8,502573,0.0
2019-10-14,266.62,269.5,266,269.45,799420,0.0
2019-10-15,269.18,269.18,265.775,267.1,594763,0.0
2019-10-16,268.76,269.65,266.16,268.29,548106,0.0
2019-10-17,268.58,270,266.79,269.22,813132,0.0
2019-10-20,270.6,270.8433,268.44,269.88,188969,0.0
2019-10-21,270.32,270.64,265.9052,266.05,230129,0.0
2019-10-22,265.88,268.17,264.69,268.1,238432,0.0
2019-10-23,268.64,272.635,267.94,272.34,344914,0.0
2019-10-24,272.31,272.63,269.85,270.23,226590,0.0
2019-10-27,271.49,272.56,270.57,271.78,292329,0.0
2019-10-28,270.58,276.28,270.47,274.53,377037,0.0
2019-10-29,275.1,276.49,273.32,276.33,312995,0.0
2019-10-30,276.49,277.85,268.46,268.86,460915,0.0
2019-10-31,270.9,271.58,267.03,268.89,525608,0.0
2019-11-03,269.8,271.9799,267.26,269.67,337070,0.0
2019-11-04,271.02,271.02,265.446,267,367148,0.0
2019-11-05,267.68,267.685,263.3822,264.89,470862,0.0
2019-11-06,264.29,264.73,261.74,262,437314,0.0
2019-11-07,261.88,263.975,260.13,260.88,533407,0.0
2019-11-10,259.95,261.8799,259.7,260.62,382163,0.0
2019-11-11,260.32,262.25,258.255,258.85,1132960,0.0
2019-11-12,252.36,255.65,247.67,255.18,1575501,0.0
2019-11-13,253.93,259.55,252.147,259.4,525455,0.0
2019-11-14,258.45,260.025,255.535,256.12,579649,0.0
2019-11-17,255.25,258.17,254.11,256.21,462892,0.0
2019-11-18,256.88,259.41,255.22,257.9,376847,0.0
2019-11-19,256.8,261.29,256.66,259.51,452092,0.0
2019-11-20,259.34,259.9,253.37,253.61,426035,0.0
2019-11-21,256.37,257.44,252.83,254.01,420254,0.0
2019-11-24,253.65,255.01,250.19,250.81,535265,0.0
2019-11-25,251.67,256.43,251,256.14,457365,0.0
2019-11-26,255.78,260.57,254.21,260.46,508386,0.0
2019-11-28,259.05,259.36,255.88,257.07,192612,0.0
2019-12-01,256.34,258,254.38,255.9,483644,0.0
2019-12-02,253.99,256.44,253.45,255.52,442770,0.0
2019-12-03,256.53,258.81,254.73,254.94,312971,0.0
2019-12-04,255.14,255.75,253.58,254.65,300130,0.0
2019-12-05,257.59,259.75,255.89,256.22,352362,0.0
2019-12-08,256.42,256.42,253.65,253.81,319832,0.0
2019-12-09,254.25,256.73,253.94,255.97,352982,0.0
2019-12-10,256.55,258.26,254.265,257.96,372154,0.0
2019-12-11,257.8,260.1,256.64,259.26,353567,0.0
2019-12-12,259.27,262.58,258.48,261.84,648819,0.0
2019-12-15,266.1,266.98,258.12,260.74,618594,0.0
2019-12-16,261.8,262.43,259.19,261.09,677874,0.0
2019-12-17,263.16,274.75,263.01,265.89,1344855,0.0
2019-12-18,265.24,269.03,264.95,268.13,481438,0.0
2019-12-19,268.99,271.68,267.39,271.5,858869,0.0
2019-12-22,270.76,272.1,270.13,270.85,511695,0.0
2019-12-23,271.18,271.7,267.32,268.84,119799,0.0
2019-12-25,269.09,269.806,266.42,268.14,196982,0.0
2019-12-26,268.53,269.6,267.44,268.99,200568,0.0
2019-12-29,269.05,269.375,266.245,268.28,224922,0.0
2019-12-30,268.31,269.59,266.75,268.92,242956,0.0
2020-01-01,269.86,270.83,266.585,270.77,380596,0.0
2020-01-02,268.07,271.98,267.065,269.58,392182,0.0
2020-01-05,268.13,270.35,266.78,270.17,274553,0.0
2020-01-06,268.12,271.2466,267.34,270.07,298829,0.0
2020-01-07,270.77,275.82,268.905,275.28,562271,0.0
2020-01-08,273.06,282.89,273.06,279.35,720767,0.0
2020-01-09,280.11,281.12,277.5,278.89,229260,0.0
2020-01-12,279.85,283.3,279.48,282.9,344338,0.0
2020-01-13,282.02,283.88,281.2,281.58,362502,0.0
2020-01-14,281.96,285.87,281.96,284.64,331722,0.0
2020-01-15,284.57,287.45,284.38,286.42,229844,0.0
2020-01-16,287.69,287.7408,282.44,284.23,404065,0.0
2020-01-20,284.18,285.22,281.77,282.03,717310,0.0
2020-01-21,283.54,284.5,282.17,282.64,521026,0.0
2020-01-22,282.29,286.17,281.2,286.05,366294,0.0
2020-01-23,287.22,287.68,281.25,283.44,387872,0.0
2020-01-26,278.03,281.05,276.03,278.51,330836,0.0
2020-01-27,278.22,280.66,277.83,278,252317,0.0
2020-01-28,278.85,282.25,274.8,280.25,368131,0.0
2020-01-29,275.48,283.5,275.2,283.23,289824,0.0
2020-01-30,282.14,284.62,278.38,278.91,363241,0.0
2020-02-02,280.41,284.8,279.31,282.01,323778,0.0
2020-02-03,285.35,286.885,283.04,286.07,357869,0.0
2020-02-04,287.82,291.88,287.82,291.4,508425,0.0
2020-02-05,292.47,294.74,291.34,293.66,378183,0.0
2020-02-06,291.63,294.25,290.675,291.59,228872,0.0
2020-02-09,291.6,292.84,289.21,292.61,280274,0.0
2020-02-10,294.04,294.75,292.27,293.5,217358,0.0
2020-02-11,294.52,297.9,293.25,297.22,348453,0.0
2020-02-12,295.41,300.115,295.41,298.1,284924,0.0
2020-02-13,298.71,301.24,297.37,301.1,162568,0.0
2020-02-17,300.93,302.67,298.83,302.59,254471,0.0
2020-02-18,303.8,304.81,302.73,304.26,242877,0.0
2020-02-19,302.51,304.57,296.705,297.51,421951,0.0
2020-02-20,294.89,296.73,292.24,293.24,415652,0.0
2020-02-23,285.62,290.32,284.46,288.16,375187,0.0
2020-02-24,288.11,289.69,279.3,279.88,705057,0.0
2020-02-25,281.85,287.07,281.6,283.91,571538,0.0
2020-02-26,277.8,280.45,269.31,269.39,772413,0.0
2020-02-27,255.52,267.52,255,267.01,1154678,0.0
2020-03-01,266.06,279.76,264.47,279.61,879985,0.0
2020-03-02,277.39,286.63,270.86,272.36,746192,0.0
2020-03-03,280.54,286.14,275.495,286.12,499574,0.0
2020-03-04,278.22,283.25,272.12,274.95,696318,0.0
2020-03-05,264.87,273.76,263.6,272.27,713726,0.0
2020-03-08,256.12,259.76,248.62,250.41,973425,0.0
2020-03-09,257.26,268.9,253.24,268.43,1516934,0.0
2020-03-10,259.98,262.335,245.67,250.4,997670,0.0
2020-03-11,231.98,236.018,214.24,225.865,1853064,0.0
2020-03-12,233.25,244.07,223.605,243.58,1069027,0.0
2020-03-15,197.57,207.68,197.57,202.43,3218842,0.0
2020-03-16,206.56,210.65,195.85,209.12,1695576,0.0
2020-03-17,173.57,182.39,163.19,178.05,1622109,0.0
2020-03-18,176.23,185.37,160.39,182.57,2605388,0.0
2020-03-19,180.17,189.42,167.35,175.1,2454199,0.0
2020-03-22,177.22,177.22,154.33,157.05,1502575,0.0
2020-03-23,165.82,178.76,165.31,173.79,1236538,0.0
2020-03-24,174.22,200.56,168.86,192.36,2963317,0.0
2020-03-25,194.36,197.98,182.54,192.58,1534407,0.0
2020-03-26,187.44,187.7499,180,181.24,1785376,0.0
2020-03-29,181.9,183.6,175.35,180.28,956784,0.0
2020-03-30,178.49,179.58,171.9193,173.22,2252136,0.0
2020-03-31,165.44,167.38,160.55,162.58,1008903,0.0
2020-04-01,160.25,167.29,158.89,165.19,2611048,0.0
2020-04-02,163.26,167.5,162.19,164.22,1312608,0.0
2020-04-05,169,180.6,168.28,179.19,1215077,0.0
2020-04-06,190.78,195.33,185.35,186.02,1447927,0.0
2020-04-07,188.48,193.97,185.51,192.42,1740608,0.0
2020-04-08,197.94,207.15,197.505,198.86,841994,0.0
2020-04-12,198.75,198.85,191.46,195.08,637453,0.0
2020-04-13,199.13,203.95,198.64,201.7,1358408,0.0
2020-04-14,196.76,197.01,186.11,187.16,2232667,0.0
2020-04-15,189.32,191.13,186.49,190.64,1856947,0.0
2020-04-16,198.99,204.7499,196.61,204.15,2070978,0.0
2020-04-19,200.02,202.55,193.21,193.95,2041002,0.0
2020-04-20,189.85,191.89,187.98,190.52,1863435,0.0
2020-04-21,193.6,198.3,192.8,197.52,1071148,0.0
2020-04-22,198.16,203.56,198.16,199.42,2542264,0.0
2020-04-23,201.28,202.67,198.27,200.17,1826811,0.0
2020-04-26,201.68,213.06,200,212.5,2394700,0.0
2020-04-27,219.28,223.2,214.41,218.16,2133896,0.0
2020-04-28,223.1,232.1,221.27,230.96,1763543,0.0
2020-04-29,228,228.2551,221.01,221.61,1176884,0.0
2020-04-30,216.98,218.15,210.97,211.82,619747,0.0
2020-05-03,209.3,210.23,206.38,209.63,620329,0.0
2020-05-04,211.6,214.89,210.35,210.75,873064,0.0
2020-05-05,212,212.69,208.15,210.16,401767,0.0
2020-05-06,212.67,216.64,211.33,213.33,677334,0.0
2020-05-07,216.05,219,214.12,218.2,650906,0.0
2020-05-10,215.77,216.755,213.05,214.4,771982,0.0
2020-05-11,215,216.1098,205.71,205.77,1333368,0.0
2020-05-12,202.2,203.48,197.135,199.3,1269177,0.0
2020-05-13,204.91,229.24,204.24,228.61,2294928,0.0
2020-05-14,225.85,230.66,222.88,227.63,2336510,0.0
2020-05-17,232.13,239.43,232.13,236.42,1730408,0.0
2020-05-18,237.41,244.36,236.03,238.96,905832,0.0
2020-05-19,240.6,243.48,238.76,240.3,798597,0.0
2020-05-20,241.59,245.72,240.81,242.71,956902,0.0
2020-05-21,241.57,242.13,239.68,240.65,743466,0.0
2020-05-25,249.12,254.99,247.15,252.68,775897,0.0
2020-05-26,254.95,256.96,247.33,251.46,1371146,0.0
2020-05-27,252.07,254.64,250.0804,251.73,415713,0.0
2020-05-28,251.5,251.5,243.09,248,895379,0.0
2020-05-31,248.5,252.17,247.11,250.85,849231,0.0
2020-06-01,251.46,255.35,249.45,255.03,1541552,0.0
2020-06-02,258.91,271.9,256.63,270.72,1286690,0.0
2020-06-03,268.48,270.73,266.13,269.15,437797,0.0
2020-06-04,276.13,286.61,275.95,286.525,912355,0.0
2020-06-07,289.98,292.11,285.35,291.44,1320710,0.0
2020-06-08,285.87,286.91,281.81,283.36,964384,0.0
2020-06-09,283.77,283.77,275.06,278.35,541363,0.0
2020-06-10,266.68,271.7,261.9,262.99,1484068,0.0
2020-06-11,271.4,272.97,264.5559,265,122770,0.0
2020-06-14,258.6,267.58,257.3263,266.63,965641,0.0
2020-06-15,278.93,278.93,269.67,273.63,745051,0.0
2020-06-16,272.97,276.4,271.44,273.28,545714,0.0
2020-06-17,271.29,277.21,270.47,275.81,611806,0.0
2020-06-18,280.67,282.54,269.43,270.24,641730,0.0
2020-06-21,266.75,271.05,265.18,270.2,492972,0.0
2020-06-22,272.75,274.64,270.25,272.77,254174,0.0
2020-06-23,269.04,271.01,258.74,261.73,552783,0.0
2020-06-24,260.29,263.4,258.87,262.47,350720,0.0
2020-06-25,263.77,263.77,254.07,256.7,539123,0.0
2020-06-28,257.95,263.8405,255.37,263.81,370917,0.0
2020-06-29,261.6,267.83,260.01,266.14,484491,0.0
2020-06-30,271.71,272.03,266.19,268.17,565314,0.0
2020-07-01,271.32,276.49,270.18,270.65,342290,0.0
