Date,Open,High,Low,Close,Volume,OpenInterest
2016-07-12,57.85,58.02,57.22,57.67,2659363,0.0
2016-07-13,58.24,59.35,58.07,58.94,2225428,0.0
2016-07-14,57.47,58.07,56.52,56.95,5237143,0.0
2016-07-17,57.03,58.01,56.82,57.98,2735431,0.0
2016-07-18,57.85,58.04,57.48,57.67,3768889,0.0
2016-07-19,57.69,58.595,57.5,57.89,3109636,0.0
2016-07-20,57.73,58.54,57.53,58.3,2765820,0.0
2016-07-21,58.59,58.59,57.53,58.36,3353587,0.0
2016-07-24,58.25,58.4,57.875,58.4,2773143,0.0
2016-07-25,58.34,58.91,57.55,58.62,2817432,0.0
2016-07-26,58.55,58.55,57.06,57.43,2331671,0.0
2016-07-27,57.5,57.96,56.77,57.88,2017629,0.0
2016-07-28,58.03,58.08,56.59,56.68,2328489,0.0
2016-07-31,56.77,58.48,56.55,58.45,2509642,0.0
2016-08-01,58.15,58.51,57.53,57.85,3211836,0.0
2016-08-02,57.85,58.31,57.5,58.15,1997028,0.0
2016-08-03,58.22,58.965,57.31,58.76,4451498,0.0
2016-08-04,58.09,60.47,56.85,59.71,7819589,0.0
2016-08-07,59.64,59.71,57.4,57.49,4495221,0.0
2016-08-08,57.38,58.14,57.17,57.67,3839749,0.0
2016-08-09,57.89,57.89,56.61,56.72,2343104,0.0
2016-08-10,57.01,57.77,56.32,56.52,2840084,0.0
2016-08-11,56.35,58.2532,56.25,58.21,3365180,0.0
2016-08-14,58,58.31,57.29,57.87,5139379,0.0
2016-08-15,57.65,57.98,56.47,56.49,3279229,0.0
2016-08-16,56.44,57,55.63,57,4284676,0.0
2016-08-17,56.79,57,56.32,56.93,2829832,0.0
2016-08-18,57.02,57.65,56.93,57.14,2763157,0.0
2016-08-21,56.98,57.81,56.85,57.745,2106693,0.0
2016-08-22,57.6,58.66,57.33,57.33,4841811,0.0
2016-08-23,57.21,57.83,56.54,56.86,3775469,0.0
2016-08-24,56.88,57.75,56.52,57.58,2026983,0.0
2016-08-25,57.62,58.2,56.76,57.05,2249984,0.0
2016-08-28,56.94,58.095,56.64,57.85,1868765,0.0
2016-08-29,58.09,58.13,56.83,57.91,2154240,0.0
2016-08-30,57.73,57.91,56.27,57.43,2462323,0.0
2016-08-31,57.75,57.87,56.56,56.78,2903350,0.0
2016-09-01,57.13,58.44,57.06,58.36,3010517,0.0
2016-09-05,58.27,58.66,58.12,58.65,2028534,0.0
2016-09-06,58.69,59,58.22,58.38,3314720,0.0
2016-09-07,57.93,57.94,56.06,56.17,4759542,0.0
2016-09-08,56.36,56.36,54.45,54.45,3631335,0.0
2016-09-11,54.38,55.71,54.26,55.61,4587873,0.0
2016-09-12,54.94,55.61,53.71,55,5975353,0.0
2016-09-13,54.3,54.98,53.36,54.03,3836238,0.0
2016-09-14,53.26,54.41,52.91,54.1,5747971,0.0
2016-09-15,53.94,53.97,52.86,53.32,6194201,0.0
2016-09-18,53.72,54.02,53.01,53.33,3905773,0.0
2016-09-19,53.6,53.68,52.23,52.95,4647259,0.0
2016-09-20,52.98,53.49,52.18,52.7,3310388,0.0
2016-09-21,53.17,54.32,52.86,54.21,4524013,0.0
2016-09-22,54.14,54.56,53.71,54.41,4054026,0.0
2016-09-25,54.35,54.35,53.23,53.39,3585332,0.0
2016-09-26,53.4,54.46,53.15,54.41,2341202,0.0
2016-09-27,54.49,54.74,53.53,54.12,4536565,0.0
2016-09-28,55.21,55.93,54.22,54.23,4345448,0.0
2016-09-29,48.22,49.15,45.44,47.63,47753747,0.0
2016-10-02,48.66,51.26,48.5,50.39,15651998,0.0
2016-10-03,50.83,51.25,49.92,50.09,6764461,0.0
2016-10-04,50.36,51.43,50.06,50.9,4587973,0.0
2016-10-05,50.9,51.41,50.62,51.21,3147669,0.0
2016-10-06,51.28,51.37,49.62,49.64,3122441,0.0
2016-10-09,50.05,50.78,49.66,50.455,1884036,0.0
2016-10-10,50.37,50.56,49.5401,49.89,2952586,0.0
2016-10-11,50.11,50.94,49.74,49.98,3109633,0.0
2016-10-12,49.79,50.89,49.68,50.53,7002199,0.0
2016-10-13,49.96,50.91,49.77,50.3575,5477278,0.0
2016-10-16,50.49,50.92,49.36,49.39,2820459,0.0
2016-10-17,49.57,50.29,49.01,50.21,3686303,0.0
2016-10-18,50.43,50.84,49.59,49.68,2784943,0.0
2016-10-19,50,50.5,49.03,50.07,2847511,0.0
2016-10-20,49.93,50,48.94,49.01,4135910,0.0
2016-10-23,49.5,50.54,49.41,49.74,5652267,0.0
2016-10-24,49.69,50.91,49.61,50.63,6979867,0.0
2016-10-25,50.55,51.12,50.43,50.87,2845521,0.0
2016-10-26,51.04,51.5,50.86,51.31,3235638,0.0
2016-10-27,51.52,51.96,50.67,50.84,4901555,0.0
2016-10-30,51.16,51.24,50.43,50.63,3079490,0.0
2016-10-31,51.26,51.58,50.4,51.5,3537058,0.0
2016-11-01,51.49,52.19,51.22,51.41,2971672,0.0
2016-11-02,51.52,51.94,50.66,50.92,3484637,0.0
2016-11-03,50.78,52.98,50.76,51.35,6263176,0.0
2016-11-06,53.23,54.84,52.76,54.76,7718244,0.0
2016-11-07,54.75,55.23,54.33,54.91,6176557,0.0
2016-11-08,52.52,53.19,51.46,53.01,19435620,0.0
2016-11-09,53.46,54.66,52.96,53.81,8156576,0.0
2016-11-10,53.8,54.02,52.52,53.95,8625202,0.0
2016-11-13,54.1,54.28,53.09,53.96,7359230,0.0
2016-11-14,53.94,54.41,53.38,53.41,5109127,0.0
2016-11-15,53.04,55.35,53.02,55.32,5748295,0.0
2016-11-16,55.25,56.94,55.13,56.39,8476653,0.0
2016-11-17,56.48,56.86,55.04,55.57,8410739,0.0
2016-11-20,55.53,55.67,54.68,55.1,5080864,0.0
2016-11-21,53.11,53.42,51.63,52.43,9622794,0.0
2016-11-22,51.86,52.14,50.75,51.13,10682087,0.0
2016-11-24,51.31,52.76,51.27,52.5,2870558,0.0
2016-11-27,58.02,58.5,56.83,56.95,19925525,0.0
2016-11-28,56.8,56.95,55.515,55.63,6450123,0.0
2016-11-29,55.74,56.26,54.98,55.08,3547983,0.0
2016-11-30,55.24,55.57,53.887,54.07,4822878,0.0
2016-12-01,53.86,54.56,53.19,53.26,3147753,0.0
2016-12-04,53.28,54.31,53.19,53.99,5190541,0.0
2016-12-05,54.09,55.11,53.61,54.52,4551738,0.0
2016-12-06,54.57,56.4,54.23,56.3,7528858,0.0
2016-12-07,56.19,56.76,55.45,56.17,4490727,0.0
2016-12-08,56.38,56.48,54.97,55.05,2950704,0.0
2016-12-11,54.91,55.98,54.46,55.89,3352730,0.0
2016-12-12,55.91,56.74,55.52,56.69,4097746,0.0
2016-12-13,56.9,57.16,56.21,56.35,3896113,0.0
2016-12-14,56.37,57,56,56.8,3192211,0.0
2016-12-15,56.67,56.89,55.06,55.47,4536824,0.0
2016-12-18,55.39,56.805,55.39,56.7,3423833,0.0
2016-12-19,56.72,56.74,55.57,55.63,2312959,0.0
2016-12-20,55.51,56.35,55.19,56.28,2069345,0.0
2016-12-21,56.44,56.54,55.58,56.45,3420403,0.0
2016-12-22,56.39,56.9,55.58,55.69,1445494,0.0
2016-12-26,55.7,56.97,55.63,56.62,1422679,0.0
2016-12-27,56.82,57.04,56.04,56.15,1677058,0.0
2016-12-28,56.06,56.6,56.03,56.17,1355018,0.0
2016-12-29,56.38,56.51,54.98,55.24,2170783,0.0
2017-01-02,55.85,56.53,55.22,56.52,2652728,0.0
2017-01-03,56.48,57.34,56.14,57.32,2978554,0.0
2017-01-04,57.33,57.46,56.98,57.09,2935486,0.0
2017-01-05,57.14,57.89,56.38,57.05,5055350,0.0
2017-01-08,56.8,56.95,55.76,56.57,4776004,0.0
2017-01-09,56.43,56.93,55.935,56.66,3865456,0.0
2017-01-10,56.46,57.09,56.27,57.01,2875696,0.0
2017-01-11,56.36,57.09,55.36,56.99,2544749,0.0
2017-01-12,56.84,57.12,56.27,56.52,2879335,0.0
2017-01-16,56.5,56.88,56.32,56.58,2791102,0.0
2017-01-17,56.63,57.3964,56.12,56.55,3010319,0.0
2017-01-18,56.45,56.9,56.02,56.64,2650501,0.0
2017-01-19,56.87,57.0602,56,56.05,3739799,0.0
2017-01-22,56.08,56.6614,54.89,56.17,3849376,0.0
2017-01-23,56.25,56.67,55.71,55.81,2911958,0.0
2017-01-24,56.02,57.57,55.78,57.55,3726135,0.0
2017-01-25,57.47,57.68,55.46,55.48,2591815,0.0
2017-01-26,55.51,56.53,55.26,55.34,2542589,0.0
2017-01-29,54.46,54.48,52.79,52.9,8276924,0.0
2017-01-30,51.3,53.08,50.79,51.85,9196125,0.0
2017-01-31,51.94,52.6453,51.22,52.45,6717136,0.0
2017-02-01,52.7,52.82,51.58,51.67,7062279,0.0
2017-02-02,52.07,52.54,51.66,52.49,5440398,0.0
2017-02-05,53.48,53.48,52.44,52.76,5924131,0.0
2017-02-06,52.71,54.17,52.635,53.8,6672929,0.0
2017-02-07,57.05,57.49,54.76,56.46,17319086,0.0
2017-02-08,57,58.15,56.29,57.18,11817940,0.0
2017-02-09,57.18,57.52,56.56,56.59,5347107,0.0
2017-02-12,56.97,58,56.72,56.83,4440880,0.0
2017-02-13,56.48,57.63,56.48,57.36,5002602,0.0
2017-02-14,57.07,58.29,57.07,57.31,3763781,0.0
2017-02-15,57.43,58.32,57.13,58.1,3430603,0.0
2017-02-16,58.01,58.44,57.62,57.96,3020820,0.0
2017-02-20,57.92,58.565,57.39,57.79,2666582,0.0
2017-02-21,58.23,58.8,57.916,58.75,2739854,0.0
2017-02-22,58.8,59.305,58.62,59.17,2965415,0.0
2017-02-23,58.96,59.23,58.3,58.66,2616741,0.0
2017-02-26,58.65,59.62,58.28,59.58,4370844,0.0
2017-02-27,59.3,59.58,58.3,58.44,4515928,0.0
2017-02-28,58.87,59.54,58.65,59.4,4277405,0.0
2017-03-01,59.12,60.24,58.83,59.32,2390885,0.0
2017-03-02,59.11,59.91,58.91,59.88,2783413,0.0
2017-03-05,59.45,59.55,57.9,58.83,4120561,0.0
2017-03-06,58.82,59.295,57.77,57.84,4351109,0.0
2017-03-07,57.77,57.99,56.58,56.68,4848126,0.0
2017-03-08,56.71,57.75,56.2,57.67,3568047,0.0
2017-03-09,58.25,59.28,58.11,58.75,4375711,0.0
2017-03-12,58.59,59.34,58.41,58.42,2635845,0.0
2017-03-13,58.93,59.19,58.09,59.16,2798098,0.0
2017-03-14,59.19,59.45,58.76,59.26,1962240,0.0
2017-03-15,59.75,60,59.26,59.41,2955274,0.0
2017-03-16,59.84,59.89,58.19,58.53,5081187,0.0
2017-03-19,58.56,59.405,58.03,58.15,2808521,0.0
2017-03-20,58.29,58.93,57.71,58.52,2576163,0.0
2017-03-21,58.54,59.505,58.52,59.46,3159151,0.0
2017-03-22,59.25,59.34,57.79,57.93,3592745,0.0
2017-03-23,58.18,59.29,57.72,57.79,2432030,0.0
2017-03-26,57.32,58.04,57.25,57.88,2028744,0.0
2017-03-27,57.67,59.33,57.49,59.04,2662286,0.0
2017-03-28,58.95,59.2,58.42,59.08,2204249,0.0
2017-03-29,59.2,59.32,58.905,59.255,1347028,0.0
2017-03-30,59.09,59.82,59.02,59.53,2710475,0.0
2017-04-02,59.55,59.95,58.17,58.23,4588967,0.0
2017-04-03,57.99,58.44,57.61,58.21,3243317,0.0
2017-04-04,58.21,59.08,57.12,57.24,3613757,0.0
2017-04-05,57.24,58.3267,56.91,58.14,2609696,0.0
2017-04-06,58.41,58.67,58.025,58.43,2604766,0.0
2017-04-09,58.29,58.8,57.73,58.14,3665494,0.0
2017-04-10,57.9,58.94,57.58,58.88,3064459,0.0
2017-04-11,58.94,59.01,58.48,58.66,2139389,0.0
2017-04-12,58.77,59.045,57.53,57.53,3336045,0.0
2017-04-16,57.85,58.72,57.7,58.69,2268771,0.0
2017-04-17,58.35,58.41,57.65,57.87,4476907,0.0
2017-04-18,57.97,58.325,57.86,57.96,3437640,0.0
2017-04-19,58.01,58.235,56.81,57.78,4595547,0.0
2017-04-20,57.98,57.98,57.64,57.845,4026468,0.0
2017-04-23,58.64,59.19,58.45,58.89,3282414,0.0
2017-04-24,58.93,59.37,58.76,59.09,2584646,0.0
2017-04-25,59.05,59.65,58.97,59.43,3230376,0.0
2017-04-26,59.45,59.725,59.31,59.7,2779447,0.0
2017-04-27,59.59,59.84,58.99,59.38,3345973,0.0
2017-04-30,59.55,60.75,59.31,59.5,3919781,0.0
2017-05-01,59.49,60.74,59.36,60.48,3336421,0.0
2017-05-02,60.72,60.8,59.6,59.71,3045977,0.0
2017-05-03,59.89,61.15,59.75,60.76,4421610,0.0
2017-05-04,61.69,63.34,61.5,63.21,6712318,0.0
2017-05-07,63.19,64.43,63,64.28,5520965,0.0
2017-05-08,63.51,64.27,63.03,63.27,2832429,0.0
2017-05-09,63.09,63.39,62.76,63.07,3049767,0.0
2017-05-10,62.69,63.4,62.69,63.34,2645277,0.0
2017-05-11,63.41,64.4,63.14,64.39,3865438,0.0
2017-05-14,64.4,64.72,64.1301,64.49,2479471,0.0
2017-05-15,64.64,64.82,63.83,64.27,2828666,0.0
2017-05-16,63.82,64.76,63.37,64.51,3278716,0.0
2017-05-17,64.16,65.315,63.96,65.02,2864969,0.0
2017-05-18,65.11,65.52,64.9,65.41,2789894,0.0
2017-05-21,65.4,65.86,65.17,65.79,2366997,0.0
2017-05-22,66,66.3,65.02,65.23,3148801,0.0
2017-05-23,65.39,66.61,65.07,65.71,1984343,0.0
2017-05-24,65.88,67,65.75,66.885,2312898,0.0
2017-05-25,67.13,67.13,65.9,66,2175313,0.0
2017-05-29,65.9,65.9,65.51,65.71,2915282,0.0
2017-05-30,65.85,67.095,65.71,66.91,3177996,0.0
2017-05-31,66.91,67.44,66.66,67.39,2898213,0.0
2017-06-01,67.5,67.56,66.66,67.45,4482375,0.0
2017-06-04,67.49,67.88,67.31,67.56,1732467,0.0
2017-06-05,67.29,67.77,67.15,67.39,2308991,0.0
2017-06-06,67.04,67.39,66.5,66.96,3891752,0.0
2017-06-07,66.41,66.915,66.3,66.87,2393574,0.0
2017-06-08,67.13,67.13,65.83,66.3,3029273,0.0
2017-06-11,65.91,66.33,65.02,66.29,3610112,0.0
2017-06-12,66.43,66.64,65.8,66.43,2915804,0.0
2017-06-13,66.44,66.93,65.94,66.47,2568445,0.0
2017-06-14,66.03,66.37,65.4,65.61,3264902,0.0
2017-06-15,65.36,66.41,65.1,65.81,5449284,0.0
2017-06-18,66.06,67.2951,66.06,66.61,1968699,0.0
2017-06-19,66.22,67.72,66.22,66.48,2164431,0.0
2017-06-20,66.54,67.99,66.34,67.92,2588319,0.0
2017-06-21,67.86,68.11,66.26,66.33,3685941,0.0
2017-06-22,66.22,67.775,66.06,67.39,2873446,0.0
2017-06-25,67.8,68.1,67.31,67.45,1881263,0.0
2017-06-26,67.31,67.68,65.74,65.75,2277378,0.0
2017-06-27,66.01,67.24,65.74,67.04,3194084,0.0
2017-06-28,67.02,67.16,65.6,66.14,2994931,0.0
2017-06-29,66.5,66.9,66.17,66.42,2424716,0.0
2017-07-02,66.93,66.98,66.4,66.69,899365,0.0
2017-07-04,66.81,67.25,66.14,66.88,1663396,0.0
2017-07-05,66.46,66.685,66.05,66.3,1733548,0.0
2017-07-06,66.4,67.32,66.3722,66.96,1979075,0.0
2017-07-09,66.99,67.32,66.65,67.28,1495867,0.0
2017-07-10,67.18,67.48,66.33,66.8,1450405,0.0
2017-07-11,67.24,68.155,67.11,68.13,2080238,0.0
2017-07-12,68.26,68.26,66.94,67.1,1790778,0.0
2017-07-13,67.48,68.8099,67.33,68.02,2392211,0.0
2017-07-16,67.97,68.999,67.71,68.89,1141686,0.0
2017-07-17,68.78,68.955,67.71,68.78,1514456,0.0
2017-07-18,68.8,69.5,68.65,69.49,2169201,0.0
2017-07-19,69.75,70.3,68.99,69.14,2081558,0.0
2017-07-20,68.85,69.8572,68.78,69.16,2083565,0.0
2017-07-23,69.13,70.06,68.81,69.97,1834325,0.0
2017-07-24,69.94,70.34,69.11,69.98,2044217,0.0
2017-07-25,70.21,70.45,69.89,70.06,1896040,0.0
2017-07-26,70.06,70.49,69.25,69.73,2669319,0.0
2017-07-27,69.54,69.9,69.18,69.31,3364113,0.0
2017-07-30,69.55,69.75,68.42,68.5,3330260,0.0
2017-07-31,68.57,70.015,68.57,69.51,4040778,0.0
2017-08-01,69.4,69.52,67.32,67.71,7171056,0.0
2017-08-02,67.04,70.05,66.93,69.94,5144822,0.0
2017-08-03,70.8,71.38,69.89,70.34,4095361,0.0
2017-08-06,70.25,70.33,68.72,69.59,3458196,0.0
2017-08-07,70,70.4627,69.41,70.27,3094241,0.0
2017-08-08,70.02,70.88,69.73,70.17,3059361,0.0
2017-08-09,69.67,70.84,69.63,70.02,2396611,0.0
2017-08-10,70.13,70.705,69.96,70.61,2698292,0.0
2017-08-13,71.1,71.87,70.39,71.83,2163095,0.0
2017-08-14,71.86,71.91,71.5,71.68,1876395,0.0
2017-08-15,71.98,72.07,71.56,72.07,1990605,0.0
2017-08-16,71.82,71.98,70.36,70.39,2136325,0.0
2017-08-17,69.7,70.51,69.37,69.39,1790059,0.0
2017-08-20,69.5,69.8593,68.67,68.85,1972504,0.0
2017-08-21,69.06,70.3,68.95,70.13,1877742,0.0
2017-08-22,70.01,70.13,69.17,70.01,1384843,0.0
2017-08-23,70.12,70.34,69.52,69.82,1030682,0.0
2017-08-24,70.09,70.74,69.08,69.1,1265436,0.0
2017-08-27,69.3,70.0066,69.13,69.28,1324787,0.0
2017-08-28,68.72,69.54,68.57,68.98,1299659,0.0
2017-08-29,68.9,69.88,68.69,69.68,1387368,0.0
2017-08-30,69.84,70.31,69.53,70.09,1992130,0.0
2017-08-31,70.16,71.21,70.07,70.83,1997788,0.0
2017-09-04,70.57,70.73,69.88,70.53,1583795,0.0
2017-09-05,70.73,71.07,69.91,70.94,1229988,0.0
2017-09-06,71.02,71.8,70.95,71.42,1662035,0.0
2017-09-07,71.4,71.63,70.32,70.41,2043251,0.0
2017-09-10,71.03,72.33,70.52,71.48,2041929,0.0
2017-09-11,71.59,72.2835,71.39,72.14,2378282,0.0
2017-09-12,72.12,72.84,71.49,71.57,2544668,0.0
2017-09-13,71.29,71.981,70.87,71.74,1849805,0.0
2017-09-14,71.77,71.925,70.79,71.75,2644963,0.0
2017-09-17,72.13,72.315,71.81,72.03,1126021,0.0
2017-09-18,72.25,72.82,72.13,72.51,1759682,0.0
2017-09-19,72.56,72.84,71.71,71.76,1032789,0.0
2017-09-20,71.66,72.1731,71.15,71.16,1564687,0.0
2017-09-21,71.27,72.15,71.22,72.05,2175378,0.0
2017-09-24,71.91,72.05,70.72,71,1435636,0.0
2017-09-25,71.22,71.84,70.88,71.63,1862719,0.0
2017-09-26,72.01,72.33,71.529,71.91,1266783,0.0
2017-09-27,71.48,72.165,70.82,72.14,1132182,0.0
2017-09-28,71.99,72.65,71.93,72.53,1310560,0.0
2017-10-01,72.61,73.279,72.35,72.45,1404974,0.0
2017-10-02,72.46,72.915,71.84,71.85,1654724,0.0
2017-10-03,71.8,73.01,71.56,72.65,1930852,0.0
2017-10-04,73.06,73.23,72.625,73.2,2013243,0.0
2017-10-05,73,73.83,73,73.8,1489766,0.0
2017-10-08,73.91,73.91,72.5,73.64,1063467,0.0
2017-10-09,73.62,74.1,73.62,74,1593444,0.0
2017-10-10,73.89,74.01,73.15,73.6,1739920,0.0
2017-10-11,73.74,74.47,73.3,73.37,2040003,0.0
2017-10-12,73.89,74.48,73.51,74.38,1008181,0.0
2017-10-15,74.44,74.51,73.16,74.17,901296,0.0
2017-10-16,74.12,74.13,72.89,73.25,959433,0.0
2017-10-17,73.47,74.19,72.94,73.93,1633613,0.0
2017-10-18,73.61,74.47,73.42,74.27,1231053,0.0
2017-10-19,74.5,74.82,73.51,74.8,1945123,0.0
2017-10-22,75.01,75.01,74.3,74.42,2066085,0.0
2017-10-23,74.3,74.7,73.46,74.68,1903576,0.0
2017-10-24,74.43,74.75,73.39,73.53,1697834,0.0
2017-10-25,74.58,74.88,73.82,74.58,1691759,0.0
2017-10-26,74.71,75.5,72.232,75.38,2372746,0.0
2017-10-29,75.27,75.62,74.75,75.5,3313172,0.0
2017-10-30,75.73,76.51,74.63,74.94,5164423,0.0
2017-10-31,73.92,74.27,69.85,73.54,8888574,0.0
2017-11-01,74.08,75.11,73.02,73.64,3591165,0.0
2017-11-02,73.59,74.32,73.06,74.27,2069680,0.0
2017-11-05,74.11,75.29,74,74.77,2491346,0.0
2017-11-06,74.81,74.99,73.81,73.93,1634712,0.0
2017-11-07,74.07,74.99,73.55,74.4,1382014,0.0
2017-11-08,73.88,74.24,72.79,73.94,1522949,0.0
2017-11-09,73.59,74.44,73.42,74.25,1721472,0.0
2017-11-12,74,74.66,73.81,74.56,1212904,0.0
2017-11-13,73.84,75.19,73.78,74.96,1817037,0.0
2017-11-14,74.2,74.54,73.42,74.1,2489820,0.0
2017-11-15,74.4,75.77,74.39,75.38,2714972,0.0
2017-11-16,75.07,75.16,72.88,72.92,3435097,0.0
2017-11-19,72.92,72.92,71.57,71.9,4830345,0.0
2017-11-20,72.78,72.89,71.1,71.22,3179959,0.0
2017-11-21,71.39,72.055,70.99,71.69,1817366,0.0
2017-11-23,71.93,72.37,71.53,72.26,1434491,0.0
2017-11-26,72.23,72.61,72.01,72.4,1674528,0.0
2017-11-27,72.53,73.23,72.22,72.31,2292260,0.0
2017-11-28,72.43,72.52,71.41,72.11,2491470,0.0
2017-11-29,71.17,72.49,70.96,72.25,1941823,0.0
2017-11-30,71.91,72.41,70.76,70.81,3983549,0.0
2017-12-03,71.09,71.3,70.22,70.33,3697024,0.0
2017-12-04,70.08,71.31,69.69,70.43,2681545,0.0
2017-12-05,70.16,71.07,69.82,70.95,4061287,0.0
2017-12-06,70.8,71.23,69.46,71.06,3925525,0.0
2017-12-07,71.72,72.26,70.93,71.27,1737906,0.0
2017-12-10,71.1,72.04,70.7,71.01,1701544,0.0
2017-12-11,70.93,71.97,70.38,71.46,2031154,0.0
2017-12-12,71.8,72.12,71.06,71.19,2065478,0.0
2017-12-13,71.65,72.79,71.14,71.8,3694453,0.0
2017-12-14,71.93,72.3,71.07,72,4663586,0.0
2017-12-17,72.37,72.47,71.72,71.88,1946676,0.0
2017-12-18,71.8,72.44,71.37,71.92,2141583,0.0
2017-12-19,72.43,72.77,71.95,72.71,2266934,0.0
2017-12-20,73.44,73.86,71.94,72.43,3726398,0.0
2017-12-21,72.35,72.44,71.5,71.72,2635814,0.0
2017-12-25,71.56,71.92,70.57,70.69,1579272,0.0
2017-12-26,71.09,71.33,70.6,71.19,1844888,0.0
2017-12-27,71.27,71.53,70.95,71.39,1522528,0.0
2017-12-28,71.38,71.71,71.01,71.04,1546665,0.0
2018-01-01,71.19,71.33,70.54,70.95,2332854,0.0
2018-01-02,71.18,71.765,70.9,71.53,3665217,0.0
2018-01-03,71.95,72.97,71.86,72.69,2168572,0.0
2018-01-04,73.11,73.59,72.76,73.28,1854936,0.0
2018-01-07,73.15,73.66,73.01,73.36,1467997,0.0
2018-01-08,73.2,73.63,73.2,73.46,1531108,0.0
2018-01-09,73.24,74.02,73.2,73.96,2142813,0.0
2018-01-10,73.99,74.2,73.62,73.99,2717863,0.0
2018-01-11,74.09,74.85,73.89,74.53,2090840,0.0
2018-01-15,74.64,75.21,73.86,74.15,2556876,0.0
2018-01-16,74.57,76.03,74.52,75.84,2238042,0.0
2018-01-17,76.75,77.14,75.68,76.16,2550203,0.0
2018-01-18,76.4,77.38,76.19,77.29,2313306,0.0
2018-01-21,77.39,78.34,77.19,77.97,2389394,0.0
2018-01-22,77.64,78.78,77.5466,77.66,2000108,0.0
2018-01-23,77.93,78.62,77.51,77.85,1790541,0.0
2018-01-24,78.11,78.52,77.44,77.95,1934375,0.0
2018-01-25,78.22,78.53,77.68,78.41,1635783,0.0
2018-01-28,78.05,78.38,77.49,77.55,1559097,0.0
2018-01-29,77.56,78.12,76.91,77.77,2306315,0.0
2018-01-30,77.58,78.23,77.32,77.99,2396853,0.0
2018-01-31,77.91,78.44,77.091,77.52,2077871,0.0
2018-02-01,75.81,77.08,75.12,75.14,3579644,0.0
2018-02-04,75.07,76.4799,73.25,73.29,3157336,0.0
2018-02-05,72.24,74.27,71.84,73.94,5321219,0.0
2018-02-06,76.63,79.28,76.5,76.53,5907976,0.0
2018-02-07,76.71,77.8,75.09,75.15,5423262,0.0
2018-02-08,75.84,76.82,74.06,76.27,5206696,0.0
2018-02-11,76.51,77.9,76.42,76.83,3613467,0.0
2018-02-12,76.34,78.3,76.1,78.08,3138774,0.0
2018-02-13,77.43,80.13,77.38,79.81,3618644,0.0
2018-02-14,80.35,81.37,78.73,81.36,2475064,0.0
2018-02-15,81.49,81.87,80.65,80.96,2835193,0.0
2018-02-19,80.69,82.18,80.61,81.53,2826264,0.0
2018-02-20,81.47,83.56,81.34,81.37,3785316,0.0
2018-02-21,81.81,82.37,81.23,81.62,2742319,0.0
2018-02-22,82.32,82.53,80.59,82.51,2271198,0.0
2018-02-25,83.31,83.34,81.84,82.53,1711172,0.0
2018-02-26,82.81,83.79,82.25,82.48,2134619,0.0
2018-02-27,82.98,83.55,81.86,82.03,1399825,0.0
2018-02-28,82.24,82.5,80.11,80.65,2454559,0.0
2018-03-01,79.92,81.42,79.52,81.28,1975870,0.0
2018-03-04,80.73,82.15,80.57,81.84,1764206,0.0
2018-03-05,82.4,83.27,81.99,83.06,2335767,0.0
2018-03-06,82.69,83.56,82.41,83.25,1700001,0.0
2018-03-07,83.23,83.29,82.24,83.2,2398973,0.0
2018-03-08,83.58,84.95,83.51,84.71,2023638,0.0
2018-03-11,84.62,84.92,83.8,84.07,1839507,0.0
2018-03-12,84.57,84.99,83.52,83.79,1708452,0.0
2018-03-13,84.01,84.62,83.45,83.63,1556733,0.0
2018-03-14,83.75,84.795,83.68,84.38,2238448,0.0
2018-03-15,84.35,84.55,83.79,84.15,2749233,0.0
2018-03-18,83.92,84.3,82.53,83.82,2135596,0.0
2018-03-19,84.03,84.69,83.91,84.32,2446397,0.0
2018-03-20,84.25,84.565,83.05,83.33,2757061,0.0
2018-03-21,82.51,83,80.66,80.97,3588252,0.0
2018-03-22,81.06,81.46,78.79,78.84,2094570,0.0
2018-03-25,80.66,81.87,79.65,81.63,2436570,0.0
2018-03-26,82.29,82.74,79.34,80.08,2123804,0.0
2018-03-27,80.39,80.89,79.38,79.66,2901822,0.0
2018-03-28,80.1,81.615,79.77,80.5,2792554,0.0
2018-04-01,80.46,81.27,78.46,79.2,3524549,0.0
2018-04-02,79.85,80.72,78.99,80.05,2702304,0.0
2018-04-03,78.62,80.76,78.58,80.3,2598904,0.0
2018-04-04,80.63,81.06,79.65,80.49,1713559,0.0
2018-04-05,79.89,80.43,78.13,78.65,2517438,0.0
2018-04-08,79.28,80.23,78.87,78.92,2522793,0.0
2018-04-09,80.3,80.86,79.69,80.39,2471902,0.0
2018-04-10,79.65,80.26,79.46,79.93,1784243,0.0
2018-04-11,80.38,81.6947,80.08,81.12,2901121,0.0
2018-04-12,81.8,81.8,79.77,80.82,2219330,0.0
2018-04-15,81.49,82.255,81,81.34,1712450,0.0
2018-04-16,81.95,82.37,81.04,82.2,2710928,0.0
2018-04-17,82.45,82.88,81.63,82.26,1874976,0.0
2018-04-18,82.13,83.19,82.01,82.37,1408337,0.0
2018-04-19,82.19,82.56,81.39,81.73,1992710,0.0
2018-04-22,81.98,82.2,81.23,81.57,1461138,0.0
2018-04-23,82.17,82.32,80.09,80.37,2249996,0.0
2018-04-24,80.17,81.15,79.48,80.91,1688683,0.0
2018-04-25,81.33,81.8075,80.79,81.3,2694542,0.0
2018-04-26,81.44,82.64,81.09,81.19,1673344,0.0
2018-04-29,81.58,82.5,81.29,81.39,1783202,0.0
2018-04-30,81.42,82.05,81.21,81.79,1658738,0.0
2018-05-01,81.68,82.18,81.12,81.38,2347538,0.0
2018-05-02,80.95,81.57,80.0775,81.36,2584508,0.0
2018-05-03,81.04,82.61,80.72,82.17,2947928,0.0
2018-05-06,78.726,78.88,76.83,77.45,8143810,0.0
2018-05-07,77.15,77.49,75.05,75.55,6037610,0.0
2018-05-08,75.86,75.97,74.76,75.01,5808219,0.0
2018-05-09,75.39,76.375,75.14,75.95,2452136,0.0
2018-05-10,75.83,76.99,75.78,76.59,2300148,0.0
2018-05-13,76.37,76.83,75.4401,75.86,2344458,0.0
2018-05-14,75.67,76.33,74.89,75.06,2257076,0.0
2018-05-15,75.16,75.81,74.9,75.4,1764650,0.0
2018-05-16,75.05,76.13,74.97,75.38,2357133,0.0
2018-05-17,75.52,76.34,75.15,76.04,2316825,0.0
2018-05-20,76.34,76.81,75.33,75.55,1390423,0.0
2018-05-21,75.91,76.03,75.139,75.24,1593181,0.0
2018-05-22,74.9,75.81,74.86,75.76,1718802,0.0
2018-05-23,75.92,76.41,75.48,75.92,2177127,0.0
2018-05-24,75.81,76.07,75.05,75.77,2169780,0.0
2018-05-28,75.47,75.48,73.97,74.4,2659721,0.0
2018-05-29,74.6,76.03,74.5,75.69,2532204,0.0
2018-05-30,75.79,76.22,74.92,75.35,3209564,0.0
2018-05-31,75.78,77.22,75.77,76.86,2303467,0.0
2018-06-03,76.86,77.45,76.72,77.21,2178356,0.0
2018-06-04,77.36,77.4,76.67,77.02,1654042,0.0
2018-06-05,77.17,78.17,77.1,78.14,1812305,0.0
2018-06-06,78.04,78.2,76.11,76.72,2358080,0.0
2018-06-07,76.58,77.13,75.94,77.11,1796854,0.0
2018-06-10,77.07,77.78,76.61,76.98,1334664,0.0
2018-06-11,76.97,78.3,76.95,78.25,2253622,0.0
2018-06-12,77.23,79.06,77.23,78.02,2335843,0.0
2018-06-13,78.15,78.97,78.11,78.55,2244135,0.0
2018-06-14,79.39,80.75,78.65,80.68,6272210,0.0
2018-06-17,79.93,80.35,78.63,80.01,2976654,0.0
2018-06-18,79.36,79.66,78.55,79.2,2299964,0.0
2018-06-19,79.25,79.295,78.46,78.82,2506870,0.0
2018-06-20,78.77,78.77,77.555,77.68,1908015,0.0
2018-06-21,78.15,79,77.25,78.71,2844349,0.0
2018-06-24,78.41,78.5,77.35,77.96,2511543,0.0
2018-06-25,78.14,78.7956,77.79,78.46,2111855,0.0
2018-06-26,79.43,79.43,77.35,77.37,2409082,0.0
2018-06-27,77.79,79.37,77.35,79.02,2359394,0.0
2018-06-28,78.94,80.01,78.8,78.98,2343906,0.0
2018-07-01,78.57,79.52,78.3,79.47,1868023,0.0
2018-07-02,79.86,80.21,79.35,79.9,1244626,0.0
2018-07-04,79.84,80.1902,79.22,79.89,2542583,0.0
2018-07-05,79.94,80.74,79.71,80.56,1379603,0.0
2018-07-08,80.76,81.1,80.25,80.99,1395368,0.0
2018-07-09,81.5,82.1,81.33,81.74,1638395,0.0
2018-07-10,81.29,81.89,81.11,81.6,2104860,0.0
2018-07-11,82.04,83.35,81.44,83.33,2441043,0.0
2018-07-12,82.49,83.08,81.57,81.71,3372407,0.0
2018-07-15,81.78,82.3832,81.66,81.97,2085567,0.0
2018-07-16,81.4,82.99,81.28,82.74,1800272,0.0
2018-07-17,82.36,82.645,81.86,82.31,1521500,0.0
2018-07-18,82.25,82.63,81.5,82.38,1612395,0.0
2018-07-19,82.22,82.57,81.95,82.25,1620647,0.0
2018-07-22,82.08,82.76,81.735,82.67,1312522,0.0
2018-07-23,82.37,82.91,82.01,82.26,2004570,0.0
2018-07-24,82.5458,82.84,81.91,82.83,2493989,0.0
2018-07-25,82.97,83.3,82.63,82.73,1278586,0.0
2018-07-26,82.73,83,80.99,81.55,1632059,0.0
2018-07-29,81.53,81.76,80.34,80.77,2172729,0.0
2018-07-30,81.14,81.73,80.81,81.49,2453607,0.0
2018-07-31,81.5,82.29,81.36,82.1,2832997,0.0
2018-08-01,75.45,78.17,74.83,76.86,10586042,0.0
2018-08-02,77.54,78.25,76.27,77.8,5133678,0.0
2018-08-05,77.77,78.52,77.75,78.48,2495432,0.0
2018-08-06,78.55,78.835,77.805,78.07,1889261,0.0
2018-08-07,78.3,78.3,77.21,77.23,1766930,0.0
2018-08-08,77.12,77.2467,76.21,76.25,3411458,0.0
2018-08-09,75.98,76.26,75.36,75.56,2260542,0.0
2018-08-12,75.75,76.46,75.33,75.42,2265262,0.0
2018-08-13,74.66,75.74,74.66,75.25,3188539,0.0
2018-08-14,74.88,75.13,74.131,74.54,2436443,0.0
2018-08-15,74.59,75.37,74.55,75.11,2543518,0.0
2018-08-16,75.06,75.81,74.92,75.55,2684451,0.0
2018-08-19,75.49,75.5,74.545,74.91,2700115,0.0
2018-08-20,74.89,75.3,74.74,74.9,1815891,0.0
2018-08-21,74.81,75.39,74.6,75.26,1911673,0.0
2018-08-22,75.35,75.95,75,75.1,1876404,0.0
2018-08-23,75.43,76,75.07,75.85,1295122,0.0
2018-08-26,76.16,77.17,75.99,76.61,2033462,0.0
2018-08-27,76.74,76.88,76.16,76.66,1680083,0.0
2018-08-28,76.61,77.9,76.61,77.7,2350467,0.0
2018-08-29,77.63,77.91,77.06,77.385,1845554,0.0
2018-08-30,77.36,78.59,77.36,78.47,2387601,0.0
2018-09-03,75.11,75.865,74.02,75.65,5908454,0.0
2018-09-04,75.29,75.46,74.68,75.2943,2736797,0.0
2018-09-05,75.49,75.92,74.94,75.73,2015791,0.0
2018-09-06,75.42,76.21,75.35,75.76,2502896,0.0
2018-09-09,75.91,76.31,75.4,75.57,1981303,0.0
2018-09-10,75.59,76.82,75.23,76.61,1757424,0.0
2018-09-11,76.46,76.8,75.365,75.7,2140752,0.0
2018-09-12,75.95,77.23,75.82,77.2,3208286,0.0
2018-09-13,77.2,77.2,76.08,76.27,1906035,0.0
2018-09-16,76.33,76.63,75.81,75.95,1593999,0.0
2018-09-17,76.28,77.04,75.74,76.88,2174459,0.0
2018-09-18,77.69,77.69,76.01,76.09,1251651,0.0
2018-09-19,76.39,77.39,76.39,77.18,1709845,0.0
2018-09-20,77.71,77.85,77.19,77.6003,2348809,0.0
2018-09-23,76.88,77.55,76.88,77.27,1461341,0.0
2018-09-24,77.6,77.78,76.75,76.82,1336444,0.0
2018-09-25,77.05,77.425,76.46,76.79,1599788,0.0
2018-09-26,76.5,77.55,76.5,76.76,1752875,0.0
2018-09-27,76.45,77.16,76.45,77.16,1772239,0.0
2018-09-30,77.45,77.87,76.72,76.97,1715398,0.0
2018-10-01,77,77.35,76.54,77.29,1729379,0.0
2018-10-02,77.33,77.49,76.49,76.56,1389160,0.0
2018-10-03,76.47,76.58,75.77,76.1,3152491,0.0
2018-10-04,76.08,76.29,74.78,75.2,2310256,0.0
2018-10-07,75.07,75.07,73.365,74.1,2558820,0.0
2018-10-08,74,74.3,73.5801,73.97,2089147,0.0
2018-10-09,73.57,73.65,71.3901,71.44,2973456,0.0
2018-10-10,71.7,72.13,69.99,70.29,4145658,0.0
2018-10-11,71.1879,72.39,70.82,72.17,4607057,0.0
2018-10-14,71.93,72.59,71.46,72.01,1725530,0.0
2018-10-15,72.75,73.71,72.51,73.5,3471364,0.0
2018-10-16,73.36,74.38,72.74,74,1657050,0.0
2018-10-17,73.88,74.38,73.28,73.58,2887756,0.0
2018-10-18,74.08,74.53,73.48,73.69,2292679,0.0
2018-10-21,73.98,74.23,73.1,73.59,1763250,0.0
2018-10-22,72.65,73.62,71.78,73.4,2739532,0.0
2018-10-23,73.13,73.62,70.1,70.13,2934156,0.0
2018-10-24,70.62,71.86,70.2,71.48,2897593,0.0
2018-10-25,70,71.46,69.32,70.52,2724995,0.0
2018-10-28,71.25,71.31,68.36,69.29,5665554,0.0
2018-10-29,66.65,67.93,65.14,66.53,9027419,0.0
2018-10-30,66.62,69.66,66.32,69.03,4236236,0.0
2018-10-31,68.99,69.185,68.08,68.78,4385737,0.0
2018-11-01,69.12,69.63,68.51,69.49,3249904,0.0
2018-11-04,69.93,70,69.06,69.45,2618119,0.0
2018-11-05,69.64,69.78,69.15,69.65,2170585,0.0
2018-11-06,70.32,71.43,70.18,71.39,2057333,0.0
2018-11-07,71.28,71.82,70.93,71.24,1310400,0.0
2018-11-08,70.95,71.14,69.85,70.33,2310699,0.0
2018-11-11,70.05,70.27,69.35,69.56,2167321,0.0
2018-11-12,69.84,70.455,69.44,69.61,2324418,0.0
2018-11-13,70,70,67.47,67.56,4257640,0.0
2018-11-14,67.17,68.74,67.01,68.67,3866510,0.0
2018-11-15,68.49,71.13,68.265,70.33,5467322,0.0
2018-11-18,70.43,71.16,68.75,69.21,3659048,0.0
2018-11-19,67.74,68.78,67.45,67.62,3421236,0.0
2018-11-20,68.31,69.59,67.71,68.68,3760814,0.0
2018-11-22,68.06,68.96,67.825,67.98,1106851,0.0
2018-11-25,68.66,69.07,68.33,68.74,2211772,0.0
2018-11-26,68.51,69.995,68.36,69.89,4315422,0.0
2018-11-27,69.97,70.88,69.51,70.75,3052499,0.0
2018-11-28,70.49,70.95,70.11,70.3,2217349,0.0
2018-11-29,70.62,71.29,70.06,71.22,2949913,0.0
2018-12-02,71.69,72.23,71.11,71.92,3126733,0.0
2018-12-03,71.9,71.99,69.735,70.02,2715317,0.0
2018-12-05,69.1,69.48,68.105,69.39,3555677,0.0
2018-12-06,69.39,69.76,67.59,68.01,2948373,0.0
2018-12-09,68.01,68.66,66.42,67.05,4764387,0.0
2018-12-10,68.21,68.44,66.6,67.27,3593401,0.0
2018-12-11,68.44,69.23,67.99,68.021,2608550,0.0
2018-12-12,68.14,69.29,67.82,69.09,3480315,0.0
2018-12-13,68.23,68.87,67.58,67.77,2386907,0.0
2018-12-16,67.43,67.76,64.05,64.67,4246277,0.0
2018-12-17,65.14,65.49,64.16,64.625,3137376,0.0
2018-12-18,64.91,66.04,63.63,64.23,2878052,0.0
2018-12-19,63.91,64.465,62.05,62.8,3765449,0.0
2018-12-20,62.85,63.65,59.8,60.09,6609255,0.0
2018-12-23,60.07,60.96,59.655,60.04,3264206,0.0
2018-12-25,60.6,62.34,59.47,62.34,3035823,0.0
2018-12-26,61.68,63.1,60.89,63.09,2859967,0.0
2018-12-27,63.41,63.9,62.42,62.88,1813842,0.0
2018-12-30,63.24,63.66,63.02,63.18,1729288,0.0
2019-01-01,62.5,63.81,62.5,62.98,2526147,0.0
2019-01-02,62.36,62.97,61.11,61.15,3117511,0.0
2019-01-03,62.28,63.8,61.95,63.71,3767866,0.0
2019-01-06,63.35,63.965,62.8,63.64,3155046,0.0
2019-01-07,64.27,64.43,63.44,64.31,2725949,0.0
2019-01-08,64.62,64.8,63.98,64.2,2264529,0.0
2019-01-09,63.64,64.85,63.5,64.8,2662134,0.0
2019-01-10,64.78,65.19,64.5814,64.92,2765546,0.0
2019-01-13,64.46,65.02,64.34,64.51,2892911,0.0
2019-01-14,64.84,66.25,64.65,65.945,2922910,0.0
2019-01-15,65.9,66.08,65.45,65.805,2954497,0.0
2019-01-16,65.49,66.74,65.2,66.53,1999813,0.0
2019-01-17,67.55,68.03,66.97,67.79,3428080,0.0
2019-01-21,67.3,67.69,66.27,66.625,2513363,0.0
2019-01-22,66.81,67.45,66.21,67.04,2594987,0.0
2019-01-23,67.12,68.14,66.92,68.115,2843067,0.0
2019-01-24,70.25,70.32,69.25,69.99,3447595,0.0
2019-01-27,69.27,69.38,68.34,68.955,2499514,0.0
2019-01-28,69,69.23,68.38,68.655,2480851,0.0
2019-01-29,68.73,70.1,68.54,69.83,3118272,0.0
2019-01-30,69.86,70.31,69.41,69.7,2662560,0.0
2019-01-31,69.95,70.94,69.78,70.1,2212785,0.0
2019-02-03,70.07,71.509,69.945,71.26,2622201,0.0
2019-02-04,71.35,71.87,71.11,71.27,3468277,0.0
2019-02-05,70.02,74.69,70.0001,74.535,6437848,0.0
2019-02-06,74.18,74.45,71.42,72.92,5207842,0.0
2019-02-07,72.46,73.54,72.175,73.085,4023307,0.0
2019-02-10,73.35,73.87,72.88,72.97,3406944,0.0
2019-02-11,73.42,73.62,72.875,73.43,2663781,0.0
2019-02-12,74.16,74.35,73.18,73.57,1591876,0.0
2019-02-13,73.06,73.64,72.92,73.195,1255626,0.0
2019-02-14,73.71,74.05,73.08,73.53,2457465,0.0
2019-02-18,73.21,73.57,72.635,73.115,3119890,0.0
2019-02-19,73.27,73.41,71.855,72.24,2582228,0.0
2019-02-20,72.1,72.415,71.12,71.36,3015888,0.0
2019-02-21,71.69,72.42,71.485,72.38,4355646,0.0
2019-02-24,72.93,73,72.14,72.25,3036927,0.0
2019-02-25,72.43,72.54,71.76,72.04,3045733,0.0
2019-02-26,71.72,71.725,70.96,71.31,3868896,0.0
2019-02-27,71.25,71.76,70.88,70.98,2831157,0.0
2019-02-28,70.91,72.22,70.8,72.13,2508567,0.0
2019-03-03,72.56,72.88,71.01,71.77,2645023,0.0
2019-03-04,71.69,71.99,71.34,71.38,1551054,0.0
2019-03-05,71.42,72.0299,71.19,71.47,2427086,0.0
2019-03-06,72.32,72.72,71.66,72.31,4480468,0.0
2019-03-07,71.61,72,70.565,71.16,3388270,0.0
2019-03-10,71.37,72.39,71.3,72.34,2793207,0.0
2019-03-11,72.3,72.61,71.68,71.76,3187908,0.0
2019-03-12,71.93,72.33,71.15,71.2,3041771,0.0
2019-03-13,71.22,71.47,70.85,70.93,2148798,0.0
2019-03-14,71.8,72.36,71.5,72.13,2327325,0.0
2019-03-17,72.1,72.32,71.22,71.89,1767848,0.0
2019-03-18,72.31,72.44,71.8,72.02,2076065,0.0
2019-03-19,72.17,72.43,71.32,71.72,1747346,0.0
2019-03-20,71.49,72.64,71.41,72.17,2313319,0.0
2019-03-21,71.96,72.06,70.64,70.9,2256026,0.0
2019-03-24,70.74,70.885,70.005,70.75,1725478,0.0
2019-03-25,71.23,71.7275,70.67,71.09,2026200,0.0
2019-03-26,71.13,71.47,70.32,71.04,1774119,0.0
2019-03-27,71.89,71.89,71.035,71.59,2225675,0.0
2019-03-28,72.02,72.85,71.97,72.42,3453873,0.0
2019-03-31,73,73.93,72.65,73.85,1178051,0.0
2019-04-01,73.86,74.18,73.41,73.55,2617899,0.0
2019-04-02,73.9,74.845,73.82,74.17,2999824,0.0
2019-04-03,74.3,74.4,73.315,73.79,1897397,0.0
2019-04-04,73.85,74.42,73.13,74.21,1972222,0.0
2019-04-07,74.26,74.45,73.56,74.41,2194481,0.0
2019-04-08,73.92,74.52,73.72,74.38,1748168,0.0
2019-04-09,74.45,74.765,74.31,74.59,1323341,0.0
2019-04-10,74.67,74.78,74.07,74.19,1846257,0.0
2019-04-11,74.41,74.5,73.5542,74.28,2154686,0.0
2019-04-14,74.44,74.582,73.76,74.32,1432320,0.0
2019-04-15,73,73.174,71.58,71.9,4061603,0.0
2019-04-16,72.17,72.43,71.75,72.15,2416862,0.0
2019-04-17,72.27,72.27,70.555,71.37,4420513,0.0
2019-04-21,70.95,71.54,70.37,71.48,1875256,0.0
2019-04-22,71.77,73.05,71.545,72.85,4030865,0.0
2019-04-23,72.98,73.5,72.09,72.68,2325406,0.0
2019-04-24,72.72,73.11,72.3,72.91,2201177,0.0
2019-04-25,73.07,73.43,72.64,73.38,1871033,0.0
2019-04-28,71.15,72.855,71.15,72.42,3077344,0.0
2019-04-29,72.43,73.05,72.29,72.97,2518991,0.0
2019-04-30,73.35,73.38,72.15,72.15,2569827,0.0
2019-05-01,72.19,72.97,65,66.6,11090009,0.0
2019-05-02,60.09,61.5,57.7,59.25,38391406,0.0
2019-05-05,58.56,60.19,58.02,59.61,9298944,0.0
2019-05-06,59,59.1,57.47,58.51,9333234,0.0
2019-05-07,58.48,59.11,58.07,58.99,7450359,0.0
2019-05-08,58.27,59.275,58.005,59.1,8434531,0.0
2019-05-09,58.56,59.32,58.28,59.15,10945783,0.0
2019-05-12,58.02,58.17,56.73,56.88,11619793,0.0
2019-05-13,57.12,58.3,56.97,57.74,7006355,0.0
2019-05-14,57.55,58.765,57.43,58.595,7009789,0.0
2019-05-15,58.46,58.985,58.23,58.63,6591561,0.0
2019-05-16,58.01,59.5,57.81,59.455,7406033,0.0
2019-05-19,58.83,60.115,58.71,59.98,8876868,0.0
2019-05-20,60.18,61.15,60.0205,61,8978180,0.0
2019-05-21,60.61,62.19,60.61,61.5,8869088,0.0
2019-05-22,60.96,61.7062,60.84,61.08,8475297,0.0
2019-05-23,61.5,62.19,61.22,61.87,4863827,0.0
2019-05-27,62.14,62.66,61.88,62.09,5428667,0.0
2019-05-28,61.83,62.17,61.545,61.89,3898166,0.0
2019-05-29,61.94,62.9,61.75,62.36,4232495,0.0
2019-05-30,61.73,62.33,61.73,61.93,4584896,0.0
2019-06-03,61.03,61.54,58.87,61.09,7219787,0.0
2019-06-04,61.73,62.235,61.28,62.22,5419399,0.0
2019-06-05,61.94,62.15,61.745,61.9,4714721,0.0
2019-06-06,62.24,62.98,62.15,62.775,1894371,0.0
2019-06-09,62.85,63.4251,62.67,63.02,2808962,0.0
2019-06-10,63.66,63.93,63.022,63.39,2530288,0.0
2019-06-11,63.09,63.39,62.11,62.15,2657431,0.0
2019-06-12,62.48,62.555,61.86,62.34,10298815,0.0
2019-06-13,62,62.22,61.02,61.64,6726468,0.0
2019-06-16,62,62.99,61.64,62.56,3474919,0.0
2019-06-17,63.27,64,63.12,63.72,4240946,0.0
2019-06-18,63.67,64,61.9,62.6,6370172,0.0
2019-06-19,63.3,64.29,62.82,64.17,7476237,0.0
2019-06-20,64.12,64.72,63.86,64.46,6497574,0.0
2019-06-23,64.09,64.48,63.77,64.05,3642104,0.0
2019-06-24,64.05,64.15,63.05,63.16,2918252,0.0
2019-06-25,63.6,64.22,63.05,63.06,1971983,0.0
2019-06-26,63.27,63.46,62.94,63.05,1955912,0.0
2019-06-27,63.5556,63.79,63.21,63.38,3452599,0.0
2019-06-30,64.47,65.2,63.85,64.29,2543599,0.0
2019-07-01,64.41,64.55,63.6,64.36,2565489,0.0
2019-07-02,64.42,64.45,63.79,64.18,2112711,0.0
2019-07-04,63.74,64.87,63.69,64.72,2547865,0.0
2019-07-07,64.41,64.845,63.9,64.21,2612427,0.0
2019-07-08,63.84,64.46,63.62,64.38,2951145,0.0
2019-07-09,64.58,64.96,63.67,64.06,3083215,0.0
2019-07-10,64.35,65.42,64.09,65.3,2242869,0.0
2019-07-11,65.57,65.91,65.185,65.85,2492748,0.0
2019-07-14,65.9,66.09,65.5,65.81,2518951,0.0
2019-07-15,65.8,66.31,65.35,65.94,1892161,0.0
2019-07-16,66.21,66.25,65.12,65.26,2425210,0.0
2019-07-17,64.78,66.02,64.3094,65.93,1967143,0.0
2019-07-18,66.06,66.27,65.03,65.14,2833050,0.0
2019-07-21,65.3,65.91,65.19,65.539,2058544,0.0
2019-07-22,65.09,65.87,64.89,65.87,2928526,0.0
2019-07-23,65.54,65.84,64.83,65.79,2577906,0.0
2019-07-24,65.81,66.01,65.31,65.78,2239531,0.0
2019-07-25,65.76,66.5,65.75,66.4,1311170,0.0
2019-07-28,66.36,66.47,65.435,66.03,1877054,0.0
2019-07-29,65.66,65.66,65.09,65.33,2369886,0.0
2019-07-30,65.45,66.08,64.24,65.15,4222398,0.0
2019-07-31,66.96,67.88,65.03,66.43,5829998,0.0
2019-08-01,65.34,65.48,62.805,63.49,4632754,0.0
2019-08-04,62.7,63.24,61.8023,62.03,3396115,0.0
2019-08-05,62.19,62.75,61.46,62.58,3164089,0.0
2019-08-06,61.68,62.45,61.145,62.2,2663385,0.0
2019-08-07,62.73,63.98,62.2201,63.98,2295263,0.0
2019-08-08,63.23,63.43,61.9,62.46,3012929,0.0
2019-08-11,62.28,62.28,61.07,61.17,2222090,0.0
2019-08-12,61.17,62.01,60.73,61.75,3683810,0.0
2019-08-13,60.88,60.99,59.94,60.65,3201810,0.0
2019-08-14,60.75,61.13,60.1,60.56,2849559,0.0
2019-08-15,61.19,61.46,60.76,61.22,1947821,0.0
2019-08-18,61.94,62.52,61.565,61.86,1942541,0.0
2019-08-19,61.77,62.075,61.36,61.58,1474383,0.0
2019-08-20,62.1,62.21,61.66,61.94,1749831,0.0
2019-08-21,62.03,62.27,61.095,61.19,2920609,0.0
2019-08-22,61.05,61.93,59.8,60.02,2202041,0.0
2019-08-25,60.61,60.65,59.59,59.87,1998458,0.0
2019-08-26,60.21,60.27,59.44,59.69,1949744,0.0
2019-08-27,59.8,60.31,59.2,60.24,2618930,0.0
2019-08-28,60.83,61.46,60.75,61.41,2079329,0.0
2019-08-29,61.83,61.83,61.09,61.39,1753324,0.0
2019-09-02,60.95,61.62,60.84,61.51,2653730,0.0
2019-09-03,62.18,62.55,62.04,62.42,1797282,0.0
2019-09-04,63.16,64.31,63.16,64.26,2680724,0.0
2019-09-05,64.27,65,64.09,64.45,2599146,0.0
2019-09-08,64.53,64.64,63.86,64.19,1727909,0.0
2019-09-09,63.94,64.77,63.27,64.77,1941111,0.0
2019-09-10,64.92,65.44,64.41,65.35,2532924,0.0
2019-09-11,65.61,65.62,64.36,64.84,2183820,0.0
2019-09-12,65.02,65.2,64.19,64.31,2625042,0.0
2019-09-15,64,64.54,63.87,64,1962119,0.0
2019-09-16,64.06,64.06,63.21,63.99,1689001,0.0
2019-09-17,63.7,63.825,62.7,63.51,2121167,0.0
2019-09-18,63.32,64.08,63.16,63.46,2217917,0.0
2019-09-19,63.11,63.33,61.461,61.79,4535488,0.0
2019-09-22,61.7,61.72,60.795,60.82,2894308,0.0
2019-09-23,61.03,61.49,59.4942,59.89,3958668,0.0
2019-09-24,59.97,60.48,59.42,60.18,3151449,0.0
2019-09-25,60,60.19,59.03,59.66,2190859,0.0
2019-09-26,60.02,60.12,58.655,58.74,2277100,0.0
2019-09-29,59.05,60.41,58.87,60.27,3742151,0.0
2019-09-30,60.4,61.79,60.4,60.63,2802810,0.0
2019-10-01,60.03,60.61,59.495,59.95,3294338,0.0
2019-10-02,59.99,60.32,59.63,60.17,2179717,0.0
2019-10-03,60.37,60.85,60.26,60.51,4028991,0.0
2019-10-06,60.28,60.6,60.08,60.27,3165958,0.0
2019-10-07,59.71,59.88,58.89,58.91,6344556,0.0
2019-10-08,59.74,59.75,59.14,59.44,3421652,0.0
2019-10-09,59.05,60.31,58.965,59.81,4235250,0.0
2019-10-10,60.45,61.43,60.31,60.6,4393380,0.0
2019-10-13,60.6,60.66,60.02,60.39,2774254,0.0
2019-10-14,60.4,61.675,60.37,61.33,3922976,0.0
2019-10-15,61.4,61.98,61.22,61.4,4516899,0.0
2019-10-16,61.52,61.77,60.965,61.38,4543525,0.0
2019-10-17,61.43,61.43,60.6,60.62,3959595,0.0
2019-10-20,60.31,60.88,60.3,60.78,2240469,0.0
2019-10-21,60.93,61.2297,59.7,59.9,2406706,0.0
2019-10-22,59.97,60.37,59.59,60.35,2233766,0.0
2019-10-23,60.86,61,60.18,60.5,1601481,0.0
2019-10-24,60.51,60.9,60.25,60.45,2451539,0.0
2019-10-27,60.44,60.89,60.2,60.67,2402664,0.0
2019-10-28,60.71,61.11,60.37,60.42,2974617,0.0
2019-10-29,60.8,60.8697,59.75,59.92,3014276,0.0
2019-10-30,60,62.2,59.89,60.98,5105337,0.0
2019-10-31,61.39,61.67,60.87,61.2238,2903607,0.0
2019-11-03,61.47,62.15,61.35,62.07,3390487,0.0
2019-11-04,62.17,62.2,61.36,61.94,2120471,0.0
2019-11-05,62,62.43,61.89,62.265,1880179,0.0
2019-11-06,62.74,63.565,62.57,63.055,2379245,0.0
2019-11-07,62.89,62.98,62.38,62.84,1484673,0.0
2019-11-10,62.68,62.8996,62.48,62.65,1344475,0.0
2019-11-11,62.8,62.96,62.5,62.84,1909653,0.0
2019-11-12,62.58,62.95,62.38,62.5,1247863,0.0
2019-11-13,62.29,63.14,62.02,63.12,1805672,0.0
2019-11-14,63.4,63.4,62.68,63.37,2183425,0.0
2019-11-17,62.97,63.66,62.97,63.64,1376579,0.0
2019-11-18,63.88,63.96,63.4854,63.92,1604504,0.0
2019-11-19,63.62,63.8,63.0742,63.51,2383888,0.0
2019-11-20,63.46,63.58,63.09,63.41,1737921,0.0
2019-11-21,61.99,63.23,61.95,63.19,2786247,0.0
2019-11-24,63.33,63.585,63.22,63.36,1776569,0.0
2019-11-25,63.31,63.84,63.1,63.72,1973970,0.0
2019-11-26,63.95,64.18,63.44,64.17,1284081,0.0
2019-11-28,63.92,64.37,63.9,64.13,1072007,0.0
2019-12-01,64.09,64.16,63.42,63.55,2021533,0.0
2019-12-02,63.09,63.14,62.31,62.76,2170243,0.0
2019-12-03,62.93,63.02,62.365,62.4,1822014,0.0
2019-12-04,62.57,62.59,62.06,62.21,2396653,0.0
2019-12-05,62.46,62.845,62.26,62.65,2199422,0.0
2019-12-08,62.57,62.71,61.74,61.89,2318539,0.0
2019-12-09,61.79,61.9,61.02,61.11,1913198,0.0
2019-12-10,61.12,61.21,60.46,60.67,1858985,0.0
2019-12-11,60.53,61.93,60.43,61.77,2061198,0.0
2019-12-12,61.67,62.1,61.08,61.63,1769733,0.0
2019-12-15,62.12,62.52,61.45,61.66,2151530,0.0
2019-12-16,61.85,62.09,61.51,61.77,1912727,0.0
2019-12-17,61.69,62.48,61.5,62.31,3586510,0.0
2019-12-18,62.3,63.08,62.16,62.72,3463612,0.0
2019-12-19,62.97,63.265,62.01,63.22,3067981,0.0
2019-12-22,63.15,63.34,62.59,62.62,1291999,0.0
2019-12-23,62.64,62.66,62.15,62.4,530128,0.0
2019-12-25,62.37,62.5,61.91,62.12,1244777,0.0
2019-12-26,62.49,62.84,62.01,62.16,1282664,0.0
2019-12-29,62.15,62.23,61.39,61.66,1288706,0.0
2019-12-30,61.54,62.07,61.47,62.04,1552767,0.0
2020-01-01,62.29,62.46,61.68,61.91,1958954,0.0
2020-01-02,61.08,61.54,60.89,61.32,2199716,0.0
2020-01-05,61.04,61.3,60.35,60.74,2567876,0.0
2020-01-06,60.67,60.694,59.98,60.33,2160238,0.0
2020-01-07,60.41,60.86,60.22,60.74,2029288,0.0
2020-01-08,61.5,61.99,60.75,61.105,3438764,0.0
2020-01-09,61.38,61.38,60.445,60.63,2166256,0.0
2020-01-12,60.49,61.27,60.21,61.165,2093248,0.0
2020-01-13,61.09,61.7094,60.97,61.36,2480494,0.0
2020-01-14,61.54,62,61.42,61.85,2041985,0.0
2020-01-15,62.02,62.56,61.86,62.46,2525373,0.0
2020-01-16,62.56,62.93,62.28,62.76,3395903,0.0
2020-01-20,62.54,62.73,61.94,62.3,5997764,0.0
2020-01-21,62.6,62.92,61.83,62.19,5896980,0.0
2020-01-22,62.02,62.58,61.85,62.55,4299078,0.0
2020-01-23,62.78,63.15,61.985,62.43,4417168,0.0
2020-01-26,61.83,62.085,61.29,61.77,2645737,0.0
2020-01-27,61.96,62.875,61.57,62.6,2105049,0.0
2020-01-28,62.84,63.38,62.59,62.92,3065820,0.0
2020-01-29,62.17,62.52,61.3,62.47,2098770,0.0
2020-01-30,62.23,62.34,60.85,61.36,2571278,0.0
2020-02-02,61.85,62.905,61.57,62.59,2767647,0.0
2020-02-03,63.35,63.9,63,63.43,1948316,0.0
2020-02-04,64.59,65.17,64.23,64.99,2703844,0.0
2020-02-05,67.05,71.48,66.97,71.37,6798264,0.0
2020-02-06,70.58,70.99,68.55,69.58,7020932,0.0
2020-02-09,68.89,69.47,68.59,69.38,2803651,0.0
2020-02-10,69.46,69.46,68.76,69.19,2157750,0.0
2020-02-11,69.53,69.67,69.045,69.43,2324790,0.0
2020-02-12,69.46,69.7,68.96,69.61,2139804,0.0
2020-02-13,69.27,69.405,67.8,68.45,2776690,0.0
2020-02-17,68.34,69.22,68.04,68.83,2964454,0.0
2020-02-18,68.37,69.24,67.91,68.88,2790473,0.0
2020-02-19,68.56,69.74,68.18,69.57,3435638,0.0
2020-02-20,69.13,70.2887,68.8,70.08,4156475,0.0
2020-02-23,68.92,69.88,67.39,67.44,3639693,0.0
2020-02-24,67.56,68,64.33,64.48,4027796,0.0
2020-02-25,65.11,65.89,63.26,63.27,4594390,0.0
2020-02-26,62.25,63.85,61.3,62.31,4502436,0.0
2020-02-27,60.59,61.65,59.46,60.93,6616198,0.0
2020-03-01,60.595,61.35,58.82,61.34,4944661,0.0
2020-03-02,60.92,62.88,58.87,59.61,4500373,0.0
2020-03-03,60.76,62.19,59.35,62.17,2376254,0.0
2020-03-04,60.47,61.26,59.35,59.93,4517153,0.0
2020-03-05,57.75,58.85,57.01,58.24,4020422,0.0
2020-03-08,54.12,55.97,53.46,54.01,6574277,0.0
2020-03-09,55.59,56.22,52.92,55.79,11616870,0.0
2020-03-10,54.14,55.37,52.42,53.15,9888164,0.0
2020-03-11,49.69,52.23,47.75,48.98,6963690,0.0
2020-03-12,51.61,52.7,48.69,52.62,4633212,0.0
2020-03-15,46.73,47.72,43.01,43.56,10559396,0.0
2020-03-16,44.54,50.65,43.6675,50.11,5965436,0.0
2020-03-17,47.15,49.93,45.79,47.46,5573676,0.0
2020-03-18,46.63,47.77,44.23,46.48,9578758,0.0
2020-03-19,46.32,48.46,43.67,44.09,6344432,0.0
2020-03-22,44.27,44.74,40.01,41.58,7619546,0.0
2020-03-23,43.68,46.5,43.08,46.41,4898864,0.0
2020-03-24,46,49.36,45.49,47.69,8552771,0.0
2020-03-25,48,50.45,47.43,49.85,4181771,0.0
2020-03-26,47.62,48.49,46.28,46.61,9008234,0.0
2020-03-29,47.4,47.93,46.33,47.38,5477476,0.0
2020-03-30,47.02,48.46,46.16,46.47,9037408,0.0
2020-03-31,44.68,45.08,42.14,42.52,4809073,0.0
2020-04-01,42.3,45,42.2,44.28,6447992,0.0
2020-04-02,43.97,44.72,43.01,43.39,4459842,0.0
2020-04-05,45.81,48.7,45.39,48.44,4688684,0.0
2020-04-06,50,50.4,47.61,47.8,3422572,0.0
2020-04-07,48.45,51.79,47.76,51.39,9496119,0.0
2020-04-08,51.92,55.25,51.92,54.27,5765775,0.0
2020-04-12,53.51,53.715,52.05,52.68,2438434,0.0
2020-04-13,53.9,54.15,53.03,54.07,6409568,0.0
2020-04-14,52.69,52.79,51.13,51.95,7860956,0.0
2020-04-15,52.06,52.89,50.54,51.47,8641644,0.0
2020-04-16,52.7,53.91,52.59,53.83,7758332,0.0
2020-04-19,52.36,53.42,51.14,52.55,11410614,0.0
2020-04-20,51.3,52.51,50.67,51,10595824,0.0
2020-04-21,52.04,52.41,51.33,52.225,4969122,0.0
2020-04-22,52.41,53.72,52.41,52.65,6912200,0.0
2020-04-23,52.6,54.12,52.4,53.81,9669844,0.0
2020-04-26,54.39,56.17,54.36,56.05,14911183,0.0
2020-04-27,57.14,58.02,56.48,56.53,6137545,0.0
2020-04-28,58.13,59.7,57.7828,59.22,6103424,0.0
2020-04-29,58.41,58.77,57.3,58.03,6950180,0.0
2020-04-30,56.89,57.05,56.11,56.58,2470287,0.0
2020-05-03,55.77,56.58,55.13,56.39,3000799,0.0
2020-05-04,56.8,57.46,56.36,57.15,5403572,0.0
2020-05-05,57.73,58.26,56.66,57.61,3147640,0.0
2020-05-06,58.31,59.23,58.31,58.8,6611066,0.0
2020-05-07,55,57.56,54.24,57.16,14517934,0.0
2020-05-10,56.32,56.36,54.62,55.55,5872338,0.0
2020-05-11,55.25,55.74,53.21,53.24,6269014,0.0
2020-05-12,52.64,52.665,48.975,49.51,5170906,0.0
2020-05-13,49.14,50.78,47.39,50.78,4541176,0.0
2020-05-14,49.86,50.28,48.98,50.18,8232010,0.0
2020-05-17,52.09,53.46,51.91,53.16,6015370,0.0
2020-05-18,52.51,52.9,51.32,51.48,2663704,0.0
2020-05-19,52.17,53.59,52,52.57,2198940,0.0
2020-05-20,52.44,52.79,51.71,51.75,3059610,0.0
2020-05-21,52.02,52.04,50.925,51.43,4531500,0.0
2020-05-25,53.07,53.9,52.83,53.26,3097449,0.0
2020-05-26,54.31,55.41,53.975,55.35,6556170,0.0
2020-05-27,55.61,55.89,53.59,53.66,2480464,0.0
2020-05-28,53.59,53.6,52.23,52.96,3019782,0.0
2020-05-31,53,53.33,52.48,52.86,5313198,0.0
2020-06-01,53.57,53.57,52.89,53.25,5149164,0.0
2020-06-02,53.72,55.44,53.52,55.35,7912804,0.0
2020-06-03,55.06,55.74,54.53,55.605,1991018,0.0
2020-06-04,56.96,59.22,56.55,57.77,3849247,0.0
2020-06-07,58.09,58.92,58.09,58.57,4176218,0.0
2020-06-08,58,58,56.64,57.208,3644742,0.0
2020-06-09,57.86,58.39,56.68,57.51,2474026,0.0
2020-06-10,56.08,56.23,53.62,53.66,5580002,0.0
2020-06-11,54.35,55.47,54,54.03,564385,0.0
2020-06-14,52.59,55.1,52.5,54.71,4410365,0.0
2020-06-15,56.2,57.05,54.83,55.35,4340169,0.0
2020-06-16,55.88,56.05,54.71,55.48,3188441,0.0
2020-06-17,54.66,55.2,53.9,54.88,4158611,0.0
2020-06-18,56,56.01,53.91,54.15,3041438,0.0
2020-06-21,53.92,54.53,53.16,53.88,1647003,0.0
2020-06-22,54.51,55.44,54.02,55.2,2268994,0.0
2020-06-23,54.76,54.89,53.77,53.82,3543326,0.0
2020-06-24,54.03,55.67,53.99,55.61,3250035,0.0
2020-06-25,55.37,55.59,54.59,55.22,2105623,0.0
2020-06-28,55.77,56.52,54.99,56.51,2379350,0.0
2020-06-29,56.59,57.55,56.27,56.8,2786988,0.0
2020-06-30,57,57.4293,55.95,56.41,2082714,0.0
2020-07-01,57.01,57.68,56.01,56.07,2466316,0.0
