Date,Open,High,Low,Close,Volume,OpenInterest
2016-07-13,77.89,78.3,76.97,78.04,2648120,0.0
2016-07-14,78.44,78.73,77.6,77.82,2198676,0.0
2016-07-17,78.13,78.86,77.72,78.26,1621247,0.0
2016-07-18,77.99,78.105,76.22,76.5,4200510,0.0
2016-07-19,77.22,78.22,76.44,76.71,4494520,0.0
2016-07-20,76.44,76.93,74.32,75.38,6442076,0.0
2016-07-21,75.88,76.68,74.952,76.34,3982918,0.0
2016-07-24,76.04,76.91,75.73,76.91,1886472,0.0
2016-07-25,76.92,77.35,76.21,76.86,1555021,0.0
2016-07-26,77.22,77.37,76.568,76.68,1514401,0.0
2016-07-27,76.61,76.72,76,76.27,891647,0.0
2016-07-28,76.48,76.53,75.78,76.33,2410272,0.0
2016-07-31,76.23,76.82,76.11,76.63,2966728,0.0
2016-08-01,76.58,76.94,75.75,76.81,4880050,0.0
2016-08-02,76.66,78.98,75.17,78.63,9437127,0.0
2016-08-03,78.36,78.72,77.89,78.23,3748556,0.0
2016-08-04,78.94,79.99,78.43,79.84,3103735,0.0
2016-08-07,79.85,79.99,79.17,79.27,2468277,0.0
2016-08-08,79.01,79.36,78.63,78.69,1364736,0.0
2016-08-09,78.54,79.1,78.26,78.58,1165366,0.0
2016-08-10,78.85,79.16,77.84,77.85,2471788,0.0
2016-08-11,78,78.4,77.03,77.43,1392088,0.0
2016-08-14,77.59,79.56,77.3345,79.47,2678481,0.0
2016-08-15,78.78,78.89,77.82,78.05,2486197,0.0
2016-08-16,78,79.86,77.81,79.77,2877841,0.0
2016-08-17,79.8,81.8,79.63,80.98,4028494,0.0
2016-08-18,80.95,81.89,80.8,81.75,2616646,0.0
2016-08-21,81.07,81.8199,81.04,81.48,2599336,0.0
2016-08-22,81.98,82.615,81.49,82.31,3563863,0.0
2016-08-23,82.31,82.625,81.95,82.42,2882157,0.0
2016-08-24,82.02,82.42,80.96,81.55,2354353,0.0
2016-08-25,81.2,81.51,80.02,81.21,2512314,0.0
2016-08-28,81.1,81.96,80.64,81.51,1236003,0.0
2016-08-29,82.4,82.4,81.48,81.73,1334943,0.0
2016-08-30,81.37,81.68,81.03,81.23,1482165,0.0
2016-08-31,81.52,81.99,81.03,81.79,1466245,0.0
2016-09-01,82.3,84.18,82.155,83.46,3031813,0.0
2016-09-05,83.3,84.45,83.3,83.86,2042718,0.0
2016-09-06,83.76,84.27,82.54,82.75,2196343,0.0
2016-09-07,82.64,82.64,81.58,82.16,1659067,0.0
2016-09-08,81.42,81.79,79.84,79.86,1670339,0.0
2016-09-11,79.73,80.92,79.51,80.83,2639873,0.0
2016-09-12,80.61,81.12,79.94,80.87,1955478,0.0
2016-09-13,81.14,81.77,80.5,80.83,1126850,0.0
2016-09-14,80.56,83.67,80.56,83.37,2589378,0.0
2016-09-15,83.26,83.36,82.16,82.89,2523641,0.0
2016-09-18,83.14,83.41,82.46,82.77,1537824,0.0
2016-09-19,82.89,83.39,82.62,82.99,1788823,0.0
2016-09-20,83.48,83.63,82.26,83.46,2132718,0.0
2016-09-21,84.1,84.2,82.76,83.16,1666743,0.0
2016-09-22,84.5,84.5,83.52,84.26,2096067,0.0
2016-09-25,83.67,84.25,83.22,83.5,1466875,0.0
2016-09-26,83.4,85.53,83.19,85.21,1877726,0.0
2016-09-27,85.35,85.6,84.58,85,1207151,0.0
2016-09-28,84.93,85.1299,84.12,84.26,1015999,0.0
2016-09-29,84.34,85.825,83.77,85.39,2026606,0.0
2016-10-02,85.22,86.05,85.13,85.41,1674292,0.0
2016-10-03,85.93,86.07,85.12,85.56,1069605,0.0
2016-10-04,85.56,85.75,84.97,85.47,1276636,0.0
2016-10-05,85.55,85.64,83.86,84.58,2384555,0.0
2016-10-06,85.06,85.19,83.44,83.8,1931332,0.0
2016-10-09,84.07,84.92,83.85,84.75,1763668,0.0
2016-10-10,84.7,84.8,83.15,83.38,1836630,0.0
2016-10-11,85.03,85.03,82.16,82.54,1723808,0.0
2016-10-12,82.09,82.52,80.78,81.77,2266760,0.0
2016-10-13,82.35,83.98,82.35,82.59,2149221,0.0
2016-10-16,82.77,83.22,82.16,82.33,1524261,0.0
2016-10-17,83.18,84.4,83.105,84.01,1795875,0.0
2016-10-18,84.22,84.36,82.62,82.77,1765838,0.0
2016-10-19,82.7,82.82,81.6,82.52,2076250,0.0
2016-10-20,82.15,82.99,82,82.89,2213541,0.0
2016-10-23,81.91,84.3683,81.78,84.17,2374363,0.0
2016-10-24,84.19,84.79,82.89,82.93,1897307,0.0
2016-10-25,82.95,84.11,82.5,82.58,1611391,0.0
2016-10-26,83.28,84.43,82.58,82.72,2626570,0.0
2016-10-27,80.78,81.42,78.55,79.45,5764103,0.0
2016-10-30,79.64,80.14,77.43,78.53,4427914,0.0
2016-10-31,78.64,78.7572,77.18,77.88,5640065,0.0
2016-11-01,78.89,81.93,77.86,79.12,7826627,0.0
2016-11-02,79.12,82.29,79.12,80.515,6359178,0.0
2016-11-03,80.45,81.72,79.03,80.22,3660848,0.0
2016-11-06,81.09,82.03,80.33,81.08,2402740,0.0
2016-11-07,81.06,82.45,80.68,81.49,1737759,0.0
2016-11-08,78.73,80.99,78.45,79.44,3501479,0.0
2016-11-09,79.97,80.06,76.19,76.785,4162099,0.0
2016-11-10,75.8,77.94,75.53,77.44,3330397,0.0
2016-11-13,77.47,78.075,76.14,76.38,3159903,0.0
2016-11-14,77,78.42,77,77.62,2018633,0.0
2016-11-15,77.6,78.94,77.03,78.83,1869638,0.0
2016-11-16,78.76,80.17,78.54,79.62,2008617,0.0
2016-11-17,79.75,80.61,78.76,78.99,2030084,0.0
2016-11-20,79.07,79.18,77.56,78.26,2490376,0.0
2016-11-21,78.52,78.56,76.93,77.75,2084927,0.0
2016-11-22,77.9,79.7,77.765,79.35,2213950,0.0
2016-11-24,79.18,79.92,78.54,79.17,613413,0.0
2016-11-27,79.42,79.56,78.53,78.73,1672404,0.0
2016-11-28,78.95,81.69,78.93,81.37,2671820,0.0
2016-11-29,81.39,81.39,79.15,79.25,2523300,0.0
2016-11-30,79.25,79.28,75.17,75.58,4152211,0.0
2016-12-01,75.65,76.47,73.74,75.86,3370738,0.0
2016-12-04,76.17,77.83,75.5,77.44,1911309,0.0
2016-12-05,77.63,78.03,76.5,76.87,1805875,0.0
2016-12-06,76.85,78.11,76.42,77.95,1994963,0.0
2016-12-07,78.03,78.6,77.4,77.75,2449352,0.0
2016-12-08,77.81,79.065,77.81,78.76,1649485,0.0
2016-12-11,78.88,80.63,78.51,80.62,2801102,0.0
2016-12-12,80.46,82.6,80.46,80.77,2350714,0.0
2016-12-13,80.61,81.68,79.98,80.7,2004073,0.0
2016-12-14,81.32,82.62,80.74,81.52,3110364,0.0
2016-12-15,81.44,81.5,79.17,79.51,2558991,0.0
2016-12-18,79.31,80.53,79.15,79.52,1715932,0.0
2016-12-19,79.6,80.26,79.26,79.5,1556524,0.0
2016-12-20,79.49,80.175,79.13,79.66,1865609,0.0
2016-12-21,79.74,80.15,79.18,79.79,882811,0.0
2016-12-22,79.85,81.12,79.57,80.67,761933,0.0
2016-12-26,80.99,81.76,80.75,81.08,909001,0.0
2016-12-27,81.07,81.26,79.97,80.38,1012185,0.0
2016-12-28,80.53,81.01,79.7,80.17,1224799,0.0
2016-12-29,80.56,80.56,78.52,78.76,1256281,0.0
2017-01-02,79.52,79.62,78.27,79.16,1649635,0.0
2017-01-03,79.39,81.11,79.12,80.64,1423755,0.0
2017-01-04,79.98,80.46,78.73,78.96,2722591,0.0
2017-01-05,79.11,79.52,78.37,79.01,1556043,0.0
2017-01-08,79.19,79.36,78.05,78.64,1883638,0.0
2017-01-09,78.49,79.23,77.94,78.85,1937354,0.0
2017-01-10,78.8,79.42,78.17,79.03,2181915,0.0
2017-01-11,78.85,79.76,78.25,79.59,1647993,0.0
2017-01-12,79.14,81.26,79.13,80.35,2412710,0.0
2017-01-16,80,80.59,79.47,80.23,1554664,0.0
2017-01-17,80.51,80.82,79.82,80.52,1487107,0.0
2017-01-18,80.4,81.34,80.05,80.37,1457827,0.0
2017-01-19,80.49,80.515,78.89,80.12,2163090,0.0
2017-01-22,80.05,80.17,79.26,79.88,2125234,0.0
2017-01-23,79.88,80.8,79.41,80.5,1549944,0.0
2017-01-24,80.85,81.59,80.52,81.48,2267583,0.0
2017-01-25,81.56,81.87,81.1,81.7,1526127,0.0
2017-01-26,82,83.25,81.86,83.15,2028416,0.0
2017-01-29,82.96,84.0275,82.75,83.84,3395421,0.0
2017-01-30,83.82,84.09,82.89,83.42,5349490,0.0
2017-01-31,83.43,84.25,81.45,83,6751848,0.0
2017-02-01,82.68,82.9814,81.38,82.51,3454837,0.0
2017-02-02,82.51,82.665,80.97,81.28,3565846,0.0
2017-02-05,80.83,81.78,80.4,81.53,1848166,0.0
2017-02-06,81.81,82.4,81.55,82.22,2053436,0.0
2017-02-07,81.94,82.905,81.27,81.47,1988205,0.0
2017-02-08,81.6,83.4,81.49,83.27,2553838,0.0
2017-02-09,84.74,86.66,84.1301,86.18,5432531,0.0
2017-02-12,86.31,87.49,85.7,86.33,3870387,0.0
2017-02-13,85.8,86.45,85.22,86.07,2475200,0.0
2017-02-14,85.92,88.04,85.7,87.95,2603871,0.0
2017-02-15,87.69,88.28,87.2,87.85,2006764,0.0
2017-02-16,87.76,87.86,86.95,87.29,1312501,0.0
2017-02-20,87.35,88.02,87.1,87.54,980237,0.0
2017-02-21,87.38,87.62,86.96,87.38,1384598,0.0
2017-02-22,87.56,87.56,85.76,86.65,2647515,0.0
2017-02-23,85.96,86.55,85.23,86.54,2407030,0.0
2017-02-26,86.55,87.25,86.1,87,1146684,0.0
2017-02-27,87.05,87.49,86.33,86.5,1665764,0.0
2017-02-28,86.93,88.14,86.09,87.82,1643824,0.0
2017-03-01,87.9,88.25,86.46,87.01,1379852,0.0
2017-03-02,86.95,87.29,86.19,87.25,853025,0.0
2017-03-05,87.19,87.52,86.74,87.14,1530498,0.0
2017-03-06,87.3,88.85,87.1,88.31,2070373,0.0
2017-03-07,88.52,89.36,88.2,89.01,2127022,0.0
2017-03-08,89.32,89.79,88.73,89.03,2649941,0.0
2017-03-09,89.59,89.88,88.92,89.81,1579397,0.0
2017-03-12,89.83,90.81,89.35,90.73,2161402,0.0
2017-03-13,90.52,91.18,90.3332,90.9,1465713,0.0
2017-03-14,90.99,91.55,90.125,91.51,2387652,0.0
2017-03-15,91.51,91.815,89.52,90.2,4336572,0.0
2017-03-16,90.92,90.975,88.55,89.61,3667525,0.0
2017-03-19,88.82,89.35,87.9,89.16,3367956,0.0
2017-03-20,89.22,90.09,88.23,88.43,2620234,0.0
2017-03-21,88.52,88.86,88.25,88.74,1875728,0.0
2017-03-22,88.59,89.35,88.24,88.61,1253812,0.0
2017-03-23,88.85,90.06,88.61,89.36,1430132,0.0
2017-03-26,88.59,89.24,88.06,89.02,1690329,0.0
2017-03-27,89,90.02,88.55,89.76,1645584,0.0
2017-03-28,89.52,89.97,88.95,89.78,1321292,0.0
2017-03-29,89.5,90.3,89.23,90.25,1809061,0.0
2017-03-30,90.1,90.17,88.85,89.52,1201917,0.0
2017-04-02,89.9,89.9,88.79,89.1,1127623,0.0
2017-04-03,88.58,89.32,88.51,89.28,1576635,0.0
2017-04-04,89.47,89.61,88.09,88.39,2236571,0.0
2017-04-05,88.47,88.77,87.94,88.56,942197,0.0
2017-04-06,88.4,88.83,88.067,88.73,1340113,0.0
2017-04-09,88.55,89.09,88.33,88.73,875664,0.0
2017-04-10,88.78,89.69,88.37,89.68,1298573,0.0
2017-04-11,89.95,90.025,89.15,89.95,1528099,0.0
2017-04-12,90.09,90.2,88.85,89.02,2439731,0.0
2017-04-16,89.27,90.14,88.82,89.21,1609096,0.0
2017-04-17,89.12,89.4399,88.72,89.22,1106265,0.0
2017-04-18,89.45,90.2289,89.14,89.65,1344419,0.0
2017-04-19,90.1,91.48,89.79,91.21,1472560,0.0
2017-04-20,91.27,91.96,91.1,91.94,1207865,0.0
2017-04-23,92.86,93.065,92.51,92.81,1524427,0.0
2017-04-24,93.39,93.4,92.69,92.98,1651984,0.0
2017-04-25,93.21,93.73,92.31,93.51,1152806,0.0
2017-04-26,94,94.99,93.71,94.24,1211889,0.0
2017-04-27,94.45,94.91,93.82,94.82,1457486,0.0
2017-04-30,95.21,95.42,94.71,94.79,1768378,0.0
2017-05-01,94.69,95.32,94.12,94.25,1784602,0.0
2017-05-02,95.45,95.45,93.62,94.11,2459572,0.0
2017-05-03,94.11,95.08,93.92,94.76,3957844,0.0
2017-05-04,95.39,95.87,94.59,95.74,4596806,0.0
2017-05-07,95.92,96.49,95.45,95.73,4289459,0.0
2017-05-08,95.86,96.34,95.25,96,5174964,0.0
2017-05-09,105.97,110.61,104.76,108.16,9591695,0.0
2017-05-10,108.15,109.3202,106.83,108.58,4678654,0.0
2017-05-11,108.19,109.25,107.46,109.08,2648839,0.0
2017-05-14,108.99,111.26,108.85,110.89,2653997,0.0
2017-05-15,111.23,112.16,110.44,111.77,2404454,0.0
2017-05-16,108.84,109.38,105,105.25,6245605,0.0
2017-05-17,104.71,107.65,104.34,106.93,2542441,0.0
2017-05-18,107.47,107.95,106.33,107.64,1710823,0.0
2017-05-21,107.87,108.4,107.421,108.39,1122223,0.0
2017-05-22,110.09,111.85,108.18,109.01,2158102,0.0
2017-05-23,108.78,112.54,108.391,112.31,3697187,0.0
2017-05-24,113.06,114.16,112.51,113.83,2802289,0.0
2017-05-25,113.5,113.585,111.79,112.13,1610436,0.0
2017-05-29,112.62,112.92,111.64,112.85,1921820,0.0
2017-05-30,112.85,113.48,111.93,113.33,2245991,0.0
2017-05-31,113.96,114.94,113.175,113.87,1761914,0.0
2017-06-01,113.85,114.54,113.2,114.52,1383601,0.0
2017-06-04,114.62,115.13,114.19,114.69,1490339,0.0
2017-06-05,114.54,115.39,113.59,113.69,1992849,0.0
2017-06-06,114.84,115.54,114.23,115.36,1941161,0.0
2017-06-07,116.04,116.04,113.24,114.29,2292378,0.0
2017-06-08,114.84,115.36,107.03,110.46,4814540,0.0
2017-06-11,109.3,111.175,105.54,108.9,4993578,0.0
2017-06-12,110.32,110.96,108.08,109.98,2003149,0.0
2017-06-13,110.16,111.11,108.68,110.02,1514888,0.0
2017-06-14,108.24,111.03,107.32,110.55,2443991,0.0
2017-06-15,110.08,112.51,110.07,110.51,4208795,0.0
2017-06-18,111.18,113.86,111.18,113.641,2141265,0.0
2017-06-19,113.43,115.12,113.29,113.48,1914228,0.0
2017-06-20,114.33,114.69,111.83,113.17,2237451,0.0
2017-06-21,113.41,113.52,111.36,112.62,1827438,0.0
2017-06-22,112.51,112.95,110.77,110.87,2961488,0.0
2017-06-25,111.39,112.64,110.375,111.86,1973775,0.0
2017-06-26,111.35,111.93,108.13,108.31,2255366,0.0
2017-06-27,108.27,109.2,106.74,108.81,3049995,0.0
2017-06-28,108.16,108.72,105.47,106.68,3105431,0.0
2017-06-29,107.06,107.56,105.65,105.74,2358871,0.0
2017-07-02,106.51,107,105.21,105.38,1233850,0.0
2017-07-04,105.95,107.31,105.35,106.76,1812120,0.0
2017-07-05,106.06,107.12,105.5,105.76,1813025,0.0
2017-07-06,106.28,108.47,105.54,107.49,1542144,0.0
2017-07-09,107.84,108.69,107.01,107.84,892234,0.0
2017-07-10,107.63,109.71,107.1001,108.42,936920,0.0
2017-07-11,109.5,110.9,109.05,110.735,1370223,0.0
2017-07-12,110.83,111.61,108.92,108.98,1194794,0.0
2017-07-13,109.61,110.34,108.75,108.97,832705,0.0
2017-07-16,109.02,110.43,108.715,109.44,1118168,0.0
2017-07-17,110,110.93,109.48,110.3,1246587,0.0
2017-07-18,110.35,111.65,109.81,111.57,1811135,0.0
2017-07-19,111.69,112.18,110.38,111.98,1668353,0.0
2017-07-20,111.62,112.91,111.27,112.2,1774331,0.0
2017-07-23,112.22,113.97,112.22,113.79,2123405,0.0
2017-07-24,113.97,114.52,113.31,113.67,2154718,0.0
2017-07-25,115.46,118.11,115.19,118.01,3799496,0.0
2017-07-26,119.01,120.25,116.06,117.62,7446992,0.0
2017-07-27,114,118.75,113.5,118.24,4196759,0.0
2017-07-30,119.05,119.25,116.5,116.74,2285704,0.0
2017-07-31,117.57,117.65,116.44,116.91,1797621,0.0
2017-08-01,117.11,117.42,113.83,116.83,2387389,0.0
2017-08-02,117.38,119.23,116.98,118.86,2214896,0.0
2017-08-03,119.15,119.18,116.9,117.21,1468862,0.0
2017-08-06,117.6,117.96,116.49,116.93,1344739,0.0
2017-08-07,116.5,117.13,116.02,116.48,943051,0.0
2017-08-08,115.55,116.84,114.75,116.11,996339,0.0
2017-08-09,115.41,115.715,113.69,113.99,1393055,0.0
2017-08-10,113.74,115.98,113.51,115.4575,1043971,0.0
2017-08-13,116.71,118,116.4,117.08,1470890,0.0
2017-08-14,117.23,117.62,116.58,117.44,723774,0.0
2017-08-15,117.49,119.59,117.03,119.26,1645826,0.0
2017-08-16,119.19,119.4745,116.46,116.47,1229047,0.0
2017-08-17,116,117.84,115.46,116.88,1491555,0.0
2017-08-20,116.85,117.4,116.12,116.83,953022,0.0
2017-08-21,117.28,120.45,117.22,119.04,1987553,0.0
2017-08-22,118.65,119.37,117.55,118.17,900376,0.0
2017-08-23,118.49,118.92,116,117.83,1024119,0.0
2017-08-24,118.19,118.71,115.71,116.9,1695167,0.0
2017-08-27,117.52,119.04,116.95,118.74,1202979,0.0
2017-08-28,117.47,119.43,117.221,119.239,881281,0.0
2017-08-29,119.42,122.08,119.065,121.97,1656639,0.0
2017-08-30,122,122.79,120.94,121.49,1924957,0.0
2017-08-31,121.27,121.77,118.51,119.31,2296018,0.0
2017-09-04,118.8,119.3,116.32,118.2,1723652,0.0
2017-09-05,118.74,119.15,116.47,117.01,1327626,0.0
2017-09-06,117.2,119.1,116.59,118.92,1315179,0.0
2017-09-07,119.87,120.16,117.71,118.27,1778711,0.0
2017-09-10,119.89,121.35,119.28,121.19,1590125,0.0
2017-09-11,121.61,122.125,118.675,120.41,2050315,0.0
2017-09-12,119.76,120.45,119,119.6,1353435,0.0
2017-09-13,118.74,119.66,117.71,119.19,1322443,0.0
2017-09-14,119.29,119.915,117.75,119.51,1605399,0.0
2017-09-17,119.5,120.87,119.5,120.04,1375940,0.0
2017-09-18,120.25,121.2,119.37,120.24,960599,0.0
2017-09-19,120.77,121.4,118.74,120.35,1363948,0.0
2017-09-20,120.49,120.49,117.82,118.02,1353821,0.0
2017-09-21,117.46,120.18,117.15,118.49,1646723,0.0
2017-09-24,118.05,118.29,112.85,114.19,3180038,0.0
2017-09-25,114.5,114.67,112.833,113.91,2369601,0.0
2017-09-26,115.4,116.65,115.4,115.97,1273927,0.0
2017-09-27,115.82,116.79,115.24,116.61,1070877,0.0
2017-09-28,116.7,118.17,116.3,118.05,1155941,0.0
2017-10-01,118.89,119.72,116.94,117.94,1359400,0.0
2017-10-02,117.92,118.1,116.76,117.97,893715,0.0
2017-10-03,117.52,118.75,116.41,118.55,1176741,0.0
2017-10-04,118.63,119.75,117.93,119.53,1052465,0.0
2017-10-05,119.03,120.29,118.44,120.08,1133653,0.0
2017-10-08,119.13,119.3,117.67,118.61,1178290,0.0
2017-10-09,119.03,119.49,116.71,117.83,1123702,0.0
2017-10-10,117.33,118,115.52,116.03,2046761,0.0
2017-10-11,115.97,117.78,115.7701,117.15,1610198,0.0
2017-10-12,117.76,118.92,117.55,118.67,1377478,0.0
2017-10-15,118.81,119,117.05,117.49,1667282,0.0
2017-10-16,117.2,118.15,115.63,115.98,2573793,0.0
2017-10-17,113.67,113.75,110.31,113.15,7573677,0.0
2017-10-18,112,113.08,111.12,113.07,2511640,0.0
2017-10-19,113.6,114.28,113.15,113.61,1387830,0.0
2017-10-22,113.82,114.43,112.73,113.68,1518307,0.0
2017-10-23,113.68,114.72,112.763,113.39,1418619,0.0
2017-10-24,113.18,114.88,112.59,114.56,2121489,0.0
2017-10-25,115.07,117.06,115.02,115.83,1953059,0.0
2017-10-26,116.83,117.55,115.41,116.88,2234670,0.0
2017-10-29,117.13,117.77,116.64,117.56,1857482,0.0
2017-10-30,117.86,119.84,116.37,119.6,3901279,0.0
2017-10-31,116,116.6,111.28,114.45,8443310,0.0
2017-11-01,114.35,114.52,112.6,112.73,2817715,0.0
2017-11-02,113.47,113.76,112.57,113.19,2342810,0.0
2017-11-05,112.99,113.5,110.76,112.47,2957247,0.0
2017-11-06,112.29,112.72,110.08,111.7,2125350,0.0
2017-11-07,112.45,115.6,112.1,114.155,2334487,0.0
2017-11-08,112.99,113.3,110.94,111.89,2801715,0.0
2017-11-09,111.26,112.83,110.82,112.73,2140266,0.0
2017-11-12,112,113.24,111.19,112,2604182,0.0
2017-11-13,110.6,113.9,110.39,112.26,2738330,0.0
2017-11-14,112.72,112.87,110.52,111.48,2006896,0.0
2017-11-15,111.85,113.13,111.21,111.58,1859612,0.0
2017-11-16,108.99,109.55,107.5,108.84,7311701,0.0
2017-11-19,108.28,108.45,106.75,107.63,4444069,0.0
2017-11-20,107.78,108.7699,107.54,107.71,2504716,0.0
2017-11-21,108.02,108.44,106.61,107.31,2100738,0.0
2017-11-23,107.66,108.58,107.59,107.93,1004659,0.0
2017-11-26,107.86,108.285,106.79,106.99,1798030,0.0
2017-11-27,106.99,110.52,106.74,109.47,4458980,0.0
2017-11-28,109.21,109.39,104.95,105.49,4360271,0.0
2017-11-29,106.11,106.5,105.06,106.34,4326912,0.0
2017-11-30,105.86,106.87,103.95,105.99,2929676,0.0
2017-12-03,105.53,105.875,100.68,100.83,5422671,0.0
2017-12-04,100.55,105.1926,99.63,103.38,3687747,0.0
2017-12-05,102.96,103.92,100.41,103.18,3614291,0.0
2017-12-06,103.23,105.6,102.75,104.4,2709199,0.0
2017-12-07,104.74,106.4,104.42,105.27,2584898,0.0
2017-12-10,105.61,108.16,105,107.92,2636188,0.0
2017-12-11,108,108.92,107.02,107.68,2767945,0.0
2017-12-12,107.71,108.31,105.22,105.55,2785138,0.0
2017-12-13,105.2,107.62,104.7,106.43,1985069,0.0
2017-12-14,107.77,109.68,106.63,109.16,4088395,0.0
2017-12-17,109.89,110,106.56,107.33,2840657,0.0
2017-12-18,107.42,107.7558,106.69,106.99,1247735,0.0
2017-12-19,107.5,108.87,107.15,108.46,2062593,0.0
2017-12-20,107.88,108.735,107.78,107.97,2194429,0.0
2017-12-21,108.31,108.31,105.675,106.01,1869710,0.0
2017-12-25,105.66,106,104.65,105.06,1342750,0.0
2017-12-26,105.4,106.44,104.58,105.22,1836687,0.0
2017-12-27,105.29,105.55,104.55,105.3,1057977,0.0
2017-12-28,105.29,105.68,104.39,105.09,1346389,0.0
2018-01-01,105.86,110,105.35,109.46,3410081,0.0
2018-01-02,109.9,111.33,109.37,109.75,2321898,0.0
2018-01-03,109.87,110.55,106.67,107.21,2671478,0.0
2018-01-04,108.02,112.755,107.59,112.38,4943944,0.0
2018-01-07,113.49,114.169,111.2,113.21,3460234,0.0
2018-01-08,113.33,113.65,110.46,112.19,2875316,0.0
2018-01-09,111.5,113.3,111.286,112.26,1749721,0.0
2018-01-10,112.56,113,111.7,111.99,1693197,0.0
2018-01-11,110.49,113.8999,110.49,113.06,2502687,0.0
2018-01-15,114,114.7,111.61,111.92,2456873,0.0
2018-01-16,113,113.43,111.52,113.14,1504287,0.0
2018-01-17,114.1,115.63,113.2,115.28,3035917,0.0
2018-01-18,115.22,116.41,114.721,116.18,2397998,0.0
2018-01-21,116.32,118.3,115.82,118,3216712,0.0
2018-01-22,118.03,118.6699,116.941,117.66,2609220,0.0
2018-01-23,118.41,118.41,114.26,114.67,5286239,0.0
2018-01-24,115.54,115.97,113.67,114.46,2295661,0.0
2018-01-25,115.43,116.24,113.54,115.19,2475616,0.0
2018-01-28,115.21,119.41,115.21,117.67,4955368,0.0
2018-01-29,116.4,119.32,116.4,118.7,5807039,0.0
2018-01-30,129.55,131.01,126.47,126.97,11730610,0.0
2018-01-31,126.75,130.06,126.011,128.17,4616509,0.0
2018-02-01,127.68,128.17,124.46,124.53,4929268,0.0
2018-02-04,123.73,126.21,120.68,121.64,3307188,0.0
2018-02-05,118.84,123.3499,117.76,123.13,3152254,0.0
2018-02-06,122.86,125,122.18,123.05,3078145,0.0
2018-02-07,123,123,116.52,116.54,4273122,0.0
2018-02-08,117.96,122.14,114.68,120.61,4832040,0.0
2018-02-11,121.78,124.16,121.53,122.21,2953922,0.0
2018-02-12,120.85,123.13,120.58,122.32,1833069,0.0
2018-02-13,121.23,124.87,121.23,123.77,3335584,0.0
2018-02-14,124.83,127.03,123.44,126.49,2406441,0.0
2018-02-15,126.43,126.79,125.14,126.04,2153873,0.0
2018-02-19,125.37,127.55,125.37,126.37,1712180,0.0
2018-02-20,126.61,128.1,124.81,124.91,2410451,0.0
2018-02-21,125.79,126.35,123.92,124.62,1319502,0.0
2018-02-22,125.1,127.28,123.74,127.11,1906860,0.0
2018-02-25,127.39,128.8,126.91,128.589,1845308,0.0
2018-02-26,128.06,128.6,125.55,125.79,2360964,0.0
2018-02-27,126.51,127.75,123.67,123.69,2214333,0.0
2018-02-28,124.54,124.94,121.33,122.16,2839904,0.0
2018-03-01,120.94,125.31,120.58,125.1,2127164,0.0
2018-03-04,124.16,126.6299,123.69,126.12,1216206,0.0
2018-03-05,126.48,126.59,123.46,124.56,1425444,0.0
2018-03-06,123.63,127.51,123.2492,127.17,1821786,0.0
2018-03-07,127.61,129.87,126.8,128.82,2332863,0.0
2018-03-08,129.97,130.86,128.19,128.49,1925888,0.0
2018-03-11,128.56,129.25,127.56,128.13,1741711,0.0
2018-03-12,129.05,129.2967,125.88,126.58,1772628,0.0
2018-03-13,126.89,128.08,123.64,127.97,2766121,0.0
2018-03-14,128.19,129.85,126.54,129.11,2122854,0.0
2018-03-15,130.35,131.13,128.13,128.52,2981588,0.0
2018-03-18,127.53,128.08,124.17,125.44,2324618,0.0
2018-03-19,125.77,127.78,125.03,126.89,1217718,0.0
2018-03-20,126.52,127.74,125.62,125.99,1391488,0.0
2018-03-21,124.83,125.63,122.665,122.97,1961344,0.0
2018-03-22,123.26,125.28,121.38,121.46,1638554,0.0
2018-03-25,124.24,127.5,122.99,126.45,1762303,0.0
2018-03-26,126.37,126.99,118.92,119.99,2176306,0.0
2018-03-27,120.26,121.38,118.26,119.34,2460165,0.0
2018-03-28,120.37,123,118.8,121.24,1843057,0.0
2018-04-01,120.48,121.33,116.99,118.76,1749957,0.0
2018-04-02,119.87,120.85,117.62,119.5,1605031,0.0
2018-04-03,116.65,120.57,116.28,120.1,2630967,0.0
2018-04-04,121.52,122.78,120.55,121.22,2088430,0.0
2018-04-05,120.06,121.2,117.66,118.33,1696444,0.0
2018-04-08,119.19,121.07,118.53,118.84,1350040,0.0
2018-04-09,120.37,121.25,118.3,120.71,1823751,0.0
2018-04-10,119.48,120.5,118.315,118.78,1880566,0.0
2018-04-11,119.96,121.59,119,121.08,2027699,0.0
2018-04-12,122.01,122.01,119.65,120.52,1521068,0.0
2018-04-15,121.42,122.795,121.28,122.22,1187330,0.0
2018-04-16,123.02,124.87,122.87,124.36,1586155,0.0
2018-04-17,124.67,125.41,124.05,124.9,1000606,0.0
2018-04-18,124.09,125.83,122.34,123.11,2533182,0.0
2018-04-19,122.54,122.54,119.92,120.9,1898035,0.0
2018-04-22,122.39,122.39,119.25,119.6,1393425,0.0
2018-04-23,119.95,121.42,116.75,118.59,2436656,0.0
2018-04-24,118.31,118.89,115.81,116.68,2176216,0.0
2018-04-25,117.83,120.155,116.52,119.59,2558619,0.0
2018-04-26,119,119.55,115.81,117.46,2034723,0.0
2018-04-29,117.64,118.77,116.27,117.98,1551534,0.0
2018-04-30,118.06,120.15,117.18,119.8,1783592,0.0
2018-05-01,119.63,120.51,118.34,118.95,1773202,0.0
2018-05-02,118.18,124.31,114.88,120.17,9915952,0.0
2018-05-03,119.12,124.2,118.41,123.639,3055972,0.0
2018-05-06,124.7,125.78,123.36,123.92,2422175,0.0
2018-05-07,123.29,124.33,122.16,123.89,2792428,0.0
2018-05-08,127.99,132.44,126.07,131,5982594,0.0
2018-05-09,130.94,133.92,129.74,133.76,3243456,0.0
2018-05-10,133.3,134.58,132.12,132.82,2138078,0.0
2018-05-13,133.07,133.97,130.95,132.53,1749530,0.0
2018-05-14,131.53,132.3,129.61,130.1,1474067,0.0
2018-05-15,130.36,131.19,128.02,130.85,1116300,0.0
2018-05-16,129.87,132,129.62,130.81,2149047,0.0
2018-05-17,130.74,132.2,129.89,132,2399927,0.0
2018-05-20,132.71,134.61,131.04,132.93,1574413,0.0
2018-05-21,133.19,133.86,131.78,132.19,1209956,0.0
2018-05-22,131.28,133.54,130.82,133.5,1215378,0.0
2018-05-23,133.49,133.49,129.57,131.49,2664943,0.0
2018-05-24,131.77,132.6,131.15,131.86,1033435,0.0
2018-05-28,130.71,131.51,129.84,131.24,1166532,0.0
2018-05-29,132.02,132.15,131.03,131.36,927434,0.0
2018-05-30,131.84,132.96,130.35,130.92,1275980,0.0
2018-05-31,131.96,135.8,131.67,135.67,2237730,0.0
2018-06-03,135.7,136.99,133.68,134.66,1920408,0.0
2018-06-04,135.32,137.48,134.8,136.92,1862828,0.0
2018-06-05,137.81,138.39,136.12,136.95,1960309,0.0
2018-06-06,137.34,138.75,135.48,136.91,1626062,0.0
2018-06-07,136.71,138.06,136.23,137.87,2223566,0.0
2018-06-10,139.08,140.54,138.43,139.16,3079748,0.0
2018-06-11,139,140.4,138.69,139.78,1624294,0.0
2018-06-12,140.86,144.92,140.34,143.29,4903531,0.0
2018-06-13,143.7,147.04,143.41,144.4,3537947,0.0
2018-06-14,144.29,147.13,143.65,146.66,2512136,0.0
2018-06-17,145.81,145.81,142.44,144.86,2156143,0.0
2018-06-18,143.13,144.83,141.62,143.18,2373180,0.0
2018-06-19,143.61,144.74,143.24,143.54,1317475,0.0
2018-06-20,144.13,144.75,141.63,143.17,925743,0.0
2018-06-21,145.54,145.63,140.95,141.28,2044643,0.0
2018-06-24,140.73,140.8991,138.84,140.54,1806104,0.0
2018-06-25,141.45,143.14,140.13,140.38,1593933,0.0
2018-06-26,140.73,142.21,137.68,137.75,1586282,0.0
2018-06-27,138.18,141.38,137.84,140.61,1860495,0.0
2018-06-28,141.81,143.15,140.53,141.03,1321650,0.0
2018-07-01,140.49,143.58,140.21,143.46,1174732,0.0
2018-07-02,143.78,144.16,141,141.22,785768,0.0
2018-07-04,142.58,143.46,142.07,143.21,776435,0.0
2018-07-05,143.06,145.29,142.96,145.09,794527,0.0
2018-07-08,145.55,146.885,142.27,144.64,1354046,0.0
2018-07-09,144.37,145.35,143.36,144.17,1183067,0.0
2018-07-10,142.89,146.28,142.75,145.71,1413962,0.0
2018-07-11,146.93,148.74,146.355,148.63,1250012,0.0
2018-07-12,148.7,151.2581,147.38,148.74,1483910,0.0
2018-07-15,148.95,149.1,146.43,146.69,1231239,0.0
2018-07-16,145.6,149.23,145.01,148.75,1411202,0.0
2018-07-17,149.06,150,147.7101,148.93,1466522,0.0
2018-07-18,147.95,149.47,146.996,147.98,1069670,0.0
2018-07-19,148.19,149.79,147.14,147.47,1430394,0.0
2018-07-22,146.51,147.86,145.34,146.55,1663158,0.0
2018-07-23,147.5,147.715,142.96,144.29,3129394,0.0
2018-07-24,144.91,146.79,144.25,146.5,2387474,0.0
2018-07-25,148,148,141.06,141.93,4236220,0.0
2018-07-26,134.94,137.9799,131.25,133.83,9520957,0.0
2018-07-29,133.45,133.57,125.6,126.2,8503430,0.0
2018-07-30,127.45,128.99,125.311,128.73,4572358,0.0
2018-07-31,130.25,131.21,127.02,127.48,3848142,0.0
2018-08-01,126.77,128.87,125.45,128.65,2778342,0.0
2018-08-02,131.01,134,128.85,130.87,4933838,0.0
2018-08-05,130.02,130.465,127.65,129.01,2118661,0.0
2018-08-06,130.16,130.78,127.31,128.09,3005291,0.0
2018-08-07,128.13,128.91,127.1,128.41,2062475,0.0
2018-08-08,128.5,128.9,127.42,127.79,2919296,0.0
2018-08-09,128.2,132.04,126.775,131.31,4104602,0.0
2018-08-12,131.41,133.65,130.44,131.33,3457214,0.0
2018-08-13,130.99,132.31,129.1248,131.93,2210280,0.0
2018-08-14,129.82,130.76,126.02,128.05,4204829,0.0
2018-08-15,129.97,130.93,128.02,129.75,4153430,0.0
2018-08-16,128.81,129.44,126.98,128.02,2878170,0.0
2018-08-19,128.13,128.3,125.58,127.72,2954037,0.0
2018-08-20,128.54,129.165,125.97,126.76,5512714,0.0
2018-08-21,126.06,129.07,124.66,127.63,6071984,0.0
2018-08-22,127.63,127.99,125.79,126.11,3854323,0.0
2018-08-23,126.89,129.5,126.35,128.97,2734242,0.0
2018-08-26,130.29,130.57,128.07,128.97,1766807,0.0
2018-08-27,129.18,129.79,127.18,127.8,1628203,0.0
2018-08-28,127.56,128.88,127.03,128.54,2141717,0.0
2018-08-29,120.63,121.65,115.66,115.93,15628786,0.0
2018-08-30,115.13,115.499,113.09,113.41,7780436,0.0
2018-09-03,113.72,114.4,111.94,113.52,4160474,0.0
2018-09-04,113.08,113.43,110.98,111.55,3432422,0.0
2018-09-05,111.85,113.78,111.21,113.22,5133726,0.0
2018-09-06,112.74,116,112.63,114.92,4539983,0.0
2018-09-09,115.25,115.65,112.87,113.21,2496769,0.0
2018-09-10,112.29,113.18,110.53,112.28,3566044,0.0
2018-09-11,112.01,113.72,111.67,113,2821589,0.0
2018-09-12,113.75,114.6054,113.03,113.84,2101052,0.0
2018-09-13,114.41,116.51,113.75,114.27,2422837,0.0
2018-09-16,114.38,114.74,112.62,112.68,3246257,0.0
2018-09-17,112.78,113.96,111.88,112.65,3355510,0.0
2018-09-18,112.82,113.25,110.1,112.93,2415604,0.0
2018-09-19,113.53,114.52,112.5,113.46,2672379,0.0
2018-09-20,113.78,116.03,113.78,115.01,3744488,0.0
2018-09-23,114.72,115.639,113.8,115.24,2022595,0.0
2018-09-24,115.21,116.44,114.87,116.25,1955240,0.0
2018-09-25,117.43,119.865,117.13,118.1,4652520,0.0
2018-09-26,118.4,119.6,117.73,119.39,2617890,0.0
2018-09-27,119.09,120.66,119.01,120.49,2647212,0.0
2018-09-30,121.15,121.3,116.29,117.53,4266022,0.0
2018-10-01,117.5,118.24,116.18,117.02,2726068,0.0
2018-10-02,117.49,118.17,116.21,116.39,3033562,0.0
2018-10-03,116.39,116.39,112.76,114.01,4241179,0.0
2018-10-04,114.4,115.75,111.99,113.73,2777908,0.0
2018-10-07,112.82,113.29,109.795,110.62,3581552,0.0
2018-10-08,110.8,112.21,109.29,109.49,3672499,0.0
2018-10-09,108.67,109.12,104.97,105.16,5444901,0.0
2018-10-10,104.45,105.39,102.3,103.61,4982420,0.0
2018-10-11,107.15,108.13,104.41,106.1,3849171,0.0
2018-10-14,105.45,107.03,104.02,105.89,1703222,0.0
2018-10-15,106.76,108.51,106.53,107.46,4757571,0.0
2018-10-16,107.85,109.36,106.94,108.79,2770371,0.0
2018-10-17,107.02,107.13,104.77,105.78,3739972,0.0
2018-10-18,106.3,107.49,101.98,102.105,4039392,0.0
2018-10-21,102.81,104.24,101.24,101.35,3674790,0.0
2018-10-22,99.41,100.06,97.8,99.1,6197699,0.0
2018-10-23,98.81,100.2,96.1,96.26,3379672,0.0
2018-10-24,97.86,99.48,97.62,98.6,4181878,0.0
2018-10-25,95.78,98.76,95.59,96.205,3328528,0.0
2018-10-28,95.78,97.3,89.12,91.19,8509060,0.0
2018-10-29,91.63,94.79,91,94.5,5108185,0.0
2018-10-30,92,95.37,89.94,90.99,15582942,0.0
2018-10-31,91,95.05,91,94.19,4457459,0.0
2018-11-01,95.29,95.8,91.84,92.44,4163238,0.0
2018-11-04,92.6,93.06,91.16,92.67,3378469,0.0
2018-11-05,92.69,93.5,91.57,92.2,3393027,0.0
2018-11-06,93,94.63,92.26,93.78,6167787,0.0
2018-11-07,94.13,94.24,92.33,93.86,3874532,0.0
2018-11-08,92.76,92.86,88.22,88.9,5811822,0.0
2018-11-11,88.6,88.88,86.01,87.65,4060840,0.0
2018-11-12,88.33,89.35,86.99,87.39,2955595,0.0
2018-11-13,88.24,88.36,84.98,85.72,3374418,0.0
2018-11-14,86.02,88.28,84.31,88.25,3401031,0.0
2018-11-15,87.45,87.88,84.98,85.96,3783519,0.0
2018-11-18,86.1,86.205,82.72,83.03,4021516,0.0
2018-11-19,80.82,83.43,80.42,83.02,5153425,0.0
2018-11-20,83.94,85.475,82.3,84.02,2616493,0.0
2018-11-22,83.82,84.25,82.42,82.65,1775932,0.0
2018-11-25,83.52,85.01,82.49,84.92,4120721,0.0
2018-11-26,84.68,85.67,83.24,85.05,3094651,0.0
2018-11-27,85.51,86.32,83.45,85.93,3821960,0.0
2018-11-28,85.09,87.24,84.63,86.39,2987958,0.0
2018-11-29,86.31,86.83,83.73,84.03,4183450,0.0
2018-12-02,85.81,86.64,83.34,84,4244036,0.0
2018-12-03,83.44,84.89,81,81.19,4625536,0.0
2018-12-05,79.94,83.88,79.5,83.88,5007664,0.0
2018-12-06,83.78,85.14,82.17,82.53,3827210,0.0
2018-12-09,82.34,84.6,82.2989,83.73,3536806,0.0
2018-12-10,85.12,85.3163,82.73,83.45,3070264,0.0
2018-12-11,84.32,85.37,82.91,83.01,2994658,0.0
2018-12-12,83.91,83.935,80.78,80.83,4619851,0.0
2018-12-13,79.82,81.95,79.1401,80.16,4499107,0.0
2018-12-16,80.14,82.02,78.48,79.21,3312896,0.0
2018-12-17,79.68,81.795,79.38,79.99,5292648,0.0
2018-12-18,80.03,81.22,77.341,78.36,5133412,0.0
2018-12-19,77.68,79.39,76.46,77.43,4839463,0.0
2018-12-20,78.3,79.46,74.92,76.54,5798159,0.0
2018-12-23,75.76,77.4,74.38,74.75,2396724,0.0
2018-12-25,75.2,77.95,73.91,77.8857,2666611,0.0
2018-12-26,77.11,79.46,76.76,79.4301,3190601,0.0
2018-12-27,79.96,80.29,78.3,79.26,2485292,0.0
2018-12-30,80,80.38,78.3,78.55,2280355,0.0
2019-01-01,77.22,80.64,77.2,80.28,2790844,0.0
2019-01-02,79.45,80.35,77.62,78.77,2724293,0.0
2019-01-03,80.82,85.25,80.04,84.365,6277504,0.0
2019-01-06,84.89,88.1,83.44,87.535,5635753,0.0
2019-01-07,88.46,89.74,87.69,89.13,5478530,0.0
2019-01-08,89.81,90.99,87.89,88.73,3559399,0.0
2019-01-09,88.79,91.44,88.52,91,4191773,0.0
2019-01-10,90.67,91.59,89.91,90.66,3447481,0.0
2019-01-13,89.62,89.98,88.42,88.71,2861118,0.0
2019-01-14,88.96,89.58,88.37,89.49,2420976,0.0
2019-01-15,87.8,90.09,85.96,89.875,6007304,0.0
2019-01-16,87.95,89.85,87.65,89.375,3674689,0.0
2019-01-17,90.31,93.16,90.23,92.51,4520456,0.0
2019-01-21,91.68,91.99,90.01,91.0301,3189184,0.0
2019-01-22,91.93,92,88.44,89.1,3684638,0.0
2019-01-23,89.36,91.55,88.53,91.4999,2861348,0.0
2019-01-24,92.45,92.98,90.87,91.69,3792743,0.0
2019-01-27,89.45,90.65,88.65,90.46,2700837,0.0
2019-01-28,89.89,89.89,86.82,87.295,3600157,0.0
2019-01-29,87.62,89.21,86.85,89.185,3454087,0.0
2019-01-30,89.98,92.8,89.55,92.2611,3071020,0.0
2019-01-31,92.2,92.8,90.83,91.2401,2423595,0.0
2019-02-03,91.06,91.07,88.24,88.38,5382399,0.0
2019-02-04,89.06,92.85,88.89,92.37,6890066,0.0
2019-02-05,79.27,81.59,78,80.275,26871865,0.0
2019-02-06,79.9,85.59,79.9,84.0401,10870230,0.0
2019-02-07,86.505,97.61,85.66,97.59,25641472,0.0
2019-02-10,102.16,106.95,96.73,97.16,36490361,0.0
2019-02-11,106.31,106.7,99.02,102.48,28928990,0.0
2019-02-12,104.56,105.24,100.68,102.37,14925469,0.0
2019-02-13,101.41,105.87,101,105.22,9663243,0.0
2019-02-14,107.4,108.8,104.73,106.6501,9981019,0.0
2019-02-18,105.75,105.75,101.29,102.82,9951500,0.0
2019-02-19,102.43,102.91,97.55,98.64,9483156,0.0
2019-02-20,98.77,98.99,96,96.87,7525694,0.0
2019-02-21,97.06,97.31,92.85,95.92,10985470,0.0
2019-02-24,96.32,96.63,93.64,95.86,6121228,0.0
2019-02-25,95.65,99.61,94.82,98.49,7860916,0.0
2019-02-26,98.82,100.81,97.4,97.865,4804780,0.0
2019-02-27,97.96,98.64,95.665,95.77,4843801,0.0
2019-02-28,96.83,97.94,95.31,97.4,4097383,0.0
2019-03-03,98.31,99.43,95.57,97.29,6692295,0.0
2019-03-04,96.26,97.06,95.1479,95.72,5569534,0.0
2019-03-05,95.32,96.38,94.13,94.77,3778023,0.0
2019-03-06,95,99.56,94.47,99.38,8225748,0.0
2019-03-07,97.96,99.75,97.475,98.36,6501249,0.0
2019-03-10,98.6,99.96,97.94,99.03,3998177,0.0
2019-03-11,99.4,99.5,98.15,98.6,3041493,0.0
2019-03-12,98.69,101.08,97.77,100.13,5995836,0.0
2019-03-13,100.22,100.34,97.54,98.87,5135661,0.0
2019-03-14,98.545,99.73,98.26,98.99,2769274,0.0
2019-03-17,99.15,99.89,96.73,99.66,4742941,0.0
2019-03-18,100.33,100.545,97,97.51,5668367,0.0
2019-03-19,97.51,98.39,96.35,97.01,4261565,0.0
2019-03-20,96.49,105,96.49,104.93,8985622,0.0
2019-03-21,104.43,104.48,101.155,102.38,6682427,0.0
2019-03-24,102.4,103.5428,100.87,101.73,3569658,0.0
2019-03-25,102.66,104.55,101.5,102.32,3868133,0.0
2019-03-26,102.7,102.86,100.28,100.66,2713348,0.0
2019-03-27,100.71,102.47,100.28,102.2,2145962,0.0
2019-03-28,102.65,102.9675,101.24,101.64,2382352,0.0
2019-03-31,103.03,103.95,101.62,102.65,1301926,0.0
2019-04-01,103.01,103.1,100.16,100.85,2911922,0.0
2019-04-02,100.91,102.16,100.07,100.15,3193799,0.0
2019-04-03,99.99,100.3,97.59,97.94,4013025,0.0
2019-04-04,98.5,99.885,97.96,99.43,3179660,0.0
2019-04-07,99.01,99.42,95.66,97.94,3626645,0.0
2019-04-08,97.54,99.15,97.3975,98.26,2232851,0.0
2019-04-09,98.58,100.35,98.38,99.63,2011314,0.0
2019-04-10,100,101.4,99.93,100.56,2339205,0.0
2019-04-11,101.13,102.39,100.32,101.81,2204611,0.0
2019-04-14,100.55,100.99,97.12,97.8301,3641140,0.0
2019-04-15,97.41,97.5,92.8,93.82,7313759,0.0
2019-04-16,94.46,94.46,91,91.95,9210974,0.0
2019-04-17,92.07,93.58,91.1,93.14,3946074,0.0
2019-04-21,92.75,93.04,91.88,92.49,2390924,0.0
2019-04-22,93.1,94.96,92.84,94.62,3493043,0.0
2019-04-23,94.9,95.28,93.87,94.17,2458310,0.0
2019-04-24,94.15,94.2,92.675,92.98,2797351,0.0
2019-04-25,93.46,94.58,92.82,94.47,2853464,0.0
2019-04-28,94.89,95.59,94.15,94.74,2338757,0.0
2019-04-29,94.49,95.08,93.8,94.63,2205780,0.0
2019-04-30,95.01,97.2,94.74,94.86,3793022,0.0
2019-05-01,95.25,96.33,93.89,94.4,3045646,0.0
2019-05-02,93.7,93.88,90.7,92.5,5907872,0.0
2019-05-05,91.1,93.985,90.52,93.76,3750740,0.0
2019-05-06,93.11,93.4,91.83,92.79,4554382,0.0
2019-05-07,99.11,99.57,92.18,93.88,16208983,0.0
2019-05-08,92.52,94.24,92.2,93.32,4669021,0.0
2019-05-09,93.03,94.16,91.01,93.88,3474521,0.0
2019-05-12,92.01,93.12,89.91,90.39,3118827,0.0
2019-05-13,90.92,95.52,90.75,94.54,4123313,0.0
2019-05-14,93.8,98.32,93.6624,96.77,4155700,0.0
2019-05-15,96.74,99.05,96.11,98.99,3027288,0.0
2019-05-16,98.26,98.95,96.65,97.25,2516469,0.0
2019-05-19,95.44,96,92.31,92.69,3199179,0.0
2019-05-20,93.4,96.25,93.25,95.67,3240835,0.0
2019-05-21,94.84,95.6,93.63,93.84,1667405,0.0
2019-05-22,93.34,94.74,91.36,92.1,2665873,0.0
2019-05-23,92.67,93.31,91.485,92.31,1813539,0.0
2019-05-27,92.98,94.21,92.6377,93.5,1923086,0.0
2019-05-28,92.76,93.81,91.81,92.55,1700448,0.0
2019-05-29,92.74,93.04,91.5,92.14,1819157,0.0
2019-05-30,90.9,93.28,90.89,93.07,2227631,0.0
2019-06-02,93.29,94.2365,90.78,91.3,2793509,0.0
2019-06-03,91.59,94.21,90.19,94.13,2108859,0.0
2019-06-04,93.69,95.99,93.69,95.26,2276113,0.0
2019-06-05,95.96,97.38,95.06,96.39,2411666,0.0
2019-06-06,97,98.69,96.57,96.98,1850662,0.0
2019-06-09,98,98.13,94.05,95.52,2248071,0.0
2019-06-10,96.38,96.5,94.25,94.58,1781916,0.0
2019-06-11,94.8,94.9601,91.72,92.67,2270255,0.0
2019-06-12,92.92,94.34,92.41,93.61,3459083,0.0
2019-06-13,93.56,93.79,90.46,92.76,5949927,0.0
2019-06-16,92.62,93.51,92,92.44,1743409,0.0
2019-06-17,93.48,95.3,91.94,92.04,3500315,0.0
2019-06-18,92.39,93.18,91.32,92.62,2512333,0.0
2019-06-19,93.75,94.89,93.07,93.17,2192235,0.0
2019-06-20,92.98,95.98,91.399,95.32,4583470,0.0
2019-06-23,95.66,99.56,95.23,99.02,4680598,0.0
2019-06-24,98.77,99.11,96.08,96.9,2991337,0.0
2019-06-25,97.51,98.04,95.62,97.31,2230407,0.0
2019-06-26,97.67,99.68,96.845,99.16,2518906,0.0
2019-06-27,100.91,101.45,99.23,101.26,3917212,0.0
2019-06-30,102.65,102.88,99.82,100.87,3028556,0.0
2019-07-01,101.76,103.59,100.79,102.73,3688464,0.0
2019-07-02,103,103.19,97.59,98.02,4263419,0.0
2019-07-04,97.77,97.83,91.35,93.6,11008671,0.0
2019-07-07,93.44,93.63,91.4219,93.44,4145759,0.0
2019-07-08,92.5,92.7,90.539,92.04,4426853,0.0
2019-07-09,92.16,94.11,91.64,93.96,4157651,0.0
2019-07-10,93.81,94.85,92.57,93.47,2690323,0.0
2019-07-11,93.68,93.96,92.35,92.8175,1984851,0.0
2019-07-14,92.75,93.01,91.83,92.24,2488338,0.0
2019-07-15,92.31,92.41,88.43,89.55,5661990,0.0
2019-07-16,89.75,90.85,89.31,89.7,2332131,0.0
2019-07-17,88.9,89.47,88.02,89.19,2781668,0.0
2019-07-18,89.35,89.4106,87.47,87.48,2732582,0.0
2019-07-21,88.02,89.13,87.51,88.16,2931714,0.0
2019-07-22,88.88,89.14,87.71,88.23,2023712,0.0
2019-07-23,88.04,89.94,88,89.78,1961120,0.0
2019-07-24,88.45,89.765,87.88,89.18,2663445,0.0
2019-07-25,89.5,90.49,89.28,89.48,1983081,0.0
2019-07-28,89.38,89.79,86.945,88.87,3929663,0.0
2019-07-29,87.93,89.01,86.24,88.57,4513617,0.0
2019-07-30,94,96.54,91.04,92.5,10005929,0.0
2019-07-31,93.32,97.07,93.08,94.63,5500955,0.0
2019-08-01,94.75,94.91,91.83,92.94,2172581,0.0
2019-08-04,90.31,91.76,88.22,88.58,4709172,0.0
2019-08-05,90.81,91.56,89.62,90.12,2803294,0.0
2019-08-06,89,92.35,88.7,92.25,4043490,0.0
2019-08-07,92.95,95.29,92.475,95.22,3459247,0.0
2019-08-08,94.37,94.87,91.4,91.97,3217218,0.0
2019-08-11,91.5,92.56,91.04,91.78,1505164,0.0
2019-08-12,91.96,93.56,91.25,92.35,1994999,0.0
2019-08-13,90.71,90.75,87.5,88.1,4470747,0.0
2019-08-14,88.95,88.95,87.23,87.91,2325436,0.0
2019-08-15,88.56,90.38,88.07,89.56,2509137,0.0
2019-08-18,91.24,91.7,90.12,90.91,2197757,0.0
2019-08-19,90.58,93.5665,90.28,92.71,3900175,0.0
2019-08-20,93.55,94.98,92.62,94.09,2511287,0.0
2019-08-21,94.44,94.95,92.72,94.62,2259373,0.0
2019-08-22,94.59,95.73,92.615,92.94,2840087,0.0
2019-08-25,93.77,94.53,93.2525,94.37,1876139,0.0
2019-08-26,94.75,96.3,94.06,94.06,2683032,0.0
2019-08-27,93.77,94.04,91.57,92.38,3292956,0.0
2019-08-28,93.29,93.73,92.59,93.02,2387414,0.0
2019-08-29,93.53,94.21,92.98,93.67,1410761,0.0
2019-09-02,92.73,95.165,92.65,94.83,2751811,0.0
2019-09-03,95.24,98.12,94.76,97.94,3135716,0.0
2019-09-04,98.7,99.48,96.56,97.43,2750745,0.0
2019-09-05,98.03,99.82,97.65,98.51,2481409,0.0
2019-09-08,99.01,99.88,97.44,98.68,2438978,0.0
2019-09-09,98.45,101.23,97.77,99.5,3489333,0.0
2019-09-10,100.03,100.65,98.76,99.11,2087149,0.0
2019-09-11,99.89,101.78,98.052,98.34,3594379,0.0
2019-09-12,98.57,99.35,98.16,98.47,1527563,0.0
2019-09-15,98.03,99.24,97.52,99.13,1263431,0.0
2019-09-16,99.48,99.55,97.54,98.41,1300865,0.0
2019-09-17,97.73,98.34,96.53,98.28,1581924,0.0
2019-09-18,98.28,99.9,98.28,99.69,2305155,0.0
2019-09-19,100.2,100.515,98.27,98.67,3077266,0.0
2019-09-22,98.23,99.41,97.86,98.22,1435066,0.0
2019-09-23,98.08,98.38,96.725,97.36,1921560,0.0
2019-09-24,97.1,97.82,95.83,97.62,1738283,0.0
2019-09-25,97.61,97.97,95.66,96.62,1767908,0.0
2019-09-26,97.02,97.75,95.05,95.71,1633655,0.0
2019-09-29,95.85,97.99,95.6849,97.8,2151585,0.0
2019-09-30,97.81,98,95.13,96.72,3477031,0.0
2019-10-01,96,96,92.44,94.275,3761988,0.0
2019-10-02,93.53,95.03,92.88,94.35,3291724,0.0
2019-10-03,94.34,95.77,94.34,95.61,3976389,0.0
2019-10-06,95.12,95.815,93.32,93.59,4673633,0.0
2019-10-07,93.03,93.83,92.16,92.54,4755603,0.0
2019-10-08,93.02,94.5,92.8,92.88,2821811,0.0
2019-10-09,92.66,93.56,92.21,92.52,3422822,0.0
2019-10-10,93.93,95.87,93.746,94.17,5516461,0.0
2019-10-13,94.1241,94.66,92.71,93.84,3266227,0.0
2019-10-14,94.14,95.2842,93.2201,95.16,3896314,0.0
2019-10-15,94.41,96.36,94.4,96.21,4301332,0.0
2019-10-16,96.71,98,96.51,96.8,4072768,0.0
2019-10-17,96.05,96.0999,94.05,95.12,5777311,0.0
2019-10-20,95.36,96.83,95,95.81,1701758,0.0
2019-10-21,94.17,95.772,93.21,94.3,3145153,0.0
2019-10-22,94.43,96.25,94.36,95.73,1838820,0.0
2019-10-23,96.16,96.97,95.28,95.99,2681851,0.0
2019-10-24,95.54,96.35,94.61,96.31,1868102,0.0
2019-10-27,97,97.9,96.2,96.74,3381156,0.0
2019-10-28,96.72,97.52,94.37,94.405,5125845,0.0
2019-10-29,94.25,96.84,92.56,96.74,6799354,0.0
2019-10-30,96.62,96.72,94.87,96.44,2902664,0.0
2019-10-31,97.12,97.12,95.08,95.29,2779504,0.0
2019-11-03,96.35,98.525,95.6,98.16,3463459,0.0
2019-11-04,98.13,98.99,96.63,98.26,2281655,0.0
2019-11-05,98.68,99.18,97.97,98.7,2071237,0.0
2019-11-06,99.29,99.29,97.02,97.24,1991353,0.0
2019-11-07,96.91,98.5,96.32,98.27,2038943,0.0
2019-11-10,97.55,98.9,96.31,96.38,2027382,0.0
2019-11-11,96.41,96.83,95.25,96.3,3327347,0.0
2019-11-12,96.62,96.97,95.54,96,2721898,0.0
2019-11-13,96.2,98.48,96.12,97.55,3122573,0.0
2019-11-14,98.85,99.39,97.3699,97.5,3078447,0.0
2019-11-17,97.43,98.095,96.7,97.36,2217444,0.0
2019-11-18,97.21,97.865,96.32,96.69,3198529,0.0
2019-11-19,96.12,98.91,96.12,98.11,2379560,0.0
2019-11-20,98.25,99.23,98.21,99.01,2479987,0.0
2019-11-21,99.66,99.9285,98.32,99.19,2240932,0.0
2019-11-24,99.28,101.24,99.28,99.78,2465398,0.0
2019-11-25,99.87,100.14,98.71,99.26,1972086,0.0
2019-11-26,100.09,100.97,98.75,100.8,1445411,0.0
2019-11-28,99.97,102,99.97,101.04,1171801,0.0
2019-12-01,101.04,101.6,99.57,100.41,2417133,0.0
2019-12-02,99.54,101.465,99.1,101.265,2016664,0.0
2019-12-03,101.77,102.39,100.42,100.64,2141356,0.0
2019-12-04,101.45,102.27,100.3602,102.13,1751926,0.0
2019-12-05,102.89,103.3,102.35,103.23,1993748,0.0
2019-12-08,103.34,103.5,101.93,102.03,1733505,0.0
2019-12-09,101.84,102.5,101.29,101.835,1778271,0.0
2019-12-10,101.87,103.51,101.82,103.18,1401752,0.0
2019-12-11,103.54,105.17,103.19,105.09,2319421,0.0
2019-12-12,105.34,105.84,103.81,104.55,1892007,0.0
2019-12-15,105.01,105.92,104.82,105.73,1149059,0.0
2019-12-16,105.86,106.225,105.12,105.73,1117686,0.0
2019-12-17,106,107.25,105.635,107.03,1140516,0.0
2019-12-18,107,107.88,106.635,107.32,1150547,0.0
2019-12-19,108.02,108.45,107.06,107.94,2574146,0.0
2019-12-22,107.96,108.92,107.67,107.79,977984,0.0
2019-12-23,107.78,108.87,107.73,108.52,572317,0.0
2019-12-25,108.56,108.888,108.11,108.5,615794,0.0
2019-12-26,108.6,108.89,107.8,108.43,1028197,0.0
2019-12-29,108.11,108.37,106.76,106.94,1525660,0.0
2019-12-30,106.58,107.52,106.43,107.51,1114080,0.0
2020-01-01,107.94,108.35,106.76,107.335,1514409,0.0
2020-01-02,105.58,107.7458,105.12,107.2,1515946,0.0
2020-01-05,106.95,109.31,106.63,108.76,2540987,0.0
2020-01-06,109,109.25,107.73,108.4,1435436,0.0
2020-01-07,108.18,110,107.775,109.45,2346759,0.0
2020-01-08,110,110.34,108.27,109.35,1569048,0.0
2020-01-09,109.2,109.27,108.2,108.59,1256855,0.0
2020-01-12,109.05,110.0668,108.62,109.81,1406471,0.0
2020-01-13,109.66,110.17,108.71,109.58,1387042,0.0
2020-01-14,109.79,110.445,109.14,109.61,1301103,0.0
2020-01-15,110,111.29,109.946,111.27,1602676,0.0
2020-01-16,112.37,112.99,111.55,112.92,2284036,0.0
2020-01-20,112.55,112.97,111.77,112.39,2466562,0.0
2020-01-21,112.77,114.04,112.68,113.09,3653546,0.0
2020-01-22,112.35,113.73,112,113.49,2612896,0.0
2020-01-23,114.02,114.13,111.63,112.35,4219712,0.0
2020-01-26,110.24,111.19,109.95,110.59,1855380,0.0
2020-01-27,111.29,112.88,111.06,111.9,2265921,0.0
2020-01-28,112.51,112.96,111.24,112.22,1706126,0.0
2020-01-29,111.43,111.885,110.31,111.72,3201369,0.0
2020-01-30,110.75,110.75,105.5,107.8,5329397,0.0
2020-02-02,107.93,109.45,104.4,105.03,3712813,0.0
2020-02-03,106.44,107.42,105.33,107.06,3818485,0.0
2020-02-04,108.62,108.96,107.12,107.84,2626226,0.0
2020-02-05,108.8,110.35,108.405,110.02,2193389,0.0
2020-02-06,109.17,110.955,108.74,109.1,1848206,0.0
2020-02-09,109.02,109.76,108.23,108.68,1579774,0.0
2020-02-10,108.95,109.23,107.94,109.05,984479,0.0
2020-02-11,109.67,109.98,108.59,109.69,1312060,0.0
2020-02-12,109.15,109.34,107.97,108.87,1259002,0.0
2020-02-13,108.9,109.89,108.75,109.71,981364,0.0
2020-02-17,109.09,109.83,108.7,109.46,1251965,0.0
2020-02-18,110.1,110.9,109.4,109.77,1365333,0.0
2020-02-19,108.72,109.37,107.445,109.19,3602878,0.0
2020-02-20,108.49,108.94,106.8,108.01,2020631,0.0
2020-02-23,105.05,107.93,105.02,107.06,2048858,0.0
2020-02-24,107.72,109.22,105.235,105.38,3014986,0.0
2020-02-25,106.36,108.26,105.6,106.5,2285439,0.0
2020-02-26,104.35,106.4,102.72,102.72,4133423,0.0
2020-02-27,100.29,101.89,98.59,101.54,5163728,0.0
2020-03-01,101.92,106.93,101.71,106.91,3745455,0.0
2020-03-02,106.73,109.71,105.38,106.7,3572479,0.0
2020-03-03,108.29,111.935,108.06,111.83,3801684,0.0
2020-03-04,109.49,111.93,109.11,110.2,3807110,0.0
2020-03-05,106.45,108.76,105,107.65,3373606,0.0
2020-03-08,101.57,104.18,99.91,100.91,4207873,0.0
2020-03-09,101.4,103.57,96.65,103.39,10552994,0.0
2020-03-10,101.61,102.17,98.33,101.18,7107768,0.0
2020-03-11,94.79,99.42,92.55,93.22,5395367,0.0
2020-03-12,98.74,99.61,92.745,97.07,4856377,0.0
2020-03-15,89.19,96.12,85.69,88.43,11332524,0.0
2020-03-16,91.6,98.2,87.11,95.29,5637383,0.0
2020-03-17,91.5,97.69,85.92,90.32,6148472,0.0
2020-03-18,90.95,93.98,86,90.06,9835242,0.0
2020-03-19,92.24,94.37,86.75,86.81,5698357,0.0
2020-03-22,89.73,97.72,88.4272,95.35,7289837,0.0
2020-03-23,100,103.1,90.81,94.21,5251914,0.0
2020-03-24,93.53,94.15,89.46,89.71,9088647,0.0
2020-03-25,90.47,99.57,90.08,99.2,4737998,0.0
2020-03-26,96.53,99.68,94.63,95.37,7403046,0.0
2020-03-29,96.77,99.29,96.17,97.68,2895563,0.0
2020-03-30,97.79,101,96.62,100.1,6083970,0.0
2020-03-31,98.38,99.84,96.7,97.51,3545532,0.0
2020-04-01,98.1,102.82,97.5,102.29,6872146,0.0
2020-04-02,102.81,104.35,100.79,102.83,5111861,0.0
2020-04-05,105.39,107.5,104.55,106.51,3441899,0.0
2020-04-06,107.13,107.46,100.11,106.32,4746867,0.0
2020-04-07,106.95,108.24,105.25,106.78,5113652,0.0
2020-04-08,106,109.38,105.06,105.72,3160965,0.0
2020-04-12,105.65,109.78,104.65,109.3,2397688,0.0
2020-04-13,111.8,113.02,110,112.03,4728710,0.0
2020-04-14,110.74,114.47,110.2081,113.57,7770537,0.0
2020-04-15,114.75,118.69,114.53,118.04,10116166,0.0
2020-04-16,116.71,117,112.65,115.21,11516303,0.0
2020-04-19,114.84,116.526,113.92,115.41,5500088,0.0
2020-04-20,114.68,116.2,112.11,113.24,6723800,0.0
2020-04-21,114.36,115.07,111.18,114.51,3800325,0.0
2020-04-22,114.7,116.63,113.69,114.47,6377991,0.0
2020-04-23,115.67,116.68,114.09,116.27,4002411,0.0
2020-04-26,117.97,118.471,115.1304,116.03,7199376,0.0
2020-04-27,116,116.49,110.92,111.35,8197836,0.0
2020-04-28,111.87,114.45,110.86,112.74,6320322,0.0
2020-04-29,112.48,114.4868,112.4,114.27,4326260,0.0
2020-04-30,113.13,114.355,112.06,113.35,1805699,0.0
2020-05-03,113.91,117.56,113.65,116.78,2393646,0.0
2020-05-04,118.32,120.19,116.3,119.6,7674998,0.0
2020-05-05,115,117.16,111.83,115.33,5635420,0.0
2020-05-06,116.27,116.94,114.73,116.8,5580816,0.0
2020-05-07,116.25,117.52,115.58,116.62,5391884,0.0
2020-05-10,116.93,118.5,116.3501,117.34,4538774,0.0
2020-05-11,117.68,119.52,116.29,116.37,4496394,0.0
2020-05-12,117.07,119.16,114.52,116.925,2508776,0.0
2020-05-13,116.5,117.26,114.46,117.1,2166317,0.0
2020-05-14,116.22,118.9,116.11,118.12,4156736,0.0
2020-05-17,116.71,117.92,114.73,117.12,7442570,0.0
2020-05-18,116.77,119.37,116.72,118.56,2167100,0.0
2020-05-19,119.1,121.76,119.06,119.53,2894334,0.0
2020-05-20,119.88,119.88,117.2,117.36,3698500,0.0
2020-05-21,117.22,120.01,116.615,119.83,3960086,0.0
2020-05-25,120.44,120.4802,116.1927,116.6,2908886,0.0
2020-05-26,115.07,117.76,111.11,117.4,9191912,0.0
2020-05-27,117.99,122.1,116.765,121.32,4353112,0.0
2020-05-28,122.29,123.14,119.27,122.86,2976754,0.0
2020-05-31,123.28,124.28,122.37,122.75,3696254,0.0
2020-06-01,123.25,123.53,120.68,122.35,3512282,0.0
2020-06-02,122.15,122.15,117.19,117.93,6801804,0.0
2020-06-03,117.48,119.1096,116.05,117.24,2566843,0.0
2020-06-04,115.44,119.2,113.28,118.33,2947608,0.0
2020-06-07,116.5,119.58,115.89,119.55,5612410,0.0
2020-06-08,120.1,121.76,118.535,121.07,3843436,0.0
2020-06-09,122.15,125.66,121.46,124.76,3308432,0.0
2020-06-10,124.66,127.54,121.94,122.43,6302986,0.0
2020-06-11,123.1,124.76,122.23,122.26,428903,0.0
2020-06-14,122.9,127.5,122.71,126.52,6606711,0.0
2020-06-15,127.14,127.87,125.06,125.72,4414874,0.0
2020-06-16,126.73,129.0065,126.29,128.11,3573241,0.0
2020-06-17,128.1,129.45,128.1,129.38,3108373,0.0
2020-06-18,131.1277,131.24,127.9,130.17,2108252,0.0
2020-06-21,131.02,131.86,128.8,129.73,1996617,0.0
2020-06-22,131.32,133.6,130.2,130.58,2142292,0.0
2020-06-23,130.55,131.6,128.65,130.93,1893393,0.0
2020-06-24,131.48,131.89,129.09,130.75,1841205,0.0
2020-06-25,130.92,131.38,128.09,130.93,1902511,0.0
2020-06-28,130.98,132.37,129.2,130.75,1420167,0.0
2020-06-29,132.61,132.61,130.7,132.05,1632785,0.0
2020-06-30,132.04,135.52,131.33,135.22,2699301,0.0
2020-07-01,136.42,136.42,133.47,133.85,1570209,0.0
