Date,Open,High,Low,Close,Volume,OpenInterest
2016-07-13,25.45,26.26,25.4,26.09,21350888,0.0
2016-07-14,26.12,26.34,25.95,26.335,15273441,0.0
2016-07-17,26.23,26.56,26.1699,26.49,10162985,0.0
2016-07-18,26.59,26.72,26.39,26.5,15564513,0.0
2016-07-19,26.61,27.14,26.41,26.99,23169252,0.0
2016-07-20,28.87,30.31,28.79,29.94,41798715,0.0
2016-07-21,29.81,30.56,29.75,30.49,18424751,0.0
2016-07-24,30.31,30.86,30.27,30.69,16690217,0.0
2016-07-25,30.61,31.41,30.56,31.4,12849112,0.0
2016-07-26,31.44,31.79,31.1,31.31,10775017,0.0
2016-07-27,31.28,31.49,31.07,31.17,7928273,0.0
2016-07-28,31.12,31.24,30.9,31.16,6696375,0.0
2016-07-31,31.3,31.39,31.13,31.25,12119677,0.0
2016-08-01,31.07,31.21,30.69,30.79,10509802,0.0
2016-08-02,30.8,31.04,30.74,30.95,6145435,0.0
2016-08-03,30.94,31.31,30.85,31.06,6183849,0.0
2016-08-04,31.15,31.45,31.13,31.39,6241061,0.0
2016-08-07,31.4,31.4,30.94,31.15,7608276,0.0
2016-08-08,31.22,31.24,30.94,31.12,6810356,0.0
2016-08-09,31.11,31.25,30.94,31.12,5304898,0.0
2016-08-10,31.19,31.5,31.02,31.2,5086476,0.0
2016-08-11,31.22,31.27,30.89,30.89,10796453,0.0
2016-08-14,31,31.31,30.64,31.05,6376148,0.0
2016-08-15,30.9,30.98,30.58,30.83,5753471,0.0
2016-08-16,30.88,30.9,30.49,30.61,6264078,0.0
2016-08-17,30.51,30.67,30.42,30.52,5003503,0.0
2016-08-18,30.46,30.6499,30.36,30.63,5691904,0.0
2016-08-21,30.46,30.64,30.37,30.62,5473039,0.0
2016-08-22,30.68,30.97,30.65,30.67,4913713,0.0
2016-08-23,30.74,31.33,30.73,31.26,12041588,0.0
2016-08-24,31.08,31.45,31.06,31.35,6804812,0.0
2016-08-25,31.34,31.63,31.085,31.31,7113709,0.0
2016-08-28,31.25,31.5,31.14,31.4,4208702,0.0
2016-08-29,31.46,32.03,31.36,31.78,9010832,0.0
2016-08-30,31.66,32.23,31.59,32.16,10637713,0.0
2016-08-31,32.15,32.235,31.88,32.13,5985400,0.0
2016-09-01,32.3,32.5,32.11,32.285,6053994,0.0
2016-09-05,32.2,32.655,32.15,32.42,7071055,0.0
2016-09-06,32.45,32.73,32.29,32.52,8225290,0.0
2016-09-07,32.5,32.81,32.38,32.7,6283101,0.0
2016-09-08,32.42,32.59,31.855,31.89,11811507,0.0
2016-09-11,31.66,32.57,31.55,32.49,7381868,0.0
2016-09-12,32.16,32.49,31.71,31.91,8350001,0.0
2016-09-13,32.07,32.13,31.7,31.8,6800516,0.0
2016-09-14,31.74,31.98,31.33,31.97,6528725,0.0
2016-09-15,31.68,31.88,31.63,31.75,7006748,0.0
2016-09-18,31.81,31.96,31.43,31.57,4812215,0.0
2016-09-19,31.75,31.8,31.23,31.35,4762121,0.0
2016-09-20,31.56,32.02,31.5,31.97,9764727,0.0
2016-09-21,32.02,32.34,32.02,32.28,4555730,0.0
2016-09-22,32.28,32.375,32.08,32.08,4244924,0.0
2016-09-25,31.88,32.01,31.59,31.68,5379729,0.0
2016-09-26,31.8,32.105,31.68,31.93,5224655,0.0
2016-09-27,31.95,31.98,31.67,31.85,5406753,0.0
2016-09-28,33.04,33.19,32.19,32.3,15721115,0.0
2016-09-29,32.49,33.02,32.46,32.895,7685369,0.0
2016-10-02,31.53,32.65,31.3,32.55,11340090,0.0
2016-10-03,32.71,33.03,32.42,32.57,5701843,0.0
2016-10-04,32.4,32.47,32.075,32.15,7359902,0.0
2016-10-05,32.12,32.205,31.855,32.13,5106538,0.0
2016-10-06,32.23,32.28,31.06,31.62,9038340,0.0
2016-10-09,32.01,32.25,31.89,31.95,7359584,0.0
2016-10-10,31.96,31.98,31.14,31.46,7312273,0.0
2016-10-11,31.28,31.605,31.275,31.5,5404910,0.0
2016-10-12,31.79,31.825,31.075,31.51,9578665,0.0
2016-10-13,31.82,32.24,31.6,31.89,12062536,0.0
2016-10-16,32.06,32.39,31.38,31.81,10144874,0.0
2016-10-17,32.05,32.37,31.57,31.65,11478612,0.0
2016-10-18,31.91,32.64,31.7211,32.53,17703269,0.0
2016-10-19,29.5,29.84,28.75,29.02,47732627,0.0
2016-10-20,29.06,29.19,28.6,29.06,22747460,0.0
2016-10-23,29.26,29.71,29.15,29.22,14897626,0.0
2016-10-24,29.2,29.39,28.9401,29.04,7985677,0.0
2016-10-25,29,29.05,28.77,28.82,7530132,0.0
2016-10-26,28.97,29.07,28.63,28.81,9134314,0.0
2016-10-27,28.86,29.095,28.47,28.6,9567247,0.0
2016-10-30,28.77,28.77,28.44,28.51,7171227,0.0
2016-10-31,28.51,28.695,28.09,28.38,7616639,0.0
2016-11-01,28.24,28.51,28.11,28.26,8046430,0.0
2016-11-02,28.17,28.45,28.02,28.05,5484396,0.0
2016-11-03,28.1,28.29,27.94,27.95,6194303,0.0
2016-11-06,28.34,28.37,28.08,28.24,8185989,0.0
2016-11-07,28.09,28.25,27.63,28.02,13184117,0.0
2016-11-08,27.35,28.47,27.33,28.28,10293465,0.0
2016-11-09,28.39,28.75,27.82,28.16,10659307,0.0
2016-11-10,27.97,28.77,27.95,28.64,8479654,0.0
2016-11-13,28.64,28.74,27.86,27.88,11193504,0.0
2016-11-14,28.03,28.77,28.03,28.48,8324468,0.0
2016-11-15,28.45,28.89,28.31,28.33,7751066,0.0
2016-11-16,28.37,28.92,28.35,28.87,7865302,0.0
2016-11-17,28.84,28.95,28.565,28.69,9659358,0.0
2016-11-20,28.73,29.14,28.67,29,6186153,0.0
2016-11-21,29.44,29.44,28.93,29.06,6545312,0.0
2016-11-22,28.99,29.07,28.65,28.9,5325953,0.0
2016-11-24,28.94,28.99,28.75,28.94,2728725,0.0
2016-11-27,28.84,28.89,28.53,28.57,6341517,0.0
2016-11-28,28.56,28.805,28.5,28.51,6409608,0.0
2016-11-29,28.54,28.59,27.8,27.81,10613165,0.0
2016-11-30,27.92,28.01,27.28,27.39,8536279,0.0
2016-12-01,27.73,28.83,27.69,28.415,12936479,0.0
2016-12-04,28.58,28.9,28.32,28.35,8760805,0.0
2016-12-05,28.3,28.39,28.03,28.2,8564983,0.0
2016-12-06,28.14,28.99,28.14,28.92,8686329,0.0
2016-12-07,28.96,29.87,28.91,29.42,10579282,0.0
2016-12-08,29.61,30.105,29.42,29.97,11978136,0.0
2016-12-11,30.02,30.46,29.84,30.205,13440031,0.0
2016-12-12,30.35,30.52,29.81,29.82,10340253,0.0
2016-12-13,29.85,30.16,29.64,29.82,8509238,0.0
2016-12-14,29.87,29.97,29.65,29.74,8520967,0.0
2016-12-15,29.73,29.92,29.56,29.61,9002952,0.0
2016-12-18,29.7,29.8,29.315,29.38,6480380,0.0
2016-12-19,29.53,29.6,29.01,29.26,9813506,0.0
2016-12-20,29.14,29.39,29.09,29.355,7811225,0.0
2016-12-21,29.28,29.7,29.21,29.55,8075172,0.0
2016-12-22,29.82,29.82,29.42,29.79,6441642,0.0
2016-12-26,29.83,30.37,29.81,30.25,6555858,0.0
2016-12-27,30.24,30.25,29.93,30.01,7171569,0.0
2016-12-28,30.02,30.21,29.83,29.97,6390481,0.0
2016-12-29,30.06,30.38,29.57,29.7,6712078,0.0
2017-01-02,29.83,30.19,29.64,29.83,6058575,0.0
2017-01-03,29.91,30.01,29.51,29.76,8036740,0.0
2017-01-04,29.73,30.08,29.61,30.01,7552346,0.0
2017-01-05,29.97,31.16,29.78,31.05,10621329,0.0
2017-01-08,31,31.03,30.6,30.75,8832665,0.0
2017-01-09,30.67,30.72,29.84,30.25,12390322,0.0
2017-01-10,30.3,30.42,30.01,30.4,7155413,0.0
2017-01-11,30.8,30.8,30.105,30.36,7121013,0.0
2017-01-12,30.21,30.35,29.84,30.29,7072573,0.0
2017-01-16,30.33,30.69,30.11,30.29,6662062,0.0
2017-01-17,30.29,30.48,30.14,30.39,7971868,0.0
2017-01-18,30.26,30.84,30.19,30.73,12379968,0.0
2017-01-19,30.8,30.96,30.52,30.64,6966922,0.0
2017-01-22,30.64,30.65,30.06,30.27,8042234,0.0
2017-01-23,30.3,30.33,29.695,29.98,15532902,0.0
2017-01-24,30.25,30.5,30.1068,30.21,18258826,0.0
2017-01-25,32.36,32.85,31.545,31.75,28944525,0.0
2017-01-26,31.95,32.61,31.36,32.51,15725765,0.0
2017-01-29,32.24,32.28,31.8,32.17,9861235,0.0
2017-01-30,31.89,32,31.53,31.83,7428580,0.0
2017-01-31,31.9,32.24,31.83,32.19,8742475,0.0
2017-02-01,32.06,32.21,31.865,31.97,5090919,0.0
2017-02-02,32.11,32.2,31.91,32.07,4477817,0.0
2017-02-05,32.01,32.24,31.865,32.03,4153851,0.0
2017-02-06,31.95,32.47,31.8,32.42,7131783,0.0
2017-02-07,32.45,33.41,32.28,33.26,14570108,0.0
2017-02-08,33.29,33.35,32.98,33.12,8081873,0.0
2017-02-09,33.16,33.84,33.06,33.63,12169583,0.0
2017-02-12,33.62,34.085,33.56,33.79,9003272,0.0
2017-02-13,33.61,33.96,33.57,33.63,6482692,0.0
2017-02-14,33.62,34.15,33.5,34.01,6736696,0.0
2017-02-15,33.87,34.145,33.46,33.55,7263373,0.0
2017-02-16,33.51,33.9,33.47,33.76,6445676,0.0
2017-02-20,33.76,34.23,33.76,33.92,6080771,0.0
2017-02-21,33.92,34.14,33.63,33.82,6104323,0.0
2017-02-22,33.78,33.93,33.54,33.6,5590449,0.0
2017-02-23,33.55,34.07,33.38,34.06,6077531,0.0
2017-02-26,34.05,34.305,33.82,34.27,6726395,0.0
2017-02-27,34.16,34.28,33.89,33.9,6093110,0.0
2017-02-28,34.11,34.43,34.1,34.27,4835321,0.0
2017-03-01,34.19,34.33,33.745,33.91,3927991,0.0
2017-03-02,33.86,33.87,33.39,33.74,5753984,0.0
2017-03-05,33.67,33.76,33.285,33.65,5222308,0.0
2017-03-06,33.71,33.83,33.4,33.47,5507568,0.0
2017-03-07,33.53,33.55,33.17,33.32,7014918,0.0
2017-03-08,33.27,33.35,33.02,33.18,4687444,0.0
2017-03-09,33.44,33.46,33.065,33.14,4136959,0.0
2017-03-12,33.13,33.22,32.74,32.81,9659275,0.0
2017-03-13,32.85,32.95,32.58,32.86,5746323,0.0
2017-03-14,33.02,33.17,32.558,32.88,8435165,0.0
2017-03-15,32.78,33.2,32.77,33.105,6138530,0.0
2017-03-16,33.3,33.84,33.16,33.69,9788862,0.0
2017-03-19,33.68,34.03,33.45,33.8,6618786,0.0
2017-03-20,33.92,33.99,33.05,33.18,7147794,0.0
2017-03-21,33.22,33.67,33.17,33.53,4649091,0.0
2017-03-22,33.45,33.78,33.33,33.52,3665390,0.0
2017-03-23,33.66,33.67,33.215,33.405,3470562,0.0
2017-03-26,33.16,33.49,32.84,33.43,4214687,0.0
2017-03-27,33.38,33.66,33.3,33.5362,3811137,0.0
2017-03-28,33.62,33.78,33.43,33.65,6496212,0.0
2017-03-29,33.61,33.795,33.54,33.7,4281502,0.0
2017-03-30,33.5,33.95,33.45,33.555,6584473,0.0
2017-04-02,33.37,33.91,33.32,33.76,8642700,0.0
2017-04-03,33.76,34.26,33.675,34.145,7072167,0.0
2017-04-04,34.22,34.735,33.78,33.81,10143098,0.0
2017-04-05,34.01,34.32,33.84,34.17,7912925,0.0
2017-04-06,34.11,34.22,33.8,33.91,5674384,0.0
2017-04-09,34,34.36,33.93,34.06,5181813,0.0
2017-04-10,34.09,34.14,33.72,33.995,4397647,0.0
2017-04-11,33.88,34.625,33.88,34.27,9502850,0.0
2017-04-12,34.2,34.7,34.1,34.34,6810272,0.0
2017-04-16,34.35,34.44,34.09,34.44,6047087,0.0
2017-04-17,34.11,34.37,33.81,34.02,6572770,0.0
2017-04-18,34.2,34.34,33.78,33.85,11671114,0.0
2017-04-19,32.86,33.04,32.32,32.52,25917173,0.0
2017-04-20,32.69,32.69,31.94,32.18,13158327,0.0
2017-04-23,32.23,32.56,31.89,32.05,14522067,0.0
2017-04-24,32.11,32.83,31.98,32.82,12151025,0.0
2017-04-25,32.77,33.13,32.62,33.01,9985969,0.0
2017-04-26,33.02,33.12,32.795,33.06,7569001,0.0
2017-04-27,33.01,33.45,32.89,33.41,8601658,0.0
2017-04-30,33.46,33.58,33.19,33.32,6131570,0.0
2017-05-01,33.39,33.545,33.33,33.505,5591137,0.0
2017-05-02,33.6,33.6,33.14,33.26,4882411,0.0
2017-05-03,33.4,33.675,33.26,33.5,6092977,0.0
2017-05-04,33.57,33.71,33.44,33.49,6595214,0.0
2017-05-07,33.52,33.72,33.2,33.24,6773988,0.0
2017-05-08,33.24,33.87,33.09,33.72,8397982,0.0
2017-05-09,33.67,34.155,33.67,33.89,7102967,0.0
2017-05-10,33.7,34.165,33.661,34.125,4939979,0.0
2017-05-11,34.19,34.28,34,34.07,4606402,0.0
2017-05-14,34.18,34.37,33.92,34.18,4065377,0.0
2017-05-15,34.16,34.87,34.15,34.81,5713482,0.0
2017-05-16,34.56,34.6,33.56,33.58,9113823,0.0
2017-05-17,33.64,33.91,32.99,33.74,10366693,0.0
2017-05-18,33.9,34.21,33.6,33.83,7426392,0.0
2017-05-21,33.86,34.03,33.65,33.86,5250740,0.0
2017-05-22,34.25,34.86,34.249,34.61,10165000,0.0
2017-05-23,34.62,34.99,34.44,34.82,7686506,0.0
2017-05-24,34.88,35.3,34.86,35.22,7905442,0.0
2017-05-25,35.26,35.26,34.66,34.9,6008641,0.0
2017-05-29,34.78,34.83,34.37,34.615,6430907,0.0
2017-05-30,34.92,34.92,34.1,34.3,7335379,0.0
2017-05-31,34.44,34.89,34.2,34.79,5589897,0.0
2017-06-01,34.92,35.44,34.61,35.32,5833447,0.0
2017-06-04,36.01,36.02,35.39,35.55,5355519,0.0
2017-06-05,35.41,35.805,35.35,35.48,4527594,0.0
2017-06-06,35.65,35.87,35.56,35.77,4428271,0.0
2017-06-07,36.07,36.315,35.865,36.13,7350533,0.0
2017-06-08,36.25,36.5,34.69,34.93,9959310,0.0
2017-06-11,34.7,34.77,33.975,34.15,11328600,0.0
2017-06-12,34.24,34.55,34.08,34.46,6432550,0.0
2017-06-13,34.63,34.73,34.11,34.5,5588817,0.0
2017-06-14,34.24,34.29,33.89,34.1,4585982,0.0
2017-06-15,33.92,34.32,33.91,33.96,6824829,0.0
2017-06-18,34.12,34.99,34,34.89,5053169,0.0
2017-06-19,34.9,35.34,34.74,34.93,9412472,0.0
2017-06-20,35,35.12,34.75,34.96,4680221,0.0
2017-06-21,34.99,35.285,34.84,35.12,3525812,0.0
2017-06-22,35.12,35.735,34.96,35.57,5304049,0.0
2017-06-25,35.89,35.97,35,35.09,5997751,0.0
2017-06-26,35,35.32,34.85,34.92,7474711,0.0
2017-06-27,35,35.33,34.615,35.31,3996626,0.0
2017-06-28,35.3,35.3,34.09,34.51,7059611,0.0
2017-06-29,34.77,35.07,34.52,34.91,8750565,0.0
2017-07-02,35.15,35.305,34.55,34.59,3689096,0.0
2017-07-04,34.73,34.86,34.505,34.72,6129098,0.0
2017-07-05,34.39,34.5,33.95,34.025,7511910,0.0
2017-07-06,34.02,34.55,34.01,34.23,5819462,0.0
2017-07-09,34.31,35.14,34.28,35.04,7706845,0.0
2017-07-10,34.97,35.45,34.89,35.19,7020614,0.0
2017-07-11,35.53,36.2,35.53,36.04,12458379,0.0
2017-07-12,36.61,37.13,36.26,36.51,11763129,0.0
2017-07-13,36.89,37.2,36.83,37.07,6990793,0.0
2017-07-16,37.03,37.17,36.57,37.05,7225146,0.0
2017-07-17,36.94,36.94,36.57,36.81,11809024,0.0
2017-07-18,36.9,37.26,36.645,37.07,7516947,0.0
2017-07-19,37.17,37.48,37,37.17,11724099,0.0
2017-07-20,36.2,36.9,36.05,36.6,20193301,0.0
2017-07-23,36.45,36.73,36.22,36.38,8270188,0.0
2017-07-24,36.37,36.485,36.06,36.33,5245993,0.0
2017-07-25,36.36,37.07,36.36,37.04,9267951,0.0
2017-07-26,37.09,37.265,35.54,36.17,13820041,0.0
2017-07-27,36.08,36.21,35.73,35.94,6293187,0.0
2017-07-30,36.09,36.13,35.65,35.73,5144885,0.0
2017-07-31,35.85,36.02,35.75,35.91,3448346,0.0
2017-08-01,35.81,35.95,35.42,35.89,5512612,0.0
2017-08-02,35.98,35.98,35.57,35.71,4735035,0.0
2017-08-03,35.86,35.86,35.55,35.61,4412062,0.0
2017-08-06,35.61,36.15,35.38,36.1,4717719,0.0
2017-08-07,35.97,36.64,35.89,36.36,8330416,0.0
2017-08-08,36.13,36.225,35.72,36.1,6691762,0.0
2017-08-09,35.95,35.9845,34.88,35,10329201,0.0
2017-08-10,35.18,35.32,34.76,35.04,7030927,0.0
2017-08-13,35.44,35.45,34.88,35.2,5744025,0.0
2017-08-14,35.24,35.42,35.12,35.25,3928747,0.0
2017-08-15,35.29,35.48,35.07,35.37,3257466,0.0
2017-08-16,35.5,35.5,34.8,34.85,4964459,0.0
2017-08-17,34.92,35.14,34.75,34.79,7619720,0.0
2017-08-20,35.13,35.13,34.09,34.24,6716876,0.0
2017-08-21,34.37,34.81,34.31,34.8,5309154,0.0
2017-08-22,34.62,34.98,34.51,34.9,5610212,0.0
2017-08-23,34.96,35.04,34.51,34.87,4731815,0.0
2017-08-24,34.98,35.07,34.56,34.69,3650422,0.0
2017-08-27,34.75,34.9,34.66,34.81,3555590,0.0
2017-08-28,34.48,35.315,34.42,35.2,6151729,0.0
2017-08-29,35.14,35.955,35.1,35.7,6484944,0.0
2017-08-30,35.85,36.32,35.821,36.14,6736709,0.0
2017-08-31,36.2,36.58,36.14,36.355,3914783,0.0
2017-09-04,36.19,36.48,35.77,36.09,4972128,0.0
2017-09-05,36.08,36.98,36.08,36.77,8766394,0.0
2017-09-06,36.95,38.19,36.84,38.01,12453304,0.0
2017-09-07,38.04,38.3,37.725,37.8,7703217,0.0
2017-09-10,38.04,38.26,38,38.1,4727968,0.0
2017-09-11,38.07,38.3,37.98,38.19,3309028,0.0
2017-09-12,38,38.5,38,38.27,4234938,0.0
2017-09-13,38.24,38.585,38.13,38.31,4992467,0.0
2017-09-14,38.27,38.865,38.07,38.36,7433633,0.0
2017-09-17,38.3,38.665,38.18,38.39,3946226,0.0
2017-09-18,38.5,38.75,38.32,38.6,4029818,0.0
2017-09-19,38.67,38.87,38.21,38.55,3722866,0.0
2017-09-20,38.55,38.67,38.19,38.25,4853812,0.0
2017-09-21,38.13,38.31,38.05,38.285,4055221,0.0
2017-09-24,38.22,38.31,37.54,37.79,5758209,0.0
2017-09-25,37.85,38.19,37.75,37.85,4474024,0.0
2017-09-26,38.02,38.29,37.76,38.05,6844916,0.0
2017-09-27,37.66,37.96,37.44,37.74,6508504,0.0
2017-09-28,37.73,38.6,37.71,38.45,7833366,0.0
2017-10-01,38.51,38.78,38.37,38.73,5199204,0.0
2017-10-02,38.78,39.05,38.485,38.72,4273212,0.0
2017-10-03,38.8,38.83,38.5,38.65,3491530,0.0
2017-10-04,38.76,39.035,38.675,38.99,3465545,0.0
2017-10-05,39.05,39.08,38.67,38.81,3965117,0.0
2017-10-08,38.8,39.265,38.8,38.99,3727614,0.0
2017-10-09,39.02,39.275,38.77,38.84,5044312,0.0
2017-10-10,38.85,38.98,38.17,38.31,9131215,0.0
2017-10-11,38.31,38.5,38.055,38.1,8966403,0.0
2017-10-12,38.35,38.53,38.16,38.355,7165903,0.0
2017-10-15,38.29,38.5,37.725,37.78,7507357,0.0
2017-10-16,37.73,37.84,37.42,37.48,10485011,0.0
2017-10-17,37.68,38.22,37.54,37.97,11979913,0.0
2017-10-18,36.48,37.49,36.19,37.29,24320624,0.0
2017-10-19,37.34,37.86,37.3,37.59,10844670,0.0
2017-10-22,37.66,37.85,36.74,36.83,8934109,0.0
2017-10-23,36.51,37.03,36.51,36.74,7278348,0.0
2017-10-24,36.64,36.92,36.45,36.68,6747692,0.0
2017-10-25,36.74,37.24,36.72,36.9,6493963,0.0
2017-10-26,37.07,37.36,36.635,36.79,9546588,0.0
2017-10-29,36.73,37.13,36.73,37,5438133,0.0
2017-10-30,37.11,37.68,37.02,37.65,5392944,0.0
2017-10-31,37.87,38.09,37.435,37.54,6111910,0.0
2017-11-01,37.49,37.51,36.995,37.4,4194659,0.0
2017-11-02,37.42,37.545,37.11,37.5,4739419,0.0
2017-11-05,37.38,37.61,37.3,37.37,3164603,0.0
2017-11-06,37.6,37.6,37.1,37.41,4091060,0.0
2017-11-07,37.29,37.37,36.94,37,3673773,0.0
2017-11-08,36.26,36.36,35.21,35.69,15104787,0.0
2017-11-09,35.5,36.045,35.34,35.96,7203207,0.0
2017-11-12,35.7,36.1,35.32,35.84,5489624,0.0
2017-11-13,35.71,35.79,35.18,35.22,9395977,0.0
2017-11-14,35.03,35.47,34.79,35.29,6665995,0.0
2017-11-15,35.37,35.815,35.32,35.62,5873303,0.0
2017-11-16,35.64,35.71,35.31,35.58,5863493,0.0
2017-11-19,35.62,35.97,35.42,35.53,5189260,0.0
2017-11-20,35.72,36.11,35.56,35.95,4901186,0.0
2017-11-21,36.05,36.195,35.84,35.93,3694409,0.0
2017-11-23,36.07,36.11,35.7,35.84,2472643,0.0
2017-11-26,35.88,36.2,35.7905,35.99,4309766,0.0
2017-11-27,36,36.2,35.42,35.49,8826701,0.0
2017-11-28,35.42,35.45,33.945,34.37,19321644,0.0
2017-11-29,34.48,35.19,34.4612,34.65,12754917,0.0
2017-11-30,34.38,35.25,34.31,35.19,9238495,0.0
2017-12-03,35.59,36.08,35.38,35.7,9661519,0.0
2017-12-04,35.94,37.19,35.75,36.82,14911334,0.0
2017-12-05,36.63,36.91,36.36,36.83,6818401,0.0
2017-12-06,36.72,37.15,36.51,36.84,5540677,0.0
2017-12-07,37.27,37.99,37.16,37.64,10271178,0.0
2017-12-10,37.51,37.69,37.32,37.52,5493622,0.0
2017-12-11,37.44,37.49,37.1,37.45,4320587,0.0
2017-12-12,37.46,37.64,37.33,37.41,4350338,0.0
2017-12-13,37.41,37.77,37.41,37.6,3947071,0.0
2017-12-14,37.67,38.42,37.39,38.3665,7866472,0.0
2017-12-17,38.5,38.66,38.12,38.18,5206899,0.0
2017-12-18,38.15,38.23,37.72,37.81,5553980,0.0
2017-12-19,37.87,38.1,37.745,37.93,5366003,0.0
2017-12-20,38.11,38.24,37.77,37.81,6716669,0.0
2017-12-21,37.69,37.905,37.53,37.75,5648817,0.0
2017-12-25,37.8,38.01,37.605,37.95,2754822,0.0
2017-12-26,38.07,38.08,37.56,37.6,3265769,0.0
2017-12-27,37.46,37.93,37.4501,37.91,2851914,0.0
2017-12-28,37.82,38.03,37.65,37.75,3279199,0.0
2018-01-01,38.17,38.36,37.92,38.06,5568715,0.0
2018-01-02,37.99,39.28,37.9,39.25,7866375,0.0
2018-01-03,39.42,39.7729,38.47,38.58,7802264,0.0
2018-01-04,38.85,39.835,38.81,39.68,6286371,0.0
2018-01-07,39.55,40.08,39.44,39.81,6235653,0.0
2018-01-08,39.98,40.13,39.48,39.54,5154699,0.0
2018-01-09,38.87,39.02,37.55,37.7,15740156,0.0
2018-01-10,37.84,37.94,37.46,37.81,9407399,0.0
2018-01-11,38,38.27,37.9,38,9758226,0.0
2018-01-15,38.16,38.25,37.38,37.68,8400198,0.0
2018-01-16,38,38.31,37.75,38,8513843,0.0
2018-01-17,38.21,38.94,38.13,38.74,8183892,0.0
2018-01-18,38.75,39.02,38.2,38.42,7246177,0.0
2018-01-21,38.36,39.73,38.33,39.58,7271908,0.0
2018-01-22,39.59,39.89,39.13,39.765,4929918,0.0
2018-01-23,39.97,40.71,39.69,39.82,8620953,0.0
2018-01-24,39.93,40.41,39.86,40.03,7668456,0.0
2018-01-25,40.31,40.91,39.92,40.89,7033679,0.0
2018-01-28,40.59,41.07,40.57,40.8,5387916,0.0
2018-01-29,40.72,41.34,40.19,40.41,7743858,0.0
2018-01-30,40.48,41.1,40.36,40.59,10678142,0.0
2018-01-31,45.32,46.99,45.21,46.2,29249743,0.0
2018-02-01,45.37,46.24,44.24,44.31,15758590,0.0
2018-02-04,44.02,44.45,42.24,42.39,15219761,0.0
2018-02-05,41.86,43.1,41.72,42.81,15469378,0.0
2018-02-06,42.67,43.12,42.23,42.34,9272878,0.0
2018-02-07,42.5,42.95,41.01,41.02,11135071,0.0
2018-02-08,41.5,41.98,40.43,41.65,13783404,0.0
2018-02-11,41.95,42.64,41.64,42.32,8597404,0.0
2018-02-12,41.99,42.78,41.9,42.16,7579799,0.0
2018-02-13,41.83,42.67,41.75,42.44,8468250,0.0
2018-02-14,42.68,43.255,42.23,43.02,8106763,0.0
2018-02-15,43.16,43.64,42.91,43.34,7801281,0.0
2018-02-19,43.11,43.79,43.01,43.4,6611163,0.0
2018-02-20,43.52,43.7,43.06,43.12,7002435,0.0
2018-02-21,43.16,43.51,42.62,42.84,6754857,0.0
2018-02-22,43.27,43.785,42.815,43.69,7978170,0.0
2018-02-25,43.91,44.36,43.65,43.84,5237800,0.0
2018-02-26,43.82,43.95,43.13,43.14,7235062,0.0
2018-02-27,43.22,43.42,42.85,42.85,5110585,0.0
2018-02-28,42.9,43.11,42.05,42.27,6199723,0.0
2018-03-01,42.6,43.06,42.22,42.95,6282132,0.0
2018-03-04,42.79,43.545,42.62,43.19,4396220,0.0
2018-03-05,43.54,43.54,42.96,43.14,4544039,0.0
2018-03-06,42.96,44.0244,42.8,43.93,6385078,0.0
2018-03-07,44.16,44.3,43.41,43.68,7098934,0.0
2018-03-08,43.76,43.85,43.34,43.8,5462313,0.0
2018-03-11,44.03,44.035,43.43,43.9,6428484,0.0
2018-03-12,44.14,44.22,42.685,42.82,8232700,0.0
2018-03-13,42.97,43.14,42.65,42.83,7778557,0.0
2018-03-14,42.82,42.83,42.16,42.59,5553452,0.0
2018-03-15,42.62,42.74,42.38,42.46,5786675,0.0
2018-03-18,42.23,42.76,41.72,42.09,6160181,0.0
2018-03-19,42.08,42.19,41.71,41.97,6218941,0.0
2018-03-20,41.87,42.13,41.47,41.67,5359638,0.0
2018-03-21,41.24,41.55,40.56,40.59,8117400,0.0
2018-03-22,40.57,40.94,39.7,39.71,7423513,0.0
2018-03-25,40.3,41.06,39.585,41.01,6756034,0.0
2018-03-26,41.15,41.17,39.98,40.23,9430005,0.0
2018-03-27,40.13,40.815,39.64,40.115,11732391,0.0
2018-03-28,40.44,40.83,39.99,40.24,10941981,0.0
2018-04-01,40.04,40.3393,38.9,39.37,6074189,0.0
2018-04-02,39.47,39.895,39.22,39.6,7793379,0.0
2018-04-03,39.1,39.91,39,39.8,8138775,0.0
2018-04-04,40.11,40.31,39.61,40.03,4263456,0.0
2018-04-05,39.66,39.935,39,39.08,4215790,0.0
2018-04-08,39.21,39.55,38.82,38.87,5026919,0.0
2018-04-09,39.3,39.82,39.14,39.59,5695622,0.0
2018-04-10,40.33,41.09,39.511,39.83,11444821,0.0
2018-04-11,40.27,40.89,39.9515,40.52,9836848,0.0
2018-04-12,41.06,41.09,39.8,39.89,5521421,0.0
2018-04-15,40.27,40.66,39.81,40.19,5751809,0.0
2018-04-16,40.39,40.8,40.13,40.61,5569849,0.0
2018-04-17,42.72,42.9,41.145,41.75,14840651,0.0
2018-04-18,41.53,42.245,41.51,42.12,7983678,0.0
2018-04-19,42.28,43,42.06,42.21,11415757,0.0
2018-04-22,42.35,42.5,41.49,41.6,5919680,0.0
2018-04-23,41.85,42.18,40.81,41.18,5944809,0.0
2018-04-24,41.11,41.28,40.245,40.95,9108464,0.0
2018-04-25,39.1,39.1,38.09,38.68,16698394,0.0
2018-04-26,38.68,38.8862,37.99,38.23,12048709,0.0
2018-04-29,38.29,38.6199,37.65,37.86,7275882,0.0
2018-04-30,37.75,37.92,37.42,37.82,6173326,0.0
2018-05-01,37.83,37.99,37.08,37.19,9427215,0.0
2018-05-02,37,37.755,36.81,37.645,7405980,0.0
2018-05-03,37.33,38.19,37.21,38,5179165,0.0
2018-05-06,38.08,38.25,37.61,37.8,5513666,0.0
2018-05-07,37.73,38.14,37.4825,38.1,6703317,0.0
2018-05-08,38.3,38.84,38.18,38.23,7653850,0.0
2018-05-09,38.39,38.56,38.09,38.5,5760757,0.0
2018-05-10,38.38,38.76,38.11,38.25,4438629,0.0
2018-05-13,38.19,38.67,38.145,38.39,3981608,0.0
2018-05-14,38.12,38.21,37.69,38.08,5301006,0.0
2018-05-15,38,38.57,37.95,38.35,7580564,0.0
2018-05-16,38.23,38.84,38.23,38.4,4333260,0.0
2018-05-17,38.31,38.575,38.1649,38.33,5722636,0.0
2018-05-20,38.49,38.815,38.189,38.28,5500530,0.0
2018-05-21,38.39,38.49,37.69,37.76,8061351,0.0
2018-05-22,37.49,38.055,37.47,38.03,4911114,0.0
2018-05-23,38.03,38.24,37.63,37.8,5041295,0.0
2018-05-24,37.71,38.29,37.71,37.93,6843731,0.0
2018-05-28,37.73,37.88,37.36,37.54,6721753,0.0
2018-05-29,37.73,38.12,37.53,37.85,6123074,0.0
2018-05-30,37.78,37.81,37.18,37.715,7764359,0.0
2018-05-31,38.06,38.855,37.91,38.34,6334434,0.0
2018-06-03,38.47,39.125,38.39,39.08,6626412,0.0
2018-06-04,39.23,40.47,39.22,40.0452,9682417,0.0
2018-06-05,40.07,40.11,39.3,39.96,5564881,0.0
2018-06-06,40.06,40.86,39.8352,40.45,8882659,0.0
2018-06-07,40.26,40.41,39.91,40.29,4530134,0.0
2018-06-10,40.27,40.76,40.08,40.49,4117116,0.0
2018-06-11,40.63,40.75,40.3,40.46,5936807,0.0
2018-06-12,40.25,40.27,38.865,39.32,11451442,0.0
2018-06-13,39.52,39.67,38.95,38.99,7738041,0.0
2018-06-14,38.92,39.01,38.43,38.89,7574565,0.0
2018-06-17,38.59,39.035,38.34,38.85,6380186,0.0
2018-06-18,38.36,39.3,38.28,39.19,5332926,0.0
2018-06-19,39.48,39.54,38.96,39.26,4496605,0.0
2018-06-20,39.22,39.59,37.86,38.01,8968700,0.0
2018-06-21,38.07,38.27,37.65,38.08,6687496,0.0
2018-06-24,37.72,37.75,36.78,37.11,10323687,0.0
2018-06-25,37.13,37.37,36.78,37.07,9211368,0.0
2018-06-26,37.02,37.3,36.29,36.29,8171661,0.0
2018-06-27,36.18,36.37,35.5601,36.14,9197000,0.0
2018-06-28,36.27,36.54,36.13,36.27,4417309,0.0
2018-07-01,35.91,36.68,35.67,36.66,4935039,0.0
2018-07-02,36.9,37.21,36.61,36.65,3009399,0.0
2018-07-04,36.8,37.1,36.5,37.03,3556842,0.0
2018-07-05,37.2,37.54,36.75,37.395,3188849,0.0
2018-07-08,37.54,37.93,37.45,37.91,3252387,0.0
2018-07-09,37.07,37.5,36.99,37.03,9443197,0.0
2018-07-10,36.93,37.43,36.78,36.98,6819121,0.0
2018-07-11,37.46,37.78,37.2,37.56,8340102,0.0
2018-07-12,37.55,37.67,37.125,37.62,6743742,0.0
2018-07-15,37.66,38.06,37.495,37.735,5438634,0.0
2018-07-16,37.43,38.145,37.32,37.82,8160710,0.0
2018-07-17,37.73,38.34,37.62,37.95,9680163,0.0
2018-07-18,35.16,35.65,33.93,34.105,44474439,0.0
2018-07-19,34.42,34.91,34.12,34.19,17468274,0.0
2018-07-22,34.06,34.15,33.49,33.8,13058851,0.0
2018-07-23,34.02,34.06,33.44,33.53,8810767,0.0
2018-07-24,33.45,34.04,33.39,33.89,10449702,0.0
2018-07-25,33.81,34.64,33.76,34.43,7836328,0.0
2018-07-26,34.63,34.84,33.76,33.81,8313966,0.0
2018-07-29,33.72,33.96,33.41,33.68,8873856,0.0
2018-07-30,33.77,33.96,33.33,33.46,6889139,0.0
2018-07-31,33.38,33.45,32.855,33.09,7088583,0.0
2018-08-01,33.03,33.4,32.86,33.22,5888841,0.0
2018-08-02,33.37,33.72,33.17,33.67,5904143,0.0
2018-08-05,33.67,34.19,33.57,33.99,6960252,0.0
2018-08-06,34.11,34.21,33.72,33.78,4826095,0.0
2018-08-07,33.78,33.95,33.63,33.84,4087514,0.0
2018-08-08,33.86,34.205,33.76,34.15,6972609,0.0
2018-08-09,33.55,34.46,33.43,34.09,11597421,0.0
2018-08-12,34.11,34.45,33.87,33.89,7162108,0.0
2018-08-13,33.91,34.73,33.85,34.4,8319188,0.0
2018-08-14,34.05,34.0999,33.6,33.85,6510720,0.0
2018-08-15,34.06,34.17,33.64,33.78,6856436,0.0
2018-08-16,33.82,34.26,33.68,34,5875844,0.0
2018-08-19,34.2,34.34,33.93,34.01,6548308,0.0
2018-08-20,34.06,34.87,34.03,34.53,7728895,0.0
2018-08-21,34.41,34.79,34.15,34.7,5653623,0.0
2018-08-22,34.78,34.89,34.24,34.4,6940740,0.0
2018-08-23,34.56,34.88,34.46,34.52,4249135,0.0
2018-08-26,34.62,34.79,34.52,34.58,5945834,0.0
2018-08-27,34.74,34.79,34.4601,34.75,4427551,0.0
2018-08-28,34.78,35.29,34.75,34.94,4767528,0.0
2018-08-29,34.84,34.995,34.62,34.8,4266408,0.0
2018-08-30,34.72,35.06,34.56,34.61,6122703,0.0
2018-09-03,34.53,34.91,34.36,34.8,5563023,0.0
2018-09-04,34.64,34.69,34,34.14,6356132,0.0
2018-09-05,34.08,34.32,33.28,33.65,7431539,0.0
2018-09-06,33.4,34.02,33.14,34,5307124,0.0
2018-09-09,34.14,34.2,33.585,33.72,6512997,0.0
2018-09-10,33.81,34.205,33.58,34.12,3825668,0.0
2018-09-11,33.98,34.425,33.75,34.27,4341176,0.0
2018-09-12,34.43,34.85,34.3,34.45,5295768,0.0
2018-09-13,34.5,34.55,33.955,34.09,4480778,0.0
2018-09-16,34.03,34.3925,34.02,34.2,5801872,0.0
2018-09-17,34.21,34.54,34.09,34.12,6719669,0.0
2018-09-18,34.01,34.37,34.01,34.21,12126738,0.0
2018-09-19,34.28,34.31,33.83,34.24,13360260,0.0
2018-09-20,34.32,34.46,33.95,34.03,8886271,0.0
2018-09-23,33.83,33.95,33.63,33.72,7326428,0.0
2018-09-24,33.57,33.75,32.6,32.76,16198892,0.0
2018-09-25,32.75,34.095,32.71,33.575,11691965,0.0
2018-09-26,33.57,33.745,33.15,33.34,5312109,0.0
2018-09-27,33.21,33.23,32.73,33.02,6591671,0.0
2018-09-30,33.1,33.15,32.46,32.53,8419105,0.0
2018-10-01,32.5,32.78,32.34,32.57,7413705,0.0
2018-10-02,32.77,33.13,32.705,32.76,8783195,0.0
2018-10-03,32.66,32.93,32.38,32.64,9503973,0.0
2018-10-04,32.7,32.73,32.1,32.24,7682845,0.0
2018-10-07,32.17,33.05,32.1,32.58,6318980,0.0
2018-10-08,32.56,34.595,32.29,33.28,24455530,0.0
2018-10-09,33.13,33.18,31.66,31.67,11535331,0.0
2018-10-10,31.78,31.8,30.755,31.39,12479664,0.0
2018-10-11,31.92,31.92,31.15,31.72,6605914,0.0
2018-10-14,31.54,32.145,31.41,31.86,3693545,0.0
2018-10-15,31.92,32.34,31.71,32.25,5317212,0.0
2018-10-16,32.23,32.39,31.5,32.02,9087326,0.0
2018-10-17,31.89,31.9875,31.3,31.56,6897711,0.0
2018-10-18,29.48,29.58,28.37,28.73,34841743,0.0
2018-10-21,28.47,28.91,28.09,28.49,14964127,0.0
2018-10-22,27.75,28.36,27.61,28.19,10427386,0.0
2018-10-23,28.11,28.38,27.24,27.29,10397145,0.0
2018-10-24,27.67,28.3,27.55,28.07,8908408,0.0
2018-10-25,27.24,27.92,26.955,27.33,13478373,0.0
2018-10-28,27.72,27.8,26.36,26.81,12139362,0.0
2018-10-29,26.9,27.67,26.78,27.49,15686641,0.0
2018-10-30,29.3,29.485,27.77,29.04,24315863,0.0
2018-10-31,29.08,30,29,29.52,16379275,0.0
2018-11-01,29.52,30.08,29.31,29.87,11273701,0.0
2018-11-04,29.91,30.06,29.33,29.63,7945882,0.0
2018-11-05,29.59,30.26,29.46,29.95,11913131,0.0
2018-11-06,30.09,30.18,29.59,29.85,17014253,0.0
2018-11-07,29.74,29.967,29.52,29.845,8355718,0.0
2018-11-08,29.62,29.95,29.58,29.63,7301539,0.0
2018-11-11,29.6,29.7,28.91,28.96,9156388,0.0
2018-11-12,28.8,28.8,27.79,28.1,15858791,0.0
2018-11-13,28.2,28.335,27.87,27.88,11223562,0.0
2018-11-14,27.8,28.47,27.55,28.19,11364915,0.0
2018-11-15,28,28.35,27.88,28.13,9883114,0.0
2018-11-18,28.02,28.3268,27.795,27.96,10581021,0.0
2018-11-19,27.7,28.63,27.6,28.15,14948695,0.0
2018-11-20,28.54,28.755,28.2527,28.34,11349051,0.0
2018-11-22,28.18,29.05,28.18,28.45,6510916,0.0
2018-11-25,28.8,29.02,28.53,28.8,9297653,0.0
2018-11-26,28.58,28.88,28.41,28.74,9113399,0.0
2018-11-27,28.8,29.84,28.71,29.765,15044604,0.0
2018-11-28,29.57,29.875,29.32,29.51,7533032,0.0
2018-11-29,29.47,29.88,29.26,29.85,14224390,0.0
2018-12-02,30.17,30.3573,29.815,30.2,13931353,0.0
2018-12-03,30.06,30.33,29.135,29.27,13614884,0.0
2018-12-05,28.88,29.54,28.77,29.49,11085074,0.0
2018-12-06,29.43,29.905,28.91,29.07,11010505,0.0
2018-12-09,29.16,29.29,28.72,28.97,9822879,0.0
2018-12-10,29.4,29.55,28.94,29.05,10569138,0.0
2018-12-11,28.5,29.4888,28.2545,29.04,12100631,0.0
2018-12-12,29.2,29.31,28.77,29,9712138,0.0
2018-12-13,28.79,29.14,28.75,28.91,9852039,0.0
2018-12-16,28.78,29,28.36,28.48,13586234,0.0
2018-12-17,28.56,28.78,28.42,28.48,10839489,0.0
2018-12-18,28.49,29.2332,28.08,28.29,16960576,0.0
2018-12-19,28.2,28.52,27.58,27.99,16858169,0.0
2018-12-20,28.02,28.34,26.3,26.55,24274780,0.0
2018-12-23,26.55,26.92,26.14,26.16,5763447,0.0
2018-12-25,26.35,27.88,26.01,27.84,10374692,0.0
2018-12-26,27.48,28.04,27.02,28.04,8450867,0.0
2018-12-27,28.11,28.64,28.015,28.23,6607374,0.0
2018-12-30,28.38,28.5,27.89,27.955,6112923,0.0
2019-01-01,27.65,28.955,27.56,28.8211,8051949,0.0
2019-01-02,28.63,28.82,28.275,28.33,8505752,0.0
2019-01-03,28.6,29.08,28.33,28.97,11839402,0.0
2019-01-06,28.96,29.65,28.93,29.49,11468855,0.0
2019-01-07,29.74,30.08,29.395,30,6832841,0.0
2019-01-08,29.99,30.395,29.74,30.29,8895631,0.0
2019-01-09,30.13,30.64,30.01,30.57,5490903,0.0
2019-01-10,30.15,30.535,29.42,30.4,11668051,0.0
2019-01-13,30.18,30.28,29.99,30.23,6401659,0.0
2019-01-14,30.3,30.75,30.27,30.6599,6181451,0.0
2019-01-15,30.66,30.7,30.27,30.29,11290133,0.0
2019-01-16,30.15,30.55,30.06,30.38,11515998,0.0
2019-01-17,30.61,31.0199,30.44,31.0099,12489149,0.0
2019-01-21,34.34,34.75,32.73,32.83,45658187,0.0
2019-01-22,33.4,33.53,32.46,32.605,16467707,0.0
2019-01-23,32.7,32.86,32.33,32.645,10657746,0.0
2019-01-24,32.89,33.76,32.8,33.72,12950200,0.0
2019-01-27,33.49,34.23,33.4,34.03,18930729,0.0
2019-01-28,34.37,34.43,33.54,33.71,15231292,0.0
2019-01-29,33.97,34.32,32.88,33.955,24495048,0.0
2019-01-30,33.76,33.99,32.77,33.685,21124239,0.0
2019-01-31,33.75,34.48,33.63,34.3,16752537,0.0
2019-02-03,34.55,35.195,34.2,35.04,18152027,0.0
2019-02-04,35.27,35.53,35.065,35.34,11589227,0.0
2019-02-05,35.12,35.71,35,35.51,9067045,0.0
2019-02-06,35.22,35.39,34.82,35.235,8050744,0.0
2019-02-07,35,35.32,34.9078,35.22,7545518,0.0
2019-02-10,35.48,35.9,35.32,35.55,6807761,0.0
2019-02-11,35.59,36.265,35.21,36.185,10574680,0.0
2019-02-12,36.21,36.54,36.16,36.2768,6343674,0.0
2019-02-13,36.04,36.56,35.98,36.345,6238550,0.0
2019-02-14,36.61,36.83,36.42,36.575,8826538,0.0
2019-02-18,36.55,37.13,36.46,37.05,9525288,0.0
2019-02-19,37.02,37.25,36.94,37.19,1014605,0.0
2019-02-20,36.63,37.125,36.5,37,6209598,0.0
2019-02-21,36.99,37.5,36.97,37.49,6194106,0.0
2019-02-24,37.75,37.89,37.31,37.34,6562885,0.0
2019-02-25,37.34,37.55,37.06,37.38,11633128,0.0
2019-02-26,37.45,38.02,37.28,37.58,9574527,0.0
2019-02-27,37.5,37.5,37.1,37.17,5443538,0.0
2019-02-28,38.36,39.14,37.18,37.34,15486329,0.0
2019-03-03,37.48,37.58,36.7,37.25,8925536,0.0
2019-03-04,37.2,37.49,37.11,37.11,9860168,0.0
2019-03-05,37.14,37.54,36.8,36.81,9191462,0.0
2019-03-06,36.73,36.775,36.08,36.2,11384388,0.0
2019-03-07,36.02,36.02,35.51,35.89,13268373,0.0
2019-03-10,35.93,36.34,35.82,36.26,11404487,0.0
2019-03-11,36.44,36.495,36.11,36.28,8138810,0.0
2019-03-12,36.3,36.74,36.16,36.45,9026328,0.0
2019-03-13,36.38,36.62,36.17,36.35,7097285,0.0
2019-03-14,36.25,36.43,36.02,36.29,9028209,0.0
2019-03-17,36.31,36.58,36.18,36.28,6766393,0.0
2019-03-18,36.46,37.2,36.4,36.89,11519321,0.0
2019-03-19,36.76,36.91,36.57,36.69,9217558,0.0
2019-03-20,36.74,37.39,36.575,37.2,7907741,0.0
2019-03-21,37.06,37.44,36.49,36.66,7550165,0.0
2019-03-24,36.59,36.805,36.28,36.73,4796938,0.0
2019-03-25,36.92,37.09,36.64,36.91,5952301,0.0
2019-03-26,36.95,37.0932,36.58,36.84,5841766,0.0
2019-03-27,36.92,37.43,36.62,36.77,8997440,0.0
2019-03-28,36.95,37.17,36.87,37.13,7286820,0.0
2019-03-31,37.41,37.73,37.36,37.67,2448345,0.0
2019-04-01,37.8,38.18,37.62,37.91,6039428,0.0
2019-04-02,38.18,38.24,37.86,37.99,5800238,0.0
2019-04-03,37.88,38.18,37.825,38.05,4376246,0.0
2019-04-04,38.11,38.33,37.74,37.83,5785144,0.0
2019-04-07,37.79,37.99,37.695,37.8,4605086,0.0
2019-04-08,37.64,37.86,37.473,37.76,4712886,0.0
2019-04-09,37.86,37.86,37.46,37.72,6437222,0.0
2019-04-10,37.63,37.63,35.89,36.3,15816905,0.0
2019-04-11,36.59,36.72,35.99,36.17,9898136,0.0
2019-04-14,36.25,36.47,36.02,36.23,6717845,0.0
2019-04-15,36.34,36.57,36.28,36.39,6479177,0.0
2019-04-16,36.46,36.75,35.72,35.96,9670761,0.0
2019-04-17,36.09,36.175,35.44,35.98,10099873,0.0
2019-04-21,35.92,36.23,35.61,36.15,5476917,0.0
2019-04-22,36.07,36.79,36.04,36.66,10516589,0.0
2019-04-23,38,38.745,37.56,38.51,18972369,0.0
2019-04-24,38.36,38.51,37.74,38.1,6944849,0.0
2019-04-25,38.25,38.49,38.02,38.35,6663007,0.0
2019-04-28,38.35,38.38,37.88,38.25,7278925,0.0
2019-04-29,38.27,38.8,37.96,38.76,6715997,0.0
2019-04-30,38.78,38.94,37.77,37.8,8659164,0.0
2019-05-01,37.79,38.18,37.53,37.58,7411369,0.0
2019-05-02,37.95,38.3,37.86,38.28,6804861,0.0
2019-05-05,37.64,38.06,37.59,37.88,5443125,0.0
2019-05-06,37.61,37.85,37.364,37.67,6281354,0.0
2019-05-07,37.68,37.74,37.29,37.55,4637505,0.0
2019-05-08,37.25,37.85,36.96,37.62,5605573,0.0
2019-05-09,37.48,37.58,36.71,37.38,8269638,0.0
2019-05-12,36.55,36.74,35.73,35.87,10998397,0.0
2019-05-13,35.95,37.255,35.87,36.79,7521400,0.0
2019-05-14,36.63,37.18,36.52,37.03,6638465,0.0
2019-05-15,37.14,37.64,37.04,37.28,7180012,0.0
2019-05-16,36.89,37.27,36.6,36.9,7574312,0.0
2019-05-19,36.5,36.95,36.41,36.56,5143236,0.0
2019-05-20,36.71,36.87,36.44,36.59,5346371,0.0
2019-05-21,36.47,36.59,36.125,36.32,5961409,0.0
2019-05-22,36.06,36.29,35.59,35.95,6196934,0.0
2019-05-23,36.14,36.38,35.8144,36.12,4190489,0.0
2019-05-27,36.23,36.68,36.14,36.21,4683567,0.0
2019-05-28,35.96,36.23,35.785,36.1,5741082,0.0
2019-05-29,36.09,36.7,35.975,36.38,6008258,0.0
2019-05-30,36.03,36.14,35.74,35.93,5605565,0.0
2019-06-02,35.85,36.085,35.45,35.61,6308340,0.0
2019-06-03,35.87,36.81,35.85,36.55,9087390,0.0
2019-06-04,36.86,36.8652,36.04,36.56,6943962,0.0
2019-06-05,36.55,36.82,36.445,36.82,4605913,0.0
2019-06-06,36.93,38,36.91,37.52,7185888,0.0
2019-06-09,37.66,38.395,37.55,38.12,6637384,0.0
2019-06-10,38.41,38.59,37.85,38.23,6165312,0.0
2019-06-11,38.1,39.055,38.03,39.03,7414019,0.0
2019-06-12,39.12,39.44,38.925,39.02,15737479,0.0
2019-06-13,39.14,39.32,38.87,38.9,11596438,0.0
2019-06-16,38.94,39.32,38.72,39.01,10053804,0.0
2019-06-17,39.4,39.93,39.235,39.68,7603181,0.0
2019-06-18,39.78,40.22,39.6,40.13,5515842,0.0
2019-06-19,40.54,40.55,39.875,39.9,9242401,0.0
2019-06-20,39.92,40.21,39.63,40.05,9945191,0.0
2019-06-23,40.02,40.18,39.64,39.7,5697239,0.0
2019-06-24,39.78,39.78,38.915,39.03,6798449,0.0
2019-06-25,39.13,39.37,39.05,39.2,3873423,0.0
2019-06-26,39.35,39.58,39.26,39.29,3748728,0.0
2019-06-27,39.42,39.56,39.11,39.5,4372504,0.0
2019-06-30,39.97,39.99,39.58,39.9,4250605,0.0
2019-07-01,39.91,40.19,39.71,40.07,3916083,0.0
2019-07-02,40.13,40.23,39.85,39.9,2814199,0.0
2019-07-04,39.76,40,39.455,39.81,3325246,0.0
2019-07-07,39.71,39.8,39.4,39.55,4118815,0.0
2019-07-08,39.58,39.98,39.515,39.945,3715264,0.0
2019-07-09,40.19,40.38,39.66,40.01,4410001,0.0
2019-07-10,39.86,39.94,39.28,39.6,4556061,0.0
2019-07-11,39.7,40.1,39.6,40.05,4525151,0.0
2019-07-14,40.09,40.32,39.74,40.26,5047103,0.0
2019-07-15,40.11,40.17,39.63,39.92,7075205,0.0
2019-07-16,39.99,41.11,38.93,39.02,12991734,0.0
2019-07-17,41.105,42,39.02,39.78,24386147,0.0
2019-07-18,39.85,40.33,39.47,40.21,10124741,0.0
2019-07-21,40.26,41.065,40.18,40.66,5989273,0.0
2019-07-22,40.88,41.16,40.6801,41.03,5585838,0.0
2019-07-23,40.87,41.18,40.785,41.03,3913471,0.0
2019-07-24,41.04,41.15,40.7365,40.82,3902478,0.0
2019-07-25,40.93,41.385,40.82,41.225,4888393,0.0
2019-07-28,41.28,41.65,41.12,41.58,6033170,0.0
2019-07-29,41.3,41.5,41.07,41.38,5018122,0.0
2019-07-30,41.38,41.54,40.63,41.195,7778442,0.0
2019-07-31,41.36,41.99,40.78,41.1,10004518,0.0
2019-08-01,40.9,40.96,40.255,40.6,5006815,0.0
2019-08-04,40,40.16,38.54,38.81,6216977,0.0
2019-08-05,39.21,39.73,38.875,39.69,7109573,0.0
2019-08-06,39.22,39.81,38.85,39.71,4550844,0.0
2019-08-07,40,41.26,39.96,41.26,5695339,0.0
2019-08-08,40.825,41,40.19,40.32,4481919,0.0
2019-08-11,39.97,40.05,39.42,39.73,3336470,0.0
2019-08-12,39.91,41.025,39.83,40.99,5013710,0.0
2019-08-13,40.09,40.375,39.55,39.65,6484725,0.0
2019-08-14,39.9,39.96,39.045,39.44,6265065,0.0
2019-08-15,39.81,40.07,39.63,40.02,3592679,0.0
2019-08-18,40.56,40.79,40.32,40.4,4271911,0.0
2019-08-19,40.24,40.35,39.98,40.02,4124770,0.0
2019-08-20,40.47,40.53,40.23,40.37,3781517,0.0
2019-08-21,40.56,40.57,39.8,39.99,3399920,0.0
2019-08-22,39.78,39.79,38.55,38.72,6156651,0.0
2019-08-25,39.14,39.42,38.9,39.42,4217401,0.0
2019-08-26,39.51,39.755,38.71,39.005,6215112,0.0
2019-08-27,38.87,40.26,38.78,40.08,9997691,0.0
2019-08-28,40.51,40.81,40.28,40.53,6618975,0.0
2019-08-29,40.73,40.74,40.18,40.27,2906023,0.0
2019-09-02,40.05,40.38,39.605,39.74,4376509,0.0
2019-09-03,39.67,39.875,39.025,39.63,5301648,0.0
2019-09-04,40.02,40.86,39.94,40.81,5930299,0.0
2019-09-05,40.94,41.08,40.34,40.36,3899514,0.0
2019-09-08,40.53,41.41,40.4,41.4,6265559,0.0
2019-09-09,41.05,41.19,40.03,40.27,5435678,0.0
2019-09-10,40.18,40.26,39.675,39.9,4558675,0.0
2019-09-11,40.16,40.54,39.95,40.29,4258080,0.0
2019-09-12,40.41,40.8,40.21,40.37,3480897,0.0
2019-09-15,39.75,40.39,39.67,40.29,3959824,0.0
2019-09-16,40.18,40.66,39.8345,40.52,4128410,0.0
2019-09-17,40.53,40.62,39.78,40.34,3466528,0.0
2019-09-18,40.4,40.8,40.345,40.4,3129902,0.0
2019-09-19,40.55,40.87,40.14,40.34,5811072,0.0
2019-09-22,40.37,40.48,40.02,40.26,2948800,0.0
2019-09-23,40.38,40.675,39.46,39.55,5308476,0.0
2019-09-24,38.92,39.5,38.35,39.25,10952402,0.0
2019-09-25,39.09,39.48,38.855,38.93,5989797,0.0
2019-09-26,38.71,38.89,38.1,38.35,7062233,0.0
2019-09-29,38.57,39.05,38.41,38.98,4635985,0.0
2019-09-30,38.99,39.47,38.51,38.52,4689947,0.0
2019-10-01,38.35,38.57,37.99,38.175,5156378,0.0
2019-10-02,38.05,38.05,37.45,37.95,5800287,0.0
2019-10-03,38.09,38.38,37.96,38.3,6082010,0.0
2019-10-06,38.04,38.1899,37.77,37.79,7611043,0.0
2019-10-07,37.47,37.725,37.23,37.32,12346639,0.0
2019-10-08,37.62,38,37.52,37.84,6990625,0.0
2019-10-09,37.77,38.26,37.76,37.95,7641272,0.0
2019-10-10,38.43,38.99,38.43,38.55,8048700,0.0
2019-10-13,38.55,38.63,38.34,38.36,6975884,0.0
2019-10-14,38.37,39.04,38.35,38.875,8207959,0.0
2019-10-15,38.64,39.19,38.59,38.91,7310272,0.0
2019-10-16,39.16,39.38,39,39.11,6242565,0.0
2019-10-17,39.21,39.35,38.74,38.82,10448172,0.0
2019-10-20,39.107,39.295,39,39.26,3554067,0.0
2019-10-21,39.23,39.36,38.88,38.94,4339782,0.0
2019-10-22,38.93,39.33,38.36,39.22,5952245,0.0
2019-10-23,35.77,36.65,35.21,35.615,17948152,0.0
2019-10-24,35.55,36,35.4001,35.84,12508561,0.0
2019-10-27,35.82,36.25,35.82,35.96,6686310,0.0
2019-10-28,35.9,36.265,35.72,36.12,7482817,0.0
2019-10-29,36.15,36.19,35.69,35.86,4842990,0.0
2019-10-30,35.69,35.86,35.13,35.26,5639017,0.0
2019-10-31,35.5,35.59,35.09,35.24,7387215,0.0
2019-11-03,35.25,35.5151,35.21,35.42,6092585,0.0
2019-11-04,35.5,35.755,35.31,35.47,5716371,0.0
2019-11-05,35.63,35.67,35.27,35.51,7848618,0.0
2019-11-06,35.51,35.62,34.775,34.9,9592866,0.0
2019-11-07,34.74,35.26,34.68,35.13,6725521,0.0
2019-11-10,35.02,35.305,34.93,35.235,3735222,0.0
2019-11-11,35.29,35.3689,34.97,35.07,5385271,0.0
2019-11-12,34.85,34.93,34.541,34.65,5082335,0.0
2019-11-13,34.56,35.095,34.52,34.95,5150114,0.0
2019-11-14,35.38,35.575,35.185,35.27,5544213,0.0
2019-11-17,35.14,35.4,35,35.09,5534638,0.0
2019-11-18,35.22,35.41,34.98,35.06,4383362,0.0
2019-11-19,35.02,35.25,34.74,34.95,5610102,0.0
2019-11-20,34.92,35.15,34.85,34.93,4718314,0.0
2019-11-21,34.96,35.23,34.77,35.12,5384356,0.0
2019-11-24,36.49,36.53,35.34,35.86,12041139,0.0
2019-11-25,35.675,35.9,35.42,35.74,6026768,0.0
2019-11-26,35.8,36.02,35.69,35.85,4191969,0.0
2019-11-28,35.69,35.855,35.455,35.52,2507103,0.0
2019-12-01,35.45,35.62,34.81,34.9,6903259,0.0
2019-12-02,34.6,34.9099,34.4602,34.76,5413728,0.0
2019-12-03,34.81,35.235,34.81,34.99,5131451,0.0
2019-12-04,34.94,35.09,34.77,34.79,4232713,0.0
2019-12-05,35.13,35.22,34.83,34.87,5308123,0.0
2019-12-08,34.85,34.92,34.56,34.57,5698375,0.0
2019-12-09,34.67,35,34.66,34.72,4323373,0.0
2019-12-10,34.7,34.99,34.68,34.91,4625434,0.0
2019-12-11,34.86,35.46,34.86,35.29,4779997,0.0
2019-12-12,35.36,35.77,35.255,35.49,5714817,0.0
2019-12-15,35.57,35.765,35.39,35.4,4908465,0.0
2019-12-16,35.44,35.95,35.27,35.9,9931639,0.0
2019-12-17,35.84,35.92,35.33,35.61,7403175,0.0
2019-12-18,35.52,36.12,35.52,36.04,5794196,0.0
2019-12-19,36.02,36.34,35.92,36.19,8453587,0.0
2019-12-22,36.22,36.4876,36.17,36.21,4589416,0.0
2019-12-23,36.21,36.285,36.095,36.21,1997613,0.0
2019-12-25,36.35,36.52,36.185,36.25,3686953,0.0
2019-12-26,36.39,36.404,35.995,36.07,5785925,0.0
2019-12-29,36.17,36.21,35.705,35.8,6061822,0.0
2019-12-30,35.81,36.12,35.54,36.11,6339730,0.0
2020-01-01,36.41,36.5,36.14,36.29,4158917,0.0
2020-01-02,35.92,36.1,35.78,35.96,3250797,0.0
2020-01-05,35.78,35.82,35.46,35.78,4233608,0.0
2020-01-06,35.73,35.73,35.35,35.63,5064322,0.0
2020-01-07,35.71,36.08,35.57,35.59,5032263,0.0
2020-01-08,35.14,35.45,34.97,35.18,9675784,0.0
2020-01-09,35.21,35.23,34.79,34.9,4709432,0.0
2020-01-12,34.85,34.89,34.56,34.72,7189369,0.0
2020-01-13,34.67,35.37,34.51,35.36,6180242,0.0
2020-01-14,35.43,35.72,35.045,35.33,10257174,0.0
2020-01-15,35.39,35.995,35.27,35.92,6193755,0.0
2020-01-16,35.32,35.9,35.28,35.82,8088691,0.0
2020-01-20,35.6,35.86,35.47,35.73,10135554,0.0
2020-01-21,35.81,36.07,35.625,35.9,11791536,0.0
2020-01-22,35.82,35.98,35.545,35.62,11300802,0.0
2020-01-23,35.79,35.79,35.1,35.37,14790094,0.0
2020-01-26,34.79,35.74,34.75,35.48,8738897,0.0
2020-01-27,35.61,36.45,35.485,36.21,12567469,0.0
2020-01-28,35.055,35.53,34.345,34.59,19487253,0.0
2020-01-29,34.36,35.14,34.25,35.06,11599150,0.0
2020-01-30,34.86,35.03,33.53,33.55,14413463,0.0
2020-02-02,33.75,34.53,33.71,34.39,12412970,0.0
2020-02-03,35.1,39.25,34.33,37.39,40389228,0.0
2020-02-04,36.86,37.45,36.6102,37.12,22325805,0.0
2020-02-05,37.73,39.04,37.53,37.995,19296237,0.0
2020-02-06,35.83,36.87,35.8,36.19,16624351,0.0
2020-02-09,36.18,36.23,35.49,36.02,9380778,0.0
2020-02-10,36.2,36.675,36.06,36.44,6879431,0.0
2020-02-11,36.65,37.5,36.61,37.15,8445051,0.0
2020-02-12,37.05,37.27,36.7,37.185,5597077,0.0
2020-02-13,37.57,38.225,37.31,38.16,9836935,0.0
2020-02-17,38.28,38.63,37.76,37.87,10020018,0.0
2020-02-18,38.03,38.05,37.52,37.52,5894578,0.0
2020-02-19,37.34,37.87,37.215,37.68,7249256,0.0
2020-02-20,37.34,38.94,37.15,38.201,13963944,0.0
2020-02-23,37.63,37.87,36.97,37.27,12556133,0.0
2020-02-24,37.31,37.625,36.39,36.46,10863461,0.0
2020-02-25,36.81,37.18,36.4202,36.71,8951720,0.0
2020-02-26,36.15,36.45,35.01,35.02,14681109,0.0
2020-02-27,34.09,34.77,33.71,34.765,13842593,0.0
2020-03-01,34.62,35.965,34.275,35.95,11612454,0.0
2020-03-02,35.73,37.42,35.66,36.73,17415183,0.0
2020-03-03,37.32,38.54,37.14,38.5,12216745,0.0
2020-03-04,37.48,38.215,37.07,37.22,15858487,0.0
2020-03-05,35.71,36.79,35.585,36.39,11092604,0.0
2020-03-08,34.06,36.13,33.84,35.48,13800638,0.0
2020-03-09,36.49,36.61,35,36.03,28862124,0.0
2020-03-10,35.15,35.74,34.36,34.85,23989178,0.0
2020-03-11,32.74,35.04,32.5146,33.03,15775388,0.0
2020-03-12,34.55,34.81,32.99,33.99,18977321,0.0
2020-03-15,30.88,33.35,30.58,32.24,28425274,0.0
2020-03-16,32.76,33.94,32.32,33.27,12646428,0.0
2020-03-17,31.62,32.855,30.2,31.39,16333891,0.0
2020-03-18,31.47,31.49,29.445,29.59,33260406,0.0
2020-03-19,29.5,30.2,27.205,27.56,23582241,0.0
2020-03-22,27.25,27.64,26.02,26.36,16514455,0.0
2020-03-23,27.37,27.875,26.24,27.66,18032717,0.0
2020-03-24,27.66,29.48,27.12,28.36,31586020,0.0
2020-03-25,28.48,30.27,28.48,30.15,12334692,0.0
2020-03-26,29.53,30.87,29.38,30.18,23000976,0.0
2020-03-29,30.62,31.53,30.02,31.15,11513515,0.0
2020-03-30,31.03,31.18,29.94,30.05,25231818,0.0
2020-03-31,29.34,29.75,28.475,28.78,11875815,0.0
2020-04-01,28.32,29.41,28.3,29.19,17731972,0.0
2020-04-02,29.15,29.67,28.8,29.4,12130486,0.0
2020-04-05,30.67,31.32,30.28,31.17,12018987,0.0
2020-04-06,32.08,32.22,31.555,31.61,9059173,0.0
2020-04-07,31.85,33.08,31.8,33,21737536,0.0
2020-04-08,33.4,34.1,33.37,33.8,10462467,0.0
2020-04-12,34.42,35.08,33.955,34.76,11258546,0.0
2020-04-13,35.45,35.98,35.27,35.74,21072628,0.0
2020-04-14,35.31,36.41,35.075,36.19,28609105,0.0
2020-04-15,36.53,37.37,36.29,37.22,27459833,0.0
2020-04-16,37.45,37.64,36.99,37.46,34448342,0.0
2020-04-19,37.47,38.315,37.28,37.64,28602837,0.0
2020-04-20,37.51,38.23,37.305,37.62,33637984,0.0
2020-04-21,38.15,38.48,37.92,38.2999,15311205,0.0
2020-04-22,38.46,38.84,37.66,37.93,36049598,0.0
2020-04-23,38.85,39.53,38.27,39.34,45928163,0.0
2020-04-26,40.0353,40.36,39.56,39.63,40099844,0.0
2020-04-27,39.59,39.9,38.91,39.06,29014597,0.0
2020-04-28,39.45,39.75,38.84,39,31972997,0.0
2020-04-29,37.63,39.96,37.55,39.83,32282942,0.0
2020-04-30,38.78,39.465,38.34,39.28,11944660,0.0
2020-05-03,39.28,39.87,39.06,39.83,8107206,0.0
2020-05-04,39.92,40.76,39.765,40.32,23030360,0.0
2020-05-05,40.64,41.09,40.19,40.95,10427295,0.0
2020-05-06,41.2685,41.609,41.06,41.38,18230816,0.0
2020-05-07,41.7,42.44,41.7,42.15,16150758,0.0
2020-05-10,41.88,42.43,41.595,42.13,18571106,0.0
2020-05-11,42.24,42.86,41.85,42.01,15011406,0.0
2020-05-12,41.78,42.38,41.05,41.58,8205940,0.0
2020-05-13,41.31,42.09,40.81,42.04,9142101,0.0
2020-05-14,41.46,42.47,41.38,42.1,16057370,0.0
2020-05-17,42.6,42.9,42.33,42.48,15262290,0.0
2020-05-18,42.46,43.18,42.39,42.41,7782754,0.0
2020-05-19,43,43.335,42.44,42.71,8226688,0.0
2020-05-20,42.75,42.93,42.24,42.45,14326482,0.0
2020-05-21,42.25,43.495,42.21,43.45,18553524,0.0
2020-05-25,43.99,44.28,43.31,43.36,8326056,0.0
2020-05-26,43.3,44.175,42.855,44.15,14955606,0.0
2020-05-27,44.14,44.98,44.01,44.24,11703370,0.0
2020-05-28,44.3,45.65,43.88,45.47,12429725,0.0
2020-05-31,45.4,45.97,45.01,45.22,16266696,0.0
2020-06-01,45.24,46.225,45.14,45.99,15907738,0.0
2020-06-02,46.35,46.716,46.08,46.44,13267940,0.0
2020-06-03,51.34,51.88,48.8,49.4,28509418,0.0
2020-06-04,49.235,49.7,48.24,48.835,15184353,0.0
2020-06-07,48.3,49.05,47.835,48.71,21650768,0.0
2020-06-08,48.87,49.995,48.57,49.79,17283466,0.0
2020-06-09,50.25,50.34,49.07,49.26,8431066,0.0
2020-06-10,49.43,49.815,47.685,47.94,18424930,0.0
2020-06-11,48.39,48.83,47.75,47.75,2226926,0.0
2020-06-14,46.94,48.12,46.64,47.9,22107398,0.0
2020-06-15,48.49,48.7297,47.54,48.17,17079519,0.0
2020-06-16,48.26,49.1,48.21,48.43,16168221,0.0
2020-06-17,48.55,49.09,48.18,48.45,17966441,0.0
2020-06-18,48.73,48.95,47.42,48.27,15359087,0.0
2020-06-21,48.34,49.32,48.01,49.17,7265292,0.0
2020-06-22,49.59,50.32,49.1,49.8,10554542,0.0
2020-06-23,49.8046,50.45,48.6489,48.78,8467398,0.0
2020-06-24,48.72,49.54,48.41,49.41,7988063,0.0
2020-06-25,50.89,51.28,50.075,50.89,12092339,0.0
2020-06-28,51.07,51.34,50.12,51.3,8189404,0.0
2020-06-29,51.42,52.745,51.32,52.45,9193796,0.0
2020-06-30,52.71,53.43,51.32,52.97,11726803,0.0
2020-07-01,53.59,54.88,53.55,54.36,7785181,0.0
