Date,Open,High,Low,Close,Volume,OpenInterest
2016-07-13,36.54,36.67,36.27,36.37,4198303,0.0
2016-07-14,36.47,36.6,36.315,36.48,2536146,0.0
2016-07-17,36.49,36.85,36.38,36.66,3649572,0.0
2016-07-18,36.56,36.65,36.4,36.59,2071081,0.0
2016-07-19,36.55,36.6,36.24,36.25,2398891,0.0
2016-07-20,36.3,36.51,36.25,36.455,4500122,0.0
2016-07-21,36.6,37.46,36.59,37.41,4630728,0.0
2016-07-24,37.33,37.5,37.18,37.5,3657492,0.0
2016-07-25,37.5,37.55,37,37.1,2411096,0.0
2016-07-26,36.86,37.02,36.27,36.61,2971211,0.0
2016-07-27,36.56,36.935,36.43,36.87,2676735,0.0
2016-07-28,36.82,37.4,36.7,37.26,3358655,0.0
2016-07-31,37.2,37.7,37.08,37.46,5159774,0.0
2016-08-01,37.24,37.3,36.72,36.79,4696080,0.0
2016-08-02,36.82,36.92,36.43,36.56,3604872,0.0
2016-08-03,36.56,36.81,36.25,36.33,3557580,0.0
2016-08-04,36.3,36.4,36.03,36.12,3506061,0.0
2016-08-07,36.28,36.32,35.98,36.09,4024922,0.0
2016-08-08,36.41,36.48,35.83,35.85,3933438,0.0
2016-08-09,35.99,36.1002,35.13,35.5,7063707,0.0
2016-08-10,35.21,35.42,34.6,34.8,8735285,0.0
2016-08-11,35.1,35.47,34.92,34.93,6426452,0.0
2016-08-14,34.9,35.08,34.62,34.64,3535981,0.0
2016-08-15,34.49,34.6,34.22,34.22,4714213,0.0
2016-08-16,34.19,34.66,33.78,34.57,5550217,0.0
2016-08-17,34.46,34.81,34.33,34.7108,4516238,0.0
2016-08-18,34.63,34.65,34.14,34.38,3824527,0.0
2016-08-21,34.49,34.54,34.26,34.43,1880189,0.0
2016-08-22,34.54,34.84,34.54,34.59,3101051,0.0
2016-08-23,34.52,34.79,34.45,34.73,3034202,0.0
2016-08-24,34.72,34.73,34.46,34.52,1998196,0.0
2016-08-25,34.56,34.84,33.88,33.91,3097602,0.0
2016-08-28,34.05,34.2,33.88,34.06,2936443,0.0
2016-08-29,33.98,34.1,33.69,33.8,2681290,0.0
2016-08-30,33.79,34.02,33.61,34,2596425,0.0
2016-08-31,33.91,34.02,33.74,33.81,4189482,0.0
2016-09-01,33.78,34.21,33.72,34.07,2619657,0.0
2016-09-05,34.22,34.45,34.22,34.44,2844843,0.0
2016-09-06,34.41,34.66,34.295,34.56,2376526,0.0
2016-09-07,34.49,34.99,34.4584,34.83,2760082,0.0
2016-09-08,34.52,34.55,33.39,33.42,4271465,0.0
2016-09-11,33.35,33.77,33.31,33.62,5563599,0.0
2016-09-12,33.49,33.63,32.86,33.05,5200484,0.0
2016-09-13,33.13,33.455,32.9,33.11,4414884,0.0
2016-09-14,33.04,33.735,33.02,33.64,4323459,0.0
2016-09-15,33.6,33.96,33.37,33.83,5121170,0.0
2016-09-18,33.88,34.21,33.88,34.15,2150386,0.0
2016-09-19,34.25,34.42,33.84,33.9,5035368,0.0
2016-09-20,34.06,34.86,34.01,34.84,3970750,0.0
2016-09-21,34.97,35.27,34.84,35.21,3847373,0.0
2016-09-22,35.17,35.22,34.77,34.82,3278339,0.0
2016-09-25,34.78,34.96,34.61,34.839,2782875,0.0
2016-09-26,34.83,34.97,34.12,34.17,3922240,0.0
2016-09-27,34.24,34.33,33.67,34,3812772,0.0
2016-09-28,33.92,33.92,33.1922,33.3,4663405,0.0
2016-09-29,33.49,33.65,33.01,33.28,3721995,0.0
2016-10-02,33.25,33.25,32.57,32.76,4172665,0.0
2016-10-03,32.7,32.71,31.68,31.87,4836375,0.0
2016-10-04,31.93,32.34,31.75,32.13,6285234,0.0
2016-10-05,32.02,32.21,31.77,32.06,3363898,0.0
2016-10-06,32.33,32.6295,32.17,32.19,3868983,0.0
2016-10-09,32.39,32.58,32.205,32.49,2152197,0.0
2016-10-10,32.42,32.55,32.1,32.16,3692783,0.0
2016-10-11,32.21,32.55,32.14,32.52,3762104,0.0
2016-10-12,32.47,33.25,32.43,32.85,5150055,0.0
2016-10-13,32.83,33.19,32.68,32.69,3664828,0.0
2016-10-16,32.8,33.01,32.7,32.74,2608689,0.0
2016-10-17,33.05,33.27,32.55,33.09,3275169,0.0
2016-10-18,33.01,33.1,32.74,32.89,3100860,0.0
2016-10-19,32.94,33.02,32.655,32.84,2996939,0.0
2016-10-20,32.64,32.85,32.391,32.495,2798588,0.0
2016-10-23,32.62,32.75,32.295,32.64,3075011,0.0
2016-10-24,32.5,32.98,32.44,32.91,3911720,0.0
2016-10-25,33,33.485,32.67,33.26,5141310,0.0
2016-10-26,33.38,33.55,32.75,33.28,4044570,0.0
2016-10-27,33.29,33.45,33.01,33.25,3797316,0.0
2016-10-30,33.34,34.13,33.34,34.07,5768553,0.0
2016-10-31,34.02,34.06,33.11,33.25,4460020,0.0
2016-11-01,33.16,33.19,32.41,32.7,4194086,0.0
2016-11-02,32.67,32.975,32.51,32.79,2739968,0.0
2016-11-03,32.89,33.14,32.66,32.7,2559696,0.0
2016-11-06,32.98,33.43,32.77,33.41,3398698,0.0
2016-11-07,33.29,33.82,32.39,33.66,3519525,0.0
2016-11-08,32.96,32.96,32.01,32.06,8039217,0.0
2016-11-09,31.65,31.66,29.9599,30.18,14878599,0.0
2016-11-10,30.25,30.61,29.82,29.99,8667106,0.0
2016-11-13,29.9,30.91,29.835,30.78,9716323,0.0
2016-11-14,30.93,32.16,30.93,32.08,9740351,0.0
2016-11-15,32.11,32.18,31.165,31.61,4355423,0.0
2016-11-16,31.43,31.8,31.43,31.5,3194082,0.0
2016-11-17,31.82,32.205,31.555,31.73,5101282,0.0
2016-11-20,31.86,32.48,31.86,32.47,4478605,0.0
2016-11-21,32.43,32.81,32.17,32.47,6185416,0.0
2016-11-22,32.05,32.43,32,32.31,3074581,0.0
2016-11-24,32.42,32.87,32.39,32.58,1438338,0.0
2016-11-27,32.74,33.66,32.74,33.39,5885874,0.0
2016-11-28,33.25,33.73,33.24,33.66,4625379,0.0
2016-11-29,33.13,33.26,32.51,32.53,6037159,0.0
2016-11-30,32.32,32.67,31.77,32.18,7653042,0.0
2016-12-01,32.72,33.41,32.67,33.02,6890507,0.0
2016-12-04,33.09,33.385,32.74,33.34,5233160,0.0
2016-12-05,33.59,33.64,32.97,33.05,4291120,0.0
2016-12-06,33.25,33.66,33.25,33.54,4493477,0.0
2016-12-07,33.27,34.2,33.08,34.2,5542721,0.0
2016-12-08,34.14,34.99,34.14,34.9,9067352,0.0
2016-12-11,34.66,35,34.34,34.5,5467672,0.0
2016-12-12,34.66,35.48,34.615,35.46,7044953,0.0
2016-12-13,35.6,36.335,34.93,35.07,8399912,0.0
2016-12-14,34.89,35.94,34.76,35.7,7112468,0.0
2016-12-15,35.76,36.36,35.52,35.715,7909805,0.0
2016-12-18,35.86,35.92,35.18,35.76,3574804,0.0
2016-12-19,35.67,35.88,35.38,35.44,4616486,0.0
2016-12-20,35.51,35.72,35.09,35.125,5711522,0.0
2016-12-21,35.3,35.69,35.19,35.29,10542138,0.0
2016-12-22,35.4,35.49,35.09,35.3,4426252,0.0
2016-12-26,35.24,35.57,35.125,35.4,5143292,0.0
2016-12-27,35.46,35.52,35.12,35.2,2617637,0.0
2016-12-28,35.32,35.88,35.28,35.72,3500250,0.0
2016-12-29,35.75,35.81,35.37,35.5,2213526,0.0
2017-01-02,35.67,35.69,34.91,35.17,5764088,0.0
2017-01-03,35.34,35.78,35.26,35.495,5288294,0.0
2017-01-04,35.5,35.65,35.26,35.49,4337173,0.0
2017-01-05,35.39,36.21,35.32,36.095,5529182,0.0
2017-01-08,36.09,36.17,35.25,35.27,3832237,0.0
2017-01-09,35.42,35.49,35.01,35.06,4309378,0.0
2017-01-10,35.2,35.46,35.12,35.39,6024311,0.0
2017-01-11,35.42,35.49,35.22,35.44,3007520,0.0
2017-01-12,35.38,35.64,35.235,35.45,3592699,0.0
2017-01-16,35.55,36.05,35.52,35.88,3353898,0.0
2017-01-17,35.8,35.99,35.6,35.7,2202129,0.0
2017-01-18,35.61,36.05,35.42,35.73,4363171,0.0
2017-01-19,35.78,35.89,35.55,35.79,4307650,0.0
2017-01-22,35.85,35.88,35.24,35.3,2774770,0.0
2017-01-23,35.27,35.405,35.1,35.12,4509109,0.0
2017-01-24,35.34,35.45,35.18,35.35,3042973,0.0
2017-01-25,35.4,35.67,35.15,35.3,3859447,0.0
2017-01-26,35.44,35.53,35.02,35.06,2621420,0.0
2017-01-29,35.14,35.15,34.8,35.03,5198716,0.0
2017-01-30,35.04,35.88,34.99,35.87,5175113,0.0
2017-01-31,35.66,35.81,35.04,35.44,5415957,0.0
2017-02-01,35.44,35.9,35.3601,35.83,3257984,0.0
2017-02-02,35.78,35.91,35.66,35.77,3583435,0.0
2017-02-05,35.89,36,35.66,35.81,3256465,0.0
2017-02-06,35.87,36.07,35.76,35.995,3093409,0.0
2017-02-07,35.27,36.3,34.97,35.2,8571814,0.0
2017-02-08,35.15,35.18,34.47,34.84,6414630,0.0
2017-02-09,34.75,35.07,34.7,35.01,6627601,0.0
2017-02-12,34.77,35.22,34.77,35.09,3237195,0.0
2017-02-13,35.44,35.51,34.91,35.35,4822882,0.0
2017-02-14,35.05,35.24,34.85,35.21,2988767,0.0
2017-02-15,35.22,35.44,35.13,35.41,2952857,0.0
2017-02-16,35.46,35.62,35.09,35.575,3522076,0.0
2017-02-20,35.39,36.02,35.25,35.91,3388159,0.0
2017-02-21,35.85,35.92,35.39,35.69,3260712,0.0
2017-02-22,35.83,36.18,35.73,35.975,3394243,0.0
2017-02-23,36.11,37.19,35.95,37.19,6266510,0.0
2017-02-26,37.09,37.1,36.395,36.57,3756911,0.0
2017-02-27,36.47,36.87,36.45,36.7,4624065,0.0
2017-02-28,36.32,36.47,36.01,36.065,3822753,0.0
2017-03-01,35.99,36.63,35.86,36.41,3405295,0.0
2017-03-02,36.41,36.41,35.9121,36.31,2571068,0.0
2017-03-05,36.2,36.295,35.98,36.06,2750593,0.0
2017-03-06,36.19,36.36,36.02,36.12,3236505,0.0
2017-03-07,35.81,35.91,35.51,35.71,2810459,0.0
2017-03-08,35.7,35.98,35.65,35.775,2459410,0.0
2017-03-09,35.95,36.1499,35.72,35.965,2691406,0.0
2017-03-12,35.97,36.07,35.795,35.94,2117389,0.0
2017-03-13,35.87,35.87,35.56,35.66,2187699,0.0
2017-03-14,35.79,36.53,35.7,36.29,4063559,0.0
2017-03-15,36.06,36.23,35.89,35.97,2653693,0.0
2017-03-16,36.065,36.22,35.93,35.99,5513651,0.0
2017-03-19,36.11,36.11,35.44,35.535,2991788,0.0
2017-03-20,35.49,36.14,35.38,35.96,4521087,0.0
2017-03-21,36.1,36.42,36.1,36.31,4035140,0.0
2017-03-22,36.2,36.4439,35.92,35.965,2702122,0.0
2017-03-23,35.88,36.4,35.87,36.13,2332436,0.0
2017-03-26,36.26,36.32,35.66,35.85,1738752,0.0
2017-03-27,35.52,35.69,35.37,35.66,4472086,0.0
2017-03-28,35.7,36.12,35.3,35.93,4047641,0.0
2017-03-29,35.79,35.91,35.49,35.68,3112576,0.0
2017-03-30,35.75,36.43,35.65,35.99,5380663,0.0
2017-04-02,35.95,35.98,35.53,35.81,3615303,0.0
2017-04-03,35.8,36.38,35.72,36.14,4265719,0.0
2017-04-04,35.88,36.16,35.76,36.05,3450904,0.0
2017-04-05,36,36.335,35.74,36.26,4149005,0.0
2017-04-06,36.31,36.47,35.93,35.96,4794035,0.0
2017-04-09,36,36,35.69,35.82,3178824,0.0
2017-04-10,35.75,36.305,35.57,36.15,3664453,0.0
2017-04-11,35.97,36.26,35.76,36.19,3923953,0.0
2017-04-12,36.14,36.19,35.82,35.96,3008370,0.0
2017-04-16,35.98,36.12,35.84,35.9,2520990,0.0
2017-04-17,35.91,36.06,35.715,35.79,3927619,0.0
2017-04-18,35.79,35.87,35.36,35.46,4156070,0.0
2017-04-19,35.38,35.4,34.83,35.06,3704716,0.0
2017-04-20,35.05,35.34,35.01,35.04,3610649,0.0
2017-04-23,35.2,35.62,34.97,35.495,3126676,0.0
2017-04-24,35.34,35.515,34.84,35.09,4419315,0.0
2017-04-25,35.04,35.43,34.9,34.9,3189192,0.0
2017-04-26,34.92,35.175,34.8,34.85,2744501,0.0
2017-04-27,34.84,34.88,34.53,34.64,2966920,0.0
2017-04-30,34.65,34.7,34.21,34.35,3305513,0.0
2017-05-01,34.39,34.53,34.12,34.47,4030443,0.0
2017-05-02,34.59,34.59,33.68,33.97,5517364,0.0
2017-05-03,33.95,34.3,33.88,34.04,6279946,0.0
2017-05-04,34.18,34.54,34.16,34.35,3498401,0.0
2017-05-07,34.38,34.48,34.17,34.26,3392319,0.0
2017-05-08,34.19,34.2,33.57,33.6,4378950,0.0
2017-05-09,33.67,33.79,33.45,33.755,3830286,0.0
2017-05-10,33.46,33.63,33.3,33.5,6299711,0.0
2017-05-11,33.65,34.25,33.5,34.12,5592441,0.0
2017-05-14,34.36,34.83,34.34,34.7,5419020,0.0
2017-05-15,34.61,34.71,34.28,34.51,5279079,0.0
2017-05-16,34.45,34.955,34.43,34.84,5900010,0.0
2017-05-17,34.96,35.33,34.52,35.08,6710333,0.0
2017-05-18,35.16,35.16,34.78,35.06,5313742,0.0
2017-05-21,34.98,35.64,34.91,35.525,4659818,0.0
2017-05-22,35.52,35.59,35.29,35.36,7804285,0.0
2017-05-23,35.45,35.83,35.34,35.8,5839354,0.0
2017-05-24,35.93,36.08,35.7,36.03,2925591,0.0
2017-05-25,36.02,36.08,35.73,35.84,4595767,0.0
2017-05-29,35.72,36.2,35.66,36.07,2828278,0.0
2017-05-30,36.08,36.45,35.98,36.3,3820699,0.0
2017-05-31,36.25,36.74,36.1,36.72,3433968,0.0
2017-06-01,36.8,36.83,36.42,36.58,2423660,0.0
2017-06-04,36.56,36.74,36.38,36.63,3509444,0.0
2017-06-05,36.75,36.86,36.54,36.69,3639424,0.0
2017-06-06,36.68,36.85,36.55,36.61,3110598,0.0
2017-06-07,36.6,36.61,36.245,36.415,3223710,0.0
2017-06-08,36.45,36.68,36.32,36.61,3294876,0.0
2017-06-11,36.66,36.87,36.3922,36.47,4161502,0.0
2017-06-12,36.48,36.6,36.37,36.54,2746922,0.0
2017-06-13,36.79,36.9,36.591,36.7,2664186,0.0
2017-06-14,36.67,36.86,36.51,36.84,2629082,0.0
2017-06-15,36.88,37.12,36.865,37.08,3961577,0.0
2017-06-18,37.14,37.15,36.653,36.84,2876236,0.0
2017-06-19,36.81,37.13,36.69,36.9,2745021,0.0
2017-06-20,36.95,37.13,36.5,36.7,2887869,0.0
2017-06-21,36.61,37.08,36.61,36.67,3197332,0.0
2017-06-22,36.66,36.79,36.45,36.51,2429376,0.0
2017-06-25,36.66,37.44,36.65,37.205,3901812,0.0
2017-06-26,36.96,37.12,36.58,36.765,3052124,0.0
2017-06-27,36.87,36.92,36.13,36.185,3632387,0.0
2017-06-28,35.99,36.23,35.8,35.85,4203218,0.0
2017-06-29,35.92,36.28,35.83,36.07,3556474,0.0
2017-07-02,36.2,36.25,35.59,35.83,1902873,0.0
2017-07-04,35.84,35.97,35.38,35.51,2679339,0.0
2017-07-05,35.44,35.73,35.37,35.67,4456024,0.0
2017-07-06,35.7,35.9,35.5,35.575,3339221,0.0
2017-07-09,35.59,36.01,35.59,35.755,2978294,0.0
2017-07-10,35.86,35.86,35.51,35.71,2980520,0.0
2017-07-11,36.01,36.21,35.9401,36.06,2774935,0.0
2017-07-12,35.97,36.02,35.66,35.7,2609725,0.0
2017-07-13,35.96,36.274,35.94,36.07,2471088,0.0
2017-07-16,36.49,37.06,36.45,37.05,6241653,0.0
2017-07-17,37.05,37.19,36.9101,37.18,4100019,0.0
2017-07-18,37.25,37.41,37.06,37.39,2514381,0.0
2017-07-19,37.45,37.69,37.31,37.63,2786307,0.0
2017-07-20,37.56,37.76,37.32,37.47,3640742,0.0
2017-07-23,37.48,37.49,37.11,37.21,3471603,0.0
2017-07-24,37.27,37.35,36.93,37.03,3339349,0.0
2017-07-25,37.02,37.71,36.953,37.67,3972543,0.0
2017-07-26,37.73,38.04,37.54,38,4584984,0.0
2017-07-27,37.97,38.44,37.88,38.41,4927084,0.0
2017-07-30,38.39,38.5,38.24,38.34,3885835,0.0
2017-07-31,38.48,38.78,38.415,38.55,5357608,0.0
2017-08-01,38.19,38.62,37.72,38.42,5148054,0.0
2017-08-02,38.38,38.47,38.185,38.47,3172818,0.0
2017-08-03,38.22,38.37,37.96,38.1625,3269750,0.0
2017-08-06,38.15,38.27,38.05,38.22,2043927,0.0
2017-08-07,38.13,38.375,38.03,38.2,2677081,0.0
2017-08-08,38.42,38.48,37.7,37.71,4994901,0.0
2017-08-09,37.71,37.92,37.555,37.74,2735099,0.0
2017-08-10,37.5,37.57,37.25,37.5,3161429,0.0
2017-08-13,37.56,37.63,37.41,37.595,2166103,0.0
2017-08-14,37.4,37.95,37.4,37.835,2337582,0.0
2017-08-15,37.84,38.14,37.785,38.125,3182888,0.0
2017-08-16,38,38.185,37.59,37.605,2775207,0.0
2017-08-17,37.57,38.185,37.48,37.975,3365441,0.0
2017-08-20,38.06,38.14,37.84,37.97,1452271,0.0
2017-08-21,37.99,38.27,37.96,38.23,1552920,0.0
2017-08-22,38.2,38.39,38.0691,38.32,2110683,0.0
2017-08-23,38.31,38.51,38.13,38.34,3916350,0.0
2017-08-24,38.49,38.59,38.29,38.31,2610100,0.0
2017-08-27,38.37,38.42,37.98,38.26,3210816,0.0
2017-08-28,38.29,38.44,38.155,38.22,1829730,0.0
2017-08-29,38.22,38.22,37.795,37.86,3136771,0.0
2017-08-30,38,38.14,37.82,37.85,4950946,0.0
2017-08-31,37.95,37.96,37.42,37.52,5115166,0.0
2017-09-04,37.59,37.68,37.44,37.59,5359303,0.0
2017-09-05,37.76,37.82,37.48,37.54,3750810,0.0
2017-09-06,37.65,38.1,37.575,38.04,3590069,0.0
2017-09-07,38,38.29,37.901,38.16,3165947,0.0
2017-09-10,38.14,38.5,38.04,38.47,2666433,0.0
2017-09-11,38.35,38.45,37.54,37.89,4120518,0.0
2017-09-12,37.91,38.12,37.78,37.81,4001863,0.0
2017-09-13,37.69,38.14,37.59,38.11,2862101,0.0
2017-09-14,38.12,38.4,37.49,37.63,7578420,0.0
2017-09-17,37.59,37.87,37.08,37.395,5295539,0.0
2017-09-18,37.4,37.55,37.03,37.28,4604996,0.0
2017-09-19,37.38,37.38,36.63,36.94,4444273,0.0
2017-09-20,36.9,37.41,36.86,37.17,2435285,0.0
2017-09-21,37.25,37.32,36.93,37.1,2517538,0.0
2017-09-24,37.14,37.66,37.02,37.6,2708014,0.0
2017-09-25,37.52,37.52,37.155,37.18,2930398,0.0
2017-09-26,37,37.285,36.88,37.15,3999997,0.0
2017-09-27,37,37.61,36.83,37.41,3379495,0.0
2017-09-28,37.48,37.96,37.44,37.66,5216851,0.0
2017-10-01,37.81,38.39,37.65,38.135,7003586,0.0
2017-10-02,38.15,38.15,37.55,37.86,4311688,0.0
2017-10-03,37.85,38.21,37.69,38.18,4179008,0.0
2017-10-04,38.2,38.385,37.99,38.365,3477213,0.0
2017-10-05,38.12,38.25,37.93,38.17,3195247,0.0
2017-10-08,38.16,38.32,37.975,38.03,1869460,0.0
2017-10-09,38.17,38.41,38.01,38.31,1932551,0.0
2017-10-10,37.93,38.5,37.93,38.45,3879596,0.0
2017-10-11,38.4,38.95,38.25,38.95,3807558,0.0
2017-10-12,39,39.43,38.92,39.26,5045153,0.0
2017-10-15,39.15,39.74,38.98,39.675,6962377,0.0
2017-10-16,39.56,39.72,39.22,39.595,3098769,0.0
2017-10-17,39.58,39.68,39.35,39.63,2269336,0.0
2017-10-18,39.6,39.88,39.44,39.775,3870281,0.0
2017-10-19,39.75,39.81,39.34,39.59,3040879,0.0
2017-10-22,39.59,39.82,39.385,39.75,3132379,0.0
2017-10-23,39.74,40,39.6,39.98,2977896,0.0
2017-10-24,39.87,40.18,39.31,40.06,4316726,0.0
2017-10-25,40.25,40.34,39.87,39.88,3166742,0.0
2017-10-26,39.81,40.325,39.74,40.25,2226038,0.0
2017-10-29,40.07,40.27,39.94,40.24,3278253,0.0
2017-10-30,40.22,40.38,40.1,40.215,2863033,0.0
2017-10-31,40.32,40.36,39.98,40.13,4235465,0.0
2017-11-01,40.1,40.81,39.47,40.72,6943602,0.0
2017-11-02,40.75,41.56,40.56,40.96,4850150,0.0
2017-11-05,40.97,41.14,40.62,40.69,2681170,0.0
2017-11-06,40.73,41.49,40.66,41.27,3362366,0.0
2017-11-07,41.29,41.47,40.84,41.33,2967508,0.0
2017-11-08,41.21,41.54,41.03,41.135,2927198,0.0
2017-11-09,40.86,41.43,40.86,41.29,3194447,0.0
2017-11-12,41.38,42.18,41.3,42.11,4288800,0.0
2017-11-13,41.75,42.455,41.59,42.39,4388600,0.0
2017-11-14,42.46,42.67,41.68,41.77,5074859,0.0
2017-11-15,41.6,41.65,41.11,41.26,6054755,0.0
2017-11-16,41.19,41.36,41.06,41.25,4066742,0.0
2017-11-19,41.32,41.64,41.21,41.35,3134924,0.0
2017-11-20,41.46,41.665,41.34,41.39,2185352,0.0
2017-11-21,41.44,41.55,41.21,41.49,2640280,0.0
2017-11-23,41.5,41.745,41.47,41.65,1038235,0.0
2017-11-26,41.7,41.82,41.46,41.65,2758697,0.0
2017-11-27,41.78,42.11,41.74,41.99,2275295,0.0
2017-11-28,41.83,41.9086,41.485,41.69,3604179,0.0
2017-11-29,41.75,41.96,41.431,41.715,3572841,0.0
2017-11-30,41.89,42.09,41.26,41.81,4992521,0.0
2017-12-03,41.89,42,41.42,41.57,4167543,0.0
2017-12-04,41.58,41.71,40.95,41.26,4448507,0.0
2017-12-05,41.48,41.65,40.781,41.11,4709917,0.0
2017-12-06,41.14,41.17,39.55,40.81,5476212,0.0
2017-12-07,40.62,41.07,40.37,41.05,6860437,0.0
2017-12-10,41.09,41.95,41.09,41.92,6968737,0.0
2017-12-11,41.78,41.89,40.96,41.01,6072247,0.0
2017-12-12,41,41.49,40.86,41.15,5048766,0.0
2017-12-13,40.98,41.26,40.61,40.83,3248588,0.0
2017-12-14,40.86,41.015,40.68,40.74,5467418,0.0
2017-12-17,40.89,41.08,40.39,40.48,4074095,0.0
2017-12-18,40.58,40.74,39.61,39.63,3290623,0.0
2017-12-19,39.58,39.72,38.97,39.025,4477215,0.0
2017-12-20,38.87,39.36,38.76,39.07,3384227,0.0
2017-12-21,39.19,39.22,38.97,39.02,2472385,0.0
2017-12-25,39.12,39.23,38.78,38.8,1545363,0.0
2017-12-26,38.96,39.02,38.77,38.98,3730111,0.0
2017-12-27,38.93,39.325,38.93,39.3,3054869,0.0
2017-12-28,39.44,39.5,39.25,39.44,2153679,0.0
2018-01-01,39.54,39.69,39.26,39.61,3864051,0.0
2018-01-02,39.37,39.88,38.77,39.06,3892803,0.0
2018-01-03,38.97,39.14,38.49,38.52,3810558,0.0
2018-01-04,38.72,38.83,38.065,38.19,5422395,0.0
2018-01-07,38.28,38.87,38.23,38.59,9727754,0.0
2018-01-08,38.55,38.67,37.74,38.17,6598334,0.0
2018-01-09,38.02,38.3352,37.82,37.955,4225171,0.0
2018-01-10,38.22,38.74,38.05,38.42,5700385,0.0
2018-01-11,38.33,38.59,38.01,38.37,3819182,0.0
2018-01-15,38.47,38.82,38.1,38.47,5041387,0.0
2018-01-16,38.59,39.2,38.55,39.08,4759276,0.0
2018-01-17,39,39.08,38.17,38.59,4735980,0.0
2018-01-18,38.75,38.8,37.9,37.97,6419069,0.0
2018-01-21,38.22,38.63,37.925,38.06,5381876,0.0
2018-01-22,38.42,38.94,38.32,38.52,5519158,0.0
2018-01-23,38.47,38.52,38.12,38.21,4044457,0.0
2018-01-24,38.34,38.77,38.2545,38.68,5920700,0.0
2018-01-25,38.85,38.95,38.44,38.87,5050068,0.0
2018-01-28,38.5,38.71,38.16,38.33,3371352,0.0
2018-01-29,38.33,38.62,38.09,38.285,3698590,0.0
2018-01-30,38.3,38.59,38.1,38.52,5218318,0.0
2018-01-31,38.53,38.71,37.765,37.85,3869372,0.0
2018-02-01,37.75,38.15,37.64,37.69,4381302,0.0
2018-02-04,37.72,38.07,36.8343,36.89,5608572,0.0
2018-02-05,36.51,36.82,35.57,36.46,9639335,0.0
2018-02-06,36.47,37.69,36.09,36.15,7324438,0.0
2018-02-07,36.16,36.85,35.95,35.98,8336990,0.0
2018-02-08,36.15,37.1,35.87,36.87,9458228,0.0
2018-02-11,36.9,37.33,36.555,37.17,5352329,0.0
2018-02-12,37.04,37.18,36.42,37.01,6066787,0.0
2018-02-13,36.57,37.06,36.22,36.58,6633383,0.0
2018-02-14,36.72,37.51,36.62,37.51,4800256,0.0
2018-02-15,37.6,37.98,37.43,37.7901,4465542,0.0
2018-02-19,37.73,38.1,37.47,37.7,5388712,0.0
2018-02-20,37.68,37.76,37.02,37.08,7943672,0.0
2018-02-21,37.18,37.52,36.93,37.24,4141866,0.0
2018-02-22,37.36,38.28,37.18,38.24,4646932,0.0
2018-02-25,38.29,38.4,37.86,38.01,3947138,0.0
2018-02-26,38.03,38.485,37.25,37.25,5030147,0.0
2018-02-27,37.3,37.66,37.04,37.04,3767891,0.0
2018-02-28,37.18,37.55,36.65,36.93,3720940,0.0
2018-03-01,36.97,37.14,36.5,36.92,3663691,0.0
2018-03-04,36.85,37.75,36.67,37.68,3916872,0.0
2018-03-05,37.69,37.73,37.02,37.17,3887383,0.0
2018-03-06,37.05,37.2,36.57,36.82,3943176,0.0
2018-03-07,36.86,37.52,36.74,37.43,3510088,0.0
2018-03-08,37.48,37.57,37.005,37.49,5864959,0.0
2018-03-11,37.55,37.65,37.22,37.52,6323862,0.0
2018-03-12,37.67,38.03,37.205,37.43,4587271,0.0
2018-03-13,37.51,38.08,37.51,37.83,4025019,0.0
2018-03-14,37.83,38.21,37.695,37.85,4698116,0.0
2018-03-15,37.96,38.54,37.895,38.39,4666784,0.0
2018-03-18,38.43,38.565,37.91,38.21,3379305,0.0
2018-03-19,38.29,38.59,38.145,38.29,4184209,0.0
2018-03-20,38.36,38.73,37.95,38.1,4367780,0.0
2018-03-21,38.1,39.08,38.09,38.37,4700635,0.0
2018-03-22,38.42,38.58,37.63,37.71,3538010,0.0
2018-03-25,37.9,38.16,37.75,38.11,2607234,0.0
2018-03-26,38.14,38.85,37.99,38.47,3711061,0.0
2018-03-27,38.58,38.97,38.46,38.54,5058976,0.0
2018-03-28,38.81,39.32,38.76,39,3760362,0.0
2018-04-01,39.1,39.1601,37.97,38.26,6018190,0.0
2018-04-02,38.25,38.93,38.18,38.75,3895257,0.0
2018-04-03,38.66,38.8,38.25,38.78,3378178,0.0
2018-04-04,38.8,39.12,38.41,39,2925835,0.0
2018-04-05,38.98,39.09,38.4456,38.61,2302203,0.0
2018-04-08,38.71,38.89,38.49,38.61,3194755,0.0
2018-04-09,38.58,38.85,38.41,38.66,4179233,0.0
2018-04-10,38.65,38.65,38.39,38.49,2681060,0.0
2018-04-11,38.12,38.535,37.4532,37.755,7154718,0.0
2018-04-12,38.06,38.72,38.0312,38.34,4795314,0.0
2018-04-15,38.52,38.6851,38.27,38.59,4101363,0.0
2018-04-16,38.7,39.16,38.62,39.065,2985884,0.0
2018-04-17,39.16,39.54,38.94,38.94,2565811,0.0
2018-04-18,38.9,39.03,38.58,38.95,2461822,0.0
2018-04-19,38.99,39,38.4,38.6,2811645,0.0
2018-04-22,38.72,39.06,38.485,38.65,2267263,0.0
2018-04-23,38.84,39.62,38.74,39.19,4438463,0.0
2018-04-24,39.01,39.19,38.7,39.1745,3125087,0.0
2018-04-25,39.22,39.65,39.15,39.515,2596369,0.0
2018-04-26,39.42,39.96,39.41,39.85,2338992,0.0
2018-04-29,39.92,39.99,39.61,39.7,3416304,0.0
2018-04-30,40,40.43,39.88,40.19,11349710,0.0
2018-05-01,40.38,40.59,39.92,40.39,6419179,0.0
2018-05-02,40.3,41.185,40.04,40.845,6630090,0.0
2018-05-03,40.9,41.205,40.88,41.09,3382371,0.0
2018-05-06,41.13,41.56,41.1,41.29,4457603,0.0
2018-05-07,41.17,41.19,40.57,40.74,7335949,0.0
2018-05-08,40.71,40.79,39.91,39.965,5266819,0.0
2018-05-09,40.3,40.62,40.16,40.59,2941593,0.0
2018-05-10,40.55,40.76,40.345,40.63,2492027,0.0
2018-05-13,40.45,40.55,40.08,40.34,3045850,0.0
2018-05-14,40.08,40.31,39.87,40.21,5058724,0.0
2018-05-15,40.11,40.27,39.58,39.78,3327689,0.0
2018-05-16,39.84,40,39.25,39.35,4559901,0.0
2018-05-17,39.42,39.665,39.105,39.45,3742906,0.0
2018-05-20,39.54,39.71,39.11,39.63,3047995,0.0
2018-05-21,39.63,40.115,39.62,39.87,3805443,0.0
2018-05-22,39.95,40.35,39.9,40.31,4920813,0.0
2018-05-23,40.18,40.55,39.935,40.525,5200183,0.0
2018-05-24,40.49,40.885,40.42,40.66,3655026,0.0
2018-05-28,40.49,40.89,40.33,40.72,4535393,0.0
2018-05-29,40.68,41.39,40.45,41.21,4636118,0.0
2018-05-30,41.17,41.715,40.9099,41.4,3865253,0.0
2018-05-31,41.39,41.4,40.41,40.99,4619377,0.0
2018-06-03,41.09,41.34,40.42,40.54,5423740,0.0
2018-06-04,40.7,40.75,40.23,40.44,3626605,0.0
2018-06-05,40.65,40.65,39.65,39.72,4469009,0.0
2018-06-06,39.74,40.53,39.625,40.13,4609323,0.0
2018-06-07,40.08,40.31,39.74,39.995,4434015,0.0
2018-06-10,40,40.22,39.725,39.93,3064920,0.0
2018-06-11,39.93,40.56,39.91,40.48,5706533,0.0
2018-06-12,40.61,41.125,40.36,40.52,4083470,0.0
2018-06-13,40.52,41.115,40.4,41.07,3545015,0.0
2018-06-14,40.97,41.57,40.58,41.49,6821416,0.0
2018-06-17,41.43,41.84,41.43,41.71,3220603,0.0
2018-06-18,41.75,42.14,41.245,41.61,4841161,0.0
2018-06-19,41.7,41.94,41.405,41.8,3031835,0.0
2018-06-20,41.71,41.9142,41.19,41.43,5222460,0.0
2018-06-21,41.59,41.73,41.35,41.5,2926356,0.0
2018-06-24,41.59,42.105,41.49,41.85,5000366,0.0
2018-06-25,41.95,42.215,41.8,42.04,6992730,0.0
2018-06-26,42.03,42.345,41.9,42.21,3014302,0.0
2018-06-27,42.33,42.61,42.11,42.34,3703947,0.0
2018-06-28,42.34,42.715,42.03,42.59,4046842,0.0
2018-07-01,42.67,42.92,42.35,42.89,2987872,0.0
2018-07-02,42.89,43.085,42.58,42.83,2343063,0.0
2018-07-04,42.9,42.985,42.64,42.915,2808533,0.0
2018-07-05,42.91,43.185,42.781,43.1,2756358,0.0
2018-07-08,43.16,43.1997,41.68,41.86,4770867,0.0
2018-07-09,41.5,42.37,41.46,42.17,3744545,0.0
2018-07-10,42.28,42.595,41.2,42.46,4268323,0.0
2018-07-11,42.49,42.6,41.96,42.345,3738744,0.0
2018-07-12,42.47,42.53,42.04,42.38,3581763,0.0
2018-07-15,42.28,42.4,41.96,42.15,4253525,0.0
2018-07-16,42.2,42.33,41.89,41.93,4583123,0.0
2018-07-17,41.96,42.02,41.595,41.93,3770966,0.0
2018-07-18,42,42.47,41.995,42.25,3005989,0.0
2018-07-19,42.05,42.25,41.77,42.05,4186930,0.0
2018-07-22,42.17,42.18,41.46,41.62,2516115,0.0
2018-07-23,41.5,41.71,40.97,41.64,4171402,0.0
2018-07-24,41.62,42.24,41.6,41.88,4230429,0.0
2018-07-25,42.09,42.29,41.94,42.27,2942851,0.0
2018-07-26,42.3,42.58,42.03,42.21,1983127,0.0
2018-07-29,42.16,42.2561,41.65,41.8,2488981,0.0
2018-07-30,41.96,42.52,41.73,42.49,4389231,0.0
2018-07-31,42.18,42.21,41.72,42.01,4540457,0.0
2018-08-01,42.16,42.88,41.96,42.29,3625841,0.0
2018-08-02,42.36,42.645,42.14,42.49,3331564,0.0
2018-08-05,42.44,42.78,42.37,42.59,3054583,0.0
2018-08-06,42.66,42.96,42.25,42.77,4026832,0.0
2018-08-07,42.7,42.92,42.5,42.85,2711327,0.0
2018-08-08,42.87,43.43,42.75,43.37,3596564,0.0
2018-08-09,43.47,43.74,43.06,43.12,2937634,0.0
2018-08-12,43.17,43.37,43.01,43.3,2544299,0.0
2018-08-13,43.06,43.52,43.0001,43.35,3141105,0.0
2018-08-14,43.44,43.97,43.38,43.63,4007508,0.0
2018-08-15,43.62,44.44,43.57,44.35,5027515,0.0
2018-08-16,44.3,45.05,44.24,44.53,6288800,0.0
2018-08-19,44.29,44.49,44.09,44.25,4345738,0.0
2018-08-20,44.32,44.3609,43.82,44.09,3416612,0.0
2018-08-21,44.2,44.2,43.63,43.94,2176685,0.0
2018-08-22,43.92,44.23,43.78,43.91,2452636,0.0
2018-08-23,43.92,44.08,43.605,44.02,2113405,0.0
2018-08-26,44.1,44.18,43.415,43.63,2071716,0.0
2018-08-27,43.52,43.6,43.27,43.41,2869417,0.0
2018-08-28,43.84,43.94,43.58,43.83,2112471,0.0
2018-08-29,43.89,44.1286,43.75,43.94,2237269,0.0
2018-08-30,43.93,44.05,43.45,43.7,3354065,0.0
2018-09-03,44.09,44.13,43.85,43.99,2124456,0.0
2018-09-04,44.04,44.38,43.99,44.2,5294217,0.0
2018-09-05,44.45,44.58,44.18,44.365,5259153,0.0
2018-09-06,44.11,44.44,43.86,44.07,3724139,0.0
2018-09-09,44.27,44.85,44.17,44.62,3766769,0.0
2018-09-10,44.29,44.48,43.97,44.195,4104179,0.0
2018-09-11,44.25,44.46,44.06,44.12,3415106,0.0
2018-09-12,44.11,44.45,43.86,44.45,2437519,0.0
2018-09-13,44.34,44.36,43.84,44.09,4192334,0.0
2018-09-16,44.38,44.55,44.17,44.47,2284612,0.0
2018-09-17,44.34,44.48,44.025,44.21,3528098,0.0
2018-09-18,44.27,44.28,42.9499,43.23,8560882,0.0
2018-09-19,43.17,43.56,42.92,43.4,4913575,0.0
2018-09-20,43.45,43.86,43.125,43.65,6152592,0.0
2018-09-23,43.59,43.7,43.165,43.21,2780087,0.0
2018-09-24,43.29,43.29,42.44,42.59,3691147,0.0
2018-09-25,42.69,42.84,42.19,42.2,3884977,0.0
2018-09-26,42.24,42.95,42.2,42.815,4788782,0.0
2018-09-27,42.93,43.72,42.84,43.65,3948290,0.0
2018-09-30,43.46,43.54,43.2,43.4,3560684,0.0
2018-10-01,43.55,44.205,43.4966,44,2973926,0.0
2018-10-02,43.95,44.07,42.73,43.08,3733777,0.0
2018-10-03,43.02,43.325,42.56,43.25,5061190,0.0
2018-10-04,43.24,43.96,43.14,43.81,2652685,0.0
2018-10-07,43.97,44.21,43.48,44.01,4081596,0.0
2018-10-08,43.86,44.3601,43.63,44.01,4415287,0.0
2018-10-09,43.92,44.49,43.55,43.56,4355816,0.0
2018-10-10,43.69,43.78,42.5,42.73,5682377,0.0
2018-10-11,42.87,43.11,42.44,42.91,4395947,0.0
2018-10-14,42.96,43.55,42.83,43.03,3159796,0.0
2018-10-15,43.01,43.625,42.89,43.45,3253293,0.0
2018-10-16,43.46,43.56,42.83,42.99,4152167,0.0
2018-10-17,43.01,43.31,42.8,43.09,3261974,0.0
2018-10-18,43.11,44.39,43.1,44.12,4451731,0.0
2018-10-21,43.73,43.98,43.4,43.49,3766581,0.0
2018-10-22,43.57,43.805,43.2,43.53,3783603,0.0
2018-10-23,43.87,44.865,43.59,44.52,4563309,0.0
2018-10-24,44.21,44.24,43.5,43.87,4706472,0.0
2018-10-25,43.93,44.21,43.24,43.62,6307640,0.0
2018-10-28,43.56,44.28,43.56,44.09,4295181,0.0
2018-10-29,44.79,44.79,43.93,44.39,4943510,0.0
2018-10-30,44.23,44.23,43.53,43.78,5681881,0.0
2018-10-31,43.94,44.35,43.32,43.64,5420454,0.0
2018-11-01,43.84,44,43.02,43.4,4786839,0.0
2018-11-04,43.83,44.51,43.56,44.18,4015756,0.0
2018-11-05,44.22,44.36,43.69,44.29,3673254,0.0
2018-11-06,44.52,44.81,44.14,44.67,4618380,0.0
2018-11-07,44.78,44.79,44.19,44.74,3949836,0.0
2018-11-08,44.78,45.295,44.61,45.04,4570924,0.0
2018-11-11,44.83,46.2,44.78,45.72,3828339,0.0
2018-11-12,45.83,46.05,45.49,45.92,4255280,0.0
2018-11-13,45.39,45.64,45.0434,45.225,6521263,0.0
2018-11-14,44.91,45.725,44.56,45.57,4084699,0.0
2018-11-15,46.17,46.2,45.58,45.88,4530064,0.0
2018-11-18,45.92,46.18,45.8,46.1,3791692,0.0
2018-11-19,46.25,46.32,45.29,45.445,5541729,0.0
2018-11-20,45.29,45.48,44.77,44.945,3892460,0.0
2018-11-22,45,45.03,44.53,44.84,1962939,0.0
2018-11-25,44.94,45.28,44.66,45.21,3356729,0.0
2018-11-26,45.21,45.705,45.07,45.515,3500430,0.0
2018-11-27,45.66,45.91,45.18,45.82,4048196,0.0
2018-11-28,45.85,45.86,45.07,45.67,3336983,0.0
2018-11-29,45.81,46.45,45.63,46.39,4972790,0.0
2018-12-02,46.35,46.49,46.015,46.48,4926061,0.0
2018-12-03,46.71,47.37,46.52,46.96,6986636,0.0
2018-12-05,46.95,47.4,46.09,46.91,5588808,0.0
2018-12-06,46.87,47.3,46.28,46.97,3760643,0.0
2018-12-09,46.8,47.15,46,47,4010121,0.0
2018-12-10,47.08,47.17,46.655,46.9,4429031,0.0
2018-12-11,47.01,47.35,46.82,46.88,4663276,0.0
2018-12-12,46.88,47.27,46.79,46.95,3546194,0.0
2018-12-13,46.98,47.21,46.77,47.09,4093136,0.0
2018-12-16,47.09,47.23,45.47,45.61,5516751,0.0
2018-12-17,45.87,46.48,45.585,45.81,5276694,0.0
2018-12-18,45.88,46.48,45.48,45.74,6434893,0.0
2018-12-19,45.82,46.525,45.25,45.805,6997026,0.0
2018-12-20,45.8,47.02,45.68,45.87,8203521,0.0
2018-12-23,45.88,46.23,43.65,43.88,3746120,0.0
2018-12-25,43.85,44.52,43.1,44.47,4477409,0.0
2018-12-26,44.25,44.8,43.5,44.79,4873061,0.0
2018-12-27,44.88,45.3,44.61,44.805,4189358,0.0
2018-12-30,44.78,45.1,44.45,44.94,3332894,0.0
2019-01-01,44.78,45,43.85,44.0499,4135682,0.0
2019-01-02,44.18,44.57,43.88,44.22,3723731,0.0
2019-01-03,43.59,44.62,43.51,44.59,4273615,0.0
2019-01-06,44.32,44.965,44.18,44.785,3694157,0.0
2019-01-07,44.72,45.43,44.53,45.41,3056315,0.0
2019-01-08,45.19,45.46,44.83,44.97,4826501,0.0
2019-01-09,45.15,45.84,44.91,45.795,3092968,0.0
2019-01-10,45.74,46.04,45.49,45.74,3970151,0.0
2019-01-13,45.34,45.45,44.545,45.05,4223257,0.0
2019-01-14,44.93,46,44.93,45.785,3996506,0.0
2019-01-15,45.52,45.83,45.29,45.79,3746101,0.0
2019-01-16,45.83,46.09,45.6,46.01,3190236,0.0
2019-01-17,46.1,46.39,45.9,46.025,3840254,0.0
2019-01-21,46.02,46.6,45.78,46.18,2978041,0.0
2019-01-22,46.3,46.88,46.26,46.88,3567740,0.0
2019-01-23,47,47.06,46.5,46.96,3894890,0.0
2019-01-24,46.78,47.03,46.24,46.4399,5743653,0.0
2019-01-27,46.47,46.57,45.805,46.1,2526509,0.0
2019-01-28,46.3,46.51,46.04,46.14,2962336,0.0
2019-01-29,46.12,46.9,46.11,46.64,2834485,0.0
2019-01-30,46.6,47.93,46.46,47.91,4979339,0.0
2019-01-31,47.67,47.77,47.12,47.4299,3776977,0.0
2019-02-03,47.21,47.32,46.8,47.3,4562771,0.0
2019-02-04,47.26,47.5,47.03,47.23,3454413,0.0
2019-02-05,47.12,47.54,46.99,47.345,3844360,0.0
2019-02-06,47.36,48.165,47.17,48.065,4859131,0.0
2019-02-07,46.1639,47.81,46.03,47.59,5786535,0.0
2019-02-10,47.66,48.07,47.59,47.835,4802717,0.0
2019-02-11,47.91,48.105,47.49,47.94,2819672,0.0
2019-02-12,47.8,48.02,47.765,47.805,3166300,0.0
2019-02-13,47.85,48.08,47.53,47.885,3213428,0.0
2019-02-14,48.18,48.25,47.925,48.215,4698294,0.0
2019-02-18,48.04,48.205,47.71,48.165,3467602,0.0
2019-02-19,48.01,48.34,47.8,48.15,4313243,0.0
2019-02-20,47.86,48.62,47.825,48.51,4211617,0.0
2019-02-21,48.6,48.91,48.45,48.74,3754027,0.0
2019-02-24,48.96,48.97,48.19,48.42,3356647,0.0
2019-02-25,48.64,48.75,48.28,48.56,3661325,0.0
2019-02-26,48.35,48.79,48.24,48.3,4226005,0.0
2019-02-27,48.22,48.79,48.09,48.6,3287922,0.0
2019-02-28,48.7,48.825,48.33,48.55,3494829,0.0
2019-03-03,48.66,48.81,48.095,48.45,2947273,0.0
2019-03-04,48.36,48.56,48.26,48.42,3188148,0.0
2019-03-05,48.45,48.6,48.16,48.43,2821756,0.0
2019-03-06,48.61,48.95,48.48,48.56,3263261,0.0
2019-03-07,48.6,48.82,48.31,48.78,2807927,0.0
2019-03-10,48.79,49.14,48.69,49.08,3641980,0.0
2019-03-11,49.18,49.56,49.14,49.47,3857838,0.0
2019-03-12,49.43,49.7,49.35,49.64,3660569,0.0
2019-03-13,49.63,49.99,49.42,49.62,3364286,0.0
2019-03-14,49.71,50.195,49.6805,50,3845885,0.0
2019-03-17,50.01,50.085,49.47,49.69,2931829,0.0
2019-03-18,49.32,49.39,48.84,49.1,3392920,0.0
2019-03-19,49.23,49.58,48.9,49.1,3434544,0.0
2019-03-20,49.1,49.745,48.98,49.65,3093823,0.0
2019-03-21,49.72,50.47,49.63,50.26,4907826,0.0
2019-03-24,50.31,50.49,50.055,50.39,3536559,0.0
2019-03-25,50.56,50.75,50.32,50.68,3545197,0.0
2019-03-26,50.71,50.845,50.21,50.52,3145522,0.0
2019-03-27,50.58,50.64,49.6,49.765,4353604,0.0
2019-03-28,49.71,50.15,49.59,50.11,3895593,0.0
2019-03-31,50.34,50.35,49.44,49.84,1768672,0.0
2019-04-01,50.32,50.35,49.895,50.29,5780277,0.0
2019-04-02,50.25,50.2929,49.81,49.94,3349009,0.0
2019-04-03,50.06,50.1,49.49,49.65,3300331,0.0
2019-04-04,49.71,49.96,49.515,49.89,3954277,0.0
2019-04-07,49.87,49.985,49.44,49.59,4124370,0.0
2019-04-08,49.54,49.84,49.35,49.53,4577805,0.0
2019-04-09,49.95,50.26,49.52,49.56,4103730,0.0
2019-04-10,49.48,49.8,49.38,49.775,2755935,0.0
2019-04-11,49.65,49.83,49.195,49.7,4217761,0.0
2019-04-14,49.81,50.29,49.71,50.19,3870800,0.0
2019-04-15,50.08,50.2,49.1,49.21,3314202,0.0
2019-04-16,49.29,49.32,48.79,48.87,4433532,0.0
2019-04-17,49,49.62,48.82,49.38,6301670,0.0
2019-04-21,49.49,49.735,49.31,49.46,4833640,0.0
2019-04-22,49.52,49.97,49.31,49.74,5176066,0.0
2019-04-23,49.79,50.34,49.73,50.07,5751827,0.0
2019-04-24,49.88,50.665,49.8,50.39,3421233,0.0
2019-04-25,50.63,51.03,50.455,50.48,3078853,0.0
2019-04-28,50.37,50.45,49.68,50.085,3693619,0.0
2019-04-29,50.21,51,49.97,50.94,5569266,0.0
2019-04-30,50.76,50.82,50.28,50.31,4751483,0.0
2019-05-01,50.67,50.715,49.225,49.75,3939216,0.0
2019-05-02,49.75,50.05,49.59,49.89,3724920,0.0
2019-05-05,49.93,50.04,49.245,49.39,3884447,0.0
2019-05-06,49.32,49.51,48.89,49.09,3910733,0.0
2019-05-07,48.95,49.16,48.425,48.6,4832107,0.0
2019-05-08,48.68,48.93,48.33,48.75,4085650,0.0
2019-05-09,48.78,49.42,48.49,49.34,3068462,0.0
2019-05-12,49.21,49.91,49.14,49.82,3601006,0.0
2019-05-13,49.38,49.56,48.91,48.97,4191982,0.0
2019-05-14,49.01,49.21,48.74,48.77,2813434,0.0
2019-05-15,48.81,49.16,48.64,48.92,3942256,0.0
2019-05-16,48.52,49.185,48.52,48.98,3643781,0.0
2019-05-19,49.1,49.33,48.8,48.93,2864086,0.0
2019-05-20,48.98,49.35,48.7941,48.95,2475918,0.0
2019-05-21,49.02,49.375,48.81,49.28,3177049,0.0
2019-05-22,49.29,49.725,49.2,49.67,2921054,0.0
2019-05-23,49.67,50.01,49.515,49.57,3031589,0.0
2019-05-27,49.58,49.62,48.665,48.77,2739222,0.0
2019-05-28,48.93,48.96,48.1435,48.24,2829836,0.0
2019-05-29,48.35,48.5,47.955,48.04,1902197,0.0
2019-05-30,48.04,48.29,47.68,48.08,3946932,0.0
2019-06-02,48.31,48.61,47.99,48.52,2842725,0.0
2019-06-03,48.51,48.775,47.7,48.71,2818106,0.0
2019-06-04,48.91,49.97,48.8,49.72,3680729,0.0
2019-06-05,49.73,50.355,49.62,50.24,4141545,0.0
2019-06-06,50.77,51.18,49.95,49.96,3829947,0.0
2019-06-09,49.96,49.96,49.245,49.55,2395980,0.0
2019-06-10,49.44,49.69,48.92,49.21,2561813,0.0
2019-06-11,49.39,50.49,49.11,50.45,4569192,0.0
2019-06-12,50.53,50.67,49.82,50.18,2786064,0.0
2019-06-13,50.18,50.95,50.07,50.81,3250340,0.0
2019-06-16,50.77,50.86,50.24,50.43,3105833,0.0
2019-06-17,50.61,50.69,49.52,49.9,4044717,0.0
2019-06-18,49.66,50.175,49.32,50,5483540,0.0
2019-06-19,50.17,50.465,49.67,50.23,3458934,0.0
2019-06-20,50.17,50.46,49.8,50.405,4490190,0.0
2019-06-23,50.24,50.57,49.89,50.15,3170264,0.0
2019-06-24,50.02,50.1,49,49.05,4488664,0.0
2019-06-25,48.86,48.99,47.76,47.8,4728236,0.0
2019-06-26,47.98,48.07,47.38,47.56,4386768,0.0
2019-06-27,47.63,48.06,47.5,47.95,3898200,0.0
2019-06-30,47.97,48.135,47.5,48.06,3599153,0.0
2019-07-01,48.16,48.84,48.12,48.83,6236790,0.0
2019-07-02,48.88,49.21,48.705,49.02,2722650,0.0
2019-07-04,48.7,49.26,48.19,49.2,3898915,0.0
2019-07-07,49.15,49.26,48.58,48.77,4799796,0.0
2019-07-08,48.77,49.08,48.42,48.98,4582123,0.0
2019-07-09,49.19,49.8,48.98,49.38,4964110,0.0
2019-07-10,49.42,49.5674,49,49.54,3307051,0.0
2019-07-11,49.62,49.71,49.02,49.06,3346167,0.0
2019-07-14,49.01,49.21,48.68,48.89,3911708,0.0
2019-07-15,48.81,49.07,48.07,48.39,4208793,0.0
2019-07-16,48.65,48.86,48.44,48.6,3349541,0.0
2019-07-17,48.72,48.86,48.31,48.77,2977728,0.0
2019-07-18,48.62,48.72,47.53,47.57,4646246,0.0
2019-07-21,47.73,47.78,47.0684,47.27,3495728,0.0
2019-07-22,47.2,47.26,46.225,46.34,6038550,0.0
2019-07-23,46.3,46.3,45.11,45.48,8926581,0.0
2019-07-24,45.5,46.27,45.195,46.14,8004916,0.0
2019-07-25,46.24,46.48,45.81,45.84,4199020,0.0
2019-07-28,45.9,46.21,45.46,46.06,4552867,0.0
2019-07-29,46.06,46.435,45.87,46.05,3454313,0.0
2019-07-30,46.04,46.075,44.9,45.09,5333758,0.0
2019-07-31,44.04,45.15,43.691,44.4,7184356,0.0
2019-08-01,44.57,45.46,44.5,44.76,5263581,0.0
2019-08-04,44.81,45.305,44.31,44.43,8422344,0.0
2019-08-05,44.54,45.38,44.22,45.22,5711184,0.0
2019-08-06,45.13,45.355,44.33,45.02,4068599,0.0
2019-08-07,44.98,45.46,44.73,45.43,3922043,0.0
2019-08-08,45.61,45.79,45.13,45.21,3572436,0.0
2019-08-11,45.21,45.48,44.83,45.21,4291472,0.0
2019-08-12,45.28,45.765,44.77,45.53,5463730,0.0
2019-08-13,45.07,45.16,44.25,44.46,4438372,0.0
2019-08-14,44.42,44.96,44.32,44.65,4076166,0.0
2019-08-15,44.82,45.18,44.6016,45.13,4551748,0.0
2019-08-18,45.2,45.45,44.94,45.27,2798446,0.0
2019-08-19,45.38,45.39,44.9,45.21,3618171,0.0
2019-08-20,45.22,45.59,45.045,45.44,3183845,0.0
2019-08-21,45.44,45.685,45.21,45.52,2758411,0.0
2019-08-22,45.34,45.63,44.7,44.9,4286305,0.0
2019-08-25,45.03,45.69,44.89,45.68,2745901,0.0
2019-08-26,46.6,46.995,46.21,46.24,6084340,0.0
2019-08-27,46.17,46.52,46.025,46.435,4449354,0.0
2019-08-28,46.68,46.775,46.32,46.75,2992567,0.0
2019-08-29,46.97,47.465,46.76,47.26,3958023,0.0
2019-09-02,47.08,47.95,46.97,47.93,4767731,0.0
2019-09-03,48.19,48.24,47.65,48.02,3653441,0.0
2019-09-04,47.79,48.28,47.65,48.13,5175139,0.0
2019-09-05,48.57,48.765,47.96,48.11,3958033,0.0
2019-09-08,47.92,48.25,47.78,48.04,3340938,0.0
2019-09-09,47.93,48.47,47.85,48.35,3585180,0.0
2019-09-10,48.26,48.755,47.95,48.72,2976790,0.0
2019-09-11,49,49.09,47.87,47.88,5511401,0.0
2019-09-12,47.6,47.88,46.64,47.27,5830202,0.0
2019-09-15,47.27,47.395,46.97,47.36,2856404,0.0
2019-09-16,47.29,47.65,47.07,47.29,3608048,0.0
2019-09-17,47.52,48.02,47.48,47.93,3096234,0.0
2019-09-18,48.08,48.08,47.62,47.8,2743791,0.0
2019-09-19,48.02,48.59,47.96,48.45,7998181,0.0
2019-09-22,48.28,48.42,48.07,48.3,3147744,0.0
2019-09-23,48.54,49.02,48.47,48.81,3935272,0.0
2019-09-24,48.79,49.045,48.48,49.01,3197805,0.0
2019-09-25,49.05,49.315,48.77,49.19,3134240,0.0
2019-09-26,49.23,49.23,48.28,48.58,3769697,0.0
2019-09-29,48.59,48.8,48.22,48.31,2666079,0.0
2019-09-30,48.24,48.35,47.81,47.99,3074169,0.0
2019-10-01,48.05,48.11,47.53,47.63,3367369,0.0
2019-10-02,47.74,47.78,47.345,47.73,2581284,0.0
2019-10-03,47.95,48.49,47.655,48.45,5527999,0.0
2019-10-06,48.23,48.575,47.98,48.45,4947552,0.0
2019-10-07,48.17,48.45,47.75,47.77,6233473,0.0
2019-10-08,47.75,48.11,47.6,47.9,5433509,0.0
2019-10-09,47.68,47.725,47.09,47.42,7104958,0.0
2019-10-10,47.55,47.94,47.435,47.5,7677174,0.0
2019-10-13,47.61,47.6591,46.9,47.11,4678198,0.0
2019-10-14,47.13,47.37,46.93,47.06,6111284,0.0
2019-10-15,46.75,46.75,44.74,44.9,19540885,0.0
2019-10-16,44.3,44.38,43.415,44.06,37143618,0.0
2019-10-17,44,44.765,43.92,44.67,38714168,0.0
2019-10-20,44.67,44.81,44.45,44.71,5454503,0.0
2019-10-21,44.97,45.265,44.59,45.255,7958457,0.0
2019-10-22,45.51,45.79,45.16,45.66,7194688,0.0
2019-10-23,45.56,46.26,45.56,46.185,6351143,0.0
2019-10-24,46.12,46.24,45.61,45.88,5856131,0.0
2019-10-27,45.83,45.89,45.44,45.61,5306255,0.0
2019-10-28,45.58,45.97,45.37,45.87,4912185,0.0
2019-10-29,45.82,46.67,45.74,46.66,6761436,0.0
2019-10-30,46.5,46.68,45.125,45.49,6902797,0.0
2019-10-31,45.44,45.92,45.24,45.33,4922964,0.0
2019-11-03,45.45,45.525,44.28,44.5,5927466,0.0
2019-11-04,44.46,44.985,44.31,44.79,5606421,0.0
2019-11-05,44.82,45.125,44.64,44.83,5640299,0.0
2019-11-06,44.61,44.79,44.35,44.7,4316136,0.0
2019-11-07,44.57,44.87,44.36,44.715,3590490,0.0
2019-11-10,44.67,44.71,43.915,44.015,3356530,0.0
2019-11-11,44.02,44.53,43.96,44.32,4100250,0.0
2019-11-12,44.4,44.79,44.32,44.5,3999928,0.0
2019-11-13,44.12,44.66,44.02,44.63,4247877,0.0
2019-11-14,44.8,45.035,44.51,45.03,3853728,0.0
2019-11-17,45.18,45.6,44.97,45.42,5832264,0.0
2019-11-18,45.51,45.84,45.26,45.37,8632022,0.0
2019-11-19,45.2,45.44,44.53,45.35,9494948,0.0
2019-11-20,45.2,45.36,44.26,44.39,7328884,0.0
2019-11-21,44.57,44.59,44.07,44.44,5230933,0.0
2019-11-24,44.43,44.6,44.11,44.16,4761083,0.0
2019-11-25,44.1,44.25,43.81,44.01,6055140,0.0
2019-11-26,44.1,44.33,43.82,44.27,3640931,0.0
2019-11-28,44.33,44.62,44.2,44.4,3213689,0.0
2019-12-01,44.3,44.42,43.85,43.93,4734073,0.0
2019-12-02,44.18,44.31,43.805,44.24,5313090,0.0
2019-12-03,44.09,44.665,44.04,44.55,4024878,0.0
2019-12-04,44.65,44.89,44.24,44.85,4413382,0.0
2019-12-05,44.84,45.3,44.61,44.87,3643322,0.0
2019-12-08,44.91,45.04,44.68,44.94,2874339,0.0
2019-12-09,45.21,45.21,44.68,44.73,4025723,0.0
2019-12-10,44.49,44.63,44.01,44.19,4809977,0.0
2019-12-11,44.25,44.54,43.81,44.08,5723257,0.0
2019-12-12,44.09,44.13,43.565,43.8,5927235,0.0
2019-12-15,43.99,44.76,43.945,44.69,4833757,0.0
2019-12-16,44.92,45.09,44.43,44.99,4710409,0.0
2019-12-17,45.15,45.4,44.465,45.37,5339196,0.0
2019-12-18,45.26,45.3977,44.4,44.99,7574975,0.0
2019-12-19,45.35,45.73,44.98,45.45,8194419,0.0
2019-12-22,45.45,45.59,44.84,45.2,3926557,0.0
2019-12-23,45.28,45.44,45.09,45.33,1786816,0.0
2019-12-25,45.19,45.515,45.135,45.33,2100714,0.0
2019-12-26,45.4,45.53,45.15,45.41,2898330,0.0
2019-12-29,45.4,45.71,45.24,45.38,2985842,0.0
2019-12-30,45.39,45.64,45.18,45.58,2595756,0.0
2020-01-01,45.78,45.78,45.25,45.42,3403157,0.0
2020-01-02,45.33,45.765,45.32,45.58,4414216,0.0
2020-01-05,45.54,45.76,45.39,45.64,3948369,0.0
2020-01-06,45.53,45.69,45.12,45.68,5732060,0.0
2020-01-07,45.68,46.18,45.625,46.01,4807760,0.0
2020-01-08,45.92,46.19,45.58,46.16,4445010,0.0
2020-01-09,46.3,46.43,46.115,46.3,5063269,0.0
2020-01-12,46.23,46.58,46.12,46.17,4152460,0.0
2020-01-13,46.09,46.095,45.57,45.82,4908458,0.0
2020-01-14,46.05,46.91,46.01,46.56,4531643,0.0
2020-01-15,46.65,47.03,46.55,46.75,4873657,0.0
2020-01-16,46.96,47.47,46.73,47.37,6189377,0.0
2020-01-20,47.44,47.61,47.23,47.59,6436028,0.0
2020-01-21,47.57,47.91,47.5,47.65,9893552,0.0
2020-01-22,47.67,48,47.44,47.95,6800370,0.0
2020-01-23,47.85,48.17,47.55,47.74,8466826,0.0
2020-01-26,47.76,48.17,47.19,47.29,4523583,0.0
2020-01-27,47.26,47.91,47.23,47.74,3725691,0.0
2020-01-28,47.66,48.275,47.58,47.82,5705809,0.0
2020-01-29,47.62,48.15,47.4,48.08,4732622,0.0
2020-01-30,48,48.16,47.25,47.585,5779477,0.0
2020-02-02,47.68,48.3,47.6,48.21,4613678,0.0
2020-02-03,48.11,48.51,47.89,48.09,5072906,0.0
2020-02-04,48.01,48.44,47.82,48.33,3639123,0.0
2020-02-05,48.35,48.57,48.2,48.27,3329378,0.0
2020-02-06,48.37,48.58,48.15,48.2,3856151,0.0
2020-02-09,48.29,48.36,48.055,48.35,3345151,0.0
2020-02-10,48.31,49.465,48.31,49.34,5419060,0.0
2020-02-11,49.5,49.62,49.01,49.26,4497214,0.0
2020-02-12,49.45,49.695,49.205,49.57,3897131,0.0
2020-02-13,49.6,49.78,49.33,49.76,3062445,0.0
2020-02-17,49.92,50.54,49.65,50.39,4397465,0.0
2020-02-18,49.83,50.0392,49.395,49.6,3376579,0.0
2020-02-19,49.48,49.93,49.42,49.85,3307737,0.0
2020-02-20,49.84,50.044,49.65,49.72,3963758,0.0
2020-02-23,50.05,50.47,48.8,48.825,5086430,0.0
2020-02-24,48.77,48.875,47.51,47.63,5665857,0.0
2020-02-25,48.19,48.3,47.03,47.03,5549218,0.0
2020-02-26,47.11,47.14,45.12,45.12,6544364,0.0
2020-02-27,44.34,44.36,42.32,43.1,12029765,0.0
2020-03-01,43.19,45.44,42.9,45.43,7621031,0.0
2020-03-02,45.08,46.58,44.04,44.19,10276928,0.0
2020-03-03,44.61,46.865,44.51,46.81,6813421,0.0
2020-03-04,45.79,46.39,45.29,46.13,10376426,0.0
2020-03-05,44.01,45.37,43.56,45.18,8042207,0.0
2020-03-08,42.99,44.61,41.13,41.91,11309485,0.0
2020-03-09,42.68,43.68,40.88,43.13,23379764,0.0
2020-03-10,42.09,42.09,39.37,39.83,15831358,0.0
2020-03-11,37.5,38.23,34.425,35.26,10818463,0.0
2020-03-12,36.15,37.9969,34.1,36.36,9628582,0.0
2020-03-15,33.17,35.59,29.78,30.51,15192654,0.0
2020-03-16,32.09,36.25,29.42,35.995,11608519,0.0
2020-03-17,33.85,34.73,30.92,33.26,7130281,0.0
2020-03-18,32.98,34.34,30.51,32.4,13019070,0.0
2020-03-19,32.67,33.48,30.82,31.06,8018058,0.0
2020-03-22,31.45,31.94,29.3,29.95,8508332,0.0
2020-03-23,31.46,34.57,31.36,34.51,9584617,0.0
2020-03-24,34.03,36.31,33.2,34.56,14745768,0.0
2020-03-25,34.57,36.99,34.26,36.605,4936780,0.0
2020-03-26,35,36.865,34.68,35.5,11225542,0.0
2020-03-29,35.69,37.48,35.5,37.21,5003568,0.0
2020-03-30,36.8,37.961,36.23,36.8,17856136,0.0
2020-03-31,35.2,35.78,32.94,33.47,4988858,0.0
2020-04-01,33.38,35.29,32.96,34.68,6970616,0.0
2020-04-02,34.19,34.45,32.39,32.74,7821152,0.0
2020-04-05,34.12,36.6,34.07,36.33,5532560,0.0
2020-04-06,37.56,37.89,35.65,35.8,5038346,0.0
2020-04-07,35.8,37.93,35.58,37.59,11038826,0.0
2020-04-08,37.97,39.83,37.97,39.15,8356803,0.0
2020-04-12,39.67,39.67,37.2,37.75,4129734,0.0
2020-04-13,38.86,39.14,38.11,39.06,7813351,0.0
2020-04-14,38.17,38.29,36.8,37.03,14763889,0.0
2020-04-15,37.15,37.62,36.415,37.1,11724622,0.0
2020-04-16,38.02,38.56,37.405,38.44,14684161,0.0
2020-04-19,37.66,37.85,37.02,37.08,12726540,0.0
2020-04-20,36.34,36.71,35.22,35.69,17540597,0.0
2020-04-21,36.68,37.53,36.015,37.22,6027110,0.0
2020-04-22,37.01,37.62,35.95,36.32,11970045,0.0
2020-04-23,36.6,36.9,35.87,36.59,13220324,0.0
2020-04-26,36.98,37.96,36.84,37.83,13444039,0.0
2020-04-27,38.0756,39.025,37.57,37.84,10589038,0.0
2020-04-28,38.75,39.045,38.02,38.32,7656194,0.0
2020-04-29,37.95,38.86,36.675,37.04,6756452,0.0
2020-04-30,36.5431,36.85,35.49,35.82,4066956,0.0
2020-05-03,35.81,35.85,34.86,35.45,4737103,0.0
2020-05-04,35.7,36.51,35.67,35.88,8130342,0.0
2020-05-05,36,36.06,34.44,34.48,4420771,0.0
2020-05-06,34.88,35.42,34.73,35.04,10815008,0.0
2020-05-07,35.29,37.48,35.18,37.44,15095838,0.0
2020-05-10,36.71,37.62,36.24,37.28,12646374,0.0
2020-05-11,36.95,37.56,36.73,36.83,11642318,0.0
2020-05-12,36.49,36.69,35.095,35.65,6615963,0.0
2020-05-13,35.29,36.35,34.67,36.1,5607227,0.0
2020-05-14,35.61,35.895,34.605,35.28,16481574,0.0
2020-05-17,36.32,37.84,36.02,37.51,11152520,0.0
2020-05-18,37.1,37.35,36.68,36.71,4171904,0.0
2020-05-19,36.88,37.47,36.85,36.97,4249262,0.0
2020-05-20,36.79,37.15,36.39,36.45,6683540,0.0
2020-05-21,36.36,36.88,36.275,36.86,5785736,0.0
2020-05-25,37.8,38.135,37.3,37.6,4490136,0.0
2020-05-26,38.2,38.53,37.38,37.93,10725306,0.0
2020-05-27,38.4,38.71,37.85,38.26,5042471,0.0
2020-05-28,38.37,38.64,37.55,38.29,4480064,0.0
2020-05-31,38.32,38.96,38.18,38.84,6172986,0.0
2020-06-01,38.93,39.06,38.365,38.94,6520568,0.0
2020-06-02,39.27,40.05,39.15,39.91,7475002,0.0
2020-06-03,39.87,39.89,38.63,38.98,4983399,0.0
2020-06-04,39.91,41.1694,39.51,40.36,4612886,0.0
2020-06-07,40.67,41.955,40.32,41.86,8849342,0.0
2020-06-08,41.16,41.34,40.28,40.51,14161480,0.0
2020-06-09,40.93,41,39.705,40,7319480,0.0
2020-06-10,39.42,39.54,37.72,38.055,18816798,0.0
2020-06-11,38.67,38.84,37.85,37.87,1626849,0.0
2020-06-14,36.97,38.465,36.58,38.31,9943064,0.0
2020-06-15,39.27,39.75,38.22,38.57,8518696,0.0
2020-06-16,38.68,38.77,37.92,38.45,8411205,0.0
2020-06-17,38.14,38.275,37.81,38.2,7618885,0.0
2020-06-18,38.51,38.81,37.43,37.565,8548639,0.0
2020-06-21,37.33,37.84,37.05,37.57,3484994,0.0
2020-06-22,37.99,38.01,37.19,37.25,4681427,0.0
2020-06-23,36.81,37.17,36.245,36.475,5883118,0.0
2020-06-24,36.37,36.37,35.0299,35.41,8446415,0.0
2020-06-25,35.44,35.59,34.49,34.72,6550398,0.0
2020-06-28,35.11,36,34.785,35.99,4063887,0.0
2020-06-29,35.6977,36.56,35.591,36.28,3676972,0.0
2020-06-30,36.15,37.49,36.04,37.36,5038473,0.0
2020-07-01,37.527,38.04,37.365,37.49,3809990,0.0
