Date,Open,High,Low,Close,Volume,OpenInterest
2016-07-13,115.25,115.64,114.5,115.145,1717263,0.0
2016-07-14,113.74,115.27,113.02,114.62,1463996,0.0
2016-07-17,114.69,116.22,113.82,115.53,874780,0.0
2016-07-18,114.69,116.29,114.28,116.13,1191196,0.0
2016-07-19,116.26,117.89,115.795,117.21,1092984,0.0
2016-07-20,117.07,117.27,115.82,116.58,960963,0.0
2016-07-21,116.35,117.31,115.781,117.2,977210,0.0
2016-07-24,116.85,117.65,115.85,117.61,1179936,0.0
2016-07-25,117.99,118.91,116.72,117.63,2347338,0.0
2016-07-26,117.76,118,115.8,117.26,2398839,0.0
2016-07-27,117.55,119.77,116.23,119.3,3343050,0.0
2016-07-28,113.74,117.93,112.99,116.65,5309804,0.0
2016-07-31,116.82,117.7719,115.5,117.37,1599981,0.0
2016-08-01,116.29,116.95,112.5,113.55,3954845,0.0
2016-08-02,113.3,114.08,112.35,112.56,1760610,0.0
2016-08-03,111.66,114.2,111.01,113.53,1520010,0.0
2016-08-04,114.26,115.5,113.12,113.23,1786704,0.0
2016-08-07,113.37,114.2,112.32,114.1,1067591,0.0
2016-08-08,114.08,114.96,113.4,113.77,1037342,0.0
2016-08-09,114.47,114.78,113.78,114.38,818851,0.0
2016-08-10,114.84,115.735,114.2,114.81,1050905,0.0
2016-08-11,114.52,116.34,114.3,116.08,1387976,0.0
2016-08-14,116.59,117.99,116.57,116.92,1507269,0.0
2016-08-15,116.9,117.7,116,116.29,861486,0.0
2016-08-16,116.07,116.6178,115.16,115.42,1071980,0.0
2016-08-17,115.6,115.99,115.01,115.45,689815,0.0
2016-08-18,114.99,115.29,114.71,115,869052,0.0
2016-08-21,114.81,115.155,113.95,114,1098295,0.0
2016-08-22,114,114.81,113.58,113.6,1261534,0.0
2016-08-23,113.6,114.12,111.89,111.9,1236736,0.0
2016-08-24,111.44,112.58,111.335,112.25,1106777,0.0
2016-08-25,112.61,113.76,110.48,111.32,1875265,0.0
2016-08-28,111.7,111.74,109.79,109.8,1417227,0.0
2016-08-29,110.14,110.32,108.7,109.09,1212429,0.0
2016-08-30,108.72,109.78,108.26,109.12,1380851,0.0
2016-08-31,109.84,113.25,109.16,113.12,2730783,0.0
2016-09-01,114.02,114.39,111.87,112.05,1439614,0.0
2016-09-05,112.1,114.7,112.02,113.91,1626607,0.0
2016-09-06,113.55,114.39,113.47,113.65,1328844,0.0
2016-09-07,113.11,114.28,112.35,114.08,897982,0.0
2016-09-08,113.04,113.37,111.05,111.11,1244514,0.0
2016-09-11,110.15,113.95,109.8,113.59,1604636,0.0
2016-09-12,112.5,113.57,111.12,111.59,858056,0.0
2016-09-13,111.98,112.67,111.03,111.31,630680,0.0
2016-09-14,110.94,112.2,110.1501,111.9,1864316,0.0
2016-09-15,110.69,111,106.86,107.83,4958342,0.0
2016-09-18,108.56,108.785,105.74,106.11,3818309,0.0
2016-09-19,106.99,107.82,105.62,107.66,2154168,0.0
2016-09-20,107.85,108.2,107.1,108.02,1615636,0.0
2016-09-21,109,109.0495,108.35,108.78,1043429,0.0
2016-09-22,109.02,110.27,108.54,109.91,1250301,0.0
2016-09-25,109.35,109.59,108.5,109.09,772637,0.0
2016-09-26,109.25,113.29,109.25,113.1,1803229,0.0
2016-09-27,113.52,116.08,112.64,115.98,2946408,0.0
2016-09-28,115.95,119.15,115.56,118.4,4827610,0.0
2016-09-29,118.58,118.77,116.58,116.72,1792870,0.0
2016-10-02,116.6,117.4,115.7,117.02,1210058,0.0
2016-10-03,118.05,119.12,117.2,119.11,1658881,0.0
2016-10-04,119.3,119.5,118.48,119.14,1095831,0.0
2016-10-05,119.04,119.05,117.45,118.54,987990,0.0
2016-10-06,118.78,118.78,117.39,117.76,985333,0.0
2016-10-09,118.34,119.5,117.905,118.79,900650,0.0
2016-10-10,118.16,118.66,116.85,117.72,1503638,0.0
2016-10-11,118.6,119.42,117.95,118.79,1635677,0.0
2016-10-12,117.43,119.35,116.58,118.68,863333,0.0
2016-10-13,118.8,121.25,118.761,120.82,1827836,0.0
2016-10-16,121.09,122,119.94,121.79,1635760,0.0
2016-10-17,122.92,124.23,122.15,122.83,3291723,0.0
2016-10-18,123.46,125.05,122.87,124.69,2078709,0.0
2016-10-19,127.04,128.025,123.88,124.65,3256929,0.0
2016-10-20,124.57,127.67,124.1,127.58,1800205,0.0
2016-10-23,128.22,129.17,127.04,127.71,2147144,0.0
2016-10-24,127.5,128.75,127.27,127.99,1597906,0.0
2016-10-25,127.76,127.77,125.35,125.52,1744392,0.0
2016-10-26,125.98,126.88,124.89,126.37,2804517,0.0
2016-10-27,128.85,133.55,128.24,131.7,5896802,0.0
2016-10-30,131.57,131.8106,128.835,129.22,1579778,0.0
2016-10-31,129.79,130.35,124.49,126,2629844,0.0
2016-11-01,126,126,122.96,123,2309683,0.0
2016-11-02,123.39,126.24,123.015,125.29,2277004,0.0
2016-11-03,124.64,126.2,123.7,125.21,1276758,0.0
2016-11-06,126.79,127.47,125.68,126.49,1922103,0.0
2016-11-07,126.9,127.61,125.83,127.01,1839685,0.0
2016-11-08,123.98,125.74,123.5801,124.75,1699556,0.0
2016-11-09,125.65,127.16,121.6404,123.63,1862437,0.0
2016-11-10,123.5,123.77,120.32,121.2,2587063,0.0
2016-11-13,121.37,121.73,117.35,119.16,2356813,0.0
2016-11-14,121.95,124.76,121.2401,123.54,1943732,0.0
2016-11-15,122.97,125.5,122.92,125.2,1220059,0.0
2016-11-16,125.4,127.115,125.145,126.58,1790643,0.0
2016-11-17,126.57,126.64,125.5,125.67,1049719,0.0
2016-11-20,125.74,126.87,125.74,126.46,1316942,0.0
2016-11-21,126.54,127.84,126.16,127.57,1049669,0.0
2016-11-22,127.5,127.869,125.54,126.37,1202841,0.0
2016-11-24,125.73,127.38,125.73,127.28,323266,0.0
2016-11-27,126.99,127.25,125.69,125.92,768332,0.0
2016-11-28,126.23,126.73,124.78,125.11,724013,0.0
2016-11-29,125.82,125.87,123.888,124.04,1092088,0.0
2016-11-30,123.95,124.31,121.75,122.01,1498784,0.0
2016-12-01,122.4,122.63,120.52,121,1146572,0.0
2016-12-04,121.27,124.5079,121.05,123.69,1974910,0.0
2016-12-05,124.04,124.4,123.66,123.75,1087572,0.0
2016-12-06,124.04,124.3,123.36,123.55,1384549,0.0
2016-12-07,124.22,124.32,122.97,123,1550138,0.0
2016-12-08,123.24,124.72,123.02,124.06,1235247,0.0
2016-12-11,123.8,124.04,119.34,120.24,1694411,0.0
2016-12-12,120.13,121.69,118.92,120.03,2636327,0.0
2016-12-13,120.21,120.56,115.55,116.39,3740503,0.0
2016-12-14,116.66,118.84,115.09,116.925,2538509,0.0
2016-12-15,117.79,118.9,115.66,116.66,2036214,0.0
2016-12-18,116.54,117.76,115.81,116.22,1652869,0.0
2016-12-19,115.3,118.31,115.3,117.09,4031320,0.0
2016-12-20,116.96,117.17,114.39,114.87,2572767,0.0
2016-12-21,114.9,115.17,113.73,114.41,1426805,0.0
2016-12-22,114.3,114.81,113.5,113.86,630710,0.0
2016-12-26,114.35,114.98,113.58,113.62,692860,0.0
2016-12-27,114.23,114.7715,112.63,113.47,837008,0.0
2016-12-28,113.22,114.21,113,113.97,901152,0.0
2016-12-29,113.84,114.24,112.72,113.28,1729917,0.0
2017-01-02,114.04,114.14,111.875,112.44,1768168,0.0
2017-01-03,112.97,114.52,112.7,113.74,2554643,0.0
2017-01-04,113.73,114.84,112.9,114.67,1780248,0.0
2017-01-05,116.42,117.88,116.13,116.45,2982065,0.0
2017-01-08,117.89,118,116.14,117.31,2849298,0.0
2017-01-09,115.9,118.25,115.7,117.62,2321900,0.0
2017-01-10,118.17,118.2,116.25,117.22,1263210,0.0
2017-01-11,117.01,118.12,116.41,118.01,1129880,0.0
2017-01-12,118.01,120.44,117.81,118.81,2014163,0.0
2017-01-16,119.29,120.42,118.25,118.6,985860,0.0
2017-01-17,118.95,119.51,117.91,119.35,790079,0.0
2017-01-18,119.72,119.83,118.41,118.84,763165,0.0
2017-01-19,119.75,120.29,118.68,119.91,1165281,0.0
2017-01-22,120,120.7,118.98,120,1160141,0.0
2017-01-23,120.37,120.555,119.27,120.22,1221743,0.0
2017-01-24,120.97,121.43,120.4,120.87,784529,0.0
2017-01-25,121.33,121.73,120.57,121.23,798178,0.0
2017-01-26,121.41,122.08,120.92,121.99,771346,0.0
2017-01-29,121.4,121.8,119.61,121.54,1339657,0.0
2017-01-30,121.46,121.65,120.04,121.59,891009,0.0
2017-01-31,121.78,121.95,120.28,120.77,877960,0.0
2017-02-01,120.45,121.23,120.02,120.6,986898,0.0
2017-02-02,120.71,121.62,120.49,121.52,991790,0.0
2017-02-05,121.12,122.06,120.5,122.05,967646,0.0
2017-02-06,122.5,123.08,121.75,122.35,1639714,0.0
2017-02-07,122,123.08,121.14,122.84,1401169,0.0
2017-02-08,123.15,123.94,121.7,123.22,2311659,0.0
2017-02-09,125.01,126.41,120.6301,122.65,5659053,0.0
2017-02-12,123.06,123.06,119.22,119.48,3189917,0.0
2017-02-13,119.29,120.0958,118.82,119.67,2524147,0.0
2017-02-14,119.54,121.9,119.36,120.88,1835754,0.0
2017-02-15,120.75,121.42,119.65,119.85,1680356,0.0
2017-02-16,119.36,119.76,118.55,119.4,1331798,0.0
2017-02-20,118.82,119.93,118.38,119.4,1330325,0.0
2017-02-21,119.22,120.83,118.97,120.56,1124271,0.0
2017-02-22,121.11,121.11,119.38,119.62,974498,0.0
2017-02-23,119.34,119.64,118.41,119.16,804884,0.0
2017-02-26,118.68,119.36,118.34,118.69,670665,0.0
2017-02-27,119,119.97,118.5,119.04,1396513,0.0
2017-02-28,119.81,120.69,117.95,120.45,1468095,0.0
2017-03-01,120.22,120.48,118.56,118.92,876573,0.0
2017-03-02,119.87,120.46,119.41,120.12,1354757,0.0
2017-03-05,119.66,122.45,119.22,121.48,1880629,0.0
2017-03-06,120.72,122.73,120.6501,122.4,997211,0.0
2017-03-07,122.32,124.83,122.08,124.53,1762228,0.0
2017-03-08,124.48,126.47,124.0201,124.74,1872826,0.0
2017-03-09,125.46,125.87,124.94,125.76,1051231,0.0
2017-03-12,125.47,127.9113,125.2,127.35,1337262,0.0
2017-03-13,127.01,127.74,126.42,127.64,835948,0.0
2017-03-14,128,130.21,127.78,129.47,2365762,0.0
2017-03-15,129.95,131.12,129.915,130.73,1923178,0.0
2017-03-16,131.79,132.17,130.63,131.16,1517102,0.0
2017-03-19,130.65,131.43,129.15,129.85,1146088,0.0
2017-03-20,130.1,130.335,126.75,127.6,2044229,0.0
2017-03-21,126.78,127.78,126.29,127.67,1518842,0.0
2017-03-22,127.4,127.97,126.78,127.04,776886,0.0
2017-03-23,127.41,128.54,126.46,127.75,1029280,0.0
2017-03-26,127.11,128.68,126.25,127.8,975965,0.0
2017-03-27,127.62,129.7,127.54,129.03,927361,0.0
2017-03-28,129.26,130.16,128.64,129.67,816114,0.0
2017-03-29,129.44,129.82,128.83,129.45,673364,0.0
2017-03-30,127.44,127.67,125.57,126.16,3429949,0.0
2017-04-02,126.34,126.69,124.34,126.14,1264204,0.0
2017-04-03,125.82,126.09,124.7,125.01,1461125,0.0
2017-04-04,125.2,126.48,124.45,124.97,2862670,0.0
2017-04-05,125.64,125.73,124.33,125.68,1618283,0.0
2017-04-06,125.95,127.25,125.35,126.5,1422915,0.0
2017-04-09,127.18,128.72,126.85,128.46,1246398,0.0
2017-04-10,128.82,129.16,127.66,129.12,2092595,0.0
2017-04-11,129.47,129.88,128.8733,129.29,1989260,0.0
2017-04-12,129.27,129.59,128.11,128.13,1181647,0.0
2017-04-16,128.63,130.39,128.35,130.34,972195,0.0
2017-04-17,129.99,131,129.2,130.47,954923,0.0
2017-04-18,131,132.19,130.76,130.95,838610,0.0
2017-04-19,131.57,132.76,130.72,131.91,1043105,0.0
2017-04-20,132.04,132.365,131.481,131.98,1256709,0.0
2017-04-23,133.02,134.87,133.02,134.14,1750512,0.0
2017-04-24,134.83,136.27,134.51,135.43,1423413,0.0
2017-04-25,135.24,135.982,134.26,135.75,1336087,0.0
2017-04-26,136.08,137,135.3,136.21,1876458,0.0
2017-04-27,133.86,135.49,131.85,133.75,3403687,0.0
2017-04-30,134,136.9025,133.865,136.6,1503104,0.0
2017-05-01,136.6,139.2,136.24,138.99,2002905,0.0
2017-05-02,139.5,139.69,137.78,139.13,1704698,0.0
2017-05-03,139.38,141.32,138.48,141.1,1571163,0.0
2017-05-04,140.95,141.41,138.33,140.39,2059840,0.0
2017-05-07,140.4,140.95,138.66,139.57,1487496,0.0
2017-05-08,139.54,140.34,139.25,139.4,1129226,0.0
2017-05-09,138.5,139.86,137.81,139.83,1126209,0.0
2017-05-10,139.05,139.8899,138.29,139.86,832144,0.0
2017-05-11,140.03,140.83,139.35,139.81,794725,0.0
2017-05-14,140.32,143.3,140.17,143.02,1229814,0.0
2017-05-15,143.68,145.77,142.74,145.37,2241838,0.0
2017-05-16,143.98,145.2,140.14,140.41,3893351,0.0
2017-05-17,138.89,142.2799,138.57,141.26,1152990,0.0
2017-05-18,141.62,143.03,141.23,141.58,1183666,0.0
2017-05-21,142.14,143.12,141.48,142.51,1025478,0.0
2017-05-22,142.74,143.5,142.07,142.56,676992,0.0
2017-05-23,142.78,143.75,141.67,143.71,879189,0.0
2017-05-24,143.7,146.03,143.57,145.53,1072316,0.0
2017-05-25,145.46,145.7325,143.58,144.58,872666,0.0
2017-05-29,144.01,145.19,143.77,144.15,568530,0.0
2017-05-30,144.37,145.02,143.37,143.8,1093514,0.0
2017-05-31,144.42,147.09,144.31,146.8,1274821,0.0
2017-06-01,147,147.01,145.5,146.37,888471,0.0
2017-06-04,146.09,148.1,145.83,147.85,967347,0.0
2017-06-05,147.35,147.83,146.65,146.87,648626,0.0
2017-06-06,147.31,147.31,145.87,146.36,636569,0.0
2017-06-07,147.15,149.34,145.95,149.22,1187447,0.0
2017-06-08,149.09,150.62,142.19,143.59,2123454,0.0
2017-06-11,142.15,145.44,141.55,144.27,2032000,0.0
2017-06-12,144.8,146.74,144.79,145.92,1014859,0.0
2017-06-13,146.81,149.5,146.01,147.19,1153581,0.0
2017-06-14,145.83,146.18,143.75,145.69,895644,0.0
2017-06-15,145.73,146.57,145,146.3,940375,0.0
2017-06-18,147,148.84,146.42,148.39,814553,0.0
2017-06-19,148.69,149.46,147.38,147.69,663180,0.0
2017-06-20,147.23,149.66,146.45,149.46,708572,0.0
2017-06-21,149.5,152.83,148.88,152.01,1428737,0.0
2017-06-22,151.59,154.7,151,154.44,921097,0.0
2017-06-25,154.43,156.3899,151.61,151.95,1065181,0.0
2017-06-26,151.81,152.02,146.5,147.85,1542053,0.0
2017-06-27,150.5,150.82,148.35,150.12,1907152,0.0
2017-06-28,149.36,149.58,145.93,148.1,1672257,0.0
2017-06-29,148.95,150,147.59,148.96,1085744,0.0
2017-07-02,149.56,149.69,146.8,147.68,613292,0.0
2017-07-04,148.28,150.6,147.65,150.15,997677,0.0
2017-07-05,149.24,150.58,148.08,148.65,916016,0.0
2017-07-06,148.95,150.39,148.95,149.74,711988,0.0
2017-07-09,149.63,151.325,149.06,149.96,639751,0.0
2017-07-10,150.2,150.97,149.54,149.92,895629,0.0
2017-07-11,151.22,152.64,150.94,152.28,1096897,0.0
2017-07-12,152.24,153.07,151.83,152.96,635437,0.0
2017-07-13,153.73,154.78,152.7001,154.18,932909,0.0
2017-07-16,154.3,154.44,152.16,152.73,792608,0.0
2017-07-17,152.47,153.7,151.865,153.58,671307,0.0
2017-07-18,154.25,155.845,153.915,155.42,752496,0.0
2017-07-19,155.22,155.98,153.96,154.62,687476,0.0
2017-07-20,153.91,154.95,152.93,153.93,850426,0.0
2017-07-23,153.94,155.03,153.88,154.62,572752,0.0
2017-07-24,155.65,155.8,154.16,154.59,1388998,0.0
2017-07-25,155.24,158,155.005,156.91,1581885,0.0
2017-07-26,158.54,158.74,152.08,154.16,1995115,0.0
2017-07-27,154.44,161,154.36,159.5,2875857,0.0
2017-07-30,159.28,159.28,154.64,156.47,1591977,0.0
2017-07-31,157.24,157.24,152.46,152.68,1359536,0.0
2017-08-01,152.87,153.36,150.28,153.07,1233466,0.0
2017-08-02,153.26,154.85,152.16,153.69,804485,0.0
2017-08-03,152.99,153.68,149.74,151.34,1484977,0.0
2017-08-06,151.47,152.76,148.71,149.11,1608698,0.0
2017-08-07,148.75,148.75,144.59,145.93,3386778,0.0
2017-08-08,143.75,148.0612,143.31,147.9,1546094,0.0
2017-08-09,146.76,146.9,143.03,143.57,1314702,0.0
2017-08-10,144.16,144.74,142.06,144.53,928407,0.0
2017-08-13,146.11,147.83,145.09,147.57,1031871,0.0
2017-08-14,147.54,147.63,145,147.07,871328,0.0
2017-08-15,148.17,149.24,147.3,148.81,1187797,0.0
2017-08-16,148.55,148.79,144.02,144.13,1320061,0.0
2017-08-17,144.14,145.13,142.72,143.66,1114808,0.0
2017-08-20,143.86,145.32,143.26,145.04,698620,0.0
2017-08-21,145.32,148.07,145.32,147.61,716364,0.0
2017-08-22,147,148.32,146.55,148.09,989223,0.0
2017-08-23,149.31,151.87,149.31,149.95,1386681,0.0
2017-08-24,151.53,151.745,148.47,149.25,820263,0.0
2017-08-27,143.63,143.99,141.21,142.52,5783944,0.0
2017-08-28,141,145.02,140.75,143.99,2563325,0.0
2017-08-29,144,145.16,141.83,143.44,2889798,0.0
2017-08-30,145.32,148.52,144.88,148.37,1762597,0.0
2017-08-31,149.03,151.89,148.01,148.22,1757508,0.0
2017-09-04,147.79,148.6,146.02,147.6,1000085,0.0
2017-09-05,144.57,145.45,142.05,144.38,2731154,0.0
2017-09-06,144.66,145.19,143.09,143.97,918207,0.0
2017-09-07,143.99,143.99,141.22,141.39,1071381,0.0
2017-09-10,142.43,144.59,141.43,144.14,1332547,0.0
2017-09-11,144.12,145.77,142.71,145.37,872762,0.0
2017-09-12,145.32,145.85,144.44,145.67,876918,0.0
2017-09-13,144.96,145.08,142.96,143.36,742113,0.0
2017-09-14,143.23,143.89,141.51,142.13,1129375,0.0
2017-09-17,143,143.37,140.68,142.15,1625733,0.0
2017-09-18,141.6,141.98,138.35,141.47,1942263,0.0
2017-09-19,141.69,143.5,141.39,143.01,1303296,0.0
2017-09-20,142.2,143.34,140.07,143.12,1903062,0.0
2017-09-21,142.55,146.28,142.08,145.77,1818039,0.0
2017-09-24,145.73,145.77,140.01,142.71,2213693,0.0
2017-09-25,143.53,144.44,141.17,143.4,1409079,0.0
2017-09-26,143.01,146.93,143.01,145.57,1092197,0.0
2017-09-27,144.82,145,142.31,142.83,1079126,0.0
2017-09-28,143.63,144.8,142.85,143.94,906985,0.0
2017-10-01,144,149.34,143.55,146.84,1836431,0.0
2017-10-02,147.5,148.24,145.38,146.22,997967,0.0
2017-10-03,146.8,147.99,145.9,147.59,835146,0.0
2017-10-04,147.83,149.55,147.33,148.41,675492,0.0
2017-10-05,147.66,148.9,147.33,147.97,875976,0.0
2017-10-08,148.06,149.61,146.1,146.47,1318541,0.0
2017-10-09,146.61,148.46,145.42,146.46,848234,0.0
2017-10-10,146.92,147.39,145.44,147.15,1253673,0.0
2017-10-11,147.1,148.07,145.85,147.98,1011481,0.0
2017-10-12,148.98,151.33,148.725,150.09,1376711,0.0
2017-10-15,150.34,150.54,148,148.48,776098,0.0
2017-10-16,148.95,149.82,148.23,149.16,514602,0.0
2017-10-17,149.89,152.95,149.75,152.28,1523724,0.0
2017-10-18,151.47,153.46,149.36,153.41,1170368,0.0
2017-10-19,153.96,154.24,152.28,152.82,1178083,0.0
2017-10-22,153.47,153.685,150.56,150.68,1321194,0.0
2017-10-23,150.8,151.47,149.95,150.72,1599163,0.0
2017-10-24,148.38,150.13,147.4601,147.88,2385452,0.0
2017-10-25,148.17,148.48,145.05,147.36,3327691,0.0
2017-10-26,123.11,124.5,118,123.55,17622447,0.0
2017-10-29,124.68,124.89,119.76,120.335,6248176,0.0
2017-10-30,120.88,125.1,120.46,124.67,5765061,0.0
2017-10-31,125.88,127,121.92,122.04,2997362,0.0
2017-11-01,122.6,123.92,121.56,123.51,1862420,0.0
2017-11-02,123.24,124.1,122.52,123.05,1083053,0.0
2017-11-05,122.9,123.9,122.4,122.99,1443876,0.0
2017-11-06,120,121.13,118.91,119.62,5211041,0.0
2017-11-07,120.12,120.78,117.26,118.56,2063578,0.0
2017-11-08,118,118.479,116.14,117.31,2667465,0.0
2017-11-09,116.34,121.15,115.55,120.74,2531128,0.0
2017-11-12,120.69,120.89,118.9,120.29,1966725,0.0
2017-11-13,119.97,122.45,119.22,122.1,1548669,0.0
2017-11-14,121.89,121.89,119.98,121.17,1548244,0.0
2017-11-15,120.95,122.59,120.5,122.05,1978933,0.0
2017-11-16,121.84,124.2,121.755,123.95,2026056,0.0
2017-11-19,124.21,124.87,122.14,123.5,1557140,0.0
2017-11-20,123.99,125.75,122.54,124.9,2033029,0.0
2017-11-21,125.08,127.99,124.48,127.01,1555126,0.0
2017-11-23,127.07,127.8101,126.3466,126.79,474084,0.0
2017-11-26,126.95,128.43,126.64,126.68,1033133,0.0
2017-11-27,127,127,124.65,125.67,875924,0.0
2017-11-28,125.86,126.7,120.88,122.02,2111164,0.0
2017-11-29,121.57,123.535,121.57,122.46,1532890,0.0
2017-11-30,121.65,123.63,121.28,122.68,1219845,0.0
2017-12-03,123.61,125.45,122.2,122.26,1363790,0.0
2017-12-04,121.82,122.91,120.51,120.77,1476875,0.0
2017-12-05,120.77,121,118.83,119.15,2070109,0.0
2017-12-06,116.99,119.5,116.76,119.19,3229541,0.0
2017-12-07,119.89,120.7,117.42,117.54,2341606,0.0
2017-12-10,117.47,119.88,117.43,117.82,2163019,0.0
2017-12-11,118.07,118.88,117.6,118.71,1481821,0.0
2017-12-12,119.01,119.72,118.22,118.55,1457621,0.0
2017-12-13,118.65,120.59,118.65,119.9,930639,0.0
2017-12-14,120.64,121.22,120.0901,120.9,1031174,0.0
2017-12-17,122.11,122.76,121.22,121.98,1110723,0.0
2017-12-18,122.4,123.34,121.35,121.47,849498,0.0
2017-12-19,121.86,121.91,119.9,120.01,772080,0.0
2017-12-20,120.25,121.63,119.61,120.05,948146,0.0
2017-12-21,120,121.73,119.53,120.18,816085,0.0
2017-12-25,120.25,120.62,118.99,119.44,485597,0.0
2017-12-26,119.38,120.74,119.13,120.33,641251,0.0
2017-12-27,120.21,121.39,120.01,121.25,518474,0.0
2017-12-28,120.89,121.39,119.19,119.77,782846,0.0
2018-01-01,120.64,122.67,120.01,121.43,1105993,0.0
2018-01-02,124.51,127.75,124.17,125.21,1794303,0.0
2018-01-03,125.92,126.65,123.94,126.15,1774957,0.0
2018-01-04,126.47,127.35,125.41,127.1,1136731,0.0
2018-01-07,126.56,128.28,126.1,128.21,1262408,0.0
2018-01-08,128.43,128.88,127.08,127.29,825305,0.0
2018-01-09,127.41,128.13,126.38,127.17,767593,0.0
2018-01-10,129.94,131.23,128.34,129.45,2003019,0.0
2018-01-11,130.34,132.789,128.87,132.35,1715417,0.0
2018-01-15,132.82,133.68,129.9001,130.59,1404939,0.0
2018-01-16,131.82,131.82,129.25,130.63,1209865,0.0
2018-01-17,130.31,130.415,126.75,126.85,2186254,0.0
2018-01-18,127.43,128.16,124.6,126.27,1786148,0.0
2018-01-21,126.52,128.2538,125.39,128.19,1101438,0.0
2018-01-22,128.3,129.07,127.56,128.93,942104,0.0
2018-01-23,130.37,131.7,129.44,130.45,1234659,0.0
2018-01-24,131.76,132.23,130.45,131.09,1075180,0.0
2018-01-25,131.9,132.3,130.86,131.76,1155534,0.0
2018-01-28,131.47,131.75,129.3794,130.39,858215,0.0
2018-01-29,130,130.34,127.98,128.91,993937,0.0
2018-01-30,129.17,129.62,127.07,128.02,918823,0.0
2018-01-31,127.25,130.64,127.25,129.1,1653159,0.0
2018-02-01,128.35,128.84,125.97,126.63,1385006,0.0
2018-02-04,125.33,128.24,124.51,125.05,2045832,0.0
2018-02-05,123.37,128.22,123.15,127.29,2628514,0.0
2018-02-06,127.13,132.441,126.53,129.34,2438662,0.0
2018-02-07,129.13,130.93,122.305,123.03,2728998,0.0
2018-02-08,105,107.99,98.52,103.35,14633372,0.0
2018-02-11,104.7,105.73,100.38,102.82,3911723,0.0
2018-02-12,102.07,102.92,100.19,101.68,2015546,0.0
2018-02-13,100.69,101.1,99.08,100.09,3027561,0.0
2018-02-14,101.48,102.9699,99.07,102.21,3061368,0.0
2018-02-15,102,104.27,101.44,103.86,2107525,0.0
2018-02-19,103.75,106.18,102.74,104.12,2016990,0.0
2018-02-20,104.53,105.31,102.9,102.97,1565894,0.0
2018-02-21,103.14,104.83,102.31,104.54,1440305,0.0
2018-02-22,105.13,106.84,104.27,106.38,1795842,0.0
2018-02-25,106.59,107.465,105.21,106.62,1319421,0.0
2018-02-26,106.04,106.94,103.69,103.71,1783231,0.0
2018-02-27,105.41,106.6,103.93,105.17,1494500,0.0
2018-02-28,104.99,105.595,102.73,103.941,1466619,0.0
2018-03-01,103,104.86,101.3673,104.51,1413388,0.0
2018-03-04,104.39,108.57,103.8,107.66,1638401,0.0
2018-03-05,107.98,109.38,106.96,108.62,1192085,0.0
2018-03-06,107.94,112.36,107.4355,111.35,2224071,0.0
2018-03-07,111.41,112.58,109.75,110.33,1319889,0.0
2018-03-08,110.98,112.63,110.07,112.21,1345392,0.0
2018-03-11,112.77,114.99,112.1701,114.41,1295362,0.0
2018-03-12,114.42,114.605,109.16,109.5,2763601,0.0
2018-03-13,107.8,114.483,106.41,113.29,4062596,0.0
2018-03-14,111.92,112.79,110.16,112.46,2992067,0.0
2018-03-15,112.87,114.36,112.15,113.2,1656172,0.0
2018-03-18,112.63,113.02,110.26,111.08,1054722,0.0
2018-03-19,111.05,111.86,108.64,110.32,1999760,0.0
2018-03-20,110.58,111.85,109,109.24,1018413,0.0
2018-03-21,108.14,108.91,105.64,106.97,1726016,0.0
2018-03-22,107.13,107.49,105.62,106.11,1406176,0.0
2018-03-25,107.59,107.63,104.52,106.85,1521539,0.0
2018-03-26,107.27,107.61,104.82,105.61,1564942,0.0
2018-03-27,105.11,108.865,104.16,106.32,1794307,0.0
2018-03-28,106.71,110.99,106.5301,110.42,1656215,0.0
2018-04-01,109.58,110.29,105.88,106.79,1937159,0.0
2018-04-02,106.91,107.44,105.8518,107.01,1351031,0.0
2018-04-03,105.3,109.67,105.12,109.26,1382843,0.0
2018-04-04,110.05,111.19,109.82,110.11,899040,0.0
2018-04-05,109.71,109.91,106.47,107.56,1029573,0.0
2018-04-08,107.95,109.7,107.12,107.26,1210042,0.0
2018-04-09,108,109.52,107.14,108.49,1330412,0.0
2018-04-10,107.65,108.61,107.115,107.5,1263001,0.0
2018-04-11,107.93,109.22,106.1,107.2,2001188,0.0
2018-04-12,107.33,108.13,106.51,107.199,681014,0.0
2018-04-15,108.15,109.5,106.44,109.15,1012743,0.0
2018-04-16,110,111.34,108.97,110.46,991007,0.0
2018-04-17,110.72,111,109.04,110.27,1163095,0.0
2018-04-18,109.71,111.98,109.65,111.37,1397062,0.0
2018-04-19,110.96,111.29,108.8625,109.77,1128292,0.0
2018-04-22,110,112.3,109.165,110.39,1668205,0.0
2018-04-23,111.36,112.88,109.911,110.78,1598521,0.0
2018-04-24,109.95,110,106.22,108.44,2742030,0.0
2018-04-25,108.64,109.415,105.87,106.32,5286038,0.0
2018-04-26,116.24,118,113.76,115.08,5712755,0.0
2018-04-29,115.82,116.62,113.4,115.14,1637408,0.0
2018-04-30,114.33,115.11,112.78,113.53,1464378,0.0
2018-05-01,113.51,115.4212,112.93,114.43,893546,0.0
2018-05-02,113.99,114,110.4,111.28,1680583,0.0
2018-05-03,110.85,111.155,109.34,110.12,1598453,0.0
2018-05-06,110.71,112.9,110.17,110.95,1163250,0.0
2018-05-07,110.67,111.25,109.78,110.54,1213455,0.0
2018-05-08,111.65,112.91,110.96,112.22,1132562,0.0
2018-05-09,112.48,115.73,112.18,113.93,1900916,0.0
2018-05-10,113.68,114.22,112.94,113.93,983211,0.0
2018-05-13,114.15,114.92,113.535,114.61,1011795,0.0
2018-05-14,113.46,114.62,113.055,114.01,682150,0.0
2018-05-15,113.96,116.68,113.96,115.58,963996,0.0
2018-05-16,115.03,116.66,114.74,115.66,625406,0.0
2018-05-17,115.54,115.805,114.73,115.07,1056245,0.0
2018-05-20,115.52,116.88,115.52,116.36,494198,0.0
2018-05-21,116.9,118.17,116.21,116.28,1179888,0.0
2018-05-22,115.17,115.94,114.47,115.24,516292,0.0
2018-05-23,115.22,117.02,115.01,117,560674,0.0
2018-05-24,116.99,118,116.03,117.84,720329,0.0
2018-05-28,117.29,117.79,116.55,117.23,1292364,0.0
2018-05-29,117.79,118.2707,116.5,118,823682,0.0
2018-05-30,118.15,121.1,117.96,121.03,1538160,0.0
2018-05-31,121.1,122.42,119.97,120.01,1257747,0.0
2018-06-03,120.6,121.86,118.715,118.88,1206364,0.0
2018-06-04,118.94,120.97,118.94,120.17,3269787,0.0
2018-06-05,120.69,123.2099,119.47,122.415,2239803,0.0
2018-06-06,122.43,123.19,119.21,120.34,2113622,0.0
2018-06-07,119.69,121.23,119.34,120.89,1849600,0.0
2018-06-10,120.6,124.59,120.6,123.62,1355697,0.0
2018-06-11,123.9,124.71,123.44,124.38,817231,0.0
2018-06-12,124.44,124.44,121.69,122.34,560693,0.0
2018-06-13,122.67,123.9,122.26,123.58,777887,0.0
2018-06-14,123.04,124.299,122.91,124.12,774708,0.0
2018-06-17,123.78,125.6,123.62,125.25,700994,0.0
2018-06-18,124.01,125.34,123.57,124.66,717717,0.0
2018-06-19,124.69,125.42,124.13,124.92,657136,0.0
2018-06-20,125.63,126.3899,123.28,123.63,846427,0.0
2018-06-21,124.58,125.61,124.069,124.82,943298,0.0
2018-06-24,123.95,124.69,121.86,122.89,972949,0.0
2018-06-25,122.75,122.86,121.22,122.03,676509,0.0
2018-06-26,122.63,123.22,120.31,120.36,504078,0.0
2018-06-27,120.17,121.24,118.81,120.51,978492,0.0
2018-06-28,121.62,121.7803,119.53,120.21,790446,0.0
2018-07-01,119.62,121.95,119.53,121.84,842050,0.0
2018-07-02,122.4,124.64,121.538,123.24,775907,0.0
2018-07-04,123.66,123.92,122.72,123.84,832808,0.0
2018-07-05,124.29,126.15,123.42,126.01,615856,0.0
2018-07-08,126.43,127.72,125.93,127,637773,0.0
2018-07-09,127.25,127.96,126.35,127.26,574847,0.0
2018-07-10,126.11,126.98,123.805,125.14,791163,0.0
2018-07-11,125.29,127.94,125.13,127.37,676967,0.0
2018-07-12,127.46,127.74,126.03,126.96,520612,0.0
2018-07-15,126.83,127.5,126.24,126.67,553577,0.0
2018-07-16,125.27,129.49,125.27,128.79,1040838,0.0
2018-07-17,128.8,129.76,127.26,127.49,684282,0.0
2018-07-18,127.01,128.545,126.91,127.82,768869,0.0
2018-07-19,127.33,127.63,125.33,125.52,992910,0.0
2018-07-22,125.42,126.5,124.16,126.37,946630,0.0
2018-07-23,127.6,128.9,126.43,127.22,1313092,0.0
2018-07-24,126.75,127.8,125.775,127.56,1515360,0.0
2018-07-25,127.72,128.54,125.085,125.79,1679820,0.0
2018-07-26,138.07,139.77,135.34,137.81,5466828,0.0
2018-07-29,137,138.44,134.42,134.82,1538418,0.0
2018-07-30,134.67,134.875,132.2,133.85,1245900,0.0
2018-07-31,133.18,134.68,132.45,133.74,857804,0.0
2018-08-01,131.89,133.39,131.26,132.83,971695,0.0
2018-08-02,132.93,133.09,131.7835,132.09,958138,0.0
2018-08-05,131.81,133.9,131.26,133.08,975037,0.0
2018-08-06,134,134.35,132.96,133.03,496528,0.0
2018-08-07,132.66,133.0234,131.03,131.7,727780,0.0
2018-08-08,131.07,134.56,130.87,132.73,1607057,0.0
2018-08-09,132.16,133.12,130.9,131.95,719688,0.0
2018-08-12,132.5,132.7922,131.1402,131.49,557183,0.0
2018-08-13,132,134.23,131.55,133.48,996024,0.0
2018-08-14,132.55,133.23,130.33,131.7,951906,0.0
2018-08-15,133.28,133.31,130.95,131.18,669000,0.0
2018-08-16,131.1,131.66,129.91,131.01,507105,0.0
2018-08-19,130.86,132.06,130.72,131.56,657146,0.0
2018-08-20,131.57,132.62,131.26,131.52,893935,0.0
2018-08-21,130.21,130.97,128.4,128.88,1309800,0.0
2018-08-22,129.34,129.69,127.96,128.92,783940,0.0
2018-08-23,129.06,130.85,128.893,130.21,536395,0.0
2018-08-26,130.36,132.79,130.36,131.91,710192,0.0
2018-08-27,131.7,132.2,131.23,131.56,589363,0.0
2018-08-28,132.12,133.26,131.57,132.75,670731,0.0
2018-08-29,132.05,133.055,131.18,131.46,554350,0.0
2018-08-30,130.82,132,130.26,130.47,670143,0.0
2018-09-03,130.14,130.5,126.64,127.38,1168544,0.0
2018-09-04,126.99,127,123.45,123.85,1652220,0.0
2018-09-05,124.53,124.95,121.84,124.53,1381994,0.0
2018-09-06,123.81,129.44,123.37,128.82,2397489,0.0
2018-09-09,129.14,129.4,128.04,129.05,915707,0.0
2018-09-10,127.55,129.99,127.49,129.77,671404,0.0
2018-09-11,126.7,132.11,126.7,131.24,1129538,0.0
2018-09-12,131.6,132.35,129.5,130.42,1085295,0.0
2018-09-13,130.79,131.76,129.26,129.73,741612,0.0
2018-09-16,129.73,130.12,126.9124,128.98,766649,0.0
2018-09-17,129.05,131.49,128.809,130.69,623399,0.0
2018-09-18,130.5,133.28,130.001,132.77,802768,0.0
2018-09-19,133.37,134.77,133.07,134.43,911232,0.0
2018-09-20,134.99,135.69,133.55,133.72,1454821,0.0
2018-09-23,132.94,133.29,130.92,132.16,1297065,0.0
2018-09-24,132.52,132.57,130.45,130.77,863585,0.0
2018-09-25,131.07,132.99,131.07,131.63,872783,0.0
2018-09-26,132,132.96,131.22,131.49,711911,0.0
2018-09-27,130.95,131.6,129.69,130.48,855656,0.0
2018-09-30,131.44,131.92,130.14,130.32,928049,0.0
2018-10-01,130.39,130.615,128.79,128.96,718277,0.0
2018-10-02,128.14,129.47,126.6,129.37,821128,0.0
2018-10-03,129.13,129.3,126.73,126.96,1107584,0.0
2018-10-04,127.1,127.37,122.0901,123.72,1510549,0.0
2018-10-07,123.13,124.15,121.02,122.57,1041738,0.0
2018-10-08,122.13,123.43,121.135,121.35,916530,0.0
2018-10-09,121.03,121.3,116.7,116.74,1363887,0.0
2018-10-10,117.13,118.47,114.24,115.65,1606977,0.0
2018-10-11,118.86,119.69,115.86,118.57,1134085,0.0
2018-10-14,118.23,119.61,116.45,118.54,796916,0.0
2018-10-15,118.83,122.1,118.56,121.94,1225668,0.0
2018-10-16,121.46,121.5847,118.87,120.55,1128290,0.0
2018-10-17,119.82,120.5,117.56,118.44,1209659,0.0
2018-10-18,119.17,119.58,117.33,118.32,1058942,0.0
2018-10-21,119.17,119.9299,117.42,118.5,845122,0.0
2018-10-22,116.06,117.53,113.685,117.25,1717466,0.0
2018-10-23,118,119.39,113.87,114.21,2206103,0.0
2018-10-24,115.32,119.1,113.85,118.01,2821469,0.0
2018-10-25,122.66,125.44,118.54,120.49,4523048,0.0
2018-10-28,122.22,125.45,119.215,121.76,2273235,0.0
2018-10-29,121.28,125.03,120.1524,124.45,1744584,0.0
2018-10-30,125.87,126.73,125.1501,125.43,1179309,0.0
2018-10-31,125.66,127.86,124.57,127.6,1385415,0.0
2018-11-01,128.28,128.85,125.41,126.49,1127736,0.0
2018-11-04,126.59,127.6,125.04,126.84,1406094,0.0
2018-11-05,126.22,127.89,124.61,124.98,1876123,0.0
2018-11-06,126.53,128.68,126.31,128.39,1666579,0.0
2018-11-07,128.25,128.69,124.72,125.44,1117199,0.0
2018-11-08,124.95,125.97,123.81,124.04,1280952,0.0
2018-11-11,123.87,124.26,121.84,122.25,1054392,0.0
2018-11-12,122.97,124.35,121.48,122.38,842745,0.0
2018-11-13,123.01,125.18,121.41,121.98,1403988,0.0
2018-11-14,121.01,121.94,117.89,119.76,2508577,0.0
2018-11-15,118.65,120.99,115.555,116.92,2212345,0.0
2018-11-18,117.23,117.39,112.54,113.12,1839785,0.0
2018-11-19,111.05,112.87,110.2601,111.63,1781838,0.0
2018-11-20,112.47,114.928,112.47,113.09,1279859,0.0
2018-11-22,112.6,113.72,112.02,113.17,530079,0.0
2018-11-25,115.1,117,114.615,116.6,1033138,0.0
2018-11-26,115.71,117.89,115.36,117.54,842083,0.0
2018-11-27,118,120.53,116.97,120.16,1112628,0.0
2018-11-28,119.4,120.35,118.87,119.75,986465,0.0
2018-11-29,120.16,121.94,120,120.77,1054648,0.0
2018-12-02,123.3,123.5702,120.03,120.61,1233605,0.0
2018-12-03,120.14,121.93,118.47,118.83,1299893,0.0
2018-12-05,116.62,120.75,116.066,120.66,1349176,0.0
2018-12-06,120.43,121.57,117.13,118.24,1638172,0.0
2018-12-09,118.01,119.69,117.17,118.78,1429535,0.0
2018-12-10,120.56,121.71,118.14,118.32,1220071,0.0
2018-12-11,119.8,122.76,119.8,121.08,1164317,0.0
2018-12-12,121.42,122.12,118.4,119.6,1056062,0.0
2018-12-13,118.55,119.37,117.54,118.29,788735,0.0
2018-12-16,117.67,119.25,115.65,116.93,1208248,0.0
2018-12-17,117.84,119.515,117.11,118.23,978900,0.0
2018-12-18,118.58,120.96,114.12,115.14,1742057,0.0
2018-12-19,115,115.84,112.68,114.32,1194237,0.0
2018-12-20,114.19,115.38,109.93,110.18,2544715,0.0
2018-12-23,109.71,110.59,108.41,109.1,659384,0.0
2018-12-25,109.81,114.4,108.64,114.16,1672360,0.0
2018-12-26,112.27,114.48,110.55,114.26,1265432,0.0
2018-12-27,114.07,114.99,112.51,113.2,1150907,0.0
2018-12-30,114.33,114.6,111.53,112.0999,894363,0.0
2019-01-01,110.4,113,110.2,111.77,1071663,0.0
2019-01-02,111.17,112.0299,108.11,108.7,1328340,0.0
2019-01-03,111.04,114,110.56,112.99,1947306,0.0
2019-01-06,112.8,115.25,112.38,114.61,1086518,0.0
2019-01-07,115.44,117.25,114.41,117.01,1470802,0.0
2019-01-08,113.66,115.39,111.5,114.61,2620909,0.0
2019-01-09,113.48,114.77,113.02,114.08,1187872,0.0
2019-01-10,113.49,114.2,113.07,114,817611,0.0
2019-01-13,112.85,115.41,112.435,115.39,1230176,0.0
2019-01-14,115.4,116.91,114.97,116.6,1081278,0.0
2019-01-15,116.7,117,115.26,115.615,639909,0.0
2019-01-16,115.46,117.475,114.9,116.6,867731,0.0
2019-01-17,118,119.46,115.76,118.41,903424,0.0
2019-01-21,117.03,118.005,114.295,115.22,1005214,0.0
2019-01-22,116.05,117.34,115.07,116.63,726092,0.0
2019-01-23,116.54,118.28,115.96,117.46,707998,0.0
2019-01-24,117.75,118.06,117.05,117.07,1023231,0.0
2019-01-27,115.8,118.16,115.37,117.03,762760,0.0
2019-01-28,117,117.85,115.83,116.99,620942,0.0
2019-01-29,117.89,120.09,117.25,119.375,996651,0.0
2019-01-30,119.12,120.86,117.9401,119.245,1063066,0.0
2019-01-31,119.52,122.06,119.36,121.97,1239692,0.0
2019-02-03,121.78,124.57,121.69,123.4301,1652867,0.0
2019-02-04,124.24,127.03,123.9284,126.12,2028578,0.0
2019-02-05,126.6,127.92,125.36,127.87,1699733,0.0
2019-02-06,127.18,128.41,126.28,127.83,2309481,0.0
2019-02-07,135,135.13,129.06,130.5,5473022,0.0
2019-02-10,131,132,126.35,126.52,2163108,0.0
2019-02-11,127.64,127.85,125.86,126.72,2069674,0.0
2019-02-12,125.99,127.5,125.08,127.45,1488057,0.0
2019-02-13,126.08,127.81,125.5,126.78,1022328,0.0
2019-02-14,127.25,127.84,126.44,127.13,1158617,0.0
2019-02-18,124.56,128.62,124.31,128.31,1286257,0.0
2019-02-19,128.28,129.67,127.97,128.59,859668,0.0
2019-02-20,128.33,128.81,126.61,128.12,1026519,0.0
2019-02-21,128.28,129.34,126.72,126.98,1094506,0.0
2019-02-24,127.82,128.23,125.74,126.12,1188949,0.0
2019-02-25,125.95,128.32,125.46,127.54,1425752,0.0
2019-02-26,126.9,129.115,126.65,128.24,1532549,0.0
2019-02-27,126.3,126.92,122.8129,123.31,2283481,0.0
2019-02-28,125.18,125.84,123.98,125.25,1217023,0.0
2019-03-03,126.04,126.45,123.62,125.02,1075650,0.0
2019-03-04,125.06,126.5,124.21,126.02,1138181,0.0
2019-03-05,125.93,127.5,124.63,125.28,1273237,0.0
2019-03-06,125,125.43,122.47,123.14,1564975,0.0
2019-03-07,121.77,122.47,120.71,121.31,1130800,0.0
2019-03-10,122.06,122.07,120.33,121.87,1402562,0.0
2019-03-11,121.98,122.29,119.28,120.54,1309587,0.0
2019-03-12,120.52,121.43,119.53,120.44,1131417,0.0
2019-03-13,121.02,121.405,120.14,120.82,948385,0.0
2019-03-14,121.92,122.29,121.06,121.49,990501,0.0
2019-03-17,121.45,122.2951,120.88,121.16,1122546,0.0
2019-03-18,121.43,123.39,121.15,122.24,1010199,0.0
2019-03-19,122.55,123.03,121.3501,122.48,641319,0.0
2019-03-20,122.49,124.27,122.04,124.1,757913,0.0
2019-03-21,123.7,124.28,121.56,121.64,1066318,0.0
2019-03-24,120.93,122.46,120,122.1,900780,0.0
2019-03-25,123.17,124.415,122.04,122.08,1542824,0.0
2019-03-26,122.63,122.63,119.52,119.8,1660347,0.0
2019-03-27,120.02,120.25,117.97,119.05,1218752,0.0
2019-03-28,119.85,120.74,118.93,119,1374343,0.0
2019-03-31,120.55,120.74,119.78,120.25,662377,0.0
2019-04-01,120,121.04,119.85,120.46,1778724,0.0
2019-04-02,121.5,122.46,121.045,122.08,1706753,0.0
2019-04-03,122.23,123.07,121.69,122.56,693443,0.0
2019-04-04,123.16,124.09,122.17,122.57,871666,0.0
2019-04-07,122.25,123.32,122.09,123.21,658367,0.0
2019-04-08,123.11,124.25,122.54,123.94,720574,0.0
2019-04-09,123.85,124.35,122.15,124.2,649287,0.0
2019-04-10,124.47,125,123.9431,124.6,578654,0.0
2019-04-11,125.1,126.29,124.75,125.8,922765,0.0
2019-04-14,126.19,126.19,124.28,125.45,708257,0.0
2019-04-15,127.96,128.24,125.79,125.97,1910353,0.0
2019-04-16,126.59,127.06,123.15,124.81,1653189,0.0
2019-04-17,125.17,125.17,123.68,124.57,1035700,0.0
2019-04-21,124.34,124.76,123.78,124.35,991309,0.0
2019-04-22,124.45,126.48,124.1,125.88,1233872,0.0
2019-04-23,126,126.5,124.31,124.495,911392,0.0
2019-04-24,124.62,126.39,123.96,125.18,1092230,0.0
2019-04-25,125.89,129.2,125.32,127.83,1512342,0.0
2019-04-28,127.61,130.64,127.59,129.98,1480702,0.0
2019-04-29,129.39,130.1,128.66,129.86,1329677,0.0
2019-04-30,130.03,131.71,128.69,128.81,1470276,0.0
2019-05-01,128.56,128.93,126.47,128.24,1837165,0.0
2019-05-02,122.98,127.18,122.98,127.1,3595809,0.0
2019-05-05,124.52,125.94,123.45,124.06,1765144,0.0
2019-05-06,123.1,125.34,122.47,122.85,1960142,0.0
2019-05-07,122.23,122.8,120.6,121.88,1412880,0.0
2019-05-08,120.06,120.87,118.27,119.35,1337296,0.0
2019-05-09,120.23,120.62,117.2,118.76,2067499,0.0
2019-05-12,116.17,117.03,115.07,116.77,1856124,0.0
2019-05-13,117.55,119.9225,117.0501,119.56,2040263,0.0
2019-05-14,118.7,120.95,118.32,119.11,1591043,0.0
2019-05-15,119.33,120.44,117.995,118.22,1404128,0.0
2019-05-16,117.75,118.22,116.02,116.26,1610332,0.0
2019-05-19,115.24,116.965,114.475,116.47,1938728,0.0
2019-05-20,117.25,117.909,116.38,117.48,1266785,0.0
2019-05-21,116.26,117.75,116.26,116.77,862779,0.0
2019-05-22,114.58,117.39,114.58,116.42,1241437,0.0
2019-05-23,117,117.74,115.69,116,1187706,0.0
2019-05-27,116.04,117.22,115.63,115.96,1094141,0.0
2019-05-28,115.44,116.5,115.17,116.02,1348621,0.0
2019-05-29,116.11,116.81,115.7,116.07,1009393,0.0
2019-05-30,115.17,116.14,114.86,114.96,1192542,0.0
2019-06-02,114.62,116.92,114.62,116.09,1505615,0.0
2019-06-03,117.01,120.4,117.01,120.1,1831084,0.0
2019-06-04,120.2,120.62,118.78,120.58,1402955,0.0
2019-06-05,121,122.23,119.4301,120.5,1823873,0.0
2019-06-06,120.88,122.94,120.56,122.6,1093275,0.0
2019-06-09,123.2,124.49,121.54,121.76,1287907,0.0
2019-06-10,122.51,124.16,122.5,123.02,1114098,0.0
2019-06-11,122.89,124.51,122.3501,124.25,971150,0.0
2019-06-12,124.91,126.34,124.48,125.63,2264948,0.0
2019-06-13,125.79,127.84,124.92,126.81,2630187,0.0
2019-06-16,126.63,128.4,126.12,127.05,1184425,0.0
2019-06-17,127.69,129.17,127.37,127.59,1091327,0.0
2019-06-18,127.34,129.94,126.95,129.65,1524252,0.0
2019-06-19,130,130.8,129.07,129.58,1156125,0.0
2019-06-20,129.68,131.14,128.65,130.45,1059162,0.0
2019-06-23,131,131.95,130.1201,130.23,843642,0.0
2019-06-24,130.82,131.6,129.69,129.76,868677,0.0
2019-06-25,130.04,130.71,127.52,127.65,1325232,0.0
2019-06-26,128.39,130.32,127.95,130.14,940148,0.0
2019-06-27,130.84,133.29,130.53,133.02,1195796,0.0
2019-06-30,133.95,134.2,132.12,133.24,1162984,0.0
2019-07-01,133.23,134.05,132.32,134.04,963755,0.0
2019-07-02,133.91,135,133.0601,134.845,430166,0.0
2019-07-04,134.16,135.17,132.92,135.15,625048,0.0
2019-07-07,134.58,135.03,132.13,132.5,874942,0.0
2019-07-08,132.16,133.71,132.16,133.44,660741,0.0
2019-07-09,133.83,134.485,132.77,133.3,989835,0.0
2019-07-10,133.33,133.99,132.874,133.94,826359,0.0
2019-07-11,134.11,134.76,133.71,134.58,881408,0.0
2019-07-14,135,135.2,133.9,134.71,935912,0.0
2019-07-15,135,136.54,134.6,136.37,1201039,0.0
2019-07-16,136.14,137.16,135.11,135.12,877855,0.0
2019-07-17,134.13,137.14,134.117,136.45,1192686,0.0
2019-07-18,136.5,137.38,135.06,135.1,1319680,0.0
2019-07-21,134.82,136.74,134.5,136.02,1490871,0.0
2019-07-22,136.5,137.63,135.99,137.31,1107862,0.0
2019-07-23,136.81,138.43,136.02,137.8,1659329,0.0
2019-07-24,138.41,139.49,137.77,138.27,2079508,0.0
2019-07-25,140.98,144,138.73,139.43,4369675,0.0
2019-07-28,138.9,139.98,137.27,138.73,1929348,0.0
2019-07-29,136.54,137.08,133.69,135.25,2369839,0.0
2019-07-30,137.29,137.29,131.3,132.71,2068967,0.0
2019-07-31,132.91,133.48,130.57,131.42,2551885,0.0
2019-08-01,130.59,131.98,128.89,129.19,1907800,0.0
2019-08-04,126.9,128.28,125.47,126.49,1455485,0.0
2019-08-05,127.32,128.14,125.92,127.06,1270675,0.0
2019-08-06,125.54,127.45,124.7,127.18,1364935,0.0
2019-08-07,128.35,131.34,127.3101,130.47,1558745,0.0
2019-08-08,129.8,130.7,128.01,128.89,1090970,0.0
2019-08-11,128.17,128.56,127.235,128.01,1205810,0.0
2019-08-12,128.29,130.5,128.01,129.15,1102260,0.0
2019-08-13,127.94,128.3,125.46,126.65,1757042,0.0
2019-08-14,127.16,127.7,126,126.78,1238174,0.0
2019-08-15,127.51,128.66,126.89,128.6,814664,0.0
2019-08-18,129.98,131.11,129.13,130.8,1507811,0.0
2019-08-19,130.2,131.17,129.98,130.58,943291,0.0
2019-08-20,131.39,131.54,130.16,130.88,756769,0.0
2019-08-21,131.06,131.65,129.19,130.76,838525,0.0
2019-08-22,129.74,130.54,127,127.51,1047199,0.0
2019-08-25,128.65,128.8,127.44,128.49,855801,0.0
2019-08-26,128.91,129.69,127.46,128.46,1044060,0.0
2019-08-27,127.57,129.91,127.04,129.32,816828,0.0
2019-08-28,130.69,131.74,129.66,130.06,1093623,0.0
2019-08-29,130.83,131.37,129.54,130.09,563923,0.0
2019-09-02,129.06,130.3754,128.1,128.755,817592,0.0
2019-09-03,129.72,130.07,127.98,128.69,865780,0.0
2019-09-04,130.47,131.99,129.54,131.54,1224586,0.0
2019-09-05,131.52,133.805,131.36,131.75,1314446,0.0
2019-09-08,130.49,131.52,129.77,131.22,1592980,0.0
2019-09-09,131.21,131.21,128.23,130.22,1602514,0.0
2019-09-10,129.6,130.61,128.95,130.55,1068740,0.0
2019-09-11,130.9,132.28,130.65,131.64,1039575,0.0
2019-09-12,132.67,133.02,131.74,132.26,759022,0.0
2019-09-15,131.54,132.03,129.85,131.28,1035038,0.0
2019-09-16,131.38,132.9,130.23,132.69,1158146,0.0
2019-09-17,132.28,134.08,132.2,133.82,1330013,0.0
2019-09-18,134.34,135.98,133.78,134.48,1656517,0.0
2019-09-19,135.42,135.8,133.3498,134.15,1603202,0.0
2019-09-22,133.79,134.545,131.73,132.35,1010332,0.0
2019-09-23,133.17,133.77,131.39,132.61,1349352,0.0
2019-09-24,132.63,134.32,131.57,133.59,1197682,0.0
2019-09-25,133.03,133.7423,131.88,132.95,1085973,0.0
2019-09-26,133.46,134,131.01,132.18,956977,0.0
2019-09-29,132.56,135.05,132.56,134.41,1023225,0.0
2019-09-30,134.46,135.285,133.85,133.89,845402,0.0
2019-10-01,133.77,134.42,131.74,132.67,1306994,0.0
2019-10-02,132.62,133.29,131.31,133.23,1018151,0.0
2019-10-03,133.23,133.75,132.6301,133.2,1521075,0.0
2019-10-06,132.54,133.07,131.3,132.35,1137820,0.0
2019-10-07,131.4,132.83,130.39,131.46,1166834,0.0
2019-10-08,132.72,133.97,132.44,133.52,1346231,0.0
2019-10-09,133.38,136.41,133.38,135.99,2195376,0.0
2019-10-10,137.86,139.88,137.62,138.21,2247628,0.0
2019-10-13,138.11,138.49,136.55,136.72,1332143,0.0
2019-10-14,137.3,137.927,136.33,137.25,1637789,0.0
2019-10-15,136.88,139.205,136.88,138.25,1594515,0.0
2019-10-16,138.67,138.67,137.02,138.49,1195508,0.0
2019-10-17,138.22,138.3428,135.46,136.01,1779964,0.0
2019-10-20,136.955,137.75,136.15,136.27,656874,0.0
2019-10-21,136.77,137.75,136.42,136.65,799372,0.0
2019-10-22,136.22,138.31,136.22,138.3,1001446,0.0
2019-10-23,138.39,139.32,135.53,137.14,1927769,0.0
2019-10-24,136.94,138.43,135.76,137.08,2196507,0.0
2019-10-27,137.11,138.9,137.06,138.03,837172,0.0
2019-10-28,137.98,138.04,136.02,137.12,960327,0.0
2019-10-29,136.99,137.1,135.62,136.45,774579,0.0
2019-10-30,136.16,137.22,134.96,136.69,973920,0.0
2019-10-31,137.22,138.19,137.048,137.8,1476189,0.0
2019-11-03,138.72,138.72,135.01,135.26,1726788,0.0
2019-11-04,135.05,137.15,134.67,135.025,1608239,0.0
2019-11-05,135.43,136.65,134.27,135.07,2548249,0.0
2019-11-06,115.15,115.43,97.05,98.29,29651035,0.0
2019-11-07,99.24,101.99,99.0652,101.31,9639689,0.0
2019-11-10,100.96,100.97,98.52,99.08,5313461,0.0
2019-11-11,98.62,98.69,95.62,95.65,7409080,0.0
2019-11-12,96.04,97.7,95.3,95.62,3082418,0.0
2019-11-13,95.33,95.78,94.1,95.57,3156118,0.0
2019-11-14,96.01,96.23,95.14,95.72,2545142,0.0
2019-11-17,95.6,96.15,94.91,95.14,3039748,0.0
2019-11-18,95.25,95.27,93.53,94.89,2809999,0.0
2019-11-19,94.46,95.05,93.8786,94.31,2082261,0.0
2019-11-20,94.63,95.18,94.14,94.69,2240427,0.0
2019-11-21,94.82,96.82,94.685,96.63,2572753,0.0
2019-11-24,97.41,98.98,97.26,98.44,2417949,0.0
2019-11-25,98.83,99.91,98.6682,99.3,2515106,0.0
2019-11-26,99.3,102.15,99.3,101.51,2349850,0.0
2019-11-28,101.92,102.87,101.38,101.65,1518456,0.0
2019-12-01,101.53,101.66,99.88,100.74,2561333,0.0
2019-12-02,99.77,99.93,99.18,99.39,2106933,0.0
2019-12-03,106.1,109.32,102.6,105.56,15814464,0.0
2019-12-04,105.06,106.99,104.24,105.7,4931966,0.0
2019-12-05,107.05,109.08,106.67,107.59,4252462,0.0
2019-12-08,108.36,109.435,107.65,108.83,2560944,0.0
2019-12-09,109.62,113.17,109.1057,111.84,4043620,0.0
2019-12-10,111.85,112.45,110.84,111.97,2265531,0.0
2019-12-11,112.44,113.96,112.4,113.45,2049815,0.0
2019-12-12,113.61,114.55,112.72,112.84,1607935,0.0
2019-12-15,113.6,114.515,113.51,114.24,1710042,0.0
2019-12-16,114.1,114.2,111.07,111.52,2982303,0.0
2019-12-17,111.55,111.64,110.13,110.5,2589663,0.0
2019-12-18,110.39,111.005,108.9,109.17,3093456,0.0
2019-12-19,109.13,110.95,108.01,110.08,3463804,0.0
2019-12-22,110.24,110.56,107.96,107.98,2176645,0.0
2019-12-23,108.37,109.29,108.02,108.8,1590456,0.0
2019-12-25,108.75,109.5,108.73,109.08,1717503,0.0
2019-12-26,109.24,109.565,108.28,108.34,1327137,0.0
2019-12-29,108.2,108.755,107.61,107.78,1409917,0.0
2019-12-30,107.62,108.28,107.3023,108.21,1580828,0.0
2020-01-01,108.87,111.15,108.78,110.94,2352801,0.0
2020-01-02,109.59,110.44,108.35,109.14,1719461,0.0
2020-01-05,108.16,109.07,107.8,108.75,1740190,0.0
2020-01-06,108.68,110.295,108.5,110.02,1491248,0.0
2020-01-07,110.2,110.98,108.06,108.52,1710886,0.0
2020-01-08,109.12,110.07,108.85,109.8,1509759,0.0
2020-01-09,109.85,111.05,109.42,110.69,1313029,0.0
2020-01-12,111.25,111.37,110.05,110.59,1267046,0.0
2020-01-13,110.42,110.795,109.58,110.43,1010353,0.0
2020-01-14,110.56,111.34,110.33,110.74,1027559,0.0
2020-01-15,111.1,112.16,110.64,111.69,1274084,0.0
2020-01-16,112.19,112.56,110.97,111.77,1321172,0.0
2020-01-20,110.72,110.965,108.81,110.17,5324694,0.0
2020-01-21,110.71,111.874,109.88,110.03,2565008,0.0
2020-01-22,109.46,114.09,109.25,113.7,5368978,0.0
2020-01-23,114.12,114.28,111.731,112.14,2939824,0.0
2020-01-26,106.89,109.885,106.89,109.12,1729773,0.0
2020-01-27,109.57,110.4,109,109.15,1464797,0.0
2020-01-28,109.32,110.2,108.36,109.55,1062551,0.0
2020-01-29,106.57,109.23,106.28,109.11,1891644,0.0
2020-01-30,109.08,109.3599,107.04,108.4,2484220,0.0
2020-02-02,108.96,110.05,107.38,107.8,2223732,0.0
2020-02-03,109.03,111.34,108.795,110.62,1587800,0.0
2020-02-04,111.78,111.96,109.76,111.1,1022811,0.0
2020-02-05,111.41,112.23,110.79,111.73,1033022,0.0
2020-02-06,111.45,111.53,109.8,110.06,1635989,0.0
2020-02-09,109.66,109.8154,108.19,108.71,1705276,0.0
2020-02-10,109.29,110.06,108.34,109.19,1821006,0.0
2020-02-11,109.82,111.07,109.6,110.95,2439559,0.0
2020-02-12,110,111.965,110,110.54,2506907,0.0
2020-02-13,124.05,124.74,120.0154,122.79,9843179,0.0
2020-02-17,122.2,124.57,120.92,121.09,3009640,0.0
2020-02-18,120.98,122.81,119.29,121.89,2994246,0.0
2020-02-19,121.2,123.75,121.12,121.63,2070784,0.0
2020-02-20,120.5,121.64,119.91,120.13,1850954,0.0
2020-02-23,113.17,114.44,110.57,112.32,4267992,0.0
2020-02-24,113.79,114.09,107.61,108.92,2944303,0.0
2020-02-25,109.4,109.7,100.61,101.2,4628388,0.0
2020-02-26,98.57,103.9,94.62,98.69,5876967,0.0
2020-02-27,95.83,99.78,95.24,98.63,4727609,0.0
2020-03-01,97.72,98.17,93.7887,96.765,4408294,0.0
2020-03-02,96.47,98.98,93.69,95.26,3113801,0.0
2020-03-03,96.22,97.2,93.01,97.14,3708971,0.0
2020-03-04,94.29,94.49,90.6,91.52,5286085,0.0
2020-03-05,88.26,92.94,87.99,91.88,3767481,0.0
2020-03-08,83.42,87.5,82,86.29,3970996,0.0
2020-03-09,88.47,89.99,82,85.93,7509348,0.0
2020-03-10,83.24,83.64,75.56,76.67,8460328,0.0
2020-03-11,65,71.3136,64.3,65.08,6174370,0.0
2020-03-12,68.6,69.98,58.56,69.63,7195269,0.0
2020-03-15,60,63.97,53.52,54.74,10862244,0.0
2020-03-16,54.265,57.99,49.63,54.12,7459196,0.0
2020-03-17,47.02,48.14,40.76,45.65,6403905,0.0
2020-03-18,44.785,52.75,43,48.42,16456536,0.0
2020-03-19,50.4,56.885,45.48,48.81,6828429,0.0
2020-03-22,49.2,54.46,46.29,50.85,6271700,0.0
2020-03-23,54.32,61.97,53.845,59.49,4548385,0.0
2020-03-24,62.03,70.71,59.08,65.9,11085936,0.0
2020-03-25,64.66,66.29,60.86,64.55,4983837,0.0
2020-03-26,61.92,61.92,57.695,60.04,8448792,0.0
2020-03-29,60.01,60.04,54.125,56.46,4246934,0.0
2020-03-30,56.33,61.3424,55.26,56.38,7913494,0.0
2020-03-31,52.94,53.69,50.28,52,4514344,0.0
2020-04-01,51,54.49,46.8,47.86,9098402,0.0
2020-04-02,48.04,48.81,46.145,48.72,5452168,0.0
2020-04-05,52.39,53.89,51.15,52.84,4954476,0.0
2020-04-06,59.88,61.4765,54.42,56.51,5887016,0.0
2020-04-07,58.75,61.99,57.99,60.53,10632448,0.0
2020-04-08,64.04,66.06,61.27,62.45,5015473,0.0
2020-04-12,62.39,63,58.07,58.77,2800010,0.0
2020-04-13,61.5,62.38,59.44,61.51,7648606,0.0
2020-04-14,58.655,61.18,57.29,60.56,10559830,0.0
2020-04-15,59.61,59.94,55.83,58.25,14506744,0.0
2020-04-16,62.05,63.77,61.015,63.21,12559566,0.0
2020-04-19,61.68,63.28,59.87,59.95,9462500,0.0
2020-04-20,58.09,58.59,55.2256,57.29,10456417,0.0
2020-04-21,62.4965,64.12,60.76,61.45,10001888,0.0
2020-04-22,61.84,67.36,61.84,63.38,22734945,0.0
2020-04-23,65.27,67.24,63.3,66.56,11408783,0.0
2020-04-26,67.36,69.68,66.7457,69.15,15438962,0.0
2020-04-27,70.89,73.25,70.1,71.82,7074513,0.0
2020-04-28,75.7,76.54,74.66,74.84,9016102,0.0
2020-04-29,73.74,73.98,68.9201,70.98,8297146,0.0
2020-04-30,68.14,69.905,66.37,67.29,3144802,0.0
2020-05-03,65,67.44,62.6,67.02,2650881,0.0
2020-05-04,68.41,68.41,63.8,64.14,9106922,0.0
2020-05-05,64.79,65.98,63.15,64.38,2115158,0.0
2020-05-06,65.1,67.3,65.1,66.46,4669150,0.0
2020-05-07,66.57,69.49,66.05,69.34,5166368,0.0
2020-05-10,68.53,69.38,67.44,67.63,3486464,0.0
2020-05-11,67.83,68.42,65,65.04,5789672,0.0
2020-05-12,64.64,64.75,60.6,62,4073016,0.0
2020-05-13,60.55,64.52,58.3884,64.35,3380037,0.0
2020-05-14,63.72,67.16,62.86,66.79,5305149,0.0
2020-05-17,70.74,80.46,70.74,79.19,23940002,0.0
2020-05-18,77.36,79.45,76.34,76.35,4650893,0.0
2020-05-19,78.51,79.89,76.65,79.57,4605846,0.0
2020-05-20,82.59,83.11,75.14,76.93,22904484,0.0
2020-05-21,76.96,78.74,74.81,78.0184,6460352,0.0
2020-05-25,83.35,86.35,82.13,82.86,6080607,0.0
2020-05-26,86.18,86.88,80.49,81.54,13499428,0.0
2020-05-27,81.81,81.98,78.01,78.76,6006456,0.0
2020-05-28,78.66,80.14,76.03,79.58,5225563,0.0
2020-05-31,79.5,83.17,78.84,82.43,6854028,0.0
2020-06-01,83.25,84.63,82.08,84.25,7469732,0.0
2020-06-02,86.18,89.77,86.16,89.09,11560490,0.0
2020-06-03,89.77,91.41,87.5816,89.9,3374002,0.0
2020-06-04,94.54,95.26,91.1232,93.09,5888346,0.0
2020-06-07,95.3,97.59,92.64,94,7763816,0.0
2020-06-08,91.12,91.85,88.51,88.71,8378178,0.0
2020-06-09,89.36,89.75,83.83,87.37,5269881,0.0
2020-06-10,81.78,83.73,77.3,77.69,11270602,0.0
2020-06-11,82.51,84.2293,80.6501,80.75,1074459,0.0
2020-06-14,79.34,84.91,78.16,84.27,6192494,0.0
2020-06-15,88.23,89.18,83.01,85.3,6091419,0.0
2020-06-16,86.03,86.08,83.564,84.68,5588575,0.0
2020-06-17,83.62,86.7,83.13,84.4,4100806,0.0
2020-06-18,85.69,86.265,81.8,82.05,2793177,0.0
2020-06-21,82.68,83.25,80.33,83.19,2222826,0.0
2020-06-22,84.87,87.03,83.7,86.66,2708514,0.0
2020-06-23,86.27,86.28,78.83,81.22,6230946,0.0
2020-06-24,80.79,82.9,79.5423,82.76,3773287,0.0
2020-06-25,82.99,83.95,77.33,77.45,5806107,0.0
2020-06-28,78.01,82.82,75.75,82.66,4444136,0.0
2020-06-29,83.15,83.15,80.851,82.19,2718255,0.0
2020-06-30,83.21,86.11,82.39,84.43,3029198,0.0
2020-07-01,86.48,88.08,83.47,84.89,2687869,0.0
