Date,Open,High,Low,Close,Volume,OpenInterest
2016-07-12,43.71,43.89,43.08,43.3,3793137,0.0
2016-07-13,43.57,43.75,43.27,43.3,2994270,0.0
2016-07-14,43.56,43.64,43.34,43.46,4248440,0.0
2016-07-17,43.36,43.44,42.93,42.98,2238074,0.0
2016-07-18,42.78,42.8593,42.31,42.43,3881645,0.0
2016-07-19,42.3,42.88,41.96,42.53,2512172,0.0
2016-07-20,42.54,42.58,41.7,41.83,3636527,0.0
2016-07-21,41.55,42.21,41.47,42.12,3598723,0.0
2016-07-24,41.97,42.19,41.861,41.92,1943490,0.0
2016-07-25,41.99,42.25,41.71,41.98,2703768,0.0
2016-07-26,42,42.06,41.65,41.9,3678406,0.0
2016-07-27,41.85,42.59,41.81,42.4899,4283502,0.0
2016-07-28,42.47,42.96,42.29,42.75,2217902,0.0
2016-07-31,42.78,42.95,42.31,42.5,2522734,0.0
2016-08-01,42.44,42.58,41.78,41.81,1962770,0.0
2016-08-02,41.81,42.08,41.65,42.06,2907027,0.0
2016-08-03,42.8,43.235,42.38,42.4,3508735,0.0
2016-08-04,42.51,42.9,42.41,42.87,1496712,0.0
2016-08-07,42.98,43.12,42.79,42.85,1322585,0.0
2016-08-08,42.95,43.01,42.375,42.48,992040,0.0
2016-08-09,42.48,42.7,42.26,42.48,966339,0.0
2016-08-10,42.78,43.63,42.77,43.44,1776593,0.0
2016-08-11,43.32,43.61,43.17,43.44,1012120,0.0
2016-08-14,43.41,43.89,43.41,43.78,1001460,0.0
2016-08-15,43.76,43.79,43.47,43.49,843340,0.0
2016-08-16,43.62,43.64,43.32,43.6,968262,0.0
2016-08-17,43.71,43.99,43.24,43.89,967789,0.0
2016-08-18,43.75,44.045,43.43,43.99,845805,0.0
2016-08-21,43.72,44.2,43.59,44.16,1106159,0.0
2016-08-22,44.57,44.57,43.96,44.03,910159,0.0
2016-08-23,43.83,44.07,43.63,43.705,873280,0.0
2016-08-24,43.68,43.77,43.47,43.73,901162,0.0
2016-08-25,43.85,44.23,43.49,43.75,1109181,0.0
2016-08-28,43.7,44.04,43.53,44,700495,0.0
2016-08-29,44.05,44.18,43.59,43.76,795608,0.0
2016-08-30,43.69,43.7,42.9401,43.12,1411458,0.0
2016-08-31,43.25,43.37,42.45,42.81,1937487,0.0
2016-09-01,43.13,43.53,42.91,43.31,1125365,0.0
2016-09-05,43.44,43.6,42.81,42.92,1337585,0.0
2016-09-06,42.44,42.49,41.61,42.26,1829900,0.0
2016-09-07,42.26,42.39,42,42.17,1187442,0.0
2016-09-08,41.77,42.21,40.57,40.57,2458950,0.0
2016-09-11,40.25,40.86,40.11,40.715,2532187,0.0
2016-09-12,40.43,40.89,40.15,40.435,3252146,0.0
2016-09-13,40.3,40.65,39.99,40.27,4008585,0.0
2016-09-14,40.24,40.84,40.08,40.82,2801089,0.0
2016-09-15,40.45,40.48,39.85,40.06,2312601,0.0
2016-09-18,40.33,40.72,40.23,40.57,1846871,0.0
2016-09-19,40.7,40.7,39.91,39.92,1717397,0.0
2016-09-20,39.96,40.32,39.94,40.23,2064366,0.0
2016-09-21,40.57,40.74,40.5,40.54,1546352,0.0
2016-09-22,40.4,40.73,40.27,40.44,1422675,0.0
2016-09-25,40.21,40.44,40.14,40.19,1000353,0.0
2016-09-26,40.04,40.44,40.02,40.39,1379587,0.0
2016-09-27,40.51,40.91,40.355,40.87,1062106,0.0
2016-09-28,40.71,41.26,40.4,40.84,1472277,0.0
2016-09-29,40.97,41.995,40.92,41.78,2632068,0.0
2016-10-02,41.58,42.29,41.46,42.16,2663137,0.0
2016-10-03,42.27,42.36,41.29,41.45,1256332,0.0
2016-10-04,41.69,42.08,41.67,41.91,915921,0.0
2016-10-05,41.82,42.79,41.8,42.73,1800723,0.0
2016-10-06,42.49,42.74,42.14,42.3,2404585,0.0
2016-10-09,42.47,42.53,42,42.12,4465536,0.0
2016-10-10,41.69,42.77,39.68,39.95,6153168,0.0
2016-10-11,39.85,39.85,39.02,39.06,4122733,0.0
2016-10-12,38.82,38.85,37.93,38.34,4299212,0.0
2016-10-13,38.13,38.635,37.7,38.345,2970205,0.0
2016-10-16,38.31,38.545,38.18,38.28,2374773,0.0
2016-10-17,38.66,38.79,37.88,38.15,1845714,0.0
2016-10-18,38.25,38.96,38.02,38.92,2647990,0.0
2016-10-19,38.92,39.125,38.75,38.815,1802081,0.0
2016-10-20,38.32,38.5,37.96,38.37,1189119,0.0
2016-10-23,38.62,39.08,38.55,38.94,2091902,0.0
2016-10-24,38.86,38.98,38.47,38.65,1559456,0.0
2016-10-25,38.52,39.38,38.432,39.02,1454555,0.0
2016-10-26,39.07,39.13,38.37,38.45,1002245,0.0
2016-10-27,38.46,39,38.44,38.76,966923,0.0
2016-10-30,38.94,39.05,38.68,38.99,1384556,0.0
2016-10-31,39.08,39.13,38.21,38.39,1317810,0.0
2016-11-01,38.47,38.5852,38.09,38.24,1713129,0.0
2016-11-02,38.41,38.6199,38.17,38.6,1985769,0.0
2016-11-03,38.7,39.8,38.68,39.45,2999127,0.0
2016-11-06,39.95,40.65,39.92,40.62,2416731,0.0
2016-11-07,40.58,41.04,40.19,40.63,1584257,0.0
2016-11-08,39.97,43.97,39.781,43.6,5017330,0.0
2016-11-09,43.96,45.3,43.96,44.92,4887919,0.0
2016-11-10,44.77,45.08,43.44,44.28,4404782,0.0
2016-11-13,44.5,45.43,44.39,45.1,3300192,0.0
2016-11-14,45.22,45.26,44.73,45.09,2155509,0.0
2016-11-15,45.03,45.2,44.75,45.09,2071669,0.0
2016-11-16,45.03,45.37,44.78,44.96,2539950,0.0
2016-11-17,44.92,45.095,44.73,44.8,1484215,0.0
2016-11-20,44.98,45.28,44.78,45.26,1593546,0.0
2016-11-21,45.41,45.97,45.14,45.92,2195764,0.0
2016-11-22,45.73,46.505,45.71,46.24,1466151,0.0
2016-11-24,46.21,46.37,46.01,46.37,358983,0.0
2016-11-27,46.39,46.51,45.97,46.36,1378252,0.0
2016-11-28,46.28,47.145,46.17,47.02,3039035,0.0
2016-11-29,47.19,47.89,46.87,47.41,2883619,0.0
2016-11-30,47.51,48.365,47.27,47.49,3139259,0.0
2016-12-01,47.55,48.005,47.1972,47.83,3161068,0.0
2016-12-04,48.46,49.21,48.18,48.58,4872884,0.0
2016-12-05,47.94,48.45,47.2,48.3,4448008,0.0
2016-12-06,48.17,49.235,47.83,49.17,2688696,0.0
2016-12-07,49.14,49.305,48.8948,49.13,2276241,0.0
2016-12-08,49.17,49.28,48.76,49.01,1753768,0.0
2016-12-11,49.06,49.15,48.56,48.91,1850482,0.0
2016-12-12,48.96,48.97,48.23,48.6,2216249,0.0
2016-12-13,48.73,48.99,48.22,48.31,1786210,0.0
2016-12-14,48.41,48.775,47.96,48.43,2023452,0.0
2016-12-15,48.52,48.74,48.02,48.05,1868514,0.0
2016-12-18,47.98,48.35,47.69,48.02,1938924,0.0
2016-12-19,48.23,48.92,47.98,48.53,1036215,0.0
2016-12-20,48.5,48.68,48.14,48.14,827167,0.0
2016-12-21,48.13,48.14,47.68,48.03,882710,0.0
2016-12-22,48.04,48.27,47.8,48.14,754773,0.0
2016-12-26,48.19,48.67,48.045,48.326,577622,0.0
2016-12-27,48.42,48.43,47.27,47.38,1094249,0.0
2016-12-28,47.55,47.75,47.13,47.22,1268616,0.0
2016-12-29,47.49,47.65,46.66,46.98,1035563,0.0
2017-01-02,47.4,47.76,46.44,46.95,2376371,0.0
2017-01-03,47.14,47.45,46.91,47.165,2217443,0.0
2017-01-04,47.94,47.99,46.32,46.62,2082452,0.0
2017-01-05,46.64,46.91,46.22,46.51,1836557,0.0
2017-01-08,46.46,46.66,46.16,46.16,1771658,0.0
2017-01-09,46.23,46.62,46.1,46.51,1487345,0.0
2017-01-10,46.83,47.8,46.75,47.43,2339669,0.0
2017-01-11,47.77,48.16,47.155,48,2778100,0.0
2017-01-12,48.14,48.19,47.82,48.05,1947670,0.0
2017-01-16,47.94,48.478,47.53,48.26,2826550,0.0
2017-01-17,48.01,51.56,47,51.05,7547453,0.0
2017-01-18,50.86,51.3,50.48,50.55,3285625,0.0
2017-01-19,50.83,51.42,50.75,51.24,2322107,0.0
2017-01-22,51.21,51.44,50.72,50.98,2093380,0.0
2017-01-23,51.3,51.37,50.26,50.79,3720520,0.0
2017-01-24,51.01,51.51,50.57,50.79,3408224,0.0
2017-01-25,50.82,51.02,50.22,50.37,1996399,0.0
2017-01-26,50.41,50.41,49.93,50.17,2147738,0.0
2017-01-29,49.8,50.24,49.24,50.2,2929955,0.0
2017-01-30,50.11,50.21,49.31,49.68,1528661,0.0
2017-01-31,49.84,50.05,49.28,49.63,1598181,0.0
2017-02-01,49.28,49.505,48.69,49,1563487,0.0
2017-02-02,49.26,49.8,48.88,49.04,2131427,0.0
2017-02-05,49.45,51.18,49.45,50.37,3364990,0.0
2017-02-06,50.1,50.45,49.74,49.81,2060670,0.0
2017-02-07,49.74,49.98,49.42,49.82,1073118,0.0
2017-02-08,49.88,50.34,49.54,50.25,937975,0.0
2017-02-09,50.44,50.69,50.04,50.34,788952,0.0
2017-02-12,50.68,50.83,50.105,50.13,814014,0.0
2017-02-13,49.97,50.51,49.86,50.39,962620,0.0
2017-02-14,50.14,50.63,49.89,50.46,1181972,0.0
2017-02-15,50.45,50.61,49.931,50.61,932388,0.0
2017-02-16,50.4,50.71,50.08,50.71,1261085,0.0
2017-02-20,50.62,50.9,50.4,50.87,1054566,0.0
2017-02-21,50.82,50.99,50.63,50.87,855748,0.0
2017-02-22,51.07,51.24,49.655,49.78,1462515,0.0
2017-02-23,49.64,50.1,49.3998,50.09,1041127,0.0
2017-02-26,50.16,50.405,50.02,50.35,1016255,0.0
2017-02-27,50.39,50.44,49.88,50.02,1136756,0.0
2017-02-28,50.56,51.17,50.51,50.98,1660591,0.0
2017-03-01,50.82,51.4,50.545,50.63,1765131,0.0
2017-03-02,50.65,51.855,50.5741,51.8,2191259,0.0
2017-03-05,51.83,52.64,51.52,52.22,3259302,0.0
2017-03-06,52.12,52.44,51.25,51.37,1522333,0.0
2017-03-07,51.44,51.62,51.15,51.44,1235070,0.0
2017-03-08,51.42,51.84,49.94,50.18,2039880,0.0
2017-03-09,50.52,51.01,50.52,50.8,1364897,0.0
2017-03-12,50.67,51.43,50.2901,51.4,891452,0.0
2017-03-13,51.23,51.23,50.665,50.7,954608,0.0
2017-03-14,50.99,51.8,50.77,51.605,975733,0.0
2017-03-15,51.59,51.75,51.13,51.25,1030853,0.0
2017-03-16,51.54,51.99,51.07,51.87,2041811,0.0
2017-03-19,51.78,52,51.47,51.8,1089378,0.0
2017-03-20,51.86,52.07,50.92,51.16,1483315,0.0
2017-03-21,51.33,51.898,50.99,51.71,1249276,0.0
2017-03-22,51.62,51.83,50.98,51.02,1240475,0.0
2017-03-23,51.15,51.44,50.49,50.76,1129689,0.0
2017-03-26,50.11,50.25,49.51,50.04,1825407,0.0
2017-03-27,49.98,51.01,49.7,50.89,1255908,0.0
2017-03-28,50.75,51.38,50.5,51.215,1454863,0.0
2017-03-29,51.16,51.36,50.8,51.32,833741,0.0
2017-03-30,51.24,51.785,50.91,51.5,1433775,0.0
2017-04-02,51.18,51.98,50.75,51.34,2008625,0.0
2017-04-03,51.16,51.947,51.03,51.755,1719219,0.0
2017-04-04,52.08,52.74,51.6,51.7,2111801,0.0
2017-04-05,51.72,51.75,50.84,50.95,2394462,0.0
2017-04-06,51,51.13,50.05,50.23,2457900,0.0
2017-04-09,50.39,50.64,49.87,50.43,2266915,0.0
2017-04-10,50.39,50.5,49.48,50.33,3311267,0.0
2017-04-11,48,48.17,46.23,46.29,10388438,0.0
2017-04-12,46.5,47.05,45.53,45.54,4146376,0.0
2017-04-16,45.6,45.86,45.2,45.8,2586822,0.0
2017-04-17,45.11,45.59,44.23,44.26,5928184,0.0
2017-04-18,45.03,45.5,44.62,45.44,5614716,0.0
2017-04-19,45.56,45.93,45.33,45.47,2907489,0.0
2017-04-20,45.6,45.875,45.19,45.75,2304292,0.0
2017-04-23,46.22,46.33,45.22,45.41,2768600,0.0
2017-04-24,45.53,45.94,45.3,45.72,2589642,0.0
2017-04-25,45.78,45.9999,45.6,45.81,1497971,0.0
2017-04-26,45.88,45.97,45.11,45.38,2212614,0.0
2017-04-27,45.37,45.3925,44.62,44.68,1795642,0.0
2017-04-30,44.87,44.87,43.86,44.54,3251090,0.0
2017-05-01,44.81,45.13,44.67,45.08,2482075,0.0
2017-05-02,44.89,45.5957,44.8,45.25,2601305,0.0
2017-05-03,46.22,46.6,45.1,45.53,3676887,0.0
2017-05-04,45.49,45.84,45.0066,45.68,1982739,0.0
2017-05-07,45.6,45.96,45.45,45.805,1739275,0.0
2017-05-08,45.8,45.99,45.29,45.5,2088795,0.0
2017-05-09,45.47,45.7118,45.03,45.495,1773310,0.0
2017-05-10,45.26,45.35,44.372,44.98,1914919,0.0
2017-05-11,44.81,45.02,44.53,44.74,1508411,0.0
2017-05-14,45.01,45.03,43.935,44.2,2553826,0.0
2017-05-15,44.21,44.28,43.63,43.96,3171314,0.0
2017-05-16,43.52,43.81,42.26,42.29,4146863,0.0
2017-05-17,42.21,43.1575,41.91,42.94,3181543,0.0
2017-05-18,42.99,43.975,42.83,43.58,2621459,0.0
2017-05-21,43.59,44.43,43.52,44.37,1746067,0.0
2017-05-22,44.4,44.47,43.82,44.24,1029307,0.0
2017-05-23,44.22,44.38,42.91,43.64,1807022,0.0
2017-05-24,43.76,43.77,43.09,43.28,2666298,0.0
2017-05-25,43.3,43.7598,43.06,43.46,2683222,0.0
2017-05-29,43.54,43.68,43.14,43.25,1713806,0.0
2017-05-30,43.19,43.215,42.37,43.17,2947810,0.0
2017-05-31,43.27,43.82,42.94,43.61,2541393,0.0
2017-06-01,45.83,45.83,44.03,44.27,4017046,0.0
2017-06-04,44.27,45.02,44.03,44.65,3205882,0.0
2017-06-05,43.8,43.99,41.87,42.1,6343284,0.0
2017-06-06,42.18,42.9,42.11,42.17,2928242,0.0
2017-06-07,41.89,42.74,41.87,42.42,2459072,0.0
2017-06-08,42.42,43.775,42.42,43.52,3046507,0.0
2017-06-11,43.41,44.56,43.04,43.99,2778680,0.0
2017-06-12,43.83,44.12,43.235,43.42,2670253,0.0
2017-06-13,43.49,43.61,42.7,43.19,2092254,0.0
2017-06-14,43.01,43.85,43.01,43.65,1730863,0.0
2017-06-15,43.21,44.42,43.21,44.4,3174279,0.0
2017-06-18,44.76,45.02,44.405,44.625,2277363,0.0
2017-06-19,44.55,44.57,43.19,43.22,1300746,0.0
2017-06-20,43.27,43.31,42.55,42.71,1409219,0.0
2017-06-21,42.79,43.12,42.6,42.78,1612348,0.0
2017-06-22,42.86,43.335,42.66,42.85,1458875,0.0
2017-06-25,42.95,43.06,42.36,42.65,1564750,0.0
2017-06-26,42.9,42.95,41.985,42.11,1604012,0.0
2017-06-27,42.4,42.69,42.31,42.44,4307907,0.0
2017-06-28,42.49,42.77,42.06,42.53,1956632,0.0
2017-06-29,42.96,43.73,42.64,43.53,1448851,0.0
2017-07-02,43.21,44.17,43.21,44.03,1167102,0.0
2017-07-04,44.12,44.28,43.58,44.16,2867856,0.0
2017-07-05,43.98,44.705,43.78,44.08,2005567,0.0
2017-07-06,44.13,44.21,43.64,43.9,1328322,0.0
2017-07-09,43.75,44.12,43.36,43.76,1743171,0.0
2017-07-10,43.84,43.97,43.04,43.59,3718204,0.0
2017-07-11,46.38,46.6,41.06,42.73,16617335,0.0
2017-07-12,43.36,43.36,42.45,43.17,9205240,0.0
2017-07-13,43.4,43.97,42.8175,42.88,3130108,0.0
2017-07-16,42.84,43.03,42.25,42.5,2810113,0.0
2017-07-17,42.47,43.51,42.39,43.42,2873607,0.0
2017-07-18,43.5,43.59,41.88,42.69,6223571,0.0
2017-07-19,42.69,43.34,42.615,43.07,3093242,0.0
2017-07-20,42.73,43.21,42.21,42.41,4227508,0.0
2017-07-23,42.35,43.1456,42.25,43.05,2829417,0.0
2017-07-24,43.4,44.44,43.26,44.09,3309946,0.0
2017-07-25,44.22,44.34,43.725,43.9,2106818,0.0
2017-07-26,43.62,44.07,43.291,43.81,3939937,0.0
2017-07-27,43.72,43.97,43.28,43.54,2574934,0.0
2017-07-30,43.6,43.77,42.72,42.97,1794865,0.0
2017-07-31,43.09,43.165,42.2845,42.99,2621123,0.0
2017-08-01,43.06,43.2,42.46,42.965,2277228,0.0
2017-08-02,42.97,43.1,42.47,42.56,2039157,0.0
2017-08-03,42.9,43.94,42.9,43.85,3301485,0.0
2017-08-06,43.86,43.9541,43.05,43.05,1333736,0.0
2017-08-07,43,43.15,42.45,42.475,1461354,0.0
2017-08-08,42.52,43.14,42.21,43.09,1453074,0.0
2017-08-09,42.9,42.91,42.3001,42.36,1422047,0.0
2017-08-10,42.44,43,42.23,42.61,1215196,0.0
2017-08-13,42.76,43.36,42.7,43.175,945567,0.0
2017-08-14,43.23,43.23,42.69,42.76,945983,0.0
2017-08-15,42.72,43.11,42.65,43.09,1317531,0.0
2017-08-16,42.91,42.96,41.59,41.6,2792748,0.0
2017-08-17,41.56,41.68,40.655,40.665,2909213,0.0
2017-08-20,40.58,40.6,39.79,39.97,5157114,0.0
2017-08-21,40.2,41.49,40,41.4,2860571,0.0
2017-08-22,41.25,41.2729,40.84,41.16,1365060,0.0
2017-08-23,41.32,41.62,40.91,41.15,1814832,0.0
2017-08-24,41.35,41.75,41.1,41.47,2259272,0.0
2017-08-27,41.75,42.07,41.26,41.57,1825569,0.0
2017-08-28,41.39,41.95,41.12,41.42,1413425,0.0
2017-08-29,41.26,42.1793,41.06,42.07,1437628,0.0
2017-08-30,42.19,42.87,41.93,42.67,1773482,0.0
2017-08-31,42.89,43.06,42.47,42.47,1296194,0.0
2017-09-04,42.4,42.63,41.86,42.04,1330789,0.0
2017-09-05,42.33,42.89,42.18,42.375,2191742,0.0
2017-09-06,41.81,42.41,40.7599,41.94,4432380,0.0
2017-09-07,41.9,42.71,41.61,42.68,1852782,0.0
2017-09-10,42.93,43.42,42.73,42.9597,1871025,0.0
2017-09-11,43.07,43.73,42.97,43.55,1228420,0.0
2017-09-12,43.44,43.77,43.29,43.55,1457868,0.0
2017-09-13,43.4,43.95,43.315,43.55,1143575,0.0
2017-09-14,43.58,43.98,43.3601,43.91,2054354,0.0
2017-09-17,43.92,44.24,43.75,44.11,1341892,0.0
2017-09-18,44.15,44.33,43.99,44.21,1368320,0.0
2017-09-19,44.43,45.17,44.27,44.56,2618380,0.0
2017-09-20,44.9,45.16,44.46,44.49,1270776,0.0
2017-09-21,44.09,44.519,43.97,44.25,1716261,0.0
2017-09-24,44.18,44.55,43.76,44.54,1679094,0.0
2017-09-25,44.77,45.39,44.441,45.24,1820852,0.0
2017-09-26,45.41,45.75,44.76,45.52,2098105,0.0
2017-09-27,45.5,45.96,45.14,45.73,2067387,0.0
2017-09-28,45.61,46.1525,45.525,45.58,1469343,0.0
2017-10-01,45.68,45.76,45.14,45.75,1875251,0.0
2017-10-02,45.93,46.17,45.32,45.79,1702085,0.0
2017-10-03,45.83,46.11,45.29,45.64,1917632,0.0
2017-10-04,45.63,46.08,45.33,46.04,1317973,0.0
2017-10-05,46.26,46.55,45.9,46.03,2391756,0.0
2017-10-08,45.99,46.41,45.7,45.79,1275666,0.0
2017-10-09,45.99,45.99,44.68,44.8598,3065769,0.0
2017-10-10,43.29,44.51,42.51,44.5,7841858,0.0
2017-10-11,44.38,45.95,44.38,45.94,3429731,0.0
2017-10-12,46.2,46.8,46.07,46.58,2352350,0.0
2017-10-15,46.78,47.28,46.62,47.25,2106070,0.0
2017-10-16,47.48,48.12,46.83,47.95,3664422,0.0
2017-10-17,48.16,48.88,48.01,48.44,2663952,0.0
2017-10-18,48.33,48.66,48.15,48.27,1523222,0.0
2017-10-19,48.5,48.77,48.27,48.38,1727813,0.0
2017-10-22,48.57,48.97,48.17,48.93,1597404,0.0
2017-10-23,48.6,48.8221,46.545,46.83,3279887,0.0
2017-10-24,46.53,46.73,45.96,46.65,1949859,0.0
2017-10-25,46.77,47.75,46.33,47.48,1801974,0.0
2017-10-26,47.22,47.49,46.89,47.19,1184292,0.0
2017-10-29,47.07,47.48,46.7,46.78,1180336,0.0
2017-10-30,47.66,47.9858,46.92,46.98,1728503,0.0
2017-10-31,47.23,47.23,46.4,46.78,1167137,0.0
2017-11-01,46.78,47.63,46.63,47.58,958083,0.0
2017-11-02,47.47,48.21,47.2,47.91,1346131,0.0
2017-11-05,47.5,48.19,47.25,48.06,958674,0.0
2017-11-06,48.11,48.24,47.84,48.04,786781,0.0
2017-11-07,47.97,48.5,47.94,48.46,1091091,0.0
2017-11-08,48.22,48.35,46.7201,47.54,1488719,0.0
2017-11-09,47.25,48.47,47.1,47.6,1329759,0.0
2017-11-12,47.33,47.66,47.1,47.23,1168547,0.0
2017-11-13,46.94,47.66,46.91,47.47,1078624,0.0
2017-11-14,47.28,48.01,47.15,47.58,1291213,0.0
2017-11-15,47.78,48.64,47.51,48.47,1306406,0.0
2017-11-16,48.45,48.77,47.86,48.48,1099081,0.0
2017-11-19,48.37,48.72,47.78,48.12,1372028,0.0
2017-11-20,48.24,48.63,48.2203,48.46,704768,0.0
2017-11-21,48.53,49.56,48.48,48.75,1793299,0.0
2017-11-23,48.87,49.14,48.42,49.06,783313,0.0
2017-11-26,49.03,49.74,48.75,48.95,1140971,0.0
2017-11-27,48.96,50.45,48.83,50.42,1962918,0.0
2017-11-28,50.49,52,50.21,51.25,2316098,0.0
2017-11-29,51.24,52.89,50.911,52.37,3067546,0.0
2017-11-30,52.17,52.49,50.92,52.18,2333278,0.0
2017-12-03,52.58,55.35,52.53,54.88,4411386,0.0
2017-12-04,55.09,55.25,53.72,53.9,2387384,0.0
2017-12-05,53.55,53.89,52.82,53.43,1939120,0.0
2017-12-06,53.45,54.2465,53.22,53.84,1132138,0.0
2017-12-07,54.05,54.19,53.6,53.78,1014840,0.0
2017-12-10,53.7,54.11,53.47,53.83,1115606,0.0
2017-12-11,54.36,54.505,52.91,52.97,1684411,0.0
2017-12-12,53.1,53.46,52.91,53.115,1100709,0.0
2017-12-13,53.07,53.46,52.39,52.55,1472563,0.0
2017-12-14,53.29,53.76,52.4,53.27,2281650,0.0
2017-12-17,53.81,54.12,53.18,53.72,2440309,0.0
2017-12-18,53.8,54.06,53.19,53.32,989586,0.0
2017-12-19,53.53,53.86,53.38,53.56,731576,0.0
2017-12-20,53.8,54.38,53.47,54.13,984505,0.0
2017-12-21,54.07,54.16,53.47,54.05,848814,0.0
2017-12-25,53.95,54.5322,53.95,54.135,373629,0.0
2017-12-26,54.31,54.75,53.93,54.71,1042851,0.0
2017-12-27,54.73,55.175,54.33,55.13,1228808,0.0
2017-12-28,55.06,55.45,54.68,54.7,727364,0.0
2018-01-01,55.13,55.29,54.13,54.54,1569238,0.0
2018-01-02,54.57,54.76,53.92,54.56,1533196,0.0
2018-01-03,54.97,55.14,54.58,54.78,1415154,0.0
2018-01-04,55.04,55.3318,54.62,54.88,1254404,0.0
2018-01-07,54.76,55.69,54.665,55.47,1456297,0.0
2018-01-08,55.63,55.915,55.27,55.38,1475405,0.0
2018-01-09,53.58,55.22,53.08,54.42,2468068,0.0
2018-01-10,54.51,55.14,54.32,55.089,1562183,0.0
2018-01-11,55.34,55.61,55.08,55.59,1561348,0.0
2018-01-15,55.98,56.145,55.03,55.44,2683710,0.0
2018-01-16,52.8,54.05,51.5,52.21,7119197,0.0
2018-01-17,52.35,53.89,52.35,53.28,4374134,0.0
2018-01-18,53.42,53.9,53.23,53.75,2577364,0.0
2018-01-21,53.84,54.43,53.33,54.33,2327586,0.0
2018-01-22,54.17,54.79,53.77,54.4,2313896,0.0
2018-01-23,55.63,57.05,55.54,56.87,4583388,0.0
2018-01-24,57.27,57.68,56.28,57.1,3363006,0.0
2018-01-25,57.17,57.815,56.65,57.69,2157880,0.0
2018-01-28,57.37,57.79,56.35,56.48,1755235,0.0
2018-01-29,55.9,56.2,55.06,55.83,2040848,0.0
2018-01-30,56,56.26,54.37,54.97,2713949,0.0
2018-01-31,54.58,55.44,53.99,54.5,2624820,0.0
2018-02-01,54.04,54.36,53.36,53.555,1887811,0.0
2018-02-04,53.33,54.22,51.33,52.08,3477566,0.0
2018-02-05,51.45,53.47,51.45,53.03,4581253,0.0
2018-02-06,52.83,53.95,52.72,53.24,2177745,0.0
2018-02-07,53.09,53.57,52.15,52.16,2214614,0.0
2018-02-08,52.56,53.97,51.54,53.47,3030647,0.0
2018-02-11,53.82,53.96,52.6,52.85,2130982,0.0
2018-02-12,52.42,53.67,52.35,53.57,1381624,0.0
2018-02-13,53.38,54.735,52.81,54.64,1875601,0.0
2018-02-14,54.96,55.87,54.64,55.67,1865103,0.0
2018-02-15,55.52,55.72,54.5,54.74,1455499,0.0
2018-02-19,54.63,54.87,54.06,54.24,1025324,0.0
2018-02-20,54.29,55.14,54.22,54.38,1604856,0.0
2018-02-21,54.54,54.8499,53.96,54.19,745332,0.0
2018-02-22,54.6,55.23,54.245,55.19,856167,0.0
2018-02-25,55.56,56.12,55.03,56.05,843173,0.0
2018-02-26,55.96,56.51,55.35,55.36,947774,0.0
2018-02-27,55.54,55.81,54.67,54.73,1198110,0.0
2018-02-28,54.7,55.43,53.5704,53.82,2311489,0.0
2018-03-01,53.45,54.58,52.72,54.4,1601775,0.0
2018-03-04,53.92,55.605,53.77,55.27,2059468,0.0
2018-03-05,56.06,56.89,55.72,56.46,1871493,0.0
2018-03-06,56.13,56.735,55.65,56.64,1685404,0.0
2018-03-07,56.74,56.89,56.24,56.52,1290257,0.0
2018-03-08,56.86,58,56.76,57.97,1969951,0.0
2018-03-11,57.89,58.11,57.5,57.81,1277557,0.0
2018-03-12,58.19,58.46,57.6,57.76,1087508,0.0
2018-03-13,58.14,58.25,57.3,57.38,1041026,0.0
2018-03-14,57.43,58.4,57.3,57.615,1882512,0.0
2018-03-15,57.8,58.735,57.52,58.33,2182398,0.0
2018-03-18,57.36,57.92,56.7838,57.27,1623372,0.0
2018-03-19,57.48,57.83,56.12,56.32,1723276,0.0
2018-03-20,56.23,57.31,55.92,56.82,1141894,0.0
2018-03-21,56.25,56.68,55.23,55.27,1476414,0.0
2018-03-22,55.51,55.81,53.83,53.84,1450095,0.0
2018-03-25,54.26,55.22,53.83,54.93,1980757,0.0
2018-03-26,55.1,55.28,52.58,52.86,3323657,0.0
2018-03-27,52.86,53.75,52.5,53.18,2070636,0.0
2018-03-28,53.47,54.82,53.28,54.58,2116013,0.0
2018-04-01,54.05,54.52,52.37,53.21,2379398,0.0
2018-04-02,53.63,54.32,53.26,54.29,1462525,0.0
2018-04-03,53.69,55.02,53.14,54.89,1691781,0.0
2018-04-04,55.2,56.03,54.93,55.58,1858548,0.0
2018-04-05,55.13,55.55,52.98,53.64,2029080,0.0
2018-04-08,54.16,54.47,53.62,53.63,2632301,0.0
2018-04-09,54.48,54.96,54.18,54.43,3109656,0.0
2018-04-10,51.6,52.5,49.75,51.04,10554536,0.0
2018-04-11,51.36,51.98,50.47,50.71,5117563,0.0
2018-04-12,50.87,50.89,49.829,50.09,3496297,0.0
2018-04-15,50.49,50.83,50.2,50.67,2739645,0.0
2018-04-16,50.98,50.98,50.35,50.53,1842196,0.0
2018-04-17,50.69,51.34,50.56,50.67,2610100,0.0
2018-04-18,51,51.32,49.49,50.59,3197329,0.0
2018-04-19,50.43,50.675,49.74,50.49,2090475,0.0
2018-04-22,50.49,51.03,49.96,50.37,1474849,0.0
2018-04-23,50.43,50.62,48.52,49.105,2069068,0.0
2018-04-24,48.94,49.72,48.63,49.58,1728197,0.0
2018-04-25,49.59,50.04,48.79,49.86,3283456,0.0
2018-04-26,49.65,51.155,49.62,51.02,2490121,0.0
2018-04-29,51.05,51.14,49.8,49.99,1727597,0.0
2018-04-30,50.03,50.37,48.355,49.36,2519203,0.0
2018-05-01,49.32,50.16,49.13,49.17,2134302,0.0
2018-05-02,48.98,49.75,48.19,49.49,2202110,0.0
2018-05-03,49.05,50.99,48.8069,50.65,1956779,0.0
2018-05-06,50.69,51.53,50.52,51.41,1884692,0.0
2018-05-07,51.07,51.5,50.9,51.32,726770,0.0
2018-05-08,51.6,51.92,50.87,51.5,1666477,0.0
2018-05-09,51.67,51.78,51,51.34,1558680,0.0
2018-05-10,51.43,52.33,51.365,51.79,1423620,0.0
2018-05-13,51.79,51.85,51.345,51.78,984407,0.0
2018-05-14,51.49,52.55,51.08,52.51,1844195,0.0
2018-05-15,52.41,53.45,52.1954,53.03,1628698,0.0
2018-05-16,52.88,53.46,51.76,52.86,1552208,0.0
2018-05-17,52.97,53.13,51.96,52.75,1777181,0.0
2018-05-20,52.97,53.97,52.81,53.78,1577788,0.0
2018-05-21,53.85,53.94,52.61,52.7,1509844,0.0
2018-05-22,52.31,52.58,51.83,52.56,999094,0.0
2018-05-23,52.54,52.92,51.97,52.79,1054374,0.0
2018-05-24,52.8,53.01,52.17,52.5,1193983,0.0
2018-05-28,52.04,52.58,51.76,52.51,1483870,0.0
2018-05-29,52.68,53.1,52.38,52.68,908098,0.0
2018-05-30,52.69,53.35,52.2,53.23,1709475,0.0
2018-05-31,53.57,54.96,53.57,53.63,2144345,0.0
2018-06-03,53.85,54.53,52.74,53.47,1874497,0.0
2018-06-04,53.68,54.3,53.3827,54.27,1340034,0.0
2018-06-05,53.71,53.71,51.125,52.1,4590809,0.0
2018-06-06,52.11,53.06,52.09,52.94,1447957,0.0
2018-06-07,53.03,53.06,52.4,52.81,1013401,0.0
2018-06-10,52.35,53.08,52.35,52.85,1133768,0.0
2018-06-11,53.03,53.79,52.995,53.49,1136024,0.0
2018-06-12,53.47,53.72,53,53.04,1468428,0.0
2018-06-13,53.25,53.3,51.9118,52.78,1551403,0.0
2018-06-14,52.9,52.9,51.84,52.69,1866281,0.0
2018-06-17,52.3,52.79,52.17,52.36,1094550,0.0
2018-06-18,51.91,52.39,51.78,52.11,1255114,0.0
2018-06-19,52.31,52.81,52.06,52.78,1084191,0.0
2018-06-20,52.69,52.69,50.68,50.88,2588286,0.0
2018-06-21,51.09,51.58,50.4,50.58,1718192,0.0
2018-06-24,50.27,50.37,49.49,49.85,1865020,0.0
2018-06-25,50.07,50.29,49.28,49.44,1768401,0.0
2018-06-26,49.08,50.03,48.69,48.72,2131941,0.0
2018-06-27,48.83,49.64,48.305,48.74,2106642,0.0
2018-06-28,48.92,49.59,48.1,48.14,3040546,0.0
2018-07-01,47.6,48.35,47.56,47.98,3107926,0.0
2018-07-02,48.1,48.335,47.45,47.68,2356815,0.0
2018-07-04,48.02,48.2,47.37,48.08,2458261,0.0
2018-07-05,48.05,48.68,47.84,48.22,2906348,0.0
2018-07-08,48.28,49.94,48.09,49.61,2968327,0.0
2018-07-09,49.62,49.99,49.14,49.53,4114099,0.0
2018-07-10,52.31,56.42,50.82,54.51,24038115,0.0
2018-07-11,54.62,55.44,54.37,55.325,5178729,0.0
2018-07-12,55.52,56.19,54.825,55.25,4350131,0.0
2018-07-15,55.28,55.51,54.72,55.42,2134380,0.0
2018-07-16,55.24,56.03,55.07,55.93,1603898,0.0
2018-07-17,56.34,56.81,55.55,56.435,2202591,0.0
2018-07-18,56.2,57.34,55.89,56.83,2926689,0.0
2018-07-19,56.61,57.69,56.24,57.45,2243185,0.0
2018-07-22,57.47,58.4699,57.39,57.9,2010506,0.0
2018-07-23,57.1,58.039,56.46,56.62,2258916,0.0
2018-07-24,56.6,57.62,56.5,57.52,1833384,0.0
2018-07-25,57.73,58.1,56.64,56.75,1934067,0.0
2018-07-26,56.75,57.125,56.21,56.5,1315409,0.0
2018-07-29,56.56,56.896,55.85,56.09,1716130,0.0
2018-07-30,56.37,57.13,56.13,56.93,1517354,0.0
2018-07-31,56.88,57.05,55.23,55.66,2450185,0.0
2018-08-01,55.35,56.83,55.15,56.42,1508837,0.0
2018-08-02,56.61,56.87,56.02,56.26,948411,0.0
2018-08-05,55.95,57.04,55.73,56.74,1672726,0.0
2018-08-06,56.86,57.52,56.54,57.28,1160244,0.0
2018-08-07,57.26,57.9,56.79,57.8,1094472,0.0
2018-08-08,57.96,58.55,57.45,57.52,1040492,0.0
2018-08-09,57.35,57.88,56.94,57.72,1099511,0.0
2018-08-12,57.91,58.12,57.3,57.35,1078720,0.0
2018-08-13,57.49,58.6,57.3,58.35,1495524,0.0
2018-08-14,57.95,58.52,57.56,58.42,1328293,0.0
2018-08-15,58.71,59.74,58.47,59.31,1845935,0.0
2018-08-16,59.26,59.794,59.26,59.51,1137663,0.0
2018-08-19,59.56,60.79,58.69,60.14,1611420,0.0
2018-08-20,60.31,61.14,60.07,60.875,1248769,0.0
2018-08-21,60.76,60.94,60.46,60.73,938159,0.0
2018-08-22,60.71,60.92,60.16,60.34,1367361,0.0
2018-08-23,60.42,60.44,59.04,59.47,2553563,0.0
2018-08-26,59.79,59.95,58.84,59.02,2110894,0.0
2018-08-27,59.15,59.23,58.51,58.75,1698512,0.0
2018-08-28,58.82,59.15,58.54,58.8,1103597,0.0
2018-08-29,58.64,59.07,57.87,58.17,1537695,0.0
2018-08-30,58.07,58.76,58.07,58.37,1401244,0.0
2018-09-03,58.05,59.53,58.05,59.04,2087570,0.0
2018-09-04,58.94,59.44,58.65,59.1,1029025,0.0
2018-09-05,59.08,59.42,58.46,59.01,1480926,0.0
2018-09-06,58.91,58.91,56.77,57.21,3228262,0.0
2018-09-09,57.41,58.4,57.21,58.18,1600064,0.0
2018-09-10,58.25,59.55,58.05,59.11,1538579,0.0
2018-09-11,59.03,59.03,58.15,58.75,1013199,0.0
2018-09-12,59.18,59.2,58.75,59,628553,0.0
2018-09-13,59.07,59.38,57.43,57.75,2246435,0.0
2018-09-16,57.74,58.18,57.2152,57.71,1424723,0.0
2018-09-17,57.69,58.33,56.89,58.07,1166576,0.0
2018-09-18,58,58.65,57.9553,58.23,915935,0.0
2018-09-19,58.44,58.81,58.16,58.7,865386,0.0
2018-09-20,59.05,59.5,58.73,58.89,1474730,0.0
2018-09-23,58.53,58.68,56.98,57.7,1407721,0.0
2018-09-24,57.76,58.15,57.36,57.99,929967,0.0
2018-09-25,58.26,58.36,57.67,57.77,898410,0.0
2018-09-26,57.97,58.74,57.69,58.07,992565,0.0
2018-09-27,58.01,58.22,57.68,58.02,1456688,0.0
2018-09-30,58.43,58.66,57.58,57.98,1391209,0.0
2018-10-01,57.85,58.47,57.615,57.87,1617444,0.0
2018-10-02,58,58.72,57.92,58.09,1720252,0.0
2018-10-03,57.86,58.32,56.18,56.8,2878902,0.0
2018-10-04,56.86,57.23,55.91,56.48,2436240,0.0
2018-10-07,56.25,57.06,55.65,56.69,3791145,0.0
2018-10-08,56.78,57.01,55.64,55.65,4497156,0.0
2018-10-09,52.64,55.2,51.48,51.66,11777583,0.0
2018-10-10,51.61,53.07,50.73,51.25,5284599,0.0
2018-10-11,52.07,52.2,50.89,52.06,3964680,0.0
2018-10-14,51.94,53.06,51.94,52.67,2499802,0.0
2018-10-15,51.61,53.12,50.91,52.94,4484326,0.0
2018-10-16,52.96,53.09,52.12,52.66,1502809,0.0
2018-10-17,52.55,53.3,51.93,52.55,2970458,0.0
2018-10-18,52.56,53,51.67,52,1876452,0.0
2018-10-21,52.31,52.63,51.12,51.54,2556097,0.0
2018-10-22,50.54,51,49.62,50.38,2711862,0.0
2018-10-23,50.28,50.48,48.58,48.66,2741779,0.0
2018-10-24,49.15,49.76,48.91,49.3,2081979,0.0
2018-10-25,48.48,50.16,48.01,49.34,2612841,0.0
2018-10-28,49.97,50.34,48.65,49.25,2392191,0.0
2018-10-29,49.6,51.4,49.39,51.32,2554985,0.0
2018-10-30,51.81,52.02,51.19,51.41,2009328,0.0
2018-10-31,51.63,51.97,50.68,51.8,2050558,0.0
2018-11-01,52.16,52.89,52.09,52.76,2354978,0.0
2018-11-04,52.75,53.035,52.3,52.64,2498899,0.0
2018-11-05,52.5,53.67,52.4,53.51,1879335,0.0
2018-11-06,54.02,54.76,53.68,54.68,1918918,0.0
2018-11-07,54.67,55.24,54.446,55.13,2224716,0.0
2018-11-08,54.61,55.15,54.09,54.75,3134803,0.0
2018-11-11,54.86,54.87,53.99,54.12,3000574,0.0
2018-11-12,54.26,55.09,54.22,54.7,2130258,0.0
2018-11-13,55.21,56.58,54.96,55.86,5223754,0.0
2018-11-14,55.52,57.23,54.51,57.02,3441270,0.0
2018-11-15,57.09,57.92,56.73,57.56,5051469,0.0
2018-11-18,57.52,58.29,57.315,57.49,5703725,0.0
2018-11-19,57.03,57.46,55.015,55.38,3519037,0.0
2018-11-20,55.55,57.33,55.212,56.73,2764295,0.0
2018-11-22,55.84,56.42,55.4,55.84,1062618,0.0
2018-11-25,56.5,57.685,56.21,57.63,2717630,0.0
2018-11-26,57.21,57.64,56.94,57.335,2874357,0.0
2018-11-27,57.4,59.08,56.53,59.07,2578829,0.0
2018-11-28,58.89,59.84,58.65,59.27,2183236,0.0
2018-11-29,59.45,59.78,58.64,59.25,2175623,0.0
2018-12-02,60,60.45,58.62,59.73,2600207,0.0
2018-12-03,58.61,59.63,57.09,57.28,3504182,0.0
2018-12-05,56.42,57.35,55.45,57.29,2570922,0.0
2018-12-06,57.07,57.72,55.12,55.25,2924969,0.0
2018-12-09,55.37,56.14,53.58,54.6,2999305,0.0
2018-12-10,55.47,55.83,54.42,54.87,1588773,0.0
2018-12-11,55.88,56.355,54.72,54.77,1987304,0.0
2018-12-12,55.24,55.4,54.29,54.72,1902252,0.0
2018-12-13,54.07,54.89,53.79,53.86,1754588,0.0
2018-12-16,53.83,54.21,52.55,52.97,2772147,0.0
2018-12-17,53.33,53.61,51.82,52.24,2805326,0.0
2018-12-18,52.42,53.12,51.075,51.48,2959004,0.0
2018-12-19,51.19,51.68,49.98,50.6,2929657,0.0
2018-12-20,50.97,51.94,50.2,50.44,3425593,0.0
2018-12-23,50.24,50.4,49.31,49.38,1293608,0.0
2018-12-25,49.7,51.63,49.21,51.59,2553817,0.0
2018-12-26,50.77,52.11,50.26,52.11,1458677,0.0
2018-12-27,52.27,52.75,51.71,52.03,1535263,0.0
2018-12-30,52.34,52.72,51.67,52.025,1554409,0.0
2019-01-01,51.31,52.17,50.825,51.35,2462208,0.0
2019-01-02,50.95,51.41,49.69,49.975,2972990,0.0
2019-01-03,50.91,52.37,50.69,52,1806307,0.0
2019-01-06,51.52,53.06,51.2,52.42,3045602,0.0
2019-01-07,52.91,53.77,52.09,53.76,2246084,0.0
2019-01-08,54.1,54.68,53.26,53.83,2568828,0.0
2019-01-09,53.51,54.609,53.32,54.46,1677507,0.0
2019-01-10,54.28,54.965,54.19,54.805,1424592,0.0
2019-01-13,54.5,54.86,54.05,54.07,2201761,0.0
2019-01-14,54.08,54.92,54,54.57,2044460,0.0
2019-01-15,54.74,55.19,54.02,54.125,3132169,0.0
2019-01-16,55.45,57.5942,54.88,57.43,5774410,0.0
2019-01-17,57.99,59.19,57.62,59.19,4700615,0.0
2019-01-21,58.71,59.66,58.68,58.97,3064437,0.0
2019-01-22,58.45,59.78,58.36,58.87,2454991,0.0
2019-01-23,58.95,59.22,58.363,58.81,2838046,0.0
2019-01-24,59.28,59.77,59.1,59.51,2196911,0.0
2019-01-27,58.8,59.7,58.39,59.35,3465670,0.0
2019-01-28,59.6,60.29,59.4,59.945,2139892,0.0
2019-01-29,59.87,60.525,59.32,60.2,1993746,0.0
2019-01-30,60.14,60.86,59.8,60.475,3180516,0.0
2019-01-31,60.73,61.2,60.05,60.59,2457736,0.0
2019-02-03,60.73,61.415,60.37,61.39,1579966,0.0
2019-02-04,60.03,61.62,60.03,61.62,1425879,0.0
2019-02-05,61.35,62.12,61.2086,61.515,1798732,0.0
2019-02-06,61.17,61.53,60.2801,60.78,2671219,0.0
2019-02-07,60.38,60.91,59.81,60.585,2328964,0.0
2019-02-10,60.95,61.87,60.95,61.855,2063165,0.0
2019-02-11,61.54,63.065,61.54,62.86,2851810,0.0
2019-02-12,63,63.285,62.61,63.1,1691817,0.0
2019-02-13,62.62,62.93,62.02,62.4301,1836315,0.0
2019-02-14,62.95,63.14,62.47,62.925,1534006,0.0
2019-02-18,62.68,62.8834,62.32,62.435,2277813,0.0
2019-02-19,62.43,62.57,61.71,62.12,2091621,0.0
2019-02-20,62.12,62.835,62,62.45,1579321,0.0
2019-02-21,62.81,63,62.46,62.65,1068980,0.0
2019-02-24,62.99,63.02,62.67,62.9,900650,0.0
2019-02-25,62.92,63.35,62.73,62.81,1307732,0.0
2019-02-26,62.52,63.72,62.18,63.53,1711617,0.0
2019-02-27,63.5,63.5,62.85,62.94,1510131,0.0
2019-02-28,63.37,63.63,61.79,62.23,2303013,0.0
2019-03-03,62.23,62.69,61.75,62.65,1969005,0.0
2019-03-04,62.69,62.69,61.94,61.96,1227493,0.0
2019-03-05,61.89,62.35,61.83,62.03,1119032,0.0
2019-03-06,61.94,62.0113,61,61.5,1784870,0.0
2019-03-07,61.09,61.6,60.58,61.44,1716349,0.0
2019-03-10,61.43,61.8,61.4,61.71,1424059,0.0
2019-03-11,61.91,62.37,61.56,62.19,1169986,0.0
2019-03-12,62.2,62.81,62.17,62.69,1115728,0.0
2019-03-13,62.56,62.74,61.89,62.19,1128774,0.0
2019-03-14,62.43,62.6828,62.19,62.285,999837,0.0
2019-03-17,62.35,63.19,62.35,63.15,1128541,0.0
2019-03-18,63.46,63.6293,62.29,62.63,1213231,0.0
2019-03-19,62.45,63.22,62.07,62.63,1296944,0.0
2019-03-20,62.55,63.97,62.27,63.89,1095353,0.0
2019-03-21,63.47,63.79,61.66,61.71,1440065,0.0
2019-03-24,61.77,62.24,61.56,61.91,1030781,0.0
2019-03-25,62.23,62.37,61.71,62.33,855015,0.0
2019-03-26,62.43,62.85,61.955,62.73,984664,0.0
2019-03-27,62.82,63.645,62.71,63.51,1062068,0.0
2019-03-28,63.99,64.54,63.83,64.3,1403646,0.0
2019-03-31,64.95,65.86,64.53,65.79,866753,0.0
2019-04-01,65.78,66.11,65.57,66.01,1304223,0.0
2019-04-02,66.17,66.59,65.67,65.82,1810508,0.0
2019-04-03,66.01,66.55,65.83,66.32,974168,0.0
2019-04-04,66.6,66.84,66.25,66.68,1110262,0.0
2019-04-07,66.66,67.09,66.42,66.59,1548128,0.0
2019-04-08,66.18,66.18,64.87,64.97,1948270,0.0
2019-04-09,64.58,65.33,64.1,65.19,2544665,0.0
2019-04-10,67.57,69.2011,67,68.47,5533895,0.0
2019-04-11,68.77,69.795,68.22,69.71,2868681,0.0
2019-04-14,69.36,69.88,68.68,68.76,1756775,0.0
2019-04-15,69.04,69.63,68.77,69.51,1706216,0.0
2019-04-16,69.85,70.36,69.64,70.13,1523499,0.0
2019-04-17,70.59,71.11,69.96,71.07,2222857,0.0
2019-04-21,71.14,71.44,69.77,70.09,1767753,0.0
2019-04-22,69.56,71.37,69.52,71.1,1826800,0.0
2019-04-23,71.18,71.88,71.12,71.37,1435094,0.0
2019-04-24,70.74,71.32,69.91,70.95,1530681,0.0
2019-04-25,71.03,71.34,70.81,71.28,1345676,0.0
2019-04-28,71.42,71.7,70.29,70.42,1801354,0.0
2019-04-29,70.5,70.91,70.13,70.54,1386622,0.0
2019-04-30,70.59,70.82,68.96,69.27,2062027,0.0
2019-05-01,69.16,69.88,68.78,69.84,1883964,0.0
2019-05-02,70.24,70.99,69.91,70.86,1908935,0.0
2019-05-05,66.925,68.175,66.91,67.95,3020858,0.0
2019-05-06,66.7,67.0428,65.71,66.48,2989144,0.0
2019-05-07,66.5,66.9,66.04,66.19,2173083,0.0
2019-05-08,65.23,66.37,64.905,66.02,2004551,0.0
2019-05-09,65.59,66.05,64.43,65.64,2146449,0.0
2019-05-12,64.11,64.29,63.15,63.79,2519677,0.0
2019-05-13,63.85,64.7695,63.75,64.141,1459344,0.0
2019-05-14,63.65,64.646,63.49,64.29,1271537,0.0
2019-05-15,64.75,65.59,64.45,64.6,1354484,0.0
2019-05-16,64.23,64.865,63.72,64.15,1781853,0.0
2019-05-19,63.2,64.51,63.12,64.12,1468609,0.0
2019-05-20,64.66,65.555,64.56,65,1178202,0.0
2019-05-21,64.84,65.22,64.26,64.27,1356471,0.0
2019-05-22,31.92,32.72,31.02,31.34,4388959,0.0
2019-05-23,31.5,31.65,30.715,30.87,5229299,0.0
2019-05-27,30.91,31.13,30.31,30.35,4058835,0.0
2019-05-28,30.3,30.76,30.11,30.5,3695039,0.0
2019-05-29,30.63,31.02,30.5,30.71,3541572,0.0
2019-05-30,30.34,30.9,29.98,30.59,5675402,0.0
2019-06-03,31.22,31.8,31.11,31.78,3699710,0.0
2019-06-04,31.87,32.23,31.25,32.18,3220609,0.0
2019-06-05,32.23,32.59,31.44,31.96,4488662,0.0
2019-06-06,32.04,32.56,31.89,32.26,2990030,0.0
2019-06-09,32.43,32.77,32.33,32.64,1805197,0.0
2019-06-10,32.91,33.03,32.26,32.35,1768704,0.0
2019-06-11,32.43,32.63,32.0905,32.27,2557814,0.0
2019-06-12,32.41,32.895,32.26,32.75,4920242,0.0
2019-06-13,32.67,32.68,31.13,31.64,6141595,0.0
2019-06-16,31.76,31.785,31.3,31.335,2088548,0.0
2019-06-17,31.6,32.24,31.48,32.11,3405969,0.0
2019-06-18,32.14,32.525,31.84,32.42,2551259,0.0
2019-06-19,32.94,33.24,32.555,33.23,3313587,0.0
2019-06-20,33.01,33.12,32.475,32.58,4591276,0.0
2019-06-23,32.61,32.83,32.41,32.6,2582325,0.0
2019-06-24,32.59,32.75,32.01,32.14,3360334,0.0
2019-06-25,32.3,32.33,31.915,31.93,2301531,0.0
2019-06-26,32.02,32.3,31.835,32.2,2579790,0.0
2019-06-27,32.43,32.67,32.11,32.59,2885205,0.0
2019-06-30,32.92,33.09,32.37,32.66,3903375,0.0
2019-07-01,32.54,32.61,31.785,32.12,2687352,0.0
2019-07-02,32.26,32.3,31.92,32.25,1402440,0.0
2019-07-04,32.09,32.18,31.68,32.1,1661484,0.0
2019-07-07,32.05,32.13,31.705,31.83,2930286,0.0
2019-07-08,31.61,31.72,31.2,31.57,5576296,0.0
2019-07-09,31.7,31.8,30.91,31.24,7537201,0.0
2019-07-10,29.87,30.45,29.44,30.38,15480608,0.0
2019-07-11,30.36,31.205,30.1,30.93,7682989,0.0
2019-07-14,30.98,31.09,30.66,30.68,2849986,0.0
2019-07-15,30.54,31.39,30.54,31.29,4238439,0.0
2019-07-16,31.21,31.295,30.59,30.595,3089263,0.0
2019-07-17,30.45,30.54,30.04,30.31,5143676,0.0
2019-07-18,30.53,30.91,30.34,30.37,2807205,0.0
2019-07-21,30.52,30.9,30.5,30.64,3270050,0.0
2019-07-22,30.7,31.8,30.7,31.69,3809634,0.0
2019-07-23,31.22,32,31.1,31.91,2905662,0.0
2019-07-24,31.95,32.08,31.39,31.46,3682742,0.0
2019-07-25,31.48,31.74,31.29,31.63,2439214,0.0
2019-07-28,31.6,31.83,31.23,31.32,2280277,0.0
2019-07-29,31.16,31.73,31.04,31.61,2067773,0.0
2019-07-30,31.6,31.615,30.52,30.79,5378632,0.0
2019-07-31,30.84,30.99,29.51,29.64,7209042,0.0
2019-08-01,29.38,29.66,28.8,29.62,4614092,0.0
2019-08-04,28.99,29,28.41,28.56,4580714,0.0
2019-08-05,28.64,29.55,28.57,29.19,4810904,0.0
2019-08-06,28.75,29.48,28.38,29.27,4613266,0.0
2019-08-07,29.38,29.87,29.38,29.76,3408573,0.0
2019-08-08,29.7,29.87,29.285,29.74,2617265,0.0
2019-08-11,29.51,29.6471,29.24,29.39,2484436,0.0
2019-08-12,29.43,30.93,29.21,29.97,5849160,0.0
2019-08-13,29.61,29.67,29.01,29.17,2826613,0.0
2019-08-14,29.29,29.48,29.06,29.28,2934926,0.0
2019-08-15,29.52,30.04,29.31,29.98,2529145,0.0
2019-08-18,30.39,30.725,30.28,30.66,2194814,0.0
2019-08-19,30.64,30.84,30.41,30.48,2488962,0.0
2019-08-20,30.8,31.02,30.67,30.77,1596359,0.0
2019-08-21,30.99,31.01,30.535,30.74,1702429,0.0
2019-08-22,30.56,30.72,29.44,29.68,3397060,0.0
2019-08-25,30.07,30.14,29.45,29.73,1822554,0.0
2019-08-26,29.97,29.98,29.44,29.72,1815999,0.0
2019-08-27,29.56,29.92,29.26,29.85,2936111,0.0
2019-08-28,30.29,30.75,30.02,30.54,2538717,0.0
2019-08-29,30.79,31.1,30.49,30.61,1991949,0.0
2019-09-02,30.31,30.51,29.52,29.72,4007200,0.0
2019-09-03,30.02,30.26,29.895,29.95,1753878,0.0
2019-09-04,30.31,31.43,30.31,31.07,3721708,0.0
2019-09-05,31.28,31.88,31.1872,31.56,3587175,0.0
2019-09-08,31.72,32.345,31.635,32.09,4024724,0.0
2019-09-09,31.79,32.81,31.61,32.81,4180941,0.0
2019-09-10,32.86,33.5,32.595,33.49,4045321,0.0
2019-09-11,33.5,33.99,33.24,33.63,3495249,0.0
2019-09-12,33.77,34.09,33.58,33.64,3163225,0.0
2019-09-15,33.4,33.78,33.2,33.47,2465189,0.0
2019-09-16,33.44,33.61,32.78,33.56,2794866,0.0
2019-09-17,33.46,33.46,32.415,32.86,4541393,0.0
2019-09-18,32.78,32.91,32.36,32.405,2671114,0.0
2019-09-19,32.41,32.63,31.855,31.86,4264285,0.0
2019-09-22,31.87,32.41,31.7,32.29,2613855,0.0
2019-09-23,32.54,32.64,31.48,31.71,3612799,0.0
2019-09-24,31.74,32.255,31.7,32.1,2082254,0.0
2019-09-25,32.01,32.125,31.83,31.99,2855010,0.0
2019-09-26,32.24,32.29,31.88,32.24,3905553,0.0
2019-09-29,32.33,32.855,32.315,32.66,2564842,0.0
2019-09-30,33,33.16,30.98,31.17,5690742,0.0
2019-10-01,30.87,31.12,30.55,30.965,3969052,0.0
2019-10-02,30.91,31.03,30.38,31.01,3760387,0.0
2019-10-03,31.21,31.85,31.09,31.77,6132736,0.0
2019-10-06,31.41,31.47,30.9,31.025,8502926,0.0
2019-10-07,30.57,31.07,30.14,30.6,8806935,0.0
2019-10-08,30.72,30.9,30.45,30.64,6466254,0.0
2019-10-09,30.64,31.145,30.64,31.02,10582079,0.0
2019-10-10,34.1,36.58,34.0369,36.34,54269702,0.0
2019-10-13,35.75,36.24,35.32,35.43,19375520,0.0
2019-10-14,35.64,36.12,35.42,35.79,10569438,0.0
2019-10-15,35.71,35.88,35.405,35.608,8837563,0.0
2019-10-16,35.55,36.305,35.55,36.03,7806832,0.0
2019-10-17,36,36.1573,35.81,35.82,6632257,0.0
2019-10-20,36.17,36.9625,36.16,36.78,4733308,0.0
2019-10-21,36.82,37.635,36.5745,37.365,4358889,0.0
2019-10-22,37.15,37.8,36.82,37.66,4721819,0.0
2019-10-23,37.38,37.4973,36.86,37.18,3796040,0.0
2019-10-24,37.1,37.36,37.04,37.18,3933134,0.0
2019-10-27,37.39,37.55,36.69,36.83,3477824,0.0
2019-10-28,36.41,36.84,36.37,36.74,4539291,0.0
2019-10-29,36.81,36.87,36.01,36.3,3556380,0.0
2019-10-30,36.12,36.29,35.47,35.97,3346262,0.0
2019-10-31,36.3,37.16,36.2,37.15,3148982,0.0
2019-11-03,37.41,37.91,37.18,37.3,3639315,0.0
2019-11-04,37.35,37.91,37.01,37.275,3284868,0.0
2019-11-05,36.9,37.16,36.475,37.15,4171057,0.0
2019-11-06,37.4,37.565,36.79,37.145,3227624,0.0
2019-11-07,37.12,37.14,36.83,37.065,2396570,0.0
2019-11-10,36.82,36.885,36.56,36.82,1726842,0.0
2019-11-11,36.82,37.01,36.57,36.9,2488097,0.0
2019-11-12,36.64,36.645,35.97,36.02,2732189,0.0
2019-11-13,36.02,36.31,35.73,36.19,1961129,0.0
2019-11-14,36.43,36.59,36.085,36.32,2688445,0.0
2019-11-17,36.24,36.25,35.66,35.86,2136535,0.0
2019-11-18,36.12,36.13,35.69,35.73,2984018,0.0
2019-11-19,35.66,35.73,35.05,35.255,3244534,0.0
2019-11-20,35.32,35.375,34.915,35.15,2094041,0.0
2019-11-21,35.36,35.735,34.95,35.72,2350391,0.0
2019-11-24,35.81,36.21,35.67,36.07,2066548,0.0
2019-11-25,35.94,36.13,35.79,35.9,2287472,0.0
2019-11-26,36.12,36.12,35.55,35.8,1551375,0.0
2019-11-28,35.66,35.91,35.43,35.52,1123531,0.0
2019-12-01,35.38,36,34.89,34.98,2746129,0.0
2019-12-02,34.52,35.035,34.03,34.91,2670775,0.0
2019-12-03,35.05,35.36,34.99,35.07,2908739,0.0
2019-12-04,35.65,36.48,35.18,35.3,5025138,0.0
2019-12-05,35.58,36.125,35.58,35.96,3121291,0.0
2019-12-08,35.96,36.27,35.91,36.11,2636887,0.0
2019-12-09,36.04,36.22,35.8,35.95,2111815,0.0
2019-12-10,36.08,36.32,35.84,36.235,1677006,0.0
2019-12-11,36.21,37.745,35.97,37.64,5540172,0.0
2019-12-12,37.49,37.94,36.935,37.03,2999586,0.0
2019-12-15,37.24,37.455,37.07,37.3916,2094528,0.0
2019-12-16,37.79,37.79,36.72,36.86,2721853,0.0
2019-12-17,36.81,36.85,36.55,36.84,1804451,0.0
2019-12-18,36.81,36.91,36.59,36.79,1578732,0.0
2019-12-19,37.24,37.24,36.72,37.12,3710267,0.0
2019-12-22,37.39,37.43,36.845,36.93,2113242,0.0
2019-12-23,37.06,37.06,36.74,37.01,719120,0.0
2019-12-25,37,37,36.68,36.935,1049672,0.0
2019-12-26,37,37.08,36.66,36.97,1430722,0.0
2019-12-29,37,37.14,36.85,36.95,1131549,0.0
2019-12-30,37.23,37.23,36.84,36.95,1623205,0.0
2020-01-01,37.08,37.33,36.65,37.225,3384592,0.0
2020-01-02,36.67,36.82,36.03,36.56,3508567,0.0
2020-01-05,36.24,36.295,35.75,35.99,3450571,0.0
2020-01-06,35.87,36.1,35.65,35.92,2561413,0.0
2020-01-07,36.11,36.625,35.93,36.2,2713846,0.0
2020-01-08,36.19,36.4099,35.84,36.22,3010523,0.0
2020-01-09,36.22,36.57,35.9,36.34,3152425,0.0
2020-01-12,36.6,36.65,36.345,36.59,2629563,0.0
2020-01-13,36.64,37.175,36.47,36.82,4659663,0.0
2020-01-14,36.67,36.98,36.45,36.8,3341212,0.0
2020-01-15,36.9,37.335,36.8,37.32,4438103,0.0
2020-01-16,36.37,37.6,36.2138,36.8,11326962,0.0
2020-01-20,36.69,36.69,35.445,35.83,10929988,0.0
2020-01-21,36.18,36.3,35.87,35.92,5170210,0.0
2020-01-22,35.86,36.12,35.29,36.06,5121338,0.0
2020-01-23,36.12,36.17,35.025,35.52,6885918,0.0
2020-01-26,34.94,35.55,34.63,35.24,3193038,0.0
2020-01-27,35.39,35.9,35.07,35.78,3153518,0.0
2020-01-28,35.99,36.54,35.83,35.895,3349588,0.0
2020-01-29,34.73,36.18,34.73,36.15,3643265,0.0
2020-01-30,35.83,35.99,34.73,34.87,3773762,0.0
2020-02-02,35.21,36.06,35.03,35.85,3773664,0.0
2020-02-03,36.5,37.24,36.26,36.93,3134984,0.0
2020-02-04,37.55,37.67,37.17,37.65,3561977,0.0
2020-02-05,38,38.24,37.55,37.9,2822126,0.0
2020-02-06,37.66,37.945,37.12,37.35,2926034,0.0
2020-02-09,37.16,37.27,36.69,36.94,3903589,0.0
2020-02-10,37.1,37.95,37.09,37.82,3998426,0.0
2020-02-11,37.9,38.395,37.9,38.34,1999101,0.0
2020-02-12,38.31,38.47,37.99,38.25,1666867,0.0
2020-02-13,38.23,38.565,38.01,38.32,2078450,0.0
2020-02-17,38.28,38.435,37.875,38.28,1718332,0.0
2020-02-18,38.37,38.659,38.19,38.29,1338815,0.0
2020-02-19,38.41,39.305,38.29,39.01,2809371,0.0
2020-02-20,38.84,39.18,38.45,38.855,3404950,0.0
2020-02-23,38.05,38.39,37.245,37.77,3050117,0.0
2020-02-24,37.98,38.18,35.97,36.16,4505936,0.0
2020-02-25,36.67,36.83,35.89,35.96,3823472,0.0
2020-02-26,35.37,36.45,34.76,35.02,7861838,0.0
2020-02-27,33.81,34.84,33.491,34.23,7256848,0.0
2020-03-01,34.33,35.19,33.31,35.18,6129349,0.0
2020-03-02,34.84,36.39,34.18,34.39,6012151,0.0
2020-03-03,34.98,35.59,34.335,35.54,3645942,0.0
2020-03-04,34.55,36.05,34.48,34.84,10763214,0.0
2020-03-05,33.5,34.29,33.32,34.16,7006412,0.0
2020-03-08,31.79,32.84,30.611,31.18,11587557,0.0
2020-03-09,32.22,33.62,31.3,33.6,13058952,0.0
2020-03-10,32.47,33.67,32.32,32.94,20184846,0.0
2020-03-11,30.54,32.84,29.79,30.86,9013278,0.0
2020-03-12,32.8,34.15,31.21,34.09,7969318,0.0
2020-03-15,30.51,33.98,30,31.72,16401116,0.0
2020-03-16,32.38,35.13,32.035,34.51,7526644,0.0
2020-03-17,32.74,34.8,31.385,33.45,8675588,0.0
2020-03-18,33.41,35.46,32,32.3,17040814,0.0
2020-03-19,32.3,32.38,28.47,28.72,9203697,0.0
2020-03-22,30,30,26.715,28.17,5514577,0.0
2020-03-23,29.03,31.48,29.03,31.38,6165825,0.0
2020-03-24,30.77,31.8,29.81,30.23,12336764,0.0
2020-03-25,30.32,32.545,29.46,32.26,6286039,0.0
2020-03-26,31.17,31.795,30.19,31.06,11731998,0.0
2020-03-29,31.08,32.23,30.8,31.76,4520048,0.0
2020-03-30,31.45,32.28,30.96,31.25,10735030,0.0
2020-03-31,30.17,31,29.92,30.6,4055627,0.0
2020-04-01,30.73,31.305,30.17,30.63,12487006,0.0
2020-04-02,30.5,31.34,30.005,30.46,5949043,0.0
2020-04-05,31.44,32.31,31.13,32.16,4918678,0.0
2020-04-06,32.04,33.65,31.93,32.01,5697647,0.0
2020-04-07,32.42,32.67,31.64,32.48,7971298,0.0
2020-04-08,32.74,33.71,32.55,33.62,5611313,0.0
2020-04-12,32.61,33.42,31.87,32.24,4057357,0.0
2020-04-13,34.44,35.168,32.82,34.54,12485056,0.0
2020-04-14,34.15,34.81,33.72,34.57,12171399,0.0
2020-04-15,34.78,35.52,34.175,35.43,14956885,0.0
2020-04-16,36.3108,36.92,35.39,35.93,12920591,0.0
2020-04-19,35.55,35.92,34.89,34.93,10173471,0.0
2020-04-20,34.49,34.815,33.96,34.13,12038137,0.0
2020-04-21,34.75,35.02,34.395,34.86,4939956,0.0
2020-04-22,34.77,35.56,34.68,34.92,10210934,0.0
2020-04-23,35.15,36.14,34.84,36.03,8315408,0.0
2020-04-26,36.11,37.075,36.085,36.85,14018806,0.0
2020-04-27,37.28,37.97,36.805,36.96,7862740,0.0
2020-04-28,37,37.54,36.45,36.75,7698872,0.0
2020-04-29,36.47,36.79,35.88,36.22,6154684,0.0
2020-04-30,35.79,36.045,35.37,35.73,2814097,0.0
2020-05-03,35.53,35.88,35.165,35.84,2527945,0.0
2020-05-04,36.27,37.16,36.08,36.63,5634714,0.0
2020-05-05,37.21,38.05,37.02,37.84,4789893,0.0
2020-05-06,38.13,38.61,37.745,38.21,6836052,0.0
2020-05-07,38.43,39.11,38.43,39.05,5479910,0.0
2020-05-10,38.47,39.88,38.47,39.73,5987808,0.0
2020-05-11,39.8,39.96,38.82,38.82,6500006,0.0
2020-05-12,38.71,39.24,37.79,38.33,3877060,0.0
2020-05-13,38.1,38.745,37.715,38.65,3999132,0.0
2020-05-14,38.3,39.115,38.05,38.91,7201538,0.0
2020-05-17,40,40.46,38.94,39.07,12742394,0.0
2020-05-18,39,39.34,38.545,38.57,3767067,0.0
2020-05-19,39.05,39.58,38.83,39.09,2497265,0.0
2020-05-20,39.17,39.17,38.52,38.71,5418862,0.0
2020-05-21,38.62,38.92,38.5,38.69,3098322,0.0
2020-05-25,39.07,40.21,38.88,39.72,5583081,0.0
2020-05-26,39.93,40.56,39.325,40.54,8880582,0.0
2020-05-27,40.68,40.92,40.15,40.38,2948642,0.0
2020-05-28,40.39,41.45,40.34,41.23,3634583,0.0
2020-05-31,41.38,41.38,40.535,40.65,5005666,0.0
2020-06-01,40.97,41.22,40.645,41.19,5780026,0.0
2020-06-02,41.48,42.27,41.07,42.04,6786604,0.0
2020-06-03,41.92,42.71,41.33,41.7,3867640,0.0
2020-06-04,42.06,42.885,41.78,42.65,5251078,0.0
2020-06-07,42.38,43.19,42.15,42.88,7578562,0.0
2020-06-08,42.31,43.12,42.22,42.85,5674958,0.0
2020-06-09,43,43.2,42.335,42.5,3022489,0.0
2020-06-10,42.03,42.09,40.59,40.65,6480963,0.0
2020-06-11,41.48,41.48,40.155,40.185,982498,0.0
2020-06-14,39.64,40.73,39.15,40.69,8607000,0.0
2020-06-15,41.8,42.0867,40.91,41.81,8191670,0.0
2020-06-16,42.04,42.37,41.7,42.06,4853172,0.0
2020-06-17,41.88,42.285,41.61,41.99,4657314,0.0
2020-06-18,42.41,42.65,41.29,41.595,3818037,0.0
2020-06-21,41.5,42.21,41.07,41.98,2081364,0.0
2020-06-22,42.93,42.93,42.205,42.23,2500375,0.0
2020-06-23,41.77,42.25,41.29,41.35,2963740,0.0
2020-06-24,41.33,41.84,40.9,41.67,2493486,0.0
2020-06-25,41.51,41.78,40.81,41,2400363,0.0
2020-06-28,41.27,42.21,41.25,41.93,3509026,0.0
2020-06-29,41.7,43.14,41.46,42.81,3814167,0.0
2020-06-30,43.02,43.18,42.62,42.99,4044773,0.0
2020-07-01,43.68,44.26,43.54,44.03,4901363,0.0
