Date,Open,High,Low,Close,Volume,OpenInterest
2016-07-13,117.5,117.64,116.7,117.28,12764114,0.0
2016-07-14,117.73,118.28,116.58,116.85,14217435,0.0
2016-07-17,117.32,119.61,116.89,119.37,18465608,0.0
2016-07-18,118.86,120.85,118.66,120.62,18714299,0.0
2016-07-19,121.22,122.2,120.56,121.93,17409604,0.0
2016-07-20,121.92,122.1,120.25,120.61,15669346,0.0
2016-07-21,119.89,121.01,119.31,121,15357624,0.0
2016-07-24,121.4,121.85,117.78,121.65,15743907,0.0
2016-07-25,121.91,122.07,120.75,121.2,14697663,0.0
2016-07-26,122.51,125,121.51,123.48,35852598,0.0
2016-07-27,127.53,128.33,123.63,124.985,69724024,0.0
2016-07-28,124.63,125.84,123.71,123.95,30907753,0.0
2016-07-31,123.89,124.58,122.86,124.3,22216318,0.0
2016-08-01,123.97,124.8,122.07,123.05,21591673,0.0
2016-08-02,123.16,123.92,122.31,122.51,16360695,0.0
2016-08-03,122.89,124.79,122.51,124.36,18895685,0.0
2016-08-04,124.98,125.835,124.6184,125.1,17561614,0.0
2016-08-07,125.25,125.45,124.55,125.26,10761793,0.0
2016-08-08,125.34,126.09,124.53,125.06,17481797,0.0
2016-08-09,125.07,125.48,124.54,124.87,9385971,0.0
2016-08-10,125.2,125.38,124.75,124.9,9708133,0.0
2016-08-11,124.7,125,124.18,124.88,10374003,0.0
2016-08-14,124.91,124.92,123.7,123.9,16687480,0.0
2016-08-15,123.5,123.92,122.78,123.3,12268425,0.0
2016-08-16,123.64,124.38,122.85,124.35,11991011,0.0
2016-08-17,124.03,124.26,123.64,123.91,10466338,0.0
2016-08-18,123.71,124.157,123.28,123.56,9668918,0.0
2016-08-21,123.37,124.83,123.11,124.15,12668177,0.0
2016-08-22,124.55,125.09,124.25,124.36,11382525,0.0
2016-08-23,124.47,124.69,123.09,123.5,10650743,0.0
2016-08-24,123.12,124.37,123.1,123.9,9316044,0.0
2016-08-25,124.05,125.19,123.91,124.96,15722329,0.0
2016-08-28,124.35,126.73,124.35,126.545,14049254,0.0
2016-08-29,126.6,126.6,125.15,125.84,15927758,0.0
2016-08-30,125.61,126.22,125.1,126.12,11344954,0.0
2016-08-31,126.33,126.63,125.6,126.17,11167517,0.0
2016-09-01,126.85,126.86,126,126.49,9940523,0.0
2016-09-05,126.65,129.94,126.47,129.71,23072698,0.0
2016-09-06,130.01,131.98,129.95,131.05,25052530,0.0
2016-09-07,130.9,131.08,129.81,130.26,12786171,0.0
2016-09-08,129.71,129.949,127.11,127.11,22764072,0.0
2016-09-11,125.96,128.76,125.75,128.69,17428060,0.0
2016-09-12,128.12,128.69,126.66,127.22,15397554,0.0
2016-09-13,126.89,128.8,126.89,127.78,13588787,0.0
2016-09-14,127.98,129.1,127.67,128.35,12585908,0.0
2016-09-15,128.12,129.18,128.12,129.06,13748068,0.0
2016-09-18,129.91,129.94,128.26,128.65,12524709,0.0
2016-09-19,129.02,129.17,128.0307,128.64,9732812,0.0
2016-09-20,129.13,130.005,128.39,129.93,12210099,0.0
2016-09-21,130.5,130.73,129.56,130.06,13271334,0.0
2016-09-22,127.56,128.6,127.3,127.96,23006702,0.0
2016-09-25,127.37,128.16,126.8,127.32,12709829,0.0
2016-09-26,127.61,129.01,127.43,128.71,13773261,0.0
2016-09-27,129.21,129.47,128.4,129.22,10331162,0.0
2016-09-28,129.18,129.29,127.55,128.09,12837935,0.0
2016-09-29,128.16,128.59,127.45,128.27,13157458,0.0
2016-10-02,128.42,129.09,127.8,128.77,11110365,0.0
2016-10-03,129.19,129.2765,127.5499,128.19,12643727,0.0
2016-10-04,128.25,128.8,127.83,128.47,10958059,0.0
2016-10-05,128.43,129.06,128.08,128.76,9820367,0.0
2016-10-06,129.04,129.25,128.33,128.99,10943588,0.0
2016-10-09,129.73,130.7,129.2,130.24,12029261,0.0
2016-10-10,130.23,130.64,128.23,128.88,14828464,0.0
2016-10-11,129.04,129.66,128.46,129.06,9620962,0.0
2016-10-12,128.21,128.25,126.75,127.82,14945529,0.0
2016-10-13,128.49,128.95,127.58,127.88,10238912,0.0
2016-10-16,128.24,128.47,127.32,127.54,8695448,0.0
2016-10-17,128.69,129.39,128.01,128.55,11208743,0.0
2016-10-18,128.74,130.47,128.6,130.13,14489504,0.0
2016-10-19,130.07,130.66,129.5,130.01,11026025,0.0
2016-10-20,129.78,132.13,129.7,132.07,15891797,0.0
2016-10-23,132.79,133.405,132.15,133.27,14285939,0.0
2016-10-24,133.5,133.5,132.22,132.29,11406211,0.0
2016-10-25,131.94,132.26,130.935,131.05,10691582,0.0
2016-10-26,131.74,131.8,129.27,129.695,13784204,0.0
2016-10-27,130.51,132.97,129.93,131.28,21868786,0.0
2016-10-30,132.01,132.12,130.8835,131.02,12351326,0.0
2016-10-31,131.41,131.94,128.65,129.5,19077059,0.0
2016-11-01,130.23,130.23,126.28,127.18,31911136,0.0
2016-11-02,122,123.28,119.5,119.99,53635420,0.0
2016-11-03,119.59,121.93,119.25,120.76,26896710,0.0
2016-11-06,122.83,123.2089,121.35,122.15,19450570,0.0
2016-11-07,122.03,124.61,121.54,124.225,17228078,0.0
2016-11-08,121.5,123.81,120.51,123.18,26971851,0.0
2016-11-09,123.93,124.18,115.27,120.8,62031586,0.0
2016-11-10,119.53,120.7,118.15,119.02,29564066,0.0
2016-11-13,119.1256,119.1256,113.5535,115.08,45930550,0.0
2016-11-14,116.73,118.49,115.83,117.2,29428054,0.0
2016-11-15,114.48,117.88,114.21,116.33,27974906,0.0
2016-11-16,116.83,117.79,116.01,117.78,15819607,0.0
2016-11-17,118.34,119.13,116.84,117.03,18946181,0.0
2016-11-20,118.2,121.95,117.8,121.78,31532073,0.0
2016-11-21,122.4,122.98,120.9,121.46,22513806,0.0
2016-11-22,121.23,121.31,119.94,120.84,13487561,0.0
2016-11-24,121.01,121.14,120.07,120.38,7327252,0.0
2016-11-27,120.12,121.69,119.82,120.44,15214819,0.0
2016-11-28,120.57,122.1,120.4,120.9,16389074,0.0
2016-11-29,120.32,121.79,117.95,118.42,25282478,0.0
2016-11-30,118.38,118.45,114,115.07,38452005,0.0
2016-12-01,115.07,116.48,114.3,115.42,21472312,0.0
2016-12-04,115.95,117.57,115.07,117.43,17587869,0.0
2016-12-05,117.69,117.795,116.33,117.31,16832874,0.0
2016-12-06,117,117.94,116.57,117.94,18226084,0.0
2016-12-07,117.95,119.5,117.64,118.9,19972298,0.0
2016-12-08,119.26,119.94,118.95,119.67,15231183,0.0
2016-12-11,119.24,119.24,117.65,117.77,14743825,0.0
2016-12-12,117.86,121.52,117.61,120.31,26524775,0.0
2016-12-13,120,121.69,118.85,120.23,22237297,0.0
2016-12-14,120.08,122.5,119.63,120.57,16665969,0.0
2016-12-15,120.94,121.5,119.27,119.87,17404293,0.0
2016-12-18,119.85,120.36,118.51,119.24,13530294,0.0
2016-12-19,119.5,119.77,118.8,119.08,11354866,0.0
2016-12-20,118.92,119.2,118.48,119.03,9186739,0.0
2016-12-21,118.9,118.99,116.93,117.4,13754682,0.0
2016-12-22,117,117.56,116.3,117.27,9438797,0.0
2016-12-26,116.96,118.68,116.864,117.98,10324553,0.0
2016-12-27,118.19,118.25,116.65,116.92,10124721,0.0
2016-12-28,117,117.531,116.06,116.35,8529490,0.0
2016-12-29,116.72,116.83,114.7739,115.14,14744180,0.0
2017-01-02,116.03,117.84,115.51,116.85,18086353,0.0
2017-01-03,117.54,119.66,117.29,118.7,17348359,0.0
2017-01-04,118.86,120.95,118.3209,120.67,16716779,0.0
2017-01-05,120.85,123.88,120.03,123.43,25350200,0.0
2017-01-08,123.55,125.43,123.04,124.92,20257334,0.0
2017-01-09,124.82,125.5,124.28,124.35,14987307,0.0
2017-01-10,124.35,126.12,124.06,126.08,16254741,0.0
2017-01-11,125.61,126.73,124.8,126.64,16127037,0.0
2017-01-12,127.49,129.27,127.37,128.33,21777028,0.0
2017-01-16,128.02,128.34,127.4,127.85,11700685,0.0
2017-01-17,128.41,128.43,126.84,127.92,10714808,0.0
2017-01-18,128.23,128.35,127.45,127.55,9768484,0.0
2017-01-19,128.17,128.48,126.78,127.07,15442321,0.0
2017-01-22,127.31,129.25,126.95,128.93,14062289,0.0
2017-01-23,129.38,129.9,128.38,129.36,13122022,0.0
2017-01-24,130,131.74,129.77,131.49,16241598,0.0
2017-01-25,131.85,133.14,131.4401,132.78,17416977,0.0
2017-01-26,132.68,132.95,131.08,132.18,16836763,0.0
2017-01-29,131.58,131.58,129.6,130.93,16464418,0.0
2017-01-30,130.09,130.66,129.5157,130.33,16336938,0.0
2017-01-31,132.24,133.49,130.68,133.23,31371545,0.0
2017-02-01,133.26,135.49,130.4,130.84,46839997,0.0
2017-02-02,131.2,132.85,130.76,130.96,21275359,0.0
2017-02-05,130.98,132.06,130.3,132.06,14138053,0.0
2017-02-06,132.24,133,131.661,131.83,12736587,0.0
2017-02-07,132.76,134.44,132.44,134.2,18889637,0.0
2017-02-08,134.53,134.53,133.31,134.13,12956661,0.0
2017-02-09,134.1,134.94,133.68,134.19,12260840,0.0
2017-02-12,134.65,134.6975,133.7,134.04,11527752,0.0
2017-02-13,134.21,134.23,132.55,133.85,12304630,0.0
2017-02-14,133.45,133.7,132.66,133.43,11000372,0.0
2017-02-15,133.06,133.87,133.022,133.8,10954704,0.0
2017-02-16,133.5,134.0912,133.17,133.52,9675923,0.0
2017-02-20,133.51,133.91,132.9,133.72,12010535,0.0
2017-02-21,133.6,136.79,133.46,136.1,24032187,0.0
2017-02-22,135.89,136.12,134.33,135.35,15495142,0.0
2017-02-23,134.16,135.62,134.16,135.4,10446094,0.0
2017-02-26,135.26,137.1846,135.02,136.41,11923606,0.0
2017-02-27,136.79,136.805,134.75,135.5418,12730924,0.0
2017-02-28,136.49,137.48,136.3,137.39,13660148,0.0
2017-03-01,137.09,137.82,136.31,136.75,9785552,0.0
2017-03-02,136.63,137.33,136.08,137.12,9205129,0.0
2017-03-05,136.88,137.83,136.51,137.42,9638987,0.0
2017-03-06,137.11,138.37,136.99,137.26,11449003,0.0
2017-03-07,137.15,137.99,137.0516,137.72,8416101,0.0
2017-03-08,137.72,138.57,137.4,138.25,11835399,0.0
2017-03-09,138.91,139.49,138.22,138.82,12965762,0.0
2017-03-12,138.69,139.68,138.6729,139.59,8790127,0.0
2017-03-13,139.42,139.46,138.52,139.32,10910042,0.0
2017-03-14,139.27,140,138.49,139.7,16134406,0.0
2017-03-15,140.2,140.25,139.73,139.99,11705787,0.0
2017-03-16,140.21,140.34,139.7,139.77,13138522,0.0
2017-03-19,139.71,140.19,139.25,139.94,8866653,0.0
2017-03-20,141.15,142.3082,138.4,138.515,25600943,0.0
2017-03-21,137.93,139.79,137.6,139.58,14838647,0.0
2017-03-22,139.48,140.39,139.09,139.55,10223169,0.0
2017-03-23,140.08,141.0244,139.76,140.36,14434935,0.0
2017-03-26,139.05,140.65,138.77,140.32,10398869,0.0
2017-03-27,140.37,141.95,140.01,141.76,12486544,0.0
2017-03-28,141.99,142.86,141.43,142.69,12897911,0.0
2017-03-29,142.6,142.95,141.85,142.42,10271774,0.0
2017-03-30,142.31,142.63,141.89,142.05,8916044,0.0
2017-04-02,141.93,142.47,140.82,142.28,11107886,0.0
2017-04-03,141.86,142.09,141.27,141.72,10313290,0.0
2017-04-04,142.21,143.44,141.29,141.85,13942483,0.0
2017-04-05,142.11,142.22,140.91,141.18,11375730,0.0
2017-04-06,141.2,141.55,140.24,140.78,9630262,0.0
2017-04-09,141,141.43,140.63,141.03,7143870,0.0
2017-04-10,140.8,141.0299,138.81,139.93,13600680,0.0
2017-04-11,139.78,140.4,139.44,139.58,9910476,0.0
2017-04-12,139.54,140.58,139.33,139.4,9305423,0.0
2017-04-16,139.76,141.55,139.75,141.43,8079500,0.0
2017-04-17,141.27,141.905,140.61,140.96,10152496,0.0
2017-04-18,141.35,143.04,141.27,142.27,13072634,0.0
2017-04-19,142.92,144.25,142.689,143.8,13224293,0.0
2017-04-20,144,144.17,143.39,143.67,9226971,0.0
2017-04-23,144.94,145.6738,144.34,145.47,12206233,0.0
2017-04-24,145.8,147.15,145.7898,146.51,13110296,0.0
2017-04-25,147.09,147.59,146.09,146.57,9641980,0.0
2017-04-26,146.67,147.75,146.14,147.71,9114856,0.0
2017-04-27,149.5,151.53,149.07,150.27,26575062,0.0
2017-04-30,151.74,152.57,151.42,152.46,21619170,0.0
2017-05-01,153.4,153.44,151.66,152.78,18192598,0.0
2017-05-02,153.6,153.6,151.34,151.68,18102815,0.0
2017-05-03,150.17,151.52,148.72,150.84,30267696,0.0
2017-05-04,151.45,151.63,149.79,150.2,14954902,0.0
2017-05-07,150.71,151.08,149.74,151.05,12436514,0.0
2017-05-08,151.49,152.59,150.21,150.49,15248726,0.0
2017-05-09,150.23,150.52,148.86,150.29,10132916,0.0
2017-05-10,150.31,150.65,149.41,150.04,9326487,0.0
2017-05-11,150.34,150.46,149.63,150.33,8057137,0.0
2017-05-14,150.17,151.48,149.77,150.19,11050707,0.0
2017-05-15,150.11,150.21,149.03,149.77,11894262,0.0
2017-05-16,148,148.67,144.4216,144.85,22416014,0.0
2017-05-17,144.72,148.15,144.51,147.65,18008016,0.0
2017-05-18,148.46,149.39,147.96,148.07,13244662,0.0
2017-05-21,148.07,148.59,147.69,148.22,10141214,0.0
2017-05-22,148.52,148.81,147.25,148.07,10771139,0.0
2017-05-23,148.49,150.23,148.42,150.04,14972721,0.0
2017-05-24,150.3,152.59,149.95,151.98,16841601,0.0
2017-05-25,152.22,152.25,151.15,152.14,12143829,0.0
2017-05-29,151.97,152.9,151.64,152.38,11230764,0.0
2017-05-30,152.7,153.35,151.09,151.47,14286271,0.0
2017-05-31,151.75,152.29,150.3,151.48,12538467,0.0
2017-06-01,151.85,153.63,151.3,153.59,14584144,0.0
2017-06-04,153.64,154.7088,153.41,153.63,10578928,0.0
2017-06-05,153.41,154.52,152.48,152.82,10374335,0.0
2017-06-06,153.27,153.75,152.34,153.12,9657503,0.0
2017-06-07,154.08,154.73,153.1,154.71,12913519,0.0
2017-06-08,154.77,155.59,146.61,149.6,30174984,0.0
2017-06-11,148.17,149.195,144.56,148.44,27407902,0.0
2017-06-12,150.13,151.18,148.9,150.68,17052561,0.0
2017-06-13,151.28,152.4,149.05,150.25,16939997,0.0
2017-06-14,147.67,150.0366,146.3747,149.81,16342501,0.0
2017-06-15,149.66,150.83,148.6,150.6,15647847,0.0
2017-06-18,151.71,153.57,151.71,152.85,15430309,0.0
2017-06-19,152.88,153.84,152.21,152.26,12218674,0.0
2017-06-20,152.36,154.08,151.88,153.911,12880120,0.0
2017-06-21,153.25,154.55,152.91,153.41,10453340,0.0
2017-06-22,152.84,155.2,152.65,155.07,11440119,0.0
2017-06-25,156.25,156.5,153.1954,153.58,15438211,0.0
2017-06-26,152.88,153.31,150.39,150.61,15521137,0.0
2017-06-27,150.92,153.47,149.86,153.22,14109232,0.0
2017-06-28,152.27,152.5,148.9175,151.04,20632724,0.0
2017-06-29,151.88,151.92,150.06,150.99,11263899,0.0
2017-07-02,151.72,152.15,147.8,148.44,11423638,0.0
2017-07-04,149.01,150.85,148.13,150.34,11777078,0.0
2017-07-05,149.03,150.04,148,148.83,12330874,0.0
2017-07-06,149.25,151.99,149.19,151.44,11041983,0.0
2017-07-09,151.69,153.98,151.51,153.5,11068067,0.0
2017-07-10,153.37,155.4225,152.91,155.279,11241018,0.0
2017-07-11,156.49,159.16,156.2,158.91,18645625,0.0
2017-07-12,158.67,159.78,158.4227,159.26,11486476,0.0
2017-07-13,160.13,160.32,159.3254,159.97,12394593,0.0
2017-07-16,160.25,160.78,158.81,159.73,10273662,0.0
2017-07-17,159.66,163.73,159.42,162.86,19242354,0.0
2017-07-18,163.56,165.7,163.17,164.14,19439676,0.0
2017-07-19,164.75,165,162.81,164.54,15624780,0.0
2017-07-20,164.28,165.05,163.75,164.41,11774338,0.0
2017-07-23,164.65,166.17,164.31,166,14147606,0.0
2017-07-24,165.01,165.54,163.8619,165.28,12802292,0.0
2017-07-25,166.01,166.01,164.1,165.61,20331472,0.0
2017-07-26,174.7,175.49,167.5,170.44,53253032,0.0
2017-07-27,169.26,173.43,169.05,172.46,21256779,0.0
2017-07-30,172,172.72,168.55,169.28,21074373,0.0
2017-07-31,169.74,170.47,169.05,169.85,12038737,0.0
2017-08-01,170.3,170.55,166.91,169.25,14261000,0.0
2017-08-02,169.3,169.7,168.25,168.573,8532671,0.0
2017-08-03,168.97,170.06,168.69,169.59,8539946,0.0
2017-08-06,169.95,172.06,169.66,171.96,10680467,0.0
2017-08-07,171.87,173.05,170.62,171.22,11890915,0.0
2017-08-08,169.98,171.45,169.56,171.18,8616304,0.0
2017-08-09,170.03,170.59,166.85,167.41,16493884,0.0
2017-08-10,167.95,168.82,166.85,168.08,11787419,0.0
2017-08-13,170.11,171.08,169.29,170.7375,10405895,0.0
2017-08-14,171.49,171.5,170.01,171.01,7024594,0.0
2017-08-15,171.46,171.47,169.24,169.99,13228074,0.0
2017-08-16,169.34,169.86,166.85,166.93,13957311,0.0
2017-08-17,166.84,168.67,166.21,167.43,12543478,0.0
2017-08-20,167.16,168,165.82,167.78,9861002,0.0
2017-08-21,168.28,169.87,167.15,169.63,9627731,0.0
2017-08-22,168.84,169.36,168.2,168.71,7724671,0.0
2017-08-23,168.88,169.29,166.41,167.71,11333870,0.0
2017-08-24,168,168.38,166.18,166.33,10269366,0.0
2017-08-27,166.88,167.7,166.33,167.24,6566463,0.0
2017-08-28,165.25,168.425,165,168.06,8934907,0.0
2017-08-29,168.17,170.18,167.63,169.92,8875300,0.0
2017-08-30,170.41,172.145,170.06,171.97,13093224,0.0
2017-08-31,172.4,172.915,171.31,172.01,9693553,0.0
2017-09-04,171.28,172.3875,169.55,170.72,10509785,0.0
2017-09-05,170.91,172.48,169.57,172.09,11272720,0.0
2017-09-06,171.94,173.3067,170.27,173.21,15384082,0.0
2017-09-07,173.09,173.49,170.8,170.95,8597398,0.0
2017-09-10,172.36,173.89,172.2,173.48,9860494,0.0
2017-09-11,173.76,174,171.75,172.95,9091145,0.0
2017-09-12,173,173.17,172.06,172.97,7341588,0.0
2017-09-13,172.26,172.28,170.5,170.96,12686821,0.0
2017-09-14,170.7,172.34,170.26,171.555,11009118,0.0
2017-09-17,171.91,172.07,169.34,169.98,10034637,0.0
2017-09-18,170.62,172.56,170.36,172.51,10560130,0.0
2017-09-19,172.5,173.05,170.7,172.14,10132711,0.0
2017-09-20,171.69,172.27,170.01,171.12,9253839,0.0
2017-09-21,170.21,171.73,169.22,170.46,9700704,0.0
2017-09-24,169.17,169.3,161.56,162.87,34965125,0.0
2017-09-25,164.48,165.5,162.78,164.24,19381099,0.0
2017-09-26,165.9,168.34,165.57,167.68,14594597,0.0
2017-09-27,167.85,169.0696,167.16,168.73,10013118,0.0
2017-09-28,168.83,171.66,168.81,170.82,11961044,0.0
2017-10-01,171.39,171.87,168.75,169.44,10932898,0.0
2017-10-02,169.3,170.73,169.2,169.97,6575838,0.0
2017-10-03,169.83,170.67,168.29,168.42,9683176,0.0
2017-10-04,169.18,171.31,168.6,171.24,11816313,0.0
2017-10-05,170.25,172.37,169.75,172.19,9917296,0.0
2017-10-08,172.7,174.88,172,172.5,12553008,0.0
2017-10-09,173,173.2,170.8,171.58,9171537,0.0
2017-10-10,171.98,172.78,171.4,172.69,9206305,0.0
2017-10-11,172.61,173.85,172.29,172.54,8947977,0.0
2017-10-12,173.45,174.65,173.2,173.77,10748215,0.0
2017-10-15,174.49,175,174.06,174.52,9060211,0.0
2017-10-16,174.67,176.13,174.36,176.07,12984388,0.0
2017-10-17,176.65,176.74,175.75,176.06,10969182,0.0
2017-10-18,174.71,174.99,172.63,174.56,11501995,0.0
2017-10-19,175.48,175.88,174.63,174.97,8975639,0.0
2017-10-22,175.26,175.34,171.25,171.28,11650968,0.0
2017-10-23,172.3,173.24,171.5,171.8,9429036,0.0
2017-10-24,171.9,172.25,168.89,170.6,11643016,0.0
2017-10-25,171.52,172.285,170.39,170.6,7344780,0.0
2017-10-26,174.22,178.21,173.9,177.77,24981763,0.0
2017-10-29,179.26,180.69,177.61,179.84,20127670,0.0
2017-10-30,180.57,180.8,178.94,180.07,16373536,0.0
2017-10-31,182.31,182.9,180.57,182.5755,24768050,0.0
2017-11-01,180.63,181.94,177.34,178.91,28149715,0.0
2017-11-02,179.19,179.86,176.71,178.92,14716941,0.0
2017-11-05,178.56,180.45,178.31,180.17,11046281,0.0
2017-11-06,180.5,180.7478,178.96,180.25,10151151,0.0
2017-11-07,179.79,180.35,179.11,179.56,7998753,0.0
2017-11-08,178.28,179.4,177.09,179.3,9921664,0.0
2017-11-09,178.35,179.0999,177.96,178.455,7922843,0.0
2017-11-12,177.49,179.04,177.3,178.78,6441523,0.0
2017-11-13,178.13,178.97,177.18,178.06,7704943,0.0
2017-11-14,176.84,178.57,176.4,177.96,8207574,0.0
2017-11-15,178.76,179.83,178.5,179.58,10640182,0.0
2017-11-16,179.3,179.98,178.9,178.98,10022890,0.0
2017-11-19,178.87,179.5,178.1,178.74,7728454,0.0
2017-11-20,179.1,181.89,178.99,181.83,11649606,0.0
2017-11-21,181.3,181.73,180.44,180.85,8476177,0.0
2017-11-23,180.44,183.15,180.29,182.78,7897540,0.0
2017-11-26,182.62,183.73,181.99,183.03,8537571,0.0
2017-11-27,183.6,184.25,182.09,182.43,11058474,0.0
2017-11-28,181.88,181.97,174,175.12,36510788,0.0
2017-11-29,176.85,178.275,175.2,177.15,18821505,0.0
2017-11-30,176.03,177.48,172.34,174.99,15572635,0.0
2017-12-03,176.29,176.57,170.79,171.47,20575305,0.0
2017-12-04,170.46,175.38,169.01,172.83,15220915,0.0
2017-12-05,172.38,176.77,171.9,176.08,14110975,0.0
2017-12-06,175.8,180.39,175.8,180.2,16413372,0.0
2017-12-07,181.63,182.28,178.7401,179,14251392,0.0
2017-12-10,179.31,180.22,178.8,179.02,9739846,0.0
2017-12-11,178.6,179.18,176.6,176.96,13071102,0.0
2017-12-12,177.43,179.16,177.25,178.31,11159741,0.0
2017-12-13,178.29,180.3601,177.68,178.44,10179053,0.0
2017-12-14,178.64,180.4934,178.36,180.17,16659376,0.0
2017-12-17,181.01,181.3,179.75,180.9,11174503,0.0
2017-12-18,180,180.08,178.22,179.45,11810193,0.0
2017-12-19,179.82,179.82,177.36,177.88,9697549,0.0
2017-12-20,177.93,178.68,177.05,177.45,9116769,0.0
2017-12-21,177.14,177.53,176.23,177.21,6531288,0.0
2017-12-25,176.63,177,174.67,175.99,6193195,0.0
2017-12-26,176.54,178.44,176.26,177.51,7095002,0.0
2017-12-27,177.95,178.9367,177.68,177.89,8411684,0.0
2017-12-28,178,178.85,176.46,176.52,7196474,0.0
2018-01-01,177.68,181.58,177.55,181.43,14467954,0.0
2018-01-02,181.86,184.78,181.33,184.48,12994752,0.0
2018-01-03,184.9,186.21,184.0996,184.32,10849386,0.0
2018-01-04,185.59,186.9,184.93,186.78,10140367,0.0
2018-01-07,187.2,188.9,186.33,188.25,11672962,0.0
2018-01-08,188.7,188.8,187.1,187.9,9847213,0.0
2018-01-09,186.94,187.88,185.63,187.84,8115277,0.0
2018-01-10,188.4,188.4,187.38,187.76,7154447,0.0
2018-01-11,178.06,181.48,177.4,179.4,60301294,0.0
2018-01-15,181.5,181.75,178.04,178.4,28190996,0.0
2018-01-16,178.98,179.32,175.8,177.58,22399616,0.0
2018-01-17,178.13,180.98,177.08,179.8,18314171,0.0
2018-01-18,180.75,182.37,180.1702,181.29,19583276,0.0
2018-01-21,180.79,185.39,180.41,185.37,15798057,0.0
2018-01-22,186.05,189.55,185.55,189.38,20362309,0.0
2018-01-23,189.89,190.66,186.52,186.55,18690788,0.0
2018-01-24,187.87,188.62,186.6,187.46,13248999,0.0
2018-01-25,187.75,190,186.81,189.92,12164221,0.0
2018-01-28,188.7,188.84,185.6301,185.96,16507405,0.0
2018-01-29,183.01,188.18,181.84,187.1,15767940,0.0
2018-01-30,188.38,189.83,185.22,186.93,21657451,0.0
2018-01-31,188.22,195.32,187.89,193.08,42954993,0.0
2018-02-01,192.04,194.21,189.98,190.275,20345286,0.0
2018-02-04,186.96,190.61,180.61,181.26,25384078,0.0
2018-02-05,178.47,185.77,177.74,185.43,29297658,0.0
2018-02-06,184.27,185.0817,179.95,180.17,22696290,0.0
2018-02-07,181.01,181.84,171.4815,171.595,29317857,0.0
2018-02-08,174.76,176.9,167.18,176.05,31830471,0.0
2018-02-11,177.09,177.545,171.84,176.4,24904119,0.0
2018-02-12,175.62,175.97,173.1,173.15,17468774,0.0
2018-02-13,173.39,179.81,173.2119,179.46,21999477,0.0
2018-02-14,180.5,180.5,176.84,179.96,16599521,0.0
2018-02-15,178.99,179.88,176.3,177.37,15694462,0.0
2018-02-19,175.89,177.95,175.11,176.01,15944334,0.0
2018-02-20,176.92,181.27,176.4,177.92,17993471,0.0
2018-02-21,178.85,180.21,177.41,178.99,13998579,0.0
2018-02-22,179.99,183.39,179.51,183.2911,14952390,0.0
2018-02-25,184.58,185.66,183.2228,184.92,13894988,0.0
2018-02-26,184.45,184.7,181.46,181.46,12386906,0.0
2018-02-27,182.32,182.88,178.14,178.31,13774539,0.0
2018-02-28,179,180.12,174.41,175.93,18122473,0.0
2018-03-01,173.29,177.11,172.99,176.61,15669572,0.0
2018-03-04,176.11,181.1475,175.89,180.41,12986798,0.0
2018-03-05,181.72,182.38,179.11,179.77,11835193,0.0
2018-03-06,178.74,183.82,178.07,183.72,15233869,0.0
2018-03-07,183.5,184.4,181.45,182.34,12530454,0.0
2018-03-08,183.96,185.51,183.21,185.21,14150925,0.0
2018-03-11,185.34,186.1,184.22,184.76,11453503,0.0
2018-03-12,185.6,185.99,181.11,181.88,14612067,0.0
2018-03-13,182.52,184.25,181.85,184.24,13250874,0.0
2018-03-14,183.22,184,182.19,183.86,12339528,0.0
2018-03-15,184.49,185.33,183.41,185.03,13366717,0.0
2018-03-18,177.01,177.17,170.06,172.57,74141107,0.0
2018-03-19,167.41,170.2,161.95,168.14,112442583,0.0
2018-03-20,164.7,173.4,163.3,169.4492,92975524,0.0
2018-03-21,166.13,170.27,163.72,164.91,63001285,0.0
2018-03-22,165.43,167.1,159.02,159.35,43425065,0.0
2018-03-25,160.78,161.1,149.02,160.0599,108168561,0.0
2018-03-26,156.35,162.85,150.75,152.27,64833165,0.0
2018-03-27,151.64,155.88,150.8,153.02,49871859,0.0
2018-03-28,155.15,161.42,154.14,159.8,48338017,0.0
2018-04-01,157.81,159.2,154.111,155.39,30495493,0.0
2018-04-02,156.55,157.39,150.81,156.11,35319540,0.0
2018-04-03,152.03,155.56,150.51,155.11,38956785,0.0
2018-04-04,161.56,161.6,156.65,159.3499,32864433,0.0
2018-04-05,157.73,161.42,156.81,157.19,34167358,0.0
2018-04-08,157.82,160.53,156.04,157.87,29375107,0.0
2018-04-09,157.89,165.98,157.01,165.07,50644598,0.0
2018-04-10,165.44,168.65,163.25,166.34,49460670,0.0
2018-04-11,166.91,167.45,163.1,163.85,32026309,0.0
2018-04-12,164.56,165.7036,163.77,164.5317,16161133,0.0
2018-04-15,165.7249,165.76,163.39,164.83,13087589,0.0
2018-04-16,165.68,169,165.66,168.66,16925765,0.0
2018-04-17,166.83,168.12,165.77,166.36,16456425,0.0
2018-04-18,166.17,168.33,165.2,168.11,15639595,0.0
2018-04-19,167.79,168.43,165.81,166.29,15039273,0.0
2018-04-22,167.27,168.45,165.09,165.85,19290696,0.0
2018-04-23,165.43,166.1,158.19,159.69,29568957,0.0
2018-04-24,160.1448,161.06,156.19,159.935,24814951,0.0
2018-04-25,173.22,176.27,170.8,174.23,59909746,0.0
2018-04-26,176.81,177.1,172.6,173.59,24069470,0.0
2018-04-29,173.79,175.72,171.71,172.02,15091703,0.0
2018-04-30,172.09,174.02,170.23,173.87,21228372,0.0
2018-05-01,174.246,178.08,174.2,176.07,25172726,0.0
2018-05-02,175.13,176.12,172.12,174.01,17337268,0.0
2018-05-03,173.08,176.98,173.06,176.61,13950596,0.0
2018-05-06,177.35,179.5,177.17,177.98,14102187,0.0
2018-05-07,178.25,179.04,177.11,178.89,12070664,0.0
2018-05-08,179.67,183.01,178.7807,182.69,17071604,0.0
2018-05-09,183.15,186.1292,182.5,185.53,17759252,0.0
2018-05-10,184.85,188.32,184.18,187,16944021,0.0
2018-05-13,187.71,187.86,186.2,186.6,12371587,0.0
2018-05-14,184.9,185.29,183.2,184.31,12122685,0.0
2018-05-15,183.6952,184.32,182.66,183.22,13347956,0.0
2018-05-16,182.68,184.06,182.22,183.76,10559148,0.0
2018-05-17,183.41,184.19,182.61,182.69,8046211,0.0
2018-05-20,183.77,185.3,183.13,184.49,8968049,0.0
2018-05-21,184.93,185.42,183.43,183.82,8706852,0.0
2018-05-22,182.5,186.91,182.18,186.91,12161252,0.0
2018-05-23,185.88,186.8,185.03,185.95,9171249,0.0
2018-05-24,186.02,186.33,184.45,184.89,8505175,0.0
2018-05-28,184.17,186.81,183.71,185.76,12857494,0.0
2018-05-29,186.54,188,182.66,187.66,11015114,0.0
2018-05-30,187.79,192.72,187.48,191.78,19160338,0.0
2018-05-31,193.065,194.5492,192.07,193.95,13432088,0.0
2018-06-03,191.79,193.98,191.47,193.27,13599496,0.0
2018-06-04,194.25,195,192.62,192.97,12000495,0.0
2018-06-05,191.0252,192.53,189.11,191.42,17024578,0.0
2018-06-06,190.75,190.97,186.77,188.16,17102003,0.0
2018-06-07,187.48,189.4754,186.43,189.04,9269791,0.0
2018-06-10,188.97,192.6,188.8,191.55,10223003,0.0
2018-06-11,192.15,193.28,191.56,192.38,8363210,0.0
2018-06-12,192.74,194.5,191.91,192.39,11352707,0.0
2018-06-13,193.12,197.28,192.91,196.8,13824940,0.0
2018-06-14,195.64,197.07,194.64,195.84,13614477,0.0
2018-06-17,194.92,199.58,194.13,198.31,12288881,0.0
2018-06-18,196.14,197.96,193.79,197.51,13798813,0.0
2018-06-19,199,203.55,198.805,202.08,20833705,0.0
2018-06-20,202.76,203.39,200.09,201.5,14501469,0.0
2018-06-21,201.16,202.24,199.31,201.37,12047546,0.0
2018-06-24,199.9,200,193.11,196.38,18684481,0.0
2018-06-25,197.51,199.01,196.23,199.01,13532032,0.0
2018-06-26,199.18,200.75,195.8,195.84,13842691,0.0
2018-06-27,195.18,197.34,193.26,196.23,14379789,0.0
2018-06-28,197.25,197.5997,193.955,194.32,10762418,0.0
2018-07-01,193.37,197.45,192.22,197.37,10295013,0.0
2018-07-02,194.56,195.4,192.52,192.79,10569621,0.0
2018-07-04,194.74,198.65,194.03,198.47,15686887,0.0
2018-07-05,198.46,203.64,197.7,203.26,14837696,0.0
2018-07-08,204.93,205.8,202.1201,204.78,14350716,0.0
2018-07-09,204.49,204.91,202.26,203.52,9661871,0.0
2018-07-10,202.08,204.5,201.75,202.47,9671557,0.0
2018-07-11,203.43,207.08,203.19,206.91,12211103,0.0
2018-07-12,207.81,208.43,206.45,207.33,8632563,0.0
2018-07-15,207.5,208.72,206.84,207.24,8260919,0.0
2018-07-16,204.89,210.46,204.84,210,12055888,0.0
2018-07-17,209.82,210.99,208.44,209.35,10890725,0.0
2018-07-18,208.79,209.99,207.76,208.08,7440445,0.0
2018-07-19,208.82,211.5,208.5,209.95,11772330,0.0
2018-07-22,210.58,211.62,208.8,210.93,11978530,0.0
2018-07-23,215.11,216.2,212.6,214.67,22030365,0.0
2018-07-24,215.715,218.62,214.27,217.48,24604211,0.0
2018-07-25,174.89,180.13,173.75,176.27,126615889,0.0
2018-07-26,179.87,179.98,173,174.87,49187934,0.0
2018-07-29,175.3,175.3,166.56,171.09,55139276,0.0
2018-07-30,170.6,174.24,170,172.59,32821567,0.0
2018-07-31,173.87,175.08,170.9,171.64,27449848,0.0
2018-08-01,170.75,176.79,170.27,176.36,23791124,0.0
2018-08-02,177.69,178.85,176.15,177.76,19515748,0.0
2018-08-05,179.03,185.79,178.38,185.7,41044003,0.0
2018-08-06,186.5,188.3,183.72,183.81,27937760,0.0
2018-08-07,184.7,186.85,183.76,185.19,18007542,0.0
2018-08-08,185.8492,186.57,182.48,183.09,15199929,0.0
2018-08-09,182.07,182.1,179.42,180.27,17054656,0.0
2018-08-12,180.1,182.61,178.9,180.1,12752321,0.0
2018-08-13,180.86,181.99,178.62,181.11,13709219,0.0
2018-08-14,179.25,180.87,174.78,179.54,26279816,0.0
2018-08-15,180.27,180.5,174.01,174.72,25379959,0.0
2018-08-16,174.62,176.22,172.04,173.73,19804578,0.0
2018-08-19,174.04,174.57,170.91,172.51,15933546,0.0
2018-08-20,172.85,174.17,171.39,172.63,15191442,0.0
2018-08-21,172.2,174.24,172.13,173.71,13001347,0.0
2018-08-22,173.09,175.55,172.83,172.9,14712192,0.0
2018-08-23,173.6,174.82,172.92,174.64,11090800,0.0
2018-08-26,175.99,178.67,175.79,177.47,14282511,0.0
2018-08-27,178.1,178.2399,175.83,176.27,11993089,0.0
2018-08-28,176.23,176.79,174.75,175.9,14023347,0.0
2018-08-29,175.9,179.7901,175.7,177.645,19254155,0.0
2018-08-30,177.2,177.62,174.9815,175.73,14051861,0.0
2018-09-03,173.69,173.89,168.8,171.16,23005064,0.0
2018-09-04,168.76,171.125,166.67,167.21,24993049,0.0
2018-09-05,166.98,166.98,160,162.54,34114080,0.0
2018-09-06,160.45,164.6269,160.16,163.06,19872811,0.0
2018-09-09,163.67,165.01,162.16,164.24,15754074,0.0
2018-09-10,163.91,167.19,163.72,165.96,15262407,0.0
2018-09-11,163.25,164.49,161.8,161.99,19079037,0.0
2018-09-12,162.08,163.32,160.86,161.4,19239379,0.0
2018-09-13,161.68,162.84,160.34,162.31,17280894,0.0
2018-09-16,161.88,162.06,159.77,160.6,16908184,0.0
2018-09-17,159.39,161.7639,158.8656,160.3,17290047,0.0
2018-09-18,160.14,163.44,159.48,163.08,14989229,0.0
2018-09-19,164.44,166.45,164.33,166.03,14091854,0.0
2018-09-20,166.6,167.25,162.81,162.92,20529018,0.0
2018-09-23,161.03,165.7,160.88,165.41,13736917,0.0
2018-09-24,161.99,165.59,161.15,164.9,21301879,0.0
2018-09-25,164.34,169.3,164.21,166.95,18713790,0.0
2018-09-26,167.37,171.77,167.21,168.84,21776526,0.0
2018-09-27,168.33,168.79,162.56,164.44,26838355,0.0
2018-09-30,163.2,165.88,161.26,162.44,20170569,0.0
2018-10-01,161.61,162.28,158.67,159.33,28064925,0.0
2018-10-02,160,163.66,159.53,162.48,18187915,0.0
2018-10-03,161.38,161.46,157.35,158.8,19020602,0.0
2018-10-04,159.21,160.9,156.2,157.32,20512499,0.0
2018-10-07,155.6,158.34,154.39,157.23,18307090,0.0
2018-10-08,157.68,160.59,157.42,157.9,14772217,0.0
2018-10-09,156.82,157.69,151.31,151.41,22581710,0.0
2018-10-10,150.12,154.81,149.16,153.35,25980502,0.0
2018-10-11,156.62,156.89,151.2998,153.74,18750285,0.0
2018-10-14,153.32,155.57,152.55,153.52,11082405,0.0
2018-10-15,155.39,159.46,155.01,158.77,14265021,0.0
2018-10-16,159.56,160.49,157.95,159.5,12617023,0.0
2018-10-17,158.51,158.66,153.28,155.01,15771970,0.0
2018-10-18,156.66,157.35,153.55,153.94,14105422,0.0
2018-10-21,154.76,157.34,154.46,154.81,11703014,0.0
2018-10-22,151.13,154.77,150.85,154.4,14248101,0.0
2018-10-23,154.28,154.65,145.6,146.03,21428641,0.0
2018-10-24,147.79,152.21,147,150.95,16294387,0.0
2018-10-25,145.66,149,143.8,145.37,24161985,0.0
2018-10-28,148.49,148.83,139.03,142.09,24514078,0.0
2018-10-29,139.94,146.64,139.73,146.23,29557243,0.0
2018-10-30,155.24,156.4,148.96,151.85,48797350,0.0
2018-10-31,151.55,152.75,149.35,151.75,19563667,0.0
2018-11-01,151.78,154.13,148.96,150.25,17533008,0.0
2018-11-04,150.1,151.74,147.44,148.64,13510540,0.0
2018-11-05,149.31,152.1,148,149.94,15521926,0.0
2018-11-06,151.57,154.06,149.83,151.48,19573495,0.0
2018-11-07,150.49,150.94,146.74,147.85,19550577,0.0
2018-11-08,146.75,147.76,144.07,144.96,13114469,0.0
2018-11-11,144.48,145.04,140.4899,141.53,14536368,0.0
2018-11-12,142,144.88,141.62,142.2,11632448,0.0
2018-11-13,143.7,145.58,141.55,144.24,20552217,0.0
2018-11-14,142.33,144.84,140.83,143.85,27690117,0.0
2018-11-15,141.07,141.77,136.56,139.55,36371720,0.0
2018-11-18,137.61,137.75,131.21,131.62,41718996,0.0
2018-11-19,127.03,134.1592,126.85,132.44,40042828,0.0
2018-11-20,134.4,137.19,134.13,134.79,24052557,0.0
2018-11-22,133.65,135.64,131.2551,131.73,11036941,0.0
2018-11-25,133,137,132.78,136.41,20900848,0.0
2018-11-26,135.75,136.6126,133.71,135,16874229,0.0
2018-11-27,136.28,136.7899,131.85,136.74,26515623,0.0
2018-11-28,135.92,139.99,135.66,138.68,22359837,0.0
2018-11-29,138.26,140.966,137.36,140.69,18248391,0.0
2018-12-02,143,143.6799,140.76,141.13,21213181,0.0
2018-12-03,140.73,143.39,137.16,137.9,26488493,0.0
2018-12-05,133.82,139.7,133.65,139.6,25719052,0.0
2018-12-06,139.25,140.87,136.6566,137.44,18595713,0.0
2018-12-09,139.6,143.05,139.01,141.82,24647519,0.0
2018-12-10,143.88,143.88,141.1,142.11,18589298,0.0
2018-12-11,143.08,147.19,142.51,144.55,20746670,0.0
2018-12-12,145.57,145.85,143.19,145.13,16415472,0.0
2018-12-13,143.34,146.01,142.51,144.05,19303910,0.0
2018-12-16,143.08,144.92,138.42,140.29,18315886,0.0
2018-12-17,141.08,145.93,139.8301,143.67,20912539,0.0
2018-12-18,141.21,144.91,132.5,133.35,54364716,0.0
2018-12-19,130.7,135.57,1.34,133.46,37322427,0.0
2018-12-20,133.39,134.9,123.42,124.95,51155133,0.0
2018-12-23,123.1,129.74,123.02,123.51,20142318,0.0
2018-12-25,126,134.24,125.89,134.16,35132659,0.0
2018-12-26,132.44,134.99,129.67,134.5,26402623,0.0
2018-12-27,135.34,135.92,132.2,132.9726,19158988,0.0
2018-12-30,134.45,134.64,129.95,130.29,20878888,0.0
2019-01-01,128.99,137.51,128.56,135.41,25465924,0.0
2019-01-02,134.69,137.17,131.12,131.8902,18011900,0.0
2019-01-03,134.01,138,133.75,137.94,23927539,0.0
2019-01-06,137.45,138.87,135.91,138.23,16261533,0.0
2019-01-07,139.89,143.14,139.54,142.5843,22239823,0.0
2019-01-08,142.95,144.7,141.27,144.25,18404347,0.0
2019-01-09,143.08,144.56,140.84,144.15,13885316,0.0
2019-01-10,143.15,145.36,142.57,143.7205,10819759,0.0
2019-01-13,142.08,146.57,141.27,145.63,17231093,0.0
2019-01-14,146.01,150.68,145.99,148.82,21340466,0.0
2019-01-15,149,149.6499,146.9975,147.43,15596801,0.0
2019-01-16,146.95,149,146.5,148.0684,13965026,0.0
2019-01-17,149.75,152.43,148.55,149.99,28961698,0.0
2019-01-21,149.2,151.53,146.37,147.245,18121895,0.0
2019-01-22,148.28,148.8,143.055,144.07,18612594,0.0
2019-01-23,144.64,146.44,142.52,145.74,19111339,0.0
2019-01-24,147.48,149.83,146.54,149.0944,17851615,0.0
2019-01-27,148.05,148.96,146.21,147.37,12571121,0.0
2019-01-28,148.09,148.1,143.43,144.115,16035997,0.0
2019-01-29,146.22,150.95,145.6953,150.3,27203498,0.0
2019-01-30,165.53,171.68,165,166.8,70441723,0.0
2019-01-31,165.84,169.1,165.66,165.83,27891288,0.0
2019-02-03,165.7,169.28,163.62,168.935,17419943,0.0
2019-02-04,169.15,171.98,168.69,170.9434,17737618,0.0
2019-02-05,171.2,172.47,169.27,170.48,11931265,0.0
2019-02-06,168.27,169.24,165.25,165.97,15099844,0.0
2019-02-07,164.47,167.25,164.21,167.2,10893793,0.0
2019-02-10,168,168.3,165.08,165.59,9543009,0.0
2019-02-11,166.86,168.34,164.5,164.94,14374841,0.0
2019-02-12,165.38,166.22,163.73,164.08,12848891,0.0
2019-02-13,163.19,164.8697,162.2468,163.97,10479806,0.0
2019-02-14,164.51,164.7,160.86,162.4101,14725469,0.0
2019-02-18,160.5,164.15,160.33,162.1166,12160154,0.0
2019-02-19,162.25,163.72,161.25,162.62,10528767,0.0
2019-02-20,162.01,162.24,159.59,160.09,13276948,0.0
2019-02-21,160.58,162.41,160.31,161.84,11588766,0.0
2019-02-24,163.07,166.07,162.9,164.63,15768987,0.0
2019-02-25,164.335,166.24,163.8,164.05,12423077,0.0
2019-02-26,162.9,163.93,160.41,162.81,11253373,0.0
2019-02-27,162.37,163.5,160.86,161.5,9056941,0.0
2019-02-28,162.6,163.132,161.69,162.28,9311399,0.0
2019-03-03,163.9,167.5,163.83,167.47,17156727,0.0
2019-03-04,167.31,171.88,166.55,171.25,24266138,0.0
2019-03-05,172.9,173.57,171.27,172.51,18843395,0.0
2019-03-06,171.5,171.74,167.61,169.14,15649857,0.0
2019-03-07,166.2,169.62,165.97,169.6,11357699,0.0
2019-03-10,171.6,174.3,171.58,171.98,15351838,0.0
2019-03-11,172.09,173.8,171.2178,171.94,10609535,0.0
2019-03-12,172.63,174.03,172.12,173.37,9607015,0.0
2019-03-13,169.76,171.15,168.16,170.26,14802757,0.0
2019-03-14,163.1612,166.71,163.14,166.01,19314509,0.0
2019-03-17,163.57,163.9,159.28,160.47,32864620,0.0
2019-03-18,161.48,163.82,160.82,161.63,21550291,0.0
2019-03-19,161.27,166.12,161.24,165.47,17364616,0.0
2019-03-20,164.89,166.39,163.75,166.08,13641827,0.0
2019-03-21,165.65,167.42,164.09,164.34,14302290,0.0
2019-03-24,163.14,166.54,162,166.27,11009299,0.0
2019-03-25,167.35,169.45,166.3499,167.68,13876298,0.0
2019-03-26,167.73,168.94,164.79,165.84,9279826,0.0
2019-03-27,164.57,166.72,163.33,165.51,9376259,0.0
2019-03-28,166.39,167.19,164.81,166.66,8777694,0.0
2019-03-31,167.83,168.74,167.2789,168.69,4353507,0.0
2019-04-01,170.14,174.9,169.55,174.23,21471600,0.0
2019-04-02,174.5,177.96,172.95,173.51,25558252,0.0
2019-04-03,176.02,178,175.5301,176.01,16318218,0.0
2019-04-04,176.94,177,175.1,175.7,8490747,0.0
2019-04-07,175.21,175.5,174.23,174.91,6560427,0.0
2019-04-08,175.62,179.19,175.55,177.66,16740865,0.0
2019-04-09,178.18,178.79,176.54,177.83,9819134,0.0
2019-04-10,178.24,178.4,177,177.5,7085392,0.0
2019-04-11,178,179.63,177.95,179.08,10343203,0.0
2019-04-14,178.5,180.5,176.87,179.66,9367040,0.0
2019-04-15,179.17,180.17,178.3,178.85,10138634,0.0
2019-04-16,179.6,180.74,178.36,178.78,7589562,0.0
2019-04-17,178.8,178.88,177.34,178.32,9740923,0.0
2019-04-21,178.25,181.665,178.25,181.49,11672646,0.0
2019-04-22,182.74,184.22,181.48,183.77,16649460,0.0
2019-04-23,184.49,185.14,181.65,182.63,23160514,0.0
2019-04-24,196.98,198.48,192.12,193.1705,47630063,0.0
2019-04-25,192.5,192.9,189.09,191.49,19839970,0.0
2019-04-28,190.88,195.41,190.65,194.78,18176943,0.0
2019-04-29,194.19,197.39,192.28,193.37,20556973,0.0
2019-04-30,194.78,196.1769,193.01,193.04,14421521,0.0
2019-05-01,192.99,194,189.75,192.51,11924746,0.0
2019-05-02,194.38,196.16,193.71,195.47,12960175,0.0
2019-05-05,191.24,194.28,190.55,193.88,12373433,0.0
2019-05-06,192.59,192.9,187.85,189.88,13420057,0.0
2019-05-07,189.49,190.72,188.55,189.54,10830015,0.0
2019-05-08,187.2,189.77,186.26,188.64,11318407,0.0
2019-05-09,188.25,190,184.59,188.46,11658033,0.0
2019-05-12,183.5,185.43,180.84,181.45,14165709,0.0
2019-05-13,182.52,183.49,178.1,180.73,16491357,0.0
2019-05-14,180.42,187.28,180.02,186.27,14925589,0.0
2019-05-15,185.05,188.575,185.05,186.98,11157151,0.0
2019-05-16,184.84,187.58,184.28,185.24,9400823,0.0
2019-05-19,182.03,184.23,181.37,182.69,8985873,0.0
2019-05-20,184.57,185.7,183.885,184.79,6479835,0.0
2019-05-21,184.73,186.74,183.61,185.29,7343786,0.0
2019-05-22,182.42,183.9,179.67,180.87,11158349,0.0
2019-05-23,182.33,183.63,180.83,181.07,7042655,0.0
2019-05-27,181.54,184.7119,181.4537,184.31,10084904,0.0
2019-05-28,183.5,184.56,181.35,182.19,11666484,0.0
2019-05-29,183.08,183.48,180.89,183.01,7960501,0.0
2019-05-30,180.44,180.54,177.16,177.4,13135682,0.0
2019-06-02,175,175.05,161.01,164.01,51883512,0.0
2019-06-03,163.71,168.28,160.84,167.52,42643617,0.0
2019-06-04,167.48,168.72,164.63,168.15,17442338,0.0
2019-06-05,168.3,169.7,167.23,168.32,11004943,0.0
2019-06-06,170.17,173.87,168.84,173.34,14548549,0.0
2019-06-09,174.75,177.86,173.8,174.83,13236390,0.0
2019-06-10,178.48,179.98,176.79,178.12,13789793,0.0
2019-06-11,178.38,179.27,172.88,175.05,15583770,0.0
2019-06-12,175.53,178.03,174.606,177.49,20905225,0.0
2019-06-13,180.51,181.8398,180,181.33,29782487,0.0
2019-06-16,185.01,189.5,184.4105,189.04,26879135,0.0
2019-06-17,194,194.53,187.28,188.52,34182419,0.0
2019-06-18,187,188.1,184.55,187.44,18783398,0.0
2019-06-19,190.95,191.16,187.64,189.31,12742652,0.0
2019-06-20,188.75,192,188.75,191.15,17047055,0.0
2019-06-23,192.42,193.98,191.57,192.57,13295230,0.0
2019-06-24,192.88,193.14,188.13,188.84,14685612,0.0
2019-06-25,189.54,190.76,187.31,187.6,10716173,0.0
2019-06-26,189.88,198.88,188.27,189.5,9578567,0.0
2019-06-27,191.07,193.2,189.94,192.98,12058722,0.0
2019-06-30,195.21,195.28,191.93,193,12916924,0.0
2019-07-01,193,195,192.71,195,8237009,0.0
2019-07-02,194.16,197.4,194.16,197.17,8944096,0.0
2019-07-04,196.18,197.07,194.17,196.49,9933861,0.0
2019-07-07,195.19,196.68,193.64,195.77,8506461,0.0
2019-07-08,194.97,199.46,194.89,199.19,12634658,0.0
2019-07-09,199.99,202.96,199.67,202.71,18455644,0.0
2019-07-10,203.26,203.8,200.21,201.23,12479954,0.0
2019-07-11,199.68,205.3,199.465,204.9,13111381,0.0
2019-07-14,204.25,205.33,201.82,203.93,14535697,0.0
2019-07-15,203.89,205.4707,203.1,203.84,11166309,0.0
2019-07-16,204.18,204.36,201.59,201.82,10611530,0.0
2019-07-17,200.15,202.47,199.38,200.77,10174234,0.0
2019-07-18,202.18,202.33,198.07,198.37,10173742,0.0
2019-07-21,199.87,202.57,198.81,202.3,12053884,0.0
2019-07-22,202.84,204.242,200.9625,202.39,13145395,0.0
2019-07-23,197.63,204.81,197.22,204.65,22221694,0.0
2019-07-24,206.7,208.66,198.26,200.69,36432956,0.0
2019-07-25,200.19,202.88,196.25,199.58,21614871,0.0
2019-07-28,199,199.63,195.3,195.92,14273422,0.0
2019-07-29,195.39,198.71,193.5,197.06,10873486,0.0
2019-07-30,196.95,198.76,192.68,194.24,12905728,0.0
2019-07-31,194.17,198.47,190.88,192.72,16559050,0.0
2019-08-01,191.1,192.62,188.1695,189.01,11961203,0.0
2019-08-04,184.69,185.67,179.34,181.7,20466148,0.0
2019-08-05,183.6,185.789,183.09,184.5329,14358198,0.0
2019-08-06,183.6,186.37,181.22,185.12,12959896,0.0
2019-08-07,186.62,190.34,184.05,190.18,12308152,0.0
2019-08-08,190,190.98,187.12,187.88,9227083,0.0
2019-08-11,186.85,187.59,184.46,185.35,8755710,0.0
2019-08-12,185.52,191.38,185.37,188.5,12147452,0.0
2019-08-13,185.8,185.99,179.31,179.708,16233474,0.0
2019-08-14,180.95,183.2,180.03,182.61,11760685,0.0
2019-08-15,183.75,185.1,182.36,183.63,11496992,0.0
2019-08-18,186.01,187.5,184.85,186.21,8711621,0.0
2019-08-19,185.45,186,182.39,183.77,9081215,0.0
2019-08-20,185,185.9,183.14,183.545,7328708,0.0
2019-08-21,183.43,184.11,179.91,182.04,9507702,0.0
2019-08-22,180.84,183.13,176.66,177.76,13949062,0.0
2019-08-25,179.37,180.5,178.24,180.48,7223854,0.0
2019-08-26,181.93,184.04,181.01,181.29,11230780,0.0
2019-08-27,180.53,181.95,178.92,181.77,8387458,0.0
2019-08-28,183.77,186.0752,183.47,185.56,8777027,0.0
2019-08-29,186.78,186.8017,183.4585,185.68,8495029,0.0
2019-09-02,184,185.67,182.11,182.38,7949386,0.0
2019-09-03,184.65,187.7494,183.89,187.16,10100921,0.0
2019-09-04,188.53,191.36,187.94,190.89,12527214,0.0
2019-09-05,190.21,190.21,186.35,187.54,13784806,0.0
2019-09-08,187.73,188.98,185.8466,188.77,12436289,0.0
2019-09-09,187.44,188.1,184.55,186.32,13028570,0.0
2019-09-10,186.46,189.44,186.08,188.56,10374268,0.0
2019-09-11,189.86,190.93,187.23,187.48,9952948,0.0
2019-09-12,187.325,187.97,186.54,187.12,9562595,0.0
2019-09-15,186.93,187.7943,185.765,186.24,7207620,0.0
2019-09-16,186.66,188.32,185.54,188.12,8453971,0.0
2019-09-17,188.04,189.08,186.012,188.13,8654495,0.0
2019-09-18,188.66,191.1,188.15,190.15,9366457,0.0
2019-09-19,190.66,193.1,188.12,189.9,18671461,0.0
2019-09-22,189.34,190.1,185.2062,186.85,11074636,0.0
2019-09-23,187.98,188.04,180.39,181.2906,15323237,0.0
2019-09-24,181.45,183.42,177.87,182.78,15796839,0.0
2019-09-25,181.33,181.4,177.67,180.16,14202760,0.0
2019-09-26,180.5,180.755,175.66,177.07,13156288,0.0
2019-09-29,177.87,178.67,176.85,178.07,8886101,0.0
2019-09-30,179.15,179.84,174.88,175.79,15821576,0.0
2019-10-01,174.84,176.53,173.09,174.6,14322684,0.0
2019-10-02,175.57,179.84,173.63,179.42,14706025,0.0
2019-10-03,179.55,180.98,178.1,180.4,18008184,0.0
2019-10-06,180,181.18,178.09,179.68,15310362,0.0
2019-10-07,178.26,180.37,177.72,177.73,16806524,0.0
2019-10-08,179.16,180.72,177.94,179.83,13268798,0.0
2019-10-09,180.32,181.61,179.17,180.19,14880819,0.0
2019-10-10,182.24,186.49,182.14,184.11,27162518,0.0
2019-10-13,184.2,184.62,182.5735,183.29,12331878,0.0
2019-10-14,183.8,190.38,183.66,188.83,27710318,0.0
2019-10-15,188.32,189.7,186.9002,189.61,18318801,0.0
2019-10-16,190.29,190.84,188.765,190.4,17418890,0.0
2019-10-17,190.23,191.49,183.9239,185.86,29021855,0.0
2019-10-20,186.9,189.91,186.9,189.75,6617879,0.0
2019-10-21,190,190.65,181.5,182.31,17844142,0.0
2019-10-22,182.01,186.38,182,186.17,10854128,0.0
2019-10-23,184.62,186.73,182.8,186.38,10028450,0.0
2019-10-24,185.83,189,185.0876,187.87,6891050,0.0
2019-10-27,187.2,189.53,185.08,189.46,11722063,0.0
2019-10-28,191.69,192.53,188.47,189.32,12514972,0.0
2019-10-29,189.56,190.45,185.98,188.18,20020339,0.0
2019-10-30,196.7,198.09,188.25,191.68,38226966,0.0
2019-10-31,192.85,194.11,189.91,193.69,19278486,0.0
2019-11-03,194.55,197.3672,193.8119,194.72,15532371,0.0
2019-11-04,195.37,195.75,193.6,194.33,8464929,0.0
2019-11-05,194.03,194.37,191.35,191.54,9013854,0.0
2019-11-06,191.91,193.44,189.47,190.42,11424516,0.0
2019-11-07,190,192.34,189.7,190.88,9819379,0.0
2019-11-10,189.93,190.08,188.54,189.6,7915131,0.0
2019-11-11,190.1,195.06,189.74,194.54,16163287,0.0
2019-11-12,194.7,195.7,192.74,193.21,9726545,0.0
2019-11-13,192.93,194.03,191.45,193.12,7665115,0.0
2019-11-14,194.23,195.3,193.38,195.0895,10040438,0.0
2019-11-17,194.56,198.63,193.05,197.46,14489833,0.0
2019-11-18,197.4,200,196.86,199.33,16970875,0.0
2019-11-19,198.58,199.59,195.43,197.5,10748544,0.0
2019-11-20,197.42,199.09,196.86,197.93,10477726,0.0
2019-11-21,198.38,199.3,197.62,198.88,7930358,0.0
2019-11-24,199.515,200.97,199.25,199.75,13337281,0.0
2019-11-25,200,200.15,198.0387,198.8,7717611,0.0
2019-11-26,199.79,203.14,199.42,202,11592729,0.0
2019-11-28,201.58,203.8,201.25,201.66,6818030,0.0
2019-12-01,202.13,202.18,198.05,199.69,9914187,0.0
2019-12-02,197.6,198.93,195.08,198.83,10543904,0.0
2019-12-03,200,200.0288,198.05,198.7,7647338,0.0
2019-12-04,199.86,201.29,198.2126,199.37,8290537,0.0
2019-12-05,200.5,201.57,200.06,201.04,10470491,0.0
2019-12-08,200.65,203.1418,200.21,201.33,9900507,0.0
2019-12-09,201.66,202.05,200.15,200.9,8273906,0.0
2019-12-10,200.57,202.63,200.28,202.21,6790583,0.0
2019-12-11,202.35,203.66,194.1,196.67,21774628,0.0
2019-12-12,196.31,196.8,193.17,194.21,17060438,0.0
2019-12-15,195.27,199.12,194.81,197.92,11211461,0.0
2019-12-16,198.84,199,196.13,198.38,8689927,0.0
2019-12-17,200.09,204.3,200.09,202.36,18952124,0.0
2019-12-18,202.86,206.3,202.51,206.06,14359765,0.0
2019-12-19,207.48,207.71,203.43,206.29,22032010,0.0
2019-12-22,206.7,208.59,205.68,206.18,9744492,0.0
2019-12-23,206.3,206.79,205,205.15,3999834,0.0
2019-12-25,205.51,207.82,205.31,207.79,7525951,0.0
2019-12-26,208.6697,208.93,206.5875,208.1,8717172,0.0
2019-12-29,207.96,207.96,203.9001,204.41,9184949,0.0
2019-12-30,203.995,205.56,203.6001,205.09,7032528,0.0
2020-01-01,206.75,209.79,206.27,209.78,10718923,0.0
2020-01-02,207.2135,210.4,206.95,208.51,10045001,0.0
2020-01-05,206.7,212.78,206.52,212.5855,14622198,0.0
2020-01-06,212.82,214.58,211.75,213.05,12505490,0.0
2020-01-07,213,216.24,212.6121,215.3,10538308,0.0
2020-01-08,217.54,218.38,216.278,218.31,10775476,0.0
2020-01-09,219.2,219.88,217.42,218.07,10917555,0.0
2020-01-12,219.5965,221.97,219.21,221.96,12719407,0.0
2020-01-13,221.61,222.38,218.63,219.06,10970123,0.0
2020-01-14,220.61,221.68,220.14,221.21,8292745,0.0
2020-01-15,222.57,222.63,220.39,221.86,8272426,0.0
2020-01-16,221.93,222.29,220.53,222.13,12596882,0.0
2020-01-20,222.155,222.37,219.12,221.47,22381418,0.0
2020-01-21,222.31,222.75,221.28,221.29,21016884,0.0
2020-01-22,220.75,221.485,219.27,219.67,16366956,0.0
2020-01-23,220.7,221.78,216.11,217.929,20550870,0.0
2020-01-26,213.1,216.06,212.5,214.87,10849409,0.0
2020-01-27,216.15,218.74,213.52,217.79,11092215,0.0
2020-01-28,221.44,224.2,218.45,223.31,23664436,0.0
2020-01-29,206.53,211.43,204.75,209.58,45513307,0.0
2020-01-30,208.43,208.69,201.06,201.89,28269569,0.0
2020-02-02,203.44,205.14,202.5,204.19,13665236,0.0
2020-02-03,206.6165,210.6,205.2025,209.87,16696516,0.0
2020-02-04,212.51,212.73,208.71,210.23,10556870,0.0
2020-02-05,210.47,211.19,209.338,210.87,9388014,0.0
2020-02-06,210.3,212.82,209.93,212.34,10289554,0.0
2020-02-09,211.52,213.8,210.66,213.1,8937162,0.0
2020-02-10,210.19,210.86,206.5102,207.15,23868172,0.0
2020-02-11,207.85,211.22,207.4,210.755,12022419,0.0
2020-02-12,209.5235,214.3259,209.18,213.12,13708195,0.0
2020-02-13,214,214.93,212.65,214.18,8864827,0.0
2020-02-17,213.55,217.975,213.4,217.76,14599279,0.0
2020-02-18,217.99,218.32,216.11,217.5,10661511,0.0
2020-02-19,216.52,218.765,212.945,214.58,11865419,0.0
2020-02-20,213.48,214.237,208.8305,210.16,12739985,0.0
2020-02-23,201.8,203.65,198.17,200.73,20406271,0.0
2020-02-24,202.47,203.5,195.9537,196.64,18833578,0.0
2020-02-25,197.19,201.21,195.49,197.18,15234727,0.0
2020-02-26,191.99,195.88,189.5,189.69,19313106,0.0
2020-02-27,182.61,192.74,181.82,192.74,28054197,0.0
2020-03-01,194.1,196.57,188.85,196.54,21795546,0.0
2020-03-02,196.22,197.24,183.97,185.89,24693345,0.0
2020-03-03,189.05,191.83,186.39,191.79,20486825,0.0
2020-03-04,186.78,188.99,183.8901,185.02,21975861,0.0
2020-03-05,178.33,183.78,176.26,181.11,21916170,0.0
2020-03-08,169.6,175,165.19,168.6,26168734,0.0
2020-03-09,174.67,178.29,169.5,178.19,42200790,0.0
2020-03-10,173.86,175.88,167.66,170.22,37010571,0.0
2020-03-11,159.54,166.6,154.34,154.46,39090919,0.0
2020-03-12,163.16,170.79,157.6,170.62,29428089,0.0
2020-03-15,152.32,159.13,143.1,145.96,72152076,0.0
2020-03-16,150.74,153.94,140,149.42,31562530,0.0
2020-03-17,139.75,148.18,137.1006,147.05,29590793,0.0
2020-03-18,146.62,159.9294,144.8,153.03,70865214,0.0
2020-03-19,156.02,159.27,148,149.73,30645720,0.0
2020-03-22,149.66,152.31,142.25,147.8,26881306,0.0
2020-03-23,155.205,161.31,152.57,161.22,25999531,0.0
2020-03-24,158.92,162.99,153.06,156.16,62557455,0.0
2020-03-25,158.35,164,157.0201,163.35,23443636,0.0
2020-03-26,158.32,160.09,154.75,156.77,42910937,0.0
2020-03-29,159.18,166.75,158.06,165.85,20555939,0.0
2020-03-30,165.48,170.93,164.2,166.79,42024824,0.0
2020-03-31,161.615,164.15,158.035,159.6,17568762,0.0
2020-04-01,159.1,161.3509,155.92,158.2,36188716,0.0
2020-04-02,157.15,157.91,150.83,154.19,32151306,0.0
2020-04-05,160.15,166.2,158.51,165.55,23379664,0.0
2020-04-06,171.5,173.39,166.01,168.83,28489714,0.0
2020-04-07,171.16,175,167.74,174.28,38964830,0.0
2020-04-08,175.9,177.08,171.57,175.2,21496914,0.0
2020-04-12,173.67,175,169.45,174.79,17528292,0.0
2020-04-13,178.9765,181.225,176.62,178.14,38605489,0.0
2020-04-14,175.1865,178.19,172.82,176.91,47845841,0.0
2020-04-15,177.95,178.05,172.51,176.28,57355702,0.0
2020-04-16,179.2,180.28,176.66,179.25,53613756,0.0
2020-04-19,177.41,180.5,176.77,178.26,40954257,0.0
2020-04-20,175.25,175.38,168.3408,170.67,63386103,0.0
2020-04-21,178.45,184.78,178.14,182.31,57720085,0.0
2020-04-22,184.08,187.05,183.15,185.15,56756444,0.0
2020-04-23,183.23,190.41,180.825,190.1,79317274,0.0
2020-04-26,192.657,193.75,187.41,187.54,106374064,0.0
2020-04-27,188.66,189.2,182.56,182.86,35867080,0.0
2020-04-28,190.93,196.91,190,193.99,69449829,0.0
2020-04-29,206.92,209.69,201.5701,204.71,82242605,0.0
2020-04-30,201.6,207.28,199.0501,202.28,27688202,0.0
2020-05-03,200.2,205.91,198.7562,205.24,17168353,0.0
2020-05-04,207.02,210.38,206.5,207.08,39463915,0.0
2020-05-05,208.12,211.6,206.66,208.46,18415468,0.0
2020-05-06,211.16,211.6,209.04,211.3,24770066,0.0
2020-05-07,212.24,213.21,210.85,212.35,21628908,0.0
2020-05-10,210.8865,215,210.37,213.18,22461562,0.0
2020-05-11,213.29,215.275,210,210.02,26747124,0.0
2020-05-12,209.43,210.78,202.11,205.14,19071099,0.0
2020-05-13,202.56,206.93,200.69,206.85,14134233,0.0
2020-05-14,205.27,211.34,204.12,211.04,34047199,0.0
2020-05-17,212.15,214.6445,210.94,213.21,35909126,0.0
2020-05-18,213.27,220.49,212.83,216.88,30332973,0.0
2020-05-19,223.5,231.34,223.19,229.95,46541604,0.0
2020-05-20,234.72,237.2,231.2,231.37,87138160,0.0
2020-05-21,231.51,235.99,228.74,234.92,63611004,0.0
2020-05-25,239.77,240.9,231.67,232.16,30555905,0.0
2020-05-26,229.07,230.56,221.1347,229.15,64595801,0.0
2020-05-27,224.3,231.6332,224,225.33,27478541,0.0
2020-05-28,225.2,227.49,222.88,224.21,18706304,0.0
2020-05-31,224.59,232.44,223.5,231.94,33886754,0.0
2020-06-01,230.94,233,226.56,232.83,36197240,0.0
2020-06-02,232.11,232.65,228.53,230.06,28224941,0.0
2020-06-03,229.56,231.63,224.61,226.29,15405418,0.0
2020-06-04,226.71,231.35,225.3105,230.78,14358315,0.0
2020-06-07,229.03,231.55,227.41,231.42,27642194,0.0
2020-06-08,231.52,239.77,230.41,238.69,50558498,0.0
2020-06-09,240.96,241.21,235.28,236.68,18383287,0.0
2020-06-10,229.94,232.89,223.55,224.45,47636272,0.0
2020-06-11,229.9,231.66,227.3102,227.3401,6834224,0.0
2020-06-14,225.09,233.77,224.8,232.47,27221583,0.0
2020-06-15,237.14,238.46,233,235.81,26637700,0.0
2020-06-16,235,237.59,231.7268,235.53,36276677,0.0
2020-06-17,234.99,236.14,232.15,235.975,28476274,0.0
2020-06-18,237.79,240.83,235.55,238.65,22967089,0.0
2020-06-21,238.56,240.7,236.91,239.3,17497491,0.0
2020-06-22,241.28,245.1853,239.86,242.14,22512681,0.0
2020-06-23,241.2,243.22,232.68,234.08,19170135,0.0
2020-06-24,234.62,237.3,232.74,235.47,17150061,0.0
2020-06-25,232.64,233.09,215.4,215.86,69638977,0.0
2020-06-28,209.75,220.75,207.11,220.71,55040667,0.0
2020-06-29,220.59,227.5,218.47,227.05,30334236,0.0
2020-06-30,228.5,239,227.56,237.53,41842647,0.0
2020-07-01,239,240,232.61,233.46,28035447,0.0
