Date,Open,High,Low,Close,Volume,OpenInterest
2016-07-13,55.755,55.755,55.095,55.265,1165434,0.0
2016-07-14,55.565,55.566,55.09,55.17,895726,0.0
2016-07-17,55.01,55.5,54.975,55.135,843836,0.0
2016-07-18,54.885,55.34,54.885,55.195,754488,0.0
2016-07-19,55.24,55.485,55.24,55.455,665442,0.0
2016-07-20,55.435,55.49,54.79,54.97,852716,0.0
2016-07-21,55.105,55.3,54.94,55.23,724638,0.0
2016-07-24,55.12,55.33,55,55.175,705440,0.0
2016-07-25,55.25,55.73,55.165,55.465,1257642,0.0
2016-07-26,55.405,55.48,54.839,55,1116670,0.0
2016-07-27,54.92,55.45,54.735,55.35,1309440,0.0
2016-07-28,55.4,55.445,54.965,55.185,927958,0.0
2016-07-31,55.075,55.5,55.04,55.17,1440256,0.0
2016-08-01,54.96,55.3,54.625,54.705,1698016,0.0
2016-08-02,53.35,53.775,51.15,52.225,5500492,0.0
2016-08-03,52.415,53.03,52.301,52.79,2587480,0.0
2016-08-04,52.965,53.15,52.555,52.585,1840212,0.0
2016-08-07,52.54,52.623,51.873,51.995,1428434,0.0
2016-08-08,51.9,52.248,51.765,52.095,1078774,0.0
2016-08-09,52.105,52.475,51.89,52.085,878590,0.0
2016-08-10,52.145,52.395,51.535,51.695,1906388,0.0
2016-08-11,51.54,51.955,51.475,51.685,1022908,0.0
2016-08-14,51.845,51.845,51.47,51.485,1090606,0.0
2016-08-15,51.305,51.365,50.77,50.77,1256452,0.0
2016-08-16,50.895,51.41,50.5,51.38,2028974,0.0
2016-08-17,51.255,51.543,51.015,51.25,995522,0.0
2016-08-18,51.095,51.345,50.93,51.27,1045790,0.0
2016-08-21,51.18,51.46,51.072,51.42,743700,0.0
2016-08-22,51.5,52.23,51.47,52.06,2024672,0.0
2016-08-23,51.905,52.12,51.33,51.37,1405726,0.0
2016-08-24,51.4,51.875,51.3,51.505,745276,0.0
2016-08-25,51.66,52.34,51.485,51.73,1129542,0.0
2016-08-28,51.725,52,51.595,51.64,765516,0.0
2016-08-29,51.585,51.808,51.285,51.475,661466,0.0
2016-08-30,51.48,51.65,51.345,51.525,817614,0.0
2016-08-31,51.545,52,51.365,51.905,988510,0.0
2016-09-01,52.22,52.335,51.93,52.165,958858,0.0
2016-09-05,52.145,52.145,51.63,51.85,801476,0.0
2016-09-06,51.88,51.88,51.44,51.57,825454,0.0
2016-09-07,51.39,51.535,51.07,51.13,987458,0.0
2016-09-08,50.84,50.97,50.125,50.15,1328748,0.0
2016-09-11,50.01,50.665,49.91,50.58,1412906,0.0
2016-09-12,50.29,50.58,49.575,49.67,1789046,0.0
2016-09-13,49.64,50.19,49.1,49.185,1921472,0.0
2016-09-14,49.08,50.29,48.865,49.965,2611006,0.0
2016-09-15,50.075,50.075,49.33,49.61,2338984,0.0
2016-09-18,49.66,50.075,49.505,49.655,1023282,0.0
2016-09-19,49.99,50.015,49.66,49.67,1091148,0.0
2016-09-20,49.94,50.835,49.82,50.75,1801248,0.0
2016-09-21,51,51.375,50.92,51.165,1494570,0.0
2016-09-22,51.14,51.34,50.568,50.59,903404,0.0
2016-09-25,50.295,50.475,50.02,50.13,1076030,0.0
2016-09-26,49.905,50.38,49.65,50.31,1156718,0.0
2016-09-27,50.365,50.365,49.64,50.11,1478690,0.0
2016-09-28,49.975,50.28,49.725,49.86,1212834,0.0
2016-09-29,49.88,49.99,49.475,49.735,1767646,0.0
2016-10-02,49.55,49.99,49.55,49.88,1072510,0.0
2016-10-03,50.095,50.135,49.265,49.445,1417742,0.0
2016-10-04,49.685,49.94,49.36,49.85,1595370,0.0
2016-10-05,49.74,50.415,49.71,50.405,1504134,0.0
2016-10-06,50.44,50.44,49.68,50,2266220,0.0
2016-10-09,50.115,50.435,50.05,50.27,929908,0.0
2016-10-10,50.275,50.275,49.285,49.575,1459712,0.0
2016-10-11,49.54,50.17,49.31,50.05,1579106,0.0
2016-10-12,49.74,50.03,49.43,49.865,1205350,0.0
2016-10-13,50.035,50.415,49.25,50.035,1284844,0.0
2016-10-16,50.08,50.16,49.765,49.925,1141954,0.0
2016-10-17,50.35,50.5,50.015,50.03,539104,0.0
2016-10-18,49.765,50.225,49.765,49.905,1654016,0.0
2016-10-19,49.995,50.06,49.545,49.82,1185780,0.0
2016-10-20,49.665,49.665,49.035,49.58,1693662,0.0
2016-10-23,49.99,50.39,49.87,50.25,1456872,0.0
2016-10-24,50.25,50.325,49.785,49.86,1314818,0.0
2016-10-25,49.765,50.235,49.725,50,1602164,0.0
2016-10-26,46.615,48.595,46.405,48.39,7999620,0.0
2016-10-27,48.81,49.52,48.81,49.17,4146164,0.0
2016-10-30,49.24,49.435,48.74,49.25,2245114,0.0
2016-10-31,49.37,49.565,48.945,49.28,2304894,0.0
2016-11-01,49.31,49.76,49.295,49.33,1917212,0.0
2016-11-02,49.335,49.345,49.025,49.055,1455042,0.0
2016-11-03,48.705,49.27,48.705,48.965,1582928,0.0
2016-11-06,49.86,49.965,49.475,49.78,1342696,0.0
2016-11-07,49.51,50.255,49.476,50.085,1135554,0.0
2016-11-08,48.57,50.415,48.53,50.255,1743656,0.0
2016-11-09,50.395,50.495,49.33,49.9,1918256,0.0
2016-11-10,49.745,50.355,49.595,50.275,2008582,0.0
2016-11-13,50.44,50.54,50.025,50.065,2473016,0.0
2016-11-14,50.175,50.865,50.015,50.78,2878778,0.0
2016-11-15,50.6,51.855,50.6,51.605,3941854,0.0
2016-11-16,51.535,52.655,51.535,52.535,3255174,0.0
2016-11-17,52.47,52.74,52.085,52.145,1798922,0.0
2016-11-20,51.255,52.75,51.255,52.72,1869974,0.0
2016-11-21,52.8,53.19,52.535,53.155,1518856,0.0
2016-11-22,53.1,53.8,52.745,53.8,2736814,0.0
2016-11-24,53.905,53.95,53.43,53.615,711090,0.0
2016-11-27,53.605,53.885,53.175,53.305,1394426,0.0
2016-11-28,53.38,53.6,53.185,53.27,1108918,0.0
2016-11-29,53.27,53.475,52.3,52.31,1410270,0.0
2016-11-30,52.275,52.425,51.415,51.66,1730072,0.0
2016-12-01,51.7,52.085,51.53,51.68,2077428,0.0
2016-12-04,51.84,52.275,51.665,51.815,2848114,0.0
2016-12-05,51.95,51.975,51.52,51.625,980520,0.0
2016-12-06,51.625,52.45,51.3,52.405,1224660,0.0
2016-12-07,52.28,52.535,52.115,52.35,1184048,0.0
2016-12-08,52.495,52.495,52.195,52.39,1092304,0.0
2016-12-11,52.335,52.435,52.03,52.415,797732,0.0
2016-12-12,52.705,53.275,52.245,53.05,1246730,0.0
2016-12-13,53.165,53.465,52.9,53.02,1544894,0.0
2016-12-14,53.02,53.845,52.838,53.635,1145346,0.0
2016-12-15,53.665,53.935,53.34,53.515,1463360,0.0
2016-12-18,53.485,54.09,53.37,53.68,687232,0.0
2016-12-19,53.945,54.555,53.665,54.535,1189590,0.0
2016-12-20,54.355,54.495,54.09,54.285,828226,0.0
2016-12-21,54.29,54.395,53.71,53.8,817704,0.0
2016-12-22,53.83,54.1,53.81,54,404296,0.0
2016-12-26,54.13,54.515,53.74,54.075,985462,0.0
2016-12-27,54.135,54.135,53.555,53.6,623512,0.0
2016-12-28,53.725,54.225,53.455,53.63,853214,0.0
2016-12-29,53.82,53.96,52.98,53.145,881506,0.0
2017-01-02,53.41,53.845,53.245,53.665,1383306,0.0
2017-01-03,53.675,54.365,53.655,54.325,924476,0.0
2017-01-04,54.23,54.59,54.005,54.305,1171288,0.0
2017-01-05,54.205,55.003,54.083,54.915,1091004,0.0
2017-01-08,54.88,54.945,53.905,54.05,1107354,0.0
2017-01-09,53.98,54.3,53.775,54.115,984278,0.0
2017-01-10,53.99,54.275,53.895,54.27,692120,0.0
2017-01-11,54.27,54.805,53.92,54.71,1234942,0.0
2017-01-12,54.695,55.254,54.585,55.15,995230,0.0
2017-01-16,55.155,55.75,54.88,55.22,1477470,0.0
2017-01-17,55.41,55.41,54.925,55.035,778854,0.0
2017-01-18,54.935,55.39,54.53,54.675,846096,0.0
2017-01-19,55.03,55.16,54.42,54.78,1770594,0.0
2017-01-22,54.675,54.955,54.26,54.33,1108194,0.0
2017-01-23,54.455,54.5,54.03,54.255,1681268,0.0
2017-01-24,54.4,54.675,54.22,54.27,1304038,0.0
2017-01-25,54.25,54.405,53.905,53.925,1322334,0.0
2017-01-26,54.045,54.145,53.725,54.045,1689646,0.0
2017-01-29,54.025,54.3,53.67,54.08,1387228,0.0
2017-01-30,53.97,54.125,53.52,53.715,1238974,0.0
2017-01-31,53.565,53.615,52.36,52.695,2725512,0.0
2017-02-01,52.32,52.975,52.265,52.725,2064002,0.0
2017-02-02,53.205,53.585,52.256,53.36,1609236,0.0
2017-02-05,53.255,53.445,53,53.425,1236278,0.0
2017-02-06,53.42,53.45,53.06,53.22,1469880,0.0
2017-02-07,53.305,54.18,53.1,53.9,1762204,0.0
2017-02-08,53.89,55.22,53.705,54.735,3039574,0.0
2017-02-09,54.78,55.055,54.425,54.53,1583152,0.0
2017-02-12,54.78,55.15,54.68,55.055,1497564,0.0
2017-02-13,54.78,55.18,54.74,55.07,1194582,0.0
2017-02-14,55.13,55.64,55.015,55.545,1930506,0.0
2017-02-15,55.62,55.75,55.22,55.625,1143528,0.0
2017-02-16,55.625,55.995,55.33,55.99,1312702,0.0
2017-02-20,55.24,56.268,55.24,56.195,1334152,0.0
2017-02-21,56.05,57.368,55.949,56.91,3289942,0.0
2017-02-22,57.08,57.545,56.785,57.45,1927152,0.0
2017-02-23,57.355,58.16,57.185,58.16,1388470,0.0
2017-02-26,58.02,58.35,57.725,57.78,1937930,0.0
2017-02-27,57.765,58.075,57.545,57.7,1197924,0.0
2017-02-28,58.09,58.71,57.985,58.545,1422732,0.0
2017-03-01,58.375,58.615,58.04,58.305,883194,0.0
2017-03-02,58.23,58.77,58.055,58.745,873220,0.0
2017-03-05,58.41,58.705,58.335,58.515,820020,0.0
2017-03-06,58.595,58.725,58.35,58.475,760910,0.0
2017-03-07,58.62,58.99,58.34,58.73,1596626,0.0
2017-03-08,58.835,59.015,58.44,58.725,922212,0.0
2017-03-09,59.105,59.15,58.43,58.645,1287144,0.0
2017-03-12,58.6,58.97,58.535,58.945,740130,0.0
2017-03-13,58.93,59.055,58.465,58.685,746992,0.0
2017-03-14,59.03,59.03,58.4,58.825,1097696,0.0
2017-03-15,58.88,58.965,58.355,58.63,983608,0.0
2017-03-16,58.76,59.105,58.585,58.885,1682596,0.0
2017-03-19,58.955,58.973,58.16,58.35,1094638,0.0
2017-03-20,58.56,58.675,57.76,58.09,1909748,0.0
2017-03-21,56.645,58.225,56.645,57.945,1910312,0.0
2017-03-22,57.87,58.26,57.53,57.935,1172562,0.0
2017-03-23,58.05,58.27,57.745,57.975,934304,0.0
2017-03-26,57.615,57.93,57.41,57.745,990926,0.0
2017-03-27,57.69,58.125,57.41,57.88,1540650,0.0
2017-03-28,57.795,58.045,57.565,57.965,686230,0.0
2017-03-29,57.755,58.235,57.755,57.965,626604,0.0
2017-03-30,57.76,58.01,57.645,57.66,941080,0.0
2017-04-02,57.75,58.005,57.475,57.82,1292870,0.0
2017-04-03,57.68,58.048,57.507,57.69,1099846,0.0
2017-04-04,57.84,58.495,57.68,57.785,951340,0.0
2017-04-05,57.65,57.995,57.575,57.835,664228,0.0
2017-04-06,57.945,58.07,57.68,57.91,958326,0.0
2017-04-09,57.725,58.268,57.643,57.97,891316,0.0
2017-04-10,57.85,58.13,57.56,58.125,642958,0.0
2017-04-11,57.765,58.065,57.735,57.905,820318,0.0
2017-04-12,57.995,58.29,57.585,57.59,826942,0.0
2017-04-16,57.855,58.245,57.855,58.22,631078,0.0
2017-04-17,58.08,58.305,58.015,58.17,636044,0.0
2017-04-18,58.22,58.525,58,58.275,667820,0.0
2017-04-19,58.545,58.995,58.285,58.89,820694,0.0
2017-04-20,58.85,59.285,58.7,59.205,1259808,0.0
2017-04-23,59.795,60,59.455,59.72,1362860,0.0
2017-04-24,59.835,60.045,59.62,59.8,1245936,0.0
2017-04-25,59.725,60.22,59.585,60,1600022,0.0
2017-04-26,60.425,61.455,59.775,59.94,1995098,0.0
2017-04-27,60.06,60.06,59.185,59.585,985616,0.0
2017-04-30,59.75,59.815,59.415,59.55,756666,0.0
2017-05-01,59.72,59.72,59.145,59.315,1038104,0.0
2017-05-02,59.315,59.32,58.665,59.23,1666106,0.0
2017-05-03,59.315,60.59,59.315,60.125,1478252,0.0
2017-05-04,60.17,60.34,59.63,60,841920,0.0
2017-05-07,59.99,60.11,59.705,59.925,715494,0.0
2017-05-08,60,60.1,59.695,59.865,745410,0.0
2017-05-09,59.71,59.945,59.545,59.625,832332,0.0
2017-05-10,59.485,59.95,59.05,59.93,803124,0.0
2017-05-11,59.82,59.955,59.595,59.89,627694,0.0
2017-05-14,59.815,60.47,59.815,60.45,891756,0.0
2017-05-15,60.125,60.57,59.745,59.875,1094086,0.0
2017-05-16,59.505,60.005,59.365,59.57,1119780,0.0
2017-05-17,59.65,60.185,59.475,60.02,913724,0.0
2017-05-18,60.06,60.555,59.735,60.34,1010758,0.0
2017-05-21,60.375,61.245,60.34,61.165,1070382,0.0
2017-05-22,61.455,61.585,61.03,61.17,1031052,0.0
2017-05-23,61.135,61.395,61,61.375,696724,0.0
2017-05-24,61.435,62.4,61.41,62.26,974426,0.0
2017-05-25,62.295,62.405,61.935,62.045,679850,0.0
2017-05-29,61.965,62.35,61.845,62.265,661942,0.0
2017-05-30,62.445,62.665,62.165,62.63,944016,0.0
2017-05-31,62.695,62.82,62.191,62.61,1060376,0.0
2017-06-01,62.8,62.953,62.285,62.855,1026504,0.0
2017-06-04,63,63.14,62.525,62.73,636978,0.0
2017-06-05,62.705,62.9,62.155,62.22,1688924,0.0
2017-06-06,62.25,62.58,61.99,62.55,769388,0.0
2017-06-07,62.485,62.59,61.42,61.87,1101262,0.0
2017-06-08,61.96,62.21,60.975,61.435,960008,0.0
2017-06-11,61.225,61.793,61.13,61.575,1304040,0.0
2017-06-12,61.565,62.345,61.405,62.255,825562,0.0
2017-06-13,62.52,62.775,61.845,62.31,958406,0.0
2017-06-14,61.95,62.775,61.685,62.725,819584,0.0
2017-06-15,60.87,62.795,60.87,62.325,1675956,0.0
2017-06-18,62.53,62.66,62.325,62.595,1038274,0.0
2017-06-19,62.385,62.975,62.195,62.315,1429430,0.0
2017-06-20,62.37,62.879,62.155,62.69,1875884,0.0
2017-06-21,62.61,62.81,61.975,62.45,960298,0.0
2017-06-22,62.485,62.73,62.32,62.4,1164320,0.0
2017-06-25,62.53,63.549,62.07,62.165,973166,0.0
2017-06-26,61.93,62.04,61.405,61.43,858406,0.0
2017-06-27,61.58,62.125,61.15,62.035,1129442,0.0
2017-06-28,61.81,61.82,60.186,60.805,1491980,0.0
2017-06-29,61.07,61.385,60.685,61.17,1213864,0.0
2017-07-02,61.38,61.738,60.62,60.655,563326,0.0
2017-07-04,60.745,61.36,60.638,61.175,1128730,0.0
2017-07-05,60.805,61.05,60.365,60.895,1137900,0.0
2017-07-06,61,61.735,61,61.38,752622,0.0
2017-07-09,61.445,61.55,61.225,61.4,691578,0.0
2017-07-10,61.37,61.445,60.885,61.015,1588898,0.0
2017-07-11,61.39,61.77,61.345,61.715,779384,0.0
2017-07-12,61.73,61.965,61.44,61.635,959368,0.0
2017-07-13,61.835,61.93,61.655,61.795,635706,0.0
2017-07-16,62.035,62.75,61.995,62.63,1079132,0.0
2017-07-17,62.56,62.72,62.24,62.545,806042,0.0
2017-07-18,62.705,63.015,62.5,62.87,700712,0.0
2017-07-19,62.915,63.24,62.73,63.115,716034,0.0
2017-07-20,62.89,63.63,62.89,63.355,760058,0.0
2017-07-23,63.255,63.465,62.975,63.245,835452,0.0
2017-07-24,63.25,63.595,63.035,63.203,468010,0.0
2017-07-25,63.315,63.605,63.135,63.51,405058,0.0
2017-07-26,63.445,63.73,63.18,63.485,773188,0.0
2017-07-27,63.32,63.65,62.905,63.115,538356,0.0
2017-07-30,63.41,64.285,63.313,64.25,2094786,0.0
2017-07-31,64.285,64.675,64.03,64.635,1605010,0.0
2017-08-01,62.27,64.423,61.96,61.985,3648876,0.0
2017-08-02,62.085,62.235,61.39,61.965,1494150,0.0
2017-08-03,62.2,62.2,61.43,61.52,1504442,0.0
2017-08-06,61.545,62.135,61.445,62.035,1067050,0.0
2017-08-07,61.725,62.06,61.655,61.785,672114,0.0
2017-08-08,61.635,61.94,61.32,61.66,824678,0.0
2017-08-09,61.305,61.79,61.135,61.265,778392,0.0
2017-08-10,61.44,61.715,61.37,61.425,547804,0.0
2017-08-13,61.485,62.135,61.485,62.015,682996,0.0
2017-08-14,62.015,62.46,61.875,62.355,638364,0.0
2017-08-15,62.49,62.735,61.99,62.415,886812,0.0
2017-08-16,62.05,62.17,60.501,60.545,1692460,0.0
2017-08-17,60.47,60.86,59.85,60.18,1238850,0.0
2017-08-20,60.32,60.575,60.045,60.388,1199634,0.0
2017-08-21,60.575,61.38,60.51,61.3,756224,0.0
2017-08-22,61.11,61.245,60.765,61.07,605958,0.0
2017-08-23,61.025,61.15,60.67,60.758,537102,0.0
2017-08-24,60.995,61.47,60.833,61.16,931168,0.0
2017-08-27,61.33,61.55,61.25,61.425,452574,0.0
2017-08-28,61.095,61.595,61.085,61.51,663260,0.0
2017-08-29,61.52,61.855,61.317,61.605,701120,0.0
2017-08-30,61.87,62.025,61.615,61.84,964754,0.0
2017-08-31,62.095,62.31,61.33,61.5,603590,0.0
2017-09-04,61.29,61.355,60.66,60.93,1071708,0.0
2017-09-05,61.185,61.33,60.585,61.19,1610582,0.0
2017-09-06,61.465,61.785,61.085,61.41,864020,0.0
2017-09-07,61.335,61.73,61.015,61.33,851518,0.0
2017-09-10,61.7,62.235,61.4,62.15,734684,0.0
2017-09-11,62.155,62.49,61.96,62.285,679142,0.0
2017-09-12,62.03,62.17,61.795,62,476010,0.0
2017-09-13,61.8,62.05,61.58,61.765,641528,0.0
2017-09-14,61.81,62.155,61.51,61.965,1492048,0.0
2017-09-17,61.955,62.785,61.885,62.775,1020156,0.0
2017-09-18,62.825,63.13,62.515,62.59,587054,0.0
2017-09-19,62.705,62.92,62.195,62.555,517040,0.0
2017-09-20,62.545,62.635,62.145,62.37,645390,0.0
2017-09-21,62.28,63.145,62.235,63.08,871578,0.0
2017-09-24,62.895,63.575,62.75,63.57,1406362,0.0
2017-09-25,63.805,63.955,63.5,63.74,1215454,0.0
2017-09-26,63.995,64.315,63.93,64.175,1078538,0.0
2017-09-27,63.875,64.32,63.835,64.115,860178,0.0
2017-09-28,64.06,64.805,63.933,64.47,1202958,0.0
2017-10-01,64.61,64.905,64.165,64.435,748402,0.0
2017-10-02,64.575,64.76,64.38,64.415,635556,0.0
2017-10-03,64.295,64.385,63.84,64.285,572562,0.0
2017-10-04,64.48,64.62,64.075,64.455,756788,0.0
2017-10-05,64.45,64.45,63.585,63.74,1890394,0.0
2017-10-08,63.78,63.928,63.605,63.76,1367758,0.0
2017-10-09,63.95,64.323,63.865,63.935,847152,0.0
2017-10-10,63.855,63.965,63.225,63.37,1176338,0.0
2017-10-11,63.365,63.795,63.35,63.58,2128988,0.0
2017-10-12,63.385,64,63.385,63.54,1003626,0.0
2017-10-15,63.52,63.753,63.375,63.6,808610,0.0
2017-10-16,63.54,63.705,63.155,63.31,529198,0.0
2017-10-17,63.25,63.755,63.25,63.535,709886,0.0
2017-10-18,63.475,63.885,63.32,63.77,617856,0.0
2017-10-19,64.065,64.29,63.905,64.22,749364,0.0
2017-10-22,64.345,64.6,63.915,64.005,892446,0.0
2017-10-23,64,64.235,63.57,63.7,1491390,0.0
2017-10-24,63.445,64.298,63.32,64.105,1437746,0.0
2017-10-25,64.54,64.753,64.28,64.471,486028,0.0
2017-10-26,64.355,65.1,64.235,65.09,1098570,0.0
2017-10-29,65.025,65.09,64.36,64.73,970986,0.0
2017-10-30,64.595,64.85,64.255,64.725,1969278,0.0
2017-10-31,62,62.895,60.19,62.755,9091608,0.0
2017-11-01,62.81,63.59,62.675,63.29,2405728,0.0
2017-11-02,63.23,63.55,63.07,63.515,1692750,0.0
2017-11-05,63.48,63.905,63.295,63.87,1877806,0.0
2017-11-06,63.87,63.965,63.17,63.485,1511912,0.0
2017-11-07,63.38,64.555,63.265,64.415,911624,0.0
2017-11-08,64.06,64.58,63.71,64.44,1187914,0.0
2017-11-09,64.27,64.27,63.79,64.005,614428,0.0
2017-11-12,63.985,64.285,63.69,64.08,671050,0.0
2017-11-13,63.9,64.925,63.76,64.865,944222,0.0
2017-11-14,64.765,64.915,64,64.265,1380842,0.0
2017-11-15,64.455,65.05,64.36,64.76,839012,0.0
2017-11-16,64.72,64.74,63.96,64.19,1111030,0.0
2017-11-19,64.12,64.41,63.89,64.16,909826,0.0
2017-11-20,64.355,64.375,63.895,64.13,1086804,0.0
2017-11-21,64.145,64.32,63.765,63.855,855490,0.0
2017-11-23,63.795,64.125,63.65,64.07,450370,0.0
2017-11-26,64.19,64.315,63.835,64.065,670128,0.0
2017-11-27,64.055,64.285,63.88,64.205,1242024,0.0
2017-11-28,64.185,64.495,63.795,64.365,1208400,0.0
2017-11-29,64.555,65.925,64.555,65.71,1699236,0.0
2017-11-30,65.25,65.905,64.095,65.215,1520296,0.0
2017-12-03,65.695,66.555,65.465,66.13,1600966,0.0
2017-12-04,66.12,66.285,65.31,65.44,953396,0.0
2017-12-05,65.57,65.755,65.005,65.285,972122,0.0
2017-12-06,65.155,65.7,65.01,65.595,777226,0.0
2017-12-07,65.945,66.06,65.635,65.875,627184,0.0
2017-12-10,65.7,65.915,65.565,65.915,616642,0.0
2017-12-11,66,66.16,65.545,65.61,724012,0.0
2017-12-12,65.73,66.035,65.14,65.41,1122688,0.0
2017-12-13,65.37,65.63,64.92,64.96,852324,0.0
2017-12-14,65.48,66.14,64.705,65.955,1848554,0.0
2017-12-17,66.16,66.68,66.055,66.175,842930,0.0
2017-12-18,66.265,66.45,65.7,66.09,695848,0.0
2017-12-19,66.385,66.385,65.78,65.795,801518,0.0
2017-12-20,65.935,66.135,65.24,65.31,657242,0.0
2017-12-21,65.185,65.49,65.095,65.18,446772,0.0
2017-12-25,65.2,65.775,65.02,65.7,530302,0.0
2017-12-26,65.615,65.825,65.515,65.74,619356,0.0
2017-12-27,65.95,66.05,65.58,65.98,640920,0.0
2017-12-28,65.935,66.24,65.535,65.575,551766,0.0
2018-01-01,66.165,66.165,64.91,65.174,737466,0.0
2018-01-02,65.285,65.995,65.245,65.705,747700,0.0
2018-01-03,65.895,66.7,65.895,66.63,1003378,0.0
2018-01-04,66.82,67.495,66.435,67.26,1064614,0.0
2018-01-07,67.205,67.64,66.985,67.42,859714,0.0
2018-01-08,67.425,68.37,67.215,68.145,1297176,0.0
2018-01-09,68.025,68.69,67.625,68.515,1650370,0.0
2018-01-10,68.44,68.955,68.19,68.905,1061398,0.0
2018-01-11,68.9,69.035,68.535,68.605,958252,0.0
2018-01-15,68.86,69.28,68.67,68.755,1195398,0.0
2018-01-16,69.36,69.625,69.05,69.125,2237940,0.0
2018-01-17,69.155,69.285,68.77,68.965,881442,0.0
2018-01-18,68.795,69.345,68.55,69.055,1091006,0.0
2018-01-21,69.115,70.1,69.05,70.095,954496,0.0
2018-01-22,69.585,70.54,69.475,70.2,995346,0.0
2018-01-23,70.51,70.64,69.955,70.075,1057870,0.0
2018-01-24,70.29,70.575,69.815,70.41,824926,0.0
2018-01-25,70.765,71.405,70.24,71.29,825410,0.0
2018-01-28,71.15,71.995,71.005,71.535,1169978,0.0
2018-01-29,71.585,72.1,71.245,71.275,2142960,0.0
2018-01-30,71.22,71.22,70.065,70.415,1695590,0.0
2018-01-31,70.34,70.935,69.725,70.06,1348078,0.0
2018-02-01,69.71,69.988,68.71,68.765,1365644,0.0
2018-02-04,68.85,69.29,65.005,65.05,2902730,0.0
2018-02-05,64.145,65.595,62.76,65.37,4391838,0.0
2018-02-06,64.89,65.493,64.285,64.6,3509728,0.0
2018-02-07,71.075,71.08,66.38,66.525,5533500,0.0
2018-02-08,67.4,69.22,66.885,68.76,3855516,0.0
2018-02-11,69.065,70.315,68.9,69.32,2305982,0.0
2018-02-12,68.905,69.77,68.243,69.525,1144216,0.0
2018-02-13,69.255,69.555,68.58,69.2,1576424,0.0
2018-02-14,69.55,70.245,68.94,70.23,1232892,0.0
2018-02-15,70.25,71.71,70.23,71.36,1632134,0.0
2018-02-19,70.925,71.725,70.645,70.86,1451278,0.0
2018-02-20,71.285,71.49,69.855,69.9,1496074,0.0
2018-02-21,70.085,71.4,70.085,71.065,1216848,0.0
2018-02-22,71.58,73.13,71.31,73.095,2015744,0.0
2018-02-25,73.435,73.68,72.49,72.685,1535676,0.0
2018-02-26,72.87,73.7,72.055,72.115,1935456,0.0
2018-02-27,72.505,73.005,71.69,71.69,1629904,0.0
2018-02-28,71.925,72.295,70.485,70.95,1990274,0.0
2018-03-01,70.655,72.17,70.33,71.975,1684082,0.0
2018-03-04,71.405,72.63,71.195,72.465,1182280,0.0
2018-03-05,72.495,72.56,71.795,72.105,1360220,0.0
2018-03-06,71.835,72.695,71.83,72.535,837856,0.0
2018-03-07,72.73,73.4,72.73,73.03,821422,0.0
2018-03-08,73.395,74.21,73.215,74.115,1248616,0.0
2018-03-11,74.265,74.325,73.675,73.82,1280542,0.0
2018-03-12,73.915,74.245,73.29,73.75,2975910,0.0
2018-03-13,73.97,74.17,73.41,73.795,2291800,0.0
2018-03-14,73.73,74.355,73.565,73.835,1166308,0.0
2018-03-15,74.01,74.455,73.635,74.215,1496782,0.0
2018-03-18,147.8,148.43,145.71,147.25,438133,0.0
2018-03-19,73.71,73.99,72.86,73.47,1087476,0.0
2018-03-20,73.63,74.3,73.02,73.17,1523776,0.0
2018-03-21,72.86,72.99,71.25,71.33,1123817,0.0
2018-03-22,71.29,71.89,70,70,1374454,0.0
2018-03-25,70.98,71.54,70.14,71.27,1069513,0.0
2018-03-26,71.7,71.92,69.77,70.29,1193114,0.0
2018-03-27,70.43,71.41,70.06,70.77,2011485,0.0
2018-03-28,71.25,71.9,70.1601,71.29,842741,0.0
2018-04-01,71.04,71.55,69.68,70.54,1655062,0.0
2018-04-02,70.64,71.41,70.14,70.97,1364058,0.0
2018-04-03,70.3,71.44,69.8,71.12,1879521,0.0
2018-04-04,71.71,71.92,70.93,71.23,829889,0.0
2018-04-05,70.56,71.28,69.67,69.85,875698,0.0
2018-04-08,70.1,71.19,70.02,70.12,831283,0.0
2018-04-09,70.86,71.56,70.7,71.13,1086716,0.0
2018-04-10,70.55,71.35,70.435,70.86,732548,0.0
2018-04-11,71.11,71.34,70.734,70.98,811569,0.0
2018-04-12,71.16,71.37,70.6,70.9,875023,0.0
2018-04-15,71.53,71.9,71.15,71.58,732051,0.0
2018-04-16,72.16,72.62,71.8,72.26,1356577,0.0
2018-04-17,72.47,72.49,71.84,72.12,879227,0.0
2018-04-18,71.95,72.37,71.53,71.75,730795,0.0
2018-04-19,71.68,72.11,71,71.36,870491,0.0
2018-04-22,71.42,71.74,70.88,71.09,499916,0.0
2018-04-23,71.52,71.7,70.45,70.9,1005573,0.0
2018-04-24,70.81,70.93,69.66,70.16,967571,0.0
2018-04-25,70.4,71.72,70.32,71.31,922713,0.0
2018-04-26,71.12,71.91,70.97,71.47,1174110,0.0
2018-04-29,71.51,72.15,70.82,70.88,1516786,0.0
2018-04-30,70.85,71.83,70.83,71.61,1852783,0.0
2018-05-01,71,71.559,68.86,69.02,2788557,0.0
2018-05-02,68.66,69.42,68.43,68.98,1941850,0.0
2018-05-03,68.39,69.97,68.36,69.72,1746533,0.0
2018-05-06,69.83,70.52,69.78,70.39,1175442,0.0
2018-05-07,69.95,71.2,69.31,70.43,1397498,0.0
2018-05-08,70.54,71.8,70.21,71.48,952863,0.0
2018-05-09,71.79,72.55,71.45,72.42,660935,0.0
2018-05-10,72.44,72.89,72.25,72.8,824239,0.0
2018-05-13,72.72,73.19,72.31,72.39,913227,0.0
2018-05-14,72.05,72.2,71.58,72.1,910625,0.0
2018-05-15,72.26,72.6,72.01,72.28,731760,0.0
2018-05-16,72.26,72.61,71.9,72.51,820803,0.0
2018-05-17,72.74,73.24,72.5,72.98,900381,0.0
2018-05-20,73.07,73.56,73,73.25,997483,0.0
2018-05-21,73.42,73.43,71.54,71.65,1785671,0.0
2018-05-22,71.1,71.87,70.73,71.86,1162449,0.0
2018-05-23,71.89,72.07,71.25,71.68,1183454,0.0
2018-05-24,71.68,71.96,71.61,71.77,538704,0.0
2018-05-28,71.31,71.71,70.78,71.62,1305122,0.0
2018-05-29,71.87,73.01,71.59,72.75,951225,0.0
2018-05-30,72.76,73.24,72.48,72.61,989600,0.0
2018-05-31,73.01,73.57,72.12,73.33,809604,0.0
2018-06-03,73.43,74.61,73.34,74.26,892579,0.0
2018-06-04,74.28,74.85,74.16,74.68,1155559,0.0
2018-06-05,74.89,76.07,74.89,76.06,1962082,0.0
2018-06-06,76,76.14,74.54,75.08,1909947,0.0
2018-06-07,75.11,75.53,74.75,75.47,687097,0.0
2018-06-10,75.35,75.51,75.01,75.12,627347,0.0
2018-06-11,75.05,75.95,74.72,75.85,710799,0.0
2018-06-12,75.81,76.76,75.6,75.86,1110943,0.0
2018-06-13,76.16,76.98,75.93,76.43,1517125,0.0
2018-06-14,76.62,76.69,75.85,76.49,1778439,0.0
2018-06-17,76.04,76.4165,75.48,76.22,901192,0.0
2018-06-18,75.81,76.218,75.55,76.15,914016,0.0
2018-06-19,76.36,76.75,76.14,76.22,1269173,0.0
2018-06-20,74.86,76.377,74.86,75.78,971093,0.0
2018-06-21,75.96,76.3,75.36,75.58,1322142,0.0
2018-06-24,75.54,75.55,74.11,74.39,1087611,0.0
2018-06-25,74.66,74.775,73.99,74.18,1062615,0.0
2018-06-26,74.24,74.649,73.19,73.27,1233216,0.0
2018-06-27,73.31,74.05,73.22,73.93,809145,0.0
2018-06-28,73.97,74.63,73.89,74.09,669645,0.0
2018-07-01,73.78,74.76,73.54,74.75,663870,0.0
2018-07-02,74.96,75.1,74.33,74.41,390650,0.0
2018-07-04,74.72,75.19,74.01,75.02,694810,0.0
2018-07-05,75.22,75.67,74.95,75.49,843095,0.0
2018-07-08,75.5,76.28,75.5,75.83,826599,0.0
2018-07-09,76.1,76.23,75.58,75.94,1231138,0.0
2018-07-10,75.78,76.91,75.68,76.49,899985,0.0
2018-07-11,76.81,77.57,76.81,77.54,1006928,0.0
2018-07-12,77.46,77.73,77.18,77.46,777585,0.0
2018-07-15,77.49,77.77,76.65,76.87,631093,0.0
2018-07-16,76.43,77.35,76.43,77.14,1221420,0.0
2018-07-17,77.27,77.43,76.85,77.24,713179,0.0
2018-07-18,77.18,77.56,76.875,77.44,582846,0.0
2018-07-19,77.28,77.78,76.63,77.32,918704,0.0
2018-07-22,77.05,77.5,76.8,77.37,590316,0.0
2018-07-23,77.5,77.7432,76.66,77.18,1197859,0.0
2018-07-24,77.35,77.69,77.09,77.63,1519206,0.0
2018-07-25,77.79,78.21,77.09,77.22,1166858,0.0
2018-07-26,77.34,77.6,75.83,76.12,728029,0.0
2018-07-29,75.91,76.06,74.34,74.49,1088550,0.0
2018-07-30,75.06,76.82,74.51,75.47,1794079,0.0
2018-07-31,75.48,76.54,73.87,74.76,1761510,0.0
2018-08-01,74.26,75.26,73.84,75.2,1532788,0.0
2018-08-02,75.43,76.3,74.975,76.25,1222756,0.0
2018-08-05,76.26,76.96,76.11,76.9,1056955,0.0
2018-08-06,76.68,77.41,76.53,77.05,1156270,0.0
2018-08-07,77.18,77.82,77,77.58,902327,0.0
2018-08-08,77.86,78.93,77.63,78.65,1428356,0.0
2018-08-09,78.3,80,78.3,79.25,1704511,0.0
2018-08-12,79.53,79.96,79.015,79.27,1534846,0.0
2018-08-13,78.33,79.57,78.25,79.03,1712758,0.0
2018-08-14,78.72,79.09,78.26,78.71,1338788,0.0
2018-08-15,79.18,79.18,77.65,78.93,1478961,0.0
2018-08-16,78.83,79.63,78.72,79.45,691991,0.0
2018-08-19,79.63,79.91,79.22,79.59,635963,0.0
2018-08-20,79.69,79.93,79.36,79.44,774290,0.0
2018-08-21,79.16,79.92,79,79.66,1377293,0.0
2018-08-22,79.6,79.99,79.43,79.65,1178770,0.0
2018-08-23,79.84,80.33,79.48,80.02,932006,0.0
2018-08-26,80.36,80.45,79.64,79.71,1213375,0.0
2018-08-27,79.8,79.95,77.79,78.45,2679231,0.0
2018-08-28,78.61,79.74,78.59,79.64,1140355,0.0
2018-08-29,79.56,79.8,79.4,79.56,887930,0.0
2018-08-30,79.52,80.16,79.51,80.07,985668,0.0
2018-09-03,79.83,80.12,79.291,79.98,792188,0.0
2018-09-04,80.14,80.38,79.24,79.72,1102725,0.0
2018-09-05,79.69,80.7,79.53,80.38,1024107,0.0
2018-09-06,80.34,80.55,79.74,79.92,874323,0.0
2018-09-09,80.19,80.57,79.99,80.4,1041373,0.0
2018-09-10,80.4,81.21,80.23,80.79,895956,0.0
2018-09-11,80.72,80.99,80.39,80.78,744030,0.0
2018-09-12,81.12,81.31,80.86,81.09,944824,0.0
2018-09-13,81.19,81.47,80.87,81.37,1582414,0.0
2018-09-16,81.74,81.87,80.03,80.08,1050536,0.0
2018-09-17,80.05,80.56,79.78,80.28,839799,0.0
2018-09-18,80.47,80.87,79.28,79.42,1147925,0.0
2018-09-19,79.56,80.23,79.34,80.12,1084944,0.0
2018-09-20,80.73,81.5,80,81.42,2155311,0.0
2018-09-23,80.7,81.13,80.54,80.94,989806,0.0
2018-09-24,81.2,81.88,81.155,81.7,1132529,0.0
2018-09-25,81.95,82.39,81.42,81.67,1197657,0.0
2018-09-26,81.75,82.05,81.52,81.63,1152625,0.0
2018-09-27,81.7,82.41,81.67,82.38,972761,0.0
2018-09-30,82.66,82.79,81.38,81.53,860494,0.0
2018-10-01,81.61,82.24,81.025,81.85,1032189,0.0
2018-10-02,82.21,82.38,81.65,81.66,1119637,0.0
2018-10-03,81.31,81.45,79.82,80.48,1056516,0.0
2018-10-04,80.65,81.29,80.49,81.04,978820,0.0
2018-10-07,81,81.365,79.63,80.61,909125,0.0
2018-10-08,80.67,81.5,80.29,80.77,897390,0.0
2018-10-09,80.42,80.45,76.91,76.96,1692051,0.0
2018-10-10,77.34,77.7,75.74,75.9,2027325,0.0
2018-10-11,76.59,77.39,76.1277,77.15,1422367,0.0
2018-10-14,76.85,77.67,76.28,76.75,847556,0.0
2018-10-15,77.55,79.18,77.42,78.86,1222925,0.0
2018-10-16,78.94,79.2177,78.22,79.06,772149,0.0
2018-10-17,78.78,79.59,78.11,78.51,1006873,0.0
2018-10-18,78.49,79.83,78.4,78.52,1434408,0.0
2018-10-21,78.89,79.995,78.73,79.4,1424702,0.0
2018-10-22,78.35,79.99,77.73,79.36,1749159,0.0
2018-10-23,79.2,79.55,77.01,77.17,1609059,0.0
2018-10-24,77.89,79.29,77.16,78.89,1620196,0.0
2018-10-25,76.8,78.68,76.54,77.89,1605082,0.0
2018-10-28,78.77,79.35,76.22,77.19,2294027,0.0
2018-10-29,77.42,78,76.72,77.95,2460429,0.0
2018-10-30,78.77,79.73,78.29,79.22,2304948,0.0
2018-10-31,73.92,77.7197,73.51,74.9,5209116,0.0
2018-11-01,75.47,75.78,73.96,75.02,2259644,0.0
2018-11-04,75.4,76.94,75.34,76.71,1731495,0.0
2018-11-05,76.75,77.71,76.75,77.49,1912408,0.0
2018-11-06,78.2,79.28,77.97,79.19,2236603,0.0
2018-11-07,78.99,79.82,78.6618,79.8,909461,0.0
2018-11-08,79.27,80.48,79.13,80.25,1525510,0.0
2018-11-11,79.98,80.5,78.47,78.57,1408943,0.0
2018-11-12,78.93,79.22,77.495,77.67,1192688,0.0
2018-11-13,78.28,78.69,77.34,77.76,2472202,0.0
2018-11-14,77.56,79.71,77.14,79.71,1298047,0.0
2018-11-15,79.02,80.62,78.67,80.279,1387010,0.0
2018-11-18,80.42,80.59,78.21,78.56,1421449,0.0
2018-11-19,77.88,78.1,75.84,76.08,2249261,0.0
2018-11-20,76.63,77.38,75.98,76.87,1428358,0.0
2018-11-22,76.16,77.65,76.16,76.84,634083,0.0
2018-11-25,77.62,77.8,76.71,77.42,1496660,0.0
2018-11-26,77.27,77.48,76.44,77.17,1329839,0.0
2018-11-27,77.3,79.45,77.22,79.4,1290019,0.0
2018-11-28,79.05,79.43,78.4,78.46,1259082,0.0
2018-11-29,78.64,79.32,78.38,79.12,1535714,0.0
2018-12-02,79.58,80.04,79.19,79.66,1787721,0.0
2018-12-03,79.5,80.07,76.55,76.93,2420203,0.0
2018-12-05,75.55,76.16,74.04,76.07,2885118,0.0
2018-12-06,75.56,76.57,74.32,74.73,1815682,0.0
2018-12-09,74.88,76.36,74.19,76.2,1883112,0.0
2018-12-10,77.98,78,76.52,76.751,1555303,0.0
2018-12-11,77.85,78.76,77.39,77.65,1137889,0.0
2018-12-12,77.7,78.21,76.96,77.81,1297826,0.0
2018-12-13,77.07,77.43,76.24,76.28,1564196,0.0
2018-12-16,76.29,76.53,73.94,74.42,1671313,0.0
2018-12-17,75.18,75.71,72.34,73,2335515,0.0
2018-12-18,73,75.15,71.98,72.86,2666021,0.0
2018-12-19,72.65,73.37,71.56,72.5,2642202,0.0
2018-12-20,72.16,73.73,70.195,70.89,3386129,0.0
2018-12-23,70.75,71.01,68.92,68.95,1354276,0.0
2018-12-25,69.38,71.98,68.55,71.86,1722977,0.0
2018-12-26,70.34,73.06,70,73.049,1769876,0.0
2018-12-27,73.19,73.96,72.49,72.96,1443453,0.0
2018-12-30,73.38,73.62,72.62,73.08,968781,0.0
2019-01-01,72.21,73.49,71.82,72.1,1795798,0.0
2019-01-02,71.38,71.99,70.12,70.15,2035543,0.0
2019-01-03,71.07,73.4599,70.89,73.2101,1348797,0.0
2019-01-06,73.15,74.36,72.62,73.09,1316917,0.0
2019-01-07,73.45,74.2867,72.49,73.47,1493677,0.0
2019-01-08,73.74,73.835,73.01,73.24,1413699,0.0
2019-01-09,73.18,74.36,72.99,74.345,917963,0.0
2019-01-10,73.95,74.14,73.52,74.02,898586,0.0
2019-01-13,73.22,74.275,73.12,73.91,949861,0.0
2019-01-14,74,75.35,73.88,75.02,811689,0.0
2019-01-15,70.545,72.78,68.45,72.43,41855596,0.0
2019-01-16,72.07,75.57,72.07,74.29,17528059,0.0
2019-01-17,75.11,77.85,75.06,77.845,12995039,0.0
2019-01-21,77.31,78.17,77.01,78.16,9783283,0.0
2019-01-22,78.55,80.67,78.21,80.52,9607801,0.0
2019-01-23,80.68,82.81,80.58,82.81,9463204,0.0
2019-01-24,82.93,85.12,82.22,84.915,9222429,0.0
2019-01-27,84.67,85.65,83.82,85.3,6556413,0.0
2019-01-28,85.02,85.06,83.1,83.625,4930634,0.0
2019-01-29,84.2,84.88,83.8,84.585,5930270,0.0
2019-01-30,84.79,84.79,82.65,82.885,6670560,0.0
2019-01-31,82.63,83.66,82.29,82.855,5261693,0.0
2019-02-03,82.88,84.055,82.43,84.01,3463252,0.0
2019-02-04,83.8,85.205,83.55,85.13,3969777,0.0
2019-02-05,84.82,85.12,83.9,84.57,3057724,0.0
2019-02-06,84.12,84.34,83,84.005,5323115,0.0
2019-02-07,83.89,85.6,82.9,85.56,4819537,0.0
2019-02-10,86.05,86.29,84.2783,84.51,5356813,0.0
2019-02-11,85.3,85.3,83.87,84.425,3446963,0.0
2019-02-12,84.57,84.86,83.93,84.38,4646994,0.0
2019-02-13,84.28,84.77,83.82,84.48,3062087,0.0
2019-02-14,85.03,86.115,84.55,85.92,4197174,0.0
2019-02-18,85.59,85.88,85.42,85.59,2734111,0.0
2019-02-19,85.4,85.47,84.46,84.74,2644992,0.0
2019-02-20,84.49,85.43,84.076,84.76,2693785,0.0
2019-02-21,84.94,85.45,84.75,85.03,1852032,0.0
2019-02-24,85.46,85.5,84.18,84.23,2264788,0.0
2019-02-25,84.32,84.95,84.09,84.7,2606283,0.0
2019-02-26,84.27,85.14,84.2,85.04,2131002,0.0
2019-02-27,84.89,85.38,84.66,84.69,1838461,0.0
2019-02-28,85.11,86.67,84.94,86.4,3179936,0.0
2019-03-03,87.03,87.22,85.1,85.55,2419073,0.0
2019-03-04,85.63,85.94,85.25,85.6,1683768,0.0
2019-03-05,85.7,86.09,84.95,85.38,1833732,0.0
2019-03-06,85.21,85.65,84.53,85.01,2878128,0.0
2019-03-07,84.25,85.16,84.02,84.88,1985188,0.0
2019-03-10,84.99,86.26,84.92,86.01,2395017,0.0
2019-03-11,86.36,86.42,85.5,86.09,3143307,0.0
2019-03-12,86.48,87,85.73,86.08,2731273,0.0
2019-03-13,86.24,86.32,85.19,85.51,3911483,0.0
2019-03-14,86.35,87.26,86.15,86.24,3180852,0.0
2019-03-17,86.81,87.03,84.58,85.09,5110928,0.0
2019-03-18,85.27,85.5,84.13,84.62,4583035,0.0
2019-03-19,84.45,84.63,83.31,83.72,4356797,0.0
2019-03-20,83.65,86.105,83.53,86.07,4435689,0.0
2019-03-21,85.78,86.29,85.15,85.58,3641718,0.0
2019-03-24,85.37,85.615,84.86,85.26,1737098,0.0
2019-03-25,85.64,86.94,85.42,86.93,2991784,0.0
2019-03-26,87.01,88.03,86.63,87.66,3236897,0.0
2019-03-27,87.81,88.09,87.01,87.78,1982312,0.0
2019-03-28,88.45,88.65,87.55,88.3,3485621,0.0
2019-03-31,88.98,89.48,88.12,89.3,1093392,0.0
2019-04-01,89.535,90.175,89.265,89.79,2864212,0.0
2019-04-02,90.36,91.19,89.7,90.64,2709463,0.0
2019-04-03,90.67,90.84,89.41,90.07,2220189,0.0
2019-04-04,90.39,90.6,89.62,89.86,1730310,0.0
2019-04-07,89.63,89.63,87.98,88.33,6091968,0.0
2019-04-08,87.85,88.56,87.68,88.22,3891812,0.0
2019-04-09,88.12,88.38,86.3,86.75,6119556,0.0
2019-04-10,87.09,87.17,85.32,85.57,8062505,0.0
2019-04-11,86.04,86.82,85.25,86.29,5250420,0.0
2019-04-14,86.45,87.06,85.65,86.53,3696901,0.0
2019-04-15,86.66,86.7092,84.95,85,4563276,0.0
2019-04-16,85.26,85.58,84.96,85.29,2482646,0.0
2019-04-17,85.92,85.92,85.01,85.04,3059257,0.0
2019-04-21,84.61,85.79,84.52,85.79,3494574,0.0
2019-04-22,85.76,87.35,85.26,87.07,2601016,0.0
2019-04-23,86.92,87.075,85.87,86.47,2080257,0.0
2019-04-24,86.54,86.76,85.67,86.28,2548265,0.0
2019-04-25,86.41,86.74,84.96,85.37,2358660,0.0
2019-04-28,85.37,85.6,84.315,85.06,6610303,0.0
2019-04-29,86.25,89.21,86.18,87.219,5978067,0.0
2019-04-30,85.75,87.81,84.78,85.89,7338659,0.0
2019-05-01,85.69,86.285,84.63,85.47,2429190,0.0
2019-05-02,85.89,86.97,85.44,86.73,2819011,0.0
2019-05-05,85.82,88.03,85.105,87.8,3010372,0.0
2019-05-06,87.13,87.36,84.985,85.54,2657120,0.0
2019-05-07,85.3,85.82,84.91,85.43,1834578,0.0
2019-05-08,81.91,84.93,81.62,84.72,10612767,0.0
2019-05-09,84.45,85.25,83.13,85.25,2348537,0.0
2019-05-12,83.6,84.25,83.05,83.34,2863720,0.0
2019-05-13,83.66,85.36,83.43,84.45,2619622,0.0
2019-05-14,84.12,86,83.8,85.87,2703969,0.0
2019-05-15,86.72,87.84,85.99,87.81,3109172,0.0
2019-05-16,87.33,87.59,86.91,87.31,2424363,0.0
2019-05-19,86.55,87.85,86.34,87.18,3400655,0.0
2019-05-20,88.14,88.995,87.78,88.41,2910739,0.0
2019-05-21,88.41,89.66,88.115,89.6,2884073,0.0
2019-05-22,88.82,88.97,86.37,87.2,2615924,0.0
2019-05-23,87.72,88.16,86.495,86.9,1877411,0.0
2019-05-27,87.33,87.88,86.74,86.97,2514869,0.0
2019-05-28,86.65,86.91,85.95,86.83,2075317,0.0
2019-05-29,86.96,87.71,86.61,87.13,1643015,0.0
2019-05-30,86.3,86.77,85.19,85.9,3311335,0.0
2019-06-02,86.09,86.46,82.24,82.68,4874266,0.0
2019-06-03,84.23,86.23,83.53,86.18,4043251,0.0
2019-06-04,87.45,88.45,87.04,88.36,2614649,0.0
2019-06-05,88.27,89.44,88.01,89.41,3884170,0.0
2019-06-06,90,90.72,89.6,89.74,3037098,0.0
2019-06-09,90.1,91.09,89.43,90.58,2137138,0.0
2019-06-10,91.27,91.38,88.14,89.66,2453775,0.0
2019-06-11,89.71,90.1,88.9,89.77,2534554,0.0
2019-06-12,90.08,90.49,88.33,88.67,3592553,0.0
2019-06-13,88.7,89.34,88.35,89.2,3185806,0.0
2019-06-16,89.17,89.585,88.18,88.97,1752031,0.0
2019-06-17,89.36,90.09,88.28,89.11,2054420,0.0
2019-06-18,89.78,90.1,88.48,89.99,2267004,0.0
2019-06-19,90.79,91.79,90.29,91.68,2469067,0.0
2019-06-20,92.16,92.29,91.04,91.5,3106239,0.0
2019-06-23,91.86,92.09,90.63,90.81,1729447,0.0
2019-06-24,90.87,91.02,89.73,90.28,2072552,0.0
2019-06-25,91.22,92.2,90.14,90.21,2230149,0.0
2019-06-26,90.34,91.28,90.12,90.85,2038604,0.0
2019-06-27,91.34,91.38,90.47,91.13,2619990,0.0
2019-06-30,92.3,92.69,91.33,92.51,2702647,0.0
2019-07-01,92.54,93.61,92.15,93.605,2613542,0.0
2019-07-02,94.37,94.44,93.66,94.18,1326389,0.0
2019-07-04,93.34,94.48,92.51,94.46,1391032,0.0
2019-07-07,94.1,94.6,93.52,93.58,2163784,0.0
2019-07-08,92.82,93.9,92.28,93.82,2881953,0.0
2019-07-09,94.36,94.89,93.3,93.86,2460235,0.0
2019-07-10,93.8,94.3,93.17,93.69,2661822,0.0
2019-07-11,93.87,94.64,93.33,94.5,2067973,0.0
2019-07-14,94.94,95.42,94.4,94.75,1992677,0.0
2019-07-15,94.72,95.22,93.655,93.92,1895394,0.0
2019-07-16,94.11,94.7,93.6,94.12,2411310,0.0
2019-07-17,94.17,96.98,94,96.88,7964654,0.0
2019-07-18,96.72,97.25,94.9,95.38,4221727,0.0
2019-07-21,95.83,96.16,95.2,95.295,2167751,0.0
2019-07-22,95.77,95.77,94.33,95.29,2906306,0.0
2019-07-23,95.07,95.29,92.86,94.17,3333204,0.0
2019-07-24,95.47,97.18,94.5,96.35,6747371,0.0
2019-07-25,98.97,104.31,98.51,102.6,16005788,0.0
2019-07-28,102.71,105.015,102.49,104.69,12090190,0.0
2019-07-29,102.78,104.22,102.78,103.91,8666121,0.0
2019-07-30,104.84,106.88,103.9696,105.42,7198464,0.0
2019-07-31,107.06,107.06,104.18,104.67,4719378,0.0
2019-08-01,103.9,104.83,103.2451,104.33,3417519,0.0
2019-08-04,102.73,103.36,99.55,100.45,4375160,0.0
2019-08-05,101.18,103.3,101.14,103.01,3631892,0.0
2019-08-06,101.79,105.495,101.17,104.98,4066433,0.0
2019-08-07,105.92,106.2,105.01,105.43,3901004,0.0
2019-08-08,105.135,105.55,104.05,105.31,2937993,0.0
2019-08-11,104.93,105.73,103.5,104.26,3112181,0.0
2019-08-12,104.25,105.82,103.85,105.82,3777419,0.0
2019-08-13,104.64,105.245,101.67,102.39,2813080,0.0
2019-08-14,102.52,105.93,101.9854,105.49,4010372,0.0
2019-08-15,106.42,107.48,105.537,107.27,5110226,0.0
2019-08-18,108.1,108.57,106.67,107.77,2544195,0.0
2019-08-19,107.54,108,106.85,106.98,1941570,0.0
2019-08-20,107.77,108,106.93,107.57,1953830,0.0
2019-08-21,107.99,108.535,106.95,108.16,1625317,0.0
2019-08-22,107.81,108.19,104.34,104.67,2920565,0.0
2019-08-25,105.51,106.41,105.04,106.41,2157301,0.0
2019-08-26,107.19,107.34,106.09,106.95,1704769,0.0
2019-08-27,106.38,106.96,105.76,106.69,1183474,0.0
2019-08-28,107.85,108.28,107.32,107.6,1646980,0.0
2019-08-29,108.05,108.32,106.32,106.93,1981213,0.0
2019-09-02,107.09,107.21,105.62,105.84,2045792,0.0
2019-09-03,106.36,106.66,105.76,106.29,1651340,0.0
2019-09-04,107.63,108.82,106.88,108.72,3498173,0.0
2019-09-05,108.67,109.9151,108.56,108.63,3192621,0.0
2019-09-08,108.81,109.2,105.92,106.67,3159595,0.0
2019-09-09,105.72,106.19,101.9,103.69,3720711,0.0
2019-09-10,103.3,103.72,101.3409,101.98,3575324,0.0
2019-09-11,103.29,104.81,102.93,103.89,3564918,0.0
2019-09-12,103.76,103.98,102.06,102.57,2256863,0.0
2019-09-15,101.78,104.3218,101.5,103.63,2032952,0.0
2019-09-16,104.55,105.25,104.06,104.84,1953948,0.0
2019-09-17,105,105,102.67,104.2,2370270,0.0
2019-09-18,104.02,105.84,104.01,104.85,2824388,0.0
2019-09-19,105.06,106.09,103.875,104,3989938,0.0
2019-09-22,103.38,105.24,103.38,105.05,2786300,0.0
2019-09-23,105.34,106.76,103.54,103.76,3952261,0.0
2019-09-24,104.18,104.51,102.33,103.96,2198584,0.0
2019-09-25,104.19,105.33,103.81,105.09,2306468,0.0
2019-09-26,105.71,105.785,102.12,102.62,2611643,0.0
2019-09-29,102.7,103.805,102.6701,103.63,1540383,0.0
2019-09-30,103.93,104.58,102.72,103.16,1621854,0.0
2019-10-01,102.27,102.34,99.75,100.96,3089954,0.0
2019-10-02,101.03,103.23,100.18,103.03,2233593,0.0
2019-10-03,103.66,105.86,103.64,105.7,5872121,0.0
2019-10-06,105,105.31,104.02,104.6,4224778,0.0
2019-10-07,103.74,104.5,102.17,103.13,4079706,0.0
2019-10-08,103.52,105.09,103.22,104.7,3093724,0.0
2019-10-09,104.04,105.56,103.64,105.17,2240046,0.0
2019-10-10,106.09,106.76,105.43,105.67,3214750,0.0
2019-10-13,105.9,106.66,105.6,106.05,3422501,0.0
2019-10-14,106.85,107.1,105.92,106.92,4765238,0.0
2019-10-15,106.1,106.71,105.02,106.54,3642589,0.0
2019-10-16,106.53,107.11,105.91,106.22,3300975,0.0
2019-10-17,107.16,107.23,104.59,105.62,6914699,0.0
2019-10-20,105.56,105.58,103.21,104.43,2269014,0.0
2019-10-21,104.25,104.655,100.03,100.82,3846894,0.0
2019-10-22,100.49,101.56,100.29,101.11,2822553,0.0
2019-10-23,101.71,103.58,101.28,103.44,2126440,0.0
2019-10-24,102.79,103.43,101.77,102.53,1886903,0.0
2019-10-27,103.03,103.38,102.01,102.47,1370819,0.0
2019-10-28,102.39,106.8593,102.12,105.35,3608997,0.0
2019-10-29,105.27,106.53,104.37,106.26,1962540,0.0
2019-10-30,106.41,107.44,105.67,106.14,2680207,0.0
2019-10-31,106.8,107.03,105.71,106.84,1644511,0.0
2019-11-03,107.57,107.59,105.13,105.29,1896992,0.0
2019-11-04,105.3,105.82,102.84,104.01,2546962,0.0
2019-11-05,103.9,105.04,103.44,104.88,2532134,0.0
2019-11-06,108,111.455,106.61,109.65,8092009,0.0
2019-11-07,109.01,110.66,108.8,110.62,3661473,0.0
2019-11-10,110.47,111.26,108.68,110.27,3011984,0.0
2019-11-11,110.58,111.3209,109.92,110.63,2123486,0.0
2019-11-12,110.39,111.75,110.34,111.34,2992028,0.0
2019-11-13,112.32,114.29,110.81,114.1,3347193,0.0
2019-11-14,114.88,115,112.2,113.87,3045363,0.0
2019-11-17,114.32,115,113.72,114.51,1941081,0.0
2019-11-18,114.9,116.24,114.23,116.04,1828481,0.0
2019-11-19,115.61,116.76,114.82,115.35,1834214,0.0
2019-11-20,115.78,116.2,113.84,114.08,2010225,0.0
2019-11-21,114.04,114.39,112.63,113.92,2231616,0.0
2019-11-24,114.03,115.1,114.03,114.74,1643483,0.0
2019-11-25,114.74,116.95,114.51,116.23,2886564,0.0
2019-11-26,116.17,116.35,114.54,116.29,1617256,0.0
2019-11-28,116.12,117.04,115.86,116.24,912716,0.0
2019-12-01,116.14,116.37,112.97,114.36,2138161,0.0
2019-12-02,114.59,114.97,113.35,114.44,1784047,0.0
2019-12-03,114.58,115.25,114.2268,114.79,1513942,0.0
2019-12-04,115.11,115.54,114.1,114.79,1515096,0.0
2019-12-05,115.55,115.89,114.29,114.5,1754377,0.0
2019-12-08,114.39,115.49,114.15,114.74,1571544,0.0
2019-12-09,114.1,114.98,113.52,113.85,1375801,0.0
2019-12-10,113.9,114.73,112.6001,114.61,2226399,0.0
2019-12-11,114.32,115.46,113.91,115.18,1467073,0.0
2019-12-12,114.83,116.89,113.6,116.77,2004170,0.0
2019-12-15,117.1,118,115.58,116.53,1857117,0.0
2019-12-16,116.95,117.15,115.66,116.78,1498305,0.0
2019-12-17,116.62,117.15,115.76,115.89,1476851,0.0
2019-12-18,116.14,116.7,115.745,116.52,1472741,0.0
2019-12-19,117.08,117.2,115.89,116.69,3461436,0.0
2019-12-22,116.59,117.01,115.83,116.37,975533,0.0
2019-12-23,116.04,116.63,115.63,116.62,429537,0.0
2019-12-25,116.5,116.78,115.54,116.03,1048345,0.0
2019-12-26,116.31,117.22,115.29,117.07,1267364,0.0
2019-12-29,116.61,116.71,115.13,115.47,1227824,0.0
2019-12-30,115.37,115.76,114.65,115.619,1657799,0.0
2020-01-01,116,116.3425,115.02,115.5,4465867,0.0
2020-01-02,115.03,116.73,114.5,116.37,2135553,0.0
2020-01-05,115.18,116.97,114.86,116.94,1548832,0.0
2020-01-06,116.26,117.33,115.19,116.43,1886381,0.0
2020-01-07,116.56,117.685,116.56,116.78,2489506,0.0
2020-01-08,117.54,118.01,117.12,117.81,2197488,0.0
2020-01-09,118.48,118.7,116.95,117.14,1669179,0.0
2020-01-12,117.34,118.61,116.86,118.49,2336665,0.0
2020-01-13,118.31,118.53,117.28,117.56,1832484,0.0
2020-01-14,117.93,119.31,117.71,118.54,1583997,0.0
2020-01-15,119.52,120.27,118.93,120.25,1414444,0.0
2020-01-16,120.79,120.86,119.77,120.68,2858080,0.0
2020-01-20,120.6,121.61,120.34,120.58,3285335,0.0
2020-01-21,121.3,122.52,121.28,122.05,3084037,0.0
2020-01-22,122.05,122.51,121.04,122.26,2856753,0.0
2020-01-23,122.58,122.93,120.5268,120.89,2872858,0.0
2020-01-26,118.7,120.37,118.2182,119.3,1079774,0.0
2020-01-27,119.3,121.14,119.06,120.42,1962213,0.0
2020-01-28,120.85,121.05,119.69,120.05,1611529,0.0
2020-01-29,119,121.34,118.27,121.21,1826779,0.0
2020-01-30,120.59,120.82,118.11,118.63,2754934,0.0
2020-02-02,119.96,122.08,119.51,121.94,2407311,0.0
2020-02-03,123.62,125.05,123,123.98,2949131,0.0
2020-02-04,123,124.24,119.67,121.67,5077523,0.0
2020-02-05,120.75,122,120.415,121.68,2917988,0.0
2020-02-06,120.7,122.13,120.29,121.86,1978554,0.0
2020-02-09,121.42,123.55,121.17,123.21,2146922,0.0
2020-02-10,123.81,124.61,120.54,120.75,2628027,0.0
2020-02-11,120.48,121.07,119.01,119.13,3367369,0.0
2020-02-12,118.85,122.34,118.71,121.05,2891526,0.0
2020-02-13,121.12,122.36,120.7,122.32,1965834,0.0
2020-02-17,122.95,123.72,121.67,122.25,2081788,0.0
2020-02-18,122.65,123.78,122.4,123.56,2493825,0.0
2020-02-19,123.3,123.4802,120.25,121.84,2432969,0.0
2020-02-20,121.52,121.79,118.64,119.49,2729065,0.0
2020-02-23,116.58,118.88,116.04,116.57,2942523,0.0
2020-02-24,116.79,117.275,113.05,113.25,3512155,0.0
2020-02-25,113.8,115.26,112.07,112.87,3013681,0.0
2020-02-26,110.79,112.74,108.16,108.41,5755669,0.0
2020-02-27,105.12,109.51,104.58,109.38,5916175,0.0
2020-03-01,108.64,114.29,107.175,114.265,4173822,0.0
2020-03-02,113,114.95,108.385,109.29,4283963,0.0
2020-03-03,111,112.91,109.38,112.16,4264728,0.0
2020-03-04,109.23,111.53,107.64,109.26,3938626,0.0
2020-03-05,103.98,107.38,103.07,106.83,3625791,0.0
2020-03-08,99.87,103,98.11,99.96,4479229,0.0
2020-03-09,102.75,107.09,99.1,107.05,11876714,0.0
2020-03-10,103.8,108.04,101.88,102.14,16090252,0.0
2020-03-11,95.2,101.11,93.58,95,10720463,0.0
2020-03-12,100.16,103.65,95.36,103.44,6748428,0.0
2020-03-15,93.69,94.81,84.76,86.17,18368064,0.0
2020-03-16,88.45,91.17,83.91,90.69,6294469,0.0
2020-03-17,84.67,86.92,75.91,80.95,8148361,0.0
2020-03-18,80.5,85.99,73.5,84.46,16434736,0.0
2020-03-19,87.11,89.59,81.135,81.7,17582184,0.0
2020-03-22,81.42,81.73,74.85,77,16545472,0.0
2020-03-23,81.62,87.38,80.7399,86.65,6059234,0.0
2020-03-24,86.6,94.59,85.09,91.1,4923616,0.0
2020-03-25,92.23,98.35,90.4969,97.82,4440050,0.0
2020-03-26,94.54,96.79,92.02,93.95,5195643,0.0
2020-03-29,93.95,98.735,93.7446,98.33,3683493,0.0
2020-03-30,95.88,97.99,94.08,95.01,9794747,0.0
2020-03-31,91,92,87.44,88.01,6942866,0.0
2020-04-01,85.92,89.41,85,88.93,3490868,0.0
2020-04-02,88.27,89.7194,84.37,86.19,5069234,0.0
2020-04-05,91.58,96.53,90.13,95.86,11047728,0.0
2020-04-06,99.8965,100.425,94.47,94.54,3137007,0.0
2020-04-07,95.68,98.83,94.53,98.37,2480741,0.0
2020-04-08,100.0955,101.82,97.91,99.22,2758022,0.0
2020-04-12,97.99,98.4,94.61,96.96,4921752,0.0
2020-04-13,98.8018,98.8018,95.36,96.8,9023860,0.0
2020-04-14,94.76,95.39,92.83,93.66,17384098,0.0
2020-04-15,95.11,96.05,93.02,95.73,12858604,0.0
2020-04-16,98.89,100.765,98,100.62,10712295,0.0
2020-04-19,98.83,99.78,96.83,97.27,9312174,0.0
2020-04-20,94.87,95.6,91.4,91.82,10025475,0.0
2020-04-21,94.29,95.75,93.33,95.46,6819193,0.0
2020-04-22,94.95,96.65,93.79,94.61,5941322,0.0
2020-04-23,95.29,96.69,93.62,96.29,5116544,0.0
2020-04-26,97.49,99.38,96.48,99.2,7906730,0.0
2020-04-27,100.84,101.2,99.01,99.77,4216108,0.0
2020-04-28,102,105.58,101.68,104.76,4066492,0.0
2020-04-29,103.93,104.26,102.09,103.12,4716166,0.0
2020-04-30,101.19,102.15,99.67,100.33,2323712,0.0
2020-05-03,99.43,101.7,99,101.54,3062986,0.0
2020-05-04,102.13,105.12,102.06,103.85,2926006,0.0
2020-05-05,105,107.06,104.42,105.45,3273968,0.0
2020-05-06,105.49,108.37,105.05,107.48,7090610,0.0
2020-05-07,106.69,108.83,103.42,104.78,16162593,0.0
2020-05-10,104.12,104.34,101.5,101.7,6098128,0.0
2020-05-11,101.96,102.54,100.07,100.26,12959410,0.0
2020-05-12,99.48,101.19,97.5,98.87,10080004,0.0
2020-05-13,99.69,99.87,96.94,99.33,10213628,0.0
2020-05-14,99.2936,100.64,98.19,100,3115750,0.0
2020-05-17,102.15,106.51,101.8,105.05,8940682,0.0
2020-05-18,104.59,106.16,101.89,102.48,11140904,0.0
2020-05-19,104.04,106.04,103.44,105.84,3834082,0.0
2020-05-20,105.49,105.55,103.07,103.58,2432609,0.0
2020-05-21,103.56,104.49,102.93,103.89,5330952,0.0
2020-05-25,106.61,106.88,104.33,105.24,3564788,0.0
2020-05-26,105.76,106.32,102.94,105.38,5929400,0.0
2020-05-27,105.8,107.69,104.965,106.2,6042958,0.0
2020-05-28,106.56,107.07,104.71,106.77,3421354,0.0
2020-05-31,106.33,109.085,106.33,108.9,3106844,0.0
2020-06-01,108.94,109.5,106.79,107.81,6543564,0.0
2020-06-02,108.792,109.25,106.9101,108.82,3474012,0.0
2020-06-03,108.47,108.84,105.04,105.77,7518614,0.0
2020-06-04,107.48,109.8427,106.22,109.63,5558456,0.0
2020-06-07,109.14,109.71,106.32,106.77,7399182,0.0
2020-06-08,106.98,108.76,106.75,107.4,8079828,0.0
2020-06-09,107.55,108.405,105.13,106.67,3887831,0.0
2020-06-10,105.25,105.4,98.83,99.85,6148160,0.0
2020-06-11,102.4,102.62,99.35,99.37,3239106,0.0
2020-06-14,99.15,100.93,97.6,100.01,7188117,0.0
2020-06-15,102.74,104.25,101.42,103.24,6864496,0.0
2020-06-16,103.64,104.31,102.17,103.13,2750507,0.0
2020-06-17,103.45,104.36,102.38,104.01,2632770,0.0
2020-06-18,105.34,105.34,100.11,100.11,9814488,0.0
2020-06-21,99.79,102.5027,99.49,101.28,3279950,0.0
2020-06-22,102.33,103.19,101.1017,101.97,3100314,0.0
2020-06-23,101.02,101.6,96.35,96.601,5083673,0.0
2020-06-24,96.63,97.74,96.05,97.42,3389588,0.0
2020-06-25,97.24,97.9,94.5,95,5584444,0.0
2020-06-28,95.16,97.04,93.75,96.98,4432656,0.0
2020-06-29,96.28,98.02,96.01,97.53,3314526,0.0
2020-06-30,97.88,98.98,96.96,98.51,2641945,0.0
2020-07-01,100,100.72,98.06,98.27,2247129,0.0
