Date,Open,High,Low,Close,Volume,OpenInterest
2016-07-13,28.72,28.81,28.52,28.61,1259710,0.0
2016-07-14,28.88,28.88,28.33,28.58,2141257,0.0
2016-07-17,28.59,28.73,28.51,28.57,1320055,0.0
2016-07-18,28.43,28.57,28.33,28.45,1729202,0.0
2016-07-19,28.44,28.48,27.62,27.8,4647920,0.0
2016-07-20,27.69,27.93,27.51,27.72,3042182,0.0
2016-07-21,27.9,27.9,27.62,27.76,2067233,0.0
2016-07-24,27.71,27.77,27.41,27.44,1299815,0.0
2016-07-25,27.5,27.6,27.2,27.41,1162332,0.0
2016-07-26,27.48,27.48,27.26,27.42,1487500,0.0
2016-07-27,27.31,27.44,27.07,27.07,2989171,0.0
2016-07-28,27.13,27.15,26.875,27.03,1257767,0.0
2016-07-31,27.06,27.3,26.85,27.13,1932396,0.0
2016-08-01,27.06,27.22,26.96,27.035,1321894,0.0
2016-08-02,27.04,27.47,26.75,27.415,1762456,0.0
2016-08-03,26.33,26.85,25.92,26.21,4629625,0.0
2016-08-04,26.43,26.6,26.28,26.43,2870822,0.0
2016-08-07,26.39,26.4,26.105,26.225,2422674,0.0
2016-08-08,26.19,26.27,25.99,26.175,2903824,0.0
2016-08-09,26.25,26.31,25.96,26.19,2343498,0.0
2016-08-10,26.32,26.68,26.2,26.63,1901718,0.0
2016-08-11,26.55,26.815,26.5,26.58,1490511,0.0
2016-08-14,26.63,26.65,26.29,26.3,1511547,0.0
2016-08-15,26.28,26.3,26.12,26.14,2446369,0.0
2016-08-16,26.19,26.27,26.01,26.19,3624512,0.0
2016-08-17,26.23,26.23,25.75,25.82,3354486,0.0
2016-08-18,25.89,25.9,25.59,25.81,2774051,0.0
2016-08-21,25.8,25.98,25.67,25.7,2011186,0.0
2016-08-22,25.85,25.92,25.42,25.445,1694170,0.0
2016-08-23,25.48,25.57,25.255,25.335,1835103,0.0
2016-08-24,25.35,25.44,25.035,25.11,1351196,0.0
2016-08-25,25.24,25.3,24.9,25.015,1691237,0.0
2016-08-28,25.04,25.28,25.01,25.06,3079299,0.0
2016-08-29,25.2,25.2,24.85,24.87,2178999,0.0
2016-08-30,24.77,25.035,24.77,24.855,3027276,0.0
2016-08-31,24.8,24.94,24.7,24.75,3085840,0.0
2016-09-01,25.02,25.02,24.71,24.75,2661612,0.0
2016-09-05,24.81,24.81,24.3,24.7,3627786,0.0
2016-09-06,24.71,24.81,24.54,24.57,3497243,0.0
2016-09-07,24.64,25.08,24.5201,25.04,9040148,0.0
2016-09-08,24.81,24.92,24.08,24.12,5014963,0.0
2016-09-11,23.92,24.805,23.91,24.66,6166674,0.0
2016-09-12,24.5,24.58,24.05,24.2,4277013,0.0
2016-09-13,24.23,24.44,24.06,24.19,2914426,0.0
2016-09-14,24.09,24.46,23.97,24.33,5164931,0.0
2016-09-15,24.13,24.32,23.88,24.28,5725987,0.0
2016-09-18,24.38,24.455,24.17,24.29,2366944,0.0
2016-09-19,24.34,24.46,24.205,24.235,3314932,0.0
2016-09-20,24.27,24.375,24.09,24.3,5640241,0.0
2016-09-21,24.48,24.82,24.37,24.74,3257868,0.0
2016-09-22,24.68,24.81,24.48,24.485,2348025,0.0
2016-09-25,24.4,24.47,24.16,24.31,2268091,0.0
2016-09-26,24.36,24.82,24.33,24.8,1956670,0.0
2016-09-27,24.79,25.05,24.75,24.89,1866982,0.0
2016-09-28,24.82,24.97,24.58,24.62,1440712,0.0
2016-09-29,24.74,24.97,24.65,24.74,2390973,0.0
2016-10-02,24.69,25.25,24.61,25.18,2131225,0.0
2016-10-03,25.13,25.44,25.01,25.15,2241120,0.0
2016-10-04,25.27,25.32,25.005,25.01,1968095,0.0
2016-10-05,24.92,25.11,24.74,24.9,1185944,0.0
2016-10-06,25,25.77,24.56,24.67,1342126,0.0
2016-10-09,24.76,25.08,24.75,25,1140773,0.0
2016-10-10,25.03,25.08,24.72,24.82,2795680,0.0
2016-10-11,24.77,24.9,24.635,24.77,2441140,0.0
2016-10-12,24.54,24.84,24.405,24.76,2530656,0.0
2016-10-13,24.81,25.035,24.74,24.865,2798693,0.0
2016-10-16,24.85,24.96,24.77,24.8,1991325,0.0
2016-10-17,25.04,25.22,24.915,25.07,2338454,0.0
2016-10-18,25.18,25.57,25.1,25.32,2585507,0.0
2016-10-19,25.19,25.49,25.04,25.355,6725772,0.0
2016-10-20,25.23,26.15,25.11,25.905,3774445,0.0
2016-10-23,26.11,26.27,25.48,25.665,2814782,0.0
2016-10-24,25.68,25.835,25.6,25.71,1627718,0.0
2016-10-25,25.71,26.58,25.61,26.51,2673996,0.0
2016-10-26,26.57,26.61,26.12,26.235,2074933,0.0
2016-10-27,26.21,26.42,26.14,26.24,2616733,0.0
2016-10-30,26.3,26.5,26.235,26.385,3940743,0.0
2016-10-31,26.41,26.41,25.99,26.185,6260846,0.0
2016-11-01,26.21,26.23,25.7,25.765,4886709,0.0
2016-11-02,26.7,27.7,26.66,27.53,8916579,0.0
2016-11-03,27.22,27.47,26.66,26.69,7946100,0.0
2016-11-06,27.19,27.22,26.86,27.18,3352981,0.0
2016-11-07,27.22,27.295,26.84,27.08,4136557,0.0
2016-11-08,26.4,27.46,26.301,27.33,5603024,0.0
2016-11-09,27.35,27.64,26.99,27.16,3845146,0.0
2016-11-10,27.11,27.14,26.7,27,3279195,0.0
2016-11-13,27.03,27.38,26.99,27.33,3714039,0.0
2016-11-14,27.3,27.48,27.21,27.39,2751233,0.0
2016-11-15,27.39,27.55,27.275,27.48,1876618,0.0
2016-11-16,27.36,27.81,27.31,27.81,1923101,0.0
2016-11-17,27.74,27.91,27.645,27.705,2655475,0.0
2016-11-20,27.73,27.75,27.54,27.72,1809339,0.0
2016-11-21,27.83,28.19,27.68,28.13,2280274,0.0
2016-11-22,28.15,28.36,28.03,28.28,2605072,0.0
2016-11-24,28.21,28.3,28.13,28.26,1766050,0.0
2016-11-27,28.16,28.31,27.99,28.19,2906756,0.0
2016-11-28,28.29,28.415,28.13,28.35,2717556,0.0
2016-11-29,28.32,28.44,27.985,28.06,3217210,0.0
2016-11-30,28.01,28.27,27.89,28.08,2782470,0.0
2016-12-01,28.13,28.19,27.21,27.36,1573202,0.0
2016-12-04,27.49,27.57,26.82,27.53,2906616,0.0
2016-12-05,27.5,27.63,27.19,27.37,3584177,0.0
2016-12-06,27.22,27.97,27.22,27.95,3985818,0.0
2016-12-07,28.01,28.49,27.98,28.48,2470280,0.0
2016-12-08,28.54,29.63,27.42,27.92,12500132,0.0
2016-12-11,27.78,27.78,25.935,26.2,6942964,0.0
2016-12-12,26.27,26.91,26.23,26.895,4816402,0.0
2016-12-13,26.94,27.84,26.92,27.61,7959832,0.0
2016-12-14,27.68,27.8,27.22,27.385,5423664,0.0
2016-12-15,27.45,28.08,27.31,27.74,8745354,0.0
2016-12-18,27.81,27.9,27.54,27.62,2236172,0.0
2016-12-19,27.65,27.92,27.51,27.59,2458041,0.0
2016-12-20,27.62,27.75,27.465,27.74,3178631,0.0
2016-12-21,27.6,27.795,27.5,27.745,3406720,0.0
2016-12-22,27.78,27.8,27.57,27.695,1220213,0.0
2016-12-26,27.82,27.99,27.69,27.84,1051099,0.0
2016-12-27,27.9,27.935,27.645,27.66,1560837,0.0
2016-12-28,27.65,27.81,27.44,27.48,1077996,0.0
2016-12-29,27.49,27.515,27.08,27.26,2214313,0.0
2017-01-02,27.74,28.15,27.61,27.995,2359494,0.0
2017-01-03,28,28.38,28,28.24,1951505,0.0
2017-01-04,28.13,28.425,27.9,28.35,2160011,0.0
2017-01-05,28.4,28.89,28.21,28.85,1747187,0.0
2017-01-08,28.82,28.89,28.55,28.77,1568868,0.0
2017-01-09,28.72,29.29,28.56,28.92,2416044,0.0
2017-01-10,28.89,29.45,28.82,29.44,3021478,0.0
2017-01-11,29.34,29.41,28.97,29.08,2827046,0.0
2017-01-12,29.02,29.31,28.92,29.25,1639417,0.0
2017-01-16,29.14,29.34,29.095,29.235,1490008,0.0
2017-01-17,29.32,29.56,29.2,29.52,1285844,0.0
2017-01-18,29.52,29.61,29.08,29.21,1810754,0.0
2017-01-19,29.33,29.55,29.16,29.55,2119400,0.0
2017-01-22,29.49,29.61,29.25,29.5,1209065,0.0
2017-01-23,29.61,29.81,29.38,29.79,1369994,0.0
2017-01-24,29.89,29.98,29.72,29.8,1507230,0.0
2017-01-25,29.86,30.98,29.82,30.59,2885080,0.0
2017-01-26,30.7,30.96,30.42,30.85,1581277,0.0
2017-01-29,30.83,30.99,30.53,30.97,1714666,0.0
2017-01-30,30.83,31.0799,30.645,31.01,1887342,0.0
2017-01-31,31.03,31.3,30.94,31.23,2526419,0.0
2017-02-01,31.21,31.23,30.935,31.15,1628753,0.0
2017-02-02,31.28,31.3,30.87,31.09,1391784,0.0
2017-02-05,30.94,31.12,30.685,30.715,2019384,0.0
2017-02-06,30.45,31.084,29.8,30.16,5322214,0.0
2017-02-07,30.08,30.19,29.58,29.81,3434200,0.0
2017-02-08,29.95,30.1,29.64,29.69,1638081,0.0
2017-02-09,29.8,29.85,29.53,29.65,2548586,0.0
2017-02-12,29.85,29.86,29.26,29.48,3074619,0.0
2017-02-13,29.53,30.08,29.35,30.01,2285724,0.0
2017-02-14,29.8,30.33,29.7705,30.32,1938066,0.0
2017-02-15,30.3,30.31,29.95,30.08,1604008,0.0
2017-02-16,30.05,30.12,29.75,29.92,1905811,0.0
2017-02-20,29.95,30.28,29.78,30.05,2198902,0.0
2017-02-21,29.97,30.23,29.96,30.15,1329797,0.0
2017-02-22,30.16,30.32,29.785,30,2342833,0.0
2017-02-23,30.16,30.24,29.93,30.23,2363421,0.0
2017-02-26,30.1,30.28,29.78,29.995,2001255,0.0
2017-02-27,29.96,29.98,29.33,29.35,2917633,0.0
2017-02-28,29.55,30.08,29.51,29.86,3420534,0.0
2017-03-01,29.77,29.86,29.51,29.7,2015024,0.0
2017-03-02,29.71,29.99,29.49,29.95,1599312,0.0
2017-03-05,29.89,30.48,29.8,30.2,2303987,0.0
2017-03-06,30.02,30.21,29.77,30.1,2221417,0.0
2017-03-07,30.09,30.16,29.88,29.97,2030250,0.0
2017-03-08,30,30.36,30,30.27,2774108,0.0
2017-03-09,30.28,30.4,29.83,29.98,3058476,0.0
2017-03-12,29.95,30.05,29.85,29.95,1327617,0.0
2017-03-13,29.88,30.04,29.78,29.915,1023401,0.0
2017-03-14,30.05,30.43,29.92,30.31,2037031,0.0
2017-03-15,30.24,30.3,30,30.195,1769242,0.0
2017-03-16,30.41,30.48,30.06,30.26,2549051,0.0
2017-03-19,30.27,30.46,30.06,30.09,814055,0.0
2017-03-20,30.22,30.33,30.02,30.09,2161670,0.0
2017-03-21,30.17,30.53,30.02,30.42,1884720,0.0
2017-03-22,30.4,30.945,30.27,30.74,2247428,0.0
2017-03-23,30.81,31.185,30.64,30.89,2075611,0.0
2017-03-26,30.83,31.37,30.675,31.255,2373299,0.0
2017-03-27,31.16,31.92,31.15,31.82,2555435,0.0
2017-03-28,31.66,31.79,31.47,31.52,1373122,0.0
2017-03-29,31.42,31.695,31.34,31.67,1319371,0.0
2017-03-30,31.58,31.88,31.58,31.78,1493001,0.0
2017-04-02,32.04,32.04,31.43,31.565,1290398,0.0
2017-04-03,31.5,31.55,31.05,31.2,1634801,0.0
2017-04-04,31.2,31.26,30.73,30.84,1968995,0.0
2017-04-05,30.81,30.81,30.085,30.55,2793113,0.0
2017-04-06,30.6,30.68,30.29,30.535,1355328,0.0
2017-04-09,30.62,30.82,30.46,30.59,1047054,0.0
2017-04-10,30.57,30.62,30.17,30.465,1567666,0.0
2017-04-11,30.32,30.46,29.95,30.14,1880769,0.0
2017-04-12,30.24,30.44,29.86,29.86,1365068,0.0
2017-04-16,29.96,30.22,29.94,30.14,1305832,0.0
2017-04-17,30.04,30.17,29.79,30.05,1309442,0.0
2017-04-18,30.13,30.29,29.81,29.81,2446446,0.0
2017-04-19,29.98,30.645,29.81,30.55,2859500,0.0
2017-04-20,30.56,30.66,30.14,30.22,1332221,0.0
2017-04-23,30.52,30.64,29.65,29.74,2547934,0.0
2017-04-24,29.76,30.06,29.76,29.9,3851074,0.0
2017-04-25,29.93,30.21,29.85,30.03,1671948,0.0
2017-04-26,30.05,30.14,29.82,29.93,1633627,0.0
2017-04-27,29.98,29.99,29.64,29.85,1573419,0.0
2017-04-30,29.95,29.95,29.56,29.695,1777976,0.0
2017-05-01,29.63,29.91,29.605,29.85,1887258,0.0
2017-05-02,29.83,29.85,28.255,28.35,3345550,0.0
2017-05-03,28.25,28.7,27.31,28.51,4516274,0.0
2017-05-04,28.65,28.86,28.03,28.59,2486697,0.0
2017-05-07,28.62,28.66,27.91,28.01,2990934,0.0
2017-05-08,27.95,28.08,27.63,27.96,2514607,0.0
2017-05-09,27.86,27.95,27.54,27.67,3408435,0.0
2017-05-10,28.1,28.49,27.41,28.32,5670810,0.0
2017-05-11,28.22,28.49,27.73,27.9,7539466,0.0
2017-05-14,27.97,28.12,27.63,27.66,3975913,0.0
2017-05-15,27.67,27.71,26.89,27.11,2809947,0.0
2017-05-16,27,27.02,26.61,26.76,3170222,0.0
2017-05-17,26.69,26.94,26.63,26.77,1685682,0.0
2017-05-18,26.72,27.15,26.64,27.01,2520149,0.0
2017-05-21,27.05,27.09,26.845,27,1965999,0.0
2017-05-22,27.05,27.06,26.49,26.53,1815705,0.0
2017-05-23,26.62,26.72,26.47,26.67,910605,0.0
2017-05-24,26.8,27.71,26.55,27.23,3171748,0.0
2017-05-25,27.32,27.32,26.9,26.94,1860169,0.0
2017-05-29,26.9,27.02,26.77,26.96,1231278,0.0
2017-05-30,26.98,27.07,26.7765,26.9,1349871,0.0
2017-05-31,26.89,27.55,26.855,27.54,2144166,0.0
2017-06-01,27.61,27.85,27.53,27.6,1925213,0.0
2017-06-04,27.6,27.6,27.07,27.36,1308675,0.0
2017-06-05,27.37,27.54,27.16,27.21,1739284,0.0
2017-06-06,27.23,27.41,27.1,27.19,1283473,0.0
2017-06-07,27.14,27.21,26.71,27,1155634,0.0
2017-06-08,27,27.71,26.83,27.69,3547874,0.0
2017-06-11,27.57,28.56,27.57,28.18,3799308,0.0
2017-06-12,27.92,28.145,27.6,27.66,1982923,0.0
2017-06-13,27.8,27.8,26.98,27.13,1880954,0.0
2017-06-14,27.07,27.425,27,27.41,1725878,0.0
2017-06-15,26.93,27.36,26.83,27.12,2452082,0.0
2017-06-18,27.15,27.57,26.93,27.42,1477423,0.0
2017-06-19,27.31,27.31,26.7,26.74,1507757,0.0
2017-06-20,26.76,27.11,26.4999,26.86,2241372,0.0
2017-06-21,26.82,26.88,26.62,26.63,1250576,0.0
2017-06-22,26.59,26.95,26.42,26.93,1441544,0.0
2017-06-25,27,27.825,26.98,27.63,2420183,0.0
2017-06-26,27.51,27.78,27.19,27.22,2351936,0.0
2017-06-27,27.33,27.995,27.33,27.77,1762185,0.0
2017-06-28,27.67,28.41,27.61,27.73,2666575,0.0
2017-06-29,27.91,27.95,27.4,27.86,1878186,0.0
2017-07-02,28.1,28.43,27.94,28.12,1310072,0.0
2017-07-04,28.12,28.18,27.8,27.94,1404628,0.0
2017-07-05,27.76,27.84,27.47,27.52,1645014,0.0
2017-07-06,27.54,27.71,27.31,27.55,1157831,0.0
2017-07-09,27.47,27.9,27.44,27.84,927040,0.0
2017-07-10,27.88,27.88,27.64,27.72,919074,0.0
2017-07-11,27.95,28.35,27.94,28.33,1839566,0.0
2017-07-12,28.08,28.59,27.23,27.385,2644587,0.0
2017-07-13,27.59,27.83,27.321,27.53,1535765,0.0
2017-07-16,27.58,27.72,27.15,27.22,2112258,0.0
2017-07-17,27.26,27.27,26.72,27.19,1810058,0.0
2017-07-18,27.3,27.51,27.19,27.46,1335890,0.0
2017-07-19,27.51,27.86,27.19,27.6,1102121,0.0
2017-07-20,27.54,27.85,27.54,27.65,1239170,0.0
2017-07-23,27.72,27.75,27.33,27.51,1291352,0.0
2017-07-24,27.55,27.84,27.36,27.725,1160346,0.0
2017-07-25,27.71,28.045,27.64,27.92,974562,0.0
2017-07-26,28.15,29.23,27.97,29.23,2790857,0.0
2017-07-27,29.06,29.27,28.76,28.91,3602614,0.0
2017-07-30,29.02,29.02,28.49,28.69,1650594,0.0
2017-07-31,28.81,29.21,28.76,28.92,1863206,0.0
2017-08-01,28.65,28.71,28.16,28.27,1867588,0.0
2017-08-02,28.27,28.7,28.15,28.5,1869730,0.0
2017-08-03,28.33,28.48,27.77,28.05,1933257,0.0
2017-08-06,28.04,28.11,27.8,27.83,1031564,0.0
2017-08-07,27.81,28.06,27.6,27.71,1192529,0.0
2017-08-08,27.43,27.56,26.96,27.52,2149728,0.0
2017-08-09,28.5,29.16,27.45,27.48,2593335,0.0
2017-08-10,27.72,27.93,27.47,27.85,1428365,0.0
2017-08-13,28,28.17,27.75,27.76,1823070,0.0
2017-08-14,27.71,27.83,27.42,27.45,1457509,0.0
2017-08-15,27.54,27.71,27.39,27.555,1380786,0.0
2017-08-16,27.52,27.61,26.86,26.89,2099942,0.0
2017-08-17,26.74,27.09,26.72,26.8,2041641,0.0
2017-08-20,26.84,26.91,26.56,26.88,1571186,0.0
2017-08-21,26.99,27.06,26.81,26.97,1071143,0.0
2017-08-22,26.87,26.91,26.64,26.66,2121790,0.0
2017-08-23,26.67,26.8,26.57,26.62,1290696,0.0
2017-08-24,26.66,26.97,26.58,26.71,2140076,0.0
2017-08-27,26.86,27.02,26.71,26.77,983483,0.0
2017-08-28,26.56,27.02,26.56,26.91,1328267,0.0
2017-08-29,26.89,27.23,26.85,27,1350906,0.0
2017-08-30,27.02,27.2547,26.99,27.1,1660172,0.0
2017-08-31,27.16,27.31,26.96,26.97,1344806,0.0
2017-09-04,26.96,27.02,25.91,26.09,2700002,0.0
2017-09-05,26.14,26.205,25.75,25.965,2181210,0.0
2017-09-06,26.04,26.09,24.78,25.38,3958358,0.0
2017-09-07,25.34,25.4,25.07,25.38,2144464,0.0
2017-09-10,25.55,25.68,25.39,25.66,2096256,0.0
2017-09-11,25.46,25.54,25.19,25.47,2134474,0.0
2017-09-12,25.41,26.16,25.38,26.14,2591941,0.0
2017-09-13,26.05,26.13,25.795,26,1675023,0.0
2017-09-14,26.03,26.66,25.88,26.61,4673476,0.0
2017-09-17,26.66,26.66,25.855,26.03,2104518,0.0
2017-09-18,26.1,26.31,25.92,26.26,1561819,0.0
2017-09-19,26.32,26.53,26.26,26.37,1252696,0.0
2017-09-20,26.27,26.46,26.19,26.33,1306678,0.0
2017-09-21,26.24,26.47,26.21,26.425,848874,0.0
2017-09-24,26.33,26.83,26.33,26.61,1613729,0.0
2017-09-25,26.63,26.7,26.4,26.43,1629474,0.0
2017-09-26,26.47,26.81,26.13,26.77,2307582,0.0
2017-09-27,26.59,26.68,25.95,26.02,2450159,0.0
2017-09-28,26.09,26.1,25.705,25.79,4362639,0.0
2017-10-01,25.85,26.295,25.79,26.045,3097672,0.0
2017-10-02,26,26.16,25.85,26.01,2275311,0.0
2017-10-03,25.99,26.63,25.92,26.45,3283858,0.0
2017-10-04,26.58,26.65,26.24,26.31,1265489,0.0
2017-10-05,26.34,26.49,26.09,26.46,2037683,0.0
2017-10-08,26.41,26.48,25.97,25.98,1028054,0.0
2017-10-09,26.03,26.54,25.99,26.14,1280155,0.0
2017-10-10,26.05,26.05,25.24,25.49,2239799,0.0
2017-10-11,25.24,25.78,25.2,25.48,4408888,0.0
2017-10-12,25.39,25.915,25.39,25.83,4337099,0.0
2017-10-15,25.92,26.2,25.8,26.095,1488436,0.0
2017-10-16,25.99,26.25,25.93,26.23,1035698,0.0
2017-10-17,26.21,26.72,26.19,26.58,1894361,0.0
2017-10-18,26.59,26.72,26.31,26.7,1210342,0.0
2017-10-19,26.84,26.94,26.64,26.84,1022246,0.0
2017-10-22,26.93,26.93,25.97,26.02,1570395,0.0
2017-10-23,25.92,25.97,25.54,25.56,1767807,0.0
2017-10-24,25.42,25.65,25.31,25.435,1480263,0.0
2017-10-25,25.71,26,25.42,25.69,1481258,0.0
2017-10-26,25.56,25.76,24.91,25.74,1896640,0.0
2017-10-29,25.64,26.03,25.52,25.75,1624308,0.0
2017-10-30,25.78,25.78,25.35,25.46,1229458,0.0
2017-10-31,25.61,25.83,25.35,25.37,1219693,0.0
2017-11-01,25.38,25.53,24.91,25.15,2612530,0.0
2017-11-02,25.02,25.2,24.395,24.43,2548080,0.0
2017-11-05,24.34,26.85,24.3,26.65,10158786,0.0
2017-11-06,26.7,27.77,26.7,27.04,5976161,0.0
2017-11-07,26.84,27.39,26.74,27.36,5103571,0.0
2017-11-08,26.76,28.96,26.57,28.1,4621220,0.0
2017-11-09,28.18,29.17,27.98,28.06,4007692,0.0
2017-11-12,27.84,28.04,27.48,27.82,1227622,0.0
2017-11-13,27.66,27.77,27.09,27.32,2005853,0.0
2017-11-14,27.27,28.01,26.86,27.95,2527125,0.0
2017-11-15,27.56,28.74,27.56,28.61,2688594,0.0
2017-11-16,30.45,30.73,29.575,30.49,5197440,0.0
2017-11-19,30.45,30.92,29.695,29.9,2762303,0.0
2017-11-20,29.93,30.28,29.64,30.1,2114739,0.0
2017-11-21,30.02,30.16,29.83,29.95,2317605,0.0
2017-11-23,29.68,30.09,29.68,29.78,540257,0.0
2017-11-26,29.72,29.89,29.67,29.7,1115835,0.0
2017-11-27,29.84,30.23,29.63,30.18,1714505,0.0
2017-11-28,30.26,31.59,30.22,31.31,3447614,0.0
2017-11-29,31.05,31.46,30.54,31.14,2137127,0.0
2017-11-30,30.64,31.6,30.515,31.48,4291046,0.0
2017-12-03,31.79,33.19,31.79,32.295,3103001,0.0
2017-12-04,32.02,33.69,32.02,32.47,5636454,0.0
2017-12-05,32.55,33.2367,32.0787,32.7,3128175,0.0
2017-12-06,32.77,34.34,32.57,33.77,9956677,0.0
2017-12-07,34.02,34.11,32.9,32.96,5052617,0.0
2017-12-10,33.04,33.35,32.76,33.26,2832432,0.0
2017-12-11,33.46,33.7,32.94,33.6,3987446,0.0
2017-12-12,33.34,33.58,32.06,32.38,5583766,0.0
2017-12-13,32.24,34.375,32.08,34.23,16040358,0.0
2017-12-14,34.36,35.34,34.15,34.22,7922404,0.0
2017-12-17,34.37,34.83,34.11,34.52,5442703,0.0
2017-12-18,34.65,34.82,34.27,34.37,4580748,0.0
2017-12-19,34.37,34.56,33.82,33.86,4808353,0.0
2017-12-20,33.79,34.81,33.66,34.52,3100402,0.0
2017-12-21,34.36,34.83,34.36,34.73,1288254,0.0
2017-12-25,34.85,34.93,34.15,34.16,1285393,0.0
2017-12-26,34.26,34.31,34.04,34.12,1236207,0.0
2017-12-27,34.18,34.25,33.99,34.08,1170923,0.0
2017-12-28,33.93,34.26,33.93,34.12,1292713,0.0
2018-01-01,34.38,35.38,34.27,35.36,2528224,0.0
2018-01-02,35.37,36.24,35.37,35.93,2761047,0.0
2018-01-03,36.16,36.22,35.78,36.19,2301616,0.0
2018-01-04,36.4,36.44,35.86,36.31,3894543,0.0
2018-01-07,36.14,36.19,35.51,35.85,3876051,0.0
2018-01-08,35.82,36.37,35.82,36.18,3498467,0.0
2018-01-09,36.19,36.29,35.07,35.31,5790660,0.0
2018-01-10,35.3,35.92,35.3,35.79,2346484,0.0
2018-01-11,35.8,36.48,35.72,36.36,1632019,0.0
2018-01-15,36.5,36.53,35.75,35.78,2275617,0.0
2018-01-16,36.12,36.54,35.85,36.49,2476257,0.0
2018-01-17,36.38,36.44,35.65,35.74,2979677,0.0
2018-01-18,35.61,36.26,35.57,36.26,5048128,0.0
2018-01-21,36.45,37.07,35.99,36.96,2957354,0.0
2018-01-22,36.61,37.32,36.59,37.18,3082926,0.0
2018-01-23,37.35,37.97,37.22,37.49,1967979,0.0
2018-01-24,37.51,37.84,37.39,37.73,1613264,0.0
2018-01-25,37.87,38.43,37.44,38.31,1465289,0.0
2018-01-28,38.18,38.5199,38.1,38.15,2001961,0.0
2018-01-29,38.41,38.56,37.85,37.855,1792799,0.0
2018-01-30,37.83,37.84,36.26,36.49,2947421,0.0
2018-01-31,36.49,37.15,36.25,36.69,2292077,0.0
2018-02-01,36.4,36.93,36.09,36.22,2348884,0.0
2018-02-04,36.07,37.05,35.55,35.57,4233784,0.0
2018-02-05,35.01,36.44,34.76,36.41,6208003,0.0
2018-02-06,36.41,36.96,35.62,35.65,3335952,0.0
2018-02-07,35.68,35.96,34.05,34.05,3386573,0.0
2018-02-08,34.38,35.475,33.75,35.19,4717456,0.0
2018-02-11,35.76,36.39,35.73,35.95,2478368,0.0
2018-02-12,35.56,36.38,35.56,36.2,1230617,0.0
2018-02-13,35.99,36.4,35.8,36.18,1657463,0.0
2018-02-14,36.25,36.73,36.14,36.64,1345793,0.0
2018-02-15,36.56,37.26,36.56,37.05,1556900,0.0
2018-02-19,36.84,37.12,36.55,36.62,1638968,0.0
2018-02-20,36.76,37.15,36.54,36.55,1915498,0.0
2018-02-21,36.7,36.94,36.59,36.73,1257720,0.0
2018-02-22,37.04,37.62,36.72,37.61,1203812,0.0
2018-02-25,37.67,38.41,37.6089,38.4,1075249,0.0
2018-02-26,37.99,38.19,37.11,37.15,2696562,0.0
2018-02-27,37.27,37.45,36.41,36.42,1835498,0.0
2018-02-28,36.55,36.69,35.43,35.53,3029618,0.0
2018-03-01,35.37,36.03,35.1,35.92,2143283,0.0
2018-03-04,35.58,36.62,35.55,36.16,2031652,0.0
2018-03-05,36.19,37.025,36.08,37.01,1683621,0.0
2018-03-06,36.77,36.83,36.24,36.52,1110570,0.0
2018-03-07,36.63,36.97,36.45,36.78,832100,0.0
2018-03-08,37,37.22,36.84,37.22,1160744,0.0
2018-03-11,37.25,37.8,37.12,37.52,1307736,0.0
2018-03-12,37.64,37.67,36.73,36.86,1668721,0.0
2018-03-13,37.05,37.3,36.9,37.21,1622259,0.0
2018-03-14,37.15,37.2,36.7,36.7,1120121,0.0
2018-03-15,36.93,37.13,36.61,36.63,2013150,0.0
2018-03-18,36.43,36.63,35.93,36.249,1460375,0.0
2018-03-19,36.34,36.485,36.03,36.18,1129153,0.0
2018-03-20,36.1,36.63,36.09,36.3,1045949,0.0
2018-03-21,35.83,36.54,35.6711,36.191,2004975,0.0
2018-03-22,36.26,36.525,35.42,35.45,2262718,0.0
2018-03-25,36.08,36.655,35.7,36.57,1957338,0.0
2018-03-26,36.84,36.84,35.85,36.08,4191489,0.0
2018-03-27,36.19,36.28,35.45,35.5,4185756,0.0
2018-03-28,35.7,36.4599,35.455,36.33,2744766,0.0
2018-04-01,36.13,36.29,35.275,35.68,2085456,0.0
2018-04-02,35.84,35.84,35.14,35.61,2845275,0.0
2018-04-03,35.28,35.79,34.935,35.63,3796302,0.0
2018-04-04,35.87,36.1,35.4,35.99,2877537,0.0
2018-04-05,35.78,36.06,35.03,35.34,3576654,0.0
2018-04-08,35.44,35.97,35.24,35.33,2290505,0.0
2018-04-09,35.7,36.12,35.36,35.8,3540403,0.0
2018-04-10,35.22,36.05,35.22,35.66,2731488,0.0
2018-04-11,35.73,36.185,35.67,36.06,3597424,0.0
2018-04-12,36.15,36.59,36.07,36.41,1733792,0.0
2018-04-15,36.71,36.77,36.31,36.51,1389701,0.0
2018-04-16,36.85,37.36,36.65,37.06,2401060,0.0
2018-04-17,37.06,37.235,36.78,36.82,1457636,0.0
2018-04-18,36.78,37.4,36.575,36.68,1459765,0.0
2018-04-19,36.55,36.76,36.06,36.19,1550484,0.0
2018-04-22,36.18,36.31,35.81,36.03,1237909,0.0
2018-04-23,36.19,36.36,35.33,35.505,1486569,0.0
2018-04-24,35.6,36.55,35.32,36.14,3411360,0.0
2018-04-25,36.27,36.67,35.8,35.84,1646922,0.0
2018-04-26,35.65,36.35,35.41,35.99,1602072,0.0
2018-04-29,36.14,36.605,36.06,36.07,1407755,0.0
2018-04-30,35.86,36.21,35.66,36.11,1179203,0.0
2018-05-01,36.03,36.525,35.78,36.13,5775653,0.0
2018-05-02,36,36.61,35.2678,36.34,4691477,0.0
2018-05-03,36.14,37.19,35.91,37.15,3205346,0.0
2018-05-06,37.39,37.7,37.17,37.48,1456984,0.0
2018-05-07,38.37,38.71,37.3,37.45,3014474,0.0
2018-05-08,37.5,37.74,37.1,37.19,1777691,0.0
2018-05-09,37.49,37.74,37.21,37.46,2024787,0.0
2018-05-10,37.45,37.595,37.185,37.48,949747,0.0
2018-05-13,37.38,37.54,37,37.29,934337,0.0
2018-05-14,36.99,37.415,36.93,37.35,1361062,0.0
2018-05-15,37.33,37.8,37.3065,37.71,1429422,0.0
2018-05-16,37.68,37.89,37.26,37.29,1980144,0.0
2018-05-17,37.41,37.41,37.09,37.27,1988534,0.0
2018-05-20,37.36,37.64,37.3,37.45,1328837,0.0
2018-05-21,37.52,38.13,37.52,37.75,1418293,0.0
2018-05-22,38.06,38.525,37.87,38.25,1849597,0.0
2018-05-23,38.41,38.92,38.09,38.5,1888366,0.0
2018-05-24,38.44,38.82,38.31,38.5,1858478,0.0
2018-05-28,38.15,38.5,37.93,38.26,1612407,0.0
2018-05-29,38.51,38.69,38.09,38.25,1614087,0.0
2018-05-30,38.34,38.84,37.91,38.19,1188281,0.0
2018-05-31,38.26,38.47,38.02,38.26,2038416,0.0
2018-06-03,38.3,38.67,38.3,38.42,2269153,0.0
2018-06-04,38.53,38.84,38.39,38.84,1663301,0.0
2018-06-05,38.74,38.95,38.605,38.94,2233917,0.0
2018-06-06,38.83,39.24,38.64,39.23,2059217,0.0
2018-06-07,39.08,39.78,39.07,39.52,1433139,0.0
2018-06-10,39.47,40.74,39.38,39.92,3124673,0.0
2018-06-11,40.08,40.74,40,40.32,2752154,0.0
2018-06-12,43.51,43.7,43.08,43.4,8658108,0.0
2018-06-13,44.07,44.49,43.83,44.41,4847418,0.0
2018-06-14,44.62,44.83,44.18,44.57,3897318,0.0
2018-06-17,44.45,44.675,44.15,44.36,3006478,0.0
2018-06-18,43.92,44.8,43.82,44.28,2108626,0.0
2018-06-19,47.35,48.015,46.93,47.56,31456932,0.0
2018-06-20,48.11,48.86,47.75,47.98,9548554,0.0
2018-06-21,48.3,48.76,48.19,48.28,4359226,0.0
2018-06-24,48.25,48.33,47.57,47.89,4513614,0.0
2018-06-25,47.88,48.26,47.22,47.43,4804678,0.0
2018-06-26,48.09,48.58,47.55,48.31,14541554,0.0
2018-06-27,48.5,49.365,48.5,49.31,4906262,0.0
2018-06-28,49.22,49.65,49.09,49.28,3506316,0.0
2018-07-01,49.12,49.325,48.39,48.67,5062237,0.0
2018-07-02,49.02,49.07,47.8701,48.04,2279700,0.0
2018-07-04,48.45,48.51,47.8,48.16,4126189,0.0
2018-07-05,48.16,48.595,48.05,48.44,4120470,0.0
2018-07-08,48.56,49.135,48,49.08,3049800,0.0
2018-07-09,49.16,49.51,49.06,49.34,2322495,0.0
2018-07-10,48.82,48.88,46.89,47.4,6361940,0.0
2018-07-11,47.54,47.66,46.85,47.02,3814749,0.0
2018-07-12,46.82,47.25,46.64,47.19,2781080,0.0
2018-07-15,47.28,47.28,45.98,46.42,4955701,0.0
2018-07-16,46.14,46.52,46.06,46.19,1780604,0.0
2018-07-17,46.19,46.4556,46.06,46.33,1650813,0.0
2018-07-18,45.7,46.33,45.44,46.21,5778196,0.0
2018-07-19,45.93,46.03,45.46,45.69,3431447,0.0
2018-07-22,45.6,45.73,45.41,45.53,2254952,0.0
2018-07-23,45.5,45.68,44.845,44.915,2998457,0.0
2018-07-24,44.9,45.01,44.2852,44.91,3274616,0.0
2018-07-25,45.11,45.32,44.9,45.09,3508464,0.0
2018-07-26,45.01,45.1,44.61,44.7,8456840,0.0
2018-07-29,44.54,44.97,44.485,44.53,6567940,0.0
2018-07-30,44.62,44.82,44.335,44.43,4906159,0.0
2018-07-31,44.23,44.71,44.19,44.53,3191732,0.0
2018-08-01,44.4,44.76,44.38,44.6,2667848,0.0
2018-08-02,44.63,45.1,44.51,44.92,4294945,0.0
2018-08-05,44.85,45.58,44.71,45.26,2277778,0.0
2018-08-06,45.27,45.51,45.04,45.07,2713524,0.0
2018-08-07,44.85,45.11,44.61,44.95,3569647,0.0
2018-08-08,44.92,45.25,44.58,45.02,2323867,0.0
2018-08-09,44.9,45.07,44.6944,44.9,2364820,0.0
2018-08-12,45.02,45.05,44.57,44.72,2805524,0.0
2018-08-13,44.86,45.23,44.77,44.96,3333893,0.0
2018-08-14,44.64,44.94,44.57,44.83,3577205,0.0
2018-08-15,44.9,45.23,44.78,45.12,3547082,0.0
2018-08-16,45.17,45.17,44.69,44.83,3632092,0.0
2018-08-19,44.83,44.97,44.72,44.8,2080639,0.0
2018-08-20,44.8,45.05,44.74,44.85,3288201,0.0
2018-08-21,44.89,44.95,44.68,44.76,3776103,0.0
2018-08-22,44.72,44.97,44.59,44.67,2103480,0.0
2018-08-23,44.71,44.775,44.52,44.57,3777924,0.0
2018-08-26,44.65,44.77,44.55,44.61,2095025,0.0
2018-08-27,44.66,44.79,44.54,44.6,4136056,0.0
2018-08-28,44.64,45.08,44.55,45,2796680,0.0
2018-08-29,44.9,45.03,44.55,44.73,4905972,0.0
2018-08-30,44.61,44.94,44.58,44.87,2296722,0.0
2018-09-03,44.82,44.94,44.675,44.86,3384453,0.0
2018-09-04,44.73,44.96,44.64,44.74,3953682,0.0
2018-09-05,44.71,44.995,44.59,44.88,3411897,0.0
2018-09-06,44.8,44.93,44.7,44.76,1970180,0.0
2018-09-09,44.82,44.92,44.38,44.47,3418048,0.0
2018-09-10,44.19,44.44,44.1,44.3,2815458,0.0
2018-09-11,44.28,44.43,44.12,44.2,2017004,0.0
2018-09-12,44.41,44.435,44.235,44.37,2677410,0.0
2018-09-13,44.48,44.54,44.32,44.41,2105191,0.0
2018-09-16,44.44,44.53,44.22,44.34,1942917,0.0
2018-09-17,44.33,44.5,44.14,44.17,2736720,0.0
2018-09-18,44.12,44.38,44.11,44.25,1745655,0.0
2018-09-19,44.36,44.46,44.17,44.19,3301725,0.0
2018-09-20,44.37,44.37,43.81,43.98,6228553,0.0
2018-09-23,44.04,44.68,44.04,44.65,3301594,0.0
2018-09-24,44.61,45.01,44.59,44.8,5721415,0.0
2018-09-25,44.9,45.66,44.66,45.27,5021067,0.0
2018-09-26,45.36,45.77,45.14,45.49,3905401,0.0
2018-09-27,45.5,46,45.21,45.85,3092580,0.0
2018-09-30,45.82,45.95,45.48,45.83,2534069,0.0
2018-10-01,45.73,46.3,45.73,46.18,2495051,0.0
2018-10-02,46.22,46.55,46.14,46.49,2494850,0.0
2018-10-03,46.41,46.545,46.05,46.24,2911617,0.0
2018-10-04,46.39,46.47,45.59,45.81,3319335,0.0
2018-10-07,45.65,45.95,45.13,45.46,2231536,0.0
2018-10-08,45.62,45.66,45.13,45.25,2361078,0.0
2018-10-09,45.06,45.32,44.36,44.43,2741305,0.0
2018-10-10,44.42,45,44.14,44.79,5045886,0.0
2018-10-11,45.05,45.075,44.63,44.93,3241484,0.0
2018-10-14,44.99,45.48,44.88,45.13,2168113,0.0
2018-10-15,45.31,45.61,45.18,45.49,2028868,0.0
2018-10-16,45.59,45.67,45.06,45.45,2388493,0.0
2018-10-17,45.49,45.62,45.16,45.46,3017251,0.0
2018-10-18,45.55,45.77,45.15,45.5,3114265,0.0
2018-10-21,45.52,45.78,45.3,45.44,3040632,0.0
2018-10-22,45.32,45.59,44.98,45.35,3421514,0.0
2018-10-23,45.32,45.51,44.235,44.3,5060399,0.0
2018-10-24,44.7,45.04,44.58,44.78,3864701,0.0
2018-10-25,44.23,45.03,44.13,44.79,7479605,0.0
2018-10-28,45.36,45.57,44.58,45.21,4440184,0.0
2018-10-29,45.37,45.41,44.745,45.3,3602235,0.0
2018-10-30,45.49,45.57,44.98,45.17,3039780,0.0
2018-10-31,45.14,46.54,45.03,46.2,5487038,0.0
2018-11-01,46.55,46.71,45.96,46.08,5417158,0.0
2018-11-04,46.44,46.51,46.13,46.42,2091999,0.0
2018-11-05,46.17,46.82,46.17,46.79,2214655,0.0
2018-11-06,47,47.26,46.55,47.14,2129539,0.0
2018-11-07,47.18,47.59,47.08,47.47,2609440,0.0
2018-11-08,47.63,48.16,47.49,47.71,3770438,0.0
2018-11-11,47.75,47.95,47.48,47.57,2410196,0.0
2018-11-12,47.65,47.85,47.22,47.26,2517086,0.0
2018-11-13,47.41,47.8125,47.32,47.44,3883619,0.0
2018-11-14,47.15,47.91,47.01,47.82,4419897,0.0
2018-11-15,47.75,47.95,47.38,47.74,3015050,0.0
2018-11-18,47.71,49.46,47.43,48.56,11754739,0.0
2018-11-19,48.51,48.74,48.01,48.31,7887867,0.0
2018-11-20,48.41,48.9,48.22,48.54,4620103,0.0
2018-11-22,48.3,48.75,48.28,48.64,1958414,0.0
2018-11-25,48.94,48.94,48.38,48.53,3412591,0.0
2018-11-26,48.49,48.96,48.49,48.87,4513750,0.0
2018-11-27,48.69,49.34,48.69,49.25,4747969,0.0
2018-11-28,49.16,49.47,49.09,49.29,4504586,0.0
2018-11-29,49.39,49.4,48.92,49.04,4347000,0.0
2018-12-02,49.19,49.39,48.83,49.38,4344453,0.0
2018-12-03,49.33,49.41,48.77,48.92,4784904,0.0
2018-12-05,48.68,49.24,48.68,49.22,6569239,0.0
2018-12-06,49.09,49.26,48.89,49,5816371,0.0
2018-12-09,49.06,49.13,48.68,49.02,5223130,0.0
2018-12-10,49.36,49.37,48.935,49.005,4073181,0.0
2018-12-11,49.37,49.37,48.81,48.9,4445363,0.0
2018-12-12,48.96,49.14,48.86,48.88,6505874,0.0
2018-12-13,48.71,49.09,48.71,48.8,5928022,0.0
2018-12-16,48.96,49.085,48.53,48.78,4344003,0.0
2018-12-17,48.95,48.95,48.27,48.49,3965784,0.0
2018-12-18,48.64,49.07,47.985,48.18,5694599,0.0
2018-12-19,48.01,48.335,47.3973,47.73,7473035,0.0
2018-12-20,47.78,48.12,46.5,46.57,8912767,0.0
2018-12-23,46.6,46.82,46,46.01,3284813,0.0
2018-12-25,46.32,47.555,46.15,47.52,4512385,0.0
2018-12-26,47.13,47.83,46.7,47.73,4993874,0.0
2018-12-27,47.96,48.2,47.41,47.58,3515019,0.0
2018-12-30,47.86,47.98,47.3,47.64,2805893,0.0
2019-01-01,47.33,47.76,47.23,47.46,3062761,0.0
2019-01-02,47.31,47.57,46.85,47.225,4185774,0.0
2019-01-03,47.51,48.03,47.31,47.79,3455284,0.0
2019-01-06,47.52,48.04,47.51,47.96,1959419,0.0
2019-01-07,48.09,48.45,48.07,48.35,2518846,0.0
2019-01-08,48.2,48.57,48.14,48.47,2918233,0.0
2019-01-09,48.23,48.62,48.16,48.475,2467576,0.0
2019-01-10,48.24,48.57,48.24,48.37,3107923,0.0
2019-01-13,48.16,48.5,48.16,48.345,1323522,0.0
2019-01-14,48.4,48.475,48.105,48.3,1780820,0.0
2019-01-15,48.23,48.36,48.04,48.04,1323721,0.0
2019-01-16,47.93,48.27,47.81,48.085,2856225,0.0
2019-01-17,48.4,48.4,48.01,48.31,3212526,0.0
2019-01-21,48.19,48.4875,48,48.23,2475347,0.0
2019-01-22,48.4,48.63,48.24,48.47,3671274,0.0
2019-01-23,48.44,48.68,48.33,48.665,4911421,0.0
2019-01-24,48.82,48.95,48.635,48.95,2094013,0.0
2019-01-27,48.93,48.98,48.71,48.91,2130746,0.0
2019-01-28,49,49.07,48.66,48.77,1609180,0.0
2019-01-29,48.82,48.98,48.49,48.745,3567144,0.0
2019-01-30,48.8,49.12,48.74,49.05,3730577,0.0
2019-01-31,49.11,49.15,48.93,49.085,3612408,0.0
2019-02-03,48.96,49.11,48.96,49.04,2395133,0.0
2019-02-04,49.06,49.15,48.98,49.02,2062891,0.0
2019-02-05,49.03,49.29,48.98,49.11,2310190,0.0
2019-02-06,49.03,49.18,48.92,49.125,2449536,0.0
2019-02-07,48.98,49.32,48.98,49.31,3291510,0.0
2019-02-10,49.39,49.41,49.1,49.22,3379891,0.0
2019-02-11,49.27,49.3,49.165,49.24,2080568,0.0
2019-02-12,49.31,49.47,49.265,49.27,4110727,0.0
2019-02-13,49.21,49.7,49.15,49.63,3774707,0.0
2019-02-14,49.9,50.03,49.68,49.97,4122711,0.0
2019-02-18,49.9,50.23,49.82,50.17,2250947,0.0
2019-02-19,50.19,50.37,50.09,50.37,3826200,0.0
2019-02-20,50.34,50.51,50.01,50.46,6300737,0.0
2019-02-21,50.6,50.83,50.38,50.82,5064119,0.0
2019-02-24,50.91,50.96,50.3,50.41,2563472,0.0
2019-02-25,50.47,50.6,50.28,50.59,3447325,0.0
2019-02-26,50.51,50.54,50.11,50.12,3547258,0.0
2019-02-27,50.12,50.25,49.9,50.15,3854779,0.0
2019-02-28,50.36,50.37,50.1,50.31,3452322,0.0
2019-03-03,50.41,50.54,49.9,50.41,4310853,0.0
2019-03-04,50.37,50.44,50.23,50.3,5781793,0.0
2019-03-05,50.38,50.41,50.19,50.38,3793211,0.0
2019-03-06,50.27,50.38,50.16,50.27,2268144,0.0
2019-03-07,50.04,50.28,49.95,50.22,3318254,0.0
2019-03-10,50.3,50.33,50.05,50.26,4002988,0.0
2019-03-11,50.41,50.69,50.26,50.69,8465719,0.0
2019-03-12,50.78,51.09,50.62,51.08,6864998,0.0
2019-03-13,51.04,51.71,50.85,51.32,8060472,0.0
2019-03-14,51.65,51.88,51.485,51.69,3214895,0.0
2019-03-17,51.35,51.54,50.94,51.05,3133856,0.0
2019-03-18,41.4,41.4,39.05,39.57,1880296,0.0
2019-03-19,39.85,39.8514,37.46,37.6269,3453787,0.0
2019-03-20,38,38.91,37.84,38.89,4465041,0.0
2019-03-21,38.76,38.84,36.55,37.46,4653125,0.0
2019-03-24,37.57,37.81,36.35,36.44,3211772,0.0
2019-03-25,36.46,37.35,36.46,36.71,2815218,0.0
2019-03-26,36.75,37.17,36.06,36.2,2631209,0.0
2019-03-27,36.14,36.47,35.55,35.67,1790626,0.0
2019-03-28,35.88,36.17,35.39,35.88,1981327,0.0
2019-03-31,36.2,36.34,35.94,36.15,659935,0.0
2019-04-01,36.21,36.46,35.21,35.7,1238127,0.0
2019-04-02,35.78,35.89,35.3,35.5,2652196,0.0
2019-04-03,35.56,36.07,35.39,36.02,1760948,0.0
2019-04-04,35.99,37.09,35.94,36.98,2019684,0.0
2019-04-07,36.94,36.96,36.65,36.86,1307703,0.0
2019-04-08,36.81,37.07,36.59,36.87,1608497,0.0
2019-04-09,36.91,37.05,35.86,35.93,776646,0.0
2019-04-10,35.98,36.5,35.53,36.41,900224,0.0
2019-04-11,36.47,37.08,35.92,36.95,1566122,0.0
2019-04-14,36.91,36.99,36.47,36.98,824697,0.0
2019-04-15,37.11,37.28,36.93,37.24,1629713,0.0
2019-04-16,37.18,38.25,37.18,38.21,1990247,0.0
2019-04-17,38.34,38.37,37.92,37.92,2186722,0.0
2019-04-21,37.84,37.88,37.11,37.24,1567241,0.0
2019-04-22,37.22,37.82,37.07,37.6,1411512,0.0
2019-04-23,37.51,37.76,37.33,37.47,1127381,0.0
2019-04-24,37.48,37.68,37.04,37.63,950867,0.0
2019-04-25,37.8,37.94,37.4,37.89,1023443,0.0
2019-04-28,37.74,38.91,37.69,38.73,1324842,0.0
2019-04-29,38.59,38.78,37.89,38.5,1397069,0.0
2019-04-30,38.66,38.8,38.09,38.75,1385411,0.0
2019-05-01,38.75,38.8,36.5,36.85,2509656,0.0
2019-05-02,36.86,37.26,36.64,37.01,1101406,0.0
2019-05-05,36.72,37.4,36.47,37.31,1366691,0.0
2019-05-06,36.97,37.22,36.575,36.7,1234799,0.0
2019-05-07,36.56,37.08,36.27,36.83,1740199,0.0
2019-05-08,38.08,38.63,36.95,37.97,3158493,0.0
2019-05-09,37.9,38.25,36.98,38.05,1557158,0.0
2019-05-12,37.48,38.15,37.22,37.51,1231923,0.0
2019-05-13,37.54,38.025,37.405,37.46,1439610,0.0
2019-05-14,37.24,37.48,37.13,37.24,758971,0.0
2019-05-15,37.28,37.6,36.28,36.28,1354392,0.0
2019-05-16,36.08,37.07,36.08,36.83,993364,0.0
2019-05-19,36.54,37.14,36.54,36.67,906047,0.0
2019-05-20,36.82,37.525,36.64,37.18,1069809,0.0
2019-05-21,37.1,37.29,36.62,36.67,759033,0.0
2019-05-22,36.39,36.63,36.18,36.52,1631260,0.0
2019-05-23,36.51,36.76,36.4,36.47,738959,0.0
2019-05-27,36.59,36.95,36.11,36.17,1149883,0.0
2019-05-28,36,36.16,35.28,35.29,1359470,0.0
2019-05-29,35.36,35.695,34.69,34.82,935289,0.0
2019-05-30,34.55,34.81,34.25,34.71,1372885,0.0
2019-06-02,34.61,34.81,33.32,33.78,1811544,0.0
2019-06-03,34.03,34.81,33.75,34.08,1814611,0.0
2019-06-04,34.24,34.57,33.9,34.02,1181664,0.0
2019-06-05,34.01,34.23,33.6,33.74,1127435,0.0
2019-06-06,33.84,34.05,33.66,33.68,742879,0.0
2019-06-09,33.86,34.0377,33.56,33.75,980094,0.0
2019-06-10,33.77,34.04,33.65,33.83,1093979,0.0
2019-06-11,33.81,34.735,33.8,34.7,2040126,0.0
2019-06-12,34.96,35.12,34.6,34.94,2361548,0.0
2019-06-13,34.99,35.16,34.56,34.95,4603818,0.0
2019-06-16,35.18,35.965,35.04,35.8,2156237,0.0
2019-06-17,36.09,36.72,35.71,35.86,2288552,0.0
2019-06-18,35.88,36.08,35.35,35.74,1846456,0.0
2019-06-19,36.15,36.15,35.31,35.33,1657358,0.0
2019-06-20,35.36,37,35.04,35.87,2581301,0.0
2019-06-23,35.72,35.79,35.39,35.55,1381095,0.0
2019-06-24,35.45,35.52,34.9,35.18,1677121,0.0
2019-06-25,35.46,35.89,35.16,35.31,1796018,0.0
2019-06-26,35.36,36.12,35.06,35.75,1917935,0.0
2019-06-27,36.01,36.64,35.67,36.52,2381999,0.0
2019-06-30,36.82,36.87,35.715,35.96,2436524,0.0
2019-07-01,35.96,36.57,35.96,36.53,1250388,0.0
2019-07-02,36.7,36.77,36.31,36.35,818200,0.0
2019-07-04,36.28,36.77,36.07,36.57,944752,0.0
2019-07-07,36.36,36.935,36.05,36.13,717993,0.0
2019-07-08,35.98,36.29,35.79,36.01,1543865,0.0
2019-07-09,36.11,36.41,36.03,36.12,939770,0.0
2019-07-10,36.13,36.37,35.85,36.3,1071331,0.0
2019-07-11,36.32,37.01,36.32,36.96,1368114,0.0
2019-07-14,37.12,37.21,36.61,37.03,1079037,0.0
2019-07-15,37.08,37.11,36.61,36.69,1320084,0.0
2019-07-16,36.62,36.72,36.0934,36.17,1581083,0.0
2019-07-17,36.1,36.76,36,36.6,2781477,0.0
2019-07-18,36.71,36.76,36.2,36.46,1762290,0.0
2019-07-21,36.47,36.64,36.28,36.31,1409796,0.0
2019-07-22,36.35,36.75,35.99,36.51,1779212,0.0
2019-07-23,36.46,37.08,36.44,36.89,1072162,0.0
2019-07-24,36.91,37.54,36.9,37.44,1212122,0.0
2019-07-25,37.37,38.03,37.33,37.48,811951,0.0
2019-07-28,37.44,37.84,37.34,37.68,771560,0.0
2019-07-29,37.5,38.06,37.5,37.87,1713621,0.0
2019-07-30,37.7,37.7,36.7717,37.2,1494096,0.0
2019-07-31,37.16,37.45,36.69,36.86,1501374,0.0
2019-08-01,36.84,36.89,36.29,36.58,809849,0.0
2019-08-04,36.28,36.48,35.75,36,1731304,0.0
2019-08-05,35.93,36.51,35.85,36.39,1187641,0.0
2019-08-06,36.05,36.93,35.76,36.78,1608484,0.0
2019-08-07,37.34,37.34,34.89,35,2793643,0.0
2019-08-08,34.95,35.56,34.88,35.39,1078809,0.0
2019-08-11,35.28,35.28,34.67,34.8,1150384,0.0
2019-08-12,34.67,35.53,34.67,35.005,1230077,0.0
2019-08-13,34.78,34.78,33.37,33.66,1111498,0.0
2019-08-14,33.65,34.03,32.71,32.8,1680399,0.0
2019-08-15,33.09,33.29,32.71,32.98,1201009,0.0
2019-08-18,33.31,33.9,33.3,33.61,1366861,0.0
2019-08-19,33.5,33.82,33.25,33.35,1388576,0.0
2019-08-20,33.47,33.51,32.87,33.14,1075870,0.0
2019-08-21,33.19,33.34,32.73,32.83,1270681,0.0
2019-08-22,32.66,32.72,31.33,31.45,1130401,0.0
2019-08-25,31.67,31.82,31.28,31.69,1387889,0.0
2019-08-26,31.9,32.05,31.61,31.61,1375690,0.0
2019-08-27,31.67,31.94,31.33,31.54,912139,0.0
2019-08-28,31.78,32.8,31.665,32.44,1571548,0.0
2019-08-29,33.27,33.31,32.47,32.78,1115786,0.0
2019-09-02,32.4,32.735,32.16,32.43,787976,0.0
2019-09-03,32.65,33.26,32.535,33.2,866904,0.0
2019-09-04,33.52,34.03,33.23,33.91,844695,0.0
2019-09-05,33.95,34.35,33.73,33.88,748264,0.0
2019-09-08,33.68,34.02,33.31,33.99,604454,0.0
2019-09-09,33.76,34.42,33.76,34.21,1313469,0.0
2019-09-10,34.1,34.23,33.62,33.97,927143,0.0
2019-09-11,34.12,34.12,33.59,33.69,1025391,0.0
2019-09-12,33.68,34.08,33.45,33.71,857225,0.0
2019-09-15,33.52,33.66,33.35,33.48,578531,0.0
2019-09-16,33.46,33.46,32.72,32.815,762257,0.0
2019-09-17,32.68,32.84,32.03,32.49,968693,0.0
2019-09-18,32.57,32.66,31.9,31.98,515806,0.0
2019-09-19,31.89,32.3,31.63,32.09,1279044,0.0
2019-09-22,32.16,32.3354,31.88,32.18,582498,0.0
2019-09-23,32.32,32.35,31.4,31.53,961984,0.0
2019-09-24,31.48,32.17,31.48,32,882462,0.0
2019-09-25,32.06,32.06,31.35,31.49,980932,0.0
2019-09-26,31.51,31.71,31.13,31.47,742834,0.0
2019-09-29,31.68,31.85,31.34,31.53,567284,0.0
2019-09-30,31.7,32.01,31.13,31.19,727013,0.0
2019-10-01,30.99,31.2,30.26,30.325,993995,0.0
2019-10-02,30.25,30.43,29.67,30.4,958477,0.0
2019-10-03,30.5,30.78,30.34,30.48,1685027,0.0
2019-10-06,30.51,31.04,30.48,30.49,1301018,0.0
2019-10-07,30.21,30.21,29.61,30.04,1989658,0.0
2019-10-08,30.21,30.41,29.94,30.24,1930015,0.0
2019-10-09,30.22,30.53,30.05,30.425,2122782,0.0
2019-10-10,30.65,31.48,30.63,31.17,2687739,0.0
2019-10-13,30.88,31.13,30.745,31.02,2083468,0.0
2019-10-14,31.02,31.51,30.8,31.43,2080177,0.0
2019-10-15,31.35,31.59,31.26,31.58,1935482,0.0
2019-10-16,31.5,31.72,31.15,31.5,3833169,0.0
2019-10-17,31.63,32.07,31.48,31.52,4590311,0.0
2019-10-20,31.58,32.155,31.58,32.1,1427474,0.0
2019-10-21,32.16,32.86,31.9275,32.77,1409250,0.0
2019-10-22,32.87,33.01,32.5,32.62,819740,0.0
2019-10-23,32.56,32.73,31.2,31.6,1290571,0.0
2019-10-24,31.62,32.06,31.62,31.71,1176992,0.0
2019-10-27,31.72,32.66,31.72,32.21,2066925,0.0
2019-10-28,32.16,32.21,31.84,32.05,1043759,0.0
2019-10-29,31.98,32.06,31.3,31.36,1074143,0.0
2019-10-30,31.17,31.26,30.9432,31.25,1385850,0.0
2019-10-31,31.36,31.96,31.18,31.86,2853112,0.0
2019-11-03,32.04,32.04,31.73,31.9,1389055,0.0
2019-11-04,31.9,32.45,31.9,32.15,1877847,0.0
2019-11-05,32.18,32.46,31.67,32.33,1345046,0.0
2019-11-06,33.15,34.265,32.74,34.25,2565435,0.0
2019-11-07,34.14,34.52,33.91,34.42,1179601,0.0
2019-11-10,34.24,34.33,33.94,34.22,733739,0.0
2019-11-11,34.21,34.37,33.755,33.8,942610,0.0
2019-11-12,33.63,33.96,33.47,33.57,774962,0.0
2019-11-13,33.46,33.78,33.28,33.45,1039440,0.0
2019-11-14,33.75,33.97,33.39,33.6,1559057,0.0
2019-11-17,33.58,34.48,33.55,34.46,1054902,0.0
2019-11-18,34.67,35.48,34.47,35.43,1145945,0.0
2019-11-19,35.19,35.55,34.9,35,1273397,0.0
2019-11-20,35,35.43,34.69,34.81,811965,0.0
2019-11-21,34.77,35.17,34.75,34.88,1039565,0.0
2019-11-24,34.88,35,34.5799,34.85,760007,0.0
2019-11-25,34.88,35.29,34.78,35.19,927107,0.0
2019-11-26,35.3,35.39,34.895,35.03,619457,0.0
2019-11-28,34.9,35.12,34.62,34.98,409893,0.0
2019-12-01,34.96,35.23,34.745,34.81,742565,0.0
2019-12-02,34.54,34.63,33.99,34.35,937584,0.0
2019-12-03,34.29,34.84,34.19,34.63,863972,0.0
2019-12-04,34.79,35,34.45,34.635,1056942,0.0
2019-12-05,34.88,35.05,34.535,34.6,745232,0.0
2019-12-08,34.67,35.18,34.51,34.78,793798,0.0
2019-12-09,34.77,35.16,34.48,34.93,960966,0.0
2019-12-10,35.02,35.71,35.02,35.29,1329693,0.0
2019-12-11,35.38,36.06,35.24,35.95,1241162,0.0
2019-12-12,35.92,36.11,35.64,35.86,1202261,0.0
2019-12-15,36.03,36.18,35.81,35.88,990480,0.0
2019-12-16,35.87,36.33,35.56,36.24,904820,0.0
2019-12-17,36.28,36.4,35.96,36,1632020,0.0
2019-12-18,35.9,36.22,35.84,36.07,905565,0.0
2019-12-19,36.14,36.3932,35.85,36.23,1783868,0.0
2019-12-22,36.16,36.79,36.16,36.62,929881,0.0
2019-12-23,36.61,36.8,36.49,36.5085,308489,0.0
2019-12-25,36.64,36.86,36.5,36.8,621582,0.0
2019-12-26,36.95,36.95,36.55,36.73,746796,0.0
2019-12-29,36.79,36.86,36.39,36.45,819530,0.0
2019-12-30,36.32,36.525,36.145,36.4,836840,0.0
2020-01-01,36.5,36.75,35.965,36.45,934089,0.0
2020-01-02,36.01,36.35,36.01,36.09,790101,0.0
2020-01-05,35.94,36.14,35.73,36.01,710187,0.0
2020-01-06,35.89,36.58,35.84,36.47,786400,0.0
2020-01-07,36.58,36.92,36.36,36.42,1453052,0.0
2020-01-08,36.5,36.67,36.2,36.5,745342,0.0
2020-01-09,36.55,36.59,35.99,36.085,880742,0.0
2020-01-12,36.09,36.47,35.82,36.3,857364,0.0
2020-01-13,36.13,36.77,35.912,36.54,1205620,0.0
2020-01-14,36.57,36.86,36.48,36.79,801252,0.0
2020-01-15,37,38.26,36.87,38.23,1640718,0.0
2020-01-16,38.31,38.84,38.31,38.57,1444076,0.0
2020-01-20,38.4,38.54,38.09,38.41,2396451,0.0
2020-01-21,38.41,38.6,38.13,38.4,2364748,0.0
2020-01-22,38.11,38.13,36.7,36.89,4318556,0.0
2020-01-23,36.94,36.94,35.64,36.04,5218991,0.0
2020-01-26,35.81,36.42,35.66,36.38,1597074,0.0
2020-01-27,36.5,36.82,36.17,36.62,1117806,0.0
2020-01-28,36.38,36.63,35.875,35.99,731114,0.0
2020-01-29,35.6,36.48,35.53,36.46,818441,0.0
2020-01-30,36.35,36.57,35.8485,36.34,1423384,0.0
2020-02-02,36.5,37.25,36.41,36.83,893751,0.0
2020-02-03,37.27,37.57,36.99,37.4,906581,0.0
2020-02-04,37.81,38.21,37.45,37.96,1783126,0.0
2020-02-05,38.26,38.44,36.18,36.5,2445814,0.0
2020-02-06,36.45,36.46,35.89,36.36,939988,0.0
2020-02-09,36.22,36.845,36.1,36.78,1350329,0.0
2020-02-10,36.85,36.85,36.18,36.62,862833,0.0
2020-02-11,36.77,37.22,36.72,37.15,775701,0.0
2020-02-12,36.95,37.74,36.95,37.53,945335,0.0
2020-02-13,37.53,37.59,37,37.3,649721,0.0
2020-02-17,37.26,37.405,36.94,37.22,781255,0.0
2020-02-18,37.24,37.72,37.1,37.53,561928,0.0
2020-02-19,37.18,37.34,35.9,36.54,1529245,0.0
2020-02-20,36.29,36.84,35.48,35.5,1434613,0.0
2020-02-23,35.27,35.44,34.09,34.27,1217620,0.0
2020-02-24,34.41,34.55,32.645,32.84,1677177,0.0
2020-02-25,33.36,33.41,32.08,32.41,2520987,0.0
2020-02-26,31.99,32.56,30.99,30.99,2514149,0.0
2020-02-27,30.2,31.32,29.86,30.45,3497626,0.0
2020-03-01,30.48,31.78,30.07,31.77,2569696,0.0
2020-03-02,31.19,32.28,30.34,30.73,3796876,0.0
2020-03-03,31.04,31.27,30.13,30.67,2368164,0.0
2020-03-04,29.83,30.04,28.91,29.12,1878678,0.0
2020-03-05,27.71,28.79,27.5502,28.52,2567449,0.0
2020-03-08,26.75,27.63,26.38,27.11,3810073,0.0
2020-03-09,27.96,28.98,26.77,28.77,6571814,0.0
2020-03-10,27.82,28.28,27.3,27.52,5520654,0.0
2020-03-11,26.55,26.66,24.29,25.56,2821767,0.0
2020-03-12,26.4,27.78,24.2425,25.39,2383933,0.0
2020-03-15,23.3,24.38,22.68,23.19,5437738,0.0
2020-03-16,23.5,24.44,22.17,23.79,2698820,0.0
2020-03-17,22.54,23.26,20.64,21.33,2799379,0.0
2020-03-18,21.43,22.73,20.1,21.93,3047100,0.0
2020-03-19,22.3,22.77,19.92,20.05,5784430,0.0
2020-03-22,20.13,20.55,19.13,19.78,4695944,0.0
2020-03-23,20.82,21.73,20.17,21.64,2190251,0.0
2020-03-24,21.65,24.54,21.26,23.37,2693293,0.0
2020-03-25,23.46,24.78,23.46,24.61,2123384,0.0
2020-03-26,23.71,23.95,21.95,22.04,1831638,0.0
2020-03-29,22.11,23.97,21.52,23.76,1186616,0.0
2020-03-30,23.95,24.32,22.76,22.91,3796398,0.0
2020-03-31,21.85,22.1828,21.26,21.56,2672754,0.0
2020-04-01,21.56,22.71,21.22,21.84,2374041,0.0
2020-04-02,21.73,21.97,21.2,21.59,1638086,0.0
2020-04-05,22.78,24.62,22.69,24.46,2344798,0.0
2020-04-06,25.69,26.44,24.9,24.94,1471759,0.0
2020-04-07,25.04,26.03,25,25.82,1349714,0.0
2020-04-08,25.92,26.56,25.17,25.64,1488084,0.0
2020-04-12,25.46,25.51,24.32,25.36,2604906,0.0
2020-04-13,25.8,26.18,25.39,26.03,1673473,0.0
2020-04-14,25.15,25.25,24.55,25.18,3209357,0.0
2020-04-15,25.16,25.29,24.42,25.14,5560584,0.0
2020-04-16,25.75,26.33,25.52,26.25,2855703,0.0
2020-04-19,25.46,26.44,25.46,25.71,7213188,0.0
2020-04-20,24.91,25.38,24.78,25.05,3392939,0.0
2020-04-21,25.68,25.88,24.56,24.57,3859608,0.0
2020-04-22,24.63,25.1,23.91,24.46,3920581,0.0
2020-04-23,24.48,24.675,24.13,24.54,2501383,0.0
2020-04-26,24.83,26.24,24.78,26.01,3086849,0.0
2020-04-27,26.65,27.71,26.5,26.96,1034455,0.0
2020-04-28,27.73,28.24,27.69,27.95,992698,0.0
2020-04-29,27.4,27.4,25.175,25.57,2982748,0.0
2020-04-30,25,25.38,24.67,25.02,644693,0.0
2020-05-03,24.85,24.96,24.21,24.62,984050,0.0
2020-05-04,24.82,25.01,23.63,23.86,1124704,0.0
2020-05-05,23.89,24.72,23.39,24.62,1826354,0.0
2020-05-06,26.25,26.73,24.86,25.01,3215594,0.0
2020-05-07,25.62,25.95,25.32,25.73,1621956,0.0
2020-05-10,25.81,25.81,24.78,25.45,717429,0.0
2020-05-11,25.59,25.76,24.89,24.89,1602842,0.0
2020-05-12,24.72,24.755,23.38,24.06,2003978,0.0
2020-05-13,23.67,25.2,23.36,25.11,3316444,0.0
2020-05-14,24.97,25.57,24.69,25.5,829834,0.0
2020-05-17,26.66,27.04,26.215,26.85,1888840,0.0
2020-05-18,26.72,27.48,26.46,26.95,1291874,0.0
2020-05-19,27.04,27.76,26.95,27.37,845172,0.0
2020-05-20,27.07,27.63,27.07,27.2,505620,0.0
2020-05-21,27.16,27.48,27.04,27.39,1240326,0.0
2020-05-25,28.4,28.77,28.08,28.6,726210,0.0
2020-05-26,28.99,29.73,28.68,29.3,1593842,0.0
2020-05-27,29.42,29.62,28.53,28.65,1507450,0.0
2020-05-28,28.56,28.93,28.07,28.76,1105428,0.0
2020-05-31,28.89,29.41,28.8,29.14,595214,0.0
2020-06-01,29.18,29.36,28.58,28.86,1339544,0.0
2020-06-02,29.21,30.59,29.21,30.2,1182459,0.0
2020-06-03,30.03,30.43,29.58,29.95,1896370,0.0
2020-06-04,30.96,31.51,30.12,30.25,1313385,0.0
2020-06-07,30.39,32.05,30.39,31.7,4337724,0.0
2020-06-08,31.27,31.36,30.26,30.33,2115090,0.0
2020-06-09,30.13,30.25,29.12,29.725,1333082,0.0
2020-06-10,28.71,28.78,27.51,27.63,1389073,0.0
2020-06-11,28.38,28.62,27.51,27.61,559070,0.0
2020-06-14,26.97,29.36,26.861,28.86,2370746,0.0
2020-06-15,29.7,30.02,27.715,28.01,2825025,0.0
2020-06-16,28,28.1,27.54,27.76,1232193,0.0
2020-06-17,27.57,28.69,27.48,28.66,727924,0.0
2020-06-18,29.15,29.49,27.82,27.84,2530130,0.0
2020-06-21,27.55,27.77,27.17,27.62,686516,0.0
2020-06-22,27.86,28.36,27.78,27.8,686669,0.0
2020-06-23,27.39,27.59,26.46,27.01,921071,0.0
2020-06-24,26.75,26.82,26.125,26.75,1469430,0.0
2020-06-25,26.62,26.62,25.4,25.74,1851038,0.0
2020-06-28,25.99,26.84,25.6,26.795,1258104,0.0
2020-06-29,26.76,26.9,26.44,26.82,951391,0.0
2020-06-30,26.8,27.36,26.52,26.92,1659289,0.0
2020-07-01,27.46,27.65,26.46,26.55,1144248,0.0
