Date,Open,High,Low,Close,Volume,OpenInterest
2016-07-13,28.18,28.335,28.04,28.12,5201491,0.0
2016-07-14,28.33,28.33,27.79,28.03,8219906,0.0
2016-07-17,28.1,28.205,27.96,28.02,9598777,0.0
2016-07-18,27.9,27.98,27.73,27.76,9278936,0.0
2016-07-19,27.8,27.94,26.96,26.995,20469570,0.0
2016-07-20,26.93,27.325,26.77,27.18,6824082,0.0
2016-07-21,27.24,27.3,27.03,27.1,5536631,0.0
2016-07-24,27.06,27.15,26.84,26.85,8457996,0.0
2016-07-25,26.85,27.02,26.595,26.74,8046801,0.0
2016-07-26,26.82,26.855,26.62,26.75,11737707,0.0
2016-07-27,26.72,26.855,26.57,26.75,7467394,0.0
2016-07-28,26.67,26.82,26.45,26.645,6725899,0.0
2016-07-31,26.64,26.78,26.47,26.62,7693992,0.0
2016-08-01,26.59,26.79,26.49,26.7,10929807,0.0
2016-08-02,26.6,27.16,26.31,27.06,12718875,0.0
2016-08-03,26.04,26.45,25.25,25.6,41234786,0.0
2016-08-04,25.71,25.91,25.6,25.63,11810897,0.0
2016-08-07,25.57,25.62,25.37,25.41,6135336,0.0
2016-08-08,25.46,25.6,25.26,25.47,6967441,0.0
2016-08-09,25.53,25.71,25.32,25.58,6795431,0.0
2016-08-10,25.66,26.27,25.63,26.16,13069658,0.0
2016-08-11,26.09,26.37,25.95,26.015,9835378,0.0
2016-08-14,26.13,26.135,25.83,25.845,5981960,0.0
2016-08-15,25.73,25.745,25.45,25.47,10811017,0.0
2016-08-16,25.49,25.6,25.32,25.48,11864436,0.0
2016-08-17,25.44,25.52,24.99,25.075,12856592,0.0
2016-08-18,25.11,25.17,24.86,25.15,12465973,0.0
2016-08-21,25.11,25.36,25.01,25.12,7466130,0.0
2016-08-22,25.15,25.32,24.85,24.89,8323651,0.0
2016-08-23,24.91,24.98,24.72,24.81,7516913,0.0
2016-08-24,24.8,24.87,24.51,24.585,5861433,0.0
2016-08-25,24.67,24.73,24.41,24.55,7503209,0.0
2016-08-28,24.61,24.85,24.55,24.74,6014249,0.0
2016-08-29,24.72,24.77,24.5,24.55,3946686,0.0
2016-08-30,24.5,24.72,24.47,24.54,6023395,0.0
2016-08-31,24.61,24.63,24.42,24.53,5485186,0.0
2016-09-01,24.7,24.82,24.51,24.55,4224090,0.0
2016-09-05,24.53,24.55,24.09,24.42,6802645,0.0
2016-09-06,24.38,24.61,24.34,24.38,9922620,0.0
2016-09-07,24.4,24.77,24.37,24.74,11733385,0.0
2016-09-08,24.56,24.65,23.56,23.57,17911844,0.0
2016-09-11,23.37,24.2,23.34,23.95,18958911,0.0
2016-09-12,23.7,23.95,23.41,23.72,13002246,0.0
2016-09-13,23.75,23.93,23.56,23.7,12563128,0.0
2016-09-14,23.63,23.905,23.44,23.84,16317901,0.0
2016-09-15,23.47,23.94,23.33,23.89,21916299,0.0
2016-09-18,23.97,24.07,23.81,23.94,12306698,0.0
2016-09-19,24.05,24.105,23.86,23.89,10430639,0.0
2016-09-20,23.89,24.04,23.78,24,12053343,0.0
2016-09-21,24.2,24.48,24.09,24.3,10657962,0.0
2016-09-22,24.28,24.44,23.93,23.93,8678176,0.0
2016-09-25,23.84,23.95,23.595,23.8,12289595,0.0
2016-09-26,23.79,24.27,23.735,24.21,6852917,0.0
2016-09-27,24.29,24.53,24.2,24.31,11119599,0.0
2016-09-28,24.17,24.41,24.01,24.03,7108780,0.0
2016-09-29,24.19,24.42,24.04,24.22,8023887,0.0
2016-10-02,24.09,24.81,24.04,24.73,9956905,0.0
2016-10-03,24.72,24.985,24.53,24.75,9560354,0.0
2016-10-04,24.79,24.87,24.63,24.65,6433264,0.0
2016-10-05,24.56,24.74,24.33,24.53,5779501,0.0
2016-10-06,24.62,24.68,24.23,24.35,6152536,0.0
2016-10-09,24.43,24.75,24.43,24.71,4820425,0.0
2016-10-10,24.73,24.77,24.49,24.655,13272004,0.0
2016-10-11,24.64,24.66,24.44,24.54,5937360,0.0
2016-10-12,24.33,24.66,24.215,24.57,7648343,0.0
2016-10-13,24.62,24.91,24.55,24.735,7888080,0.0
2016-10-16,24.75,24.81,24.64,24.685,7546327,0.0
2016-10-17,24.89,25.1,24.78,24.96,10132234,0.0
2016-10-18,25.02,25.16,24.93,25.13,7496935,0.0
2016-10-19,25.12,25.4,24.96,25.275,16822157,0.0
2016-10-20,25.08,26.03,25.01,25.83,18527966,0.0
2016-10-23,26.06,26.22,25.33,25.56,13954883,0.0
2016-10-24,25.59,25.7,25.47,25.56,7413351,0.0
2016-10-25,25.63,26.45,25.505,26.4,16241442,0.0
2016-10-26,26.45,26.53,25.99,26.11,9040305,0.0
2016-10-27,26.13,26.34,26.08,26.26,8690871,0.0
2016-10-30,26.32,26.55,26.21,26.27,12455127,0.0
2016-10-31,26.29,26.31,25.95,26.18,12528529,0.0
2016-11-01,26.28,26.28,25.725,25.825,11655059,0.0
2016-11-02,27.1,27.84,26.7,27.72,27315883,0.0
2016-11-03,27.49,27.7,26.9,26.94,14268232,0.0
2016-11-06,27.43,27.43,27.12,27.39,11610074,0.0
2016-11-07,27.43,27.46,26.96,27.08,11254096,0.0
2016-11-08,26.57,27.54,26.4,27.45,13256472,0.0
2016-11-09,27.45,27.77,27.09,27.16,11216935,0.0
2016-11-10,27.12,27.205,26.7,27.13,10649393,0.0
2016-11-13,27.1,27.55,27.1,27.52,8900413,0.0
2016-11-14,27.51,27.585,27.37,27.45,6846399,0.0
2016-11-15,27.45,27.65,27.36,27.54,4932941,0.0
2016-11-16,27.58,27.925,27.43,27.92,7202345,0.0
2016-11-17,27.82,28,27.73,27.81,6931666,0.0
2016-11-20,27.78,27.88,27.64,27.8,3565184,0.0
2016-11-21,27.89,28.37,27.78,28.27,6035141,0.0
2016-11-22,28.28,28.49,28.16,28.4,4538686,0.0
2016-11-24,28.34,28.44,28.24,28.35,2666910,0.0
2016-11-27,28.24,28.4975,28.12,28.31,5905136,0.0
2016-11-28,28.42,28.52,28.17,28.47,5763049,0.0
2016-11-29,28.39,28.54,28.12,28.12,7276279,0.0
2016-11-30,28.07,28.43,27.965,28.21,7844312,0.0
2016-12-01,28.33,28.33,27.2,27.395,9754785,0.0
2016-12-04,27.54,27.61,26.8178,27.56,11369122,0.0
2016-12-05,27.54,27.67,27.25,27.5,11805752,0.0
2016-12-06,27.48,28.14,27.39,28.11,8883669,0.0
2016-12-07,28.24,28.66,28.14,28.64,9597871,0.0
2016-12-08,28.62,30.42,27.54,28.21,39800764,0.0
2016-12-11,27.93,27.99,26.12,26.34,23045402,0.0
2016-12-12,26.32,27.04,26.28,27.03,14718944,0.0
2016-12-13,27.24,28.19,27.06,28.02,20501104,0.0
2016-12-14,28.2,28.315,27.67,28,13864895,0.0
2016-12-15,28.05,28.49,27.87,28.03,9108510,0.0
2016-12-18,28.1,28.3,27.94,28.13,5117105,0.0
2016-12-19,28.22,28.48,28.05,28.175,4160624,0.0
2016-12-20,28.16,28.46,27.895,28.44,4955832,0.0
2016-12-21,26.53,28.47,26.53,28.44,6841492,0.0
2016-12-22,28.35,28.48,28.24,28.385,3474486,0.0
2016-12-26,28.45,28.65,28.32,28.53,4433991,0.0
2016-12-27,28.52,28.62,28.33,28.46,5503322,0.0
2016-12-28,28.6,28.61,28.21,28.27,4078364,0.0
2016-12-29,28.29,28.37,27.92,28.04,4471792,0.0
2017-01-02,28.42,29.04,28.27,28.715,9549918,0.0
2017-01-03,28.88,29.19,28.76,29.02,7305219,0.0
2017-01-04,28.83,29.17,28.65,29,5614691,0.0
2017-01-05,29.03,29.6,28.85,29.52,6615439,0.0
2017-01-08,29.58,29.655,29.2501,29.47,5656661,0.0
2017-01-09,29.56,30.08,29.25,29.68,6889899,0.0
2017-01-10,29.72,30.1,29.59,30.08,7365507,0.0
2017-01-11,30.05,30.0718,29.67,29.81,5278406,0.0
2017-01-12,29.78,30.09,29.62,30.03,4876974,0.0
2017-01-16,29.89,30.11,29.86,29.94,3690528,0.0
2017-01-17,30.01,30.33,29.92,30.27,6109775,0.0
2017-01-18,30.16,30.37,29.71,29.81,7466110,0.0
2017-01-19,29.82,30.125,29.82,30.09,5266300,0.0
2017-01-22,30.06,30.17,29.82,30.01,4544070,0.0
2017-01-23,30.11,30.3,29.89,30.27,3528958,0.0
2017-01-24,30.37,30.44,30.17,30.29,4337215,0.0
2017-01-25,30.43,31.61,30.31,31.01,11847712,0.0
2017-01-26,31.14,31.52,30.88,31.295,7376231,0.0
2017-01-29,31.28,31.4,30.995,31.38,3726314,0.0
2017-01-30,31.17,31.44,31.05,31.39,3323099,0.0
2017-01-31,31.54,31.75,31.315,31.62,6419141,0.0
2017-02-01,31.53,31.59,31.29,31.46,4047903,0.0
2017-02-02,31.46,31.62,31.16,31.4,6504015,0.0
2017-02-05,31.19,31.5,30.96,31.06,12652774,0.0
2017-02-06,30.85,31.46,30.14,30.48,13491013,0.0
2017-02-07,30.47,30.57,29.96,30.2,7111599,0.0
2017-02-08,30.35,30.51,30.09,30.12,5039907,0.0
2017-02-09,30.19,30.28,29.81,29.91,7905737,0.0
2017-02-12,30.09,30.12,29.51,29.72,5964392,0.0
2017-02-13,29.74,30.4,29.57,30.31,8076634,0.0
2017-02-14,30.08,30.7,30.07,30.7,6943586,0.0
2017-02-15,30.62,30.75,30.41,30.51,3833222,0.0
2017-02-16,30.42,30.51,30.16,30.35,4099606,0.0
2017-02-20,30.24,30.8,30.23,30.54,7936237,0.0
2017-02-21,30.39,30.6,30.39,30.47,3909626,0.0
2017-02-22,30.29,30.68,30.17,30.35,3778302,0.0
2017-02-23,30.44,30.62,30.265,30.61,4266937,0.0
2017-02-26,30.51,30.7,30.29,30.435,5759028,0.0
2017-02-27,30.33,30.42,29.9,29.92,5879730,0.0
2017-02-28,30.19,30.73,30.15,30.4,7429044,0.0
2017-03-01,30.35,30.48,30.09,30.2,5439919,0.0
2017-03-02,30.2,30.52,30.03,30.46,3896972,0.0
2017-03-05,30.41,31.03,30.29,30.69,9840105,0.0
2017-03-06,30.61,30.77,30.23,30.51,5450667,0.0
2017-03-07,30.51,30.6,30.325,30.355,4325203,0.0
2017-03-08,30.36,30.83,30.36,30.7,5823679,0.0
2017-03-09,30.83,30.92,30.4,30.56,6927151,0.0
2017-03-12,30.4,30.55,30.35,30.5,4579982,0.0
2017-03-13,30.49,30.61,30.32,30.515,3712653,0.0
2017-03-14,30.69,30.92,30.44,30.74,3476260,0.0
2017-03-15,30.68,30.78,30.4235,30.74,7835191,0.0
2017-03-16,30.94,31.03,30.65,30.81,7898631,0.0
2017-03-19,30.85,31.01,30.58,30.63,3520070,0.0
2017-03-20,30.77,30.86,30.52,30.56,8871895,0.0
2017-03-21,30.63,31.09,30.49,30.97,5775953,0.0
2017-03-22,30.97,31.55,30.88,31.33,9962056,0.0
2017-03-23,31.38,31.845,31.26,31.52,9432452,0.0
2017-03-26,31.41,32.05,31.31,31.9,10168318,0.0
2017-03-27,31.8,32.575,31.75,32.45,9382703,0.0
2017-03-28,32.31,32.485,32.07,32.12,5868161,0.0
2017-03-29,32.04,32.39,32.01,32.37,3608890,0.0
2017-03-30,32.22,32.6,32.2,32.4,5305795,0.0
2017-04-02,32.48,32.54,32.03,32.15,4866516,0.0
2017-04-03,32.03,32.17,31.61,31.75,8322691,0.0
2017-04-04,31.78,31.845,31.26,31.38,7819648,0.0
2017-04-05,31.27,31.3574,30.65,31.12,8235563,0.0
2017-04-06,31.14,31.25,30.83,31.07,4013233,0.0
2017-04-09,31.08,31.41,31.07,31.23,5212398,0.0
2017-04-10,31.13,31.285,30.79,31.15,4664892,0.0
2017-04-11,30.89,31.13,30.46,30.65,7971130,0.0
2017-04-12,30.75,31.03,30.43,30.43,6664202,0.0
2017-04-16,30.6,30.8,30.53,30.73,3319887,0.0
2017-04-17,30.68,30.775,30.415,30.66,4959533,0.0
2017-04-18,30.77,30.92,30.385,30.39,8492504,0.0
2017-04-19,30.59,31.16,30.39,31.07,6611340,0.0
2017-04-20,31.07,31.1599,30.64,30.71,4657751,0.0
2017-04-23,31.17,31.17,30.16,30.35,8147639,0.0
2017-04-24,30.44,30.73,30.41,30.615,5590702,0.0
2017-04-25,30.68,30.93,30.57,30.74,4517246,0.0
2017-04-26,30.81,30.83,30.49,30.56,3866522,0.0
2017-04-27,30.58,30.6,30.305,30.535,5283974,0.0
2017-04-30,30.67,30.67,30.19,30.39,6591694,0.0
2017-05-01,30.44,30.51,30.28,30.43,5635019,0.0
2017-05-02,30.5,30.5,28.705,28.88,20332062,0.0
2017-05-03,28.8,29.32,27.75,29.04,16276251,0.0
2017-05-04,29.19,29.39,28.45,29.14,14689747,0.0
2017-05-07,29.14,29.19,28.3201,28.4,15295062,0.0
2017-05-08,28.35,28.51,28.04,28.23,13127310,0.0
2017-05-09,28.07,28.27,27.77,27.89,25468866,0.0
2017-05-10,28.45,28.76,27.65,28.51,29494309,0.0
2017-05-11,28.38,28.64,27.885,27.925,27423546,0.0
2017-05-14,28,28.2,27.69,27.71,14761184,0.0
2017-05-15,27.7,27.79,27.015,27.33,14464083,0.0
2017-05-16,27.11,27.1875,26.74,26.85,11760256,0.0
2017-05-17,26.9,27.05,26.72,26.86,5985695,0.0
2017-05-18,26.86,27.255,26.76,27.11,6625809,0.0
2017-05-21,27.21,27.34,27.035,27.255,8105460,0.0
2017-05-22,27.36,27.36,26.61,26.75,10180186,0.0
2017-05-23,26.87,26.92,26.64,26.87,3948383,0.0
2017-05-24,26.9,27.78,26.67,27.33,16437576,0.0
2017-05-25,27.31,27.36,26.96,27.02,7472347,0.0
2017-05-29,26.94,27.12,26.84,27.045,4194088,0.0
2017-05-30,27.16,27.18,26.89,27.12,5527640,0.0
2017-05-31,27.26,27.84,27.07,27.82,10499090,0.0
2017-06-01,27.86,28.21,27.78,27.93,17414651,0.0
2017-06-04,27.88,27.89,27.39,27.74,9808670,0.0
2017-06-05,27.68,27.94,27.48,27.53,10220433,0.0
2017-06-06,27.56,27.8,27.425,27.58,5202826,0.0
2017-06-07,27.5,27.61,27.055,27.395,5645032,0.0
2017-06-08,27.34,28.2,27.2,28.17,12609552,0.0
2017-06-11,28.18,29.03,28.11,28.75,14191342,0.0
2017-06-12,28.61,28.64,28.03,28.06,6880610,0.0
2017-06-13,28.12,28.25,27.42,27.61,6209676,0.0
2017-06-14,27.5,27.81,27.45,27.74,3529036,0.0
2017-06-15,27.5,27.76,27.195,27.45,6125969,0.0
2017-06-18,27.55,27.9,27.3,27.8,4309330,0.0
2017-06-19,27.74,27.78,27.01,27.17,5938128,0.0
2017-06-20,27.25,27.54,26.9,27.25,6402520,0.0
2017-06-21,27.29,27.29,26.94,26.965,4815598,0.0
2017-06-22,26.93,27.23,26.765,27.19,4461698,0.0
2017-06-25,27.32,28.26,27.26,28.05,8120926,0.0
2017-06-26,27.99,28.23,27.61,27.61,6989767,0.0
2017-06-27,27.72,28.445,27.72,28.11,6321639,0.0
2017-06-28,28.06,28.81,27.95,28.18,7217198,0.0
2017-06-29,28.26,28.37,27.86,28.33,6603632,0.0
2017-07-02,28.47,28.81,28.35,28.53,3750864,0.0
2017-07-04,28.62,28.62,28.245,28.37,7132298,0.0
2017-07-05,28.22,28.23,27.9,27.95,6107361,0.0
2017-07-06,27.92,28.15,27.75,27.9,4673269,0.0
2017-07-09,27.87,28.345,27.83,28.29,3373070,0.0
2017-07-10,28.24,28.28,28.03,28.11,5869993,0.0
2017-07-11,28.4,28.675,28.32,28.65,8099857,0.0
2017-07-12,28.49,28.81,27.4,27.58,15493288,0.0
2017-07-13,27.74,28.06,27.515,27.73,7746242,0.0
2017-07-16,27.74,27.82,27.29,27.38,9400372,0.0
2017-07-17,27.37,27.49,26.84,27.36,7209205,0.0
2017-07-18,27.52,27.72,27.35,27.64,7405708,0.0
2017-07-19,27.73,28.06,27.35,27.8,6276840,0.0
2017-07-20,27.87,28.09,27.71,27.83,5073700,0.0
2017-07-23,27.8,27.86,27.49,27.69,6131037,0.0
2017-07-24,27.68,28.05,27.52,27.94,9014997,0.0
2017-07-25,27.99,28.305,27.89,28.18,5792382,0.0
2017-07-26,28.48,29.63,28.37,29.62,14532592,0.0
2017-07-27,29.55,29.63,29.2,29.37,7026628,0.0
2017-07-30,29.4,29.4,28.9,29.1,7226839,0.0
2017-07-31,29.21,29.55,29.13,29.23,9293855,0.0
2017-08-01,28.83,29.09,28.5444,28.67,7869043,0.0
2017-08-02,28.73,29.08,28.66,28.82,7434680,0.0
2017-08-03,28.45,28.68,28.065,28.46,5517638,0.0
2017-08-06,28.46,28.525,28.18,28.19,4023794,0.0
2017-08-07,28.17,28.38,27.91,28.02,5865370,0.0
2017-08-08,27.7,27.95,27.16,27.9,10127539,0.0
2017-08-09,29.1,29.6,27.865,27.88,10114542,0.0
2017-08-10,28.15,28.34,27.89,28.23,5886049,0.0
2017-08-13,28.39,28.6,28.17,28.2,5180529,0.0
2017-08-14,28.22,28.27,27.84,27.86,4826603,0.0
2017-08-15,27.84,28.135,27.81,27.99,3657749,0.0
2017-08-16,27.91,28.05,27.3,27.35,3992415,0.0
2017-08-17,27.17,27.57,27.17,27.27,3858624,0.0
2017-08-20,27.28,27.39,27.015,27.36,3517561,0.0
2017-08-21,27.46,27.52,27.285,27.43,2609509,0.0
2017-08-22,27.38,27.395,27.125,27.155,4753339,0.0
2017-08-23,27.18,27.27,27.05,27.09,3379411,0.0
2017-08-24,27.2,27.47,27.08,27.24,3437041,0.0
2017-08-27,27.34,27.54,27.2,27.26,3941291,0.0
2017-08-28,27.11,27.55,27.08,27.36,3353172,0.0
2017-08-29,27.29,27.72,27.28,27.46,3085800,0.0
2017-08-30,27.5,27.78,27.46,27.6,5166602,0.0
2017-08-31,27.66,27.8,27.49,27.49,3001276,0.0
2017-09-04,27.49,27.55,26.41,26.57,6929831,0.0
2017-09-05,26.68,26.7,26.18,26.43,6753474,0.0
2017-09-06,26.5,26.575,25.135,25.79,11701204,0.0
2017-09-07,25.75,25.87,25.49,25.78,6870434,0.0
2017-09-10,25.94,26.07,25.81,26.055,5166036,0.0
2017-09-11,25.83,25.92,25.59,25.91,5324053,0.0
2017-09-12,25.91,26.6,25.7801,26.59,8581432,0.0
2017-09-13,26.47,26.58,26.23,26.51,6101776,0.0
2017-09-14,26.41,27.11,26.34,27.06,7077159,0.0
2017-09-17,27.01,27.13,26.315,26.505,4919377,0.0
2017-09-18,26.57,26.73,26.34,26.7,5633235,0.0
2017-09-19,26.74,26.95,26.6136,26.86,2581716,0.0
2017-09-20,26.91,26.95,26.66,26.76,2940281,0.0
2017-09-21,26.68,26.93,26.66,26.88,1814587,0.0
2017-09-24,26.88,27.32,26.81,27.125,6363737,0.0
2017-09-25,27.22,27.22,26.9,26.96,4580010,0.0
2017-09-26,27.09,27.35,26.66,27.33,7063396,0.0
2017-09-27,27.11,27.22,26.5,26.555,6587695,0.0
2017-09-28,26.57,26.665,26.24,26.375,7221797,0.0
2017-10-01,26.51,26.86,26.35,26.6,5902606,0.0
2017-10-02,26.61,26.77,26.45,26.64,4488431,0.0
2017-10-03,26.62,27.305,26.515,27.095,10169856,0.0
2017-10-04,27.2,27.3,26.845,26.95,7486945,0.0
2017-10-05,26.96,27.02,26.73,26.99,5187809,0.0
2017-10-08,26.98,27.01,26.57,26.57,3001169,0.0
2017-10-09,26.64,27.18,26.59,26.77,7543162,0.0
2017-10-10,26.62,26.63,25.8,26.12,13045243,0.0
2017-10-11,25.79,26.41,25.78,26.145,11577695,0.0
2017-10-12,26.29,26.58,26.08,26.52,8757251,0.0
2017-10-15,26.54,26.87,26.42,26.69,4828818,0.0
2017-10-16,26.54,26.92,26.54,26.875,3937840,0.0
2017-10-17,26.96,27.39,26.84,27.2,7613315,0.0
2017-10-18,27.07,27.405,26.955,27.37,4873216,0.0
2017-10-19,27.51,27.635,27.305,27.5,5679899,0.0
2017-10-22,27.51,27.57,26.64,26.7,4889840,0.0
2017-10-23,26.62,26.7,26.21,26.24,4051398,0.0
2017-10-24,26.13,26.35,26,26.13,3105471,0.0
2017-10-25,26.32,26.685,26.05,26.32,4117003,0.0
2017-10-26,26.06,26.44,25.56,26.4,7412727,0.0
2017-10-29,26.29,26.7,26.19,26.4,4168682,0.0
2017-10-30,26.45,26.48,26.01,26.145,3638617,0.0
2017-10-31,26.29,26.515,25.95,25.98,4174919,0.0
2017-11-01,26,26.17,25.56,25.81,8827679,0.0
2017-11-02,25.76,25.89,24.91,24.96,10498223,0.0
2017-11-05,24.9,27.53,24.81,27.45,27635280,0.0
2017-11-06,27.44,28.6,27.42,27.76,23411055,0.0
2017-11-07,27.71,28.6,27.47,28.125,9948241,0.0
2017-11-08,27.33,29.77,27.29,28.7,17672412,0.0
2017-11-09,28.96,29.95,28.74,28.83,11892465,0.0
2017-11-12,28.66,28.78,28.195,28.55,4486962,0.0
2017-11-13,28.31,28.48,27.77,28.04,6933015,0.0
2017-11-14,27.94,28.83,27.531,28.74,13607680,0.0
2017-11-15,28.36,29.55,28.36,29.33,8735912,0.0
2017-11-16,31.19,31.465,30.22,31.15,31563016,0.0
2017-11-19,31.02,31.62,30.39,30.67,11485717,0.0
2017-11-20,30.71,31.1,30.41,30.88,5752932,0.0
2017-11-21,30.86,30.96,30.55,30.6,3819993,0.0
2017-11-23,30.45,30.8,30.36,30.48,1874644,0.0
2017-11-26,30.43,30.56,30.32,30.39,2893402,0.0
2017-11-27,30.6,30.91,30.32,30.87,6179929,0.0
2017-11-28,31.04,32.31,31.02,32.1,9817953,0.0
2017-11-29,31.87,32.26,31.52,31.93,7284543,0.0
2017-11-30,31.49,32.35,31.37,32.19,10183533,0.0
2017-12-03,32.63,34.02,32.5841,33.08,13609384,0.0
2017-12-04,33.13,34.48,32.91,33,20436517,0.0
2017-12-05,33.3,33.94,32.71,33.21,14346723,0.0
2017-12-06,33.35,34.75,33.13,34.19,24341008,0.0
2017-12-07,34.41,34.46,33.25,33.3,11354397,0.0
2017-12-10,33.43,33.77,33.21,33.66,6535774,0.0
2017-12-11,33.87,34.18,33.25,34.08,15678697,0.0
2017-12-12,33.76,33.78,32.38,32.75,18840256,0.0
2017-12-13,32.41,35.15,32.35,34.88,48274920,0.0
2017-12-14,34.91,35.8599,34.77,34.84,29938315,0.0
2017-12-17,35.07,35.53,34.76,35.2,18470730,0.0
2017-12-18,35.17,35.46,34.93,35.06,13580079,0.0
2017-12-19,35.09,35.29,34.26,34.27,13400209,0.0
2017-12-20,34.2,35.33,34.13,35.12,10861702,0.0
2017-12-21,35.09,35.35,34.88,35.24,4959939,0.0
2017-12-25,35.31,35.43,34.59,34.61,3966230,0.0
2017-12-26,34.71,34.75,34.48,34.56,3889517,0.0
2017-12-27,34.69,34.69,34.38,34.48,2858615,0.0
2017-12-28,34.3,34.7,34.3,34.54,3167341,0.0
2018-01-01,34.77,35.94,34.72,35.87,7960048,0.0
2018-01-02,35.99,36.89,35.965,36.55,13815506,0.0
2018-01-03,36.68,36.855,36.39,36.82,6017809,0.0
2018-01-04,36.9,36.96,36.49,36.75,7732422,0.0
2018-01-07,36.49,36.6,35.895,36.24,7948821,0.0
2018-01-08,36.22,36.72,36.21,36.54,5079807,0.0
2018-01-09,36.55,36.69,35.305,35.56,14516715,0.0
2018-01-10,35.7,36.3,35.64,36.2,7831436,0.0
2018-01-11,36.27,36.84,36.12,36.72,5443546,0.0
2018-01-15,36.82,36.9,36.26,36.3,5426824,0.0
2018-01-16,36.53,37.13,36.3401,37.11,5095466,0.0
2018-01-17,36.91,36.95,36,36.19,11348091,0.0
2018-01-18,36.03,36.69,35.97,36.66,15601250,0.0
2018-01-21,36.79,37.48,36.41,37.3,8450113,0.0
2018-01-22,37,37.72,36.7538,37.52,8704367,0.0
2018-01-23,37.69,38.51,37.6,38.01,13292971,0.0
2018-01-24,38.08,38.33,37.93,38.19,9690898,0.0
2018-01-25,38.25,38.95,37.86,38.8,8503792,0.0
2018-01-28,38.7,39.04,38.61,38.74,5351232,0.0
2018-01-29,38.94,39.135,38.46,38.46,6359281,0.0
2018-01-30,38.45,38.52,36.67,36.91,10465469,0.0
2018-01-31,36.91,37.54,36.68,37.01,10379245,0.0
2018-02-01,36.78,37.415,36.56,36.72,6166652,0.0
2018-02-04,36.6,37.62,36.06,36.15,9983705,0.0
2018-02-05,35.43,36.81,35.15,36.8,9775007,0.0
2018-02-06,36.84,37.41,35.99,36.07,6070391,0.0
2018-02-07,36.09,36.35,34.53,34.58,8853058,0.0
2018-02-08,34.79,35.95,34.12,35.69,14847305,0.0
2018-02-11,36.32,36.9,36.18,36.41,10811728,0.0
2018-02-12,35.99,36.82,35.87,36.58,6143774,0.0
2018-02-13,36.19,36.835,36.19,36.55,5908590,0.0
2018-02-14,36.69,37.07,36.495,36.97,4476933,0.0
2018-02-15,36.89,37.71,36.86,37.46,4490614,0.0
2018-02-19,37.46,37.61,37.03,37.13,4955588,0.0
2018-02-20,37.14,37.69,37.03,37.05,3654425,0.0
2018-02-21,37.24,37.42,37.01,37.18,3528533,0.0
2018-02-22,37.4,38.04,37.13,38.04,3797835,0.0
2018-02-25,38.07,38.87,38.02,38.82,4000314,0.0
2018-02-26,38.41,38.68,37.6,37.63,10850878,0.0
2018-02-27,37.76,37.98,36.82,36.83,10537583,0.0
2018-02-28,36.82,37.11,35.82,35.93,11920048,0.0
2018-03-01,35.86,36.465,35.53,36.37,10398719,0.0
2018-03-04,36.11,37.135,36,36.65,6489543,0.0
2018-03-05,36.64,37.55,36.525,37.54,6802781,0.0
2018-03-06,37.24,37.48,36.67,37.02,6387820,0.0
2018-03-07,37.18,37.445,36.93,37.19,3869995,0.0
2018-03-08,37.32,37.75,37.27,37.74,3752014,0.0
2018-03-11,37.73,38.27,37.58,37.98,3740946,0.0
2018-03-12,38.09,38.16,37.24,37.4,4156709,0.0
2018-03-13,37.52,37.7799,37.39,37.7,2784977,0.0
2018-03-14,37.62,37.73,37.13,37.15,4564626,0.0
2018-03-15,37.3,37.6,37.13,37.14,9316624,0.0
2018-03-18,36.95,37.12,36.415,36.79,5569085,0.0
2018-03-19,36.91,37.09,36.56,36.7,8638166,0.0
2018-03-20,36.68,37.18,36.6,36.87,5815436,0.0
2018-03-21,36.54,37.11,36.19,36.76,8285055,0.0
2018-03-22,36.78,37.075,36.09,36.11,4785341,0.0
2018-03-25,36.6,37.13,36.3,37.03,8101933,0.0
2018-03-26,37.21,37.22,36.25,36.49,7531690,0.0
2018-03-27,36.6,36.65,35.855,35.89,13795942,0.0
2018-03-28,36.09,36.82,35.87,36.65,8839184,0.0
2018-04-01,36.46,36.69,35.68,36.15,5917766,0.0
2018-04-02,36.23,36.27,35.58,36.15,7980281,0.0
2018-04-03,35.88,36.29,35.445,36.14,9258931,0.0
2018-04-04,36.34,36.56,35.83,36.35,9651863,0.0
2018-04-05,36.13,36.475,35.4,35.68,7954413,0.0
2018-04-08,35.87,36.31,35.59,35.7,5072997,0.0
2018-04-09,36.08,36.59,35.75,36.27,7702089,0.0
2018-04-10,35.75,36.585,35.7,36.205,6830978,0.0
2018-04-11,36.24,36.65,36.155,36.48,5631484,0.0
2018-04-12,36.56,36.995,36.52,36.79,7042504,0.0
2018-04-15,37.14,37.25,36.72,37.03,4623026,0.0
2018-04-16,37.28,37.89,37.13,37.54,6589652,0.0
2018-04-17,37.58,37.76,37.24,37.32,3068455,0.0
2018-04-18,37.3,37.97,37.075,37.2,7336626,0.0
2018-04-19,37.18,37.32,36.625,36.69,5414830,0.0
2018-04-22,36.7,36.85,36.27,36.49,4657970,0.0
2018-04-23,36.74,36.81,35.805,36.02,7239115,0.0
2018-04-24,36.01,37.12,35.79,36.59,11791017,0.0
2018-04-25,36.64,37.19,36.21,36.26,15857067,0.0
2018-04-26,36.2,36.81,35.92,36.38,9359763,0.0
2018-04-29,36.63,37.06,36.5,36.57,6011174,0.0
2018-04-30,36.43,36.74,36.19,36.57,5966974,0.0
2018-05-01,36.51,37.15,36.33,36.74,12536971,0.0
2018-05-02,36.56,37.11,35.86,36.88,9219327,0.0
2018-05-03,36.72,37.8,36.42,37.66,7629283,0.0
2018-05-06,37.95,38.28,37.7,38.05,6391688,0.0
2018-05-07,38.96,39.35,37.855,37.99,14503313,0.0
2018-05-08,38.21,38.32,37.57,37.69,9457691,0.0
2018-05-09,37.79,38.27,37.69,37.91,7005243,0.0
2018-05-10,37.92,38.11,37.65,37.94,5133641,0.0
2018-05-13,37.86,38.02,37.45,37.77,5909350,0.0
2018-05-14,37.55,37.91,37.43,37.89,3527936,0.0
2018-05-15,37.94,38.27,37.8,38.16,2725041,0.0
2018-05-16,38.05,38.32,37.7,37.75,3922276,0.0
2018-05-17,37.67,37.84,37.5,37.67,5564764,0.0
2018-05-20,37.81,38.08,37.72,37.92,4507464,0.0
2018-05-21,38.1,38.55,38.01,38.17,5428658,0.0
2018-05-22,38.53,39.54,38.38,38.74,11424276,0.0
2018-05-23,38.86,39.46,38.59,38.92,11554699,0.0
2018-05-24,39.04,39.28,38.83,38.95,7466107,0.0
2018-05-28,38.69,38.94,38.24,38.64,6244859,0.0
2018-05-29,38.8,39.115,38.48,38.65,8932740,0.0
2018-05-30,38.66,38.86,38.31,38.58,5466459,0.0
2018-05-31,38.7,38.82,38.38,38.54,7487085,0.0
2018-06-03,38.66,38.99,38.64,38.64,7187641,0.0
2018-06-04,38.75,39.1,38.65,39.09,7611200,0.0
2018-06-05,39.04,39.39,38.86,39.365,11953542,0.0
2018-06-06,39.13,39.68,39.04,39.65,10196732,0.0
2018-06-07,39.57,40.3,39.55,39.9825,8252898,0.0
2018-06-10,39.87,41.11,39.8,40.13,13322322,0.0
2018-06-11,40.21,41.02,40.14,40.51,10480300,0.0
2018-06-12,43.71,43.93,43.2,43.69,38966075,0.0
2018-06-13,44.13,44.7,44.1,44.58,21168252,0.0
2018-06-14,44.45,45.05,44.39,44.59,15328500,0.0
2018-06-17,44.82,44.82,44.3399,44.55,8493497,0.0
2018-06-18,44.41,45.06,44.26,44.7,8644608,0.0
2018-06-19,47.59,48.52,47.26,48.1,54509692,0.0
2018-06-20,48.69,49.24,48.18,48.35,30892707,0.0
2018-06-21,48.7,49.185,48.52,48.61,10967876,0.0
2018-06-24,48.5,48.6525,47.85,48.15,11524010,0.0
2018-06-25,48.22,48.66,47.5,47.68,19448496,0.0
2018-06-26,48.48,49.045,47.89,48.88,26149598,0.0
2018-06-27,49.13,49.83,49.06,49.79,13772178,0.0
2018-06-28,49.65,50.145,49.48,49.76,10423262,0.0
2018-07-01,49.56,49.88,48.93,49.2,9803208,0.0
2018-07-02,49.4,49.4999,48.39,48.62,6069356,0.0
2018-07-04,49.04,49.08,48.29,48.73,11810685,0.0
2018-07-05,48.86,49.15,48.59,48.94,9804339,0.0
2018-07-08,48.92,49.59,48.48,49.55,10278845,0.0
2018-07-09,49.55,50.06,49.55,49.77,11816572,0.0
2018-07-10,49.27,49.32,47.24,47.8,34653853,0.0
2018-07-11,47.97,48.06,47.25,47.38,19224400,0.0
2018-07-12,47.11,47.63,46.98,47.56,18011340,0.0
2018-07-15,47.48,47.51,46.28,46.72,16203129,0.0
2018-07-16,46.45,46.89,46.38,46.47,8115443,0.0
2018-07-17,46.39,46.83,46.36,46.68,6384677,0.0
2018-07-18,45.92,46.65,45.71,46.55,34851894,0.0
2018-07-19,46.35,46.38,45.9,46.01,19300447,0.0
2018-07-22,45.93,46.095,45.75,45.92,7813348,0.0
2018-07-23,46.08,46.09,45.12,45.25,12135797,0.0
2018-07-24,45.13,45.31,44.59,45.18,11787893,0.0
2018-07-25,45.37,45.63,45.21,45.42,11233150,0.0
2018-07-26,45.37,45.42,45.08,45.15,9267437,0.0
2018-07-29,45.1,45.45,44.945,45.1,8772645,0.0
2018-07-30,45.34,45.4,44.91,45.01,9723194,0.0
2018-07-31,44.87,45.21,44.76,45.02,6350749,0.0
2018-08-01,44.8,45.175,44.8,45.02,9210625,0.0
2018-08-02,45.06,45.62,44.96,45.42,7906069,0.0
2018-08-05,45.3,46.08,45.19,45.69,5513258,0.0
2018-08-06,45.71,45.97,45.48,45.51,5260308,0.0
2018-08-07,45.57,45.57,45.05,45.46,6539538,0.0
2018-08-08,45.37,45.79,45.05,45.54,5343193,0.0
2018-08-09,45.41,45.6,45.28,45.48,3866790,0.0
2018-08-12,45.58,45.74,45.145,45.31,5081797,0.0
2018-08-13,45.48,45.815,45.33,45.48,5316097,0.0
2018-08-14,45.34,45.49,45.05,45.35,5740711,0.0
2018-08-15,45.49,45.78,45.3,45.71,5645818,0.0
2018-08-16,45.68,45.78,45.235,45.37,8820449,0.0
2018-08-19,45.42,45.55,45.3,45.39,4049978,0.0
2018-08-20,45.35,45.6,45.251,45.36,4933810,0.0
2018-08-21,45.38,45.59,45.235,45.34,3802086,0.0
2018-08-22,45.31,45.54,45.17,45.27,3820264,0.0
2018-08-23,45.25,45.36,45.15,45.15,4624736,0.0
2018-08-26,45.39,45.39,45.12,45.16,4653394,0.0
2018-08-27,45.21,45.38,45.135,45.22,4134573,0.0
2018-08-28,45.26,45.63,45.18,45.61,3350624,0.0
2018-08-29,45.49,45.61,45.135,45.31,3580390,0.0
2018-08-30,45.23,45.49,45.15,45.38,3415710,0.0
2018-09-03,45.3,45.405,45.19,45.32,6640367,0.0
2018-09-04,45.23,45.43,45.16,45.27,5171524,0.0
2018-09-05,45.23,45.505,45.15,45.35,6047209,0.0
2018-09-06,45.35,45.43,45.19,45.23,5214030,0.0
2018-09-09,45.44,45.51,44.87,44.95,7348311,0.0
2018-09-10,44.76,44.895,44.6,44.73,10315149,0.0
2018-09-11,44.82,44.92,44.595,44.63,6377573,0.0
2018-09-12,44.74,44.86,44.68,44.8,7358269,0.0
2018-09-13,44.95,45,44.75,44.8,6659966,0.0
2018-09-16,44.96,44.96,44.58,44.71,7897469,0.0
2018-09-17,44.83,44.87,44.49,44.54,6593800,0.0
2018-09-18,44.81,44.81,44.49,44.6,4330960,0.0
2018-09-19,44.75,44.84,44.53,44.59,12023581,0.0
2018-09-20,44.68,44.79,44.18,44.33,11538636,0.0
2018-09-23,44.68,45.055,44.43,45.04,17089628,0.0
2018-09-24,45,45.39,44.9727,45.21,10621834,0.0
2018-09-25,45.23,46.06,45.16,45.68,9104818,0.0
2018-09-26,45.72,46.1725,45.52,45.82,4824151,0.0
2018-09-27,45.75,46.44,45.22,46.34,5634669,0.0
2018-09-30,46.35,46.41,45.9,46.19,4498283,0.0
2018-10-01,46.09,46.58,46.09,46.58,5518170,0.0
2018-10-02,46.59,46.88,46.51,46.82,5778334,0.0
2018-10-03,46.67,46.88,46.36,46.56,6019222,0.0
2018-10-04,46.73,46.78,45.885,46.1,5517185,0.0
2018-10-07,45.98,46.26,45.4,45.72,5991766,0.0
2018-10-08,45.79,45.9,45.36,45.49,5804840,0.0
2018-10-09,45.51,45.57,44.66,44.7,6044670,0.0
2018-10-10,44.83,45.3,44.41,45.12,14059771,0.0
2018-10-11,45.31,45.5,44.97,45.35,5593205,0.0
2018-10-14,45.45,45.87,45.28,45.53,4975745,0.0
2018-10-15,45.6,46.0299,45.58,45.86,5464789,0.0
2018-10-16,45.86,46.05,45.46,45.82,5251655,0.0
2018-10-17,45.87,45.99,45.53,45.81,6791268,0.0
2018-10-18,46.07,46.11,45.45,45.76,9499108,0.0
2018-10-21,45.88,46.09,45.57,45.72,6737214,0.0
2018-10-22,45.6,45.86,45.245,45.59,9391284,0.0
2018-10-23,45.66,45.81,44.65,44.705,9841664,0.0
2018-10-24,44.96,45.43,44.89,45.25,5534136,0.0
2018-10-25,44.75,45.38,44.57,45.14,10186853,0.0
2018-10-28,45.59,45.9,44.92,45.5,8406491,0.0
2018-10-29,45.56,45.85,45.08,45.65,5029803,0.0
2018-10-30,45.83,45.89,45.31,45.5,5379374,0.0
2018-10-31,45.51,46.95,45.38,46.56,12485354,0.0
2018-11-01,46.8,47.06,46.32,46.52,8232124,0.0
2018-11-04,46.71,46.9,46.53,46.83,3515500,0.0
2018-11-05,46.63,47.21,46.6,47.16,4914378,0.0
2018-11-06,47.4,47.64,46.92,47.525,6116059,0.0
2018-11-07,47.55,47.99,47.51,47.85,8570693,0.0
2018-11-08,47.93,48.575,47.89,48.14,8946810,0.0
2018-11-11,48.16,48.42,47.89,48.07,5537175,0.0
2018-11-12,48.19,48.32,47.69,47.72,5460174,0.0
2018-11-13,47.88,48.29,47.7,47.94,7029796,0.0
2018-11-14,47.6,48.37,47.5,48.28,6123960,0.0
2018-11-15,48.1,48.41,47.88,48.19,6796005,0.0
2018-11-18,48.15,50,47.9,48.91,31544232,0.0
2018-11-19,48.89,49.11,48.36,48.59,18521887,0.0
2018-11-20,48.64,49.26,48.48,48.86,8549894,0.0
2018-11-22,48.75,49.11,48.64,48.94,4259804,0.0
2018-11-25,49.26,49.26,48.655,48.87,7648802,0.0
2018-11-26,48.77,49.24,48.77,49.13,7330190,0.0
2018-11-27,49.05,49.57,49.05,49.47,10322657,0.0
2018-11-28,49.35,49.73,49.34,49.55,7099635,0.0
2018-11-29,49.52,49.71,49.35,49.48,9433253,0.0
2018-12-02,49.5,49.72,49.17,49.67,8347556,0.0
2018-12-03,49.69,49.73,48.9,49.17,12981727,0.0
2018-12-05,49.02,49.5,48.945,49.48,12893714,0.0
2018-12-06,49.41,49.525,49.15,49.27,11586406,0.0
2018-12-09,49.21,49.41,48.93,49.35,8989926,0.0
2018-12-10,49.64,49.66,49.19,49.255,5387354,0.0
2018-12-11,49.59,49.61,49.055,49.14,10454147,0.0
2018-12-12,49.25,49.37,49.08,49.13,10119078,0.0
2018-12-13,48.9,49.34,48.9,49.05,8711890,0.0
2018-12-16,49.08,49.325,48.77,48.99,6243667,0.0
2018-12-17,49.06,49.14,48.55,48.79,6179075,0.0
2018-12-18,48.93,49.36,48.3,48.52,10830629,0.0
2018-12-19,48.52,48.655,47.69,47.99,12559316,0.0
2018-12-20,48.08,48.46,46.83,46.95,13159245,0.0
2018-12-23,47,47.19,46.33,46.37,5451678,0.0
2018-12-25,46.58,47.88,46.52,47.86,8486780,0.0
2018-12-26,47.33,48.1,47.05,48,6417094,0.0
2018-12-27,48.17,48.5,47.7,47.92,5652116,0.0
2018-12-30,48.14,48.32,47.65,47.94,3318277,0.0
2019-01-01,47.65,48.07,47.58,47.77,5420043,0.0
2019-01-02,47.66,47.92,47.135,47.51,8691163,0.0
2019-01-03,47.71,48.33,47.58,48.045,8221506,0.0
2019-01-06,47.95,48.32,47.81,48.225,4038525,0.0
2019-01-07,48.5,48.71,48.33,48.6,5580609,0.0
2019-01-08,48.44,48.885,48.4,48.8,5230639,0.0
2019-01-09,48.53,48.96,48.465,48.83,4504133,0.0
2019-01-10,48.64,48.94,48.56,48.71,5158409,0.0
2019-01-13,48.51,48.85,48.51,48.69,4476539,0.0
2019-01-14,48.76,48.82,48.43,48.6,7039474,0.0
2019-01-15,48.56,48.67,48.33,48.33,4930315,0.0
2019-01-16,48.19,48.585,48.09,48.415,5839378,0.0
2019-01-17,48.72,48.72,48.33,48.68,6312541,0.0
2019-01-21,48.5,48.88,48.46,48.56,4797983,0.0
2019-01-22,48.7,48.92,48.49,48.645,8291199,0.0
2019-01-23,48.63,48.93,48.54,48.9,7564546,0.0
2019-01-24,49.01,49.2,48.9,49.19,6042072,0.0
2019-01-27,49.13,49.23,49.02,49.23,5951020,0.0
2019-01-28,49.28,49.35,48.985,49.07,7630432,0.0
2019-01-29,49.08,49.16,48.78,49.02,6707917,0.0
2019-01-30,49.07,49.3,49.01,49.225,6012423,0.0
2019-01-31,49.3,49.35,49.14,49.28,6246135,0.0
2019-02-03,49.21,49.35,49.165,49.265,2920027,0.0
2019-02-04,49.32,49.405,49.23,49.27,4283685,0.0
2019-02-05,49.33,49.49,49.28,49.41,5362521,0.0
2019-02-06,49.3,49.51,49.23,49.455,4186979,0.0
2019-02-07,49.3,49.655,49.3,49.645,8440904,0.0
2019-02-10,49.71,49.75,49.5,49.55,4504736,0.0
2019-02-11,49.61,49.65,49.5,49.55,3675771,0.0
2019-02-12,49.63,49.76,49.59,49.645,7219073,0.0
2019-02-13,49.57,50.05,49.55,49.965,13315729,0.0
2019-02-14,50.25,50.43,50.06,50.375,9085199,0.0
2019-02-18,50.43,50.63,50.26,50.54,7914404,0.0
2019-02-19,50.65,50.79,50.5,50.79,11298675,0.0
2019-02-20,50.63,50.86,50.34,50.75,34128588,0.0
2019-02-21,50.73,51.16,50.64,51.16,26528833,0.0
2019-02-24,51.09,51.27,50.62,50.73,18754287,0.0
2019-02-25,50.77,50.87,50.6,50.86,9261681,0.0
2019-02-26,50.75,50.79,50.41,50.42,8925371,0.0
2019-02-27,50.46,50.55,50.22,50.45,5643339,0.0
2019-02-28,50.63,50.68,50.4,50.61,5688904,0.0
2019-03-03,50.87,50.87,50.2,50.66,8562846,0.0
2019-03-04,50.7,50.7,50.48,50.53,7669586,0.0
2019-03-05,50.62,50.66,50.47,50.64,6781292,0.0
2019-03-06,50.59,50.66,50.45,50.58,4090963,0.0
2019-03-07,50.45,50.59,50.26,50.46,6183297,0.0
2019-03-10,50.58,50.58,50.36,50.53,6664504,0.0
2019-03-11,50.65,50.95,50.5,50.95,20488153,0.0
2019-03-12,51.02,51.23,50.86,51.21,34855742,0.0
2019-03-13,51.32,51.95,51.15,51.77,20091054,0.0
2019-03-14,51.97,52.05,51.79,51.95,5190637,0.0
2019-03-17,51.5,51.82,51.24,51.39,6675093,0.0
2019-03-18,41.55,41.7,39.84,40.38,8671213,0.0
2019-03-19,40.49,40.81,38.24,38.59,15048241,0.0
2019-03-20,39,40.07,38.75,40.04,11358640,0.0
2019-03-21,39.93,39.99,37.69,38.71,10249087,0.0
2019-03-24,38.89,38.96,37.39,37.45,8869872,0.0
2019-03-25,37.65,38.28,37.51,37.54,5867801,0.0
2019-03-26,37.52,37.91,36.76,36.93,5086445,0.0
2019-03-27,36.85,37.15,36.34,36.39,5055649,0.0
2019-03-28,36.55,36.91,36.15,36.72,4021555,0.0
2019-03-31,36.91,37.15,36.71,36.86,1689038,0.0
2019-04-01,36.96,37.18,35.9,36.29,6233556,0.0
2019-04-02,36.37,36.56,35.9,36.05,8034310,0.0
2019-04-03,36.2,36.8,36.01,36.76,4657822,0.0
2019-04-04,36.79,37.85,36.69,37.69,6361853,0.0
2019-04-07,37.6,37.68,37.265,37.47,2829924,0.0
2019-04-08,37.42,37.65,37.17,37.3,2971716,0.0
2019-04-09,37.33,37.53,36.36,36.49,4108143,0.0
2019-04-10,36.57,37.16,35.99,37.08,3911389,0.0
2019-04-11,37.15,37.62,36.47,37.52,5895390,0.0
2019-04-14,37.46,37.57,36.99,37.53,3033940,0.0
2019-04-15,37.67,37.85,37.47,37.76,3632073,0.0
2019-04-16,37.87,38.85,37.76,38.84,6913725,0.0
2019-04-17,38.91,39,38.43,38.44,4292576,0.0
2019-04-21,38.36,38.44,37.62,37.72,6904138,0.0
2019-04-22,37.79,38.39,37.63,38.06,5744284,0.0
2019-04-23,37.95,38.31,37.805,37.96,4768714,0.0
2019-04-24,37.98,38.2,37.54,38.15,4291195,0.0
2019-04-25,38.08,38.53,37.9,38.49,4878588,0.0
2019-04-28,38.54,39.525,38.31,39.21,6433632,0.0
2019-04-29,39.19,39.33,38.47,38.98,3375296,0.0
2019-04-30,39.12,39.49,38.66,39.43,4853145,0.0
2019-05-01,39.23,39.47,37.08,37.27,10553461,0.0
2019-05-02,37.41,37.75,37.12,37.46,4352827,0.0
2019-05-05,37.17,37.99,36.96,37.91,3984990,0.0
2019-05-06,37.58,37.81,37.12,37.28,5312420,0.0
2019-05-07,37.34,37.7,36.855,37.42,7150243,0.0
2019-05-08,38.5,39.25,37.51,38.48,14623378,0.0
2019-05-09,38.64,38.75,37.44,38.56,6060159,0.0
2019-05-12,37.77,38.68,37.73,37.97,5136287,0.0
2019-05-13,38.05,38.52,37.8723,37.91,5912324,0.0
2019-05-14,37.7,37.97,37.57,37.72,2625363,0.0
2019-05-15,37.91,38.08,36.7,36.74,7296014,0.0
2019-05-16,36.56,37.59,36.55,37.3,4365878,0.0
2019-05-19,37.18,37.64,37,37.14,3330950,0.0
2019-05-20,37.26,38,37.1,37.66,4104302,0.0
2019-05-21,37.66,37.76,37.055,37.13,2814271,0.0
2019-05-22,36.82,37.08,36.63,36.91,3791558,0.0
2019-05-23,37.05,37.205,36.85,36.94,2373680,0.0
2019-05-27,36.97,37.34,36.505,36.62,2574286,0.0
2019-05-28,36.5,36.65,35.79,35.8,3093138,0.0
2019-05-29,35.88,36.155,35.15,35.21,4429492,0.0
2019-05-30,34.97,35.27,34.7,35.23,5841582,0.0
2019-06-02,35.05,35.3,33.78,34.22,6925017,0.0
2019-06-03,34.52,35.25,34.15,34.47,7101422,0.0
2019-06-04,34.62,34.98,34.28,34.36,5911868,0.0
2019-06-05,34.66,34.66,33.98,34.12,4968796,0.0
2019-06-06,34.18,34.44,34,34.01,3730299,0.0
2019-06-09,34.05,34.4,33.9,34.03,5056776,0.0
2019-06-10,34.23,34.41,34.01,34.17,2967731,0.0
2019-06-11,34.2,35.1,34.16,35.06,4148203,0.0
2019-06-12,35.17,35.5,34.963,35.3,6171879,0.0
2019-06-13,35.24,35.5,34.93,35.24,8045255,0.0
2019-06-16,35.42,36.325,35.34,36.15,6773179,0.0
2019-06-17,36.45,37.05,36.08,36.2,4135581,0.0
2019-06-18,36.26,36.42,35.6775,36,3949320,0.0
2019-06-19,36.38,36.475,35.56,35.57,5004522,0.0
2019-06-20,35.61,37.295,35.31,36.14,7300259,0.0
2019-06-23,36.01,36.07,35.605,35.8,4381227,0.0
2019-06-24,35.78,35.86,35.14,35.36,5440257,0.0
2019-06-25,35.79,36.1,35.33,35.47,3253928,0.0
2019-06-26,35.53,36.33,35.2,35.99,4574915,0.0
2019-06-27,36.24,36.76,35.81,36.63,4694169,0.0
2019-06-30,36.58,36.99,35.74,35.92,6051913,0.0
2019-07-01,36.01,36.62,35.92,36.59,2987082,0.0
2019-07-02,36.6,36.82,36.27,36.35,2503597,0.0
2019-07-04,36.24,36.8,36.075,36.6,1688861,0.0
2019-07-07,36.53,36.675,36.08,36.13,1382570,0.0
2019-07-08,36.03,36.27,35.82,36.02,2126635,0.0
2019-07-09,36.19,36.43,36.075,36.14,1996799,0.0
2019-07-10,36.17,36.35,35.85,36.29,2720535,0.0
2019-07-11,36.46,37.04,36.1,36.96,2452520,0.0
2019-07-14,37.03,37.16,36.64,37.01,1920313,0.0
2019-07-15,36.93,37.11,36.63,36.67,2388523,0.0
2019-07-16,36.73,36.76,36.11,36.17,5385682,0.0
2019-07-17,36.17,36.72,35.96,36.56,4906072,0.0
2019-07-18,36.7,36.74,36.14,36.44,3827067,0.0
2019-07-21,36.51,36.61,36.06,36.11,6253276,0.0
2019-07-22,36.19,36.39,35.84,36.22,4517222,0.0
2019-07-23,36.13,36.86,36.13,36.61,5641043,0.0
2019-07-24,36.63,37.34,36.63,37.19,2696264,0.0
2019-07-25,37.29,37.8,37.08,37.2,1996887,0.0
2019-07-28,37.16,37.57,37.07,37.5,1512925,0.0
2019-07-29,37.35,37.98,37.32,37.83,2680165,0.0
2019-07-30,37.67,37.72,36.81,37.31,3648210,0.0
2019-07-31,37.25,37.49,36.725,36.91,2873966,0.0
2019-08-01,36.73,36.96,36.33,36.61,1928389,0.0
2019-08-04,36.47,36.56,35.77,36.06,3879522,0.0
2019-08-05,36.16,36.6,35.93,36.45,3044925,0.0
2019-08-06,35.89,37.15,35.72,37.03,4184651,0.0
2019-08-07,37.22,37.25,35,35.14,8674860,0.0
2019-08-08,35.11,35.65,34.98,35.41,3700258,0.0
2019-08-11,35.04,35.32,34.7,34.93,3859667,0.0
2019-08-12,34.84,35.59,34.8,35.07,2582141,0.0
2019-08-13,34.7,34.75,33.38,33.69,7042447,0.0
2019-08-14,33.88,34.09,32.725,32.75,5785080,0.0
2019-08-15,33,33.3,32.67,32.98,2904762,0.0
2019-08-18,33.32,34.025,33.29,33.88,2624055,0.0
2019-08-19,33.83,34.05,33.52,33.57,2005110,0.0
2019-08-20,33.64,33.725,33.01,33.41,2597741,0.0
2019-08-21,33.38,33.54,32.95,33.05,3451635,0.0
2019-08-22,32.93,33.085,31.63,31.76,3110431,0.0
2019-08-25,31.84,32.14,31.58,32.06,2859898,0.0
2019-08-26,32.22,32.38,31.92,31.94,2827656,0.0
2019-08-27,32.05,32.28,31.62,31.78,3333608,0.0
2019-08-28,32,33.125,31.88,32.74,3348664,0.0
2019-08-29,33.72,33.72,32.79,33.14,2252984,0.0
2019-09-02,32.66,33.11,32.54,32.77,1725209,0.0
2019-09-03,32.99,33.61,32.9,33.555,2007880,0.0
2019-09-04,33.64,34.405,33.56,34.25,3622435,0.0
2019-09-05,34.32,34.74,34.06,34.24,2252068,0.0
2019-09-08,33.39,34.34,33.39,34.3,2060520,0.0
2019-09-09,33.85,34.72,33.85,34.29,2894093,0.0
2019-09-10,34.28,34.43,33.8,34,2952042,0.0
2019-09-11,34.19,34.19,33.67,33.77,3887629,0.0
2019-09-12,33.96,34.21,33.51,33.82,4349736,0.0
2019-09-15,33.68,33.83,33.47,33.59,1927345,0.0
2019-09-16,33.59,33.59,32.79,32.87,6267908,0.0
2019-09-17,32.88,32.96,32.13,32.65,5072154,0.0
2019-09-18,32.48,32.78,31.96,32.05,3967951,0.0
2019-09-19,31.99,32.425,31.72,32.25,4927284,0.0
2019-09-22,32.37,32.49,31.995,32.26,2609607,0.0
2019-09-23,32.28,32.445,31.475,31.57,4052342,0.0
2019-09-24,31.61,32.18,31.56,32.01,3893225,0.0
2019-09-25,32.18,32.19,31.39,31.455,5502182,0.0
2019-09-26,31.65,31.72,31.15,31.47,3806154,0.0
2019-09-29,31.63,31.87,31.35,31.54,2604657,0.0
2019-09-30,31.73,32.07,31.2,31.25,2402955,0.0
2019-10-01,31.17,31.29,30.365,30.41,4505079,0.0
2019-10-02,30.34,30.55,29.705,30.46,5092604,0.0
2019-10-03,30.6,30.81,30.37,30.57,5012929,0.0
2019-10-06,30.75,31.14,30.58,30.605,4781016,0.0
2019-10-07,30.27,30.28,29.695,30.06,7110966,0.0
2019-10-08,30.36,30.45,29.96,30.23,6448828,0.0
2019-10-09,30.24,30.55,30.05,30.52,6482164,0.0
2019-10-10,30.99,31.755,30.76,31.46,8138312,0.0
2019-10-13,31.27,31.43,31.07,31.4,5392829,0.0
2019-10-14,31.33,31.805,31.15,31.7,6981451,0.0
2019-10-15,31.61,32.01,31.545,32,6206375,0.0
2019-10-16,32.1,32.14,31.54,31.98,16026367,0.0
2019-10-17,32.04,32.57,31.96,32.185,15336056,0.0
2019-10-20,32.21,32.81,32.21,32.74,4560205,0.0
2019-10-21,32.73,33.565,32.55,33.45,4544055,0.0
2019-10-22,33.33,33.67,33.15,33.22,3550268,0.0
2019-10-23,33.18,33.39,31.79,32.31,5135772,0.0
2019-10-24,32.39,32.775,32.32,32.39,2765715,0.0
2019-10-27,32.54,33.41,32.41,32.99,6088521,0.0
2019-10-28,32.82,33.04,32.55,32.83,3300942,0.0
2019-10-29,32.66,32.85,32,32.09,4091775,0.0
2019-10-30,32,32.08,31.67,32.04,4427538,0.0
2019-10-31,32.17,32.54,31.96,32.39,3472682,0.0
2019-11-03,32.5,32.6,32.29,32.54,2350519,0.0
2019-11-04,32.58,33.08,32.525,32.84,2715397,0.0
2019-11-05,32.84,33.18,32.3,33.14,4225554,0.0
2019-11-06,33.95,34.97,33.37,34.94,7768953,0.0
2019-11-07,35,35.23,34.59,35.12,4215447,0.0
2019-11-10,34.95,35.07,34.59,34.98,2880691,0.0
2019-11-11,35.07,35.105,34.45,34.485,3320941,0.0
2019-11-12,34.37,34.72,34.19,34.25,4078136,0.0
2019-11-13,34.14,34.51,33.99,34.22,2976587,0.0
2019-11-14,34.39,34.68,33.93,34.26,4209498,0.0
2019-11-17,34.31,35.25,34.21,35.185,4105802,0.0
2019-11-18,35.22,36.325,35.22,36.26,5095404,0.0
2019-11-19,35.66,36.41,35.66,35.9,3328421,0.0
2019-11-20,35.93,36.35,35.56,35.7,2524487,0.0
2019-11-21,35.77,36.04,35.505,35.67,3487755,0.0
2019-11-24,35.7,35.86,35.35,35.69,2998892,0.0
2019-11-25,35.67,36.095,35.55,35.95,2192130,0.0
2019-11-26,36.06,36.19,35.675,35.79,2217149,0.0
2019-11-28,35.81,35.91,35.37,35.76,1079723,0.0
2019-12-01,35.75,36.02,35.55,35.59,2306329,0.0
2019-12-02,35.41,35.525,34.71,35.19,3547610,0.0
2019-12-03,35.53,35.69,34.99,35.5,2725487,0.0
2019-12-04,35.65,35.77,35.23,35.5,2484269,0.0
2019-12-05,35.71,35.91,35.35,35.42,1512578,0.0
2019-12-08,35.5,36.015,35.35,35.61,1720554,0.0
2019-12-09,35.51,36.01,35.24,35.81,5146357,0.0
2019-12-10,35.75,36.595,35.75,36.165,5426883,0.0
2019-12-11,36.32,36.94,36.1086,36.87,5596987,0.0
2019-12-12,36.73,36.99,36.505,36.76,4912060,0.0
2019-12-15,36.95,37.16,36.7021,36.805,2152956,0.0
2019-12-16,36.71,37.26,36.435,37.17,2770198,0.0
2019-12-17,37.19,37.33,36.89,36.925,2778324,0.0
2019-12-18,36.76,37.17,36.76,37,1925855,0.0
2019-12-19,37.29,37.29,36.72,37.17,4195364,0.0
2019-12-22,37.17,37.625,37.04,37.46,2253359,0.0
2019-12-23,37.44,37.6,37.25,37.27,868330,0.0
2019-12-25,37.26,37.67,37.26,37.58,1885365,0.0
2019-12-26,37.65,37.72,37.215,37.4,1715245,0.0
2019-12-29,37.42,37.56,36.99,37.08,1874373,0.0
2019-12-30,36.94,37.175,36.76,37.08,1857494,0.0
2020-01-01,37.41,37.47,36.575,37.09,2463540,0.0
2020-01-02,36.69,36.98,36.62,36.665,2275865,0.0
2020-01-05,36.66,36.765,36.36,36.565,1821896,0.0
2020-01-06,36.56,37.225,36.47,37.07,2972014,0.0
2020-01-07,37.13,37.51,37.04,37.11,3073225,0.0
2020-01-08,37.18,37.365,36.815,37.19,3096862,0.0
2020-01-09,37.12,37.24,36.64,36.73,2327226,0.0
2020-01-12,36.72,37.15,36.47,36.98,2398992,0.0
2020-01-13,36.79,37.51,36.76,37.26,3649908,0.0
2020-01-14,37.36,37.6,37.17,37.475,5973620,0.0
2020-01-15,37.71,39.14,37.62,39.12,5465096,0.0
2020-01-16,39.28,39.735,39.16,39.33,4344944,0.0
2020-01-20,39,39.38,38.84,39.09,5624496,0.0
2020-01-21,39.15,39.31,38.855,39.07,4555954,0.0
2020-01-22,38.77,39.02,37.34,37.49,10666163,0.0
2020-01-23,37.3,37.46,36.18,36.6,17718980,0.0
2020-01-26,36.44,37.015,36.19,36.88,8907121,0.0
2020-01-27,37.35,37.43,36.75,37.15,2635165,0.0
2020-01-28,36.95,37.22,36.425,36.58,2250557,0.0
2020-01-29,36.17,37.07,36.05,37.04,2431427,0.0
2020-01-30,37,37.2,36.47,37.07,4771163,0.0
2020-02-02,37.3,37.99,37.11,37.59,2718728,0.0
2020-02-03,37.96,38.31,37.75,38.02,2657956,0.0
2020-02-04,38.54,38.98,38.12,38.68,5142287,0.0
2020-02-05,39.1,39.42,36.73,37.11,9008932,0.0
2020-02-06,36.98,37.07,36.48,36.99,2942677,0.0
2020-02-09,36.87,37.41,36.72,37.3,2293134,0.0
2020-02-10,37.23,37.4394,36.66,37.13,2101369,0.0
2020-02-11,37.33,37.7,37.23,37.66,2156487,0.0
2020-02-12,37.53,38.275,37.46,38.01,1730576,0.0
2020-02-13,38.08,38.11,37.48,37.8,2079032,0.0
2020-02-17,37.76,37.99,37.45,37.785,1846905,0.0
2020-02-18,37.93,38.28,37.6,38.03,1580472,0.0
2020-02-19,37.7,37.9,36.33,37.02,4988415,0.0
2020-02-20,36.71,37.6,35.75,36,4010775,0.0
2020-02-23,35.65,35.65,34.48,34.69,4142109,0.0
2020-02-24,34.81,35,33.0245,33.215,4677051,0.0
2020-02-25,33.56,33.77,32.4,32.79,4523801,0.0
2020-02-26,32.23,32.89,31.33,31.34,6996065,0.0
2020-02-27,30.25,31.68,30.16,30.75,6782886,0.0
2020-03-01,30.57,32.14,30.35,32.12,6505730,0.0
2020-03-02,31.42,32.63,30.66,31.02,4365020,0.0
2020-03-03,31.32,31.57,30.42,30.93,3848327,0.0
2020-03-04,30.16,30.39,29.18,29.43,4750356,0.0
2020-03-05,28.25,29.09,28.16,28.84,6062686,0.0
2020-03-08,26.93,27.99,25.04,27.46,6063741,0.0
2020-03-09,28.27,29.26,27,29.11,8427710,0.0
2020-03-10,28.21,28.66,27.52,27.78,9920806,0.0
2020-03-11,26.76,27.1,24.87,26.22,7228400,0.0
2020-03-12,27.56,28.64,24.6,26.13,5884697,0.0
2020-03-15,23.81,24.97,23.1229,24,18209790,0.0
2020-03-16,24.37,25.58,22.92,25.11,7172303,0.0
2020-03-17,23.72,24.7,21.84,22.42,5984122,0.0
2020-03-18,22.29,23.9,20.78,22.81,11399728,0.0
2020-03-19,23.17,23.6,20.85,20.99,14488198,0.0
2020-03-22,21.13,21.34,19.81,20.18,13503860,0.0
2020-03-23,21.12,22.35,20.55,22.27,5512955,0.0
2020-03-24,22.36,25.42,21.98,24.15,7005316,0.0
2020-03-25,24.2,25.55,24.15,24.95,4430003,0.0
2020-03-26,24.16,24.26,22.33,22.5,5662031,0.0
2020-03-29,22.3,24.47,22,24.295,4970231,0.0
2020-03-30,24.69,24.82,23.45,23.62,9976084,0.0
2020-03-31,22.67,22.78,21.95,22.35,8397380,0.0
2020-04-01,22.49,23.5,22.005,22.67,4631203,0.0
2020-04-02,22.51,22.73,21.81,22.27,6183781,0.0
2020-04-05,23.42,25.2588,23.32,25.09,7539290,0.0
2020-04-06,26.21,27.11,25.39,25.49,3676004,0.0
2020-04-07,25.94,26.57,25.51,26.3,4338978,0.0
2020-04-08,26.54,27.08,25.6,26,4925848,0.0
2020-04-12,25.83,26.11,24.94,25.99,6276944,0.0
2020-04-13,26.34,26.66,25.91,26.51,4796260,0.0
2020-04-14,25.77,25.87,24.96,25.7,6718334,0.0
2020-04-15,25.64,25.9464,24.85,25.56,9090903,0.0
2020-04-16,26.195,26.955,25.97,26.87,11041837,0.0
2020-04-19,26.17,26.78,25.98,26.08,9422048,0.0
2020-04-20,25.38,25.9,25.15,25.54,6848620,0.0
2020-04-21,26.05,26.39,24.72,24.74,9707445,0.0
2020-04-22,24.88,25.435,23.92,24.85,11799454,0.0
2020-04-23,24.9,25.01,24.36,24.84,8671090,0.0
2020-04-26,25.21,26.68,25.01,26.4,10980690,0.0
2020-04-27,26.99,28.06,26.71,27.14,5290707,0.0
2020-04-28,28.02,28.62,27.955,28.38,4714108,0.0
2020-04-29,27.56,27.88,25.4,25.85,10693936,0.0
2020-04-30,25.43,25.82,24.975,25.43,2532448,0.0
2020-05-03,25.32,25.42,24.5564,25,3594696,0.0
2020-05-04,25.04,25.36,23.89,24.1,4127210,0.0
2020-05-05,24.3,25.005,23.57,24.82,4014395,0.0
2020-05-06,26.46,27.08,25.21,25.25,15443970,0.0
2020-05-07,25.97,26.3,25.63,25.97,9982691,0.0
2020-05-10,25.54,26.06,25.04,25.67,4245697,0.0
2020-05-11,25.81,26.08,25.175,25.35,6005894,0.0
2020-05-12,25.22,25.22,23.735,24.53,7677080,0.0
2020-05-13,24.12,25.83,23.77,25.76,9053580,0.0
2020-05-14,25.52,26.19,25.235,26.06,2821324,0.0
2020-05-17,26.99,27.635,26.625,27.47,8269238,0.0
2020-05-18,27.49,28.13,27,27.57,7942916,0.0
2020-05-19,27.88,28.43,27.63,27.79,2607685,0.0
2020-05-20,27.61,28.065,27.56,27.63,2353230,0.0
2020-05-21,27.53,27.965,27.47,27.81,4504728,0.0
2020-05-25,28.74,29.25,28.48,29.03,3657670,0.0
2020-05-26,29.68,30.16,29.04,29.65,9454614,0.0
2020-05-27,29.61,29.94,28.86,28.95,5718904,0.0
2020-05-28,28.77,29.21,28.36,29.11,2314851,0.0
2020-05-31,29.13,29.755,29.07,29.54,2160312,0.0
2020-06-01,29.63,29.7566,29.07,29.3,4353196,0.0
2020-06-02,29.81,31.185,29.45,30.77,4984863,0.0
2020-06-03,30.57,31.05,30.08,30.54,6686928,0.0
2020-06-04,31.92,32.35,30.535,30.865,4469854,0.0
2020-06-07,31.03,32.785,31.03,32.445,10189821,0.0
2020-06-08,31.72,32.12,30.75,30.825,8492764,0.0
2020-06-09,30.7,30.82,29.53,30.13,3723450,0.0
2020-06-10,29.36,29.45,27.91,28.05,5224160,0.0
2020-06-11,28.9,29.03,27.92,27.98,2010906,0.0
2020-06-14,27.36,29.745,27.11,29.3,8344415,0.0
2020-06-15,30.15,30.47,27.97,28.31,8476803,0.0
2020-06-16,28.28,28.52,27.81,28.06,3708260,0.0
2020-06-17,28.03,29.04,27.72,28.99,3628274,0.0
2020-06-18,30.15,30.15,28.21,28.31,8513513,0.0
2020-06-21,28.04,28.21,27.58,28.1,2958732,0.0
2020-06-22,28.47,28.855,28.18,28.26,3049870,0.0
2020-06-23,27.95,28.079,26.9,27.38,4389652,0.0
2020-06-24,26.99,27.105,26.42,26.94,4631264,0.0
2020-06-25,26.68,26.7397,25.47,25.69,5077154,0.0
2020-06-28,25.87,26.93,25.73,26.89,4182810,0.0
2020-06-29,26.8,27,26.475,26.81,3101822,0.0
2020-06-30,26.92,27.35,26.48,26.93,3502941,0.0
2020-07-01,27.63,27.73,26.47,26.56,3324576,0.0
