Date,Open,High,Low,Close,Volume,OpenInterest
2016-07-13,86.43,86.51,85.27,85.53,6642007,0.0
2016-07-14,85.82,87.96,85.54,86.67,9598020,0.0
2016-07-17,86.8,87.34,86.47,86.91,5540759,0.0
2016-07-18,86.56,86.96,85.28,85.43,8025203,0.0
2016-07-19,85.21,87.12,85.1,86.69,7434825,0.0
2016-07-20,87.15,87.83,86.3,87.24,8227315,0.0
2016-07-21,87.23,87.44,86.32,86.55,5869536,0.0
2016-07-24,86.57,88.85,86.28,88.59,11413701,0.0
2016-07-25,84.09,84.1499,80.51,80.98,41554711,0.0
2016-07-26,81.34,81.98,81.06,81.81,11959106,0.0
2016-07-27,81.92,81.98,80.62,81.23,10898159,0.0
2016-07-28,80.59,80.84,79.37,79.46,16161315,0.0
2016-07-31,79.76,81.21,79.51,80.48,12333410,0.0
2016-08-01,80.86,81.19,79.45,79.58,11414701,0.0
2016-08-02,79.72,80.17,79.11,80.08,9129362,0.0
2016-08-03,80.21,80.63,79.55,79.77,7627143,0.0
2016-08-04,80.2,80.66,79.86,80.38,6081932,0.0
2016-08-07,80.45,80.79,79.01,79.74,7441476,0.0
2016-08-08,79.86,79.9,79.01,79.31,7942701,0.0
2016-08-09,79.43,79.59,78.45,78.9,9961930,0.0
2016-08-10,79.15,79.98,78.8,79.6,7086409,0.0
2016-08-11,79.34,79.77,78.87,79.65,7017207,0.0
2016-08-14,80,80.09,79.43,79.64,6038314,0.0
2016-08-15,79.57,79.8,79.24,79.26,6228301,0.0
2016-08-16,79.46,80.87,79.3,80.72,8723622,0.0
2016-08-17,80.89,81.27,80.18,80.58,7438162,0.0
2016-08-18,80.59,81.1757,80.23,81,6905020,0.0
2016-08-21,80.89,81.5335,80.6,80.91,6300783,0.0
2016-08-22,81.47,81.64,81.02,81.47,6897865,0.0
2016-08-23,81.49,82.1,80.18,80.5,7786258,0.0
2016-08-24,80.47,81,79.3,80.09,6664899,0.0
2016-08-25,80.11,80.33,79.27,79.77,7511313,0.0
2016-08-28,79.65,79.7,77.63,78.16,13469577,0.0
2016-08-29,77.94,78.39,77.66,77.91,7810495,0.0
2016-08-30,77.74,78.6,77.58,78.37,7364104,0.0
2016-08-31,78.43,78.47,76.94,77.41,10319524,0.0
2016-09-01,77.62,77.76,76.67,76.885,6681126,0.0
2016-09-05,77.79,78.29,77.25,77.88,8125367,0.0
2016-09-06,78.38,78.805,77.92,78.21,6591678,0.0
2016-09-07,78.33,79.14,77.6,79,7047865,0.0
2016-09-08,78.45,79,78.05,78.08,8334158,0.0
2016-09-11,77.9,79.03,77.69,78.85,7090154,0.0
2016-09-12,78.41,78.85,77.5,78.06,7620137,0.0
2016-09-13,77.94,78.4,77.44,77.62,6414519,0.0
2016-09-14,77.75,79.2,77.27,78.85,7772263,0.0
2016-09-15,78.83,79.19,78.41,78.79,7173452,0.0
2016-09-18,78.92,79.51,78.81,79.01,6139455,0.0
2016-09-19,79.7,82.07,79.63,81.78,13103002,0.0
2016-09-20,82.06,82.06,80.655,81.7,11606420,0.0
2016-09-21,81.94,82,80.9,81.51,7017061,0.0
2016-09-22,81.33,82,81.22,81.37,6243817,0.0
2016-09-25,81.05,81.13,79.915,80.63,6895014,0.0
2016-09-26,79.32,79.9,78.64,79.25,10294141,0.0
2016-09-27,79.11,79.5,78.51,78.97,5371132,0.0
2016-09-28,79.03,79.337,77.75,77.86,5984158,0.0
2016-09-29,78.06,79.63,78.05,79.13,7008362,0.0
2016-10-02,78.65,78.97,77.25,78.03,8786471,0.0
2016-10-03,78.15,78.42,77.12,77.24,6972150,0.0
2016-10-04,77.35,78,77.2,77.57,6449797,0.0
2016-10-05,77.38,77.76,76.075,76.2,8744949,0.0
2016-10-06,76.44,76.48,74.92,75.24,9583298,0.0
2016-10-09,75.53,75.9675,75.26,75.48,5766293,0.0
2016-10-10,75.14,75.28,73.56,73.82,10007925,0.0
2016-10-11,74.18,74.205,72.92,73.03,8423201,0.0
2016-10-12,72.29,73.93,72.21,73.06,8818514,0.0
2016-10-13,73.27,73.5,72.73,72.73,6005314,0.0
2016-10-16,72.57,73.46,72.31,72.64,6702862,0.0
2016-10-17,73.4,73.83,72.91,73.41,5165033,0.0
2016-10-18,73.5,73.92,73.31,73.33,4852249,0.0
2016-10-19,73.14,74.81,73.1,74.31,8856252,0.0
2016-10-20,74.11,74.94,73.775,74.29,6776077,0.0
2016-10-23,74.51,74.78,73.74,74.14,5846095,0.0
2016-10-24,74.04,74.675,73.91,74.42,5025974,0.0
2016-10-25,74.54,75.8,74.26,75.38,6890534,0.0
2016-10-26,76.01,76.3562,75.64,75.84,7801858,0.0
2016-10-27,74.69,74.78,73.23,73.87,11282552,0.0
2016-10-30,74.09,74.44,73.55,73.63,6490362,0.0
2016-10-31,73.63,74.29,73.06,74.08,8323682,0.0
2016-11-01,74,74.35,72.45,72.5,11896863,0.0
2016-11-02,72.33,72.93,71.68,71.76,7124710,0.0
2016-11-03,71.52,73.29,71.4,72.43,9259644,0.0
2016-11-06,73.48,74.71,73.05,74,7762706,0.0
2016-11-07,73.93,74.655,73.285,74.02,6260188,0.0
2016-11-08,76.78,80,76.75,78.48,21725529,0.0
2016-11-09,79.66,80,76.94,77.84,13826465,0.0
2016-11-10,77.39,77.51,75.29,76.41,9737347,0.0
2016-11-13,77.03,77.125,76.07,76.75,7156635,0.0
2016-11-14,77.03,77.11,75,76.35,6862450,0.0
2016-11-15,76.08,76.88,75.57,75.995,7268273,0.0
2016-11-16,75.76,76.015,74.85,75.57,7798464,0.0
2016-11-17,75.59,75.74,74.25,74.63,6587147,0.0
2016-11-20,74.66,75.19,74.45,75,4665419,0.0
2016-11-21,75.06,75.44,74.02,74.46,4824161,0.0
2016-11-22,73.84,75.35,73.76,75.32,5318857,0.0
2016-11-24,75.47,75.55,74.87,75.44,2373494,0.0
2016-11-27,75.3,75.44,74.22,74.54,6230414,0.0
2016-11-28,74.69,75.4,74.29,74.89,5276318,0.0
2016-11-29,75,75.08,73.59,73.7,6958874,0.0
2016-11-30,73.97,74.03,72.72,72.81,6603831,0.0
2016-12-01,73.04,73.6,72.16,72.42,6775411,0.0
2016-12-04,72.79,72.97,71.93,72.36,7776470,0.0
2016-12-05,72.66,72.67,71.95,72.47,7230908,0.0
2016-12-06,71.78,72.9,71.55,72.77,10320983,0.0
2016-12-07,72.56,72.6,70.83,72.01,10059705,0.0
2016-12-08,72.34,73.13,71.95,72.71,7069080,0.0
2016-12-11,72.56,73.68,72.13,73.47,7252949,0.0
2016-12-12,73.41,75.87,73.4,74.85,10696310,0.0
2016-12-13,74.86,76.32,74.86,75.72,9893517,0.0
2016-12-14,75.9,75.99,74.91,75.54,7254724,0.0
2016-12-15,74.6,74.955,73.94,74.1,10626819,0.0
2016-12-18,73.61,75.3,73.55,74.41,6862738,0.0
2016-12-19,74.51,74.63,73.43,74.05,7077394,0.0
2016-12-20,74.03,74.83,73.56,73.96,5971406,0.0
2016-12-21,73.68,73.75,72.92,73.3,6798084,0.0
2016-12-22,73.3,73.89,73.22,73.63,4345399,0.0
2016-12-26,73.52,74.8,73.51,73.71,5466700,0.0
2016-12-27,73.61,73.7,72.62,72.765,5195732,0.0
2016-12-28,72.77,72.85,71.9367,72.12,6124514,0.0
2016-12-29,72.1,72.26,71.3,71.62,7209690,0.0
2017-01-02,72.37,74.23,72.18,74.16,9083775,0.0
2017-01-03,74.53,76.98,74.377,76.39,12399583,0.0
2017-01-04,76.84,76.85,75.57,76.01,7904716,0.0
2017-01-05,76.45,76.5,75.41,75.48,7560869,0.0
2017-01-08,75.93,76.09,75.27,75.82,7347035,0.0
2017-01-09,76.48,76.5,74.93,75.02,6906784,0.0
2017-01-10,75.53,75.55,73.01,73.76,11376632,0.0
2017-01-11,73.53,73.68,72.93,73.36,5853355,0.0
2017-01-12,73.63,73.78,73,73.07,5796273,0.0
2017-01-16,72.92,72.92,71.73,71.9,9650798,0.0
2017-01-17,72.24,72.47,71.5,72.11,8368059,0.0
2017-01-18,71.93,72.25,71.23,71.56,7800554,0.0
2017-01-19,71.97,72,70.58,71.01,8288661,0.0
2017-01-22,70.87,71.29,70.3,70.69,8297159,0.0
2017-01-23,70.65,70.98,69.78,70.24,9358616,0.0
2017-01-24,70.89,72.34,70.72,71.92,11636341,0.0
2017-01-25,71.78,71.85,71.15,71.21,6670962,0.0
2017-01-26,71.43,72.1698,71.161,71.25,5841404,0.0
2017-01-29,71,71.67,70.745,71.5,5895348,0.0
2017-01-30,71.13,72.58,70.99,72.46,7782804,0.0
2017-01-31,72.72,72.88,72.06,72.81,6220171,0.0
2017-02-01,72.63,72.83,71.78,72.24,7273307,0.0
2017-02-02,72.74,72.75,71.77,72.33,6361104,0.0
2017-02-05,72.02,72.669,71.44,72.4,6101780,0.0
2017-02-06,72.53,73.3,72.41,73.12,9034063,0.0
2017-02-07,67.21,67.27,65.75,66.815,43820017,0.0
2017-02-08,66.34,66.79,65.38,65.59,20402772,0.0
2017-02-09,65.85,66.78,65.43,66.38,14082993,0.0
2017-02-12,66.81,67.785,66.5,67.66,12681439,0.0
2017-02-13,68.6,68.67,67.33,67.55,12510471,0.0
2017-02-14,67.7,69.98,67.67,69.81,14276610,0.0
2017-02-15,70,70.67,69.2601,70.3,9207742,0.0
2017-02-16,70.18,70.79,69.71,69.85,9197710,0.0
2017-02-20,69.96,70,68.83,69.29,9201824,0.0
2017-02-21,69.11,69.73,68.66,68.82,8339794,0.0
2017-02-22,68.74,69.525,68.43,69.39,6417467,0.0
2017-02-23,69.25,70.07,69.05,69.95,6016329,0.0
2017-02-26,69.82,70.5375,69.8,70.51,5353031,0.0
2017-02-27,70.37,70.94,70.01,70.48,6597801,0.0
2017-02-28,70.82,70.99,70.02,70.175,7787134,0.0
2017-03-01,70.04,70.89,70,70.52,6831139,0.0
2017-03-02,70.67,70.81,70.22,70.74,5195179,0.0
2017-03-05,70.56,70.6,69.7,70.11,5892547,0.0
2017-03-06,69.4,69.96,68.78,69.01,6952269,0.0
2017-03-07,69.02,69.995,68.88,69.71,6045420,0.0
2017-03-08,69.21,69.25,67.81,68.39,11140546,0.0
2017-03-09,68.54,68.61,67.45,68.19,11656642,0.0
2017-03-12,68.32,68.35,67.53,68.1,6838653,0.0
2017-03-13,67.41,68.1,67.4,67.76,4993235,0.0
2017-03-14,67.97,68.78,67.61,68.48,6789508,0.0
2017-03-15,68.74,68.78,68.21,68.54,5672627,0.0
2017-03-16,68.67,69.88,68.25,69.06,10145193,0.0
2017-03-19,68.94,69.21,68.64,68.68,5171392,0.0
2017-03-20,68.8,69.075,67.43,67.73,7025171,0.0
2017-03-21,67.795,68.05,67.505,67.81,4167792,0.0
2017-03-22,67.61,67.92,67.26,67.5,4828844,0.0
2017-03-23,67.57,67.87,67.2014,67.51,4774564,0.0
2017-03-26,67.11,67.82,66.97,67.49,4456455,0.0
2017-03-27,67.45,67.48,66.8,67.09,6716370,0.0
2017-03-28,67.1,67.565,66.91,67.27,6043250,0.0
2017-03-29,67.36,67.78,67.1,67.54,4257492,0.0
2017-03-30,67.37,68.33,67.37,67.92,6978714,0.0
2017-04-02,67.85,68.02,66.75,67.09,6769111,0.0
2017-04-03,67.04,67.14,66.65,66.97,4963344,0.0
2017-04-04,66.99,67.125,66.4,66.47,5996274,0.0
2017-04-05,66.45,66.8,66.2275,66.49,7082484,0.0
2017-04-06,66.42,66.84,66.3,66.6,5648663,0.0
2017-04-09,66.56,67.235,66.39,66.43,4758236,0.0
2017-04-10,66.43,66.5305,65.825,66.03,6060312,0.0
2017-04-11,66.33,66.37,65.79,66.21,6438214,0.0
2017-04-12,66.18,66.82,66.09,66.51,4935259,0.0
2017-04-16,66.81,67.15,66.6,66.71,4138512,0.0
2017-04-17,66.59,66.87,65.7,66.05,6127562,0.0
2017-04-18,66.19,66.4,65.89,66.28,4192348,0.0
2017-04-19,66.36,66.67,66.16,66.51,5457161,0.0
2017-04-20,66.54,66.68,65.7478,65.94,5330335,0.0
2017-04-23,66.49,66.49,65.71,66.25,7222187,0.0
2017-04-24,66.6,67.53,66.56,67.13,7211536,0.0
2017-04-25,67.41,68.6,67.27,68.22,10357312,0.0
2017-04-26,68.17,68.76,68.05,68.58,5724739,0.0
2017-04-27,68.77,68.96,68.24,68.54,4748537,0.0
2017-04-30,68.54,68.81,68.05,68.11,4210372,0.0
2017-05-01,68.29,69.16,68.16,68.59,8783533,0.0
2017-05-02,67.12,67.58,66.27,67.2,11395168,0.0
2017-05-03,67.42,68.57,67.337,68.08,7205540,0.0
2017-05-04,68.1,68.45,67.51,67.8,4754277,0.0
2017-05-07,67.78,67.82,67.08,67.2,5294305,0.0
2017-05-08,67.22,67.75,67.1,67.605,4730541,0.0
2017-05-09,67.69,67.8,66.71,66.92,5756410,0.0
2017-05-10,66.77,66.84,66.055,66.71,6881615,0.0
2017-05-11,66.84,66.899,65.74,66.06,6951605,0.0
2017-05-14,66.08,66.17,65.73,65.94,5007432,0.0
2017-05-15,65.74,66.03,65.48,65.72,4977032,0.0
2017-05-16,65.37,65.62,64.46,64.51,6785401,0.0
2017-05-17,64.49,64.67,63.88,64.42,6506242,0.0
2017-05-18,64.38,64.8,64.075,64.23,7132649,0.0
2017-05-21,64.24,64.64,64.12,64.37,5348120,0.0
2017-05-22,64.36,64.8,64.3,64.69,3989501,0.0
2017-05-23,64.73,64.79,64.23,64.31,4779231,0.0
2017-05-24,64.5,64.8266,64.21,64.59,4414059,0.0
2017-05-25,64.39,64.75,64.31,64.51,3273261,0.0
2017-05-29,64.47,64.7712,64.3,64.48,5203940,0.0
2017-05-30,64.47,64.92,64.18,64.88,5323001,0.0
2017-05-31,65.01,65.71,64.51,64.61,7866345,0.0
2017-06-01,64.9,65.55,64.76,65.41,5033494,0.0
2017-06-04,65.59,65.79,65.04,65.48,5186769,0.0
2017-06-05,65.19,65.38,64.64,64.84,5659115,0.0
2017-06-06,65.03,65.17,64.2,64.3,6175656,0.0
2017-06-07,64.16,64.58,64.055,64.12,5706177,0.0
2017-06-08,64.11,64.94,63.95,64.68,7814567,0.0
2017-06-11,64.6,66.7,64.55,65.43,8167098,0.0
2017-06-12,65.61,65.65,65.01,65.15,6680867,0.0
2017-06-13,64.92,65.365,64.54,65,5338358,0.0
2017-06-14,64.76,65.16,64.0954,64.81,5620563,0.0
2017-06-15,64.79,64.84,63.759,64.1,7230925,0.0
2017-06-18,64.23,64.975,64.08,64.81,5963323,0.0
2017-06-19,64.89,66,64.02,65.6,10757579,0.0
2017-06-20,65.82,67.69,65.61,67.51,11722514,0.0
2017-06-21,68.25,71.44,68.25,70.5,24980144,0.0
2017-06-22,71.07,71.37,69.84,70.53,13127110,0.0
2017-06-25,71.25,71.76,70.72,71.26,10829819,0.0
2017-06-26,71.4,71.9,70.64,70.66,9160245,0.0
2017-06-27,70.96,72.09,70.83,71.92,8813151,0.0
2017-06-28,72.04,72.17,70.02,70.85,9794474,0.0
2017-06-29,71.55,71.64,70.32,70.78,5058165,0.0
2017-07-02,71.14,71.6,70.56,70.68,2561187,0.0
2017-07-04,70.83,71.285,70.16,70.85,5907657,0.0
2017-07-05,70.66,70.74,69.19,69.48,5861463,0.0
2017-07-06,69.69,69.69,68.54,69.25,5148435,0.0
2017-07-09,69.24,69.74,69.1233,69.29,4834182,0.0
2017-07-10,68.99,69.495,68.61,69.35,5011442,0.0
2017-07-11,69.74,70.13,69.605,69.82,4274113,0.0
2017-07-12,69.99,70.98,69.5175,70.59,6154493,0.0
2017-07-13,70.74,71.03,70.42,70.57,3955544,0.0
2017-07-16,70.58,71.86,70.4,71.16,5202948,0.0
2017-07-17,71.3,71.73,70.72,71.71,5102161,0.0
2017-07-18,72,72.74,71.77,72.72,6916792,0.0
2017-07-19,72.86,73.74,72.77,73.431,7779729,0.0
2017-07-20,73.32,74.41,73.28,73.74,7335069,0.0
2017-07-23,73.7,74.42,73.19,74.39,6159364,0.0
2017-07-24,74.72,75.29,73.62,73.74,7447298,0.0
2017-07-25,74.1,74.27,73.62,74.12,7373419,0.0
2017-07-26,75.44,75.99,74.45,75,11632938,0.0
2017-07-27,75.01,76.03,74.75,75.95,7676972,0.0
2017-07-30,76,76.49,75.83,76.1,6226814,0.0
2017-07-31,76.35,76.36,75.52,75.7,5901731,0.0
2017-08-01,75.54,75.9,75.17,75.83,5928590,0.0
2017-08-02,75.8,76,74.3,74.35,9242885,0.0
2017-08-03,73.73,73.76,72.58,73.15,13135659,0.0
2017-08-06,72.85,73.5,72.28,73.42,6323669,0.0
2017-08-07,73.42,73.67,72.81,73.26,5760082,0.0
2017-08-08,72.84,74.68,72.83,73.89,9083442,0.0
2017-08-09,73.59,73.78,72.53,72.69,7250669,0.0
2017-08-10,72.52,72.68,71.82,72.39,5579013,0.0
2017-08-13,72.87,73.115,72.56,72.79,3903336,0.0
2017-08-14,73,73.38,72.73,73.14,4240591,0.0
2017-08-15,73.21,73.77,73.14,73.36,4244241,0.0
2017-08-16,73.12,73.41,72.275,72.33,5705324,0.0
2017-08-17,72.32,72.63,71.835,72.11,4651926,0.0
2017-08-20,72.08,72.96,72.08,72.61,3918603,0.0
2017-08-21,72.68,73.76,72.65,73.375,3691107,0.0
2017-08-22,73.27,74.2,73.06,73.75,5332462,0.0
2017-08-23,73.81,74.3,73.65,74.01,3609628,0.0
2017-08-24,74.23,74.43,73.69,73.8,3091305,0.0
2017-08-27,74.9,75.935,74.2,74.7,15063484,0.0
2017-08-28,74.29,75.8,74.22,75.75,9034302,0.0
2017-08-29,75.82,81.44,75.74,81.24,30922564,0.0
2017-08-30,81.5,84.13,81.48,83.75,25887218,0.0
2017-08-31,83.35,84.1,82.25,83.74,12440251,0.0
2017-09-04,83.24,83.6179,81.35,82.55,11944952,0.0
2017-09-05,82.85,83.43,82.51,83.01,7719379,0.0
2017-09-06,83.12,85.62,82.9,85.55,11482171,0.0
2017-09-07,85.3,86.2666,84.901,85.1,8843577,0.0
2017-09-10,85.69,86,84.14,84.51,8269106,0.0
2017-09-11,84.15,84.75,83.8,84.51,6609615,0.0
2017-09-12,84.5,84.51,83.37,83.66,5309004,0.0
2017-09-13,83.02,83.14,81.57,82.28,7786926,0.0
2017-09-14,82.79,83.5,82.305,82.35,8133328,0.0
2017-09-17,82.53,83.5,81.54,83.03,5766817,0.0
2017-09-18,83.39,83.39,82.13,82.29,4551888,0.0
2017-09-19,82.31,82.9,81.84,82.635,4355004,0.0
2017-09-20,82.73,83.413,82.23,82.62,4577574,0.0
2017-09-21,82.24,83.37,82.01,83.24,4266290,0.0
2017-09-24,83.41,84.28,82.86,83.6,6368572,0.0
2017-09-25,83.67,84.73,83.55,83.78,6311406,0.0
2017-09-26,83.98,84.55,83.46,83.85,5058233,0.0
2017-09-27,83.53,83.6,79.21,80.91,15289519,0.0
2017-09-28,81.2,81.96,79.31,81.01,11019409,0.0
2017-10-01,81.21,83.63,81.18,83.52,7318291,0.0
2017-10-02,83.45,84.23,82.13,83.18,5386813,0.0
2017-10-03,83.23,83.26,82.07,82.41,4849777,0.0
2017-10-04,82.26,83.53,82.13,83.52,4708906,0.0
2017-10-05,82.94,83.22,81.95,82.13,4409893,0.0
2017-10-08,82.36,82.76,81.56,81.97,3145872,0.0
2017-10-09,81.9,83.06,81.865,83.05,4112632,0.0
2017-10-10,83.06,83.29,82.31,82.57,3774916,0.0
2017-10-11,82.57,82.82,81.0201,81.27,4989626,0.0
2017-10-12,81.27,81.58,80.65,81.17,4489685,0.0
2017-10-15,81.13,81.21,79.55,79.95,5423688,0.0
2017-10-16,80,80.71,79.56,80.24,5209400,0.0
2017-10-17,80.26,80.84,79.76,80.02,5240238,0.0
2017-10-18,81.53,82.47,80.5102,81.61,12294550,0.0
2017-10-19,81.83,81.95,80.45,81.21,7203471,0.0
2017-10-22,81.25,81.32,80.09,80.17,5181910,0.0
2017-10-23,80.18,80.38,78.8,80.09,5695051,0.0
2017-10-24,80.08,80.08,78.69,79.9,6835318,0.0
2017-10-25,78.44,79.5,77,77.84,9619233,0.0
2017-10-26,75.01,77.2,72.76,77.05,18999697,0.0
2017-10-29,76.1,76.93,75.25,75.98,9373807,0.0
2017-10-30,75.83,76.39,74.725,74.97,6716855,0.0
2017-10-31,74.69,75.85,74.22,74.84,7326593,0.0
2017-11-01,74.72,74.8,73.55,73.8,6007470,0.0
2017-11-02,73.55,73.85,72.83,73.46,6185226,0.0
2017-11-05,73.29,73.5,72.11,72.36,6513229,0.0
2017-11-06,72.41,73.34,72.32,73.22,6277465,0.0
2017-11-07,73.32,73.37,72.72,73.09,4610766,0.0
2017-11-08,73.04,73.42,72.62,73.03,4797886,0.0
2017-11-09,72.96,74.085,72.2,73.78,5575381,0.0
2017-11-12,73.25,73.39,72.51,72.84,6411623,0.0
2017-11-13,72.7,72.72,70.05,71.15,9039096,0.0
2017-11-14,70.63,72.1,70.53,71.84,6048177,0.0
2017-11-15,71.75,72.6,71.25,72.41,6014841,0.0
2017-11-16,72.32,72.62,72.12,72.43,3908578,0.0
2017-11-19,72.41,72.61,71.55,72.1452,3780899,0.0
2017-11-20,72.07,72.84,71.82,72.52,4640522,0.0
2017-11-21,72.48,73.09,72.35,72.82,3476809,0.0
2017-11-23,72.76,72.93,72.23,72.46,1451419,0.0
2017-11-26,72.51,72.6,71.52,71.7,2983336,0.0
2017-11-27,72.16,72.68,71.4,72.63,4475603,0.0
2017-11-28,72.84,74.2,72.57,73.7,7154814,0.0
2017-11-29,74.44,75.1025,73.75,74.69,6864775,0.0
2017-11-30,74.44,75.61,73.5013,75.33,6393301,0.0
2017-12-03,75.45,75.58,72.91,73.07,6047322,0.0
2017-12-04,73.19,74.03,72.72,73.29,5135537,0.0
2017-12-05,73.72,74.35,72.84,73.3,4381338,0.0
2017-12-06,73.21,73.25,72.21,72.71,3986942,0.0
2017-12-07,73.4,74.38,72.51,74.265,5952893,0.0
2017-12-10,74.6,76.27,74.388,75.9,6498514,0.0
2017-12-11,76.05,76.16,74.25,76.09,6584280,0.0
2017-12-12,76.31,77.15,76.27,76.6,7147470,0.0
2017-12-13,76,76.47,74.07,74.33,6425602,0.0
2017-12-14,74.98,75.73,74.1,75.56,7360186,0.0
2017-12-17,76.03,76.48,75.01,75.19,5380965,0.0
2017-12-18,75.06,75.341,74.26,74.34,4289046,0.0
2017-12-19,73.54,74.73,73.42,74.01,5213936,0.0
2017-12-20,73.73,74.37,72.93,73.03,4813265,0.0
2017-12-21,72.8,73.35,72.37,72.7,5338041,0.0
2017-12-25,72.58,73.0613,72.31,72.7,3036918,0.0
2017-12-26,72.83,73.43,72.56,72.98,3111842,0.0
2017-12-27,73.21,73.21,72.04,72.47,3735446,0.0
2017-12-28,72.31,72.749,71.61,71.65,5641290,0.0
2018-01-01,72.19,74.27,71.722,74.1,5614551,0.0
2018-01-02,74.05,74.84,73.33,74.645,5109847,0.0
2018-01-03,75.01,75.07,73.56,73.89,3666991,0.0
2018-01-04,74.17,74.54,73.03,74.52,7048595,0.0
2018-01-07,74.34,74.72,73.44,74.39,4557689,0.0
2018-01-08,74.62,78.68,74.57,78.13,12244196,0.0
2018-01-09,78.1,78.87,77.01,78.69,8286853,0.0
2018-01-10,78.7,79.68,77.87,79.06,6551755,0.0
2018-01-11,79.35,79.4,78.65,78.98,4409690,0.0
2018-01-15,79.75,81.59,79.52,80.24,8848684,0.0
2018-01-16,80.71,82.07,80.21,81.74,8037513,0.0
2018-01-17,81.47,81.65,80.77,81.16,5121203,0.0
2018-01-18,81.22,81.534,80.37,80.97,5007968,0.0
2018-01-21,81.3,82.05,81.05,81.4,5058607,0.0
2018-01-22,81.23,82.18,80.91,80.95,5515700,0.0
2018-01-23,81.27,82.07,80.581,81.31,3092120,0.0
2018-01-24,81.58,81.84,80.85,81.18,3381677,0.0
2018-01-25,81.96,85.49,81.88,85.46,12325689,0.0
2018-01-28,85.12,89.54,85.12,88.83,15664482,0.0
2018-01-29,87.96,88.33,86.2725,87.3,10732392,0.0
2018-01-30,86.6,87.1,83.29,83.81,8820380,0.0
2018-01-31,83.2,84.16,81.1809,83.51,5498286,0.0
2018-02-01,82.78,83.34,81.48,81.73,7049850,0.0
2018-02-04,81.41,82.5045,78.34,78.38,8059198,0.0
2018-02-05,77.31,80.61,76.9,80.43,9937821,0.0
2018-02-06,79.45,84.58,79.35,82.77,17034841,0.0
2018-02-07,82.44,82.85,78.07,78.22,10060933,0.0
2018-02-08,78.89,79.95,76.02,79.32,10606860,0.0
2018-02-11,79.76,81.42,79.63,80.15,6206151,0.0
2018-02-12,79.52,81.09,78.65,80.8,4632166,0.0
2018-02-13,80.16,82.29,79.98,81.82,5160574,0.0
2018-02-14,82.22,82.3,81.49,81.55,5180251,0.0
2018-02-15,81.45,82.33,80.61,80.68,5817320,0.0
2018-02-19,80.21,81.73,80.21,80.94,4595498,0.0
2018-02-20,80.9,81.93,80.35,80.69,4997720,0.0
2018-02-21,80.73,81.13,79.18,79.41,6135878,0.0
2018-02-22,79.82,80.94,79.29,80.92,3962363,0.0
2018-02-25,81.26,81.93,80.2,81.79,4593482,0.0
2018-02-26,81.79,82.04,80.3,80.35,3991080,0.0
2018-02-27,80.46,80.7,78.69,78.73,4601584,0.0
2018-02-28,78.84,79.82,77.11,77.51,6268841,0.0
2018-03-01,76.84,78.89,76.4,78.68,5074038,0.0
2018-03-04,78.16,78.68,77.14,77.93,6287920,0.0
2018-03-05,78.6,80.03,78.47,79.32,5254476,0.0
2018-03-06,78.74,80.15,78.12,79.99,4998514,0.0
2018-03-07,79.96,80.67,79.32,80.08,4252123,0.0
2018-03-08,80.5,81.05,79.99,80.74,4517724,0.0
2018-03-11,80.97,81.34,80.42,81.06,4460062,0.0
2018-03-12,81.13,82.715,81.12,81.72,5761100,0.0
2018-03-13,82.01,82.5725,80.89,81.12,4463355,0.0
2018-03-14,80.52,80.88,79.2727,79.51,4047912,0.0
2018-03-15,79.92,80.9,79.4,79.72,5116688,0.0
2018-03-18,79.37,79.5,76.3,77.19,5627686,0.0
2018-03-19,77.38,77.699,76.71,76.92,3694941,0.0
2018-03-20,76.74,77.44,76.21,76.47,3660618,0.0
2018-03-21,75.85,76.76,75.04,75.57,5714453,0.0
2018-03-22,75.38,75.62,72.73,72.84,6681959,0.0
2018-03-25,74.17,75.71,73.57,75.53,5471840,0.0
2018-03-26,75.98,76.15,73.55,74.12,4745041,0.0
2018-03-27,74.45,75.74,73.9,74.79,5288526,0.0
2018-03-28,75.14,76.19,74.61,75.39,4014400,0.0
2018-04-01,74.83,75.09,71.87,73.13,6275541,0.0
2018-04-02,73.44,73.96,72.03,73.75,4202892,0.0
2018-04-03,72.95,75.68,72.82,75.41,4429825,0.0
2018-04-04,76,76,74.18,74.8,4570849,0.0
2018-04-05,74.28,75.3,72.71,73.39,4200873,0.0
2018-04-08,73.88,75.305,73.15,73.81,3740949,0.0
2018-04-09,74.57,75.48,73.79,75.02,4468086,0.0
2018-04-10,74.69,75.21,74.21,74.34,3394453,0.0
2018-04-11,74.83,76.25,74.83,75.28,3443218,0.0
2018-04-12,75.51,75.8399,74.86,75.22,2989912,0.0
2018-04-15,75.87,75.98,74.24,74.68,3784410,0.0
2018-04-16,74.95,75.935,74.59,75.49,3276380,0.0
2018-04-17,75.64,76.07,75.25,75.67,2340307,0.0
2018-04-18,75.44,75.92,73.83,74.43,3024764,0.0
2018-04-19,74.4,74.42,73.18,73.69,3761293,0.0
2018-04-22,74.08,74.32,73.35,74,2646121,0.0
2018-04-23,74.08,74.3,72.26,72.71,3986801,0.0
2018-04-24,72.79,73.56,72.47,73.25,4303359,0.0
2018-04-25,73.28,74.32,72.09,73.9,4686530,0.0
2018-04-26,73.91,74.19,73.1,73.85,3785990,0.0
2018-04-29,74.06,74.22,72.17,72.22,4936189,0.0
2018-04-30,72.32,72.83,71.7802,72.56,3917095,0.0
2018-05-01,68.26,68.76,66.02,66.89,21848668,0.0
2018-05-02,66.6,66.84,64.26,65.1899,12381458,0.0
2018-05-03,65.08,65.71,64.7,65.42,7028429,0.0
2018-05-06,65.71,65.95,64.43,64.88,9084289,0.0
2018-05-07,64.99,65.67,64.54,65.22,7177491,0.0
2018-05-08,65.27,66.09,64.63,65.7,6560318,0.0
2018-05-09,66.01,66.1,65.21,65.37,5204430,0.0
2018-05-10,65.22,66.75,64.84,66.16,8608312,0.0
2018-05-13,66.27,67.68,66.19,67.05,5086833,0.0
2018-05-14,66.8,67.56,66.6417,67,6012998,0.0
2018-05-15,67.07,67.98,67,67.54,4796085,0.0
2018-05-16,67.29,68.1299,67.1,67.6,3815731,0.0
2018-05-17,67.59,68.49,67.34,68.02,4957393,0.0
2018-05-20,68.15,68.57,67.25,67.63,4425851,0.0
2018-05-21,68.01,68.69,67.51,67.84,4528880,0.0
2018-05-22,67.36,68.38,67.35,68.16,3738879,0.0
2018-05-23,68.04,68.29,67.08,67.53,3895165,0.0
2018-05-24,67.65,67.93,67,67.38,3553130,0.0
2018-05-28,67,67.56,66.71,67.34,5698927,0.0
2018-05-29,67.66,67.7922,67.31,67.69,4158087,0.0
2018-05-30,68.04,68.15,67.21,67.33,5190965,0.0
2018-05-31,67.62,68.43,67.52,68.33,3775153,0.0
2018-06-03,68.19,70.8,67.95,70.21,10033010,0.0
2018-06-04,70.25,70.73,69.2745,70.07,5641013,0.0
2018-06-05,70.1,71.97,69.69,71.97,6661516,0.0
2018-06-06,71.88,71.95,71.1,71.91,5497816,0.0
2018-06-07,71.45,72.2775,71.35,71.9,4321389,0.0
2018-06-10,71.79,72,71.11,71.82,3899128,0.0
2018-06-11,71.76,71.98,70.99,71.7,3923598,0.0
2018-06-12,71.78,71.98,71,71.28,3546158,0.0
2018-06-13,70.99,71.62,70.51,71.16,3865893,0.0
2018-06-14,70.94,71.41,69.91,70.22,6806644,0.0
2018-06-17,69.76,69.9445,68.9166,69.06,4770446,0.0
2018-06-18,68.46,70.9898,68.16,70.94,6078595,0.0
2018-06-19,70.97,71.57,70.35,71.46,4423219,0.0
2018-06-20,71.47,71.69,70.78,71.53,4738790,0.0
2018-06-21,71.7,71.76,70.83,71.06,3596601,0.0
2018-06-24,70.68,71.6362,70.545,71.16,4927224,0.0
2018-06-25,71.26,72.07,69.71,70.25,4098855,0.0
2018-06-26,70.3,70.78,68.6,68.64,4450339,0.0
2018-06-27,69.58,70.5,69.08,70.34,6494618,0.0
2018-06-28,70.48,71.5,70.29,70.86,3876049,0.0
2018-07-01,70.7,71.38,70.3,71.27,3016554,0.0
2018-07-02,71.43,71.9399,71.095,71.31,2293734,0.0
2018-07-04,71.34,72.889,71.285,72.81,4481742,0.0
2018-07-05,73.2,75.44,73,75.22,6614248,0.0
2018-07-08,75.45,77.19,75.21,76.64,6908610,0.0
2018-07-09,77.03,77.44,76.24,76.76,6466127,0.0
2018-07-10,76.39,76.66,75.69,76.03,4668501,0.0
2018-07-11,76.53,78.17,75.93,77.61,6129324,0.0
2018-07-12,77.4,77.89,77.035,77.38,2961534,0.0
2018-07-15,77.58,77.85,76.73,77.27,2144656,0.0
2018-07-16,77.11,77.76,76.93,77.21,3247664,0.0
2018-07-17,77.16,77.78,76.82,77.12,3295418,0.0
2018-07-18,76.99,77.7297,76.08,77.05,5033309,0.0
2018-07-19,76.5,77.7,76.361,77.33,3950094,0.0
2018-07-22,77.1,77.94,76.96,77.37,4150498,0.0
2018-07-23,77.75,78.59,77.4,77.66,7540306,0.0
2018-07-24,77.47,79,77.29,78.99,6017067,0.0
2018-07-25,77.78,79.04,76.1,78.17,11143468,0.0
2018-07-26,78.13,78.95,76.63,76.8,7297088,0.0
2018-07-29,76.46,76.96,75.84,76.33,4505592,0.0
2018-07-30,76.59,78.08,76.19,77.84,4488711,0.0
2018-07-31,77.54,78.35,77.38,77.92,3236833,0.0
2018-08-01,77.69,78.16,76.86,77.62,4198132,0.0
2018-08-02,77.68,77.95,77.17,77.95,3538490,0.0
2018-08-05,77.84,78.24,77.26,77.86,3007858,0.0
2018-08-06,77.61,78.5543,77.52,78.39,4545538,0.0
2018-08-07,78.19,78.38,76.83,76.9,3427018,0.0
2018-08-08,77.03,78.62,76.92,78.04,4522487,0.0
2018-08-09,77.52,77.96,76.3,76.73,4409095,0.0
2018-08-12,76.87,77.48,76.53,77.19,3441791,0.0
2018-08-13,77.11,77.8174,77.11,77.32,2595474,0.0
2018-08-14,76.4,76.47,74.25,74.83,10136540,0.0
2018-08-15,75.16,75.68,74.68,75.6,7094775,0.0
2018-08-16,75.41,75.55,72.06,72.93,10855130,0.0
2018-08-19,72.94,73.37,71.9,72.36,7348504,0.0
2018-08-20,72.37,73.48,72.37,73.33,7362349,0.0
2018-08-21,73.45,74.35,73.21,73.83,3732374,0.0
2018-08-22,73.54,73.76,72.7475,73.34,3617114,0.0
2018-08-23,73.52,74.01,73.21,73.6,3578155,0.0
2018-08-26,74,74.905,73.84,74.82,3426587,0.0
2018-08-27,74.8,75.47,74.61,74.94,3133617,0.0
2018-08-28,74.9,75.805,74.36,75.63,3321379,0.0
2018-08-29,75.74,76.35,75.5,76.3,3350164,0.0
2018-08-30,76.32,76.59,75.51,75.72,2654144,0.0
2018-09-03,75.36,75.72,73.65,74.3,3371916,0.0
2018-09-04,74.18,74.66,73.91,74.54,3545709,0.0
2018-09-05,74.37,74.64,72.61,72.87,3582121,0.0
2018-09-06,72.73,72.8,71.49,72.22,5339240,0.0
2018-09-09,72.58,73.17,72.3453,72.51,3567780,0.0
2018-09-10,72.6,72.69,71.77,72.23,3687581,0.0
2018-09-11,75.06,75.18,73.4001,73.98,7601338,0.0
2018-09-12,73.75,74.25,72.9,74.11,4326063,0.0
2018-09-13,74.21,74.545,73.2123,73.37,2955721,0.0
2018-09-16,73.5,73.53,72.615,72.78,3885424,0.0
2018-09-17,72.78,74.01,72.18,73.67,4511631,0.0
2018-09-18,73.47,74.32,73.3,73.87,2815364,0.0
2018-09-19,73.96,74.96,73.84,74.84,4335118,0.0
2018-09-20,74.76,75.93,74.75,75.5,6427903,0.0
2018-09-23,75.29,76.21,75.24,75.62,3562794,0.0
2018-09-24,75.8,75.99,74.92,74.99,4362634,0.0
2018-09-25,75.11,76.41,74.85,75.68,5597209,0.0
2018-09-26,75.65,77.095,75.57,76.59,4192821,0.0
2018-09-27,76.58,77.24,76.13,77.22,5475468,0.0
2018-09-30,77.32,78.59,77.04,77.97,5900069,0.0
2018-10-01,78.08,78.75,77.69,78.68,5656849,0.0
2018-10-02,78.85,79.61,78.48,79.02,5548280,0.0
2018-10-03,78.68,78.95,75.83,76.56,5940166,0.0
2018-10-04,76.77,77.5599,75.15,76.25,4484020,0.0
2018-10-07,76.3,76.65,75.51,76.41,2995718,0.0
2018-10-08,76.2,77.39,75.83,76.55,4140963,0.0
2018-10-09,76.22,77.055,74.75,74.78,4968278,0.0
2018-10-10,74.9,75.19,71.8,72.51,6782460,0.0
2018-10-11,73.3,73.9,72.26,73.5997,4262476,0.0
2018-10-14,73.31,73.77,72.71,72.77,3033426,0.0
2018-10-15,73.3,76.44,73.04,76.3,5629571,0.0
2018-10-16,76,76.29,75.14,75.62,3659603,0.0
2018-10-17,75.56,75.6,73.32,74.18,3789340,0.0
2018-10-18,74.15,74.8,73.15,73.26,3416412,0.0
2018-10-21,73.46,73.7,72.18,72.35,3061001,0.0
2018-10-22,71.54,72.31,70.7,71.66,4575806,0.0
2018-10-23,71.23,72.06,67.88,68.01,6637528,0.0
2018-10-24,68.28,70.015,67.25,68.63,7249811,0.0
2018-10-25,66.79,70.28,66.5,69.75,7825903,0.0
2018-10-28,70.78,71.99,69.47,70.96,7032298,0.0
2018-10-29,71.24,72.62,71.04,72.01,4835589,0.0
2018-10-30,72.43,72.5,67.23,68.18,13640996,0.0
2018-10-31,68.2,70.415,68,70.3,6377802,0.0
2018-11-01,70.97,71.57,68.89,69.41,4232842,0.0
2018-11-04,69.88,70.17,68.96,69.57,4040621,0.0
2018-11-05,69.67,70.395,69.55,70.35,3480944,0.0
2018-11-06,71.01,72.8,70.36,72.48,5457750,0.0
2018-11-07,72.25,72.66,71.61,71.87,3724556,0.0
2018-11-08,71.47,71.91,70.68,71.17,2946461,0.0
2018-11-11,71.07,71.475,70.06,70.5,3154331,0.0
2018-11-12,70.6,72.55,70.31,70.93,3038968,0.0
2018-11-13,71.36,71.71,70.15,70.541,3703918,0.0
2018-11-14,70.22,70.57,68.44,69.74,7956645,0.0
2018-11-15,69.45,69.7,68.93,69.21,7407974,0.0
2018-11-18,69.07,69.24,67.65,68.01,7694652,0.0
2018-11-19,68.4,69.46,67.536,67.56,6936662,0.0
2018-11-20,67.57,67.6863,66.55,66.75,7731274,0.0
2018-11-22,66.38,67.04,66.06,66.56,2718983,0.0
2018-11-25,67.37,68.06,66.06,66.98,6932149,0.0
2018-11-26,66.49,67.45,65.81,67.44,7124290,0.0
2018-11-27,67.49,69.21,66.91,69.2,5309986,0.0
2018-11-28,68.8,70.28,68.7215,69.67,5529582,0.0
2018-11-29,69.73,72.19,69.45,71.94,6348727,0.0
2018-12-02,72.74,72.9,70.51,70.9,9502360,0.0
2018-12-03,70.8,72.63,69.32,69.54,7489842,0.0
2018-12-05,68.71,70.2,68.11,70.19,6551817,0.0
2018-12-06,69.78,70,67.89,68.1699,4470172,0.0
2018-12-09,69.22,69.87,65.9,67.49,7918369,0.0
2018-12-10,68.13,69.1665,67.2,67.72,5219960,0.0
2018-12-11,68.58,69.32,68.06,68.149,5210622,0.0
2018-12-12,68.1,68.29,66.71,67.35,5286857,0.0
2018-12-13,66.8,67.17,65.375,65.54,6219172,0.0
2018-12-16,65.38,67.1,64.56,65.12,8284391,0.0
2018-12-17,65.48,66.74,64.3,64.8,7363441,0.0
2018-12-18,65.11,66.79,63.48,64.19,7641665,0.0
2018-12-19,64.13,65.35,63.3484,64.3,9072629,0.0
2018-12-20,64.75,66.09,62.25,62.56,12718041,0.0
2018-12-23,62.47,62.83,60.48,60.53,5412646,0.0
2018-12-25,60.65,63.23,60.32,63.22,7466001,0.0
2018-12-26,62.4,62.96,60.47,62.94,6957573,0.0
2018-12-27,62.81,63.04,61.67,61.86,5893104,0.0
2018-12-30,62,63.07,61.58,62.12,5997544,0.0
2019-01-01,61.9,64.01,61.5,63.38,5687199,0.0
2019-01-02,66.29,67.25,65.23,65.33,11593168,0.0
2019-01-03,66.25,68.425,66.04,68.185,6978165,0.0
2019-01-06,68.1,68.925,67.37,68.67,6152312,0.0
2019-01-07,68.85,69.15,67.09,68.08,5399538,0.0
2019-01-08,68.2,68.6638,67.5401,67.95,4454232,0.0
2019-01-09,67.74,68.273,67.09,68.03,4124415,0.0
2019-01-10,67.8,68.4,67.44,68.15,4572996,0.0
2019-01-13,67.77,67.936,67.11,67.35,6927273,0.0
2019-01-14,67.19,68.71,67.03,68.41,5802137,0.0
2019-01-15,68.27,68.87,67.56,67.575,4344728,0.0
2019-01-16,67.54,68.96,67.46,68.56,4143528,0.0
2019-01-17,69.24,69.58,68.51,69.005,6731127,0.0
2019-01-21,68.74,68.82,68.02,68.41,5382287,0.0
2019-01-22,68.52,69.508,67.82,68.28,5654121,0.0
2019-01-23,68.43,68.46,67.5196,67.92,6628101,0.0
2019-01-24,68.17,69.28,68.1,68.83,6974571,0.0
2019-01-27,68.42,69,67.36,67.98,4962459,0.0
2019-01-28,68.07,69.96,68.04,69.51,5269968,0.0
2019-01-29,69.42,70.3,68.6,69.815,4340301,0.0
2019-01-30,69.81,70.32,69.08,70.1,4567964,0.0
2019-01-31,70,70.5,69.36,70.025,5411533,0.0
2019-02-03,69.86,70.26,69.22,69.935,5302084,0.0
2019-02-04,67.75,69.02,66.75,67.55,12227573,0.0
2019-02-05,67.58,69.31,67.27,68.73,5884959,0.0
2019-02-06,68.43,68.77,66.92,67.23,5317361,0.0
2019-02-07,66.92,67.61,66.34,67.375,3859873,0.0
2019-02-10,67.62,67.9701,67.29,67.595,4212700,0.0
2019-02-11,64.78,65.42,63.96,65.39,13758705,0.0
2019-02-12,65.57,66.67,65.49,65.93,7798818,0.0
2019-02-13,66.13,66.785,65.68,66.44,4983461,0.0
2019-02-14,66.71,67.69,66.5,67.53,5543535,0.0
2019-02-18,67.34,67.77,66.65,66.705,5117171,0.0
2019-02-19,66.67,67.285,66.52,66.97,4142732,0.0
2019-02-20,66.93,66.96,65.235,65.55,4821519,0.0
2019-02-21,65.61,65.96,65.327,65.75,3944237,0.0
2019-02-24,66.055,66.055,65.2341,65.35,5629981,0.0
2019-02-25,65.245,65.82,65.09,65.27,4243645,0.0
2019-02-26,65.11,66.11,65.01,65.58,5834431,0.0
2019-02-27,65.2,65.66,64.73,65.02,5402207,0.0
2019-02-28,65.62,66.275,65.4,66.02,4876609,0.0
2019-03-03,66.21,66.47,64.9,65.44,5043071,0.0
2019-03-04,65.23,65.65,64.35,64.38,5953315,0.0
2019-03-05,64.45,64.59,62.755,62.91,7871830,0.0
2019-03-06,62.93,63.19,61.955,62.53,6288190,0.0
2019-03-07,62.23,63.41,62,63.23,6482567,0.0
2019-03-10,63.37,64.535,63.07,64.34,4067854,0.0
2019-03-11,64.54,65.28,64.16,64.84,4083913,0.0
2019-03-12,65.19,65.95,64.88,65.75,5027325,0.0
2019-03-13,65.04,65.3,64.345,64.78,6580635,0.0
2019-03-14,65.41,65.78,64.86,65.63,4985676,0.0
2019-03-17,65.79,65.9,64.83,65.02,4980626,0.0
2019-03-18,65,66.1,64.9,65.5,5776419,0.0
2019-03-19,65.07,65.25,64.375,64.59,5856958,0.0
2019-03-20,64.14,65.02,63,64.93,8137491,0.0
2019-03-21,64.86,65.1,63.7,63.74,4942323,0.0
2019-03-24,63.8,63.99,62.93,63.81,6236628,0.0
2019-03-25,64.05,64.95,63.95,64.25,5560069,0.0
2019-03-26,64.14,64.56,63.46,63.65,5200325,0.0
2019-03-27,63.92,63.94,63.17,63.68,4590830,0.0
2019-03-28,64.9,65.63,64.65,65.02,7762365,0.0
2019-03-31,65.54,66.24,65.25,65.87,2270400,0.0
2019-04-01,65.69,66.78,65.69,66.24,5977305,0.0
2019-04-02,66.68,66.775,66.18,66.66,5338119,0.0
2019-04-03,66.63,67.24,66.53,66.85,4931852,0.0
2019-04-04,67.2,68.07,66.91,67.56,4304563,0.0
2019-04-07,67.39,67.81,66.9,67.37,4325249,0.0
2019-04-08,67.27,67.62,65.94,66.1,4829488,0.0
2019-04-09,67.23,67.565,66.78,67.41,6643956,0.0
2019-04-10,67.84,68,66.03,66.31,5445952,0.0
2019-04-11,66.76,66.84,65.08,65.29,5045834,0.0
2019-04-14,65.4,65.96,64.5,65.43,4219931,0.0
2019-04-15,65.85,66.15,64.35,64.56,4633320,0.0
2019-04-16,64.6,64.7,63.15,63.25,6971023,0.0
2019-04-17,63.61,63.61,61.555,62.95,9794937,0.0
2019-04-21,62.78,63.33,61.55,61.88,10116237,0.0
2019-04-22,62.1,63.35,61.89,63.04,8912537,0.0
2019-04-23,63.16,63.19,62.2,62.8,4713478,0.0
2019-04-24,62.47,64.33,62.05,64.13,6963707,0.0
2019-04-25,64.43,65.32,64.31,65.15,7133899,0.0
2019-04-28,65.06,65.6,64.81,64.92,4253264,0.0
2019-04-29,64.95,65.26,63.95,65.02,5725592,0.0
2019-04-30,64.82,65.61,64.46,64.86,4749477,0.0
2019-05-01,64.71,65.39,64.2,65.29,4768605,0.0
2019-05-02,65.97,67.74,65.9,67.13,7657125,0.0
2019-05-05,66.33,67.8,66.04,67.7,5273692,0.0
2019-05-06,67.05,67.5,65.93,66.4,5450758,0.0
2019-05-07,66.18,66.44,65.21,66.07,4765984,0.0
2019-05-08,65.57,66.49,64.76,66.12,5400976,0.0
2019-05-09,66.04,66.28,64.12,65.56,5156566,0.0
2019-05-12,64.42,64.53,63.16,64.16,7043538,0.0
2019-05-13,64.24,65.6132,64.1,65.07,5178613,0.0
2019-05-14,64.67,65.78,64.39,65.3,3773534,0.0
2019-05-15,65.59,66.71,65.49,65.78,4432540,0.0
2019-05-16,65.77,67.22,65.6,66.33,6058994,0.0
2019-05-19,65.99,66.23,65.57,65.86,3851526,0.0
2019-05-20,66.22,66.725,65.81,66.52,4120832,0.0
2019-05-21,66.26,66.795,65.73,66.51,5175042,0.0
2019-05-22,66.75,67.46,66.37,67.16,5675962,0.0
2019-05-23,67.3,67.475,66.4529,66.88,3536617,0.0
2019-05-27,65.31,65.79,63.95,63.96,7381628,0.0
2019-05-28,63.61,63.73,62.84,63.35,6148005,0.0
2019-05-29,63.46,63.64,62.81,63.35,3794306,0.0
2019-05-30,62.77,63.06,62.17,62.24,3785985,0.0
2019-06-02,62.5,64.44,62.18,63.61,7035573,0.0
2019-06-03,63.97,64.72,63.66,64.32,4249766,0.0
2019-06-04,64.8,64.84,63.6001,64.43,4068467,0.0
2019-06-05,64.45,64.8,63.57,63.71,4057739,0.0
2019-06-06,64.14,65.625,63.47,65.36,5011239,0.0
2019-06-09,65.4,66.27,65.275,66.12,4802664,0.0
2019-06-10,66.13,66.835,65.95,66.111,4346129,0.0
2019-06-11,66.38,67.461,66.21,66.79,5558446,0.0
2019-06-12,66.31,67.25,66.3,66.98,7580980,0.0
2019-06-13,66.91,66.98,66.2,66.35,6946704,0.0
2019-06-16,66.47,67.45,66.07,67.12,3875129,0.0
2019-06-17,67.65,68.9,67.38,68.21,6230608,0.0
2019-06-18,68.03,68.4,67.645,68.28,3616576,0.0
2019-06-19,68.79,69.32,67.71,68.56,3828647,0.0
2019-06-20,68.53,69.47,68.27,69.39,6400528,0.0
2019-06-23,69.13,69.48,68.7,68.85,3145734,0.0
2019-06-24,68.75,69.98,68.125,68.49,5134421,0.0
2019-06-25,68.5,68.54,66.58,66.66,5958608,0.0
2019-06-26,66.64,67.385,66.26,67.05,5124739,0.0
2019-06-27,67.075,68.02,66.86,67.56,6439601,0.0
2019-06-30,68,68.86,67.275,67.82,4441923,0.0
2019-07-01,68.64,68.94,67.96,68.86,4762430,0.0
2019-07-02,69.07,69.07,68.32,69,1967568,0.0
2019-07-04,68.56,69.345,68.35,68.53,3497166,0.0
2019-07-07,68.27,68.47,66.36,67.51,5064390,0.0
2019-07-08,67.18,68.1769,66.75,67.74,3316591,0.0
2019-07-09,68,68.53,66.9002,67.46,3496505,0.0
2019-07-10,67.01,67.39,65.54,66.2,5109609,0.0
2019-07-11,66.17,66.675,65.885,66.25,3952565,0.0
2019-07-14,66.98,68.25,66.84,68.07,5905433,0.0
2019-07-15,68.07,68.2,66.505,66.95,4958717,0.0
2019-07-16,67.13,67.42,66.81,66.9,4137159,0.0
2019-07-17,66.63,67.6,66.3,67.21,3477733,0.0
2019-07-18,67.52,67.53,64.91,65.04,7279806,0.0
2019-07-21,65.3,65.82,64.82,64.91,4469825,0.0
2019-07-22,65.07,66.44,64.68,66.4,6871858,0.0
2019-07-23,66.48,66.8219,65.83,66.65,3448039,0.0
2019-07-24,66.57,67.07,66.2,66.35,3096102,0.0
2019-07-25,66.35,67.04,65.92,66.94,3669095,0.0
2019-07-28,68.09,68.4,67.3,67.88,4725024,0.0
2019-07-29,67.8,67.83,66.66,67.11,5797536,0.0
2019-07-30,65.79,66.72,64.16,65.5,9220767,0.0
2019-07-31,65.66,66.78,65.08,65.47,7243305,0.0
2019-08-01,65.19,65.46,64.25,64.96,5311598,0.0
2019-08-04,64.3,64.62,62.87,63.35,5778177,0.0
2019-08-05,63.46,64.15,62.64,63.97,5628757,0.0
2019-08-06,63.34,64.1971,62.54,63.87,4509700,0.0
2019-08-07,63.72,64.9,63.61,64.83,3862767,0.0
2019-08-08,64.7,65.72,64.36,65.24,4265498,0.0
2019-08-11,64.93,65.47,63.49,63.99,4421246,0.0
2019-08-12,63.72,64.99,63.72,64.295,4196335,0.0
2019-08-13,63.69,63.8,62.92,63.13,5071158,0.0
2019-08-14,63.28,63.81,62.84,62.86,3832796,0.0
2019-08-15,63.27,63.51,62.84,63.13,5830195,0.0
2019-08-18,63.69,64.42,63.69,64.11,5449228,0.0
2019-08-19,64.04,64.31,63.38,63.45,4390849,0.0
2019-08-20,64.04,64.26,63.67,64.13,3893296,0.0
2019-08-21,64.31,64.7,63.5411,64.23,3806651,0.0
2019-08-22,64.07,64.67,62.19,62.55,5271999,0.0
2019-08-25,63.3,63.3324,62.33,63.04,3370897,0.0
2019-08-26,63.51,63.89,62.935,63.3,4194614,0.0
2019-08-27,63.04,64.19,62.73,63.64,4424518,0.0
2019-08-28,64.27,64.42,63.285,63.74,4044212,0.0
2019-08-29,63.99,64.01,62.851,63.53,3689826,0.0
2019-09-02,63.15,63.34,62.2687,62.97,4219500,0.0
2019-09-03,63.36,63.67,62.39,63.28,3549167,0.0
2019-09-04,63.44,64.5,63.33,64.06,4342140,0.0
2019-09-05,64.3,65,63.915,64.82,5480661,0.0
2019-09-08,64.65,66.57,64.63,66.31,7630676,0.0
2019-09-09,66.08,67.1751,65.77,67.1,6390981,0.0
2019-09-10,66.99,68.16,66.99,68.07,7125185,0.0
2019-09-11,67.5,67.54,66.26,66.34,5327703,0.0
2019-09-12,66.75,67.49,65.96,66.52,3749131,0.0
2019-09-15,66.29,66.43,65.66,65.88,3003047,0.0
2019-09-16,65.9,66.24,65.28,66.17,3389561,0.0
2019-09-17,66.01,66.15,65.11,65.72,3144499,0.0
2019-09-18,65.85,66.44,65.64,65.95,2799468,0.0
2019-09-19,65.89,67.015,65.89,66.4,7983578,0.0
2019-09-22,66.25,66.33,64.88,65.72,4592403,0.0
2019-09-23,65.99,66.025,64.24,64.575,4604523,0.0
2019-09-24,64.5,64.84,64.02,64.2,4291360,0.0
2019-09-25,64.42,64.42,63.09,63.31,5499627,0.0
2019-09-26,63.54,63.92,62.57,62.9,6438859,0.0
2019-09-29,63,63.805,62.86,63.39,4430745,0.0
2019-09-30,63.6,64.33,62.96,63.225,3764535,0.0
2019-10-01,62.94,62.94,61.52,61.62,5359640,0.0
2019-10-02,61.74,62.34,60.89,62.24,4881784,0.0
2019-10-03,62.45,62.72,61.92,62.56,8737188,0.0
2019-10-06,62.55,63.58,62.28,62.72,9884996,0.0
2019-10-07,62.33,62.5,61.37,61.68,7787131,0.0
2019-10-08,62.29,62.43,61.76,61.98,5928406,0.0
2019-10-09,62.12,63.405,62,63.25,9926152,0.0
2019-10-10,63.95,64.49,63.67,63.97,9394112,0.0
2019-10-13,63.83,65.02,63.83,64.52,7734216,0.0
2019-10-14,64.83,65.74,64.61,65.3,9854432,0.0
2019-10-15,65.06,65.875,65,65.35,8097565,0.0
2019-10-16,65.3,65.685,64.78,65.23,8061793,0.0
2019-10-17,65.4,65.45,64.2,64.91,13944989,0.0
2019-10-20,65.0105,65.37,64.865,65.21,2868854,0.0
2019-10-21,65.71,66.59,65.67,65.86,5143509,0.0
2019-10-22,65.72,66.65,65.53,66.58,5007001,0.0
2019-10-23,66.75,66.75,65.625,65.98,4783754,0.0
2019-10-24,63,64.27,62.52,63.33,10560647,0.0
2019-10-27,63.63,63.945,62.78,63.7358,6944222,0.0
2019-10-28,64,64,63.25,63.44,4746529,0.0
2019-10-29,63.45,63.6,62.67,63.15,5705266,0.0
2019-10-30,62.91,63.82,62.74,63.72,4193997,0.0
2019-10-31,63.97,64.99,63.76,64.66,4126583,0.0
2019-11-03,65.16,65.4834,64.03,65.25,5944293,0.0
2019-11-04,65.41,66.27,65.19,65.41,5451907,0.0
2019-11-05,65.63,66.17,65.07,65.41,4650182,0.0
2019-11-06,65.02,65.17,63.44,63.98,6718014,0.0
2019-11-07,63.53,65.52,63.52,65.37,3931714,0.0
2019-11-10,65.02,65.15,64.329,64.65,3088180,0.0
2019-11-11,64.56,64.86,64.15,64.32,3843603,0.0
2019-11-12,64.15,64.15,63.1,63.33,3883773,0.0
2019-11-13,63.23,64,62.38,63.81,6256875,0.0
2019-11-14,64.13,65.22,64,65.05,5952804,0.0
2019-11-17,64.88,65.17,63.72,64.3,4442298,0.0
2019-11-18,64.73,65.05,64.5,65,4641434,0.0
2019-11-19,64.78,65.3,64.48,64.86,5568374,0.0
2019-11-20,65.1,65.8,64.51,65.73,4624343,0.0
2019-11-21,65.79,65.94,65.19,65.275,3953322,0.0
2019-11-24,65.53,67.28,65.49,67.22,6208201,0.0
2019-11-25,66.97,67.65,66.68,67.28,5474879,0.0
2019-11-26,67.28,67.485,66.7,67.14,3442797,0.0
2019-11-28,67.04,67.36,66.9,67.26,1820933,0.0
2019-12-01,67.25,67.52,65.935,66.12,4438988,0.0
2019-12-02,65.79,66.2,65.17,66.07,4332905,0.0
2019-12-03,66.3,67.22,66.06,66.75,4017661,0.0
2019-12-04,66.9,66.95,65.4,65.95,3892581,0.0
2019-12-05,66.43,67.545,66.08,67.06,3428603,0.0
2019-12-08,67.18,67.88,66.83,66.93,4534486,0.0
2019-12-09,66.85,67.18,66.13,67.09,3813784,0.0
2019-12-10,67.355,67.985,67.11,67.78,4935721,0.0
2019-12-11,67.16,68.16,67.02,67.61,4981092,0.0
2019-12-12,66.25,66.805,65.46,65.7797,6426941,0.0
2019-12-15,66.25,66.79,66.09,66.12,6235752,0.0
2019-12-16,66.18,66.41,65.785,66.2,5128730,0.0
2019-12-17,66.31,66.5,65.26,65.68,5658812,0.0
2019-12-18,65.91,65.91,65.16,65.28,7496807,0.0
2019-12-19,65.59,67,65.17,66.84,13297734,0.0
2019-12-22,66.7,67.4,66.54,66.75,5130288,0.0
2019-12-23,66.81,66.94,66.29,66.72,1804392,0.0
2019-12-25,66.71,66.91,66.15,66.39,2692794,0.0
2019-12-26,66.38,66.49,65.71,65.95,3507379,0.0
2019-12-29,65.73,66.1,64.81,64.93,4999042,0.0
2019-12-30,64.88,65.06,64.35,64.98,5190297,0.0
2020-01-01,65.53,65.74,65.04,65.24,3822862,0.0
2020-01-02,64.63,65.37,64.5646,65.07,3426698,0.0
2020-01-05,64.67,65.825,64.66,65.66,5137522,0.0
2020-01-06,65.26,65.29,64.17,65.12,5874187,0.0
2020-01-07,65.11,66.24,64.81,65.8,4845761,0.0
2020-01-08,65.81,66.07,65.3,65.85,3869527,0.0
2020-01-09,66,66.0899,64.98,65.035,4090727,0.0
2020-01-12,65.05,65.26,64.08,64.3,5630281,0.0
2020-01-13,64.41,64.56,63.91,64.22,8224219,0.0
2020-01-14,64.21,64.93,63.98,64.1,5746916,0.0
2020-01-15,64.29,64.38,63.12,63.21,9175475,0.0
2020-01-16,63.5,63.5,62.57,62.99,11423765,0.0
2020-01-20,62.91,62.9188,62.23,62.65,17461383,0.0
2020-01-21,62.8,63.51,62.6,63.5,13176705,0.0
2020-01-22,63.36,64.055,62.74,63.95,24120195,0.0
2020-01-23,64.07,64.2,62.84,63.13,21503008,0.0
2020-01-26,63,64.28,62.8,63.83,8650613,0.0
2020-01-27,64.25,64.875,64.09,64.37,7615043,0.0
2020-01-28,64.42,65.14,64.22,64.3,5910473,0.0
2020-01-29,63.9,64.1,63.03,64.03,8038760,0.0
2020-01-30,63.8,63.93,62.6,63.21,8709063,0.0
2020-02-02,67.735,68.68,65.49,66.35,29804373,0.0
2020-02-03,68,68.01,66.88,67.44,13592192,0.0
2020-02-04,66.22,66.55,64.07,65.88,19283879,0.0
2020-02-05,67.29,69.9,66.05,68.21,26544617,0.0
2020-02-06,69.98,71.19,68.39,68.87,24836776,0.0
2020-02-09,69.32,69.4,67.615,68.995,16602968,0.0
2020-02-10,68.93,68.99,67.5,67.76,11664601,0.0
2020-02-11,67.5,67.82,66.32,66.95,12086783,0.0
2020-02-12,67.13,67.77,66.52,66.78,7351177,0.0
2020-02-13,67.45,67.66,67.04,67.55,7353913,0.0
2020-02-17,67.56,67.8,66.71,67.01,7846283,0.0
2020-02-18,67.25,67.54,66.815,67.36,6988513,0.0
2020-02-19,67.26,67.36,66.1,66.98,7963859,0.0
2020-02-20,67.18,69.78,66.81,69.71,20620819,0.0
2020-02-23,73.885,74.52,71.59,72.955,38922681,0.0
2020-02-24,73.75,73.85,69.02,70.1,36123382,0.0
2020-02-25,71.32,75.47,70.72,74.7,30749585,0.0
2020-02-26,78.31,78.88,72.26,72.67,48927773,0.0
2020-02-27,70.17,71.08,66.63,69.38,31127425,0.0
2020-03-01,70.32,75.405,70.08,75.38,29010798,0.0
2020-03-02,74.27,74.82,71.51,74.21,21471567,0.0
2020-03-03,74.88,76.01,72.59,76,20204240,0.0
2020-03-04,75,77.5,74.53,76.13,21171863,0.0
2020-03-05,75.3189,80.3959,75.1,80.23,29153836,0.0
2020-03-08,78.0468,78.15,73.09,73.3,29184839,0.0
2020-03-09,75.51,75.56,68.78,72.35,51259143,0.0
2020-03-10,73.94,75.38,72.78,73.69,61058378,0.0
2020-03-11,70.44,72.865,67.88,68.47,24132325,0.0
2020-03-12,71.93,72,67.5,70.75,27348220,0.0
2020-03-15,67.26,72.8,64.41,68.9,43480772,0.0
2020-03-16,70,76.0797,69,74.52,25518062,0.0
2020-03-17,73.89,80,72.97,79.47,29265636,0.0
2020-03-18,80.98,85.97,78.29,78.51,89017904,0.0
2020-03-19,79.5,81.6,72.17,73.25,61473102,0.0
2020-03-22,75.3,75.3,68.86,72.44,35022144,0.0
2020-03-23,75.13,75.83,72.11,73.96,17964958,0.0
2020-03-24,73.87,74.49,69.34,69.65,21147768,0.0
2020-03-25,69.9,73.91,69.75,73.8,16325956,0.0
2020-03-26,73.71,75.39,71.91,72.83,14634136,0.0
2020-03-29,75.35,76.42,73.89,75.93,14436575,0.0
2020-03-30,75.95,76.33,73.79,74.77,20040160,0.0
2020-03-31,74.32,74.39,72,72.51,21393812,0.0
2020-04-01,71.81,77.48,71.38,76.98,15506890,0.0
2020-04-02,77.41,79.47,76.36,78.21,24917293,0.0
2020-04-05,79.24,79.65,75.88,77.81,31503651,0.0
2020-04-06,77.26,77.68,72.5,74.67,18655707,0.0
2020-04-07,74.73,75.13,73.57,74.94,11025292,0.0
2020-04-08,74.37,74.6025,72.95,73.5,11949977,0.0
2020-04-12,75.8,76,73.715,75.28,29378432,0.0
2020-04-13,75.95,77.85,75.34,77.75,23969720,0.0
2020-04-14,76.16,76.59,74.47,74.63,30375338,0.0
2020-04-15,74.84,76.96,74.45,76.51,38468606,0.0
2020-04-16,85.17,85.79,81.01,83.94,246416735,0.0
2020-04-19,82.99,85.18,80.65,81.26,110201105,0.0
2020-04-20,80.25,82.24,78.26,78.44,52736483,0.0
2020-04-21,79.58,81.38,78.81,81.3,34398269,0.0
2020-04-22,82.17,84,74.4,77.8,191649024,0.0
2020-04-23,77.1,80.15,76.25,79.64,42198651,0.0
2020-04-26,79.9,80.4,78.241,79.89,36754704,0.0
2020-04-27,79.89,80.07,78.08,78.67,8433866,0.0
2020-04-28,83.97,85.01,80.05,83.04,70076396,0.0
2020-04-29,85.47,85.67,81.33,83.9,61617551,0.0
2020-04-30,81.2,81.4,77.62,79.95,29388153,0.0
2020-05-03,81.6165,81.76,79.19,80.25,17381039,0.0
2020-05-04,79.33,79.835,78.51,79.15,13792456,0.0
2020-05-05,78.9,79.36,77.26,77.47,11228420,0.0
2020-05-06,77.9,78.43,76.81,77.61,22435386,0.0
2020-05-07,77.76,78.44,76.87,77.49,19178688,0.0
2020-05-10,77.77,80.92,77.6152,80.8,11410790,0.0
2020-05-11,80.21,80.48,77.91,77.95,19828752,0.0
2020-05-12,79.3,79.35,76.9,77.04,19191100,0.0
2020-05-13,76.55,77.81,75.83,77.23,18167650,0.0
2020-05-14,76.47,76.85,75.45,76.3,9179217,0.0
2020-05-17,76.46,76.5,73.86,74.74,29848521,0.0
2020-05-18,73.6735,74.85,72.3,72.31,25389532,0.0
2020-05-19,72.81,74.09,72.71,73.89,11769684,0.0
2020-05-20,73.4693,73.93,72.89,73.5,6526740,0.0
2020-05-21,73.09,73.49,72.7116,73.33,10984420,0.0
2020-05-25,73.98,74.3,72.41,73.17,10906404,0.0
2020-05-26,72.38,74.98,72.38,74.9,19834032,0.0
2020-05-27,74.99,76.17,74.91,75.37,18831288,0.0
2020-05-28,75.77,78.12,74.61,77.8,9486978,0.0
2020-05-31,75.47,76.9,74.38,75.16,12738689,0.0
2020-06-01,74.37,74.64,72.96,73.25,30742722,0.0
2020-06-02,74.38,74.55,73.36,74.36,11444002,0.0
2020-06-03,74.12,78.18,73.94,77.55,26609324,0.0
2020-06-04,76.75,77.53,76.2,76.75,9761120,0.0
2020-06-07,79.3,79.31,76.73,77,30967166,0.0
2020-06-08,77,78.13,76.69,77.59,13457560,0.0
2020-06-09,77.8,78.39,76.88,77.07,6879243,0.0
2020-06-10,75.9445,76.21,72.75,72.85,10028583,0.0
2020-06-11,73.33,73.72,72.77,72.875,4519134,0.0
2020-06-14,73.26,74.47,72.41,73.97,10853589,0.0
2020-06-15,74.59,75.66,73.7,74.62,15050731,0.0
2020-06-16,74.53,74.81,73.65,73.75,5700742,0.0
2020-06-17,73.39,74.18,73.01,74.04,4587392,0.0
2020-06-18,74.52,78,74.1,77.4,19246679,0.0
2020-06-21,76.48,76.75,75.04,75.65,7874641,0.0
2020-06-22,75.67,76.07,74.81,75.01,5741254,0.0
2020-06-23,74.9018,76.05,74.73,75.96,6245989,0.0
2020-06-24,75.8,75.8765,74.33,75.51,5804022,0.0
2020-06-25,75.1,75.37,73.73,74.57,5275300,0.0
2020-06-28,76.53,76.555,74.135,74.6,7535958,0.0
2020-06-29,74.34,77.16,73.91,76.96,7328909,0.0
2020-06-30,77.1,77.23,75.9,76.09,6147076,0.0
2020-07-01,76.31,77.09,75.65,76.36,5643241,0.0
