Date,Open,High,Low,Close,Volume,OpenInterest
2016-07-13,733.94,736.14,730.59,735.78,620284,0.0
2016-07-14,740.52,741,734.64,735.64,1024433,0.0
2016-07-17,737.91,755.1369,736.51,753.42,1271505,0.0
2016-07-18,748.8,756.59,748.489,753.41,964826,0.0
2016-07-19,754.19,760.64,754.05,757.08,669208,0.0
2016-07-20,757,758.15,751.52,754.4,588473,0.0
2016-07-21,757.32,759.45,752.655,759.17,628515,0.0
2016-07-24,757.69,759.8249,754.07,757.52,568747,0.0
2016-07-25,757.52,759.26,752.7503,757.68,655992,0.0
2016-07-26,758.17,764.45,755.93,761.97,968160,0.0
2016-07-27,768.57,768.97,759.09,765.22,1740917,0.0
2016-07-28,798.03,803.94,790,791.34,3389915,0.0
2016-07-31,786.99,807.49,785.04,800.93,1837088,0.0
2016-08-01,797.33,802.32,794.53,800.23,1328937,0.0
2016-08-02,795.39,799.54,793.02,798.82,895665,0.0
2016-08-03,798.39,800.2,793.92,797.25,704001,0.0
2016-08-04,800.51,807.22,797.81,806.93,1052086,0.0
2016-08-07,806,807.6,801.69,805.23,741696,0.0
2016-08-08,804.49,813.33,804.06,807.47,932326,0.0
2016-08-09,807.05,810.879,806.49,808.71,628103,0.0
2016-08-10,809.25,813.879,806,808.2,701764,0.0
2016-08-11,805.39,807.19,803.64,807.05,542770,0.0
2016-08-14,807.21,811.36,804.03,806,588090,0.0
2016-08-15,803.97,804.26,797,801.18,626571,0.0
2016-08-16,800,805.63,796.3,805.44,662949,0.0
2016-08-17,805.36,808,801.63,802.75,505828,0.0
2016-08-18,799.79,801.23,796.88,799.66,694637,0.0
2016-08-21,798.51,799.3,794.33,796.95,529415,0.0
2016-08-22,800.48,801,795.99,796.58,556701,0.0
2016-08-23,796.62,798.46,790.76,793.66,823860,0.0
2016-08-24,791.86,794.72,787.23,791.29,761913,0.0
2016-08-25,792.33,799.4,789.4069,793.21,753248,0.0
2016-08-28,793.05,798.529,790.32,795.82,488057,0.0
2016-08-29,793.85,798,789.47,791.92,731051,0.0
2016-08-30,789.6,791.57,787.2,789.99,611519,0.0
2016-08-31,791.98,792.89,786.33,791.5,811626,0.0
2016-09-01,795.27,797.1,793.26,796.83,809102,0.0
2016-09-05,798.39,810.89,795.43,808.01,1204931,0.0
2016-09-06,808.05,810.6,803.72,807.92,754031,0.0
2016-09-07,804.97,808.42,801.0101,802.68,689158,0.0
2016-09-08,798.77,801.75,788.46,788.48,1125902,0.0
2016-09-11,784.68,800.17,783.5,798.82,1114353,0.0
2016-09-12,794.2,798.82,784.33,788.72,1229967,0.0
2016-09-13,788.2,796.33,787.53,790.51,813387,0.0
2016-09-14,790.01,803.645,788.66,801.23,1001323,0.0
2016-09-15,799.05,799.05,793.62,797.97,1203961,0.0
2016-09-18,801.11,803.99,793.56,795.4,661685,0.0
2016-09-19,799.78,802.75,798.26,799.65,557417,0.0
2016-09-20,801.26,805.91,796.03,805.02,826137,0.0
2016-09-21,810,819.06,807.71,816,1081668,0.0
2016-09-22,815.06,817,812.73,814.95,917926,0.0
2016-09-25,809.83,810.08,800.45,802.52,884719,0.0
2016-09-26,801.83,813.49,801.83,810.72,816104,0.0
2016-09-27,804.08,810.25,802.7803,810.07,897033,0.0
2016-09-28,807.41,813.91,800.855,802.57,888408,0.0
2016-09-29,803.6,808.09,801.5,804.01,853403,0.0
2016-10-02,802,803.54,796.23,800.09,948143,0.0
2016-10-03,805,806.5,799.67,802.78,799710,0.0
2016-10-04,806,808.5,800.71,801.24,766496,0.0
2016-10-05,804.08,806.945,800.51,803.1,728303,0.0
2016-10-06,805.54,805.94,796.82,800.485,755209,0.0
2016-10-09,804.05,817.38,802.24,814.38,1004565,0.0
2016-10-10,814.55,819.86,807.37,809.16,1123861,0.0
2016-10-11,811.96,814.5,808.5545,811.76,525578,0.0
2016-10-12,806.07,806.56,798.62,804.08,805191,0.0
2016-10-13,807.45,810.09,802.32,804.85,606270,0.0
2016-10-16,805.99,813.49,803.83,806.77,616690,0.0
2016-10-17,814.39,828.81,813.33,821.49,1407786,0.0
2016-10-18,824.43,829.81,823.205,826.94,881517,0.0
2016-10-19,827.56,828.465,820.55,821.52,773255,0.0
2016-10-20,820,824.29,818.31,824.05,985473,0.0
2016-10-23,830.07,837.94,829.04,835.74,903896,0.0
2016-10-24,838.5,838.5,825.3005,828.53,1296349,0.0
2016-10-25,827.12,827.71,816.35,822,1126936,0.0
2016-10-26,823.02,826.58,814.61,819.27,1498966,0.0
2016-10-27,829.94,839,817,819.43,3148730,0.0
2016-10-30,822.43,822.63,808,809.91,1417759,0.0
2016-10-31,810.87,813.96,798.26,805.47,1464757,0.0
2016-11-01,806.76,806.76,785,788.49,1412993,0.0
2016-11-02,784.5,790,778.63,782.16,1449346,0.0
2016-11-03,771.3,788.48,771.0043,781.13,1263189,0.0
2016-11-06,794.95,805,792.9,802.03,1322867,0.0
2016-11-07,802.03,816.04,799.62,811.98,1080184,0.0
2016-11-08,802,811.71,792.035,805.59,1944420,0.0
2016-11-09,810,810.06,768.23,780.23,4261908,0.0
2016-11-10,776.81,777.29,765.54,771.62,2557267,0.0
2016-11-13,771.78,771.78,743.59,753.21,2435801,0.0
2016-11-14,765.46,780.2376,765.22,775.16,1952813,0.0
2016-11-15,770.42,783.5,766.33,779.98,1236545,0.0
2016-11-16,782.5,788.9,779.85,786.17,964156,0.0
2016-11-17,787.17,791.29,775.35,775.97,1159553,0.0
2016-11-20,778.1,786.55,776.3,785.41,1004869,0.0
2016-11-21,788.99,793.77,783.74,785,836036,0.0
2016-11-22,789.52,789.52,772.65,778.99,792257,0.0
2016-11-24,782.61,782.9,778.19,780.15,354285,0.0
2016-11-27,778.36,799.74,778.1,785.94,1553369,0.0
2016-11-28,788.38,796.44,785.34,789.43,969022,0.0
2016-11-29,789.62,791.51,773.145,775.59,1289700,0.0
2016-11-30,778.55,778.6,753.36,764.33,1949064,0.0
2016-12-01,761.9,770.5,759,764.45,1109386,0.0
2016-12-04,770,780,766.9686,778.22,1045841,0.0
2016-12-05,780.19,785.28,773.32,776.18,1051666,0.0
2016-12-06,779.47,792,773.53,791.49,1250847,0.0
2016-12-07,792.95,799,787.905,795.16,970195,0.0
2016-12-08,799.3,809.95,798.05,809.71,1210106,0.0
2016-12-11,804.82,811.35,804.5311,807.91,907639,0.0
2016-12-12,812.39,824.3,811.94,815.34,1336366,0.0
2016-12-13,815.92,824.26,812.78,817.89,1049904,0.0
2016-12-14,817.36,823,812,815.65,1145014,0.0
2016-12-15,818.31,819.2,808.12,809.85,1371514,0.0
2016-12-18,809.28,816.22,804.5,812.51,770327,0.0
2016-12-19,813.37,816.49,811,815.21,758461,0.0
2016-12-20,815.72,815.72,805.1,812.2,961191,0.0
2016-12-21,809.1,811.07,806.03,809.67,690114,0.0
2016-12-22,808.01,810.9696,805.11,807.8,466605,0.0
2016-12-26,808.68,816,805.8,809.93,608776,0.0
2016-12-27,813.33,813.33,802.44,804.57,703861,0.0
2016-12-28,802.33,805.75,798.144,802.83,678644,0.0
2016-12-29,803.21,803.285,789.62,793.02,937441,0.0
2017-01-02,800.62,811.435,796.89,808,1254772,0.0
2017-01-03,809.89,813.43,804.11,807.77,947337,0.0
2017-01-04,807.5,813.74,805.92,813.05,861961,0.0
2017-01-05,814.99,828.96,811.5,825.21,1313717,0.0
2017-01-08,826.37,830.43,821.62,827.18,836751,0.0
2017-01-09,827.07,829.41,823.14,826,649388,0.0
2017-01-10,826.62,829.9,821.47,829.87,749230,0.0
2017-01-11,828.38,830.38,821.01,829.56,779056,0.0
2017-01-12,830.54,834.65,829.52,830.93,725751,0.0
2017-01-16,830,830.18,823.2001,827.46,746534,0.0
2017-01-17,829.8,829.81,824.08,829.03,574007,0.0
2017-01-18,829,832.9999,823.96,824.36,665931,0.0
2017-01-19,829.09,829.24,824.6,828.16,741732,0.0
2017-01-22,831.61,845.5428,828.7,844.43,1636803,0.0
2017-01-23,846.98,851.52,842.28,849.67,1083488,0.0
2017-01-24,853.55,858.7936,849.74,858.63,1017604,0.0
2017-01-25,859.05,860.94,850.5201,855.59,1744115,0.0
2017-01-26,859,867,841.9,845,2557385,0.0
2017-01-29,837.06,837.23,821.03,823.88,2381811,0.0
2017-01-30,819.5,823.07,813.4,820.19,1266054,0.0
2017-01-31,824,824,812.25,815.2,1471605,0.0
2017-02-01,815,824.56,812.051,818.22,1065245,0.0
2017-02-02,823.24,826.13,819.35,820.23,928383,0.0
2017-02-05,820.92,822.39,814.29,821.61,751482,0.0
2017-02-06,823.71,831.92,823.71,829.09,1094311,0.0
2017-02-07,830.53,834.25,825.11,829.83,727577,0.0
2017-02-08,831.73,831.98,826.5,830.03,695327,0.0
2017-02-09,832.95,837.15,830.51,834.86,871843,0.0
2017-02-12,837.7,841.735,836.246,838.95,762251,0.0
2017-02-13,839.77,842,835.83,840.08,620669,0.0
2017-02-14,838.81,841.7725,836.22,837.3,822280,0.0
2017-02-15,838.5,842.69,837.26,842.17,546971,0.0
2017-02-16,840.79,846.94,839.78,846.53,898139,0.0
2017-02-20,847.99,852.2,846.55,849.27,694226,0.0
2017-02-21,848,853.79,846.7101,851.39,724208,0.0
2017-02-22,851.36,852.62,842.5,850.98,835372,0.0
2017-02-23,847.65,848.36,842.9601,847.63,789577,0.0
2017-02-26,844.95,850.67,843.01,849.68,577940,0.0
2017-02-27,847.35,848.83,841.4422,844.93,703932,0.0
2017-02-28,851.38,858,849.02,856.61,1113277,0.0
2017-03-01,856.31,856.49,848.72,849.85,738523,0.0
2017-03-02,848.94,850.82,844.705,849.07,595269,0.0
2017-03-05,846.86,848.94,841.17,847.24,579566,0.0
2017-03-06,847.26,853.33,845.52,851.15,567563,0.0
2017-03-07,853.12,856.93,851.25,853.64,595521,0.0
2017-03-08,853.69,860.71,852.67,857.95,756846,0.0
2017-03-09,862.7,864.229,857.61,861.32,839296,0.0
2017-03-12,860.83,867.13,860.82,864.59,521711,0.0
2017-03-13,863.75,867.58,860.13,865.9,605534,0.0
2017-03-14,867.94,869.88,861.295,868.39,755556,0.0
2017-03-15,870.53,872.71,867.52,870,665579,0.0
2017-03-16,872.84,874.42,868.37,872.37,1022876,0.0
2017-03-19,869.48,870.34,864.665,867.98,859186,0.0
2017-03-20,870.06,873.47,847.687,850.09,1615091,0.0
2017-03-21,849.48,855.35,847,849.79,844696,0.0
2017-03-22,841.39,841.69,833,839.62,2178108,0.0
2017-03-23,842,844,829.1,835.15,1415636,0.0
2017-03-26,828,841.38,824.3,838.52,1271224,0.0
2017-03-27,839.69,845.4,832.265,840.63,975338,0.0
2017-03-28,842.75,851.585,841.38,849.86,915895,0.0
2017-03-29,851.98,852,846.77,849.46,591068,0.0
2017-03-30,846.83,849.56,845.2445,847.8,766215,0.0
2017-04-02,848.75,859,847.625,856.75,1231182,0.0
2017-04-03,848,853,847.505,852.49,901639,0.0
2017-04-04,854.71,860.59,847.52,848.91,1229736,0.0
2017-04-05,849.5,853.59,844,845.23,829022,0.0
2017-04-06,845,845.88,837.3,842.17,682371,0.0
2017-04-09,841.54,846.7372,840.79,841.69,607355,0.0
2017-04-10,841.7,844.63,834.6,840.1,580858,0.0
2017-04-11,838.46,843.72,837.59,841.46,630235,0.0
2017-04-12,841.04,843.73,837.8503,840.17,681968,0.0
2017-04-16,841.38,855.64,841.03,855.16,632785,0.0
2017-04-17,852.54,857.39,851.25,853.8,593895,0.0
2017-04-18,857.385,860.2,853.5275,856.52,601636,0.0
2017-04-19,859.74,863.93,857.5,860.09,711473,0.0
2017-04-20,860.62,862.44,857.73,858.94,694877,0.0
2017-04-23,868.44,879.96,866.11,879.02,1021436,0.0
2017-04-24,882.12,892.25,879.2801,888.77,1194722,0.0
2017-04-25,891.39,892.99,885.15,889.27,757467,0.0
2017-04-26,890,893.3774,887.18,891.73,1164002,0.0
2017-04-27,928.06,935.9,923.22,924.51,2431072,0.0
2017-04-30,924.15,935.82,920.8,932.82,1420022,0.0
2017-05-01,933.27,942.985,931,937,1164986,0.0
2017-05-02,936.05,950.2,935.21,948.45,1223890,0.0
2017-05-03,950.29,959.14,947.37,954.72,1209102,0.0
2017-05-04,956.72,958.4395,948.0986,950.22,942849,0.0
2017-05-07,947.45,960.99,947.395,958.64,981208,0.0
2017-05-08,961.33,962.2,954.4,956.69,1132303,0.0
2017-05-09,956.22,956.71,949.84,954.84,698859,0.0
2017-05-10,951.29,957.99,948.61,955.91,626115,0.0
2017-05-11,957.85,957.98,952.06,955.14,823311,0.0
2017-05-14,955.29,962.7,952.82,959.32,703511,0.0
2017-05-15,963.55,965.8955,960.35,964.6,627279,0.0
2017-05-16,959.96,960.99,940.06,942.14,1367805,0.0
2017-05-17,943.48,954.18,941.27,950.36,1090081,0.0
2017-05-18,952.96,959.56,952,954.65,870798,0.0
2017-05-21,957,964.82,956.56,964.11,808472,0.0
2017-05-22,969.96,974.51,964.5,970.4,987339,0.0
2017-05-23,975.26,978.115,971.6299,977.6,632890,0.0
2017-05-24,979,995.78,977.82,991.86,1235596,0.0
2017-05-25,992,996.39,987.36,992.95,1011985,0.0
2017-05-29,992.5,997.62,991.3601,996.17,860720,0.0
2017-05-30,996.21,999.6,981.68,987.09,927827,0.0
2017-05-31,990.96,993.14,981.29,988.29,707132,0.0
2017-06-01,988.59,996.48,987.07,996.08,1132842,0.0
2017-06-04,997.68,1007.4,995.45,1003.88,858560,0.0
2017-06-05,1003.31,1008.61,994.8,996.68,919222,0.0
2017-06-06,998.82,1003.91,995.81,1001.5,828723,0.0
2017-06-07,1004.23,1005.6,996.62,1004.27,817349,0.0
2017-06-08,1005.49,1005.5,953.37,970.12,2292052,0.0
2017-06-11,958.71,968,936.795,961.81,2806139,0.0
2017-06-12,972.8,977.91,962.01,970.8,1235947,0.0
2017-06-13,976.48,979.7,959.5103,967.97,916204,0.0
2017-06-14,948.65,960.6775,940.37,960.18,1464377,0.0
2017-06-15,957.91,959.95,948.7,958.62,1478312,0.0
2017-06-18,969.65,979.3,968.2,975.22,883694,0.0
2017-06-19,975.31,980.79,968.2,968.83,767841,0.0
2017-06-20,970.79,979.67,969.16,978.59,713226,0.0
2017-06-21,976.87,980.5,973.3148,976.62,561348,0.0
2017-06-22,975.5,986.62,974.46,986.07,740807,0.0
2017-06-25,990,993.99,970.33,972.24,951512,0.0
2017-06-26,962.01,967.22,947.09,948.09,1462155,0.0
2017-06-27,950.66,963.24,936.16,961,1688689,0.0
2017-06-28,951.35,951.66,929.6,937.39,1985745,0.0
2017-06-29,943.99,944.9995,929.61,929.61,1304661,0.0
2017-07-02,933.22,934.24,915.31,918.95,937193,0.0
2017-07-04,924.2,936.29,918.6305,932.27,1226874,0.0
2017-07-05,925,936.14,919.85,927.7,1124437,0.0
2017-07-06,930.985,944.66,929.79,940.82,1010270,0.0
2017-07-09,941.95,953.13,941.95,951.37,857825,0.0
2017-07-10,950.31,954.89,945.12,953.54,823782,0.0
2017-07-11,960.86,969.63,957.04,968.03,971885,0.0
2017-07-12,970.8,978.7,964.8,968.54,969134,0.0
2017-07-13,974,977.54,970.15,976.91,622942,0.0
2017-07-16,976.32,983.35,970.8,975.96,875715,0.0
2017-07-17,973.36,990.85,972.04,986.94,877802,0.0
2017-07-18,990.01,995.6,987.01,992.84,881983,0.0
2017-07-19,997,998.68,984.62,992.42,893003,0.0
2017-07-20,988.79,995.11,984.17,993.34,873816,0.0
2017-07-23,994.1,1006.19,990.2728,1001.48,1898925,0.0
2017-07-24,970.7,976.73,963.8,969.93,3848507,0.0
2017-07-25,972.74,973.95,960.23,965.57,1254258,0.0
2017-07-26,969.18,969.52,937.06,952.5,2315202,0.0
2017-07-27,947.99,961.79,945.31,958.2,1132861,0.0
2017-07-30,960,961.1925,941.725,945.83,1481090,0.0
2017-07-31,947.81,954.49,944.96,946.56,760976,0.0
2017-08-01,948.37,949.1,932.521,947.18,1245357,0.0
2017-08-02,949.1,950,939.44,940.63,554597,0.0
2017-08-03,943.95,947.54,939.795,945.34,634779,0.0
2017-08-06,947.52,948.96,943.47,945.31,777351,0.0
2017-08-07,945.23,952.49,942.48,944.19,906975,0.0
2017-08-08,938.45,943.76,933.92,939.92,869302,0.0
2017-08-09,935,936.3,921.7768,923.4,1708687,0.0
2017-08-10,923.82,933.36,921.22,930.45,1033043,0.0
2017-08-13,939.07,941.04,934.485,938.93,654765,0.0
2017-08-14,940.74,943.07,936.64,938.13,530995,0.0
2017-08-15,941.25,949.9,940.0391,944.73,754330,0.0
2017-08-16,942.95,943.81,927.64,927.65,930522,0.0
2017-08-17,926.98,931.02,923.45,926.18,851376,0.0
2017-08-20,925.78,928.25,918.6,920.54,810988,0.0
2017-08-21,926.96,941.9617,926.17,940.7,1063144,0.0
2017-08-22,937,945.425,935.24,942.68,644467,0.0
2017-08-23,943.71,946.31,930.74,937.08,626168,0.0
2017-08-24,939.21,940.73,930.1,930.5,612744,0.0
2017-08-27,931.88,934.85,926.11,928.13,511719,0.0
2017-08-28,919.95,938.19,919.31,935.9,633666,0.0
2017-08-29,935.41,945.86,934.05,943.56,559529,0.0
2017-08-30,946.31,957.195,946.25,955.26,907588,0.0
2017-08-31,957.47,958.33,950.28,951.81,560241,0.0
2017-09-04,946.86,951.3854,935.6,941.04,748296,0.0
2017-09-05,943.87,944.5,932.68,941.54,771872,0.0
2017-09-06,944.25,950.4965,937.53,950.31,586999,0.0
2017-09-07,949.7,950.7,940.01,940.95,494485,0.0
2017-09-10,947.2,952.68,941,943.23,801510,0.0
2017-09-11,946.92,948.085,937.5,946.65,694255,0.0
2017-09-12,944.71,952.85,944.71,950.25,638394,0.0
2017-09-13,946,948.03,938.356,940.12,702736,0.0
2017-09-14,940.09,941.75,931.25,935.08,1169584,0.0
2017-09-17,935,936.86,925.4,929.27,886104,0.0
2017-09-18,933.41,937.94,926.66,936.86,688500,0.0
2017-09-19,937.73,950,937.5,947.5,1094430,0.0
2017-09-20,948.13,952.8,939.38,947.55,711371,0.0
2017-09-21,942.77,950,940.835,942.71,603824,0.0
2017-09-24,939.45,939.75,924.5101,933.95,1067812,0.0
2017-09-25,936.69,944.08,935.12,938,878240,0.0
2017-09-26,942.74,965.43,941.95,959.95,1352430,0.0
2017-09-27,956.25,966.18,955.55,964.81,823992,0.0
2017-09-28,966.55,975.81,966,973.77,1130104,0.0
2017-10-01,975.65,977.74,961.95,967.47,903910,0.0
2017-10-02,967.56,972.44,962.705,972.08,654199,0.0
2017-10-03,971.76,974.4,965.61,966.39,465462,0.0
2017-10-04,972.79,986.5085,970.27,985.66,975730,0.0
2017-10-05,980,994.26,978.51,993.37,863718,0.0
2017-10-08,994.89,1000.46,991.5,991.91,618006,0.0
2017-10-09,995.3,997.47,981.11,987.62,643846,0.0
2017-10-10,989.04,1007.57,987.94,1005.65,1045804,0.0
2017-10-11,1003.84,1011.54,1001.1,1005.65,898885,0.0
2017-10-12,1009.82,1014.76,1007.06,1008.08,758253,0.0
2017-10-15,1009.63,1012,1001.52,1009.34,638739,0.0
2017-10-16,1007.01,1014.56,1006.05,1011.12,568950,0.0
2017-10-17,1011.05,1016.31,1005.32,1013.01,800265,0.0
2017-10-18,1004.75,1007.32,997.3,1001.83,1057459,0.0
2017-10-19,1007.05,1008.65,1002.27,1005.09,881271,0.0
2017-10-22,1005.18,1005.71,983.1,985.54,964752,0.0
2017-10-23,986.5,989.26,977.08,988.5,752762,0.0
2017-10-24,986.21,994.43,977.722,991.47,875898,0.0
2017-10-25,998.47,1006.51,990.47,991.42,1021604,0.0
2017-10-26,1030.99,1063.62,1026.85,1033.89,3193718,0.0
2017-10-29,1028.59,1039.83,1022.33,1032.56,1391522,0.0
2017-10-30,1033,1041,1026.3,1033.05,884530,0.0
2017-10-31,1035.92,1047.86,1034,1042.52,1237554,0.0
2017-11-01,1039.99,1045.52,1028.66,1042.95,725275,0.0
2017-11-02,1042.75,1050.66,1037.65,1049.54,766442,0.0
2017-11-05,1049.1,1052.59,1042,1042.44,520588,0.0
2017-11-06,1049.65,1053.41,1043,1052.39,712777,0.0
2017-11-07,1049.83,1062.69,1047.05,1058.59,668520,0.0
2017-11-08,1048,1050.88,1035.85,1047.54,1093404,0.0
2017-11-09,1043.87,1046.63,1041.22,1044.14,531162,0.0
2017-11-12,1040.8,1048.74,1039.26,1041.2,470665,0.0
2017-11-13,1037.72,1042.3,1029.33,1041.69,523989,0.0
2017-11-14,1035,1039.63,1030.76,1036.62,515526,0.0
2017-11-15,1038.75,1051.76,1038,1048.47,578067,0.0
2017-11-16,1050.95,1051,1033.73,1035.67,695485,0.0
2017-11-19,1036,1038.7,1032.68,1035.09,418955,0.0
2017-11-20,1040.04,1050.39,1039.14,1050.3,558425,0.0
2017-11-21,1051.11,1055.43,1047.25,1051.86,419483,0.0
2017-11-23,1054.39,1060.07,1051.92,1056.61,460690,0.0
2017-11-26,1058.57,1073.04,1054.77,1072.05,997059,0.0
2017-11-27,1073.99,1080,1054.54,1063.03,1030566,0.0
2017-11-28,1056.18,1058.77,1029.65,1037.1,1737417,0.0
2017-11-29,1039.59,1044.14,1030.07,1034.26,1090656,0.0
2017-11-30,1030.41,1037.25,1016.9,1025.06,978906,0.0
2017-12-03,1027.8,1031.34,1009.22,1012.15,1126885,0.0
2017-12-04,1009.68,1036.68,1002.32,1019.58,1061612,0.0
2017-12-05,1016.52,1039.58,1015.31,1033.31,723925,0.0
2017-12-06,1036.07,1048.92,1035.36,1045.08,841057,0.0
2017-12-07,1051.31,1056.42,1045.86,1049.45,753847,0.0
2017-12-10,1051.11,1056,1044.12,1052.08,580063,0.0
2017-12-11,1050,1062.5,1044.87,1049.1,968721,0.0
2017-12-12,1052.08,1055.48,1046.58,1051.38,677893,0.0
2017-12-13,1055.49,1067.08,1053.6,1058.6,862553,0.0
2017-12-14,1063.78,1075.25,1060.09,1070.41,1674516,0.0
2017-12-17,1076.45,1086.49,1070.37,1085.74,805680,0.0
2017-12-18,1083.02,1084.97,1072.27,1079.17,715298,0.0
2017-12-19,1080.92,1081.24,1068.6,1073.94,716239,0.0
2017-12-20,1075.39,1077.52,1069,1071.18,631285,0.0
2017-12-21,1070,1073.56,1067.64,1069.15,429347,0.0
2017-12-25,1068.64,1068.86,1058.64,1065.86,417177,0.0
2017-12-26,1066.6,1068.27,1058.38,1059.78,495420,0.0
2017-12-27,1062.25,1064.84,1053.38,1055.95,562930,0.0
2017-12-28,1055.49,1058.05,1052.7,1053.4,474388,0.0
2018-01-01,1053.02,1075.98,1053.02,1073.44,876316,0.0
2018-01-02,1073.93,1096.1,1073.43,1091.42,875901,0.0
2018-01-03,1097.09,1104.08,1094.26,1096,719216,0.0
2018-01-04,1103.45,1113.58,1101.8,1110.29,880887,0.0
2018-01-07,1111,1119.16,1110,1114,625541,0.0
2018-01-08,1118.44,1118.44,1108.2,1113.61,668229,0.0
2018-01-09,1107,1112.78,1103.98,1110.67,568285,0.0
2018-01-10,1112.31,1114.85,1106.48,1112.05,637184,0.0
2018-01-11,1110.1,1131.3,1108.01,1130.65,1167557,0.0
2018-01-15,1140.31,1148.88,1126.66,1130.65,903010,0.0
2018-01-16,1136.36,1139.32,1123.49,1139.24,704858,0.0
2018-01-17,1139.35,1140.59,1124.46,1135.98,709233,0.0
2018-01-18,1137.14,1143.78,1132.5,1143.54,709160,0.0
2018-01-21,1143.82,1166.88,1141.82,1163.92,780573,0.0
2018-01-22,1170.62,1178.51,1167.25,1176.63,868518,0.0
2018-01-23,1184.98,1187.05,1167.4,1171.29,996258,0.0
2018-01-24,1180.71,1185,1171.84,1181.75,810927,0.0
2018-01-25,1187.53,1187.53,1168.03,1187.21,1031597,0.0
2018-01-28,1188.53,1198,1184.3,1186.14,760902,0.0
2018-01-29,1177.72,1187.93,1174.51,1177.49,790214,0.0
2018-01-30,1183.81,1186.32,1172.1,1183.72,724243,0.0
2018-01-31,1175.49,1187.45,1169.36,1180.02,1363999,0.0
2018-02-01,1130,1131.3,1111.17,1118,3057719,0.0
2018-02-04,1100.61,1114.99,1056.74,1062.88,2199963,0.0
2018-02-05,1033.98,1087.38,1030.01,1085.1,2071630,0.0
2018-02-06,1084.97,1086.53,1054.62,1055.29,1388607,0.0
2018-02-07,1059.87,1063.93,1005.12,1006.26,1742286,0.0
2018-02-08,1025.5,1051.72,997,1045.85,2681988,0.0
2018-02-11,1056.67,1065.57,1045.49,1055.33,1040289,0.0
2018-02-12,1050,1061.22,1046.92,1054.21,787488,0.0
2018-02-13,1054.32,1075.47,1049.8,1073.32,954251,0.0
2018-02-14,1083.45,1094.1,1067.23,1092.87,958554,0.0
2018-02-15,1093.38,1108.31,1091.55,1096.27,1111680,0.0
2018-02-19,1092.4,1116.29,1090,1103.6,834498,0.0
2018-02-20,1109.1,1136.2,1107.51,1113.6,1127309,0.0
2018-02-21,1119.17,1125.46,1105.15,1110.39,683401,0.0
2018-02-22,1118.66,1129,1108.44,1128.7,620402,0.0
2018-02-25,1131.86,1144.2,1129.34,1144.2,778841,0.0
2018-02-26,1143.7,1144.25,1116.79,1117.16,1123364,0.0
2018-02-27,1122,1127.65,1103,1104.03,1210332,0.0
2018-02-28,1109.54,1111.27,1067.29,1070.75,1548160,0.0
2018-03-01,1057.21,1086.89,1050.11,1083.41,1417391,0.0
2018-03-04,1078.13,1101.18,1072.27,1094.68,638338,0.0
2018-03-05,1102.1,1105.63,1094.5,1100.9,569816,0.0
2018-03-06,1092.82,1116.2,1089.91,1115.07,775113,0.0
2018-03-07,1117.2,1131.44,1117.2,1129.38,777871,0.0
2018-03-08,1138.72,1161,1134.29,1160.84,1120155,0.0
2018-03-11,1165.58,1178.16,1159.2,1166.24,1230821,0.0
2018-03-12,1171.65,1178,1134.57,1140.52,1132929,0.0
2018-03-13,1145.8,1159.76,1142.35,1148.94,1054520,0.0
2018-03-14,1148.99,1162.5,1135.66,1150.8,885010,0.0
2018-03-15,1155.35,1156.81,1131.36,1134.43,1373274,0.0
2018-03-18,1119.02,1119.37,1088.92,1100.07,1728872,0.0
2018-03-19,1098.4,1105.55,1082.42,1096.21,1530953,0.0
2018-03-20,1092.57,1108.7,1087.21,1093.56,1111099,0.0
2018-03-21,1080.58,1083.92,1049.64,1053.2,1810788,0.0
2018-03-22,1051.38,1066.78,1024.87,1026.73,1313667,0.0
2018-03-25,1050.6,1059.27,1010.58,1054.09,1831062,0.0
2018-03-26,1063.9,1064.54,997.62,1007.46,1545462,0.0
2018-03-27,1001.91,1024.99,984,1004.29,2199734,0.0
2018-03-28,1010.59,1048.05,1004.04,1036.93,1847744,0.0
2018-04-01,1028.2,1039.53,994.25,1012.77,1642137,0.0
2018-04-02,1016.15,1025,997.245,1018.33,1340086,0.0
2018-04-03,998.19,1032.74,996.51,1028.92,1431989,0.0
2018-04-04,1046.39,1046.71,1024,1032.36,890022,0.0
2018-04-05,1023.1,1036,1006.25,1009.54,981310,0.0
2018-04-08,1020.04,1044.59,1019.2,1020.19,781777,0.0
2018-04-09,1030.26,1041.21,1015.41,1036.71,939371,0.0
2018-04-10,1032,1035.87,1019.2,1025.07,860684,0.0
2018-04-11,1031.47,1044.65,1026.05,1037.2,802108,0.0
2018-04-12,1048.28,1052.98,1030.15,1036.07,616296,0.0
2018-04-15,1045.49,1051.43,1033.92,1046.26,613347,0.0
2018-04-16,1061.2,1085,1057.09,1079.17,1233778,0.0
2018-04-17,1079.01,1082,1070.52,1075.27,856143,0.0
2018-04-18,1069.02,1097.51,1069.02,1089.47,1035012,0.0
2018-04-19,1084.27,1095,1071.67,1077.32,1342031,0.0
2018-04-22,1082.98,1088,1066.68,1073.44,1780403,0.0
2018-04-23,1059.2,1077,1012.64,1023.69,4258702,0.0
2018-04-24,1029.7,1036.07,1017.01,1023.67,1626843,0.0
2018-04-25,1033.22,1052.02,1020.45,1043.25,1273025,0.0
2018-04-26,1046.2,1051.7,1027.59,1031.18,1055864,0.0
2018-04-29,1034.42,1038.37,1018.3,1018.3,772240,0.0
2018-04-30,1016.3,1041.73,1010.37,1041.09,958521,0.0
2018-05-01,1032.33,1043.98,1023.16,1025.95,775728,0.0
2018-05-02,1025.37,1030.69,1007.89,1026.54,984924,0.0
2018-05-03,1019.5,1051.88,1018.05,1051,986417,0.0
2018-05-06,1053.89,1065,1050.27,1058.925,956705,0.0
2018-05-07,1061.83,1065.23,1051.64,1058.72,684893,0.0
2018-05-08,1063.28,1094,1062.11,1089.8,1214377,0.0
2018-05-09,1093.75,1109.41,1093.75,1105.47,1067143,0.0
2018-05-10,1100.41,1109.08,1097.22,1103.77,790755,0.0
2018-05-13,1105.57,1118.15,1104.8,1106.44,1036749,0.0
2018-05-14,1096.9,1099.12,1078.78,1084.64,899177,0.0
2018-05-15,1084.88,1094.38,1081.63,1084.53,668613,0.0
2018-05-16,1081.46,1091,1076.42,1081.2,624158,0.0
2018-05-17,1065.95,1073.73,1064.68,1069.6,916288,0.0
2018-05-20,1079,1093.3,1078,1084.01,679683,0.0
2018-05-21,1089.83,1091.8,1072.26,1075.44,511505,0.0
2018-05-22,1068.48,1088,1066.881,1086.35,555025,0.0
2018-05-23,1085.52,1087.76,1072.3,1085.63,601231,0.0
2018-05-24,1086.55,1089.7,1082.6,1084.07,466708,0.0
2018-05-28,1074.19,1081.34,1063.08,1068.07,769188,0.0
2018-05-29,1073.48,1078.99,1066.55,1076.83,783266,0.0
2018-05-30,1082,1110,1078,1100.78,2145199,0.0
2018-05-31,1112.51,1138.16,1112.01,1135,1935222,0.0
2018-06-03,1138.51,1157.86,1137,1153.31,1336152,0.0
2018-06-04,1154.18,1161.1,1147.46,1150.04,831977,0.0
2018-06-05,1152.77,1154.71,1136.32,1146.95,943897,0.0
2018-06-06,1144.51,1145.87,1126.12,1134.05,920468,0.0
2018-06-07,1131.21,1138.78,1123.23,1132.78,664193,0.0
2018-06-10,1131.96,1147.74,1131.4,1141.25,671005,0.0
2018-06-11,1141,1148.75,1140.86,1148.19,504651,0.0
2018-06-12,1152.28,1155.64,1143.38,1144.22,844047,0.0
2018-06-13,1152.43,1165.99,1150.6,1161.12,980407,0.0
2018-06-14,1158.34,1163.91,1153.69,1159.73,1063289,0.0
2018-06-17,1153.7,1184.13,1151,1183.76,813241,0.0
2018-06-18,1170.11,1182.81,1161.61,1178.87,1263418,0.0
2018-06-19,1183.3,1201.49,1182.03,1183.63,1396275,0.0
2018-06-20,1185.51,1190.33,1163.48,1169.44,1014797,0.0
2018-06-21,1171.75,1175,1159.65,1166.01,742575,0.0
2018-06-24,1154.57,1155.99,1119.9,1139.28,1516497,0.0
2018-06-25,1144.14,1146.87,1129,1132.5,779483,0.0
2018-06-26,1136,1146.21,1116.7,1117.2,838246,0.0
2018-06-27,1112.39,1134,1106.07,1127.03,716955,0.0
2018-06-28,1131.95,1141.36,1127.02,1129.32,631942,0.0
2018-07-01,1115.35,1142.99,1106.6,1142.3,605404,0.0
2018-07-02,1149.63,1149.91,1114.43,1116.28,422191,0.0
2018-07-04,1124.61,1144.14,1123.12,1141.29,793419,0.0
2018-07-05,1141.77,1156.2,1137.24,1155.21,527353,0.0
2018-07-08,1160,1167.93,1157.23,1167.37,534258,0.0
2018-07-09,1168.83,1173.5,1162.56,1167.14,590912,0.0
2018-07-10,1156.25,1180.44,1155.37,1171.08,929090,0.0
2018-07-11,1173.96,1201.99,1173.1,1201.26,1322095,0.0
2018-07-12,1202.8,1210.44,1195.29,1204.59,894026,0.0
2018-07-15,1203.81,1208.71,1193.4,1196.58,767312,0.0
2018-07-16,1182.74,1218.76,1182,1213.48,1137955,0.0
2018-07-17,1208.74,1221.59,1204.56,1212.48,1114570,0.0
2018-07-18,1206.65,1216.48,1197.73,1199.06,823423,0.0
2018-07-19,1199.11,1210.77,1196.59,1197.88,1094034,0.0
2018-07-22,1195.66,1215.1,1192.01,1211.85,1415590,0.0
2018-07-23,1271,1275,1244.14,1258.74,3000221,0.0
2018-07-24,1252.62,1278.24,1249.05,1275.63,1474366,0.0
2018-07-25,1266.02,1287.4,1263,1285.62,1552029,0.0
2018-07-26,1289.12,1291.44,1244.5,1252.59,1379662,0.0
2018-07-29,1250.59,1252.89,1224.17,1230.32,1201471,0.0
2018-07-30,1231.71,1241.21,1216.19,1227.73,1045336,0.0
2018-07-31,1239.11,1245.9,1224.94,1232.92,968318,0.0
2018-08-01,1218.52,1244.41,1218.06,1241.09,963349,0.0
2018-08-02,1245.18,1246.52,1229.42,1237.52,517694,0.0
2018-08-05,1241.61,1242.46,1230.53,1237.62,578368,0.0
2018-08-06,1253.79,1266.08,1251.8,1255.82,1243774,0.0
2018-08-07,1256.72,1271.72,1252.12,1259.94,1036870,0.0
2018-08-08,1262.73,1271.96,1260.1,1264.41,678213,0.0
2018-08-09,1259.18,1261.2,1247.16,1251.98,723564,0.0
2018-08-12,1251.2,1265.97,1247.03,1248.8,659010,0.0
2018-08-13,1252.5,1260.59,1239.54,1258.15,642420,0.0
2018-08-14,1244.28,1251.98,1226.25,1232.22,983050,0.0
2018-08-15,1241.99,1243.7,1219.63,1223.55,870743,0.0
2018-08-16,1222.04,1226.95,1204,1215.5,878996,0.0
2018-08-19,1220.66,1225.91,1208.7,1221.94,537606,0.0
2018-08-20,1223.02,1232.76,1215.03,1216.99,554910,0.0
2018-08-21,1214.18,1226.53,1213.22,1222.22,608677,0.0
2018-08-22,1220,1235.17,1219.35,1221.23,617144,0.0
2018-08-23,1226,1237.4,1221.42,1236.75,599523,0.0
2018-08-26,1244.14,1257.87,1240.68,1256.13,750300,0.0
2018-08-27,1255.51,1260.2,1242.97,1246.16,674733,0.0
2018-08-28,1255,1267.17,1252.8,1264.73,829590,0.0
2018-08-29,1263.4,1269.49,1247.21,1254.07,831885,0.0
2018-08-30,1250.56,1252.55,1225.75,1231.44,960656,0.0
2018-09-03,1222.52,1227.87,1206.56,1211.6,1144713,0.0
2018-09-04,1209.22,1214.87,1175.34,1199.45,1306974,0.0
2018-09-05,1199.28,1199.28,1163.61,1183.99,1231856,0.0
2018-09-06,1172,1188.55,1169.27,1178.01,891107,0.0
2018-09-09,1184.82,1186.66,1170.61,1176.1,653768,0.0
2018-09-10,1171.1,1190.94,1165.95,1189.99,789832,0.0
2018-09-11,1182.62,1190.694,1166.16,1171.51,825011,0.0
2018-09-12,1179.53,1187.86,1169.22,1182.17,1036728,0.0
2018-09-13,1188,1188,1173.52,1177.96,615187,0.0
2018-09-16,1177.77,1181.82,1158.455,1159.83,878824,0.0
2018-09-17,1162.66,1181.33,1161.425,1167.26,767958,0.0
2018-09-18,1168.96,1176.27,1158.6152,1174.7,629093,0.0
2018-09-19,1180.67,1194,1176.25,1191.59,687458,0.0
2018-09-20,1193.77,1196.58,1172.06,1172.07,1465005,0.0
2018-09-23,1160.01,1185.19,1151.5,1179.46,759827,0.0
2018-09-24,1184.25,1196.8599,1174.09,1193.88,812972,0.0
2018-09-25,1192.2,1207.24,1185.3969,1193.65,874727,0.0
2018-09-26,1200,1216.86,1198.05,1207.23,877183,0.0
2018-09-27,1204.09,1208.45,1197.83,1207.72,722320,0.0
2018-09-30,1213,1224.2,1203.19,1208.46,717054,0.0
2018-10-01,1206.67,1224.52,1199.66,1209.21,1003966,0.0
2018-10-02,1212,1214.18,1202.15,1212.02,647235,0.0
2018-10-03,1205.03,1205.9,1163.845,1177.07,1108747,0.0
2018-10-04,1176,1182,1154.32,1167.83,811384,0.0
2018-10-07,1160,1175.86,1135.4,1155.61,1179900,0.0
2018-10-08,1151.31,1161.55,1144.17,1145.17,897667,0.0
2018-10-09,1136.95,1137.02,1091.51,1092.61,1486403,0.0
2018-10-10,1081.77,1116.055,1075.89,1090.91,1821525,0.0
2018-10-11,1120,1125.83,1095.025,1120.55,1277742,0.0
2018-10-14,1117.78,1121.795,1098.22,1101.58,806858,0.0
2018-10-15,1113.48,1136.37,1111.75,1133.23,870550,0.0
2018-10-16,1140,1147,1114,1127.5,886862,0.0
2018-10-17,1131.76,1132.35,1086.34,1098.13,1240643,0.0
2018-10-18,1104.7,1120.95,1097.03,1104.67,989682,0.0
2018-10-21,1112.51,1121.69,1100,1112.28,655044,0.0
2018-10-22,1091.29,1118,1079.01,1115.6,885302,0.0
2018-10-23,1115.94,1116.62,1055.06,1056.93,1255670,0.0
2018-10-24,1080.3,1117.82,1075.545,1103.36,1680021,0.0
2018-10-25,1048.54,1117,1042.23,1083.71,2895642,0.0
2018-10-28,1096.54,1108.83,1007.2,1034.87,2345406,0.0
2018-10-29,1023.92,1050.9,1013.97,1050.11,1589685,0.0
2018-10-30,1071,1108,1068.2,1090.55,1962753,0.0
2018-10-31,1091.5,1099.9,1077.82,1085.89,1095750,0.0
2018-11-01,1088.86,1098,1067.66,1072.69,1090396,0.0
2018-11-04,1072.53,1073.35,1034,1056.22,1179259,0.0
2018-11-05,1055.02,1079.82,1053.61,1069.78,675884,0.0
2018-11-06,1084.23,1109.9299,1080.59,1107.85,1185733,0.0
2018-11-07,1107.3,1108.22,1084.36,1094.71,955537,0.0
2018-11-08,1084.02,1088.35,1064.26,1077.02,814787,0.0
2018-11-11,1073.13,1074.1,1040.35,1049.23,944004,0.0
2018-11-12,1054.81,1066.665,1040.4,1047.67,636375,0.0
2018-11-13,1060,1065.79,1041.11,1054.57,1428003,0.0
2018-11-14,1051.46,1078.87,1041.2925,1072.16,1777721,0.0
2018-11-15,1065.23,1072.44,1054.9,1068.28,1564227,0.0
2018-11-18,1063.39,1068,1022.8692,1027.429,2008059,0.0
2018-11-19,1007.29,1037.35,1002.21,1030.44,2414922,0.0
2018-11-20,1045.31,1054.705,1039.455,1043.3,1369358,0.0
2018-11-22,1033.5,1043,1028.52,1029.87,632994,0.0
2018-11-25,1044,1057,1039.77,1055.64,1365707,0.0
2018-11-26,1051.34,1066.76,1045.5,1052.45,1327768,0.0
2018-11-27,1057.46,1092.8575,1042.95,1091.78,2047250,0.0
2018-11-28,1083.53,1100.15,1082,1094.58,1394154,0.0
2018-11-29,1095.63,1105.07,1083.18,1105,1837462,0.0
2018-12-02,1132.16,1135,1111.73,1116.78,2311965,0.0
2018-12-03,1112.99,1114.24,1060.775,1063.05,1918725,0.0
2018-12-05,1045,1078.96,1042.48,1078.76,2092240,0.0
2018-12-06,1072.23,1085.03,1039.37,1047.09,1878688,0.0
2018-12-09,1042.94,1059.6,1033,1052.71,1526599,0.0
2018-12-10,1066.94,1070.4,1050.1,1061.39,1543940,0.0
2018-12-11,1077.08,1091.7325,1071.97,1073.12,1232603,0.0
2018-12-12,1075.67,1088.42,1064.994,1072.6,1020097,0.0
2018-12-13,1060.02,1071.72,1049.37,1051.1,1346484,0.0
2018-12-16,1047.01,1062.38,1016.63,1025.89,1831197,0.0
2018-12-17,1034,1059.69,1030.48,1043.32,1880670,0.0
2018-12-18,1047.29,1075.71,1019.43,1034.66,2432756,0.0
2018-12-19,1026,1047.44,1007.8648,1023.75,2560811,0.0
2018-12-20,1032.04,1037.67,979.6364,990.27,4662207,0.0
2018-12-23,984.32,1012.1195,977.6599,984.52,1659918,0.0
2018-12-25,997.99,1048.45,992.645,1047.88,1977553,0.0
2018-12-26,1026.2,1053.34,1007,1053.34,1919972,0.0
2018-12-27,1059.5,1064.23,1042,1046.34,1476634,0.0
2018-12-30,1057.83,1062.99,1033.0387,1037.745,1219176,0.0
2019-01-01,1027.2,1060.79,1025.275,1053.24,1346501,0.0
2019-01-02,1050.67,1066.26,1022.37,1026.505,1546910,0.0
2019-01-03,1041.63,1080,1036.86,1076.55,1792417,0.0
2019-01-06,1080.97,1082.7,1062.64,1076.01,1872050,0.0
2019-01-07,1084.77,1093.35,1068.3486,1085.51,1402631,0.0
2019-01-08,1087.99,1091.64,1074.37,1083.22,1154151,0.0
2019-01-09,1074.94,1079.085,1064.68,1078.45,1092023,0.0
2019-01-10,1069.9,1073.37,1056.43,1062.93,1272704,0.0
2019-01-13,1053.34,1058.45,1048.55,1052.845,1137744,0.0
2019-01-14,1058.01,1088.27,1054.44,1086.06,1536965,0.0
2019-01-15,1090,1102.36,1088.1,1088.21,1639887,0.0
2019-01-16,1087.99,1100.7,1083.255,1098.15,1010311,0.0
2019-01-17,1108.59,1118,1099.2834,1105.4,1894558,0.0
2019-01-21,1097.5,1098.97,1070.89,1074.54,1299223,0.0
2019-01-22,1086.86,1092.95,1067.57,1082.815,1063226,0.0
2019-01-23,1082.51,1088,1070.02,1084.285,1099283,0.0
2019-01-24,1094.23,1103.21,1091.8011,1099.37,882516,0.0
2019-01-27,1090.07,1093.365,1074.61,1080.0529,1060160,0.0
2019-01-28,1081.04,1084.73,1066.02,1070.01,846453,0.0
2019-01-29,1078.57,1099.52,1076.64,1098.32,1086527,0.0
2019-01-30,1112.24,1127.67,1105.25,1124.72,1624482,0.0
2019-01-31,1122.29,1134.4,1114.25,1119.685,1300373,0.0
2019-02-03,1120.1,1142.34,1117.51,1140.21,2511344,0.0
2019-02-04,1129.63,1152.5,1123.6,1151.345,3714644,0.0
2019-02-05,1148,1154,1118.36,1123.24,1961777,0.0
2019-02-06,1111.61,1111.99,1093.59,1103.91,1627994,0.0
2019-02-07,1094.88,1105.095,1094.24,1101.16,890681,0.0
2019-02-10,1103.75,1113.43,1100,1102.22,736358,0.0
2019-02-11,1111.01,1132.86,1111.01,1127.395,1434412,0.0
2019-02-12,1133.04,1142.8496,1126.05,1126.5701,1277477,0.0
2019-02-13,1125,1136.13,1117.09,1129.32,896341,0.0
2019-02-14,1136.73,1139.3,1116.72,1119.08,1236662,0.0
2019-02-18,1116.64,1129.64,1116.64,1125.4344,768872,0.0
2019-02-19,1128.88,1130.93,1111.75,1120.99,1017131,0.0
2019-02-20,1118.78,1119.15,1097.98,1104.5,1379202,0.0
2019-02-21,1109.7,1117.25,1100.5,1116.69,1126321,0.0
2019-02-24,1124.3,1125.4,1114.11,1117.03,1055383,0.0
2019-02-25,1114.37,1126.435,1106.7,1122,1314597,0.0
2019-02-26,1114.01,1125.73,1108.56,1122.89,916073,0.0
2019-02-27,1120.05,1133.99,1118.41,1127.04,1056546,0.0
2019-02-28,1132.1,1150,1131,1147.92,1317656,0.0
2019-03-03,1154.56,1165.52,1138.25,1153.69,1432109,0.0
2019-03-04,1156,1176.4899,1153.02,1168.98,1778223,0.0
2019-03-05,1171.76,1174.74,1163.05,1164.95,1023368,0.0
2019-03-06,1160.5,1163.58,1141.715,1151.56,1170172,0.0
2019-03-07,1133.9,1153.4504,1130.2,1149.71,1012099,0.0
2019-03-10,1152,1179.91,1151.57,1178.98,1185310,0.0
2019-03-11,1182.74,1205.71,1182.3,1197.79,1887078,0.0
2019-03-12,1205.93,1207.1234,1197.91,1198.85,1058863,0.0
2019-03-13,1199.02,1204.7,1191.23,1192.749,1189050,0.0
2019-03-14,1192.4,1201.725,1187.01,1191.08,1288235,0.0
2019-03-17,1189.69,1194.95,1181.4762,1188.24,1100687,0.0
2019-03-18,1192.38,1203.405,1189.4564,1202.99,1258816,0.0
2019-03-19,1201.4,1229.99,1199.59,1226.52,1764600,0.0
2019-03-20,1220,1236.44,1216.575,1236.43,1302499,0.0
2019-03-21,1230.25,1233.63,1206.0001,1208.17,1437200,0.0
2019-03-24,1199.56,1209.44,1190.0034,1197.13,1213515,0.0
2019-03-25,1205.19,1207.65,1181.76,1189.84,1381673,0.0
2019-03-26,1191.92,1191.92,1164.23,1178.02,1299501,0.0
2019-03-27,1177.06,1177.25,1163.43,1172.28,1030973,0.0
2019-03-28,1180.18,1183.97,1166.38,1176.42,1034827,0.0
2019-03-31,1186.2,1199.13,1186.2,1199.12,598931,0.0
2019-04-01,1200.05,1205.81,1191.24,1205.16,777991,0.0
2019-04-02,1212.7,1220.6,1205.075,1210.48,967635,0.0
2019-04-03,1211.29,1220.55,1209.04,1219.46,879729,0.0
2019-04-04,1218.75,1220.39,1210.03,1211.78,860041,0.0
2019-04-07,1211.11,1213.95,1204.695,1208.22,868731,0.0
2019-04-08,1201.89,1207.15,1198.38,1203.08,865489,0.0
2019-04-09,1205.09,1208.9377,1200.6609,1206.45,705045,0.0
2019-04-10,1209.97,1212.74,1204.54,1209.57,790515,0.0
2019-04-11,1215,1223.05,1213.29,1222.99,992784,0.0
2019-04-14,1224.09,1229.295,1214.56,1226.61,1055295,0.0
2019-04-15,1230.69,1235.98,1225.04,1232.13,1009593,0.0
2019-04-16,1237,1245.095,1232.9,1240.26,1363649,0.0
2019-04-17,1245,1245.94,1239.41,1241.47,1122870,0.0
2019-04-21,1237.05,1254.3405,1233.37,1254.26,840734,0.0
2019-04-22,1256,1274.43,1251.975,1270.26,1370300,0.0
2019-04-23,1270.59,1274,1259.81,1260.06,836189,0.0
2019-04-24,1270.59,1272.8,1258,1267.34,1352918,0.0
2019-04-25,1273.38,1278.91,1265,1277.17,1118089,0.0
2019-04-28,1280.51,1296.975,1271.71,1296,2296071,0.0
2019-04-29,1190.77,1200.9777,1183,1199.49,5980943,0.0
2019-04-30,1198,1199.25,1171.675,1173.37,3497083,0.0
2019-05-01,1172.6,1179.38,1158.33,1166.25,2018931,0.0
2019-05-02,1177.09,1191.4,1173.545,1189.55,1797188,0.0
2019-05-05,1172,1195.43,1171.155,1193.38,1456195,0.0
2019-05-06,1185.81,1194.77,1165,1179.55,1564069,0.0
2019-05-07,1177.29,1184.27,1167.63,1169.57,1085504,0.0
2019-05-08,1162.6,1174.07,1154.64,1167.69,1272156,0.0
2019-05-09,1168,1176.28,1146.37,1167.67,1456810,0.0
2019-05-12,1145.24,1151.97,1125.5,1136.68,1857526,0.0
2019-05-13,1141.34,1144.865,1123.53,1124.82,1662207,0.0
2019-05-14,1122.55,1178.3,1121.4,1170.06,2530623,0.0
2019-05-15,1171.84,1194.16,1168.45,1184.75,1549838,0.0
2019-05-16,1175.83,1186.29,1166.42,1168.29,1112390,0.0
2019-05-19,1153,1153,1138.135,1144.23,1141308,0.0
2019-05-20,1154.48,1158,1143.31,1154.69,883437,0.0
2019-05-21,1152.82,1163.78,1151,1155.75,770596,0.0
2019-05-22,1145.83,1150.05,1133.16,1144.9,1068393,0.0
2019-05-23,1152,1154.36,1136.71,1139.1,816746,0.0
2019-05-27,1141.48,1156.49,1138.67,1138.79,820763,0.0
2019-05-28,1133.87,1135,1111.95,1120.44,1558887,0.0
2019-05-29,1120.15,1126.795,1115.9,1121.18,809204,0.0
2019-05-30,1105.64,1113.4027,1103.35,1106.33,1293148,0.0
2019-06-02,1067.44,1067.44,1027.16,1039.04,4414677,0.0
2019-06-03,1044.49,1058.437,1036.03,1054.59,2692428,0.0
2019-06-04,1055,1056.81,1033,1045,2012699,0.0
2019-06-05,1046.21,1050,1035.51,1047.77,1321246,0.0
2019-06-06,1054.28,1073.43,1051.15,1069,1857229,0.0
2019-06-09,1075.95,1094.84,1075.2817,1082.65,1261125,0.0
2019-06-10,1096.99,1104.005,1079.57,1080.71,1424494,0.0
2019-06-11,1081.12,1082.52,1069.6,1079.28,1011776,0.0
2019-06-12,1084.71,1096.59,1082.57,1091.24,1758932,0.0
2019-06-13,1088.46,1094.76,1081.4752,1086.3,1936988,0.0
2019-06-16,1089.1,1101.28,1088,1093.71,837042,0.0
2019-06-17,1111.5,1118.78,1100.79,1105.25,1453452,0.0
2019-06-18,1106.15,1109.43,1096.03,1104.86,1098456,0.0
2019-06-19,1121.5,1122.72,1107,1113.64,951688,0.0
2019-06-20,1110.905,1126.57,1109.72,1125.32,1960778,0.0
2019-06-23,1120,1123.57,1113.31,1117.18,980463,0.0
2019-06-24,1115.08,1115.7,1084.5999,1087.98,1369235,0.0
2019-06-25,1088.57,1095.12,1073.6873,1080.72,1466756,0.0
2019-06-26,1086.75,1088.465,1075.85,1076.54,1039483,0.0
2019-06-27,1079.15,1082.79,1073.8,1081.94,1132882,0.0
2019-06-30,1101.04,1108.59,1095.33,1099.63,1218173,0.0
2019-07-01,1104.05,1112.89,1099.67,1112.86,928738,0.0
2019-07-02,1118.5,1127.9873,1114.85,1122.41,860824,0.0
2019-07-04,1119.37,1134.65,1117.5,1132.41,1206609,0.0
2019-07-07,1125.87,1127.21,1111.76,1117.21,1230229,0.0
2019-07-08,1111,1127.86,1107.15,1124.28,1237267,0.0
2019-07-09,1132.32,1142.34,1130.66,1140.92,1270790,0.0
2019-07-10,1145.59,1153.24,1139.53,1143.78,1068160,0.0
2019-07-11,1142.93,1147.5,1138.56,1145.15,843379,0.0
2019-07-14,1145.34,1150.68,1140,1150.55,764087,0.0
2019-07-15,1146.93,1158.58,1146.73,1153.46,1053817,0.0
2019-07-16,1150.92,1158.44,1146.62,1146.62,780370,0.0
2019-07-17,1142,1148.17,1132.855,1147.17,973262,0.0
2019-07-18,1149.32,1151.58,1131.25,1131.69,1082836,0.0
2019-07-21,1135.47,1140.02,1125.21,1139.27,1195754,0.0
2019-07-22,1143.45,1148.86,1132.85,1148.27,903629,0.0
2019-07-23,1132.62,1145.455,1128.51,1140.32,1214130,0.0
2019-07-24,1138.95,1143.591,1123.71,1137.79,1908204,0.0
2019-07-25,1228.29,1268.394,1228,1236,5240950,0.0
2019-07-28,1242.5,1248.995,1230.2,1241.4,1696163,0.0
2019-07-29,1226.63,1236.91,1225.32,1227.482,1107768,0.0
2019-07-30,1224.87,1234.91,1208.18,1218.11,1647674,0.0
2019-07-31,1216.78,1236.298,1207,1211.78,1567594,0.0
2019-08-01,1203,1205.8699,1190,1196.35,1241983,0.0
2019-08-04,1172.73,1176.88,1142.75,1154.44,2061144,0.0
2019-08-05,1166.04,1181.4,1161.525,1170.89,1463871,0.0
2019-08-06,1157.8,1179.87,1150.84,1175.91,1273263,0.0
2019-08-07,1185.75,1206.28,1174,1206.28,1234565,0.0
2019-08-08,1199.995,1204.46,1184.89,1189.17,813019,0.0
2019-08-11,1180,1185.61,1168.72,1174.39,872945,0.0
2019-08-12,1174.35,1205.43,1172.995,1197.54,1155422,0.0
2019-08-13,1176.07,1182.79,1161.07,1164.02,1414983,0.0
2019-08-14,1164.24,1176.42,1163,1169.32,1090975,0.0
2019-08-15,1180.79,1183.84,1173,1179.1,1088217,0.0
2019-08-18,1191.83,1209.39,1190.4,1200.44,1066376,0.0
2019-08-19,1195.35,1198,1183.045,1183.55,742762,0.0
2019-08-20,1195.39,1200.5568,1187.92,1191.77,579018,0.0
2019-08-21,1193.8,1198.78,1178.91,1191.62,711622,0.0
2019-08-22,1185.17,1195.67,1150,1153.59,1415198,0.0
2019-08-25,1159.45,1171.86,1154.845,1171.85,865126,0.0
2019-08-26,1183,1185,1164.5573,1170.82,780385,0.0
2019-08-27,1164.87,1178.5,1160.25,1173.18,603359,0.0
2019-08-28,1186.42,1199.19,1185.28,1194.43,842321,0.0
2019-08-29,1200.35,1200.35,1185.72,1190.32,631101,0.0
2019-09-02,1180.64,1188.89,1163.715,1169.55,1116286,0.0
2019-09-03,1179.33,1184.88,1171.53,1182.86,873014,0.0
2019-09-04,1193.4,1214,1192.69,1212.24,1172181,0.0
2019-09-05,1209.14,1212.945,1203.26,1205.89,793425,0.0
2019-09-08,1207.08,1220.55,1193.17,1205.39,1384839,0.0
2019-09-09,1196.09,1210,1196.01,1207.62,1162621,0.0
2019-09-10,1204.15,1222.47,1202.275,1219.96,981781,0.0
2019-09-11,1223.47,1242.415,1222.56,1234.96,1408966,0.0
2019-09-12,1234.99,1241.03,1227.08,1239.9,983055,0.0
2019-09-15,1230.44,1239.02,1225.19,1231.22,759798,0.0
2019-09-16,1230.43,1235,1223.35,1229.87,755106,0.0
2019-09-17,1230.24,1236.24,1216.47,1233.26,666514,0.0
2019-09-18,1232.32,1244.34,1232.31,1238.76,691341,0.0
2019-09-19,1233.64,1242.8,1223.58,1229.53,1742302,0.0
2019-09-22,1226.57,1239.68,1223.7825,1234.49,762394,0.0
2019-09-23,1240,1247.11,1210.6438,1218.12,1467120,0.0
2019-09-24,1216.96,1248.02,1209.2,1246.61,1037009,0.0
2019-09-25,1240.86,1244.67,1231.82,1241.42,931462,0.0
2019-09-26,1242.83,1244.99,1215.2,1226.15,1399119,0.0
2019-09-29,1220.6,1227.405,1213.42,1221.15,1007209,0.0
2019-09-30,1222.73,1232.8583,1205.55,1206,1066174,0.0
2019-10-01,1196.5,1198.76,1172.63,1177.41,1451783,0.0
2019-10-02,1183.34,1191,1163.14,1188.84,1234360,0.0
2019-10-03,1194.26,1212.46,1190.97,1210.23,1977035,0.0
2019-10-06,1207,1218.91,1204.36,1207.99,1478428,0.0
2019-10-07,1197.27,1206.8688,1189.48,1189.78,1666099,0.0
2019-10-08,1201.33,1208.46,1198.115,1202.39,1316447,0.0
2019-10-09,1198.6,1215.62,1197.69,1209.59,1092910,0.0
2019-10-10,1224.03,1228.75,1213.6384,1214.27,1838238,0.0
2019-10-13,1215.2354,1225.88,1211.88,1217.08,1013997,0.0
2019-10-14,1221.5,1247.125,1220.92,1242.24,2536190,0.0
2019-10-15,1241.81,1254.19,1238.53,1242.97,1843678,0.0
2019-10-16,1251.4,1263.75,1249.87,1253.48,1766810,0.0
2019-10-17,1254.69,1258.11,1240.14,1244.08,2794445,0.0
2019-10-20,1250.59,1252.18,1239.99,1244.41,675428,0.0
2019-10-21,1244.48,1248.73,1239.85,1241.18,1015521,0.0
2019-10-22,1240.21,1258.02,1240.21,1257.75,878666,0.0
2019-10-23,1260.01,1262.9,1252.35,1259.09,873257,0.0
2019-10-24,1252,1268,1249.15,1264.28,1111234,0.0
2019-10-27,1275.16,1299.24,1272.31,1289.465,2434833,0.0
2019-10-28,1276,1280.8,1255.61,1260.67,2350512,0.0
2019-10-29,1255.15,1268.015,1250.65,1260.62,1216120,0.0
2019-10-30,1260,1266.5157,1249.48,1258.79,1048321,0.0
2019-10-31,1265.8,1273,1259.71,1272.98,1074648,0.0
2019-11-03,1276.11,1292.5,1276.11,1289.61,1178212,0.0
2019-11-04,1291.2,1297.24,1289.38,1291.45,985981,0.0
2019-11-05,1290.05,1292.99,1282.27,1290.75,901847,0.0
2019-11-06,1295,1322.65,1293.75,1306.94,1821017,0.0
2019-11-07,1301.52,1317.11,1301.52,1308.97,1339515,0.0
2019-11-10,1302,1304.9,1295.8701,1298.24,673798,0.0
2019-11-11,1298.57,1309.35,1294.24,1297.65,908519,0.0
2019-11-12,1293.18,1302.52,1292.147,1295.82,937383,0.0
2019-11-13,1294.89,1315.72,1293.94,1309.46,1332670,0.0
2019-11-14,1315.05,1333.52,1311.89,1333.21,1531776,0.0
2019-11-17,1332.34,1333.92,1316.16,1319.57,1051985,0.0
2019-11-18,1326.25,1326.63,1311.77,1312.37,859067,0.0
2019-11-19,1310,1313.21,1289.21,1301.94,1179703,0.0
2019-11-20,1299.25,1311.12,1290.75,1299.69,1001795,0.0
2019-11-21,1303.8,1306.9,1289.3625,1294.16,910422,0.0
2019-11-24,1296.26,1310.41,1295.61,1305.65,846581,0.0
2019-11-25,1308.64,1314.01,1304.04,1313.01,665908,0.0
2019-11-26,1315.04,1317.64,1309.4742,1312.46,754719,0.0
2019-11-28,1306.6,1309.95,1303.32,1304.2,498559,0.0
2019-12-01,1300,1305.44,1280.38,1288.86,1030330,0.0
2019-12-02,1278.66,1297.23,1277.05,1293.86,1025953,0.0
2019-12-03,1306.6,1324.27,1303.0511,1318.3,1583027,0.0
2019-12-04,1327,1327.98,1314.32,1327.56,1093977,0.0
2019-12-05,1332.75,1342.47,1331.23,1339.41,1392309,0.0
2019-12-08,1339,1357.553,1336.07,1342.93,1174949,0.0
2019-12-09,1339.94,1348,1334,1343.14,724538,0.0
2019-12-10,1348.3,1349.89,1341.1,1344.12,679053,0.0
2019-12-11,1344.34,1354.58,1338.2001,1348.05,1235466,0.0
2019-12-12,1346.94,1351.35,1341.66,1346.87,1077763,0.0
2019-12-15,1355,1363.53,1350.61,1360.69,1094717,0.0
2019-12-16,1362.41,1364.33,1350.77,1354.95,1188918,0.0
2019-12-17,1356.99,1359.43,1350.46,1351.46,774922,0.0
2019-12-18,1351.91,1357.5259,1348.7507,1356.52,900759,0.0
2019-12-19,1363.1,1364,1350.73,1351.21,1890018,0.0
2019-12-22,1358.73,1361.854,1348,1350.27,617304,0.0
2019-12-23,1350.21,1352.01,1344.165,1344.74,597751,0.0
2019-12-25,1346.55,1363.2,1345.51,1362.16,916263,0.0
2019-12-26,1364,1367.07,1353,1354.64,857102,0.0
2019-12-29,1356.81,1357,1337.835,1340.47,827915,0.0
2019-12-30,1335.79,1340.66,1332.13,1338.12,721255,0.0
2020-01-01,1348.41,1368.68,1346.49,1368.68,1175007,0.0
2020-01-02,1348,1373.75,1347.3236,1360.4,969060,0.0
2020-01-05,1352.35,1398.32,1351,1397.43,1563510,0.0
2020-01-06,1400.46,1403.5,1391.555,1395.55,1432360,0.0
2020-01-07,1394.82,1411.85,1392.63,1405.48,1446991,0.0
2020-01-08,1421,1428.68,1410.21,1420.15,1277576,0.0
2020-01-09,1427.61,1434.94,1419.5977,1429.37,1181674,0.0
2020-01-12,1436.15,1441.48,1425.37,1440.71,1237464,0.0
2020-01-13,1440,1442.63,1427.77,1430.36,996479,0.0
2020-01-14,1432.01,1440.78,1431.66,1439.21,890369,0.0
2020-01-15,1445.45,1450.7,1440,1450.7,1046607,0.0
2020-01-16,1462.54,1480.55,1456.55,1479.75,1859630,0.0
2020-01-20,1479,1489.8845,1470.21,1482.75,3008277,0.0
2020-01-21,1489.73,1500.5812,1482.6614,1483.56,2455503,0.0
2020-01-22,1486.81,1493.5,1480.32,1484.02,2023981,0.0
2020-01-23,1492.82,1494.2,1463.1796,1466.05,2639503,0.0
2020-01-26,1429.05,1436.58,1419.5,1431.43,1387791,0.0
2020-01-27,1441.74,1454.8,1430.36,1449.61,1032588,0.0
2020-01-28,1458.46,1464.14,1445.385,1456.47,859580,0.0
2020-01-29,1440.47,1455.25,1435,1454.3,1200060,0.0
2020-01-30,1467.86,1469.67,1427.1115,1432.68,1831153,0.0
2020-02-02,1461.65,1486.3,1456.61,1482.6,2706199,0.0
2020-02-03,1453.56,1467.335,1422.03,1446.37,4250996,0.0
2020-02-04,1463.61,1464.58,1429.675,1446.83,1639018,0.0
2020-02-05,1451.98,1481.56,1450.48,1476.195,1672144,0.0
2020-02-06,1467.385,1485.245,1465.41,1479.22,1263022,0.0
2020-02-09,1474.88,1508.88,1474.88,1508.87,1432885,0.0
2020-02-10,1512.08,1529.8799,1505.4501,1510.15,1520982,0.0
2020-02-11,1515.86,1520.3,1508.67,1519.43,963211,0.0
2020-02-12,1510,1525.946,1504,1513.54,867781,0.0
2020-02-13,1514.53,1520.05,1505.55,1519.6,907962,0.0
2020-02-17,1514.34,1530.555,1511.01,1519.44,925550,0.0
2020-02-18,1527.2,1530.74,1520.976,1524.88,867569,0.0
2020-02-19,1519.01,1527.07,1504.255,1516.97,1070453,0.0
2020-02-20,1504.58,1510.945,1478.49,1483.47,1848233,0.0
2020-02-23,1423.05,1436.38,1406.79,1419.37,2152983,0.0
2020-02-24,1431,1436.847,1380.42,1386.22,2106339,0.0
2020-02-25,1394.98,1413.67,1376.55,1390.63,2408318,0.0
2020-02-26,1359.82,1369.4,1314.24,1314.72,2597481,0.0
2020-02-27,1274.31,1342.45,1268.21,1341.16,3465941,0.0
2020-03-01,1351.39,1387.47,1325.2,1386.6401,2330698,0.0
2020-03-02,1397.68,1408.19,1329.2421,1337.72,2458902,0.0
2020-03-03,1358.96,1382.78,1337,1380.92,1912387,0.0
2020-03-04,1346.99,1353.63,1301.64,1315.33,2292572,0.0
2020-03-05,1270.2,1302.75,1257.21,1295.69,2862411,0.0
2020-03-08,1204.96,1252.73,1198.04,1210.68,3086891,0.0
2020-03-09,1254.33,1275.85,1214.51,1275.85,4633340,0.0
2020-03-10,1248.27,1256.93,1191.14,1210.65,4702196,0.0
2020-03-11,1122.62,1188.75,1108.47,1110.76,4294803,0.0
2020-03-12,1174.99,1214.4,1112.29,1214.3699,3283021,0.0
2020-03-15,1089,1145.47,1067.0801,1073.01,8593972,0.0
2020-03-16,1090.64,1126,1049.1,1118.065,3726901,0.0
2020-03-17,1055.01,1104.99,1037,1096.1,3779697,0.0
2020-03-18,1088.22,1152.61,1055.55,1112.84,6509980,0.0
2020-03-19,1130.9,1138.4783,1062.1,1067.83,7898242,0.0
2020-03-22,1056.37,1066.91,1008.87,1054.13,7514976,0.0
2020-03-23,1101.83,1133.33,1086.43,1131,3143271,0.0
2020-03-24,1124.88,1146.17,1083.01,1101.13,4107182,0.0
2020-03-25,1114.63,1171.48,1092.03,1162.92,3293469,0.0
2020-03-26,1127.47,1151.05,1104.0027,1110.26,2726681,0.0
2020-03-29,1132.64,1151,1098.4901,1146.31,2657188,0.0
2020-03-30,1148.73,1173.4,1136.72,1161.95,5031596,0.0
2020-03-31,1121.7,1129.42,1093.49,1101.9,4618308,0.0
2020-04-01,1098.57,1122.77,1093.13,1116.84,2468518,0.0
2020-04-02,1114.71,1118.79,1075.08,1092.69,3568324,0.0
2020-04-05,1133,1190.7548,1125,1183.4,5334586,0.0
2020-04-06,1217.01,1220.775,1177.25,1182.48,2732988,0.0
2020-04-07,1203.1,1214.9,1183.954,1207,1680350,0.0
2020-04-08,1218.18,1221.99,1192.4166,1206.755,2563275,0.0
2020-04-12,1201.5,1214.5199,1182.3318,1211.21,3318492,0.0
2020-04-13,1239.9735,1275.7499,1228.5413,1265.24,5366429,0.0
2020-04-14,1246.51,1275.1099,1234,1257.29,4993158,0.0
2020-04-15,1267.14,1273.3586,1238.2,1257.44,9449955,0.0
2020-04-16,1281.7,1290,1266,1279.04,6317271,0.0
2020-04-19,1269.89,1276.82,1256.44,1261.22,6129953,0.0
2020-04-20,1242.71,1250,1205,1210.08,5885914,0.0
2020-04-21,1241.11,1279.88,1237.2,1256.94,5358739,0.0
2020-04-22,1265.74,1288.15,1260.5302,1271.62,4209755,0.0
2020-04-23,1255,1277.71,1244,1276.61,3217466,0.0
2020-04-26,1292,1294.1,1265.06,1270.86,5175778,0.0
2020-04-27,1283.2,1284.76,1230.38,1232.31,2771569,0.0
2020-04-28,1345,1360.15,1326.73,1341.221,4859923,0.0
2020-04-29,1331.36,1350,1321.5,1346.86,4360313,0.0
2020-04-30,1324.09,1351.43,1309.66,1317.3,2221247,0.0
2020-05-03,1308.13,1324.47,1296.01,1322.51,1330002,0.0
2020-05-04,1337.5,1371.01,1335.03,1349.65,1737295,0.0
2020-05-05,1358,1368.69,1345.13,1345.17,1314155,0.0
2020-05-06,1361.31,1375.9999,1352.5406,1369.84,2399511,0.0
2020-05-07,1381.82,1396.64,1372.01,1384.38,2903668,0.0
2020-05-10,1376.79,1415.53,1375.5,1402.76,1424730,0.0
2020-05-11,1408.22,1414.33,1374.51,1375.25,2853796,0.0
2020-05-12,1376.16,1385.33,1328.01,1348.4,3591966,0.0
2020-05-13,1333.52,1357.37,1323.3,1357.08,2840232,0.0
2020-05-14,1348.26,1374.58,1339,1373.89,1540876,0.0
2020-05-17,1361.58,1392.76,1354.2,1385.18,3848092,0.0
2020-05-18,1385.48,1392.49,1373.76,1374.3,2641672,0.0
2020-05-19,1389.16,1412.026,1387.4193,1409.18,1608447,0.0
2020-05-20,1410.99,1416.46,1394.39,1407.92,1335891,0.0
2020-05-21,1403.9,1417,1395.95,1413.23,2526540,0.0
2020-05-25,1441.96,1445.11,1419.395,1421.38,1869160,0.0
2020-05-26,1420,1425.345,1394.6,1420.28,2686262,0.0
2020-05-27,1400,1444.46,1399.076,1417.46,3012156,0.0
2020-05-28,1420.43,1436.73,1415.98,1432.4,1357622,0.0
2020-05-31,1425.7,1441.58,1422.28,1434.35,1032163,0.0
2020-06-01,1435,1443,1421.61,1443,1928968,0.0
2020-06-02,1442.7,1449.01,1431.62,1439.25,1090308,0.0
2020-06-03,1436.78,1441.32,1406.01,1414.82,2399796,0.0
2020-06-04,1415.64,1446.3,1407.6213,1440.75,1699497,0.0
2020-06-07,1426.28,1449,1424.48,1448.47,2317184,0.0
2020-06-08,1445.24,1467.8,1442.36,1452.07,2485515,0.0
2020-06-09,1461.51,1472.77,1454.355,1464.98,1357405,0.0
2020-06-10,1441.03,1451.6033,1398.41,1401.02,1999334,0.0
2020-06-11,1425.86,1434.505,1407.49,1407.49,887410,0.0
2020-06-14,1389.49,1425,1387.1952,1420.75,2269274,0.0
2020-06-15,1449,1457.17,1428.99,1446.64,2479769,0.0
2020-06-16,1452.94,1462.2,1435.125,1452.7,1159372,0.0
2020-06-17,1449.85,1452.9698,1426.235,1433.621,1510086,0.0
2020-06-18,1440,1444.5,1420,1426.98,3542029,0.0
2020-06-21,1425.01,1450.95,1419.19,1450.44,1199967,0.0
2020-06-22,1452,1475.2,1445,1464.18,1598914,0.0
2020-06-23,1463.28,1475.79,1430,1432.17,1336574,0.0
2020-06-24,1431.22,1442.32,1419.54,1441.15,1063889,0.0
2020-06-25,1433.89,1437.02,1355,1362.14,3853374,0.0
2020-06-28,1360.34,1398,1351.65,1398,2043748,0.0
2020-06-29,1396.88,1424,1386.93,1417.92,1419202,0.0
2020-06-30,1419.17,1448.48,1414.18,1442.6,1932776,0.0
2020-07-01,1451.84,1488.52,1451.065,1469.8,2517791,0.0
