Date,Open,High,Low,Close,Volume,OpenInterest
2016-07-13,721.93,722.21,718.03,720.95,586315,0.0
2016-07-14,725.35,725.74,719.055,719.82,802101,0.0
2016-07-17,722.71,736.13,721.19,733.78,799656,0.0
2016-07-18,729.09,736.99,729,736.97,741547,0.0
2016-07-19,737.55,742.13,737.1,741.2,786701,0.0
2016-07-20,740.36,741.69,735.831,738.64,613994,0.0
2016-07-21,741.5,743.24,736.56,742.74,819362,0.0
2016-07-24,740.67,742.61,737.5,739.71,568221,0.0
2016-07-25,738.58,741.69,734.27,738.65,741650,0.0
2016-07-26,738.27,744.46,737,741.77,863570,0.0
2016-07-27,746.08,748.65,739.3,745.5,1750645,0.0
2016-07-28,772.81,778.55,766.77,768.79,2498636,0.0
2016-07-31,759.76,780.43,759.76,772.92,1741027,0.0
2016-08-01,768.69,775.84,767.85,771.06,1169928,0.0
2016-08-02,766.97,773.21,766.82,773.118,793856,0.0
2016-08-03,772.22,774.07,768.795,771.5,680754,0.0
2016-08-04,774.26,783.04,772.34,782.01,1013734,0.0
2016-08-07,782.08,782.63,778.091,781.69,611782,0.0
2016-08-08,781.1,788.94,780.57,784.26,779974,0.0
2016-08-09,783.99,786.8123,782.778,784.67,533982,0.0
2016-08-10,784.53,789.75,782.97,784.86,591215,0.0
2016-08-11,781.85,783.395,780.4,783.22,424394,0.0
2016-08-14,783.75,787.49,780.11,782.39,541018,0.0
2016-08-15,780.3,780.98,773.444,777.13,626475,0.0
2016-08-16,777.32,780.81,773.53,779.91,578179,0.0
2016-08-17,780,782.86,777,777.5,410731,0.0
2016-08-18,775,777.1,773.13,775.32,541510,0.0
2016-08-21,773.15,774.54,770.0502,772.16,611708,0.0
2016-08-22,775.48,776.44,771.785,772.08,454511,0.0
2016-08-23,770.66,774.5,767.07,769.89,654205,0.0
2016-08-24,767.01,771.89,763.1846,769.41,603055,0.0
2016-08-25,769,776.0799,765.85,769.54,751704,0.0
2016-08-28,768.82,774.99,766.615,771.93,499624,0.0
2016-08-29,769.33,774.466,766.84,769.08,731483,0.0
2016-08-30,767.1,769.09,765.38,767.12,595167,0.0
2016-08-31,769.17,771.02,764.3,768.79,562279,0.0
2016-09-01,773.01,773.9199,768.41,771.39,628823,0.0
2016-09-05,773.45,782,771,780.08,774874,0.0
2016-09-06,780.16,782.73,776.2,780.33,531473,0.0
2016-09-07,778.59,780.35,773.58,775.39,654482,0.0
2016-09-08,770.12,773.245,759.66,759.74,1091541,0.0
2016-09-11,755.28,770.29,754.0001,769.05,760226,0.0
2016-09-12,764.18,769.02,755.8,759.7,814166,0.0
2016-09-13,759.61,767.68,759.11,762.49,691726,0.0
2016-09-14,762.89,773.8,759.96,771.76,788400,0.0
2016-09-15,769.6,769.75,764.66,768.84,1203528,0.0
2016-09-18,772.42,774,764.4406,765.71,681101,0.0
2016-09-19,769.59,773.33,768.53,771.22,581926,0.0
2016-09-20,772.66,777.16,768.301,776.22,704285,0.0
2016-09-21,780,789.85,778.44,787.21,919260,0.0
2016-09-22,786.66,788.93,784.15,786.89,912528,0.0
2016-09-25,782.22,782.74,773.07,774.2,920649,0.0
2016-09-26,775.5,785.9899,774.308,783.11,665411,0.0
2016-09-27,777.98,781.81,774.97,781.56,702745,0.0
2016-09-28,781.3,785.8,774.232,775.01,878524,0.0
2016-09-29,776.33,780.94,774.09,777.01,884228,0.0
2016-10-02,774.63,776.065,769.5,772.57,643820,0.0
2016-10-03,776.08,778.71,772.89,776.39,793522,0.0
2016-10-04,779.62,782.07,775.65,776.44,822177,0.0
2016-10-05,779,780.48,775.54,776.86,640740,0.0
2016-10-06,779.64,779.66,770.75,775.08,538188,0.0
2016-10-09,777.71,789.38,775.87,786.33,727918,0.0
2016-10-10,786.87,792.28,780.58,782.81,845215,0.0
2016-10-11,784.74,788.13,782.06,786.13,575622,0.0
2016-10-12,781.22,781.22,773,778.18,817816,0.0
2016-10-13,781.65,783.95,776,778.53,497967,0.0
2016-10-16,779.91,785.85,777.44,779.9,661420,0.0
2016-10-17,787.85,801.61,785.565,795.26,1217802,0.0
2016-10-18,798.57,804.63,797.635,801.56,1109752,0.0
2016-10-19,803.29,803.97,796.03,796.86,1116515,0.0
2016-10-20,795.01,799.5,794,799.38,775984,0.0
2016-10-23,804.9,815.18,804.82,813.01,868034,0.0
2016-10-24,816.68,816.68,805.14,807.84,1024840,0.0
2016-10-25,806.34,806.98,796.32,799.43,990654,0.0
2016-10-26,801,803.49,791.5,796.78,1335575,0.0
2016-10-27,808.37,815.49,793.59,795.43,2852550,0.0
2016-10-30,795.47,796.86,784,784.73,1523517,0.0
2016-10-31,783.78,789.49,775.54,783.61,1608779,0.0
2016-11-01,778.22,781.65,763.4496,768.7,1207373,0.0
2016-11-02,767.01,769.95,759.03,762.24,1086824,0.0
2016-11-03,750.67,770.36,750.5611,762.11,1420092,0.0
2016-11-06,774.5,785.19,772.55,782.51,863192,0.0
2016-11-07,783.4,795.633,780.19,790.58,802633,0.0
2016-11-08,779.94,791.2265,771.67,785.31,1590188,0.0
2016-11-09,791.17,791.17,752.18,763.18,3195424,0.0
2016-11-10,756.54,760.78,750.38,754.04,1465084,0.0
2016-11-13,755.6,757.85,727.54,736.08,2498408,0.0
2016-11-14,746.97,764.4162,746.97,758.56,1498028,0.0
2016-11-15,755.2,766.36,750.51,764.56,938362,0.0
2016-11-16,766.92,772.7,764.23,771.23,794198,0.0
2016-11-17,772.2,775,760,760.54,1026250,0.0
2016-11-20,762.61,769.7,760.6,768.95,773317,0.0
2016-11-21,772.63,776.96,767,768.26,991386,0.0
2016-11-22,767.73,768.2825,755.25,760.99,884764,0.0
2016-11-24,764.26,765,760.52,761.2,328019,0.0
2016-11-27,759.96,779.53,759.8,768.25,1379904,0.0
2016-11-28,771.53,778.5,768.24,770.85,946546,0.0
2016-11-29,770,772.99,754.83,758.08,1434666,0.0
2016-11-30,757.64,759.85,737.0245,748.02,2062262,0.0
2016-12-01,743.96,754,743.1,750.61,927715,0.0
2016-12-04,757.49,763.9,752.9,762.53,722081,0.0
2016-12-05,764.73,768.83,757.34,759.1,976898,0.0
2016-12-06,761,771.36,755.8,771.18,1038729,0.0
2016-12-07,772.48,778.18,767.23,776.41,891564,0.0
2016-12-08,780,789.43,779.021,789.43,1180184,0.0
2016-12-11,785.04,791.25,784.3554,789.27,1474568,0.0
2016-12-12,793.9,804.3799,793.34,796.1,1318184,0.0
2016-12-13,797.4,804,794.01,797.1,991948,0.0
2016-12-14,797.34,803,792.92,797.85,957618,0.0
2016-12-15,800.4,800.8558,790.29,790.8,1281308,0.0
2016-12-18,790.22,797.66,786.27,794.14,725907,0.0
2016-12-19,796.76,798.65,793.27,796.41,541770,0.0
2016-12-20,796.18,796.6757,787.1,794.58,802866,0.0
2016-12-21,792.36,793.32,788.58,791.24,560358,0.0
2016-12-22,790.9,792.74,787.28,789.91,418567,0.0
2016-12-26,790.68,797.86,787.657,791.54,490661,0.0
2016-12-27,793.7,794.23,783.2,785.05,656875,0.0
2016-12-28,783.33,785.93,778.92,782.79,446449,0.0
2016-12-29,782.75,782.78,770.41,772.37,1057625,0.0
2017-01-02,778.81,789.63,775.8,786.14,1061256,0.0
2017-01-03,788.36,791.34,783.16,786.87,634357,0.0
2017-01-04,786.08,794.48,785.02,794.02,762295,0.0
2017-01-05,795.26,807.9,792.2041,806.12,967970,0.0
2017-01-08,806.4,809.9664,802.83,806.58,777816,0.0
2017-01-09,807.86,809.1299,803.51,804.8,663090,0.0
2017-01-10,805,808.15,801.37,807.86,618495,0.0
2017-01-11,807.14,807.39,799.17,806.34,875205,0.0
2017-01-12,807.48,811.2244,806.69,807.8,695463,0.0
2017-01-16,807.08,807.14,800.37,804.61,647136,0.0
2017-01-17,805.81,806.205,800.99,806.06,811921,0.0
2017-01-18,805.12,809.48,801.8,802.12,537971,0.0
2017-01-19,806.91,806.91,801.69,805.01,1054171,0.0
2017-01-22,807.25,820.87,803.74,819.32,1270281,0.0
2017-01-23,822.3,825.9,817.821,823.88,928492,0.0
2017-01-24,829.62,835.77,825.06,835.67,926736,0.0
2017-01-25,837.81,838,827.01,832.15,1595747,0.0
2017-01-26,834.51,841.95,820.44,823.29,1863682,0.0
2017-01-29,814.66,815.93,799.8,802.33,2034001,0.0
2017-01-30,796.93,801.25,790.52,797,1350070,0.0
2017-01-31,799.63,801.19,791.19,795.7,1334389,0.0
2017-02-01,793.8,802.7,792,798.56,945255,0.0
2017-02-02,802.99,806,800.37,801.38,966804,0.0
2017-02-05,799.92,801.67,795.2501,801.34,710987,0.0
2017-02-06,803.99,810.5,801.78,807.03,783462,0.0
2017-02-07,807,811.84,803.1903,808.38,572024,0.0
2017-02-08,809.51,810.66,804.54,809.55,558928,0.0
2017-02-09,811.7,815.25,809.78,813.67,684633,0.0
2017-02-12,816,820.959,815.49,819.24,670146,0.0
2017-02-13,819.91,823,816,820.39,602322,0.0
2017-02-14,819.36,823,818.47,818.98,820038,0.0
2017-02-15,819.93,824.4,818.98,824.16,816515,0.0
2017-02-16,823.02,828.07,821.655,828.07,777076,0.0
2017-02-20,829.04,833.45,828.35,831.64,680978,0.0
2017-02-21,828.66,833.25,828.64,830.76,536987,0.0
2017-02-22,830.3,832.46,822.88,831.34,751065,0.0
2017-02-23,827.73,829,824.2,828.63,853116,0.0
2017-02-26,824.55,830.5,824,829.29,624995,0.0
2017-02-27,825.61,828.54,820.2,823.2,931824,0.0
2017-02-28,828.85,836.255,827.26,835.23,813811,0.0
2017-03-01,833.85,834.51,829.64,830.63,520524,0.0
2017-03-02,830.56,831.36,825.751,829.08,567311,0.0
2017-03-05,826.95,828.88,822.4,827.56,660511,0.0
2017-03-06,827.4,833.41,826.52,831.9,620850,0.0
2017-03-07,833.51,838.15,831.79,835.32,591253,0.0
2017-03-08,836,842,834.21,838.75,734573,0.0
2017-03-09,843.28,844.91,839.5,843.26,745856,0.0
2017-03-12,844,848.685,843.25,845.55,590654,0.0
2017-03-13,843.64,847.24,840.8,845.52,439272,0.0
2017-03-14,847.59,848.63,840.77,847.13,823468,0.0
2017-03-15,849.03,850.85,846.13,848.78,581724,0.0
2017-03-16,850.98,853.4,847.11,851.96,1107355,0.0
2017-03-19,850.01,850.22,845.15,848.4,752401,0.0
2017-03-20,851.4,853.5,829.02,830.46,1502058,0.0
2017-03-21,831.91,835.55,827.1801,829.59,906275,0.0
2017-03-22,821.13,822.57,812.257,817.8381,2468387,0.0
2017-03-23,820.08,821.93,808.89,814.43,1313572,0.0
2017-03-26,806.95,821.63,803.37,819.5,1172486,0.0
2017-03-27,820.41,825.99,814.027,820.92,1046282,0.0
2017-03-28,825,832.765,822.3801,831.42,908884,0.0
2017-03-29,833.5,833.68,829,831.5,707136,0.0
2017-03-30,828.97,831.64,827.39,829.6,847931,0.0
2017-04-02,829.22,840.85,829.22,838.57,1098321,0.0
2017-04-03,831.36,835.18,829.0363,834.57,720409,0.0
2017-04-04,835.51,842.45,830.72,831.43,848637,0.0
2017-04-05,832.4,836.39,826.46,828.06,819937,0.0
2017-04-06,827.96,828.485,820.5127,824.65,698023,0.0
2017-04-09,825.39,829.35,823.77,824.85,484425,0.0
2017-04-10,824.71,827.4267,817.0201,823.34,680346,0.0
2017-04-11,821.93,826.66,821.02,824.32,536592,0.0
2017-04-12,825.2,826.38,821.44,823.56,657742,0.0
2017-04-16,825.01,837.75,824.47,837.21,537309,0.0
2017-04-17,834.22,838.93,832.71,836.71,504275,0.0
2017-04-18,839.82,842.22,836.29,838.4,550573,0.0
2017-04-19,841.44,845.2,839.32,841.65,568356,0.0
2017-04-20,842.88,843.88,840.6,843.19,828388,0.0
2017-04-23,851.2,863.45,849.86,862.71,864794,0.0
2017-04-24,865,875,862.81,872.3,985746,0.0
2017-04-25,874.23,876.05,867.7481,871.64,722869,0.0
2017-04-26,873.6,875.4,870.38,874.93,1049798,0.0
2017-04-27,909.83,916.85,905.77,905.96,1898341,0.0
2017-04-30,902.72,915.68,901.45,912.57,1326916,0.0
2017-05-01,909.3,920.77,909.3,916.42,888831,0.0
2017-05-02,914.86,928.1,912.5426,927.03,947219,0.0
2017-05-03,926.07,935.93,924.59,931.66,877705,0.0
2017-05-04,933.54,934.9,925.2,927.02,1008469,0.0
2017-05-07,926.12,936.925,925.26,934.28,782482,0.0
2017-05-08,936.95,937.5,929.53,932.17,961180,0.0
2017-05-09,931.98,932,925.16,928.76,820831,0.0
2017-05-10,925.32,932.53,923.0301,930.68,503692,0.0
2017-05-11,931.53,933.44,927.85,932.2,618425,0.0
2017-05-14,932.95,938.25,929.34,937.08,580603,0.0
2017-05-15,940,943.11,937.58,943,596331,0.0
2017-05-16,935.67,939.3325,918.14,919.84,1539644,0.0
2017-05-17,921,933.17,918.75,930.14,976699,0.0
2017-05-18,931.47,937.755,931,934.02,843780,0.0
2017-05-21,935,941.8828,935,941.86,680258,0.0
2017-05-22,947.92,951.4666,942.575,948.79,821615,0.0
2017-05-23,952.98,955.09,949.5,954.96,647010,0.0
2017-05-24,957.33,972.629,955.47,969.54,1030332,0.0
2017-05-25,969.7,974.98,965.03,971.23,771232,0.0
2017-05-29,970.32,976.2,969.49,975.74,920255,0.0
2017-05-30,975.34,979.27,960.18,964.86,1505647,0.0
2017-05-31,968.95,971.5,960.01,967.04,949903,0.0
2017-06-01,969.46,975.88,966,975.59,1102801,0.0
2017-06-04,976.55,986.91,975.1,983.11,766546,0.0
2017-06-05,983.16,988.25,975.14,976.56,1011741,0.0
2017-06-06,979.65,984.15,975.77,980.82,864106,0.0
2017-06-07,982.99,984.57,977.2,983.4,864768,0.0
2017-06-08,984.5,984.5,935.63,949.93,2044995,0.0
2017-06-11,939.56,949.355,915.2328,942.89,2482633,0.0
2017-06-12,952.49,959.98,944.09,953.41,1301297,0.0
2017-06-13,959.92,961.15,942.25,950.76,933795,0.0
2017-06-14,933.97,943.339,924.44,942.6,1345731,0.0
2017-06-15,940,942.04,931.595,939.73,1619946,0.0
2017-06-18,949.96,959.99,949.05,957.25,956177,0.0
2017-06-19,957.52,961.62,950.01,950.44,668801,0.0
2017-06-20,953.64,960.1,950.76,959.51,740737,0.0
2017-06-21,958.7,960.72,954.55,957.1,607301,0.0
2017-06-22,956.83,966,954.2,965.59,764092,0.0
2017-06-25,969.9,973.31,950.79,952.0777,898672,0.0
2017-06-26,942.46,948.29,926.85,928.13,1487606,0.0
2017-06-27,929,942.75,916,940.49,1812529,0.0
2017-06-28,930.69,931.26,910.62,917.76,2133451,0.0
2017-06-29,924.5,926.05,908.31,908.73,1216607,0.0
2017-07-02,912.18,913.94,894.79,898.42,1018200,0.0
2017-07-04,901.76,914.51,898.5,911.78,1005392,0.0
2017-07-05,904.12,914.9444,899.7,906.7,859197,0.0
2017-07-06,909.6,921.54,908.85,918.52,936567,0.0
2017-07-09,921.77,930.38,919.59,928.79,714243,0.0
2017-07-10,929.54,931.43,922,930.3,608683,0.0
2017-07-11,938.68,946.3,934.47,943.84,897658,0.0
2017-07-12,946.29,954.45,943.01,947.159,784260,0.0
2017-07-13,952,956.91,948.005,956,621537,0.0
2017-07-16,957,960.74,949.2407,953.7,703778,0.0
2017-07-17,953,968.04,950.6,965.21,639460,0.0
2017-07-18,967.84,973.04,964.03,970.9,724072,0.0
2017-07-19,974.42,975.9,961.51,968.47,849296,0.0
2017-07-20,963.37,973.23,960.15,972.92,1082704,0.0
2017-07-23,972.22,986.2,970.77,983.3,1628304,0.0
2017-07-24,953.37,959.7,945.4,950.65,2905402,0.0
2017-07-25,954.68,955,942.2788,947.8,1235448,0.0
2017-07-26,949.89,951.78,920,934.09,1970948,0.0
2017-07-27,929.4,943.83,927.5,941.5,1064432,0.0
2017-07-30,941.89,943.59,926.04,930.5,1178633,0.0
2017-07-31,932.38,937.447,929.26,930.83,740917,0.0
2017-08-01,928.61,932.6,916.68,929.89,1079937,0.0
2017-08-02,930.34,932.24,922.24,923.76,685526,0.0
2017-08-03,926.75,930.3068,923.03,927.34,548693,0.0
2017-08-06,929.06,931.7,926.5,928.85,637172,0.0
2017-08-07,927.09,935.814,925.6095,926.76,611275,0.0
2017-08-08,920.61,925.98,917.2501,922.9,753312,0.0
2017-08-09,917.55,919.26,906.13,907.23,1012901,0.0
2017-08-10,907.97,917.78,905.58,914.45,710452,0.0
2017-08-13,922.53,924.668,918.19,922.66,605131,0.0
2017-08-14,924.31,926.5499,919.82,922.19,508051,0.0
2017-08-15,925.29,932.7,923.445,927.27,564876,0.0
2017-08-16,925.78,926.86,911,911.01,629810,0.0
2017-08-17,910.31,915.275,907.1543,910.71,695057,0.0
2017-08-20,910,913,903.4,906.32,504953,0.0
2017-08-21,912.72,925.86,911.4751,924.6,611785,0.0
2017-08-22,921.93,929.93,919.36,927.55,652393,0.0
2017-08-23,928.66,930.84,915.5,921.69,656126,0.0
2017-08-24,923.49,925.555,915.5,915.89,564034,0.0
2017-08-27,916,919.245,911.87,913.7396,460949,0.0
2017-08-28,905.1,923.33,905,921.31,627261,0.0
2017-08-29,920.05,930.819,919.65,929.57,745756,0.0
2017-08-30,931.76,941.98,931.76,939.05,828203,0.0
2017-08-31,941.13,942.48,935.15,937.02,537042,0.0
2017-09-04,933.08,937,921.96,927.97,691601,0.0
2017-09-05,930.15,930.915,919.27,927.81,873528,0.0
2017-09-06,931.73,936.41,923.62,936.02,736652,0.0
2017-09-07,936.49,936.99,924.88,926.5,472410,0.0
2017-09-10,934.25,938.38,926.92,928.76,683640,0.0
2017-09-11,932.59,933.48,923.861,932.12,669319,0.0
2017-09-12,930.66,937.25,929.86,934.82,588251,0.0
2017-09-13,931.25,932.77,924,925,764622,0.0
2017-09-14,923.76,926.49,916.36,920.42,1307531,0.0
2017-09-17,920.39,922.08,910.6,915,738391,0.0
2017-09-18,917.42,922.4199,912.55,921.82,487936,0.0
2017-09-19,922.98,933.88,922,931.54,953748,0.0
2017-09-20,933,936.53,923.83,932.46,627424,0.0
2017-09-21,927.75,934.73,926.48,928.51,558757,0.0
2017-09-24,925.45,926.4,909.7,920.97,1085005,0.0
2017-09-25,923.72,930.82,921.14,924.86,1005579,0.0
2017-09-26,927.74,949.9,927.74,944.49,1227277,0.0
2017-09-27,941.36,950.69,940.55,949.89,543460,0.0
2017-09-28,952,959.7864,951.51,958.95,877816,0.0
2017-10-01,959.98,962.54,947.84,952.901,758437,0.0
2017-10-02,954,958,949.14,957.72,536375,0.0
2017-10-03,956.91,960.39,950.69,951.66,526660,0.0
2017-10-04,955.87,970.91,955.18,969.96,675223,0.0
2017-10-05,966.7,979.46,963.36,978.38,712926,0.0
2017-10-08,980,985.425,976.11,977,568878,0.0
2017-10-09,981,981.57,966.0801,972.6,567342,0.0
2017-10-10,973.72,990.71,972.25,989.21,1083983,0.0
2017-10-11,987.45,994.12,985,987.91,739674,0.0
2017-10-12,992,997.21,989,989.98,645020,0.0
2017-10-15,992.79,993.9065,984,991.99,538122,0.0
2017-10-16,989.89,996.44,988.59,991.87,514947,0.0
2017-10-17,991.77,996.72,986.9747,993.01,503870,0.0
2017-10-18,986,988.88,978.39,984.45,753806,0.0
2017-10-19,988.56,991,984.58,988.18,643004,0.0
2017-10-22,989.89,989.89,966.12,968.71,836780,0.0
2017-10-23,970,972.23,961,970.16,672288,0.0
2017-10-24,968.37,976.09,960.5201,973.52,645384,0.0
2017-10-25,980,987.6,972.2,972.49,997799,0.0
2017-10-26,1009.19,1048.39,1008.2,1019.25,3294512,0.0
2017-10-29,1014,1024.97,1007.5,1017.11,1148717,0.0
2017-10-30,1015.22,1024,1010.42,1016.65,752756,0.0
2017-10-31,1017.21,1029.67,1016.95,1025.09,761848,0.0
2017-11-01,1021.76,1028.09,1013.01,1025.35,571374,0.0
2017-11-02,1022.11,1032.65,1020.31,1031.69,602814,0.0
2017-11-05,1028.99,1034.87,1025,1025.46,613547,0.0
2017-11-06,1029.26,1033.97,1025.13,1032.98,654665,0.0
2017-11-07,1030.52,1043.52,1028.45,1039.96,494803,0.0
2017-11-08,1033.99,1033.99,1019.67,1031.05,724899,0.0
2017-11-09,1026.46,1030.76,1025.28,1027.62,381423,0.0
2017-11-12,1023.42,1031.58,1022.57,1025.75,453878,0.0
2017-11-13,1022.59,1026.81,1014.15,1026,486040,0.0
2017-11-14,1019.21,1024.09,1015.42,1021.13,446916,0.0
2017-11-15,1022.52,1035.92,1022.52,1032.51,556501,0.0
2017-11-16,1034.89,1034.89,1017.75,1019.31,790934,0.0
2017-11-19,1020.26,1022.61,1017.5,1018.8,480178,0.0
2017-11-20,1023.31,1035.11,1022.66,1034.49,522483,0.0
2017-11-21,1035,1039.71,1031.43,1035.96,335766,0.0
2017-11-23,1035.87,1043.18,1035,1040.53,248870,0.0
2017-11-26,1040,1055.46,1038.44,1054.36,617779,0.0
2017-11-27,1055.09,1062.38,1040,1047.41,697229,0.0
2017-11-28,1042.68,1044.08,1015.65,1021.35,1393403,0.0
2017-11-29,1022.37,1028.49,1015,1020.93,885050,0.0
2017-11-30,1015.8,1022.49,1002.02,1009.83,1111731,0.0
2017-12-03,1012.66,1016.1,995.57,998.9,1109081,0.0
2017-12-04,995.94,1020.61,988.28,1005.15,1172741,0.0
2017-12-05,1001.5,1024.97,1001.14,1018.69,596649,0.0
2017-12-06,1020.43,1034.24,1018.07,1031.01,786243,0.0
2017-12-07,1037.38,1042.05,1032.52,1036.95,662705,0.0
2017-12-10,1035.5,1043.8,1032.05,1041.11,484315,0.0
2017-12-11,1039.63,1050.31,1033.69,1041.05,669572,0.0
2017-12-12,1046.12,1046.67,1038.38,1040.61,619496,0.0
2017-12-13,1045,1058.5,1043.11,1049.57,952052,0.0
2017-12-14,1051.43,1067.62,1049.5,1064.25,1857301,0.0
2017-12-17,1066.08,1078.49,1062,1077.14,797153,0.0
2017-12-18,1075.2,1076.84,1063.55,1070.68,742152,0.0
2017-12-19,1071.78,1073.38,1061.52,1065.1,576572,0.0
2017-12-20,1064.95,1069.33,1061.79,1064.28,425195,0.0
2017-12-21,1061.11,1064.2,1059.44,1060.12,380360,0.0
2017-12-25,1060,1060,1050.2,1056.75,308731,0.0
2017-12-26,1057.39,1058.37,1048.05,1048.47,739116,0.0
2017-12-27,1051.6,1054.75,1044.77,1048.14,531486,0.0
2017-12-28,1046.72,1049.7,1044.9,1046.47,379414,0.0
2018-01-01,1049.15,1066.94,1045.23,1064.9,648748,0.0
2018-01-02,1064.09,1086.29,1063.21,1082,694511,0.0
2018-01-03,1088,1093.57,1084,1086.4,542452,0.0
2018-01-04,1094,1104.25,1092,1101.86,673907,0.0
2018-01-07,1102.23,1111.27,1101.62,1106.41,573439,0.0
2018-01-08,1109.4,1110.57,1101.23,1106.82,472471,0.0
2018-01-09,1097.1,1104.6,1096.11,1102.05,549152,0.0
2018-01-10,1106.3,1106.53,1099.59,1105.56,563913,0.0
2018-01-11,1102.41,1124.29,1101.15,1122.49,971896,0.0
2018-01-15,1132.51,1139.91,1117.83,1121.4,848613,0.0
2018-01-16,1126.41,1132.6,1117.01,1132.56,596087,0.0
2018-01-17,1131.41,1132.51,1117.5,1129.8,612580,0.0
2018-01-18,1130.73,1137.86,1128.3,1137.46,666502,0.0
2018-01-21,1137.49,1159.88,1135.11,1155.81,744278,0.0
2018-01-22,1159.85,1171.63,1158.75,1169.97,608508,0.0
2018-01-23,1177.33,1179.86,1161.05,1164.25,649165,0.0
2018-01-24,1172.53,1175.94,1162.76,1170.37,787972,0.0
2018-01-25,1175.6,1175.7,1158.11,1175.59,761436,0.0
2018-01-28,1176.48,1186.89,1171.98,1174.68,626292,0.0
2018-01-29,1167.83,1176.52,1163.52,1164.21,755305,0.0
2018-01-30,1170.57,1173,1159.13,1171.72,660558,0.0
2018-01-31,1162.61,1174,1157.52,1167,1068165,0.0
2018-02-01,1122,1123.07,1107.28,1111.96,2795707,0.0
2018-02-04,1092.3,1110,1052.03,1054.66,2158197,0.0
2018-02-05,1027.18,1081.71,1023.96,1081.44,2002248,0.0
2018-02-06,1081.54,1081.78,1048.26,1048.77,1291133,0.0
2018-02-07,1056,1058.62,1000.66,1001.54,1553694,0.0
2018-02-08,1018.26,1043.97,992.56,1037.32,1992375,0.0
2018-02-11,1048,1061.5,1040.93,1052.48,1076163,0.0
2018-02-12,1046.02,1058.37,1044.09,1051.99,672024,0.0
2018-02-13,1048.31,1071.72,1046.75,1069.71,765368,0.0
2018-02-14,1081.27,1091.48,1064.34,1089.73,944087,0.0
2018-02-15,1088.41,1104.67,1088.31,1095.07,981470,0.0
2018-02-19,1090.57,1113.95,1088.52,1102.71,720807,0.0
2018-02-20,1106.47,1133.97,1106.33,1111.33,830523,0.0
2018-02-21,1116.19,1122.82,1102.59,1106.6,670226,0.0
2018-02-22,1112.64,1127.28,1104.71,1127.28,564088,0.0
2018-02-25,1127.8,1143.96,1126.7,1143.75,761485,0.0
2018-02-26,1141.24,1144.04,1118,1118.9,911859,0.0
2018-02-27,1123.03,1127.53,1103.24,1105.09,862405,0.0
2018-02-28,1107.87,1110.12,1067,1068.78,1358455,0.0
2018-03-01,1053.08,1082,1048.12,1078.92,1221311,0.0
2018-03-04,1074.93,1097.1,1069,1090.92,560620,0.0
2018-03-05,1099.22,1101.85,1089.78,1095.05,713808,0.0
2018-03-06,1089.19,1112.22,1087,1110.01,568890,0.0
2018-03-07,1115.32,1127.6,1112.8,1126.13,657188,0.0
2018-03-08,1136,1160.8,1132.46,1160.8,1195111,0.0
2018-03-11,1163.85,1177.05,1157.42,1164.35,1150985,0.0
2018-03-12,1170,1176.76,1133.33,1137.76,955116,0.0
2018-03-13,1143.3,1158.59,1141.44,1149.22,582662,0.0
2018-03-14,1149.43,1161.08,1134.54,1149.57,706031,0.0
2018-03-15,1154.14,1155.88,1131.96,1136.15,1113351,0.0
2018-03-18,1121.23,1121.99,1089.01,1100.15,1286546,0.0
2018-03-19,1099,1105.2,1083.46,1097.57,1019197,0.0
2018-03-20,1092.74,1106.3,1085.15,1089.89,848109,0.0
2018-03-21,1080.85,1082.9,1045.91,1048.71,1476238,0.0
2018-03-22,1047.03,1063.36,1021.22,1021.47,1073825,0.0
2018-03-25,1046,1055.63,1008.4,1053.21,1435552,0.0
2018-03-26,1063,1064.84,996.92,1005,1692462,0.0
2018-03-27,998.25,1024.23,980.64,1005.19,1839236,0.0
2018-03-28,1011.18,1043,1002.9,1031.78,1501187,0.0
2018-04-01,1022.32,1034.8,990.37,1005.98,1443395,0.0
2018-04-02,1013.91,1020.99,994.07,1013.98,1263063,0.0
2018-04-03,993.41,1028.72,993,1024.44,1495787,0.0
2018-04-04,1041.33,1042.79,1020.13,1027.2,736514,0.0
2018-04-05,1020,1031.42,1003.03,1006.36,892064,0.0
2018-04-08,1016.8,1039.6,1014.08,1015.57,873364,0.0
2018-04-09,1026.44,1036.28,1011.34,1031.66,1064691,0.0
2018-04-10,1027.99,1031.36,1015.87,1020.06,746298,0.0
2018-04-11,1025.04,1040.69,1021.43,1032.51,677560,0.0
2018-04-12,1040.88,1046.79,1022.98,1029.28,665884,0.0
2018-04-15,1037,1043.24,1026.74,1037.65,562070,0.0
2018-04-16,1051.96,1077.88,1048.26,1074.08,1088581,0.0
2018-04-17,1077.43,1077.43,1066.22,1071.94,666850,0.0
2018-04-18,1069.4,1094.17,1068.18,1087.48,936872,0.0
2018-04-19,1083.1,1092.35,1069.57,1073.39,1102077,0.0
2018-04-22,1077.86,1082.72,1060.7,1067.65,1104570,0.0
2018-04-23,1052.5,1057,1010.3772,1019.97,3046812,0.0
2018-04-24,1025.52,1032.49,1015.31,1021.33,1085995,0.0
2018-04-25,1030.53,1047.98,1018.19,1039.85,1021585,0.0
2018-04-26,1046,1049.5,1025.59,1029.97,946517,0.0
2018-04-29,1031.28,1037,1016.85,1017.32,895277,0.0
2018-04-30,1015.26,1038.47,1008.21,1038.03,741747,0.0
2018-05-01,1027.56,1040.39,1022.87,1024.37,749266,0.0
2018-05-02,1019.51,1029.68,1006.29,1023.5,933310,0.0
2018-05-03,1016.9,1048.51,1016.9,1048.31,1056272,0.0
2018-05-06,1050.54,1061.68,1047.1,1054.22,837423,0.0
2018-05-07,1056.99,1060.55,1047.15,1053.91,650568,0.0
2018-05-08,1058.1,1085.44,1056.37,1083.43,925251,0.0
2018-05-09,1086.51,1100.44,1084.84,1097.55,803181,0.0
2018-05-10,1093.6,1101.3295,1090.91,1098.26,610491,0.0
2018-05-13,1099.51,1110.75,1099.11,1100.58,783623,0.0
2018-05-14,1090,1090.05,1073.47,1079.26,738810,0.0
2018-05-15,1077.31,1089.27,1076.26,1081.91,475802,0.0
2018-05-16,1079.89,1086.87,1073.5,1078.46,528222,0.0
2018-05-17,1061.85,1069.94,1060.68,1066.6,659108,0.0
2018-05-20,1074.06,1088,1073.65,1079.58,533435,0.0
2018-05-21,1084.62,1086.59,1066.69,1069.7,459843,0.0
2018-05-22,1064.17,1080.78,1061.71,1079.96,441584,0.0
2018-05-23,1079,1080.47,1066.15,1079.76,378137,0.0
2018-05-24,1079.02,1082.56,1073.78,1075.29,465157,0.0
2018-05-28,1064.89,1073.37,1055.22,1059.63,865266,0.0
2018-05-29,1063.65,1069.21,1056.83,1067.44,582248,0.0
2018-05-30,1066.79,1097.19,1064.67,1085,1427541,0.0
2018-05-31,1099.35,1120,1098.5,1119.5,1395164,0.0
2018-06-03,1123.41,1141.89,1121.84,1139.29,1107933,0.0
2018-06-04,1140.99,1145.74,1133.19,1139.25,882931,0.0
2018-06-05,1142.17,1143,1125.74,1136.88,854883,0.0
2018-06-06,1133.8,1135.82,1116.52,1123.91,795427,0.0
2018-06-07,1118.18,1126.67,1112.15,1121.13,580427,0.0
2018-06-10,1118.6,1137.26,1118.6,1130.05,572630,0.0
2018-06-11,1130.81,1139.79,1130.74,1139.28,437684,0.0
2018-06-12,1141.12,1146.5,1133.38,1134.44,747048,0.0
2018-06-13,1143.9,1155.47,1140.64,1152,668224,0.0
2018-06-14,1147.58,1153.42,1143.49,1152.26,1073850,0.0
2018-06-17,1144.77,1174.31,1143.59,1173.47,648284,0.0
2018-06-18,1158.5,1171.27,1154.01,1168.08,702363,0.0
2018-06-19,1172.69,1186.29,1169.16,1169.38,833871,0.0
2018-06-20,1174.85,1177.3,1152.23,1157.88,562562,0.0
2018-06-21,1159.14,1162.5,1147.26,1154.67,582597,0.0
2018-06-24,1143.6,1143.91,1112.78,1125.33,1004758,0.0
2018-06-25,1130.84,1133.21,1116.66,1118.46,692466,0.0
2018-06-26,1121.34,1131.84,1103.62,1104.18,539029,0.0
2018-06-27,1102.09,1122.31,1096.01,1114.23,508965,0.0
2018-06-28,1119.34,1128.23,1115,1115.88,473675,0.0
2018-07-01,1102.31,1128,1093.8,1126.79,619279,0.0
2018-07-02,1135.45,1135.82,1100.02,1102.09,333255,0.0
2018-07-04,1111.27,1127.5,1108.48,1123.69,543201,0.0
2018-07-05,1123.58,1140.93,1120.74,1140.58,403678,0.0
2018-07-08,1148.48,1154.67,1143.42,1154.19,431323,0.0
2018-07-09,1156.98,1159.59,1149.59,1152.98,364303,0.0
2018-07-10,1141.25,1164.29,1141,1153.71,499386,0.0
2018-07-11,1159.89,1184.36,1155.94,1183.48,640773,0.0
2018-07-12,1185,1195.42,1180,1189.43,585479,0.0
2018-07-15,1189.39,1191,1179.28,1183.76,509713,0.0
2018-07-16,1172.22,1203.04,1170.6,1198.56,745584,0.0
2018-07-17,1196.56,1204.5,1190.34,1195.93,744245,0.0
2018-07-18,1191,1200,1183.32,1187.13,608917,0.0
2018-07-19,1186.96,1196.86,1184.22,1184.6,656345,0.0
2018-07-22,1181.01,1206.49,1181,1205.33,1246976,0.0
2018-07-23,1262.59,1266,1235.56,1248.07,1769554,0.0
2018-07-24,1240,1265.86,1237.92,1263.42,1098486,0.0
2018-07-25,1251.1,1269.77,1249.02,1268.61,1158584,0.0
2018-07-26,1271,1273.89,1231,1238.58,1195480,0.0
2018-07-29,1228.03,1234.92,1211.47,1219.87,933257,0.0
2018-07-30,1220.36,1227.59,1205.6,1217.71,820753,0.0
2018-07-31,1228.47,1233.47,1210.21,1219.1,794809,0.0
2018-08-01,1205.9,1229.88,1204.79,1226.08,787456,0.0
2018-08-02,1228.28,1230,1215.06,1223.71,463178,0.0
2018-08-05,1225,1226.09,1215.8,1224.31,527177,0.0
2018-08-06,1237,1251.17,1236.17,1242.62,822437,0.0
2018-08-07,1240.35,1256.5,1238.01,1244.67,677723,0.0
2018-08-08,1249.9,1255.54,1246.01,1249.26,419022,0.0
2018-08-09,1243,1245.7,1232,1237.4,518077,0.0
2018-08-12,1236.98,1249.27,1233.64,1235.25,497054,0.0
2018-08-13,1236.86,1245.87,1225.11,1241.63,666393,0.0
2018-08-14,1229.26,1235.24,1209.51,1214.44,934552,0.0
2018-08-15,1224.73,1226,1202.55,1206.49,688463,0.0
2018-08-16,1203.35,1209.02,1188.24,1200.5,721586,0.0
2018-08-19,1205.71,1211,1194.63,1207.55,433653,0.0
2018-08-20,1208,1217.26,1200.35,1201.14,472160,0.0
2018-08-21,1200,1211.84,1199,1207.79,400727,0.0
2018-08-22,1207.14,1221.28,1204.24,1205.1,517902,0.0
2018-08-23,1208.82,1221.65,1206.36,1221.22,441070,0.0
2018-08-26,1227.63,1243.09,1225.72,1242.07,506940,0.0
2018-08-27,1241.29,1242.55,1228.69,1231.53,677375,0.0
2018-08-28,1237.45,1250.66,1236.36,1249,601823,0.0
2018-08-29,1246.45,1253.64,1232.59,1238.98,730391,0.0
2018-08-30,1235.63,1238.66,1211.29,1218.19,871919,0.0
2018-09-03,1205.57,1212.99,1192.5,1197.12,1056207,0.0
2018-09-04,1194.52,1199.01,1162,1186.82,1052064,0.0
2018-09-05,1186.3,1186.3,1152,1171.46,958036,0.0
2018-09-06,1160,1175.26,1157.21,1165.36,697972,0.0
2018-09-09,1171.47,1174.54,1160.11,1164.51,502113,0.0
2018-09-10,1161.63,1178.68,1156.24,1177.56,583007,0.0
2018-09-11,1172.72,1178.61,1158.36,1162.73,518131,0.0
2018-09-12,1170.74,1178.61,1162.85,1175.33,621340,0.0
2018-09-13,1180.6,1180.6,1168.3295,1172.38,437156,0.0
2018-09-16,1170.14,1177.24,1154.03,1156.05,630404,0.0
2018-09-17,1157.09,1176.08,1157.09,1161.19,576731,0.0
2018-09-18,1164.98,1173.21,1154.58,1170.91,595689,0.0
2018-09-19,1179.99,1189.89,1173.36,1186.86,581714,0.0
2018-09-20,1188.01,1192.21,1166.04,1166.07,1369505,0.0
2018-09-23,1156.37,1178,1146.91,1173.11,577695,0.0
2018-09-24,1176.15,1186.88,1168,1184.62,388090,0.0
2018-09-25,1185.15,1194.23,1174.765,1180.88,580180,0.0
2018-09-26,1186.73,1202.1,1183.63,1194.94,576393,0.0
2018-09-27,1191.87,1195.41,1184.5,1194.53,576691,0.0
2018-09-30,1199.89,1209.9,1190.3,1194.12,663895,0.0
2018-10-01,1191.5,1209.96,1186.63,1200.11,832032,0.0
2018-10-02,1205,1206.41,1193.83,1202.96,566925,0.0
2018-10-03,1195.33,1197.51,1155.576,1167.9,1041552,0.0
2018-10-04,1167.5,1173.4999,1145.12,1157.46,611028,0.0
2018-10-07,1151.16,1168,1127.3636,1148.5,993810,0.0
2018-10-08,1145.22,1154.35,1137.572,1139.27,648445,0.0
2018-10-09,1131.08,1132.17,1081.13,1082.61,1189420,0.0
2018-10-10,1072.13,1106.4,1068.27,1079.3,1486748,0.0
2018-10-11,1108.41,1115,1086.402,1110.07,961032,0.0
2018-10-14,1108.65,1113.4464,1089,1091.59,666454,0.0
2018-10-15,1104.59,1124.22,1102.5,1120.02,854082,0.0
2018-10-16,1126.46,1128.99,1102.19,1116.32,678950,0.0
2018-10-17,1120.44,1121.84,1077.09,1088.24,1121243,0.0
2018-10-18,1093.97,1110.36,1087.75,1096.07,628879,0.0
2018-10-21,1103.06,1112.23,1091,1101.16,745156,0.0
2018-10-22,1081.09,1107.89,1070,1103.85,899539,0.0
2018-10-23,1103.7,1106.12,1048.74,1050.275,802272,0.0
2018-10-24,1072.56,1110.98,1069.55,1097.18,1206996,0.0
2018-10-25,1037.12,1106.53,1034.09,1072.11,2281819,0.0
2018-10-28,1082.47,1097.04,995.83,1021.65,2349359,0.0
2018-10-29,1008.46,1037.49,1000.75,1037,1808559,0.0
2018-10-30,1059.81,1091.94,1057,1076.3,1225794,0.0
2018-10-31,1076.51,1083.975,1062.46,1070,778280,0.0
2018-11-01,1073.73,1082.975,1054.61,1057.8,901350,0.0
2018-11-04,1055,1058.47,1021.24,1041.03,2124403,0.0
2018-11-05,1039.48,1064.345,1038.07,1055.83,1124484,0.0
2018-11-06,1069,1095.46,1065.9,1094.2,1814545,0.0
2018-11-07,1091.38,1093.27,1072.2048,1082.77,750933,0.0
2018-11-08,1073.99,1075.56,1053.11,1065.7,654782,0.0
2018-11-11,1061.39,1062.12,1031,1039.16,739288,0.0
2018-11-12,1043.29,1056.605,1031.15,1035.37,724135,0.0
2018-11-13,1050,1054.5643,1031,1044.38,1366177,0.0
2018-11-14,1044.71,1071.85,1031.78,1065.21,1650096,0.0
2018-11-15,1059.41,1067,1048.98,1062.09,1546277,0.0
2018-11-18,1057.2,1060.79,1016.2601,1019.94,1663385,0.0
2018-11-19,1000,1031.74,996.02,1025.76,2202663,0.0
2018-11-20,1036.76,1048.56,1033.47,1037.59,1328253,0.0
2018-11-22,1030,1037.59,1022.3992,1023.95,597082,0.0
2018-11-25,1038.35,1049.31,1033.91,1049.3,1617340,0.0
2018-11-26,1041,1057.58,1038.49,1043.98,1399327,0.0
2018-11-27,1048.76,1086.84,1035.76,1086.84,2125537,0.0
2018-11-28,1076.08,1094.245,1076,1088.18,1229271,0.0
2018-11-29,1089.07,1095.57,1077.88,1095.52,1716637,0.0
2018-12-02,1123.14,1124.65,1103.6646,1106.5,1650108,0.0
2018-12-03,1103.12,1104.42,1049.98,1051.13,1820990,0.0
2018-12-05,1034.26,1070.49,1030.7701,1069.35,2315080,0.0
2018-12-06,1060.01,1075.26,1028.5,1036.6,1805184,0.0
2018-12-09,1035.05,1048.45,1023.29,1039.08,1532872,0.0
2018-12-10,1056.49,1060.6,1039.84,1051.3,1253973,0.0
2018-12-11,1068,1081.65,1062.79,1064.44,1300649,0.0
2018-12-12,1068.07,1079.7596,1053.93,1062.17,1090215,0.0
2018-12-13,1049.98,1062.6,1040.79,1041.38,1187895,0.0
2018-12-16,1037.51,1053.15,1007.9,1017.1,1812889,0.0
2018-12-17,1026.09,1049.48,1021.44,1028.5,1793668,0.0
2018-12-18,1033.99,1062,1008.05,1021.75,2107812,0.0
2018-12-19,1018.13,1034.22,996.36,1009.68,2358867,0.0
2018-12-20,1015.3,1024.02,973.69,979.97,3931010,0.0
2018-12-23,973.9,1003.54,970.11,975,1433965,0.0
2018-12-25,989.01,1040,983,1039.19,2089596,0.0
2018-12-26,1017.15,1043.89,997,1043.89,1674664,0.0
2018-12-27,1049.78,1055.56,1033.1,1036.2,1172070,0.0
2018-12-30,1050.22,1052.7,1023.59,1029.11,1127137,0.0
2019-01-01,1016.57,1052.32,1015.71,1044.61,1184257,0.0
2019-01-02,1041,1056.98,1014.08,1017.7,1381117,0.0
2019-01-03,1033,1070.3,1027.4178,1068.36,1629932,0.0
2019-01-06,1071.5,1073.9999,1054.76,1068,1599905,0.0
2019-01-07,1076.11,1084.56,1060.53,1076.12,1301107,0.0
2019-01-08,1081.65,1082.63,1066.4,1075.66,999356,0.0
2019-01-09,1067.66,1071.15,1057.71,1069.86,1064156,0.0
2019-01-10,1063.18,1063.775,1048.48,1055.54,1268747,0.0
2019-01-13,1046.92,1051.53,1041.255,1045.1138,921380,0.0
2019-01-14,1050.17,1080.05,1047.34,1076.51,1202408,0.0
2019-01-15,1079.49,1092.375,1079.49,1079.71,1070953,0.0
2019-01-16,1079.47,1091.505,1073.5,1088.82,795681,0.0
2019-01-17,1100,1108.352,1090.9,1096.66,1689150,0.0
2019-01-21,1088,1091.51,1063.47,1066.92,1069654,0.0
2019-01-22,1078.87,1084.93,1059.75,1074.12,846791,0.0
2019-01-23,1076.08,1079.475,1060.7,1074.69,871713,0.0
2019-01-24,1085,1094,1081.82,1089.65,899649,0.0
2019-01-27,1080.11,1083,1063.8,1069.56,1049405,0.0
2019-01-28,1073.38,1075.15,1055.8647,1060.545,795207,0.0
2019-01-29,1067.73,1091,1066.85,1089.35,1026593,0.0
2019-01-30,1103,1117.33,1095.41,1115.7,1226864,0.0
2019-01-31,1112.4,1125,1104.89,1110.37,1103558,0.0
2019-02-03,1112.66,1132.28,1109.02,1131.1,1785363,0.0
2019-02-04,1124.84,1146.7,1117.248,1145.8734,3059467,0.0
2019-02-05,1139.57,1147,1112.77,1116.7799,1821500,0.0
2019-02-06,1104.84,1104.84,1086,1097,1717253,0.0
2019-02-07,1089.55,1098.91,1086.55,1093.85,811253,0.0
2019-02-10,1096.95,1105.945,1092.86,1095.38,767585,0.0
2019-02-11,1106.33,1125.295,1105.85,1120.78,1461337,0.0
2019-02-12,1124.99,1134.73,1118.58,1119.02,911254,0.0
2019-02-13,1118.05,1128.23,1110.445,1121.85,838729,0.0
2019-02-14,1129.42,1131.67,1110.65,1113.02,1300515,0.0
2019-02-18,1110,1121.89,1110,1117.57,872838,0.0
2019-02-19,1119.99,1123.41,1105.28,1114.43,918718,0.0
2019-02-20,1111.11,1111.94,1092.52,1097.12,1092540,0.0
2019-02-21,1102.46,1111.24,1095.6,1110.85,881120,0.0
2019-02-24,1117.04,1118.54,1107.27,1108.97,1247911,0.0
2019-02-25,1105.75,1119.51,1099.92,1114.63,1079640,0.0
2019-02-26,1106.95,1117.98,1101,1116.25,861813,0.0
2019-02-27,1111.3,1127.65,1111.01,1120.65,1118318,0.0
2019-02-28,1126.57,1142.97,1124.75,1141.4,1276232,0.0
2019-03-03,1146.99,1158.2804,1130.69,1148.27,1265310,0.0
2019-03-04,1150.06,1169.61,1146.195,1161.62,1313992,0.0
2019-03-05,1164.52,1167.5658,1155.49,1157.96,908090,0.0
2019-03-06,1153.91,1156.755,1134.91,1143.53,996962,0.0
2019-03-07,1126.73,1147.08,1123.3,1142.74,1016716,0.0
2019-03-10,1144.45,1176.19,1144.45,1175.81,1380458,0.0
2019-03-11,1178.33,1200,1178.26,1192.72,1851605,0.0
2019-03-12,1200.645,1200.93,1191.94,1193.31,1308296,0.0
2019-03-13,1194.51,1197.88,1184.48,1185.29,999217,0.0
2019-03-14,1186.5665,1196.57,1182.61,1185.24,1190435,0.0
2019-03-17,1183.3,1190,1177.4211,1184.45,981198,0.0
2019-03-18,1188.81,1200,1185.87,1200,1031441,0.0
2019-03-19,1198.98,1227.14,1196.17,1224.01,1673570,0.0
2019-03-20,1216,1231.79,1213.15,1231.79,923090,0.0
2019-03-21,1226.32,1230,1202.825,1205.92,1471762,0.0
2019-03-24,1196.93,1206.3975,1187.04,1192.41,1192833,0.0
2019-03-25,1198.53,1202.83,1176.72,1184.85,1783485,0.0
2019-03-26,1185.5,1187.559,1159.37,1173.07,1242500,0.0
2019-03-27,1171.54,1171.565,1159.4312,1168.49,893641,0.0
2019-03-28,1174.9,1178.99,1162.88,1173.105,964217,0.0
2019-03-31,1184.1,1195.66,1182,1194.15,596348,0.0
2019-04-01,1195.72,1201.35,1185.71,1200.765,615884,0.0
2019-04-02,1207.48,1216.3,1200.5,1205.33,859315,0.0
2019-04-03,1205.94,1215.67,1204.13,1214.68,773425,0.0
2019-04-04,1214.99,1216.22,1205.03,1207.14,758489,0.0
2019-04-07,1206.64,1208.69,1199.86,1203.84,720452,0.0
2019-04-08,1196,1202.29,1193.08,1198.11,696674,0.0
2019-04-09,1200.68,1203.785,1196.435,1202.16,607098,0.0
2019-04-10,1203.96,1207.96,1200.13,1205.03,527643,0.0
2019-04-11,1210,1218.35,1208.11,1217.87,812343,0.0
2019-04-14,1218,1224.2,1209.1101,1221.63,981401,0.0
2019-04-15,1225,1230.82,1220.12,1227.47,762365,0.0
2019-04-16,1232.57,1240.56,1227.82,1236.52,1036381,0.0
2019-04-17,1239.18,1242,1234.61,1236.81,1118597,0.0
2019-04-21,1235.99,1249.09,1228.31,1249.09,656033,0.0
2019-04-22,1250.69,1269,1246.38,1264.32,1112768,0.0
2019-04-23,1264.12,1268.01,1255,1255.45,695256,0.0
2019-04-24,1265.33,1267.4083,1252.03,1262.98,955607,0.0
2019-04-25,1269.14,1273.07,1260.32,1271.76,1079506,0.0
2019-04-28,1274,1289.27,1266.2949,1287.86,1702119,0.0
2019-04-29,1185,1192.81,1175,1188.47,5730819,0.0
2019-04-30,1188.05,1188.05,1167.18,1167.92,2458890,0.0
2019-05-01,1167.76,1174.1895,1155.0018,1162.48,1795505,0.0
2019-05-02,1173.65,1186.8,1169,1185.56,1768455,0.0
2019-05-05,1166.26,1190.85,1166.26,1189.51,1428613,0.0
2019-05-06,1180.47,1190.44,1161.04,1174.62,1346224,0.0
2019-05-07,1172.01,1180.4243,1165.74,1165.74,1147955,0.0
2019-05-08,1159.03,1169.66,1150.85,1162.61,1073175,0.0
2019-05-09,1163.59,1172.6,1142.5,1164.54,1179002,0.0
2019-05-12,1141.96,1147.94,1122.11,1132.2,1629896,0.0
2019-05-13,1137.21,1140.42,1119.55,1120.33,1629345,0.0
2019-05-14,1117.88,1171.33,1116.6656,1164.15,1998410,0.0
2019-05-15,1164.51,1188.16,1162.84,1178.98,1371946,0.0
2019-05-16,1170,1180.15,1160.01,1162.3,1084503,0.0
2019-05-19,1144.5,1146.7968,1131.4425,1138.85,1178068,0.0
2019-05-20,1148.49,1152.7076,1137.94,1149.63,876706,0.0
2019-05-21,1146.98,1158.52,1145.89,1151.42,785684,0.0
2019-05-22,1140.5,1145.9725,1129.224,1140.57,1032094,0.0
2019-05-23,1147.36,1149.765,1131.66,1134,1010820,0.0
2019-05-27,1134,1151.5872,1133.12,1133.18,1080860,0.0
2019-05-28,1129,1129.1,1108.2201,1116.52,1409908,0.0
2019-05-29,1115.54,1123.13,1112.12,1117.79,863192,0.0
2019-05-30,1101.29,1109.6,1100.18,1103.85,1263774,0.0
2019-06-02,1065.5,1065.5,1025,1036.37,4718037,0.0
2019-06-03,1042.9,1056.05,1033.69,1053.03,2551467,0.0
2019-06-04,1051.54,1053.55,1030.49,1042.6538,1996408,0.0
2019-06-05,1044.99,1047.49,1033.7,1044.6,1390063,0.0
2019-06-06,1050.63,1070.92,1048.4,1066.03,1534480,0.0
2019-06-09,1073.74,1092.66,1072.3217,1080.38,1308899,0.0
2019-06-10,1094.69,1101.91,1077.6025,1078.58,1268601,0.0
2019-06-11,1078,1080.93,1067.54,1077.33,962330,0.0
2019-06-12,1083.64,1094.17,1080.15,1088.79,1761861,0.0
2019-06-13,1086.35,1092.69,1080.1721,1085.35,1967629,0.0
2019-06-16,1086.28,1099.18,1086.28,1092.51,806603,0.0
2019-06-17,1109.69,1116.39,1098.99,1103.5,1188882,0.0
2019-06-18,1105.6,1107,1093.48,1102.58,1005445,0.0
2019-06-19,1119.99,1120.12,1104.74,1110.95,999721,0.0
2019-06-20,1109.24,1124.11,1108.08,1122.42,1698835,0.0
2019-06-23,1119.24,1122,1111.01,1115.83,1253846,0.0
2019-06-24,1112.66,1114.35,1083.8,1086.34,1337198,0.0
2019-06-25,1086.5,1092.97,1072.24,1079.8,1575204,0.0
2019-06-26,1084,1087.1,1075.29,1075.93,855143,0.0
2019-06-27,1077.95,1081,1073.37,1080.62,1175726,0.0
2019-06-30,1098,1107.58,1093.703,1097.9,1298059,0.0
2019-07-01,1102.24,1111.77,1098.17,1111.77,870597,0.0
2019-07-02,1117.41,1126.76,1113.86,1121.92,667055,0.0
2019-07-04,1117.8,1132.88,1116.14,1131.27,981402,0.0
2019-07-07,1125.08,1125.98,1111.21,1116.7,1024026,0.0
2019-07-08,1111.8,1128.025,1107.17,1124.58,1143544,0.0
2019-07-09,1131.22,1142.05,1130.97,1140.48,1075689,0.0
2019-07-10,1143.25,1153.07,1139.58,1144.13,1099333,0.0
2019-07-11,1144.67,1147.34,1138.78,1144.56,757558,0.0
2019-07-14,1146.86,1150.82,1139.4,1150.68,802371,0.0
2019-07-15,1146,1158.58,1145,1153.599,1154977,0.0
2019-07-16,1151.28,1158.36,1145.77,1146.49,994473,0.0
2019-07-17,1141.74,1147.605,1132.73,1146.8,953780,0.0
2019-07-18,1148.19,1151.14,1129.79,1130.01,1259818,0.0
2019-07-21,1133.45,1139.25,1124.24,1138.27,1068083,0.0
2019-07-22,1143.79,1146.9,1131.8,1146.56,981154,0.0
2019-07-23,1131.9,1144,1126.99,1138.18,1279364,0.0
2019-07-24,1137.82,1141.7,1120.92,1134.3239,1559015,0.0
2019-07-25,1224.04,1265.5499,1224,1247,4307604,0.0
2019-07-28,1241.05,1247.37,1228.23,1239.01,2098937,0.0
2019-07-29,1225.41,1234.87,1223.3,1225.14,1379728,0.0
2019-07-30,1223,1234,1207.7635,1216.68,1523175,0.0
2019-07-31,1213.7,1234.1,1205.72,1209.01,1820348,0.0
2019-08-01,1200.74,1204.22,1188.94,1193.99,1250183,0.0
2019-08-04,1170.04,1175.24,1140.14,1152.32,2241508,0.0
2019-08-05,1163.31,1179.96,1160,1169.36,1371466,0.0
2019-08-06,1156,1178.4451,1149.6239,1173.9,1210600,0.0
2019-08-07,1182.83,1205.01,1173.02,1204.52,1242257,0.0
2019-08-08,1197.99,1203.88,1183.603,1187.79,898116,0.0
2019-08-11,1179.21,1184.96,1167.6722,1174.07,863212,0.0
2019-08-12,1171.46,1204.78,1171.46,1197.26,1105268,0.0
2019-08-13,1176.31,1182.3,1160.54,1164.6,1324426,0.0
2019-08-14,1163.5,1175.84,1162.13,1167.57,1095792,0.0
2019-08-15,1179.55,1182.72,1171.81,1177.6,1196508,0.0
2019-08-18,1190.86,1206.99,1190.09,1198.53,1000068,0.0
2019-08-19,1195.25,1196.06,1182.11,1183.26,676652,0.0
2019-08-20,1193.5,1199,1187.43,1191.06,643040,0.0
2019-08-21,1194.07,1198.0115,1178.58,1189.69,771263,0.0
2019-08-22,1182.6,1194.08,1147.75,1151.35,1370917,0.0
2019-08-25,1159.41,1169.47,1152.96,1169.47,1024061,0.0
2019-08-26,1180.53,1182.4,1161.45,1168.27,880985,0.0
2019-08-27,1161.71,1176.4199,1157.3,1171.36,616154,0.0
2019-08-28,1181.12,1196.06,1181.12,1193.04,968176,0.0
2019-08-29,1198.5,1198.5,1183.8026,1188.11,839571,0.0
2019-09-02,1177.28,1186.89,1163.2,1168.06,1295169,0.0
2019-09-03,1176.71,1183.48,1171,1180.92,954217,0.0
2019-09-04,1191.53,1213.04,1191.53,1211.23,1256516,0.0
2019-09-05,1208.13,1212.015,1202.5222,1204.93,903132,0.0
2019-09-08,1204.97,1220,1192.62,1204.92,1333698,0.0
2019-09-09,1195.15,1210,1194.58,1207.23,1120028,0.0
2019-09-10,1203.41,1222.6,1202.2,1220.17,1132510,0.0
2019-09-11,1224.3,1241.86,1223.02,1234,1507423,0.0
2019-09-12,1231.35,1240.88,1227.01,1239.51,1116553,0.0
2019-09-15,1229.52,1239.56,1225.61,1231.34,929233,0.0
2019-09-16,1230.4,1235,1223.69,1229.16,791366,0.0
2019-09-17,1227.51,1235.61,1216.53,1233.1,937023,0.0
2019-09-18,1232.06,1244.44,1232.02,1237.9,882115,0.0
2019-09-19,1233.12,1243.32,1223.08,1229.68,1879399,0.0
2019-09-22,1226,1239.09,1224.17,1234.09,910885,0.0
2019-09-23,1240,1246.74,1210.68,1218.76,1348329,0.0
2019-09-24,1215.82,1248.3,1210.09,1246.99,1316003,0.0
2019-09-25,1241.96,1245,1232.268,1242,1318621,0.0
2019-09-26,1243,1244.02,1214.45,1225.3,1144467,0.0
2019-09-29,1220.97,1226,1212.3,1218.63,1182049,0.0
2019-09-30,1219,1231.23,1203.58,1205.4,1115903,0.0
2019-10-01,1196.89,1196.99,1171.29,1176.63,1344630,0.0
2019-10-02,1180,1189.06,1162.43,1187.31,1441696,0.0
2019-10-03,1191.89,1211.44,1189.17,1208.92,1982514,0.0
2019-10-06,1204.4,1218.2036,1203.75,1207.25,1506978,0.0
2019-10-07,1197.59,1206.08,1189.01,1189.24,1798793,0.0
2019-10-08,1200.78,1208.24,1197.63,1201.93,1507902,0.0
2019-10-09,1200.26,1215,1197.34,1208.75,1431849,0.0
2019-10-10,1222.21,1228.39,1213.74,1214.89,2211022,0.0
2019-10-13,1212.34,1226.33,1211.76,1217.13,1524134,0.0
2019-10-14,1220.4,1247.33,1220.4,1242.51,2479562,0.0
2019-10-15,1241.17,1254.74,1238.45,1243.65,1907856,0.0
2019-10-16,1250.93,1263.325,1249.94,1253.06,1678060,0.0
2019-10-17,1254.22,1258.89,1241.08,1245.49,2592161,0.0
2019-10-20,1251.7139,1252.48,1240.6,1246.48,816896,0.0
2019-10-21,1247.85,1250.6,1241.38,1242.93,941867,0.0
2019-10-22,1242.36,1259.89,1242.36,1259.28,814768,0.0
2019-10-23,1260.9,1264,1253.715,1260.46,886680,0.0
2019-10-24,1251.03,1269.6,1250.01,1265.07,1068308,0.0
2019-10-27,1275.45,1299.31,1272.54,1290.09,2055234,0.0
2019-10-28,1276.59,1281.59,1257.2119,1262.82,1720668,0.0
2019-10-29,1252.97,1269.36,1252,1261.2,1289602,0.0
2019-10-30,1261.28,1267.67,1250.8428,1260.31,1143304,0.0
2019-10-31,1265.99,1274.62,1260.5,1274.5,1433017,0.0
2019-11-03,1276.45,1294.13,1276.355,1290.97,1370525,0.0
2019-11-04,1292.89,1298.93,1291.2289,1291.82,1117758,0.0
2019-11-05,1289.46,1293.73,1282.5,1291.8,938266,0.0
2019-11-06,1294.28,1323.74,1294.245,1308.86,1908838,0.0
2019-11-07,1305.28,1318,1304.365,1311.31,1171284,0.0
2019-11-10,1303.5,1306.425,1297.41,1299,913094,0.0
2019-11-11,1301,1310,1295.77,1298.79,853581,0.0
2019-11-12,1294.07,1304.3,1293.51,1297.65,742481,0.0
2019-11-13,1297.5,1317,1295.65,1311.58,1055425,0.0
2019-11-14,1318.94,1334.88,1314.2795,1334.86,1456906,0.0
2019-11-17,1332.22,1335.5288,1317.5,1320.71,1223718,0.0
2019-11-18,1327.7,1327.7,1312.8,1315.13,994560,0.0
2019-11-19,1311.74,1315,1291.15,1302.98,1060138,0.0
2019-11-20,1301.48,1312.59,1293,1301.12,827387,0.0
2019-11-21,1305.62,1308.73,1291.41,1295.35,1130938,0.0
2019-11-24,1299.18,1311.31,1298.13,1306.95,820545,0.0
2019-11-25,1309.86,1314.8,1305.09,1313.54,813906,0.0
2019-11-26,1315.16,1318.36,1309.63,1313.5,852251,0.0
2019-11-28,1307.12,1310.205,1303.97,1303.97,444286,0.0
2019-12-01,1301,1305.83,1281,1289.77,1257381,0.0
2019-12-02,1279.57,1298.461,1279,1295.27,1033844,0.0
2019-12-03,1307.01,1325.8,1304.87,1320.3,1394677,0.0
2019-12-04,1328,1329.3579,1316.44,1328.89,1014076,0.0
2019-12-05,1333.44,1344,1333.44,1340.51,1116598,0.0
2019-12-08,1338.04,1359.45,1337.84,1343.55,1197803,0.0
2019-12-09,1341.17,1349.975,1336.04,1344.95,938531,0.0
2019-12-10,1349.04,1351.2,1342.67,1345.02,720434,0.0
2019-12-11,1345.94,1355.775,1340.5,1350.31,1097913,0.0
2019-12-12,1349.78,1353.0931,1343.87,1347.83,1195995,0.0
2019-12-15,1355.54,1364.68,1352.67,1361.17,1144953,0.0
2019-12-16,1363.54,1365,1351.3231,1354.23,1513307,0.0
2019-12-17,1357.66,1360.47,1351,1351.94,1013249,0.0
2019-12-18,1351.82,1358.1,1348.985,1356.18,1093632,0.0
2019-12-19,1363.35,1363.64,1349,1349.175,2091420,0.0
2019-12-22,1355.87,1359.7999,1346.51,1348.93,718729,0.0
2019-12-23,1348.5,1350.26,1342.78,1343.56,277412,0.0
2019-12-25,1346.17,1361.3269,1344.47,1360.4,570341,0.0
2019-12-26,1362.99,1364.53,1349.31,1351.34,916064,0.0
2019-12-29,1350,1353,1334.02,1336.85,925906,0.0
2019-12-30,1333.09,1338,1329.085,1336.72,717693,0.0
2020-01-01,1341.78,1368.14,1341.55,1367.73,1259186,0.0
2020-01-02,1347.86,1372.5,1345.5436,1359.49,1033568,0.0
2020-01-05,1352.23,1396.5,1350,1393.8,1439587,0.0
2020-01-06,1397.94,1402.99,1390.38,1393.33,1281605,0.0
2020-01-07,1392.08,1411.58,1390.84,1404.32,1301511,0.0
2020-01-08,1420.57,1427.33,1410.27,1419.9,1338939,0.0
2020-01-09,1427.56,1434.9292,1418.35,1429.73,1705306,0.0
2020-01-12,1436.13,1440.52,1426.02,1439.61,1201809,0.0
2020-01-13,1439.01,1441.8,1428.37,1431.3,1239166,0.0
2020-01-14,1430.21,1441.395,1430.21,1439.2,1120318,0.0
2020-01-15,1447.44,1451.99,1440.92,1451.93,978081,0.0
2020-01-16,1462.91,1481.2954,1458.22,1480.79,1841398,0.0
2020-01-20,1479.62,1491.85,1471.2,1485,2953368,0.0
2020-01-21,1490.4,1503.2144,1484.93,1485.27,2705926,0.0
2020-01-22,1487.64,1495.52,1482.1,1486.11,1778552,0.0
2020-01-23,1493.59,1495.495,1465.25,1466.71,3147968,0.0
2020-01-26,1431,1438.07,1421.2,1433.9,1456851,0.0
2020-01-27,1443,1456,1432.47,1452.59,1121178,0.0
2020-01-28,1458.8,1465.43,1446.74,1458.74,893502,0.0
2020-01-29,1439.96,1457.28,1436.4,1455.78,1081254,0.0
2020-01-30,1470,1470.13,1429,1434,2128331,0.0
2020-02-02,1462,1490,1458.99,1487.0587,2232341,0.0
2020-02-03,1457.07,1469.5,1426.3,1447.58,3461182,0.0
2020-02-04,1462.42,1463.84,1430.56,1448.6,1775348,0.0
2020-02-05,1450.33,1481.9998,1449.57,1475.7977,1594053,0.0
2020-02-06,1467.3,1485.84,1466.35,1479.24,1072555,0.0
2020-02-09,1474.32,1509.5,1474.32,1508.69,1187280,0.0
2020-02-10,1511.81,1529.63,1505.6378,1509.36,1279922,0.0
2020-02-11,1514.48,1520.695,1508.11,1518.86,983966,0.0
2020-02-12,1512.69,1527.18,1504.6,1513.79,794743,0.0
2020-02-13,1514.84,1520.74,1507.34,1520.74,834177,0.0
2020-02-17,1515,1531.63,1512.59,1519.61,998377,0.0
2020-02-18,1525.07,1532.1063,1521.4,1527,790243,0.0
2020-02-19,1522,1529.64,1506.82,1518.38,960135,0.0
2020-02-20,1508.03,1512.215,1480.44,1483.8,1495821,0.0
2020-02-23,1426.11,1436.97,1411.39,1420.59,2268757,0.0
2020-02-24,1433,1438.14,1382.4,1388.07,1964902,0.0
2020-02-25,1396.14,1415.7,1379,1393.32,1885885,0.0
2020-02-26,1362.74,1371.7037,1317.17,1317.37,2568264,0.0
2020-02-27,1277.5,1341.14,1271,1341.14,3176182,0.0
2020-03-01,1351.61,1390.87,1326.815,1390.41,2064692,0.0
2020-03-02,1399.42,1410.15,1332,1340.99,2090856,0.0
2020-03-03,1359.23,1388.09,1343.11,1386.52,1641248,0.0
2020-03-04,1351.99,1358.91,1305.1,1317.92,2228282,0.0
2020-03-05,1277.06,1306.22,1261.05,1298.41,2357964,0.0
2020-03-08,1202.41,1254.7599,1200,1214.51,3068332,0.0
2020-03-09,1260,1281.15,1218.77,1281.01,4556224,0.0
2020-03-10,1249.7,1260.96,1196.07,1215.1,4664325,0.0
2020-03-11,1126,1193.87,1113.3,1113.84,3820727,0.0
2020-03-12,1179,1219.76,1117.1432,1219.76,3192008,0.0
2020-03-15,1096,1152.2665,1074.44,1085,7635372,0.0
2020-03-16,1093.55,1130.86,1056.01,1119.79,3543420,0.0
2020-03-17,1056.51,1106.5,1037.28,1098.64,3408737,0.0
2020-03-18,1093.05,1157.9698,1060.1075,1115.06,6168362,0.0
2020-03-19,1135,1143.99,1065.49,1072.31,6962182,0.0
2020-03-22,1061.32,1071.32,1013.5361,1056.63,7511212,0.0
2020-03-23,1104.66,1135,1090.62,1134.8,3006575,0.0
2020-03-24,1126.47,1148.9,1086.01,1101.71,3715691,0.0
2020-03-25,1111.8,1169.97,1093.53,1161.33,3112560,0.0
2020-03-26,1124,1150.6702,1105.91,1109.3,2849379,0.0
2020-03-29,1129.84,1151.63,1096.48,1148.51,2316105,0.0
2020-03-30,1147.3,1175.31,1138.14,1161.6,3858186,0.0
2020-03-31,1122,1129.69,1097.45,1105.62,4290762,0.0
2020-04-01,1098.26,1126.86,1096.4,1121.74,1798634,0.0
2020-04-02,1119.015,1123.54,1079.81,1097.69,3032607,0.0
2020-04-05,1138,1194.66,1130.94,1187.2,4564774,0.0
2020-04-06,1221,1225,1182.23,1186.51,1997799,0.0
2020-04-07,1206.5,1219.07,1188.16,1210.28,1608503,0.0
2020-04-08,1224.21,1225.57,1196.7351,1211.99,2019797,0.0
2020-04-12,1209.18,1220.51,1187.5984,1217.99,3237864,0.0
2020-04-13,1245.09,1282.07,1236.93,1269.22,4429069,0.0
2020-04-14,1245.61,1280.46,1240.4,1262.47,4393317,0.0
2020-04-15,1274.1,1279,1242.62,1263.62,8130969,0.0
2020-04-16,1284.85,1294.43,1271.23,1283.23,4982229,0.0
2020-04-19,1271,1281.6,1261.37,1267.58,5646002,0.0
2020-04-20,1247,1254.27,1209.71,1215.38,5772805,0.0
2020-04-21,1245.54,1285.6133,1242,1260.74,4747840,0.0
2020-04-22,1271.55,1293.31,1265.67,1276.3,3536424,0.0
2020-04-23,1261.17,1280.4,1249.45,1279.3,2880851,0.0
2020-04-26,1296,1296.15,1269,1275.88,4359003,0.0
2020-04-27,1287.93,1288.05,1232.2,1233,2217335,0.0
2020-04-28,1341.46,1359.99,1325.34,1340.4,3333368,0.0
2020-04-29,1324.88,1352.82,1322.49,1348.67,4214317,0.0
2020-04-30,1328.5,1352.0695,1311,1320.86,1803826,0.0
2020-05-03,1308.23,1327.66,1299,1326.8,1328528,0.0
2020-05-04,1337.92,1373.94,1337.46,1352.08,1514477,0.0
2020-05-05,1361.69,1371.1199,1347.29,1347.35,1083792,0.0
2020-05-06,1365.94,1377.6,1355.27,1373.09,2337196,0.0
2020-05-07,1383.13,1398.76,1375.48,1387.34,2379308,0.0
2020-05-10,1378.28,1416.53,1377.152,1403.28,1286294,0.0
2020-05-11,1407.12,1415,1374.77,1374.77,2479566,0.0
2020-05-12,1377.05,1385.4822,1328.4,1349.88,3281704,0.0
2020-05-13,1335.02,1357.42,1323.91,1357.26,2722772,0.0
2020-05-14,1350,1374.48,1339,1373.18,1468533,0.0
2020-05-17,1361.75,1392.325,1354.25,1383.94,3248460,0.0
2020-05-18,1386.9965,1392,1374.03,1374.1296,2336174,0.0
2020-05-19,1389.58,1410.42,1387.25,1406.97,1385123,0.0
2020-05-20,1408,1415.49,1393.45,1403.15,1228150,0.0
2020-05-21,1396.71,1412.76,1391.83,1410.42,2287400,0.0
2020-05-25,1437.27,1441,1412.13,1417.03,1711808,0.0
2020-05-26,1417.25,1421.74,1391.29,1417.48,2957498,0.0
2020-05-27,1396.86,1440.84,1396,1416.73,3009016,0.0
2020-05-28,1416.94,1432.57,1413.35,1427.92,1372379,0.0
2020-05-31,1418.39,1437.96,1418,1431.36,1033558,0.0
2020-06-01,1430.55,1439.47,1418.83,1439.47,2130734,0.0
2020-06-02,1438.3,1446.5522,1429.7772,1435.32,1062233,0.0
2020-06-03,1430.4,1438.96,1404.73,1412.73,2675444,0.0
2020-06-04,1413.17,1445.05,1406,1438.39,1500007,0.0
2020-06-07,1422.34,1447.99,1422.34,1446.68,2139951,0.0
2020-06-08,1445.36,1468,1443.21,1456.2,2439998,0.0
2020-06-09,1459.54,1474.259,1456.27,1465.85,1334169,0.0
2020-06-10,1442.48,1454.475,1402,1403.84,1700778,0.0
2020-06-11,1428.49,1437,1409,1409,904628,0.0
2020-06-14,1390.8,1424.7999,1387.92,1419.85,2553529,0.0
2020-06-15,1445.22,1455.02,1425.9001,1444.09,2960676,0.0
2020-06-16,1447.16,1460,1431.38,1451.35,1346126,0.0
2020-06-17,1449.16,1451.41,1427.01,1436.65,1357310,0.0
2020-06-18,1444,1447.8,1421.3501,1431.69,3742863,0.0
2020-06-21,1429,1452.75,1423.21,1452.07,1307241,0.0
2020-06-22,1455.64,1475.941,1445.24,1464.45,1209365,0.0
2020-06-23,1461.51,1475.42,1429.75,1431.97,1609913,0.0
2020-06-24,1429.9,1442.9,1420,1440.95,1113024,0.0
2020-06-25,1431.39,1433.45,1352.78,1359.03,3252765,0.0
2020-06-28,1358.18,1395.6,1347.01,1395.6,1623379,0.0
2020-06-29,1390.44,1418.65,1383.96,1413.84,1676429,0.0
2020-06-30,1411.1,1443,1409.82,1437.55,1616413,0.0
2020-07-01,1446.94,1482.95,1446.42,1464.43,1712035,0.0
