Date,Open,High,Low,Close,Volume,OpenInterest
2016-07-13,147.43,148.39,146.1901,147.23,487065,0.0
2016-07-14,148.27,149.02,146.16,148.7,535632,0.0
2016-07-17,148.72,150.2992,148.08,149.54,491395,0.0
2016-07-18,148.64,149.79,148.02,148.62,517565,0.0
2016-07-19,148.99,153.35,148.13,152.59,723188,0.0
2016-07-20,152.19,152.67,150.3001,151.31,593371,0.0
2016-07-21,151.96,151.96,149.67,150.71,393970,0.0
2016-07-24,150.83,151.26,148.54,150.67,648375,0.0
2016-07-25,150,152.33,149.28,150.09,1236705,0.0
2016-07-26,149.67,164.13,145.275,162.25,2711650,0.0
2016-07-27,162.53,167.03,162.05,166.41,1179365,0.0
2016-07-28,165.97,166.6299,163.11,166.34,892242,0.0
2016-07-31,166.8,171.33,166.13,170.66,844308,0.0
2016-08-01,170.51,170.51,163.72,166.94,1229203,0.0
2016-08-02,166.94,167.14,164.69,165.04,635794,0.0
2016-08-03,164.63,167,164.54,165.63,355953,0.0
2016-08-04,166.39,167.97,165.65,166.49,447819,0.0
2016-08-07,167.17,167.875,165.721,166.42,349751,0.0
2016-08-08,166.46,166.75,165.2,165.57,559299,0.0
2016-08-09,165.87,166.27,164.67,166,655409,0.0
2016-08-10,166.6,168.47,165.3,167.97,747954,0.0
2016-08-11,167.31,167.85,166.2,166.97,423549,0.0
2016-08-14,167.4,174.48,167.26,173.36,1151180,0.0
2016-08-15,173.08,174.84,169.48,169.65,984599,0.0
2016-08-16,171.47,171.86,166.97,169.12,742614,0.0
2016-08-17,170,182.67,163.601,172.34,5772159,0.0
2016-08-18,171.96,174.07,169.81,171.66,743405,0.0
2016-08-21,170.27,175.7099,169.84,173.8,975561,0.0
2016-08-22,173.9,174.82,171.6,172.79,514106,0.0
2016-08-23,173.21,173.96,167.79,169.58,663801,0.0
2016-08-24,170.12,173.41,167.35,169.51,419538,0.0
2016-08-25,170.38,174.005,170.01,172.2,625521,0.0
2016-08-28,172.11,172.83,170.25,170.4,394567,0.0
2016-08-29,170.5,170.99,167.89,168.98,411406,0.0
2016-08-30,169.01,169.97,167.57,168.29,462957,0.0
2016-08-31,168.72,169.0495,166.31,168.6,351267,0.0
2016-09-01,169.93,169.9799,167.25,167.84,321512,0.0
2016-09-05,168.01,170.765,168.01,170.18,399544,0.0
2016-09-06,169.69,172.98,168.21,169.62,384422,0.0
2016-09-07,168.91,172.22,168.43,170.06,434932,0.0
2016-09-08,167.95,169.51,164.75,164.85,520120,0.0
2016-09-11,164.87,171.08,164.87,170.72,711278,0.0
2016-09-12,169.65,171.11,167.71,170.14,825581,0.0
2016-09-13,170.31,172.88,169.16,171.76,544353,0.0
2016-09-14,171.44,175.24,169.61,174.94,714183,0.0
2016-09-15,175.05,175.05,171.77,172.94,907443,0.0
2016-09-18,173.37,174.75,172.36,173.11,364445,0.0
2016-09-19,174.29,177.47,173.61,175.78,629549,0.0
2016-09-20,176.44,178.9,174.76,178.42,562360,0.0
2016-09-21,179.81,180.72,177.62,179.35,860889,0.0
2016-09-22,179.24,181.2,177.81,179.34,631061,0.0
2016-09-25,179.35,179.71,178.2,178.47,445997,0.0
2016-09-26,178.04,181,177.9,180.29,483109,0.0
2016-09-27,180.31,181.32,178.55,180.98,485973,0.0
2016-09-28,179.34,181.4999,176.16,176.56,753983,0.0
2016-09-29,177.42,182.61,176.71,181.63,885205,0.0
2016-10-02,184.49,184.49,179.04,182.18,804774,0.0
2016-10-03,182.38,186.61,180.03,181.22,713904,0.0
2016-10-04,182.17,186.6,182.17,186.12,837011,0.0
2016-10-05,186,186.88,183.15,184.92,595617,0.0
2016-10-06,185.82,185.99,183.6,184.47,557444,0.0
2016-10-09,185.32,186.705,184.28,184.805,638851,0.0
2016-10-10,135.23,140.89,133.8,138.99,9194775,0.0
2016-10-11,139.87,141.44,136,136.18,2352105,0.0
2016-10-12,135.65,138.11,135.13,137.18,1647249,0.0
2016-10-13,138.4,139.35,136.57,138.01,1118499,0.0
2016-10-16,138.5,141.86,137,141.29,1157237,0.0
2016-10-17,143.15,149.32,142.69,145.22,2047813,0.0
2016-10-18,146.2,148.08,144,146.72,713116,0.0
2016-10-19,147.99,148.08,142.64,142.83,1271791,0.0
2016-10-20,142,142.17,138.65,141.8,1630902,0.0
2016-10-23,142.48,144.25,141.51,142.22,538971,0.0
2016-10-24,141.67,141.97,137.94,138.2,865297,0.0
2016-10-25,138.22,141.56,138.22,139.95,935643,0.0
2016-10-26,140.39,142.49,139.04,139.3,786364,0.0
2016-10-27,139.42,140.74,137.52,138.64,613173,0.0
2016-10-30,139.36,139.94,135.52,136.14,1276549,0.0
2016-10-31,136.39,139.84,135.96,139.59,1726598,0.0
2016-11-01,135.21,136.8395,133.5,135.66,2119342,0.0
2016-11-02,135.86,135.89,133.3,134.39,965155,0.0
2016-11-03,133.03,137.58,133.02,134.63,866582,0.0
2016-11-06,136.45,138.88,135.33,137.06,1107608,0.0
2016-11-07,136.94,138.52,135.61,137.69,783043,0.0
2016-11-08,140.36,145.43,132.5,133.13,2637978,0.0
2016-11-09,134.51,139.1,133.59,138.35,1981778,0.0
2016-11-10,137.43,140.87,136.75,137.73,1142661,0.0
2016-11-13,137.92,138.8529,135.14,136.38,719265,0.0
2016-11-14,136.49,137.1745,134.7005,136.76,855289,0.0
2016-11-15,138.3,138.3,134.33,134.83,669952,0.0
2016-11-16,134.75,135.11,132.9129,134.16,848410,0.0
2016-11-17,133.7,134.9,129,131.87,1402760,0.0
2016-11-20,131.82,137.94,131.74,137.56,1528992,0.0
2016-11-21,137.99,138.95,133.03,134.76,853372,0.0
2016-11-22,133.99,134.74,132.48,134.41,598495,0.0
2016-11-24,134.19,135.44,132.61,135.14,255461,0.0
2016-11-27,135.37,137.24,134.5,136.19,820287,0.0
2016-11-28,136.73,137.5,135.37,136.57,596792,0.0
2016-11-29,136.45,136.45,131.52,133.15,1791086,0.0
2016-11-30,133.3,133.3,126.39,127.72,1715092,0.0
2016-12-01,127.99,128.56,126.91,127.895,1071081,0.0
2016-12-04,128.32,130.72,127.73,127.92,828841,0.0
2016-12-05,127.92,128.36,125.1,126.38,1003814,0.0
2016-12-06,123.93,124.49,119.37,122.01,1961423,0.0
2016-12-07,121.63,123.9199,120,123.49,825804,0.0
2016-12-08,123.78,128.785,122.96,123.2,1090545,0.0
2016-12-11,122.51,124.72,121.4652,123.97,1233748,0.0
2016-12-12,124.83,127.5,124.75,126.69,1427208,0.0
2016-12-13,125.19,126.49,124.82,125.53,967400,0.0
2016-12-14,126.16,132.44,125.68,132,1852055,0.0
2016-12-15,131.47,132.85,129.01,131,2007598,0.0
2016-12-18,130.09,132.05,128.63,129.65,1119447,0.0
2016-12-19,129.78,130.9,127.19,128.05,895688,0.0
2016-12-20,128.05,129.18,127.52,127.83,532494,0.0
2016-12-21,128,128.61,126.18,126.77,337671,0.0
2016-12-22,127.03,129.39,126.71,128.75,404845,0.0
2016-12-26,128.95,130.595,128.24,128.92,384594,0.0
2016-12-27,128.76,128.94,127.09,127.93,386171,0.0
2016-12-28,127.66,129.38,127.22,128.72,452890,0.0
2016-12-29,129.18,129.52,127.28,128.03,527251,0.0
2017-01-02,129.17,132.19,128.16,131.12,860573,0.0
2017-01-03,131.03,136.33,130.25,135.17,1005751,0.0
2017-01-04,135.18,135.83,132.02,134.44,1299800,0.0
2017-01-05,139.09,141.88,137.4,141.49,1885772,0.0
2017-01-08,141.87,143.43,140.1908,141.54,959994,0.0
2017-01-09,161.65,167.1,161.31,165.04,4770403,0.0
2017-01-10,164.05,165.475,159.61,162.34,1991615,0.0
2017-01-11,162.42,163.12,159.75,162.84,1180264,0.0
2017-01-12,162.87,165,162.09,162.53,888290,0.0
2017-01-16,160,162.05,159.11,160.47,872799,0.0
2017-01-17,161.38,161.81,158.44,161.2,761759,0.0
2017-01-18,160.35,161.49,159.1,160.58,977183,0.0
2017-01-19,160.9,161.5,158.73,159.73,1048139,0.0
2017-01-22,159.71,161.5,159.57,160.94,755282,0.0
2017-01-23,160.89,161.32,158.31,160.48,617382,0.0
2017-01-24,160.95,161.89,160.01,161.02,650411,0.0
2017-01-25,161.3,161.84,159.89,160.16,500421,0.0
2017-01-26,160.94,161.59,159.92,160.97,692191,0.0
2017-01-29,160.9,160.905,156.851,159.22,772485,0.0
2017-01-30,159.28,160.6,157.7,160.09,1374534,0.0
2017-01-31,158,163.8,156.5,161.58,1410067,0.0
2017-02-01,160.41,163.12,159.5,162.9,666164,0.0
2017-02-02,162.49,164.26,160.715,162.15,525597,0.0
2017-02-05,161.26,163.001,161.15,162.51,466778,0.0
2017-02-06,162.36,164,161.8,162.88,464229,0.0
2017-02-07,162.5,163.6,161.4,162.89,409519,0.0
2017-02-08,162.86,163.94,162.41,163.06,295231,0.0
2017-02-09,163.66,163.66,161.25,163,669137,0.0
2017-02-12,163.1,164.65,162.06,163.88,596590,0.0
2017-02-13,164.21,165.69,163.15,164.49,458116,0.0
2017-02-14,163.84,165.365,163,163.28,535560,0.0
2017-02-15,163.45,163.85,159.37,161.3,782047,0.0
2017-02-16,161.3,163.46,161.12,163.37,636604,0.0
2017-02-20,163.11,163.5,160.54,162.15,470215,0.0
2017-02-21,161.8,163.4,161.02,162.3,469335,0.0
2017-02-22,163,163,160.34,161.01,368890,0.0
2017-02-23,160.84,160.9495,158.81,160,557404,0.0
2017-02-26,163.72,167.4784,161.27,166.8,1279989,0.0
2017-02-27,166.37,168.6099,165.61,167.4069,1186327,0.0
2017-02-28,168.58,169.98,167.54,168.81,692361,0.0
2017-03-01,168.64,171.21,166.46,167.71,588005,0.0
2017-03-02,167.75,168.65,166.38,168.385,648651,0.0
2017-03-05,167.86,167.99,166.53,166.69,488881,0.0
2017-03-06,165.6,166.71,164.246,165.61,525193,0.0
2017-03-07,165.73,165.99,164,164.37,385253,0.0
2017-03-08,164.37,164.9655,163,164.49,781052,0.0
2017-03-09,165.76,167.54,164.525,167.35,488440,0.0
2017-03-12,167.07,167.35,165.26,166.93,419661,0.0
2017-03-13,166.49,166.89,164.301,164.82,789551,0.0
2017-03-14,164.82,166.44,164.01,165.94,512420,0.0
2017-03-15,162.28,163.81,158.0203,159.46,1400576,0.0
2017-03-16,158.99,161.79,158.64,160.43,1363831,0.0
2017-03-19,162,164.88,161.4,163.5,1036979,0.0
2017-03-20,164.11,164.49,162.35,163.52,737613,0.0
2017-03-21,163.75,168.07,162.57,167.83,872742,0.0
2017-03-22,167.2,169.27,166.68,167.71,433301,0.0
2017-03-23,168.94,171.98,167.82,170.58,599022,0.0
2017-03-26,168.8,172.68,168.42,172.29,424404,0.0
2017-03-27,172.04,172.9899,170.66,170.81,662470,0.0
2017-03-28,171.05,172.8,168.55,172.7,584618,0.0
2017-03-29,172.02,174.32,171.28,173.19,609582,0.0
2017-03-30,172.78,173.64,170.53,170.69,564843,0.0
2017-04-02,171,172.29,169.2994,170.75,463697,0.0
2017-04-03,170.8,171.84,169.51,169.9,377243,0.0
2017-04-04,170.05,171.1,167.16,167.47,854979,0.0
2017-04-05,167.68,171.43,167.18,170.45,621802,0.0
2017-04-06,171.11,173.85,169.71,172.39,617016,0.0
2017-04-09,171.94,173.6,171.07,171.52,545051,0.0
2017-04-10,172.29,178.99,172.24,175.02,1359117,0.0
2017-04-11,174.98,176.1,171.8,172.95,576666,0.0
2017-04-12,173.09,175.4526,171.9301,173.69,912771,0.0
2017-04-16,174.63,175.89,173.375,174.42,415444,0.0
2017-04-17,173.22,175.58,173.0901,175.22,511367,0.0
2017-04-18,175.82,180.62,175.34,178.03,829643,0.0
2017-04-19,179.15,179.15,175.51,177.2,836922,0.0
2017-04-20,177.2,177.23,173.591,175.29,1059000,0.0
2017-04-23,177.65,180.36,177.38,180.2,572265,0.0
2017-04-24,180.4,182.4199,179.79,181.45,1043438,0.0
2017-04-25,178.79,184.96,177.32,184.59,2357716,0.0
2017-04-26,183.94,184.47,181.96,183.75,1719728,0.0
2017-04-27,183.98,185.95,182.95,184.79,749896,0.0
2017-04-30,186.32,188.48,185.33,186.81,682875,0.0
2017-05-01,186.62,187.88,185.4,186.71,526509,0.0
2017-05-02,186.89,188.99,186.69,187.72,621565,0.0
2017-05-03,188.66,188.97,186.785,188.87,507832,0.0
2017-05-04,188.33,189.48,186.63,187.18,662650,0.0
2017-05-07,186.09,186.39,183.1,184.62,814962,0.0
2017-05-08,184.35,185.27,182.71,183.56,865805,0.0
2017-05-09,182.97,183.96,180.19,182.12,690302,0.0
2017-05-10,182.14,182.4099,179.28,181.74,605968,0.0
2017-05-11,181.91,182.51,180.69,182.4,472593,0.0
2017-05-14,180.76,181.085,179,180.03,756921,0.0
2017-05-15,180.04,180.04,176.515,178.24,844834,0.0
2017-05-16,176.98,177.92,175.25,175.56,694601,0.0
2017-05-17,176.29,177.475,174.81,175.88,709924,0.0
2017-05-18,175.88,177.5,174.85,176.95,841618,0.0
2017-05-21,176.36,176.5,174.49,174.89,912602,0.0
2017-05-22,175,176.31,174.19,174.7,720717,0.0
2017-05-23,175.34,175.98,173.781,174.41,896774,0.0
2017-05-24,174.77,174.77,172.34,173.76,974580,0.0
2017-05-25,174.01,177.14,173.8,175.89,783900,0.0
2017-05-29,175.51,176.51,173.02,173.62,583728,0.0
2017-05-30,174.7,177.46,173.26,177.29,1024221,0.0
2017-05-31,177.61,180.94,176.051,180.65,495394,0.0
2017-06-01,181,184.44,180.043,183.78,511378,0.0
2017-06-04,184.75,184.75,181.44,181.5,414034,0.0
2017-06-05,180.81,181.54,178.69,179.42,440978,0.0
2017-06-06,179.47,180.1,177.75,179.06,407983,0.0
2017-06-07,178.91,179,176.661,177.72,393764,0.0
2017-06-08,177.14,178.3,173.45,174.08,628675,0.0
2017-06-11,173.81,174.41,168.87,171.51,626379,0.0
2017-06-12,171.46,173.5,170.55,173.44,525375,0.0
2017-06-13,174.26,176.11,171.61,172.59,539025,0.0
2017-06-14,171.25,172.53,169.73,172.04,570477,0.0
2017-06-15,171.58,173.235,169.86,171.8,688055,0.0
2017-06-18,172.71,177.65,171.21,176.6,657738,0.0
2017-06-19,176.23,179.25,175.15,175.28,566052,0.0
2017-06-20,175.39,178.77,175.39,177.39,739879,0.0
2017-06-21,178.07,183.98,177.77,183.06,855973,0.0
2017-06-22,182.99,185.72,181.065,185.28,703196,0.0
2017-06-25,185.28,186,180.78,180.89,514700,0.0
2017-06-26,180.31,181.29,176.14,176.36,449010,0.0
2017-06-27,177.12,181.18,176.01,181.06,467025,0.0
2017-06-28,180.53,180.5515,175.64,176.78,519251,0.0
2017-06-29,178.25,178.62,173.44,173.53,576936,0.0
2017-07-02,174.24,176.49,173.31,174.1,358720,0.0
2017-07-04,173.9,175.41,171.56,174.35,640313,0.0
2017-07-05,172.8,173.92,170.15,172.33,571393,0.0
2017-07-06,172.73,174.01,171.87,172.09,436901,0.0
2017-07-09,170.88,171.145,167.98,169.04,1143549,0.0
2017-07-10,169.75,174.5,169.26,173.16,800070,0.0
2017-07-11,174.79,175.32,172.65,173.18,513744,0.0
2017-07-12,173.67,174.38,172.1575,172.98,643069,0.0
2017-07-13,173.83,174.99,171.19,172.37,986645,0.0
2017-07-16,171.97,173.3911,171.22,171.77,717810,0.0
2017-07-17,171.97,173.92,169.6964,173.63,782876,0.0
2017-07-18,174.66,175.85,173.11,173.85,437249,0.0
2017-07-19,174.45,174.45,171.81,171.97,431390,0.0
2017-07-20,171.37,173.46,171.37,172.75,1119570,0.0
2017-07-23,172.48,174.04,171.02,173.98,856139,0.0
2017-07-24,175,175,171.76,173.85,557065,0.0
2017-07-25,173.37,176.465,172.12,176.27,549228,0.0
2017-07-26,176.5,177.8,173.01,174.33,851833,0.0
2017-07-27,174.44,175.71,173.25,174.92,434013,0.0
2017-07-30,175.21,176.5,173.345,173.85,622240,0.0
2017-07-31,173.96,173.96,170.31,172.3872,1008958,0.0
2017-08-01,188,198.47,188,197.85,4280730,0.0
2017-08-02,197,198.57,195.04,198.53,1588778,0.0
2017-08-03,198.44,198.55,194.38,194.41,902449,0.0
2017-08-06,195.26,199.95,195.14,199.58,718324,0.0
2017-08-07,198.28,199.86,197.39,197.64,517437,0.0
2017-08-08,197.53,199.82,196.76,199.2,693441,0.0
2017-08-09,197.6,198.97,194.431,194.68,877989,0.0
2017-08-10,195.7,197.72,194.1,194.2503,459382,0.0
2017-08-13,195.01,195.93,193.66,194.78,457260,0.0
2017-08-14,194.82,195.87,193.83,193.97,367996,0.0
2017-08-15,194.53,194.88,192.61,194.11,538425,0.0
2017-08-16,193.59,195.83,191.16,191.2,434373,0.0
2017-08-17,190.74,192.46,189.15,189.42,619755,0.0
2017-08-20,189.61,192.06,189.34,190.68,396804,0.0
2017-08-21,191,195.44,191,194.76,437402,0.0
2017-08-22,193.63,194.6,192.09,193.62,360962,0.0
2017-08-23,193.2,194.6,191.43,193.96,425229,0.0
2017-08-24,195.29,195.29,191.06,192.18,390615,0.0
2017-08-27,193.68,198.08,192.45,197.03,537258,0.0
2017-08-28,194.99,196.44,193.63,195.94,302458,0.0
2017-08-29,196.36,200,194.87,199.74,593514,0.0
2017-08-30,200,205.21,199.13,204.47,952147,0.0
2017-08-31,205,207.49,203.7272,207.15,607498,0.0
2017-09-04,205.71,207.73,204.35,207.23,703248,0.0
2017-09-05,208.22,209.42,204.8,207.43,466556,0.0
2017-09-06,207.21,211.27,205.69,210.22,540064,0.0
2017-09-07,209.61,210.97,208.81,209.69,282899,0.0
2017-09-10,211.16,212.4,209.965,212.24,476733,0.0
2017-09-11,213.21,214.04,209.55,213.95,547760,0.0
2017-09-12,213.5,214.37,212.33,213.43,334123,0.0
2017-09-13,212.59,212.61,210.6,210.98,499748,0.0
2017-09-14,211,211.87,208.96,210.68,612098,0.0
2017-09-17,211.37,211.99,208.8,209.36,288062,0.0
2017-09-18,210.36,210.64,204.8,204.95,696560,0.0
2017-09-19,204.94,205.82,201.05,203.08,801186,0.0
2017-09-20,203.34,203.91,199.6,200.16,683539,0.0
2017-09-21,199.69,201.94,199.69,201.37,781105,0.0
2017-09-24,200.21,202.58,199.87,201.38,632228,0.0
2017-09-25,202.06,202.765,197.63,198.43,557720,0.0
2017-09-26,199.16,200.37,197.6,197.75,324267,0.0
2017-09-27,197.2,199.365,196,198.99,395061,0.0
2017-09-28,199.18,199.83,197.45,199.17,365914,0.0
2017-10-01,199.45,203.07,199.24,202.21,544136,0.0
2017-10-02,202.23,204.03,201.31,202.47,463273,0.0
2017-10-03,202.39,205.9999,202.39,205.74,370373,0.0
2017-10-04,205.98,206.61,204.86,205.78,326078,0.0
2017-10-05,205.97,206.62,203.82,204.12,307658,0.0
2017-10-08,204.92,205.645,202.93,203.27,328793,0.0
2017-10-09,203.5,204.39,202.0007,204.11,390133,0.0
2017-10-10,203.55,206.83,203.47,206.65,366764,0.0
2017-10-11,207.21,211.49,207.0976,208.19,484340,0.0
2017-10-12,208.87,209.88,205.62,206.92,275926,0.0
2017-10-15,207.25,208.11,205.7,206.22,313117,0.0
2017-10-16,206.21,206.88,205.025,206.48,354377,0.0
2017-10-17,206.64,207.99,205.3,205.66,318136,0.0
2017-10-18,205.68,206.51,204.011,205.19,292373,0.0
2017-10-19,205.58,211.66,204.01,209.78,435133,0.0
2017-10-22,214,214.5,210.9,211.6,1003411,0.0
2017-10-23,211,212.92,208.0652,210.68,1360490,0.0
2017-10-24,214.03,214.03,198.21,204.86,1983898,0.0
2017-10-25,204.57,209.01,202.2,208.4,787323,0.0
2017-10-26,205.5,210.21,205.5,209.97,701694,0.0
2017-10-29,209.55,210.6,203.03,203.72,419565,0.0
2017-10-30,204.13,205.86,203.39,205.18,564243,0.0
2017-10-31,206.57,208.27,205.2,207.71,470846,0.0
2017-11-01,207.26,210.3,207.26,208.81,288297,0.0
2017-11-02,207.88,214.18,207.225,213.96,470530,0.0
2017-11-05,214,214.44,208.86,209.27,368542,0.0
2017-11-06,209.63,212.395,208.66,211.74,469243,0.0
2017-11-07,211.31,211.35,208.942,211.11,255017,0.0
2017-11-08,209,210.56,207.72,209.67,247074,0.0
2017-11-09,208.34,209.47,207.7,208.95,303371,0.0
2017-11-12,207.78,209.39,206.73,209.08,251695,0.0
2017-11-13,207.8,209.6028,204.09,206.05,351113,0.0
2017-11-14,206.21,207,203.82,205.49,313668,0.0
2017-11-15,205.41,209.1,205.41,208.45,370771,0.0
2017-11-16,208.69,209.97,208.08,209.07,262913,0.0
2017-11-19,209.36,211.74,209.36,210.65,337361,0.0
2017-11-20,211.23,212.33,209.72,212.04,325066,0.0
2017-11-21,212.68,215.96,212.19,215.34,534417,0.0
2017-11-23,214.5,216.08,214.5,214.78,145133,0.0
2017-11-26,215,224.245,213.33,223.86,993184,0.0
2017-11-27,224.69,226.42,221.11,226.28,856700,0.0
2017-11-28,226.92,227.85,223.8557,227.45,860954,0.0
2017-11-29,227.75,230.72,227.47,230.03,592333,0.0
2017-11-30,226.55,230.24,222.34,225.24,679784,0.0
2017-12-03,225.33,226.86,213,213.46,908171,0.0
2017-12-04,212.99,215.74,210.05,211.06,615901,0.0
2017-12-05,211.66,214.745,210.31,213.98,416375,0.0
2017-12-06,214.08,216.37,211.32,214.66,373942,0.0
2017-12-07,215.28,218.97,215.16,217.64,397740,0.0
2017-12-10,218.11,218.52,212.1153,214.12,399688,0.0
2017-12-11,214.7,215,211.832,212.81,432677,0.0
2017-12-12,213.61,215.23,213,214.55,273300,0.0
2017-12-13,215.06,215.8,210.53,210.85,373928,0.0
2017-12-14,213.47,216.72,210.18,216.49,691865,0.0
2017-12-17,219.08,219.5,216.84,217.35,426516,0.0
2017-12-18,217.1,217.87,210.37,214.69,412149,0.0
2017-12-19,216.3,217.16,214,216.42,385180,0.0
2017-12-20,217.12,217.48,214.13,214.57,310273,0.0
2017-12-21,213.74,217,213.74,215.74,302514,0.0
2017-12-25,215.36,216.13,213.16,214.21,186419,0.0
2017-12-26,215.49,216.825,213.87,215.42,271969,0.0
2017-12-27,216.4,218.2599,215.6518,217.43,558674,0.0
2017-12-28,217.38,220.4895,217.38,218.55,512861,0.0
2018-01-01,224,224.85,222.13,223.93,507932,0.0
2018-01-02,224.5,231.225,224.265,230.19,626267,0.0
2018-01-03,231.83,233.54,231.23,233,548247,0.0
2018-01-04,231.99,232.9,225.796,228.06,1016796,0.0
2018-01-07,227.55,228.9,225.665,227,529511,0.0
2018-01-08,236.77,245.74,235.48,242.7,2175509,0.0
2018-01-09,242.8,244,238.24,242.58,607191,0.0
2018-01-10,243.85,244.2,239.32,239.93,493737,0.0
2018-01-11,240.95,245.96,240.63,244.68,612785,0.0
2018-01-15,247.33,248.97,241.07,241.469,629308,0.0
2018-01-16,244.48,244.48,240.8718,242.04,426927,0.0
2018-01-17,242.24,243.9,240.13,241.3,466285,0.0
2018-01-18,242.31,244.9,241.44,243.47,568154,0.0
2018-01-21,245,247.63,242.87,245.19,436146,0.0
2018-01-22,244.07,245.07,241.95,242.94,541512,0.0
2018-01-23,243.12,243.8699,241.19,242.52,388189,0.0
2018-01-24,243.48,243.97,240.16,243.39,381367,0.0
2018-01-25,244.21,244.92,242.09,244.79,404872,0.0
2018-01-28,244.18,244.9,238.51,241.78,451730,0.0
2018-01-29,240.69,243.55,238.95,241.18,725500,0.0
2018-01-30,247.45,248.1,229.16,232.69,1239935,0.0
2018-01-31,232,233.56,229.08,230.18,607441,0.0
2018-02-01,227.98,228.99,219.54,220.14,1008435,0.0
2018-02-04,221.45,223.54,212.95,213.03,989250,0.0
2018-02-05,210,221.55,207.51,220.79,1197688,0.0
2018-02-06,218.85,223.64,216.77,221.2,805280,0.0
2018-02-07,220.96,221,209.48,209.48,936120,0.0
2018-02-08,211.59,219.58,210.08,217.17,1363671,0.0
2018-02-11,218.55,222.855,216.35,221.109,657196,0.0
2018-02-12,219.36,221.1,217.8,220.57,441371,0.0
2018-02-13,217.47,223.85,216.34,223.06,507568,0.0
2018-02-14,224.6,229.545,223.7262,229.13,494963,0.0
2018-02-15,228.85,230.95,227.03,229.1,465725,0.0
2018-02-19,228.35,229.95,225.455,226.57,311075,0.0
2018-02-20,226.57,233.25,226.46,227.91,376857,0.0
2018-02-21,229.49,230.88,225.92,226.79,279835,0.0
2018-02-22,228.5,233.92,226.615,233.85,307829,0.0
2018-02-25,234.54,235.43,231.0301,233.42,380300,0.0
2018-02-26,232.87,234.08,229.73,229.73,424379,0.0
2018-02-27,231.25,233.25,227.95,228.08,445159,0.0
2018-02-28,227.41,229.49,222.9294,224.561,412007,0.0
2018-03-01,222.29,229.85,221.49,229.19,547540,0.0
2018-03-04,227.17,232.47,226.05,230.9,325466,0.0
2018-03-05,231.34,236.74,230.79,235.78,411197,0.0
2018-03-06,233.54,242.19,231.6184,241.16,499594,0.0
2018-03-07,241.5,243.72,240.3,243.52,369113,0.0
2018-03-08,244.48,250.67,244.15,250.11,457676,0.0
2018-03-11,251.33,254.89,250.07,253.1,432002,0.0
2018-03-12,254.94,256.049,251.11,253.53,385434,0.0
2018-03-13,254.65,255.92,250.46,251.86,478673,0.0
2018-03-14,252.26,255.61,251.24,251.57,469880,0.0
2018-03-15,252.92,256.64,252.24,253.94,501447,0.0
2018-03-18,252.5,254.205,246.79,248.74,456447,0.0
2018-03-19,249.62,253.18,247.48,252.63,396596,0.0
2018-03-20,252.25,252.73,245.97,246.85,439766,0.0
2018-03-21,244.75,247.89,240.97,241.05,482532,0.0
2018-03-22,241.22,244.32,235.32,235.49,511496,0.0
2018-03-25,239.14,242.62,236,242.29,524175,0.0
2018-03-26,243.85,248.5033,236,237.4,377108,0.0
2018-03-27,238.03,239.875,233.285,234.99,466656,0.0
2018-03-28,236.82,238.9,232.6,236.42,391234,0.0
2018-04-01,235.83,236.65,226.29,229.911,483940,0.0
2018-04-02,230.91,232.865,227.24,229.94,434342,0.0
2018-04-03,227.13,238.66,225.815,237.75,584267,0.0
2018-04-04,238.82,239.52,235.43,236.37,345065,0.0
2018-04-05,234.76,236.06,226.07,228.13,441587,0.0
2018-04-08,229.06,235.1,228.1401,230.27,364079,0.0
2018-04-09,234.6,240.46,233.05,238.91,516365,0.0
2018-04-10,237.96,241.3932,237.19,237.67,297123,0.0
2018-04-11,238.48,243.96,238.48,242.02,273254,0.0
2018-04-12,243.62,243.62,239.95,241.47,226090,0.0
2018-04-15,243.21,248.18,242.735,245.21,401487,0.0
2018-04-16,246.86,251.24,245.21,248.39,631154,0.0
2018-04-17,248.96,252.82,248.55,249.99,868080,0.0
2018-04-18,249.45,249.77,244.01,245.84,541420,0.0
2018-04-19,246.64,247.22,243.42,244.61,746016,0.0
2018-04-22,245.73,246.98,244.29,245.85,519986,0.0
2018-04-23,246.99,247.1699,234.71,238.41,703405,0.0
2018-04-24,251.99,251.99,226.62,231.12,2260022,0.0
2018-04-25,232,244.2,231.52,242.65,1992990,0.0
2018-04-26,241.63,244.69,240.44,244.45,499918,0.0
2018-04-29,245.57,245.89,240.93,240.93,396685,0.0
2018-04-30,240.03,243.66,240,242.92,326743,0.0
2018-05-01,242.6,245.98,239.72,240.44,354189,0.0
2018-05-02,238.45,240.78,235.74,239.96,359449,0.0
2018-05-03,237.79,244.9,236.715,244.83,381346,0.0
2018-05-06,251.29,259.27,250.05,256.88,801563,0.0
2018-05-07,255.49,258,254.84,256.13,465724,0.0
2018-05-08,256.51,264.2,254.15,262.45,615345,0.0
2018-05-09,263.83,266.25,261.77,265.03,499398,0.0
2018-05-10,265.46,267.32,264.27,266.99,364422,0.0
2018-05-13,266.99,272.9,266.33,269.47,415341,0.0
2018-05-14,267.53,267.92,262.32,263.75,456545,0.0
2018-05-15,263.75,269.6,263.75,268.73,354323,0.0
2018-05-16,268.96,271.56,267.411,268.45,289445,0.0
2018-05-17,268.27,271.7762,267.12,269.73,333900,0.0
2018-05-20,271,271.91,266.965,268.4,344208,0.0
2018-05-21,270,273,268.31,270.85,453901,0.0
2018-05-22,268.16,272.73,267.5803,271.71,455929,0.0
2018-05-23,273.23,273.935,269.8,270.83,419859,0.0
2018-05-24,269.71,271.35,264.5,266.15,444747,0.0
2018-05-28,264.24,266.72,261.61,266.32,559896,0.0
2018-05-29,267.82,275.34,267.82,272.35,479061,0.0
2018-05-30,271.84,275.32,269.69,272.41,368477,0.0
2018-05-31,274.61,276.61,271.75,276.4,312761,0.0
2018-06-03,277,281.74,276.68,280.201,390462,0.0
2018-06-04,280.35,281.51,277.48,279.11,250040,0.0
2018-06-05,280.38,285.49,277.88,285.37,441877,0.0
2018-06-06,285.3,286.13,278.66,280.54,320803,0.0
2018-06-07,280.36,282.21,278.58,282.03,325511,0.0
2018-06-10,281.6,287.74,281.2,284.15,413694,0.0
2018-06-11,284,292.45,283.23,292.07,479550,0.0
2018-06-12,292,293.15,286.22,287.24,395665,0.0
2018-06-13,289.27,291.38,287.34,290.17,413166,0.0
2018-06-14,289.61,291.55,286.29,288.75,665888,0.0
2018-06-17,286.65,289.51,284.29,288.72,380009,0.0
2018-06-18,286.21,286.74,283.58,285.68,432864,0.0
2018-06-19,287,288.88,285.25,287.67,334209,0.0
2018-06-20,288.45,289.44,284.31,286.04,262794,0.0
2018-06-21,286.9,286.9,282.3,282.61,527491,0.0
2018-06-24,282.35,286.2,271.68,274.46,901972,0.0
2018-06-25,275.55,276.51,273.0875,275.51,694459,0.0
2018-06-26,276.49,278.46,270.45,270.6,463322,0.0
2018-06-27,270.25,277.77,268.921,275.53,548584,0.0
2018-06-28,276.86,281.19,276.8,279.4,389337,0.0
2018-07-01,278.9,279.12,274.66,278.95,272732,0.0
2018-07-02,280.65,282.75,279.52,280.78,277769,0.0
2018-07-04,280.52,282.8806,277,280.48,308187,0.0
2018-07-05,281.38,286.95,280.04,286.22,388175,0.0
2018-07-08,287.49,289.12,285.21,288.69,424103,0.0
2018-07-09,290.86,293.22,287.83,291.43,783760,0.0
2018-07-10,288.52,297.25,288.52,294.51,550741,0.0
2018-07-11,295.57,304.98,295.17,304.7,964270,0.0
2018-07-12,303.38,308.515,302.51,306.95,630415,0.0
2018-07-15,314.96,314.96,301.16,301.99,442958,0.0
2018-07-16,300.1,307.37,299.51,305.49,408408,0.0
2018-07-17,305.51,308.0813,303.11,307.19,414224,0.0
2018-07-18,306.32,311.09,305.9,309.11,330958,0.0
2018-07-19,309.69,312.55,308.655,311.2,485879,0.0
2018-07-22,311.15,313.65,310.283,311.03,510625,0.0
2018-07-23,313.22,314.77,305.31,308.64,759757,0.0
2018-07-24,308,316.61,307.87,315.747,378164,0.0
2018-07-25,317.16,317.16,309.41,311.42,575613,0.0
2018-07-26,312.72,314,298.2,301.15,856425,0.0
2018-07-29,297.97,300,287.85,289.36,1214307,0.0
2018-07-30,313.11,325.22,304.16,324.56,2506449,0.0
2018-07-31,324.14,332.235,320.34,323.23,980747,0.0
2018-08-01,320.7,332.92,318.79,332.5,694320,0.0
2018-08-02,331.91,335.19,328.671,332.49,847638,0.0
2018-08-05,332.79,337.58,330.335,332.36,518935,0.0
2018-08-06,337.91,341.08,336.05,337.2,667917,0.0
2018-08-07,336.53,339.05,335.943,338.11,506033,0.0
2018-08-08,338.58,338.6521,332.37,333.53,510975,0.0
2018-08-09,331.63,333.525,329.441,330.19,582072,0.0
2018-08-12,330,332.235,326.8,327.39,638625,0.0
2018-08-13,329.13,331.215,327.15,330.27,477380,0.0
2018-08-14,327.59,329.76,325,327.89,402518,0.0
2018-08-15,329.35,332,326.34,327.07,750182,0.0
2018-08-16,329,329.82,324.105,325.72,893490,0.0
2018-08-19,326.04,329.84,323.81,326.005,765702,0.0
2018-08-20,326.12,334,326.12,331.42,546439,0.0
2018-08-21,330.02,335.91,330.02,335.75,337287,0.0
2018-08-22,335.96,338.24,333.28,335.65,449750,0.0
2018-08-23,335.47,343.11,335.1,340.575,491223,0.0
2018-08-26,342.22,346.2,341.76,345.11,500731,0.0
2018-08-27,348.01,350.99,342.1899,344.79,664933,0.0
2018-08-28,346.17,350.71,344.23,350.63,398522,0.0
2018-08-29,349.85,353.4,349.53,353.01,394223,0.0
2018-08-30,352.86,357.9295,351.73,354.84,707555,0.0
2018-09-03,354.18,354.705,349.89,353.09,494869,0.0
2018-09-04,352.9,352.95,344.63,346.3234,698869,0.0
2018-09-05,349.11,351.4325,347.01,348.31,481094,0.0
2018-09-06,346.37,350,343.1197,345.18,461759,0.0
2018-09-09,346.8,349.64,342.99,349.37,270086,0.0
2018-09-10,348.77,353.47,345.09,352.25,277188,0.0
2018-09-11,351.86,352.38,347.1,349.72,269408,0.0
2018-09-12,350.95,356.1,350.95,356.06,397616,0.0
2018-09-13,357.6,357.77,350.7941,353.12,406834,0.0
2018-09-16,353.05,353.56,346.17,347.23,388701,0.0
2018-09-17,348.17,354.77,348.0035,350.99,314438,0.0
2018-09-18,350.09,351.87,346.24,350.36,277262,0.0
2018-09-19,352.4,356.51,350.98,356.22,382889,0.0
2018-09-20,358.1,360.63,356.5,358.16,632251,0.0
2018-09-23,356.32,359.33,353.5131,358.16,310647,0.0
2018-09-24,358.75,362,357.02,358.97,531518,0.0
2018-09-25,361.54,365.86,360.48,361.46,489629,0.0
2018-09-26,363,368,362.53,366.97,409489,0.0
2018-09-27,367.46,372.61,364.49,367.07,509050,0.0
2018-09-30,369.15,371.91,365.34,366.46,440405,0.0
2018-10-01,367.18,368.84,361.58,362.19,421563,0.0
2018-10-02,363.59,363.59,358.77,359.43,313365,0.0
2018-10-03,357.98,358.74,342.59,344.71,785620,0.0
2018-10-04,334,336.9,326,329.44,1452796,0.0
2018-10-07,329.02,330.06,320.47,325.9,739366,0.0
2018-10-08,324.96,327.81,321.36,323.91,465260,0.0
2018-10-09,321.58,322.43,304.58,304.8,1349235,0.0
2018-10-10,304.76,316.115,304.01,307.44,1044943,0.0
2018-10-11,316.55,324.33,316.25,321.61,1197498,0.0
2018-10-14,320.41,321.58,313.3,313.37,413647,0.0
2018-10-15,316.48,328,314.5,326.51,1181226,0.0
2018-10-16,326.59,329.43,322.74,328.98,511849,0.0
2018-10-17,329.02,329.93,318.87,321.57,652158,0.0
2018-10-18,324,328.43,312.71,313.09,886631,0.0
2018-10-21,314.81,318.98,310.82,317.25,562626,0.0
2018-10-22,311.71,314.91,301.63,313.85,1090027,0.0
2018-10-23,310.58,320.03,288.92,289.12,1936176,0.0
2018-10-24,292.82,300.86,289.3719,298.19,1077191,0.0
2018-10-25,290.74,300.71,286.14,295.07,949193,0.0
2018-10-28,301.57,303.23,286.19,292.42,829027,0.0
2018-10-29,292.81,304.05,289.27,303.75,736691,0.0
2018-10-30,308.3,316.9,307.328,311.15,720358,0.0
2018-10-31,311.86,314.74,307.52,312.67,572481,0.0
2018-11-01,316.89,329.85,316.23,328.01,1318826,0.0
2018-11-04,329.35,329.4,321.33,324.11,668355,0.0
2018-11-05,322.6,326.68,318.29,322.73,571890,0.0
2018-11-06,325,343.04,323.7,342.82,1214931,0.0
2018-11-07,341.3,349.32,339.54,339.55,946549,0.0
2018-11-08,339.61,339.61,324.57,329.26,780487,0.0
2018-11-11,324.5,326.07,310.05,310.52,813822,0.0
2018-11-12,312.61,316.78,308.2063,311.22,645565,0.0
2018-11-13,312.5,314.52,306.3,308.04,632341,0.0
2018-11-14,306.64,319.85,303.57,319.51,802324,0.0
2018-11-15,317.96,327.09,314.82,319.87,819303,0.0
2018-11-18,320.3,320.74,300.295,301.69,1178554,0.0
2018-11-19,298.19,308.75,292.04,301.08,1531955,0.0
2018-11-20,304.49,312.73,302.21,310.06,860922,0.0
2018-11-22,306.74,314.5,304.71,310.51,388000,0.0
2018-11-25,314.24,317.365,311.61,316.69,639019,0.0
2018-11-26,314.87,322.25,313.45,321.7,681607,0.0
2018-11-27,321.8,334.38,320.88,334.38,967087,0.0
2018-11-28,332,341.31,331.96,338.04,743534,0.0
2018-11-29,337.01,338.85,331.14,337.49,736835,0.0
2018-12-02,343.57,350.36,342.46,350.34,1354601,0.0
2018-12-03,349.94,356.88,333.37,334.24,1466636,0.0
2018-12-05,327.5,334.42,323.11,334.31,1291541,0.0
2018-12-06,331.04,334.46,318.7,321.41,922653,0.0
2018-12-09,321.5,324.8,315.08,322.99,689809,0.0
2018-12-10,327.8,331.46,324.71,329,602748,0.0
2018-12-11,334.13,342.34,332.01,336.7,695677,0.0
2018-12-12,339.42,342.1825,330.82,334.6,500715,0.0
2018-12-13,331,332.88,326.03,326.46,645831,0.0
2018-12-16,327.8,327.8,307.85,310.92,1040128,0.0
2018-12-17,313.86,317.61,309.35,313.58,851283,0.0
2018-12-18,314.4,320.68,301.76,303.46,1086335,0.0
2018-12-19,302.82,304.31,288.06,292.4,1550655,0.0
2018-12-20,292.46,295.87,278.8,278.96,2027709,0.0
2018-12-23,276.07,280.48,269.08,272.34,735430,0.0
2018-12-25,273.87,293.7,273.87,293.42,1126030,0.0
2018-12-26,287.78,299.64,285.22,299.52,1200135,0.0
2018-12-27,303.26,305,295.36,297.54,638741,0.0
2018-12-30,300.9,304.89,295.58,297.47,428916,0.0
2019-01-01,294.71,297.9,289.9162,294.3,648076,0.0
2019-01-02,298.69,298.69,283.7874,284.92,1077558,0.0
2019-01-03,290.31,303.45,290.0297,303.02,1061095,0.0
2019-01-06,301.84,314.115,301.06,308.32,844064,0.0
2019-01-07,292.03,298.84,284.4,293.44,2285201,0.0
2019-01-08,296.2,306.125,295.5012,305,1082670,0.0
2019-01-09,304.42,309.79,299.35,309.7,542192,0.0
2019-01-10,307.45,309.17,303.11,306.77,560555,0.0
2019-01-13,303.74,305.24,299.01,299.28,585660,0.0
2019-01-14,300,307.39,300,305.09,698168,0.0
2019-01-15,305.99,312.525,305.05,305.67,604929,0.0
2019-01-16,306.26,313.38,306.1,310,423148,0.0
2019-01-17,313.85,314.745,306.26,312.06,923778,0.0
2019-01-21,311.64,312.365,301.64,302.875,635027,0.0
2019-01-22,303.53,308.13,297.0701,301.83,646351,0.0
2019-01-23,303.39,304.43,298.49,301.41,533033,0.0
2019-01-24,300.96,303.99,293.3,293.643,1142354,0.0
2019-01-27,293.48,293.48,287.21,287.25,1143793,0.0
2019-01-28,289.04,289.62,280.52,285.21,1197043,0.0
2019-01-29,276.13,281.75,268.62,272,2507278,0.0
2019-01-30,273.03,284.13,273.03,280.2,1250434,0.0
2019-01-31,280.11,286.31,279.53,282.525,866477,0.0
2019-02-03,283.41,284.99,278.35,280.93,614140,0.0
2019-02-04,280.93,284.2,279.31,282.21,914194,0.0
2019-02-05,280.24,285.36,280.24,284.28,615959,0.0
2019-02-06,282,283.17,274.35,276.51,752872,0.0
2019-02-07,275.51,284.97,275.1,283.83,884101,0.0
2019-02-10,285.39,289.595,283.91,284.3309,574496,0.0
2019-02-11,287.79,292.83,287.02,292.07,589556,0.0
2019-02-12,293.66,296.62,290.7112,293.72,719437,0.0
2019-02-13,292.34,295.2561,291.86,292.96,500842,0.0
2019-02-14,296.56,299.79,294.02,299.34,613210,0.0
2019-02-18,299.62,304.52,299.14,302.11,685844,0.0
2019-02-19,303.17,303.55,298.01,302.24,650129,0.0
2019-02-20,302.22,302.99,295.55,296.755,560428,0.0
2019-02-21,297.56,301.995,297.56,301.04,428953,0.0
2019-02-24,302.82,306.31,301.92,304.74,502434,0.0
2019-02-25,304.63,305.05,300.31,301.21,807403,0.0
2019-02-26,300,309.37,299.501,309.16,632985,0.0
2019-02-27,309.27,314.68,308.37,312.87,1161647,0.0
2019-02-28,313.93,322.32,313.57,321.19,974960,0.0
2019-03-03,321.24,321.655,304,307.79,1132187,0.0
2019-03-04,308.52,308.91,303.21,303.79,524876,0.0
2019-03-05,304.6,305.7,298.05,298.65,645085,0.0
2019-03-06,298.41,298.66,289.28,291.91,1039000,0.0
2019-03-07,287.76,294.93,285.4965,294.51,781226,0.0
2019-03-10,295.39,300.49,294.865,300.07,584851,0.0
2019-03-11,302,306.1,299.75,305.43,775979,0.0
2019-03-12,306.5,310.85,306.38,308.28,559584,0.0
2019-03-13,308.06,309.5,306.25,309.27,418554,0.0
2019-03-14,308.77,310.23,306.65,309.88,413706,0.0
2019-03-17,309.78,310.3,303.4188,305.75,617317,0.0
2019-03-18,307.36,311.7,306.131,310.66,674345,0.0
2019-03-19,310.92,316.73,309.76,315.29,762569,0.0
2019-03-20,313.73,319.85,313.31,319.1,653389,0.0
2019-03-21,319.08,319.267,308.4,308.78,905192,0.0
2019-03-24,308,308.68,301.62,303.7,663822,0.0
2019-03-25,305.97,308.98,304.15,307.5,485825,0.0
2019-03-26,306.93,308.34,299.66,302.07,619914,0.0
2019-03-27,303,305.9,301.12,305.14,448090,0.0
2019-03-28,308.27,311.13,305.55,310.72,674895,0.0
2019-03-31,314.45,317.42,314.075,316.85,367687,0.0
2019-04-01,315,318.31,311.27,316.1,589613,0.0
2019-04-02,318.86,321.73,317.04,319.28,554064,0.0
2019-04-03,318.03,318.55,311.84,314.85,486007,0.0
2019-04-04,317.36,323.62,316.16,323.5,733651,0.0
2019-04-07,322.13,324,314.09,323.6,989134,0.0
2019-04-08,320.92,322.565,315.37,316.41,837331,0.0
2019-04-09,317.01,325.49,314.4,324.93,924155,0.0
2019-04-10,325,328.58,322.81,328.52,831477,0.0
2019-04-11,331.86,340.4,331.18,338.38,1349009,0.0
2019-04-14,338.62,340.056,333.68,335.13,964620,0.0
2019-04-15,336.1,339.79,327.18,329.5,704002,0.0
2019-04-16,330.93,331.68,315.3501,318.74,1045096,0.0
2019-04-17,321.77,323.46,312.5,319.01,989500,0.0
2019-04-21,318.58,321.42,315.75,318.96,470883,0.0
2019-04-22,315.42,325.12,314.01,321.97,1000013,0.0
2019-04-23,321.96,323.42,314,314.25,747644,0.0
2019-04-24,314.12,320.8491,312.5,318.91,1057009,0.0
2019-04-25,315,315.8,305.185,313.91,2023052,0.0
2019-04-28,313.74,316.75,306.85,311.89,1423501,0.0
2019-04-29,312.49,315,309.305,311.9,926872,0.0
2019-04-30,311.77,312.895,308.405,310.27,714456,0.0
2019-05-01,309.22,314.9,308.63,312.65,693507,0.0
2019-05-02,315.74,325.955,314.64,325.52,1062096,0.0
2019-05-05,318.07,326.3,316,324.93,739629,0.0
2019-05-06,321.45,323.26,317.52,320.56,791364,0.0
2019-05-07,318.59,322.83,316.1,319.28,597602,0.0
2019-05-08,318.32,318.755,310.64,317.42,924845,0.0
2019-05-09,315.32,319.08,306.355,315.82,918643,0.0
2019-05-12,307.95,309.9875,300.42,300.86,936163,0.0
2019-05-13,303.25,307.38,301.55,304.55,946765,0.0
2019-05-14,301.95,308.23,301,306.58,782912,0.0
2019-05-15,307.41,310.55,307.41,309.92,692183,0.0
2019-05-16,307.1,313.19,307.1,307.6,574183,0.0
2019-05-19,304.62,306.9,300.35,300.59,680072,0.0
2019-05-20,304.17,313.3,304.17,306.6,789574,0.0
2019-05-21,304.44,314.21,303.95,312.7,557477,0.0
2019-05-22,310,313.2,305.5,309,566786,0.0
2019-05-23,311.64,315.5,311.64,312.51,531450,0.0
2019-05-27,312.82,319.75,312.77,312.77,704721,0.0
2019-05-28,310.42,313.91,307.2954,308.28,577606,0.0
2019-05-29,309.26,313.73,309,311.23,574110,0.0
2019-05-30,308.03,310.97,306.22,306.91,693226,0.0
2019-06-02,306.88,312.55,302.72,303.69,903469,0.0
2019-06-03,307.2,314.23,304.08,313.83,721555,0.0
2019-06-04,315.56,319.57,314.57,317.98,566107,0.0
2019-06-05,318.18,320,317.09,318.67,371667,0.0
2019-06-06,321.04,340.11,320.475,335.49,1164854,0.0
2019-06-09,335.03,341.24,334.57,337.12,959426,0.0
2019-06-10,340.25,344.59,333.55,335.89,567931,0.0
2019-06-11,334.53,340,333.89,339.27,449437,0.0
2019-06-12,338.45,342.71,338.45,341.36,903405,0.0
2019-06-13,341.3,344.36,340.43,344.01,1313130,0.0
2019-06-16,344.92,352.605,344.69,351.11,735996,0.0
2019-06-17,353.72,354.0999,347.4,347.89,864662,0.0
2019-06-18,346.48,352.82,346.33,352.15,771291,0.0
2019-06-19,355.32,359.79,352.25,358.63,865874,0.0
2019-06-20,356.9,363.575,355.84,361.52,927355,0.0
2019-06-23,361.6,363.28,357.6123,357.75,509132,0.0
2019-06-24,358.21,362.16,354.8826,357.99,615441,0.0
2019-06-25,358.15,358.995,354.48,356.4,565513,0.0
2019-06-26,358.94,359.165,352.53,356.24,609947,0.0
2019-06-27,357.77,369,354.64,368.37,718862,0.0
2019-06-30,371.29,371.605,367.99,370.81,888908,0.0
2019-07-01,372,372.48,365.31,371.38,416560,0.0
2019-07-02,372.15,378.17,371.6193,377.9,436751,0.0
2019-07-04,378.83,379.54,373.645,378.37,515655,0.0
2019-07-07,377.59,378,372.1,375.18,612283,0.0
2019-07-08,372.65,377.66,368.79,377.41,780111,0.0
2019-07-09,376.5,380.76,371.38,372.7,1124329,0.0
2019-07-10,371.31,371.31,359.03,363.62,1268455,0.0
2019-07-11,310.25,312.47,303.92,305.04,7756525,0.0
2019-07-14,305.17,306.9,300.52,302.25,3321679,0.0
2019-07-15,303.1,306,301.46,302.26,1522153,0.0
2019-07-16,302.3,305.11,302.09,302.88,1111069,0.0
2019-07-17,303,304.9311,295.95,298.66,1449466,0.0
2019-07-18,297.79,298.2,291,293.23,1548343,0.0
2019-07-21,294.56,299.355,293.87,298.24,1042620,0.0
2019-07-22,300,305.77,297.07,304.77,1323248,0.0
2019-07-23,304,306.93,301.97,304.02,782506,0.0
2019-07-24,304.73,304.73,297.92,298.72,720808,0.0
2019-07-25,300,302.98,296.08,301.26,782076,0.0
2019-07-28,301.34,305.2995,298.88,304.44,960941,0.0
2019-07-29,298.86,304,294.83,300,2217651,0.0
2019-07-30,300.76,303.935,296.4,299.17,1548546,0.0
2019-07-31,300,306.07,298.63,301.84,1112061,0.0
2019-08-01,301,301,292.58,297.38,788691,0.0
2019-08-04,292.75,294.66,286.76,289.06,1116742,0.0
2019-08-05,291.34,292.45,285.37,291.94,813039,0.0
2019-08-06,290.07,293.77,285.59,292.87,681961,0.0
2019-08-07,293.09,298.72,291.4,298.51,662763,0.0
2019-08-08,297.43,299.4,292.36,294.1,682378,0.0
2019-08-11,292.09,294.1,288.73,290.37,541504,0.0
2019-08-12,289.53,297.88,288.01,293.99,666083,0.0
2019-08-13,288.36,289.45,284.1445,285.15,840018,0.0
2019-08-14,286.81,287.42,282.41,284.77,601730,0.0
2019-08-15,288.17,291.355,285.49,286.12,789709,0.0
2019-08-18,290,290,286.59,288.65,578535,0.0
2019-08-19,288.65,290,284.51,284.58,535254,0.0
2019-08-20,285.54,290.63,284.71,290.51,436761,0.0
2019-08-21,290.27,291.355,285.71,288.66,369325,0.0
2019-08-22,288.94,289.44,278.12,279.55,973888,0.0
2019-08-25,281.93,282.778,279.2,282.27,684854,0.0
2019-08-26,284.56,289,283.2509,285.09,501451,0.0
2019-08-27,283.41,284.48,281.075,281.62,529214,0.0
2019-08-28,285.69,286.71,283.38,284.93,536031,0.0
2019-08-29,285.42,286.29,280.085,281.37,437900,0.0
2019-09-02,279.88,280.36,269.86,272.17,1249474,0.0
2019-09-03,274,274.69,268,271.73,1140318,0.0
2019-09-04,274.62,274.62,271.16,271.68,1599040,0.0
2019-09-05,271.26,272.96,269.63,270.04,1250345,0.0
2019-09-08,271.5,272.25,265.41,266.84,1406828,0.0
2019-09-09,264.56,277.46,263.3,276.04,1170262,0.0
2019-09-10,278.39,289.87,277.825,289.69,1674722,0.0
2019-09-11,292.2,300.29,291.95,297.51,1741822,0.0
2019-09-12,299.74,303.675,297.81,300.91,1092421,0.0
2019-09-15,299.19,303.18,296.8,300.89,704852,0.0
2019-09-16,301.17,303.75,297.24,298.43,833822,0.0
2019-09-17,298.69,303.13,297.78,303.01,815641,0.0
2019-09-18,301.2,306.735,301.2,305.05,704993,0.0
2019-09-19,303.47,310.43,302.82,309.57,1245468,0.0
2019-09-22,307.73,309.48,304.8,305.69,568372,0.0
2019-09-23,307.05,307.37,293.84,295.28,1170166,0.0
2019-09-24,295.72,301.51,293.43,300.13,624218,0.0
2019-09-25,299.88,302.305,297.42,298.72,519126,0.0
2019-09-26,301.62,304.13,298.38,301.29,552160,0.0
2019-09-29,303.32,306.06,300.01,304.32,496117,0.0
2019-09-30,304.22,308.33,295.48,295.97,659521,0.0
2019-10-01,294.9,295.32,285.67,288.34,1169976,0.0
2019-10-02,288,296.99,286.05,296.89,689176,0.0
2019-10-03,296.58,302.5501,296.51,302.22,1200448,0.0
2019-10-06,300.68,305.5,299.03,301.48,792972,0.0
2019-10-07,297.66,300.755,286,288.35,1881690,0.0
2019-10-08,291.42,299.1,291.4,297.01,1509939,0.0
2019-10-09,296.8,299.685,294.36,298.18,905655,0.0
2019-10-10,302.34,307.5,302.1,302.38,1121430,0.0
2019-10-13,302.62,310.42,302.49,310.31,1213768,0.0
2019-10-14,309.97,313.2387,308.84,312.17,1028417,0.0
2019-10-15,311.98,312.86,307.64,309.57,1093498,0.0
2019-10-16,311.84,312.7,309.2,310.69,972719,0.0
2019-10-17,311.26,312.48,307.175,309.6,1012965,0.0
2019-10-20,310.23,314.97,310.23,313.82,403562,0.0
2019-10-21,314.38,317.71,308.36,309.11,651513,0.0
2019-10-22,309.77,315.63,308.54,312.56,541827,0.0
2019-10-23,313.37,315.8,309.01,315.24,797828,0.0
2019-10-24,298.85,299.4601,279.76,290.58,4693649,0.0
2019-10-27,292.93,311.135,291.48,304.06,2244889,0.0
2019-10-28,303,307.84,300,301.74,942675,0.0
2019-10-29,301.58,302.215,292.9,296.5,982563,0.0
2019-10-30,296.34,300.342,291.95,295.61,747468,0.0
2019-10-31,297.28,303.79,296.8387,300.45,790776,0.0
2019-11-03,302.97,305.46,300.14,303.5,628222,0.0
2019-11-04,305.06,307.32,300.64,300.92,649446,0.0
2019-11-05,300.9,301.325,293.06,297.28,706228,0.0
2019-11-06,299.35,299.818,293.33,295.25,854949,0.0
2019-11-07,293,294.95,290.26,293.23,803284,0.0
2019-11-10,293.02,295.62,290.82,295.055,686283,0.0
2019-11-11,295.87,299,294.25,295.73,491124,0.0
2019-11-12,295.29,298.65,294.235,298.22,313994,0.0
2019-11-13,299.56,300.24,294.8971,298.44,486901,0.0
2019-11-14,301.05,306.49,299.235,305.98,653716,0.0
2019-11-17,305.9,306.85,301.93,306.75,800684,0.0
2019-11-18,307.31,313.84,307,311.02,768895,0.0
2019-11-19,308.61,315.79,308.3875,314.78,735459,0.0
2019-11-20,313.94,314.669,309.3594,313,445072,0.0
2019-11-21,313.86,316,312.06,315.61,519888,0.0
2019-11-24,315.52,318,314.21,317.22,616151,0.0
2019-11-25,317,321.23,315.2747,319.01,686173,0.0
2019-11-26,319.82,321.1,318.84,320.97,584357,0.0
2019-11-28,320.21,322.784,319.62,320.76,361189,0.0
2019-12-01,320.33,321.82,316.77,319.7,670240,0.0
2019-12-02,317.52,323.37,315.515,322.98,619027,0.0
2019-12-03,321.69,322.415,319.36,319.63,646018,0.0
2019-12-04,320,321.34,318.99,319.86,361767,0.0
2019-12-05,321,328.39,319.644,326.48,837311,0.0
2019-12-08,326.19,328.05,323.6,326.59,694227,0.0
2019-12-09,326.01,329.3,324.11,327.02,700780,0.0
2019-12-10,326,326,317.435,320.36,697746,0.0
2019-12-11,320.89,324.93,319,321.9,690019,0.0
2019-12-12,322.62,326.03,319.57,324.79,557802,0.0
2019-12-15,327.35,328.85,325.17,327.835,710104,0.0
2019-12-16,328,328,320.51,323.63,578826,0.0
2019-12-17,323.54,326.6,320.75,325.13,689484,0.0
2019-12-18,325.23,326.27,318.08,325.2,566393,0.0
2019-12-19,326.75,331.16,324.785,330.12,1211653,0.0
2019-12-22,329.72,334.32,328,334.08,882590,0.0
2019-12-23,330.41,336.63,330.41,335.52,353335,0.0
2019-12-25,335.51,335.9999,330.14,331.28,788324,0.0
2019-12-26,332.53,332.7811,329.43,332.29,376426,0.0
2019-12-29,332.25,332.5818,324.76,328.22,665530,0.0
2019-12-30,326.27,331.96,326.27,331.75,332112,0.0
2020-01-01,329.05,332.85,323.2867,326.95,629016,0.0
2020-01-02,322.49,325.14,321.01,322.64,1199931,0.0
2020-01-05,320.97,325.71,318.77,325.53,554194,0.0
2020-01-06,325,331.17,325,329.59,699225,0.0
2020-01-07,328.32,334.4999,326.74,332.16,570789,0.0
2020-01-08,334.99,336.97,332.64,334.6,775569,0.0
2020-01-09,336.61,339.63,333.66,335.43,862688,0.0
2020-01-12,335.91,337.8132,312.825,323.14,2119953,0.0
2020-01-13,324.08,325.49,317.025,317.11,2041031,0.0
2020-01-14,320,322.17,318.02,320.5,1060009,0.0
2020-01-15,323.43,326.45,321.59,326,594241,0.0
2020-01-16,327.61,327.93,320.46,324.67,1001484,0.0
2020-01-20,323.22,330.53,322.13,328.29,2104657,0.0
2020-01-21,328.55,332.62,328.18,330.99,1369798,0.0
2020-01-22,330.32,330.61,326.66,327.1,1610679,0.0
2020-01-23,327.72,328.31,318.28,319.57,1945368,0.0
2020-01-26,314.62,316.75,311.46,313.93,720103,0.0
2020-01-27,315.46,316.6587,312.42,314.28,915892,0.0
2020-01-28,315,316.51,312.11,313.37,1114516,0.0
2020-01-29,297.5,315.24,295.25,296,3159864,0.0
2020-01-30,296.24,296.83,288.86,289.94,1292216,0.0
2020-02-02,293.1,296.18,292.13,293.43,819274,0.0
2020-02-03,297.78,298.992,295.79,296,971377,0.0
2020-02-04,300.28,302.54,297.61,300.36,1592876,0.0
2020-02-05,302.75,302.99,299.8103,301.25,553386,0.0
2020-02-06,301,301.37,293.81,294.3,948542,0.0
2020-02-09,294.36,295.555,293.5,294.35,1128202,0.0
2020-02-10,296.9,298.74,295.09,296,3446418,0.0
2020-02-11,297.63,298.29,291.53,293.43,1642580,0.0
2020-02-12,292.64,293.62,290.56,291.33,1929889,0.0
2020-02-13,292.92,300.07,292.09,298.92,1418813,0.0
2020-02-17,299,300.065,296.91,299.99,731824,0.0
2020-02-18,301.68,305.45,300.5,303.2,1117226,0.0
2020-02-19,304,305.39,297.73,300.47,601003,0.0
2020-02-20,300,301.425,294.79,295.92,636974,0.0
2020-02-23,288.34,289.67,279,281.11,1195773,0.0
2020-02-24,282.65,282.99,269.04,269.96,1141443,0.0
2020-02-25,271.96,280.78,271.045,274.73,1202457,0.0
2020-02-26,268.49,273.64,258.97,259.68,2099166,0.0
2020-02-27,253.74,265.88,252.431,265.67,2235100,0.0
2020-03-01,268.02,278.39,265.35,278.28,1341881,0.0
2020-03-02,277.4,285.34,270.72,272.97,1202889,0.0
2020-03-03,276,282.42,273.1,282.42,765397,0.0
2020-03-04,273.95,280.02,272.37,276.04,818632,0.0
2020-03-05,265.96,275.82,265.96,274.33,929239,0.0
2020-03-08,257.64,268.38,255.52,259.45,1511091,0.0
2020-03-09,266.8,270.69,257.23,268.33,2393860,0.0
2020-03-10,261.61,263.93,241.47,246,3324752,0.0
2020-03-11,229.73,235.6,222.32,223.05,2091949,0.0
2020-03-12,232.53,235.5,211.24,233.34,2231055,0.0
2020-03-15,210.3,228.54,205.78,210.96,3396032,0.0
2020-03-16,214.89,232.47,207.49,225.76,1437761,0.0
2020-03-17,214.42,224.99,196.78,209.08,1621523,0.0
2020-03-18,208.15,229.8,199,224.8,3173362,0.0
2020-03-19,232.24,252.95,229,242,6083732,0.0
2020-03-22,239.64,250,234.54,237.87,3687152,0.0
2020-03-23,247.59,255,243.865,254.19,1565977,0.0
2020-03-24,251.14,259.21,247.31,248.33,1540198,0.0
2020-03-25,252.12,276.62,250.43,274.98,1509422,0.0
2020-03-26,264.52,270.49,259.71,269.08,1162417,0.0
2020-03-29,266.79,277.32,266.035,277,1427127,0.0
2020-03-30,271.35,276.06,267.8972,273.12,2950544,0.0
2020-03-31,265.92,270,251.14,256.37,3436306,0.0
2020-04-01,254.4,273.84,254.16,273,1101184,0.0
2020-04-02,270.35,274.33,259.45,263.85,1103733,0.0
2020-04-05,271.43,279.1,269.495,277.88,2353730,0.0
2020-04-06,284.63,286.63,280.395,280.79,1399505,0.0
2020-04-07,281.62,283.41,276.17,280.76,1292654,0.0
2020-04-08,281.56,287.76,279.465,287.65,1042905,0.0
2020-04-12,281.94,289.87,281.5,289.47,1860882,0.0
2020-04-13,292.54,299.71,292.08,297.88,1962882,0.0
2020-04-14,290.33,295.9,288.26,294.44,2821380,0.0
2020-04-15,300.64,304.24,294.04,303.36,3276734,0.0
2020-04-16,309.57,317.21,306.42,316.41,3142550,0.0
2020-04-19,312.67,324.95,309.01,322.88,6116365,0.0
2020-04-20,311,314.98,307.8,310.4,3490788,0.0
2020-04-21,313.74,314.93,309.0111,311.44,2373246,0.0
2020-04-22,311.43,321.33,311.43,312.71,2020069,0.0
2020-04-23,308.74,311.115,305.79,309.07,1633986,0.0
2020-04-26,312.9287,318.49,311.895,314.75,2247901,0.0
2020-04-27,315.07,317.25,304.6,313.87,814132,0.0
2020-04-28,319.91,324,314.843,317.45,896287,0.0
2020-04-29,316.21,320.1,312.15,318.99,1635463,0.0
2020-04-30,317.16,317.42,303.31,306.38,837304,0.0
2020-05-03,305.2,309.42,304.09,307.87,536292,0.0
2020-05-04,310.37,313.68,307.84,310.28,620073,0.0
2020-05-05,311.71,318.23,310.6,314.88,490839,0.0
2020-05-06,317.12,317.77,312.3,313.62,857566,0.0
2020-05-07,317.33,318,308.045,309.64,1175240,0.0
2020-05-10,309.11,320.95,306.29,320.47,990521,0.0
2020-05-11,319.86,332.2637,314.47,321.62,2616138,0.0
2020-05-12,322.69,335.49,320.23,323.4,1920308,0.0
2020-05-13,323.49,325.43,319.65,323,1582810,0.0
2020-05-14,323.12,335.8,321.16,335.09,1095891,0.0
2020-05-17,338.57,348.57,338.33,344.16,2015068,0.0
2020-05-18,342.34,345.23,339.67,342.52,1835622,0.0
2020-05-19,344.93,359.5,344.93,357.655,1553796,0.0
2020-05-20,355.57,355.96,344.05,349.39,947004,0.0
2020-05-21,349.42,354.86,346.11,354.82,1243226,0.0
2020-05-25,357.3,361.86,353.7201,354.39,1250522,0.0
2020-05-26,354.42,365,349.255,364.01,2151882,0.0
2020-05-27,362.35,377.8,360.01,372.97,2590370,0.0
2020-05-28,372,373.23,359.31,363.85,1344691,0.0
2020-05-31,361.14,369.59,358,365.36,522119,0.0
2020-06-01,364.4,366.065,358.36,366.05,1481046,0.0
2020-06-02,366.05,366.4,355.88,358.32,789751,0.0
2020-06-03,355.29,362.95,355.0022,358.39,1796128,0.0
2020-06-04,357.18,363.39,352.5754,354.23,900723,0.0
2020-06-07,350.94,360.16,350.79,358.87,1439726,0.0
2020-06-08,357.6,361.58,354,358.03,1081016,0.0
2020-06-09,362.21,362.89,354.71,358.96,615737,0.0
2020-06-10,354.83,357.4,335.85,337.1,1087746,0.0
2020-06-11,340.43,345.63,339.47,339.47,361974,0.0
2020-06-14,336.4,349.79,335.19,348.62,947834,0.0
2020-06-15,354.93,357.9619,346.11,355.11,1235219,0.0
2020-06-16,358.18,363.51,355.09,360.66,621456,0.0
2020-06-17,359.85,366.26,359.07,362.95,558336,0.0
2020-06-18,365.47,372.43,363,368.77,1751547,0.0
2020-06-21,369.55,369.55,357.6,360.79,784719,0.0
2020-06-22,361,368.58,360.12,367.25,617775,0.0
2020-06-23,367.26,372.63,354.03,359.17,696986,0.0
2020-06-24,358.41,366.66,351.86,365.98,568546,0.0
2020-06-25,365,368.18,357.26,360.16,570092,0.0
2020-06-28,363.32,363.68,356.86,362.5,485686,0.0
2020-06-29,362.31,372.62,358.18,370.35,648021,0.0
2020-06-30,369.26,370.685,362.35,368.56,550591,0.0
2020-07-01,372.63,377.4159,371.22,372.55,587360,0.0
