Date,Open,High,Low,Close,Volume,OpenInterest
2016-07-13,83.31,83.31,81.27,82.14,589342,0.0
2016-07-14,82.85,84.69,82.83,83.82,656468,0.0
2016-07-17,84.19,84.46,83.01,84.13,502816,0.0
2016-07-18,83.74,84.79,82.72,82.82,458918,0.0
2016-07-19,82.91,87.19,82.76,86.87,971751,0.0
2016-07-20,87.18,89.27,86.29,87.81,962077,0.0
2016-07-21,88.47,88.99,86.37,86.43,490546,0.0
2016-07-24,86.6,86.89,84.99,86.42,628335,0.0
2016-07-25,86.01,87.53,85.58,87.01,519749,0.0
2016-07-26,87.67,89.15,87.24,88.72,534301,0.0
2016-07-27,88.69,88.94,86.89,88.15,442632,0.0
2016-07-28,88.52,90.35,86.67,90.21,642053,0.0
2016-07-31,90.62,92.82,89.45,90.02,1190566,0.0
2016-08-01,89.74,89.81,86.02,88.95,952222,0.0
2016-08-02,89.09,90.99,88.65,90.81,519454,0.0
2016-08-03,91.47,92.045,89.75,90.11,657087,0.0
2016-08-04,90.83,92.74,90.32,90.83,538100,0.0
2016-08-07,90.68,91.599,87.9001,88.03,700629,0.0
2016-08-08,90.01,90.14,84.52,86.48,1383057,0.0
2016-08-09,86.96,87.185,83.05,83.5,1009750,0.0
2016-08-10,83.5,83.731,80.49,81.2,1398018,0.0
2016-08-11,81.08,81.48,80.5,81.05,692324,0.0
2016-08-14,81.05,81.56,80.5,80.52,763216,0.0
2016-08-15,80.58,80.59,77.7,77.86,1094634,0.0
2016-08-16,78.22,78.56,76.4,76.48,925989,0.0
2016-08-17,76.5,77.2,75.87,76.17,979608,0.0
2016-08-18,75.69,77.65,75.52,76.11,950712,0.0
2016-08-21,79.8,84.39,79.11,81.98,2471515,0.0
2016-08-22,82.73,83.25,80.48,81.9,1037338,0.0
2016-08-23,81.55,87.98,81.55,82.43,2870676,0.0
2016-08-24,82.45,85.07,78.7,80.08,1316449,0.0
2016-08-25,80.06,82.19,79.36,81.05,699104,0.0
2016-08-28,81.15,81.88,80.09,81.31,474194,0.0
2016-08-29,81.08,81.78,80.485,80.98,612445,0.0
2016-08-30,81.11,82.16,80.15,81.1,956908,0.0
2016-08-31,81.61,81.73,79.89,80.81,498317,0.0
2016-09-01,81.14,82.65,80.5,82.05,817860,0.0
2016-09-05,82.34,83.95,81.75,83.75,1298454,0.0
2016-09-06,83.59,85.12,81.99,82.44,1863104,0.0
2016-09-07,82.2,82.57,81.19,81.56,610918,0.0
2016-09-08,80.69,82.05,79.04,79.11,758512,0.0
2016-09-11,78.77,81.38,78.21,81.18,1144892,0.0
2016-09-12,80.17,80.17,77.58,79.2,767889,0.0
2016-09-13,79.22,81.75,79.22,80.03,889616,0.0
2016-09-14,80.03,80.8372,78.04,80.35,728682,0.0
2016-09-15,80.35,82.57,79.75,82.14,965718,0.0
2016-09-18,82.35,84.43,81.49,83.51,894200,0.0
2016-09-19,83.51,85.5,83.35,85.07,781681,0.0
2016-09-20,85.29,87.26,83.93,86.71,997820,0.0
2016-09-21,87.81,89.48,86.44,89.28,1162046,0.0
2016-09-22,88.39,91.26,88.39,88.95,1028326,0.0
2016-09-25,88.63,89.04,86.96,88.76,753966,0.0
2016-09-26,88.56,89.24,86.91,89.06,921431,0.0
2016-09-27,93.38,95.39,91.39,93.18,2167957,0.0
2016-09-28,94.14,95.14,91.08,92.29,2246210,0.0
2016-09-29,92.61,94.66,90.57,94.28,1209580,0.0
2016-10-02,93.72,95.69,93.3316,95.58,1007570,0.0
2016-10-03,95.8,96.18,93.33,94.17,859680,0.0
2016-10-04,94.45,96.38,94.26,95.7,664098,0.0
2016-10-05,94.8,95.1,92.16,94.78,1244174,0.0
2016-10-06,96,98.08,95,97.81,2332322,0.0
2016-10-09,98.69,99.48,95.94,95.94,1240595,0.0
2016-10-10,95.41,96.345,89.8,92.11,1534566,0.0
2016-10-11,92.46,93.34,89.77,89.97,1090444,0.0
2016-10-12,88.99,90.25,88.425,89.49,1189390,0.0
2016-10-13,89.83,90.78,86.99,87.06,1070610,0.0
2016-10-16,86.77,87.89,84.02,86.7,933095,0.0
2016-10-17,87.63,89.79,87.45,88.79,857224,0.0
2016-10-18,88.55,88.55,87.16,87.94,644358,0.0
2016-10-19,88.07,90.11,87.1,88.52,699069,0.0
2016-10-20,88.09,88.64,86.15,87.71,607554,0.0
2016-10-23,87.99,88.52,87.01,88.19,594138,0.0
2016-10-24,87.86,88.18,86.6,87.2,575557,0.0
2016-10-25,87.5,89.25,86.7,87.22,632749,0.0
2016-10-26,88.1,90.905,86.68,87.02,861614,0.0
2016-10-27,86.05,88.34,84.42,87.11,799052,0.0
2016-10-30,87.52,87.8,85.925,86.97,701924,0.0
2016-10-31,90,91.33,87.34,90.03,2179872,0.0
2016-11-01,90,90.09,87.09,87.185,1213621,0.0
2016-11-02,87.53,87.892,83.09,83.28,865375,0.0
2016-11-03,84.3,89.18,83.011,87.57,1099973,0.0
2016-11-06,89.46,92.83,88.735,92.12,1658643,0.0
2016-11-07,92.16,93.98,90.38,92.16,982099,0.0
2016-11-08,95.68,109.95,95.03,104.13,3722736,0.0
2016-11-09,105,107.99,101.649,104.7,1988974,0.0
2016-11-10,103.88,105.73,102.29,104.51,1598526,0.0
2016-11-13,104.88,107.09,101.643,104.88,1413751,0.0
2016-11-14,104.27,105.02,101.58,103.12,788764,0.0
2016-11-15,102.71,103.99,100.61,100.73,524511,0.0
2016-11-16,106.9,108.2,102.15,105.54,2418477,0.0
2016-11-17,105.3,105.92,103.37,103.67,809970,0.0
2016-11-20,103.66,109.03,102.995,108.03,1194346,0.0
2016-11-21,107.91,108.34,104.48,106.81,899959,0.0
2016-11-22,104.88,107.33,103.9,106.81,702213,0.0
2016-11-24,107.51,108.61,105.95,107.84,621203,0.0
2016-11-27,107.13,107.7,104.8,105.17,700121,0.0
2016-11-28,105.44,106.5,103.41,105.08,557101,0.0
2016-11-29,105.33,106.43,101.9,102.29,645657,0.0
2016-11-30,102.53,103.31,99.56,99.88,675025,0.0
2016-12-01,100.22,104.23,98.49,102.02,852567,0.0
2016-12-04,102.66,105.89,102.16,104.76,1458762,0.0
2016-12-05,104.37,107.47,104.15,107.21,1028968,0.0
2016-12-06,104.76,106.525,99.721,101.96,1532222,0.0
2016-12-07,101.43,103.17,98.56,102.96,871117,0.0
2016-12-08,103.85,105.478,100.02,100.61,847522,0.0
2016-12-11,100.12,101.15,99.5,100.86,770225,0.0
2016-12-12,101.23,102.69,100.55,101.53,1069000,0.0
2016-12-13,101.5,103.35,101.005,102.42,779329,0.0
2016-12-14,103.14,105.39,101.305,104.58,856322,0.0
2016-12-15,104.85,107.2,102.43,103,996462,0.0
2016-12-18,102.88,103.85,100.28,100.79,1171855,0.0
2016-12-19,101.31,102.62,101.0101,102.2,877547,0.0
2016-12-20,101.84,102.385,99.3,99.76,837720,0.0
2016-12-21,100.64,101.52,98.73,101.49,604892,0.0
2016-12-22,100.84,103.16,99.95,102.94,487736,0.0
2016-12-26,103.1,105.28,102.22,102.53,704659,0.0
2016-12-27,102.35,103.2199,100.91,101.1,560851,0.0
2016-12-28,100.88,102.17,100.72,101.97,576526,0.0
2016-12-29,101.93,102.35,99.25,100.26,710571,0.0
2017-01-02,101.14,103.195,100.4096,102.3,1136764,0.0
2017-01-03,103.1,104.63,102.28,102.84,1126195,0.0
2017-01-04,102.82,104.99,102.235,104.8,635838,0.0
2017-01-05,105.42,109.3,104.92,108.305,1487422,0.0
2017-01-08,113.55,119.89,112.83,118.53,2427320,0.0
2017-01-09,119.09,121.18,117.8,119.3,1636280,0.0
2017-01-10,118.8,119.93,113.77,115.28,1524287,0.0
2017-01-11,114.43,118.25,112.88,117.51,883415,0.0
2017-01-12,117.97,119.8,116.72,117.75,773691,0.0
2017-01-16,115.7,116.75,113.24,113.6497,1064171,0.0
2017-01-17,114.51,115.24,113.12,115.07,852874,0.0
2017-01-18,115.5,117.62,113.0011,117.55,923275,0.0
2017-01-19,118.32,122.68,117.08,117.23,1514838,0.0
2017-01-22,118.27,119.26,116.68,117.4,1156065,0.0
2017-01-23,117.55,118.57,115.56,118.29,1111442,0.0
2017-01-24,119.13,121.349,118.1701,120.9,1187680,0.0
2017-01-25,120.51,124.87,119.02,120.64,1834271,0.0
2017-01-26,121.44,123.53,120.62,121.71,621024,0.0
2017-01-29,121.83,122.24,117.82,118.21,1107018,0.0
2017-01-30,117.95,121.31,117.1,121.21,1128507,0.0
2017-01-31,121.12,124.65,119.86,124.26,1113494,0.0
2017-02-01,123.03,123.7,119.23,120.91,1338096,0.0
2017-02-02,121.76,122.46,119.62,120.35,652333,0.0
2017-02-05,120.28,121.31,118.81,119.67,855855,0.0
2017-02-06,120.09,120.43,117.25,118.17,1376616,0.0
2017-02-07,117.32,123.589,117.18,122.7,1554045,0.0
2017-02-08,121.92,124.19,121.92,123,696444,0.0
2017-02-09,123.01,123.1,121.26,121.7,904097,0.0
2017-02-12,122.27,122.27,120.26,121.13,964558,0.0
2017-02-13,119.94,125.49,119.6201,123.32,1601370,0.0
2017-02-14,122.39,122.61,119.01,120.94,1290176,0.0
2017-02-15,121.39,122.23,118.53,120.19,727602,0.0
2017-02-16,120.18,120.85,119.16,120.48,738572,0.0
2017-02-20,121.09,122.67,119.77,122.35,921129,0.0
2017-02-21,121.7,122.9,121.25,121.36,649150,0.0
2017-02-22,121.4,122.14,118.79,121.91,1297536,0.0
2017-02-23,128.2,131.89,127.56,131.24,8121114,0.0
2017-02-26,131.88,134.97,130.24,134.04,7509470,0.0
2017-02-27,133.59,134.05,131.24,133.1,2872907,0.0
2017-02-28,133.9,135.48,131.91,133.2,2131701,0.0
2017-03-01,134.7,135.79,132.12,132.8,1602278,0.0
2017-03-02,133.19,137.76,132.65,136.83,1596639,0.0
2017-03-05,136.95,136.98,133.138,134.35,1560678,0.0
2017-03-06,133.13,134.85,131.48,133.35,1058917,0.0
2017-03-07,133.39,137.88,133.06,135.99,1372008,0.0
2017-03-08,135.43,138.34,134.23,138.04,1432468,0.0
2017-03-09,138.81,150.42,138.54,149.24,4221735,0.0
2017-03-12,149.24,151.63,145.29,151.06,3389644,0.0
2017-03-13,149.99,151.9825,148.83,150.95,1335054,0.0
2017-03-14,151.35,153.15,147.9,152.62,1499549,0.0
2017-03-15,152.21,152.21,146.98,148.43,2708637,0.0
2017-03-16,148.01,149.27,146.79,147.89,2088541,0.0
2017-03-19,147.61,148.9295,146.51,148.52,1346204,0.0
2017-03-20,148.36,149,140.47,140.73,1707466,0.0
2017-03-21,141.56,143.58,140.01,141.28,3255000,0.0
2017-03-22,141.13,141.27,138.71,138.97,1370472,0.0
2017-03-23,138.97,140.57,138.01,139.64,1048889,0.0
2017-03-26,139.15,140.36,137.535,139.88,802384,0.0
2017-03-27,139.46,141.34,138.38,139.48,1443180,0.0
2017-03-28,139.5,139.95,138.35,139.28,1119038,0.0
2017-03-29,140.1,140.94,137.695,137.77,906517,0.0
2017-03-30,137.8,138.7304,133.255,133.67,1760210,0.0
2017-04-02,135,141.86,134.13,138.52,1891439,0.0
2017-04-03,138.01,143.05,137.81,141.53,1444969,0.0
2017-04-04,141.55,144.32,137.5147,138.39,1425383,0.0
2017-04-05,137.84,139.3707,134.23,135.5,1269348,0.0
2017-04-06,139.48,140.63,136.55,140.14,1355743,0.0
2017-04-09,140.18,141.24,136.02,136.88,1269495,0.0
2017-04-10,137.11,137.69,134.16,136.07,1027742,0.0
2017-04-11,136.48,141.4,134.96,138.26,1246903,0.0
2017-04-12,139.66,142.45,138.01,140.77,1202623,0.0
2017-04-16,124.97,127.4299,124.0505,126.07,5802064,0.0
2017-04-17,125.11,128.41,124.15,125.91,2154362,0.0
2017-04-18,125.9,126.17,124.05,124.54,1484182,0.0
2017-04-19,125.28,125.49,123.05,123.1,1694371,0.0
2017-04-20,123.52,125.35,122.51,123.01,1473182,0.0
2017-04-23,124.06,124.74,123.5,123.89,868802,0.0
2017-04-24,124.66,124.91,124.02,124.38,898468,0.0
2017-04-25,124.68,125.47,122.321,123.11,845989,0.0
2017-04-26,123,125.36,122.55,124.17,766785,0.0
2017-04-27,124.18,124.795,123.02,124.28,587487,0.0
2017-04-30,124.78,125.59,123.208,124.03,880861,0.0
2017-05-01,123.98,124.44,121.52,123.71,1037570,0.0
2017-05-02,123.43,124.54,122.81,123.2,1170683,0.0
2017-05-03,126.23,127.8,123.335,124.97,1125385,0.0
2017-05-04,124.14,124.8,120.5,122.42,1624422,0.0
2017-05-07,121.72,121.8,116.44,117.77,1823316,0.0
2017-05-08,117.47,119.92,117.04,119.73,905044,0.0
2017-05-09,119.67,119.92,118.08,118.23,930677,0.0
2017-05-10,117.87,118.41,116.21,116.44,976097,0.0
2017-05-11,115.99,117.86,114.33,115.19,2379410,0.0
2017-05-14,115,117.49,114.03,117.38,1205997,0.0
2017-05-15,117.49,120.87,117.1,117.75,1623929,0.0
2017-05-16,116.98,121.68,116.0822,120.46,2798426,0.0
2017-05-17,128.16,131.75,125.39,128.83,4879569,0.0
2017-05-18,129.11,133.8,129,131.43,3234032,0.0
2017-05-21,131.2,134.89,130.22,134.43,1664909,0.0
2017-05-22,134.17,136.3,133.51,136.16,909903,0.0
2017-05-23,136.4,138.75,135.01,138.1,976610,0.0
2017-05-24,138.99,139.98,138.21,138.42,1066666,0.0
2017-05-25,138.46,139.49,132.65,134.38,1423900,0.0
2017-05-29,133.8,134.13,129.65,130.45,1124027,0.0
2017-05-30,131.8,133.82,128.82,129.33,1396181,0.0
2017-05-31,130,130.78,127.85,129.28,1527071,0.0
2017-06-01,131.56,132.07,128.87,131.48,1083130,0.0
2017-06-04,132.51,132.78,121.23,124.04,3228905,0.0
2017-06-05,124.15,124.28,121.46,122.27,1678836,0.0
2017-06-06,121.53,123.36,118.34,119.16,1717454,0.0
2017-06-07,119.88,120.2423,116.25,119.75,1621995,0.0
2017-06-08,119.1,122.21,118.24,119.04,1058642,0.0
2017-06-11,117.8,120.22,115.2,116.48,1430437,0.0
2017-06-12,115.82,119.09,115.66,118.52,907613,0.0
2017-06-13,118.59,121.5,118.005,120.08,1130338,0.0
2017-06-14,119,120.45,115.79,120.38,1449069,0.0
2017-06-15,120,120.7395,117.05,118.05,1386043,0.0
2017-06-18,118.38,122.64,118.38,122.28,1084043,0.0
2017-06-19,122.98,126.7894,122.19,124.56,1476151,0.0
2017-06-20,124.49,134.45,124.3,133.98,2348829,0.0
2017-06-21,134.86,137.29,134.2,135.64,1347586,0.0
2017-06-22,135.34,136.8566,133.83,136.27,1006319,0.0
2017-06-25,136.97,137.3,133.43,134.69,895325,0.0
2017-06-26,134.49,135.225,130.11,130.31,851514,0.0
2017-06-27,130.41,135.28,129.61,134.33,954716,0.0
2017-06-28,133.58,133.58,127.485,128.79,1027243,0.0
2017-06-29,129.74,129.83,125.87,125.94,1040527,0.0
2017-07-02,126.2,128,124.9592,125.84,408928,0.0
2017-07-04,126,128.8,125.4315,128.34,824184,0.0
2017-07-05,127.05,128.835,124.7455,127.24,762531,0.0
2017-07-06,127.58,131.43,127.35,130.83,746225,0.0
2017-07-09,130.41,130.41,127.01,129.54,630830,0.0
2017-07-10,128.6,132.8598,128.6,131.93,711552,0.0
2017-07-11,133.24,133.94,131.33,133.18,566061,0.0
2017-07-12,133.32,134.46,131.03,133.43,508566,0.0
2017-07-13,134.06,135.3,133.27,134.25,544621,0.0
2017-07-16,133.34,134.4534,130.035,130.63,787287,0.0
2017-07-17,130.31,131.08,128.72,130.85,666341,0.0
2017-07-18,131.66,133.23,129.85,130.41,822479,0.0
2017-07-19,130.69,134.4,129.54,133.8,763095,0.0
2017-07-20,133.02,135.43,133.02,134.2,514354,0.0
2017-07-23,134.24,138.45,133.73,138.27,893943,0.0
2017-07-24,134.13,136.97,132.88,133.57,1393246,0.0
2017-07-25,133.52,137.9,133.01,137.2,671775,0.0
2017-07-26,138.88,139.59,131.821,132.71,1113133,0.0
2017-07-27,132.6,136.81,132.18,135.72,753823,0.0
2017-07-30,135.31,136.41,132.92,133.495,934092,0.0
2017-07-31,132.92,134.94,127.5,128.82,1141050,0.0
2017-08-01,128.5,128.55,124.095,125.73,1145834,0.0
2017-08-02,125.65,126.78,124.29,125.98,1002152,0.0
2017-08-03,125.88,128.83,123.85,128.7,656554,0.0
2017-08-06,128.87,133.11,128.2401,132,782247,0.0
2017-08-07,131.62,132.75,130.08,130.7,473697,0.0
2017-08-08,130.21,131.33,128.72,130.07,548234,0.0
2017-08-09,129.04,129.2654,122.01,122.12,1023354,0.0
2017-08-10,122.74,125.08,122.27,124.09,699242,0.0
2017-08-13,125,126.87,124.54,126.25,468008,0.0
2017-08-14,126.26,127.17,126.04,126.38,430764,0.0
2017-08-15,127.38,127.43,122.81,124.32,1036071,0.0
2017-08-16,123.37,125.355,121.63,121.77,704255,0.0
2017-08-17,121.6,122.465,121,121.21,721687,0.0
2017-08-20,121.37,121.37,118.69,120.87,663952,0.0
2017-08-21,121.1,124,120.45,123.84,606712,0.0
2017-08-22,123.23,124.53,121.83,123.65,460724,0.0
2017-08-23,124.15,124.41,122.47,123.85,496929,0.0
2017-08-24,124.38,124.41,121.41,121.75,494698,0.0
2017-08-27,121.65,123.77,120,123.55,812854,0.0
2017-08-28,122.62,127.6335,122.011,124.96,879577,0.0
2017-08-29,125.87,138.32,125.59,138.26,2311425,0.0
2017-08-30,140,140.11,131.22,137.4,2998459,0.0
2017-08-31,137.4,139.66,135.45,137.99,1064410,0.0
2017-09-04,137.2,138.92,133.86,135.36,855147,0.0
2017-09-05,136.56,137.3999,133.94,135.86,628106,0.0
2017-09-06,135.85,137.35,132.27,134.34,1041696,0.0
2017-09-07,131.93,132.24,126,129.56,2580881,0.0
2017-09-10,131.5,131.93,124.48,124.95,2718391,0.0
2017-09-11,125.07,125.83,120,123.16,1777575,0.0
2017-09-12,123.31,124.875,122.03,123.57,1133204,0.0
2017-09-13,124.26,124.71,119.54,119.78,1576139,0.0
2017-09-14,119.92,120.98,117.24,119.22,1956182,0.0
2017-09-17,118.84,120.97,117.63,118.39,1289295,0.0
2017-09-18,118.38,118.7124,116.14,117.08,1039043,0.0
2017-09-19,117.63,118.61,114.63,114.87,1594867,0.0
2017-09-20,114.53,116.24,112.76,115.06,1345265,0.0
2017-09-21,114.36,115.48,110.649,110.81,1718584,0.0
2017-09-24,110.43,110.82,107.79,109.69,2438177,0.0
2017-09-25,110.18,111.089,108.08,109.18,1482601,0.0
2017-09-26,109.06,111.11,108.52,110.3,1359965,0.0
2017-09-27,109.86,115.35,109.54,113.15,2454994,0.0
2017-09-28,113.26,116.9,113.15,116.74,1572747,0.0
2017-10-01,116.83,118.32,113.56,115.19,1452727,0.0
2017-10-02,115.45,115.51,112.001,112.8,1144796,0.0
2017-10-03,112.42,114.26,111.55,113.82,1010585,0.0
2017-10-04,113.58,114.44,112.65,113.57,778812,0.0
2017-10-05,114.01,116.31,113.04,114.7,1041158,0.0
2017-10-08,114.58,115.45,113.7988,113.99,668492,0.0
2017-10-09,114.16,115.69,113.7,114.77,983759,0.0
2017-10-10,114.41,114.85,111.51,111.61,1320968,0.0
2017-10-11,111.3,112.96,110.8501,112.72,1152089,0.0
2017-10-12,113.47,114.39,112.7,114.31,948781,0.0
2017-10-15,114.89,116.67,114.31,116.61,1515321,0.0
2017-10-16,116.6,117.25,115.29,115.66,1403955,0.0
2017-10-17,116.06,116.94,114.78,115.18,1261915,0.0
2017-10-18,113.96,115.49,113.07,114.27,1169189,0.0
2017-10-19,113.74,114.39,112.71,114.19,1022850,0.0
2017-10-22,114.95,114.95,113.2,113.5,1363118,0.0
2017-10-23,113.11,115.21,112.86,114.04,1294497,0.0
2017-10-24,113.36,115.41,112.88,114.53,1588587,0.0
2017-10-25,113.49,116.05,112.81,115.56,1337078,0.0
2017-10-26,115.36,116.36,114.64,116.25,1383914,0.0
2017-10-29,116.09,117.35,113.44,114.28,1850053,0.0
2017-10-30,117.95,117.95,111.17,113.25,1820811,0.0
2017-10-31,113.52,114.79,106.36,108.16,2380990,0.0
2017-11-01,107.97,107.97,104.06,106.51,1928491,0.0
2017-11-02,106.02,108.04,104.17,105.09,1352010,0.0
2017-11-05,104.55,106.7501,103.69,105.43,1213541,0.0
2017-11-06,106.03,109.845,106.03,108.16,1449064,0.0
2017-11-07,108.16,109.42,104.9149,104.99,997820,0.0
2017-11-08,104.36,105.31,101.75,102.99,1152508,0.0
2017-11-09,101.84,105.09,100.6029,104.77,2455070,0.0
2017-11-12,104.3,107.83,103.2,107.21,1623409,0.0
2017-11-13,106.3,107.22,103.56,105.12,1574164,0.0
2017-11-14,105.13,105.98,104,105.25,690751,0.0
2017-11-15,105.49,108.25,105.01,106.46,846430,0.0
2017-11-16,106.06,107.1,105.415,105.46,704884,0.0
2017-11-19,105.29,106.95,98.72,98.96,1990406,0.0
2017-11-20,100.01,100.01,96.6,98.96,2375073,0.0
2017-11-21,99.09,100.26,98.28,98.99,939783,0.0
2017-11-23,98.71,99.47,98.305,98.77,305514,0.0
2017-11-26,98.93,99.33,97.43,97.85,851629,0.0
2017-11-27,98.08,98.2355,94.78,95.83,1536790,0.0
2017-11-28,96.58,97.31,95.06,95.97,1023295,0.0
2017-11-29,96.37,100.3,96.2,99,1189528,0.0
2017-11-30,98.01,99.64,96.075,97.94,928556,0.0
2017-12-03,98.69,99.71,93.65,93.69,1359522,0.0
2017-12-04,94.11,97.2,93.49,93.7,1105585,0.0
2017-12-05,94.07,94.6,92.91,93.8,944476,0.0
2017-12-06,93.93,96.5,93.25,94.88,778404,0.0
2017-12-07,95.26,97.91,95.26,96.58,956881,0.0
2017-12-10,96.25,97.58,96.11,97.24,805607,0.0
2017-12-11,96.95,96.98,94.85,95.42,1171029,0.0
2017-12-12,95.6,99.5185,95.6,98.11,949737,0.0
2017-12-13,98.82,99.5,95.86,96,855928,0.0
2017-12-14,97.41,97.41,94.45,96.43,1368568,0.0
2017-12-17,96.92,96.93,93.3199,93.56,962908,0.0
2017-12-18,93.81,95.25,93.25,95.02,1038713,0.0
2017-12-19,95.39,95.95,93.521,94.03,959784,0.0
2017-12-20,94.49,97.19,93.81,96.36,776721,0.0
2017-12-21,96.03,96.215,94.72,95.82,609575,0.0
2017-12-25,95.56,96.12,95.16,95.41,355676,0.0
2017-12-26,95.62,96.95,95.35,96.49,644903,0.0
2017-12-27,96.44,96.95,94.4,95.37,788436,0.0
2017-12-28,95.54,96.15,94.7,94.72,906845,0.0
2018-01-01,97.36,101.649,94.71,100.9,1368202,0.0
2018-01-02,101.75,102.63,100.71,100.98,1108838,0.0
2018-01-03,101.86,101.97,97.6,98.44,1111679,0.0
2018-01-04,99.02,100.65,98.5,99.82,1114604,0.0
2018-01-07,99.4,101.02,98.29,100.78,1121601,0.0
2018-01-08,101.39,101.9,96.16,96.29,2064753,0.0
2018-01-09,96.12,97.24,94.37,96.63,974219,0.0
2018-01-10,96.45,96.61,92.52,93.04,2596496,0.0
2018-01-11,93.68,94.49,92.91,94.06,1244210,0.0
2018-01-15,94.07,95.22,91.23,91.65,1574351,0.0
2018-01-16,92,92,88.81,90.32,2009936,0.0
2018-01-17,90.1,93.5102,89.98,91.92,1441834,0.0
2018-01-18,92.23,93.58,91.55,93.18,1079523,0.0
2018-01-21,93.38,95.33,92.65,94.08,1631499,0.0
2018-01-22,94.1,95.164,93.88,94.61,907173,0.0
2018-01-23,94.75,96.44,94.33,95.34,1038034,0.0
2018-01-24,95.41,95.78,93.66,94.271,833631,0.0
2018-01-25,94.84,95.685,94.06,95.49,889790,0.0
2018-01-28,95.9,95.94,93.27,93.54,947858,0.0
2018-01-29,92.93,93.37,91.66,92.51,982229,0.0
2018-01-30,92.61,92.7552,89.77,90.29,968629,0.0
2018-01-31,90.52,91.2681,89.27,89.64,751650,0.0
2018-02-01,89.11,89.45,85.75,85.93,1851941,0.0
2018-02-04,86.09,87.9,85.31,85.35,1492393,0.0
2018-02-05,85.06,88.33,84.21,88.12,1656496,0.0
2018-02-06,87.25,88.05,86.09,86.34,826187,0.0
2018-02-07,86.4,87.23,83.88,83.92,1330395,0.0
2018-02-08,84.45,85.385,80.85,84.5,1804549,0.0
2018-02-11,84.99,88.36,84.99,87.54,1167828,0.0
2018-02-12,87.25,88.835,85.891,88.02,1106818,0.0
2018-02-13,87.31,89.12,86.21,88.16,1777550,0.0
2018-02-14,87.9,92,83.75,85.59,1944605,0.0
2018-02-15,85.55,88.2284,84.51,85.99,1883372,0.0
2018-02-19,85.6,87.561,84.58,85.51,932921,0.0
2018-02-20,85.36,86.985,84.66,84.71,967207,0.0
2018-02-21,85.16,87.54,85.02,85.2,856620,0.0
2018-02-22,85.43,88.015,84.88,87.8,1061374,0.0
2018-02-25,88.56,91.2835,87.12,87.53,726699,0.0
2018-02-26,87.68,88.74,86.39,86.57,659286,0.0
2018-02-27,86.55,87.1102,85.14,85.17,819707,0.0
2018-02-28,84.88,85,81.25,83.07,1782496,0.0
2018-03-01,82.3,86.89,82.05,86.59,901921,0.0
2018-03-04,86.16,91.23,85.35,90.97,1370828,0.0
2018-03-05,91.21,92.7,89.86,91.11,1192150,0.0
2018-03-06,90.53,92.19,90.5283,91.7,824416,0.0
2018-03-07,91.81,92.74,90.8473,92.42,892922,0.0
2018-03-08,93.02,94.79,92.86,94.23,1102392,0.0
2018-03-11,94.55,95.1599,93.7,94.45,821577,0.0
2018-03-12,94.57,95.64,93.47,94.66,1164653,0.0
2018-03-13,95.4,96.33,92.0039,92.28,2190181,0.0
2018-03-14,92.29,93.25,87.95,88.69,1296400,0.0
2018-03-15,89.2,90.56,87.36,90.02,1066385,0.0
2018-03-18,89.5,89.71,85.13,86.28,1009462,0.0
2018-03-19,86.5,87.3441,85.8701,87.02,1004952,0.0
2018-03-20,87.45,89.75,87.06,88.79,843299,0.0
2018-03-21,87.64,88.5,85.18,85.24,1024208,0.0
2018-03-22,85,85.6899,82.765,83.08,794363,0.0
2018-03-25,84.5,86.47,82.78,86.37,777544,0.0
2018-03-26,86.93,88.66,84.57,85.04,1042049,0.0
2018-03-27,86.26,87.89,84.33,84.96,1126416,0.0
2018-03-28,85.06,85.68,83.31,83.33,1060919,0.0
2018-04-01,82.81,83.38,79.39,80.59,1216563,0.0
2018-04-02,81,82.46,79.27,81.885,669117,0.0
2018-04-03,80.84,84.4,80.3142,83.97,780028,0.0
2018-04-04,84.8,84.8,82.54,83.06,899253,0.0
2018-04-05,65.99,69.49,63.43,64.01,22117777,0.0
2018-04-08,64.52,67.23,61.3,65.37,6887636,0.0
2018-04-09,66.21,68.66,65.4,68.12,2248661,0.0
2018-04-10,67.51,69.11,65.75,66.3,1479476,0.0
2018-04-11,67.47,70.58,67.05,69.83,3016858,0.0
2018-04-12,70.32,70.62,68.89,70.12,1798127,0.0
2018-04-15,70.49,71.245,68.76,70.37,1559474,0.0
2018-04-16,70.68,71.08,70.06,70.53,1264772,0.0
2018-04-17,70.47,71.18,69.93,70.08,1193464,0.0
2018-04-18,67.72,70.38,67.0101,69.06,3055826,0.0
2018-04-19,69.29,69.41,67.7501,68.43,2572940,0.0
2018-04-22,68.83,69.91,67.7,68.14,1823000,0.0
2018-04-23,65.66,66.255,62.07,62.345,6534419,0.0
2018-04-24,62.61,63.9299,62.3501,62.99,3159604,0.0
2018-04-25,63.47,63.47,61.61,62.62,2557197,0.0
2018-04-26,62.83,63.62,62.45,62.96,2353693,0.0
2018-04-29,62.99,63.14,61.5,61.92,2201910,0.0
2018-04-30,62.06,62.959,60.625,60.85,2355970,0.0
2018-05-01,60.94,62.21,60.9,61.06,2947591,0.0
2018-05-02,60.89,62.43,60.225,62.39,1939287,0.0
2018-05-03,62.3,63.87,61.75,62.13,2115330,0.0
2018-05-06,62.38,63.85,61.94,62.85,2257842,0.0
2018-05-07,62.54,63.5,62.2733,62.87,1312912,0.0
2018-05-08,62.78,64.48,62.6552,64.37,1820645,0.0
2018-05-09,64.55,65.76,64.53,65.28,2655621,0.0
2018-05-10,65.39,66.91,64.61,66.45,2125017,0.0
2018-05-13,66.43,67.85,65.81,67.22,1648771,0.0
2018-05-14,66.72,67.839,66.25,67.24,1464691,0.0
2018-05-15,67.12,67.6,65.73,67.02,1484112,0.0
2018-05-16,65.26,67.52,65.1,66.64,1207699,0.0
2018-05-17,66.77,68.1256,66.5,67.83,1253066,0.0
2018-05-20,68.2,68.24,66.56,66.8,903835,0.0
2018-05-21,67.02,67.52,66.38,66.56,764202,0.0
2018-05-22,66.06,66.98,66,66.57,599607,0.0
2018-05-23,66.71,66.86,65.55,66.67,933773,0.0
2018-05-24,66.89,69.18,66.825,68.43,1084305,0.0
2018-05-28,67.85,68.12,66.35,67.06,820942,0.0
2018-05-29,67.38,68.18,66.77,67.85,740942,0.0
2018-05-30,67.98,68.83,67.36,68.28,895662,0.0
2018-05-31,68.53,69.61,66.5,67.91,1593003,0.0
2018-06-03,67.89,68.45,66.95,68.03,801783,0.0
2018-06-04,68.07,68.6,67.25,68.41,832140,0.0
2018-06-05,68.6,69.05,67.91,68.55,933356,0.0
2018-06-06,68.91,70.2,68.27,69.03,1486434,0.0
2018-06-07,69.1,71.41,68.835,70.02,1220299,0.0
2018-06-10,71.27,71.85,69.34,69.35,1182291,0.0
2018-06-11,69.24,71.41,69.24,70.58,774742,0.0
2018-06-12,70.91,71.95,70.13,70.55,899356,0.0
2018-06-13,70.87,74.335,70.77,73.64,2256205,0.0
2018-06-14,74.04,74.64,71.85,73.97,1955459,0.0
2018-06-17,73.03,73.54,71.13,72.03,2382921,0.0
2018-06-18,71.65,73.35,71.28,72.99,2254617,0.0
2018-06-19,73.38,74.3,72.78,73.45,1589361,0.0
2018-06-20,74.18,75.15,72.32,72.48,1898627,0.0
2018-06-21,72.72,74.4,72.33,74,1288639,0.0
2018-06-24,73.15,73.56,71.16,71.73,1236110,0.0
2018-06-25,71.12,71.47,66.1,66.72,3500322,0.0
2018-06-26,66.48,67.06,65.42,65.45,1220192,0.0
2018-06-27,65.19,66.27,63.51,65.78,1801361,0.0
2018-06-28,65.68,68.28,65.54,67.02,1060835,0.0
2018-07-01,66.82,69.05,66.28,68.62,1144183,0.0
2018-07-02,68.62,69.095,67.82,68.28,658926,0.0
2018-07-04,68.8,69.64,68.02,69.29,499266,0.0
2018-07-05,69.83,71.38,69.76,70.85,1113140,0.0
2018-07-08,71.34,72.37,70.185,71.62,1746872,0.0
2018-07-09,71.94,71.94,70.09,70.18,1011678,0.0
2018-07-10,69.85,70.54,69.15,70.28,897983,0.0
2018-07-11,70.53,71.555,70.1,71.13,1033741,0.0
2018-07-12,69.38,70.99,68.54,70.18,932340,0.0
2018-07-15,69.93,70.95,69.73,70.13,748394,0.0
2018-07-16,70.03,71.17,69.7,70.21,1852152,0.0
2018-07-17,70.33,70.67,69.56,70.36,1048174,0.0
2018-07-18,70.38,70.6721,69.18,70.1,627134,0.0
2018-07-19,70,70.11,69.02,69.19,638127,0.0
2018-07-22,69.27,69.27,68.23,68.96,820312,0.0
2018-07-23,69.21,71.105,68.58,69.01,1054908,0.0
2018-07-24,69.01,70.43,69.01,70.1,881650,0.0
2018-07-25,70.27,70.5,69.15,69.91,774708,0.0
2018-07-26,69.84,69.84,68.22,68.63,862766,0.0
2018-07-29,68.52,69.75,67.61,68.58,1236638,0.0
2018-07-30,69.34,70.445,65.25,66.54,1970015,0.0
2018-07-31,65.38,66.54,64.9301,65.58,1475474,0.0
2018-08-01,65.31,65.31,64.16,64.44,2033981,0.0
2018-08-02,64.59,64.6,62.5,63.05,1756455,0.0
2018-08-05,63.04,63.28,61.45,61.75,1801241,0.0
2018-08-06,61.94,63.11,61.94,63.02,1750729,0.0
2018-08-07,63.17,64.8,62.65,63.61,2194711,0.0
2018-08-08,63.47,64.7,62.62,64.38,1295924,0.0
2018-08-09,63.88,65.46,63.88,64.44,780476,0.0
2018-08-12,64.3,65.49,63.25,64.88,713985,0.0
2018-08-13,65.01,66.58,65,66.46,955634,0.0
2018-08-14,67.52,68.34,66.44,66.87,1366727,0.0
2018-08-15,67.02,68.205,66.44,67.86,827990,0.0
2018-08-16,67.55,69.4,67.015,68.81,873374,0.0
2018-08-19,69.28,69.33,68.31,69.05,1112042,0.0
2018-08-20,68.96,70.43,68.81,69.62,966354,0.0
2018-08-21,69.34,70.01,68.93,69.47,587499,0.0
2018-08-22,69.3,69.62,68.3,69.19,1506141,0.0
2018-08-23,69.4,70.81,69.28,70.07,1549973,0.0
2018-08-26,70.33,73.355,70.33,72.36,1407664,0.0
2018-08-27,72.26,74.45,72.25,73.86,1117544,0.0
2018-08-28,73.87,74.38,73.35,74.06,1135524,0.0
2018-08-29,73.96,74.65,71.78,73.65,469335,0.0
2018-08-30,73.74,74.69,73.47,73.9,603873,0.0
2018-09-03,73.44,73.9,72.365,73.84,706764,0.0
2018-09-04,73.56,74.81,73.56,74.24,618148,0.0
2018-09-05,74.3,74.61,71.44,72.22,795629,0.0
2018-09-06,71.63,71.7,68.86,69.17,1329203,0.0
2018-09-09,69.55,69.57,67.78,68.4,968690,0.0
2018-09-10,68.1,69.1375,66.35,66.81,1715301,0.0
2018-09-11,66.86,66.96,65.47,66.5,755413,0.0
2018-09-12,67.03,67.67,66.08,67.48,810195,0.0
2018-09-13,67.65,68.53,67.19,68.1,673799,0.0
2018-09-16,68.09,68.3988,66.4667,67.01,869917,0.0
2018-09-17,66.85,67.98,66.59,67.82,539688,0.0
2018-09-18,67.79,68.96,67.2,67.25,674912,0.0
2018-09-19,67.36,68.61,67.2642,68.27,730144,0.0
2018-09-20,68.11,68.861,66.415,66.58,1141322,0.0
2018-09-23,66.52,66.87,65.64,66.47,721971,0.0
2018-09-24,66.71,66.83,65.65,65.86,655282,0.0
2018-09-25,66.03,69.34,66.03,67.43,1486694,0.0
2018-09-26,67.55,69.43,67,69.04,686979,0.0
2018-09-27,68.81,69.93,68.56,69.07,812511,0.0
2018-09-30,69.47,69.9,68.3,68.82,620250,0.0
2018-10-01,68.86,69.9,68.57,69.85,783425,0.0
2018-10-02,70,70.58,69.55,69.93,648052,0.0
2018-10-03,69.76,69.76,65.71,66.2,972011,0.0
2018-10-04,66.27,66.985,63.79,65.07,953653,0.0
2018-10-07,64.61,65.01,62.83,64.17,964815,0.0
2018-10-08,64.18,65.97,63.72,65.51,703608,0.0
2018-10-09,65.5,66.265,63.78,63.86,984113,0.0
2018-10-10,64.08,64.97,61.07,61.75,1740760,0.0
2018-10-11,62.69,63,60.9,62.55,1309135,0.0
2018-10-14,62.17,63,61.51,62.03,755258,0.0
2018-10-15,62.47,65.12,62.27,64.92,1082623,0.0
2018-10-16,64.91,65.5,64.1,65.05,1860986,0.0
2018-10-17,65.35,65.49,63.49,64.44,805063,0.0
2018-10-18,64.49,67.02,63.75,66.06,1224355,0.0
2018-10-21,67.07,67.545,64.75,65.17,722113,0.0
2018-10-22,64.34,65.87,62.705,65.05,862638,0.0
2018-10-23,64.89,64.97,60.71,60.92,1769683,0.0
2018-10-24,61.47,64.56,60.68,64.25,1386045,0.0
2018-10-25,62.12,65.55,61.45,63.96,1217081,0.0
2018-10-28,65.19,66.7,61.81,63.23,1068560,0.0
2018-10-29,61.41,63,58.33,61.08,4839383,0.0
2018-10-30,61.66,65.77,61.255,64.82,1809944,0.0
2018-10-31,65.05,69.27,62.3288,68.43,1239936,0.0
2018-11-01,68.95,69.81,65.89,67.4,1161764,0.0
2018-11-04,67.73,69.19,66.38,68.97,957138,0.0
2018-11-05,69.1,69.85,68.05,68.53,1042381,0.0
2018-11-06,69.27,70,68.05,69.01,1292685,0.0
2018-11-07,68.99,69.72,67.96,68.67,534919,0.0
2018-11-08,68.39,68.5,64.93,66.01,1024439,0.0
2018-11-11,66.1,66.19,62.51,62.85,1547283,0.0
2018-11-12,62.97,65.295,62.8,63.76,1023653,0.0
2018-11-13,64.17,64.775,62.85,64.14,1872761,0.0
2018-11-14,62.82,65.07,61.52,65.03,1042462,0.0
2018-11-15,64.86,66.91,64.33,66.48,928803,0.0
2018-11-18,66.32,66.852,63.53,64.26,1148040,0.0
2018-11-19,63.51,64.78,62.6425,63.59,1014718,0.0
2018-11-20,63.94,64.66,63.1,64.09,731647,0.0
2018-11-22,63.62,66.3,63.3,64.69,599971,0.0
2018-11-25,65.5,67.53,65.01,67.38,948541,0.0
2018-11-26,66.8,68.14,65.74,67.19,1076859,0.0
2018-11-27,67.11,67.28,65.18,65.76,1671043,0.0
2018-11-28,65.22,66.25,64.71,64.77,1333990,0.0
2018-11-29,64.84,65.5,63.55,64.26,2454998,0.0
2018-12-02,65.25,68.93,65.25,68.33,2350102,0.0
2018-12-03,68.07,68.72,65.38,65.53,1637749,0.0
2018-12-05,64.72,65.46,63.22,65.1,1323111,0.0
2018-12-06,64.7,66.88,63.93,64.51,1047405,0.0
2018-12-09,64.73,65.8,63.54,65.45,845663,0.0
2018-12-10,66.3,66.48,64.8609,65.6,762502,0.0
2018-12-11,66.65,68.599,66.65,67.68,927991,0.0
2018-12-12,67.96,68.87,67.05,67.29,1056549,0.0
2018-12-13,66.61,67.639,65.66,66.24,967329,0.0
2018-12-16,65.75,66.895,64.21,64.79,1019210,0.0
2018-12-17,66.69,66.86,63.5,64.25,1372430,0.0
2018-12-18,64.04,65.48,61.89,62.74,1416914,0.0
2018-12-19,62.43,63.38,60.63,61.77,1297155,0.0
2018-12-20,62.02,63.33,58.35,58.68,2368095,0.0
2018-12-23,58.25,60.12,57,58.5,916471,0.0
2018-12-25,58.88,62.05,58.46,62.02,1157889,0.0
2018-12-26,61.4,62.37,60,62.37,760354,0.0
2018-12-27,62.74,63.82,61.71,62.26,765933,0.0
2018-12-30,62.8,64.5374,62.6613,63.12,786005,0.0
2019-01-01,62.49,64.97,62.0312,63.4,993483,0.0
2019-01-02,64.47,69.61,64.4,68.18,3264897,0.0
2019-01-03,69.32,73.37,69.12,72.1,2197079,0.0
2019-01-06,72.93,75.02,72.21,74.26,2098368,0.0
2019-01-07,75.56,76.845,73.66,74.89,1953090,0.0
2019-01-08,75.53,75.72,73.26,73.68,1483605,0.0
2019-01-09,73.48,75.45,72.73,75.07,1478982,0.0
2019-01-10,75.1,75.38,73.62,74.66,909503,0.0
2019-01-13,74.25,74.35,73.13,73.64,1207780,0.0
2019-01-14,75,79.56,74.8332,78.635,2252988,0.0
2019-01-15,77.38,77.91,75.6,76.6599,1926441,0.0
2019-01-16,76.44,78.91,75.91,78.65,1903409,0.0
2019-01-17,79.24,79.5,77.9339,78.3,1678330,0.0
2019-01-21,78,78,76.38,77.29,1093850,0.0
2019-01-22,76.52,77.14,74.05,75.21,1258902,0.0
2019-01-23,76.99,77.58,76.2635,76.95,1203787,0.0
2019-01-24,77.4,79.99,76.55,79.89,1717362,0.0
2019-01-27,79.52,81.25,79.4949,80.86,2052653,0.0
2019-01-28,80.72,81.11,78.24,79.26,861437,0.0
2019-01-29,79.29,80.06,78.2142,79.95,586660,0.0
2019-01-30,79.61,80.69,79.28,80.66,704162,0.0
2019-01-31,80.83,83.05,80.5731,83,1367789,0.0
2019-02-03,83.13,83.13,80.47,81.6,829110,0.0
2019-02-04,82.31,82.49,80.76,81.43,764390,0.0
2019-02-05,81.15,81.75,80.3,81.45,616567,0.0
2019-02-06,80.74,81.15,79.52,79.77,823854,0.0
2019-02-07,79.5,80.89,79.4092,80.76,598424,0.0
2019-02-10,81.07,81.25,79.9,80.12,599850,0.0
2019-02-11,81.53,81.64,80.3,81.4,1376361,0.0
2019-02-12,81.53,82.29,80.15,81.0568,1031250,0.0
2019-02-13,81.87,83.99,80.1104,83.445,1901354,0.0
2019-02-14,82.045,84.25,82.045,84.0501,1431894,0.0
2019-02-18,84.25,84.84,83.6,84.09,937925,0.0
2019-02-19,83.73,84.23,82.68,83.74,893096,0.0
2019-02-20,83.62,84.5,82.21,83.32,812967,0.0
2019-02-21,83.73,84.87,83.28,84.85,997140,0.0
2019-02-24,85.49,87.65,85.35,86.88,1214100,0.0
2019-02-25,86.91,87.045,85.65,85.67,640440,0.0
2019-02-26,85.24,87.03,85.03,87,818212,0.0
2019-02-27,87.04,87.83,85.44,86.23,790809,0.0
2019-02-28,86.72,88.8,85.91,88.16,938804,0.0
2019-03-03,88.52,88.83,84.9968,85.43,1236076,0.0
2019-03-04,84.89,86.19,84.27,84.98,745363,0.0
2019-03-05,85.19,85.19,83.23,83.37,719030,0.0
2019-03-06,82.84,83.44,81.68,82.43,806034,0.0
2019-03-07,81.83,82.37,80.92,82.13,714093,0.0
2019-03-10,82.62,84.21,81.84,84.14,830619,0.0
2019-03-11,84.05,85.25,83.66,84.91,651107,0.0
2019-03-12,85.48,86.1,84.71,85.05,878231,0.0
2019-03-13,85.11,85.7358,83.83,84.31,685868,0.0
2019-03-14,84.96,85.24,84.44,84.81,556843,0.0
2019-03-17,84.82,85.89,84.06,85.61,698061,0.0
2019-03-18,86.12,86.35,85.21,85.67,540561,0.0
2019-03-19,85.63,87.2,85.38,86.28,737115,0.0
2019-03-20,85.57,87.25,85,87.08,538092,0.0
2019-03-21,86.75,87.1,85.3,85.34,1177841,0.0
2019-03-24,85.28,86.06,84.21,86.05,681250,0.0
2019-03-25,86.96,87.4657,86.19,87.1,797548,0.0
2019-03-26,87.04,87.55,85.44,86.02,819809,0.0
2019-03-27,86.02,86.94,85.17,85.69,748079,0.0
2019-03-28,86.52,86.78,85.88,86,926633,0.0
2019-03-31,87.36,87.91,85.91,85.93,359270,0.0
2019-04-01,85.8,87.16,84.96,86.7,962050,0.0
2019-04-02,86.14,86.6,83.321,84.35,1233292,0.0
2019-04-03,84.43,84.78,82.37,83.16,1086336,0.0
2019-04-04,83.62,85.13,83.62,84.75,1484517,0.0
2019-04-07,84.75,84.91,82.15,84.43,1271460,0.0
2019-04-08,84.09,84.35,82.58,82.72,704106,0.0
2019-04-09,82.75,84.16,82.545,83.4,810545,0.0
2019-04-10,83.62,83.92,80.99,81.03,788933,0.0
2019-04-11,81.38,81.78,79.21,79.37,1502955,0.0
2019-04-14,79.33,80.37,77.63,78.1,1250106,0.0
2019-04-15,78.53,79.26,76.74,77,1179131,0.0
2019-04-16,77.14,77.2856,73.895,74.32,1400641,0.0
2019-04-17,74.74,75.71,72.43,73.96,1494041,0.0
2019-04-21,73.96,74.64,72.36,73.68,924386,0.0
2019-04-22,73.71,75.56,73.33,75.41,1256176,0.0
2019-04-23,75.03,75.22,73.45,73.53,788285,0.0
2019-04-24,73.03,74.18,72.4,73.95,912610,0.0
2019-04-25,74.41,75.1,73.59,74.99,1138604,0.0
2019-04-28,74.43,74.81,72.95,74.34,1233291,0.0
2019-04-29,74.61,80,73.788,76.8,1755369,0.0
2019-04-30,77.17,80.48,77.01,78.85,1659172,0.0
2019-05-01,79.25,81.48,79.07,80.93,1664449,0.0
2019-05-02,80.56,83.15,79.64,83.03,1346563,0.0
2019-05-05,81.74,85.16,80.73,85,1061029,0.0
2019-05-06,84.04,84.8,82.44,83.23,1455333,0.0
2019-05-07,82.93,83.76,82.27,82.85,1081917,0.0
2019-05-08,82.25,82.79,80.7,82.02,1063993,0.0
2019-05-09,82.02,82.02,78.2,80.68,1165363,0.0
2019-05-12,79.38,79.49,75.52,75.74,1205675,0.0
2019-05-13,76.14,76.83,75.515,76.08,733987,0.0
2019-05-14,75.46,76.27,74.31,76,1268080,0.0
2019-05-15,76.16,78.45,76.16,77.63,793506,0.0
2019-05-16,77.01,78.02,76.12,77.24,743094,0.0
2019-05-19,76.75,77.21,76.05,76.82,705125,0.0
2019-05-20,77.08,78.835,76.85,78.66,938504,0.0
2019-05-21,78.5,79.59,77.98,79.02,702959,0.0
2019-05-22,78.61,80.56,78.07,80.48,1092623,0.0
2019-05-23,80.79,82.31,80.26,81.78,1288447,0.0
2019-05-27,81.86,84.04,81.66,81.77,1043914,0.0
2019-05-28,81.47,81.565,77.27,77.59,1134644,0.0
2019-05-29,77.87,78.83,77.03,78.72,661079,0.0
2019-05-30,77.95,80.21,77.57,78.61,710838,0.0
2019-06-02,78.99,80.38,78.29,79.55,932329,0.0
2019-06-03,80.68,81.68,79.795,81.64,1236618,0.0
2019-06-04,82.11,82.75,80.92,81.04,778259,0.0
2019-06-05,81.06,81.81,79.69,79.86,532639,0.0
2019-06-06,80.15,81.11,79.34,80.84,519511,0.0
2019-06-09,80.78,81.54,76.57,76.76,1205534,0.0
2019-06-10,76.88,77.275,74.48,75.56,1261579,0.0
2019-06-11,76.84,77.44,74.94,75.81,1209758,0.0
2019-06-12,75.74,76.46,75.0034,76.37,2078734,0.0
2019-06-13,76.3,77.79,75.46,77.715,2091547,0.0
2019-06-16,79.07,82.565,78.5,81.84,1946594,0.0
2019-06-17,82.82,84.87,82,84.3,1483134,0.0
2019-06-18,84.71,85.36,83.7,84.85,1052934,0.0
2019-06-19,85.6,87.125,85.6,86.54,1192202,0.0
2019-06-20,87.25,88.85,86.29,88.7,1772474,0.0
2019-06-23,88.7,89.3,86.67,86.93,1048629,0.0
2019-06-24,87.25,88.63,86.33,87.6,939929,0.0
2019-06-25,87.54,88.28,85.22,85.63,888645,0.0
2019-06-26,86.06,86.59,84.53,84.68,799633,0.0
2019-06-27,84.49,85.28,83.37,84.95,931465,0.0
2019-06-30,85.8,86.5,84.575,85.39,818091,0.0
2019-07-01,86,86,83.95,85.02,716835,0.0
2019-07-02,84.84,86.54,83.64,86.44,516029,0.0
2019-07-04,85.61,87.06,85,85.29,575480,0.0
2019-07-07,84.74,85,82.11,83.01,729848,0.0
2019-07-08,82.48,84.15,82.35,83.79,801009,0.0
2019-07-09,83.94,85.06,83.05,83.76,610777,0.0
2019-07-10,83.81,83.975,80.17,81.24,851535,0.0
2019-07-11,81.38,81.95,79.62,80.06,770831,0.0
2019-07-14,79.99,81.57,79.53,81.34,692163,0.0
2019-07-15,81.35,81.51,79.7,79.87,673753,0.0
2019-07-16,79.91,80.88,79.4,80.23,772766,0.0
2019-07-17,80.35,81.5,80.14,81.3,614768,0.0
2019-07-18,81.81,82.26,80.23,80.57,737488,0.0
2019-07-21,80.89,82.71,80.39,81.66,631587,0.0
2019-07-22,81.67,81.83,78.42,78.51,1556256,0.0
2019-07-23,78.54,79.72,77.5976,79.15,1379445,0.0
2019-07-24,78.69,79.3,77.3,78.83,596882,0.0
2019-07-25,79.34,80.95,79.005,80.14,763611,0.0
2019-07-28,80.09,80.46,78.15,80.32,921941,0.0
2019-07-29,82.77,85.57,80.06,85.52,1549263,0.0
2019-07-30,85.5,86.53,83.86,84.9,1072560,0.0
2019-07-31,84.52,87.23,84.24,84.89,854489,0.0
2019-08-01,84.73,85.9,82.71,83.46,863137,0.0
2019-08-04,82.32,82.45,80.03,80.87,976906,0.0
2019-08-05,81.2,82.77,79.9,82.63,800422,0.0
2019-08-06,81.78,81.78,79.765,80.43,998873,0.0
2019-08-07,80.66,81.31,78.01,81.25,1148230,0.0
2019-08-08,80.97,82.72,80.22,81.83,1084582,0.0
2019-08-11,81.66,83.84,80.56,82.41,841772,0.0
2019-08-12,82.3,84.78,81.96,82.89,743919,0.0
2019-08-13,82.14,83.29,80.91,81.02,1000541,0.0
2019-08-14,80.96,81.47,79.59,80.6,900616,0.0
2019-08-15,81.42,83.345,80.8,83.12,916591,0.0
2019-08-18,84.08,84.92,83.15,84.52,583023,0.0
2019-08-19,84.23,84.96,83.92,84.1,607394,0.0
2019-08-20,84.75,86.11,84.48,86.04,583716,0.0
2019-08-21,86.32,86.32,84.63,85.57,667677,0.0
2019-08-22,85.56,85.82,81.58,81.92,830131,0.0
2019-08-25,82.29,83.19,81.09,82.81,849010,0.0
2019-08-26,83.51,84.08,79.43,80.25,1233564,0.0
2019-08-27,79.87,82.61,79.26,81.33,906623,0.0
2019-08-28,82.06,82.49,81.41,82.44,1020076,0.0
2019-08-29,82.77,82.82,80.69,81.81,635478,0.0
2019-09-02,81.73,81.95,79.56,80.01,691707,0.0
2019-09-03,81,81.065,76.75,77.62,1407965,0.0
2019-09-04,79.92,80.13,78.21,79.27,1453411,0.0
2019-09-05,79.45,80.105,79.0801,79.24,520099,0.0
2019-09-08,78.53,79.53,77.35,79,720831,0.0
2019-09-09,78.37,78.91,76.8287,77.9,980177,0.0
2019-09-10,77.85,79.79,77.84,78.48,709499,0.0
2019-09-11,78.75,78.95,75,76.06,2110087,0.0
2019-09-12,76.4,78.17,75.54,76.38,1357729,0.0
2019-09-15,76.19,79.04,75.6,78.34,999402,0.0
2019-09-16,77.71,79.37,77.57,79.15,781276,0.0
2019-09-17,79.52,80.21,77.39,78.5,598844,0.0
2019-09-18,78.5,79.22,77.91,78.13,783893,0.0
2019-09-19,78.52,81.64,78.37,81.21,1673614,0.0
2019-09-22,81.01,81.97,76.63,77.65,1459975,0.0
2019-09-23,78.38,78.38,75.49,77,828156,0.0
2019-09-24,76.62,77.5,75.02,75.07,1062492,0.0
2019-09-25,75.19,75.465,72.85,73.76,1325977,0.0
2019-09-26,74.27,74.27,72,72.805,875771,0.0
2019-09-29,72.93,74.88,72.78,74.24,985098,0.0
2019-09-30,73.53,74.745,73.3,74,1106710,0.0
2019-10-01,73.97,73.97,72.905,73.03,874890,0.0
2019-10-02,73.64,74.93,72.495,74.87,806955,0.0
2019-10-03,74.91,75.82,73.38,74.87,1294599,0.0
2019-10-06,73.01,75.22,73.01,74.77,839047,0.0
2019-10-07,74.44,75.48,73.52,74.4,1020980,0.0
2019-10-08,75.13,75.73,74.06,74.68,999134,0.0
2019-10-09,74.55,75.9,74.13,75.74,874580,0.0
2019-10-10,76.28,77.22,76.01,76.08,1221551,0.0
2019-10-13,76.84,78.3,76.255,77.44,1053274,0.0
2019-10-14,77.42,79.06,77.36,78.51,969367,0.0
2019-10-15,78.06,79.065,77.51,78.12,1224641,0.0
2019-10-16,78.35,78.68,77.38,77.43,991321,0.0
2019-10-17,77.64,79.38,77.25,77.79,1456630,0.0
2019-10-20,77.49,78.69,77.01,78.6,580415,0.0
2019-10-21,78.76,80.37,78.36,78.45,577632,0.0
2019-10-22,78.67,79.355,77.92,78.1,496352,0.0
2019-10-23,78.18,78.18,76.73,77.5,511630,0.0
2019-10-24,76.41,78.21,76.27,77.59,607054,0.0
2019-10-27,77.79,79.97,77.39,79.87,1286933,0.0
2019-10-28,80,85,78.25,83.35,1900177,0.0
2019-10-29,83.06,84.05,82.86,83.68,874625,0.0
2019-10-30,83.78,84.72,82.72,83.94,834321,0.0
2019-10-31,84.14,85.11,82.87,83.57,859780,0.0
2019-11-03,84.36,84.95,83.385,84.42,968973,0.0
2019-11-04,84.29,85.39,84.02,84.17,571464,0.0
2019-11-05,84.06,84.57,83.52,83.73,698530,0.0
2019-11-06,83.84,84.605,82.46,82.76,488244,0.0
2019-11-07,82.27,85.53,81.8484,85.06,680477,0.0
2019-11-10,85.11,85.61,84.26,84.86,459627,0.0
2019-11-11,84.88,86.53,84.32,86.14,803505,0.0
2019-11-12,85.95,87.8399,85.04,87.44,800093,0.0
2019-11-13,87.56,87.77,85.74,85.79,921743,0.0
2019-11-14,86.46,87.23,85.99,86.63,970163,0.0
2019-11-17,86.5,88,86.35,87.48,619242,0.0
2019-11-18,87.85,88.63,87.62,87.93,823382,0.0
2019-11-19,87.73,90,87.22,88.88,1215680,0.0
2019-11-20,89.5,89.7,87.85,88.42,816748,0.0
2019-11-21,89.29,89.93,88.08,88.73,1106252,0.0
2019-11-24,89.95,94.48,89.62,93.99,2091474,0.0
2019-11-25,94.64,94.64,92.37,93.78,1021353,0.0
2019-11-26,94.41,94.75,93.75,94.14,545427,0.0
2019-11-28,94.89,95,93.82,94.23,477257,0.0
2019-12-01,94.82,95.36,93.27,94.47,904653,0.0
2019-12-02,94.2,94.64,92.65,94.13,965844,0.0
2019-12-03,93.81,95.389,93.22,94.95,1128086,0.0
2019-12-04,95.14,95.45,93.5707,93.99,756187,0.0
2019-12-05,94.54,94.85,93.36,94.47,636391,0.0
2019-12-08,94.6,95.44,94.36,94.79,741406,0.0
2019-12-09,94.64,96.59,94.16,95.75,987399,0.0
2019-12-10,96.02,96.79,94.47,94.91,791795,0.0
2019-12-11,94.67,95.08,92.79,92.79,1747754,0.0
2019-12-12,91.58,92.53,89.16,91.49,1607159,0.0
2019-12-15,91.61,93.35,91.61,92.68,1448356,0.0
2019-12-16,93.43,93.43,90.97,91.29,1086841,0.0
2019-12-17,90.84,91.99,90.7,91.19,992692,0.0
2019-12-18,90.9,91.54,90.9,91.15,1019006,0.0
2019-12-19,92.01,92.04,89.41,90.16,2401091,0.0
2019-12-22,90.68,90.69,88.36,90.16,2077856,0.0
2019-12-23,90.47,91.5368,89.9334,91.43,475502,0.0
2019-12-25,91.2,91.52,88.48,88.78,718035,0.0
2019-12-26,89.17,89.224,87.29,88.4,970320,0.0
2019-12-29,88.27,88.81,87.613,88.09,560576,0.0
2019-12-30,87.7,88.15,86.9711,87.28,718856,0.0
2020-01-01,86.91,87.97,85.36,85.97,1363391,0.0
2020-01-02,76.15,78.1,75.1573,77.9,5044587,0.0
2020-01-05,77.27,77.425,75.52,77.33,2542444,0.0
2020-01-06,77.28,77.62,76.16,77.14,1326434,0.0
2020-01-07,77.3,77.45,76.08,76.53,1351886,0.0
2020-01-08,76.5,78.69,76.5,77.96,1697904,0.0
2020-01-09,77.7,78.25,76.315,76.44,1017437,0.0
2020-01-12,76.58,77.92,75.81,77.07,1648001,0.0
2020-01-13,77.38,81.64,77.1,81.5,2313510,0.0
2020-01-14,81.12,82.38,80.285,80.55,898926,0.0
2020-01-15,81.08,81.57,80.29,80.62,816076,0.0
2020-01-16,80.98,81.11,80.05,80.47,1014325,0.0
2020-01-20,80.17,80.255,78.46,78.67,1581605,0.0
2020-01-21,78.83,79.53,78.22,78.49,1227270,0.0
2020-01-22,78.57,78.93,77.45,78.28,1847740,0.0
2020-01-23,78.15,78.76,75.83,76.74,2123485,0.0
2020-01-26,75.68,76.43,75.24,76.07,838784,0.0
2020-01-27,79,79.0568,75.37,76.46,1762157,0.0
2020-01-28,76.09,76.345,74.82,74.98,1045382,0.0
2020-01-29,74.55,74.55,72.97,73.1,1340945,0.0
2020-01-30,72.55,73.6,71.84,73.07,1195001,0.0
2020-02-02,73.95,74.1,72.57,72.93,942308,0.0
2020-02-03,73.73,74.52,73,73.88,904630,0.0
2020-02-04,75.07,77.33,74.5,75.99,1153937,0.0
2020-02-05,76.19,76.19,74.6583,75.79,754772,0.0
2020-02-06,75.66,75.735,74.08,74.13,661486,0.0
2020-02-09,73.66,75.26,73.51,75.11,732496,0.0
2020-02-10,75.28,76.78,75.16,76.16,870667,0.0
2020-02-11,76.4,77.16,75.25,75.8,1929041,0.0
2020-02-12,77.6,78.44,75.01,78.16,1946462,0.0
2020-02-13,78.01,78.46,77.45,78.45,959823,0.0
2020-02-17,79,79.33,78.13,79.3,834770,0.0
2020-02-18,79.69,82.59,79.64,82.42,1545531,0.0
2020-02-19,82,83.12,80.93,82.77,2394068,0.0
2020-02-20,82.28,82.74,80.38,80.88,1245232,0.0
2020-02-23,79.88,80.31,77.42,78.84,1077209,0.0
2020-02-24,79.24,79.69,76.77,77.38,1858576,0.0
2020-02-25,78.06,79.22,76.97,78.03,1257940,0.0
2020-02-26,76.95,78.38,75.635,75.77,1185949,0.0
2020-02-27,73.69,76.44,73.5,75.35,1874927,0.0
2020-03-01,75.73,79.1,75.35,79.05,1574378,0.0
2020-03-02,78.55,79.77,76.63,77.79,1630971,0.0
2020-03-03,79.15,80.24,77.85,80.16,1646062,0.0
2020-03-04,77.69,80.15,77.69,78.62,1182478,0.0
2020-03-05,75.18,76.9,74.82,76.04,1540610,0.0
2020-03-08,72.25,73.49,71.02,71.09,1702141,0.0
2020-03-09,72.69,74.32,70.271,74.31,4812270,0.0
2020-03-10,72.88,73.89,70.97,72.01,4125320,0.0
2020-03-11,68.15,71.54,67.93,68.02,2568723,0.0
2020-03-12,69.55,74,69.55,73.96,2981178,0.0
2020-03-15,67.95,75.34,67.13,71.6,5577578,0.0
2020-03-16,73.11,76.4761,69.865,70.39,2609109,0.0
2020-03-17,67.9,72.87,63.35,66.9,1904148,0.0
2020-03-18,66.3,67.81,63.95,66.39,4246820,0.0
2020-03-19,67.26,72.42,66.51,66.77,4589482,0.0
2020-03-22,67.7,68.5987,62.48,63.15,4066688,0.0
2020-03-23,65.39,68.03,63.29,67.43,2326652,0.0
2020-03-24,66.75,71.48,65.71,69.59,2091905,0.0
2020-03-25,68.7,73.28,68.7,73.05,1513191,0.0
2020-03-26,71.2,72.16,68.55,69,1187790,0.0
2020-03-29,70.2,72.53,69.25,72.17,1665633,0.0
2020-03-30,71.44,73.89,70.52,73.32,2670632,0.0
2020-03-31,72.05,74.84,71.53,74.21,3360416,0.0
2020-04-01,73.51,77.415,73.51,77.07,1252116,0.0
2020-04-02,77.59,79.49,77.24,78.6,2798333,0.0
2020-04-05,80.55,85.25,80.25,85.11,5544512,0.0
2020-04-06,86.21,87.85,85.13,86.66,2363735,0.0
2020-04-07,86.74,88.59,85.945,87.75,1728176,0.0
2020-04-08,87.34,87.99,85.169,86.81,1645628,0.0
2020-04-12,85.68,88.24,85.68,88.01,2091156,0.0
2020-04-13,88.24,91.74,88.24,91.28,2753688,0.0
2020-04-14,89.22,91.79,88.93,90.95,4145191,0.0
2020-04-15,91.99,96.14,91.425,95.63,8923191,0.0
2020-04-16,97.8276,100.27,96.1556,100.04,6966634,0.0
2020-04-19,99.8,102.42,99.3,101.24,7730624,0.0
2020-04-20,99.5,100.75,97.9,99.57,6437149,0.0
2020-04-21,100.29,101.99,99.56,101.09,3742641,0.0
2020-04-22,101.41,104.2,100.545,101.9,3073054,0.0
2020-04-23,102.74,103.96,101.61,103.48,2289739,0.0
2020-04-26,104,104.81,102.4,102.98,3361835,0.0
2020-04-27,104.28,104.36,96.7,97.7,2579733,0.0
2020-04-28,98.14,98.94,95.18,95.95,1528493,0.0
2020-04-29,95.69,98.35,95.03,97.66,2064604,0.0
2020-04-30,97.25,98.21,96.2,97.34,995853,0.0
2020-05-03,97.71,101.3777,97.71,101.07,1337726,0.0
2020-05-04,99.35,100.52,97.01,98.9,1674218,0.0
2020-05-05,96.84,97.87,95.38,96.11,1380409,0.0
2020-05-06,97.16,97.82,95.6,96.3,2205660,0.0
2020-05-07,96.88,96.93,94.67,95.98,2052218,0.0
2020-05-10,96.09,99.65,95.66,99.36,1238994,0.0
2020-05-11,100,100.14,96.74,96.74,2528640,0.0
2020-05-12,96.98,98.66,95.33,96.45,2867468,0.0
2020-05-13,95.85,96.51,93.8608,94.8,1864200,0.0
2020-05-14,94.09,96.15,93.22,96.12,978185,0.0
2020-05-17,97.88,98.81,96.26,96.42,2022188,0.0
2020-05-18,97.33,97.48,94.36,94.95,1629358,0.0
2020-05-19,95.43,98.49,93.64,98.37,1344583,0.0
2020-05-20,98.49,98.925,96.9659,98.68,1176917,0.0
2020-05-21,97.67,99.8,97.45,99.4,2242340,0.0
2020-05-25,100.41,101.875,98.11,98.68,2759642,0.0
2020-05-26,98.73,99.8094,96.62,98.28,4398767,0.0
2020-05-27,98.36,102.98,98.02,100.61,2757024,0.0
2020-05-28,101.21,102.57,99.57,101.93,1573408,0.0
2020-05-31,101.7,102.58,100.52,101.78,1167039,0.0
2020-06-01,101.12,102.17,99.17,100.9,3339784,0.0
2020-06-02,100.81,100.81,97.55,98.87,1454272,0.0
2020-06-03,98.19,99.345,93.48,93.82,2632046,0.0
2020-06-04,93.17,96.32,90.17,93.43,1397190,0.0
2020-06-07,91.87,94.6,91.05,94.58,2101918,0.0
2020-06-08,95.09,95.17,92.5,93,1951354,0.0
2020-06-09,94.19,95.044,92.97,93.08,1127948,0.0
2020-06-10,93.39,93.88,90.68,90.81,1533069,0.0
2020-06-11,92.35,93.69,91.6,91.9,545988,0.0
2020-06-14,90.49,93.95,90.47,93.521,2267178,0.0
2020-06-15,94.45,95.61,93.31,95.42,1774821,0.0
2020-06-16,96.24,97.27,95,96.31,641279,0.0
2020-06-17,96.28,97.93,95.86,97.43,798868,0.0
2020-06-18,98.34,106.26,97.83,105.39,4371064,0.0
2020-06-21,104.84,109.14,104.39,108.96,2252585,0.0
2020-06-22,109.46,110.25,106.03,106.54,1538568,0.0
2020-06-23,105.65,107.86,104,104.42,1298709,0.0
2020-06-24,105.08,106.07,103.645,106.05,1093632,0.0
2020-06-25,105.3,105.565,100.8,101.49,1253840,0.0
2020-06-28,101.48,103.87,100.08,102.5,792888,0.0
2020-06-29,102.53,104.53,101.67,103.97,834266,0.0
2020-06-30,103.99,104.62,101.33,102.65,1090872,0.0
2020-07-01,102.82,107.38,102.52,106.47,1151239,0.0
