Date,Open,High,Low,Close,Volume,OpenInterest
2016-07-13,35.18,35.3,34.96,35.21,21263944,0.0
2016-07-14,35.16,35.29,34.9,35.06,18747321,0.0
2016-07-17,35.18,35.2,34.95,35.04,14708458,0.0
2016-07-18,34.9,35.16,34.85,35.15,14778116,0.0
2016-07-19,35.3,35.93,35.06,35.7,33979639,0.0
2016-07-20,34.33,34.49,33.86,34.26,56224111,0.0
2016-07-21,34.38,34.7,34.26,34.65,30013430,0.0
2016-07-24,34.57,34.755,34.57,34.69,17554203,0.0
2016-07-25,34.75,35.23,34.7,35.09,23482480,0.0
2016-07-26,35,35.28,34.63,34.84,20013135,0.0
2016-07-27,34.83,34.83,34.52,34.76,13690272,0.0
2016-07-28,34.77,34.915,34.605,34.85,11886650,0.0
2016-07-31,34.79,34.91,34.56,34.85,14460171,0.0
2016-08-01,34.81,34.87,34.325,34.5589,15992154,0.0
2016-08-02,34.14,34.28,33.99,34.26,15325728,0.0
2016-08-03,34.29,34.62,34.22,34.59,13130795,0.0
2016-08-04,34.8,35.13,34.7,34.98,16481209,0.0
2016-08-07,34.9,35.17,34.86,35.03,15526633,0.0
2016-08-08,35.04,35.16,34.84,34.91,11022916,0.0
2016-08-09,35.02,35.02,34.5,34.52,17380554,0.0
2016-08-10,34.66,34.74,34.49,34.67,14835228,0.0
2016-08-11,34.53,34.76,34.44,34.56,13550707,0.0
2016-08-14,34.69,35.16,34.63,34.92,16174500,0.0
2016-08-15,34.77,35.21,34.77,35.21,13791707,0.0
2016-08-16,35.16,35.21,34.77,35.01,15065164,0.0
2016-08-17,34.96,35.09,34.75,34.97,12972858,0.0
2016-08-18,34.84,35.27,34.735,35.24,14472668,0.0
2016-08-21,35.2,35.45,35.12,35.355,12222262,0.0
2016-08-22,35.5,35.69,35.3,35.39,15079934,0.0
2016-08-23,35.32,35.41,35.02,35.17,12145764,0.0
2016-08-24,35.04,35.22,34.896,35.1,10848813,0.0
2016-08-25,35.11,35.58,35.05,35.27,12564583,0.0
2016-08-28,35.48,35.67,35.15,35.55,11841248,0.0
2016-08-29,35.57,35.74,35.52,35.69,12420714,0.0
2016-08-30,35.62,35.9,35.58,35.88,15543632,0.0
2016-08-31,35.99,36.04,35.58,36.02,16469428,0.0
2016-09-01,36.19,36.33,35.95,36.08,14061130,0.0
2016-09-05,36.38,36.6,36.17,36.58,17588430,0.0
2016-09-06,36.55,36.65,36.38,36.45,15774264,0.0
2016-09-07,36.35,36.59,36.12,36.44,16491313,0.0
2016-09-08,36.1,36.39,35.44,35.44,23962467,0.0
2016-09-11,35.19,36.12,35.064,36.09,18266934,0.0
2016-09-12,35.77,35.88,35.32,35.61,19474752,0.0
2016-09-13,35.51,35.815,35.395,35.62,12281980,0.0
2016-09-14,35.64,36.65,35.54,36.56,19532204,0.0
2016-09-15,37.73,38.05,37.25,37.67,55102207,0.0
2016-09-18,37.69,38.02,37.09,37.16,24931414,0.0
2016-09-19,37.42,37.43,36.94,37.13,18699260,0.0
2016-09-20,37.23,37.46,36.8601,37.44,17063345,0.0
2016-09-21,37.6,37.83,37.44,37.55,14550929,0.0
2016-09-22,37.63,37.65,37.12,37.19,14348799,0.0
2016-09-25,36.92,36.94,36.6,36.66,19846758,0.0
2016-09-26,36.73,37.98,36.63,37.185,16314785,0.0
2016-09-27,37.31,37.5,37.15,37.44,11074098,0.0
2016-09-28,37.45,37.53,37,37.32,15605560,0.0
2016-09-29,37.47,37.92,37.44,37.74,17564045,0.0
2016-10-02,37.69,37.95,37.53,37.66,11503843,0.0
2016-10-03,37.77,37.94,37.33,37.54,11714845,0.0
2016-10-04,37.78,38.31,37.64,38.005,17904661,0.0
2016-10-05,37.84,38.16,37.575,38.08,12337095,0.0
2016-10-06,38.14,38.22,37.78,38.09,11572949,0.0
2016-10-09,38.25,38.36,37.9,38.025,11702699,0.0
2016-10-10,37.91,38,36.821,37.27,22657914,0.0
2016-10-11,37.2,37.25,36.81,37.13,11709965,0.0
2016-10-12,36.85,37.13,36.46,36.98,14170382,0.0
2016-10-13,37.19,37.7,37.155,37.46,15349520,0.0
2016-10-16,37.55,37.7162,37.245,37.29,12875543,0.0
2016-10-17,37.97,38.05,37.53,37.74,28767627,0.0
2016-10-18,36.08,36.09,35.23,35.51,63232997,0.0
2016-10-19,35.41,35.67,35.1,35.43,22175131,0.0
2016-10-20,35.19,35.4,34.81,35.15,17192732,0.0
2016-10-23,35.43,35.49,35.11,35.26,17214959,0.0
2016-10-24,35.14,35.25,35.01,35.1,13855647,0.0
2016-10-25,35.04,35.205,34.74,34.92,16974257,0.0
2016-10-26,35.1,35.23,34.75,34.81,12239946,0.0
2016-10-27,34.88,35.17,34.71,34.74,15463288,0.0
2016-10-30,34.94,35.08,34.84,34.88,13845819,0.0
2016-10-31,34.9,35.16,34.27,34.51,20765306,0.0
2016-11-01,34.6,34.9,34.47,34.61,16065097,0.0
2016-11-02,34.45,34.52,33.87,33.92,15467470,0.0
2016-11-03,33.53,33.93,33.42,33.61,17617307,0.0
2016-11-06,34.24,34.75,34.15,34.69,15790824,0.0
2016-11-07,34.6,34.95,34.49,34.74,12009334,0.0
2016-11-08,33.86,34.85,33.67,34.75,22204176,0.0
2016-11-09,34.95,34.95,34.025,34.5,23863339,0.0
2016-11-10,34.57,34.87,34.34,34.61,18245520,0.0
2016-11-13,34.56,34.73,34.2,34.48,18529476,0.0
2016-11-14,34.64,35.29,34.61,34.91,16804791,0.0
2016-11-15,34.9,34.92,34.54,34.83,13700761,0.0
2016-11-16,34.89,35.02,34.63,35.02,12627611,0.0
2016-11-17,34.95,35,34.64,34.95,11731065,0.0
2016-11-20,35.1,35.2,34.84,34.99,11812941,0.0
2016-11-21,35.18,35.5,35.11,35.48,16654692,0.0
2016-11-22,35.48,35.52,35.1,35.19,12710361,0.0
2016-11-24,35.11,35.45,35.11,35.43,4561614,0.0
2016-11-27,35.39,35.66,35.21,35.51,9724158,0.0
2016-11-28,35.64,35.64,35.27,35.3,16673815,0.0
2016-11-29,35.2,35.3,34.7,34.7,19058300,0.0
2016-11-30,34.86,34.93,33.56,33.76,25030071,0.0
2016-12-01,33.72,34.26,33.6,34.16,18216690,0.0
2016-12-04,34.33,34.42,33.965,34.39,10852250,0.0
2016-12-05,34.39,34.75,34.3,34.72,11628655,0.0
2016-12-06,34.67,35.57,34.45,35.49,17322648,0.0
2016-12-07,35.48,36.03,35.22,35.69,17465293,0.0
2016-12-08,35.75,35.9,35.59,35.77,13873265,0.0
2016-12-11,35.75,36.09,35.67,35.97,18936136,0.0
2016-12-12,36.04,36.89,35.93,36.8,27907397,0.0
2016-12-13,36.75,36.89,36.46,36.555,24881609,0.0
2016-12-14,36.74,37.16,36.53,36.79,18351937,0.0
2016-12-15,36.77,36.87,36.085,36.325,23640757,0.0
2016-12-18,36.34,36.95,36.27,36.91,15298099,0.0
2016-12-19,36.95,37.24,36.89,37.2,13344628,0.0
2016-12-20,37.25,37.345,36.91,36.98,9857514,0.0
2016-12-21,37.23,37.24,36.81,36.92,8826887,0.0
2016-12-22,36.93,36.98,36.7709,36.97,4745504,0.0
2016-12-26,36.91,37.33,36.91,37.07,7208577,0.0
2016-12-27,37.1,37.2,36.58,36.62,8530720,0.0
2016-12-28,36.51,36.72,36.43,36.66,6924587,0.0
2016-12-29,36.79,36.8,36.2,36.29,12698812,0.0
2017-01-02,36.61,36.93,36.27,36.59,16608628,0.0
2017-01-03,36.71,36.77,36.34,36.42,12506621,0.0
2017-01-04,36.45,36.72,36.305,36.35,11598890,0.0
2017-01-05,36.46,36.68,36.19,36.5,11511331,0.0
2017-01-08,36.48,36.885,36.4776,36.61,16619483,0.0
2017-01-09,36.55,36.93,36.53,36.5499,13394268,0.0
2017-01-10,36.51,37,36.51,36.94,16283853,0.0
2017-01-11,36.83,36.83,36.32,36.7,17634852,0.0
2017-01-12,36.71,36.86,36.62,36.78,11250877,0.0
2017-01-16,36.67,36.83,36.59,36.8,15220502,0.0
2017-01-17,36.89,37.01,36.61,36.76,12548363,0.0
2017-01-18,36.51,36.91,36.51,36.57,10875578,0.0
2017-01-19,36.76,37.03,36.58,36.93,18218138,0.0
2017-01-22,37.07,37.21,36.55,36.78,21874675,0.0
2017-01-23,36.83,37.74,36.81,37.61,28667679,0.0
2017-01-24,37.87,38,37.515,37.8,27085762,0.0
2017-01-25,37.81,37.925,37.42,37.55,26508353,0.0
2017-01-26,37.99,38.45,37.81,37.98,38954668,0.0
2017-01-29,37.77,37.84,37.33,37.4,20929184,0.0
2017-01-30,37.22,37.37,36.6401,36.83,20761579,0.0
2017-01-31,36.82,36.95,36.02,36.51,24213324,0.0
2017-02-01,36.26,36.7,36.2,36.68,28511097,0.0
2017-02-02,36.69,36.82,36.45,36.515,16176672,0.0
2017-02-05,36.51,36.51,36.15,36.26,16225329,0.0
2017-02-06,36.45,36.52,36.24,36.35,16306666,0.0
2017-02-07,36.34,36.65,36.14,36.38,18109882,0.0
2017-02-08,36.5,36.5,35.4,35.45,43004427,0.0
2017-02-09,35.34,35.43,34.84,35.34,39944331,0.0
2017-02-12,35.57,35.85,35.34,35.8,17326476,0.0
2017-02-13,35.9,35.96,35.53,35.93,18570804,0.0
2017-02-14,35.98,36.06,35.67,36.05,15263915,0.0
2017-02-15,36.18,36.56,36.1,36.4,17495714,0.0
2017-02-16,36.32,36.48,36.1,36.48,14739226,0.0
2017-02-20,36.52,36.65,36.33,36.51,15815556,0.0
2017-02-21,36.34,36.3964,35.79,36.07,25903886,0.0
2017-02-22,36.18,36.3,35.9,36.18,17299425,0.0
2017-02-23,36.11,36.53,35.95,36.53,14939015,0.0
2017-02-26,36.42,36.68,36.27,36.51,11736271,0.0
2017-02-27,36.42,36.445,36,36.2,18504617,0.0
2017-02-28,35.85,36.1,35.44,35.92,28306425,0.0
2017-03-01,35.92,36.02,35.65,35.9,19277441,0.0
2017-03-02,35.94,36.085,35.67,35.89,15183432,0.0
2017-03-05,35.79,35.8,35.42,35.57,20413921,0.0
2017-03-06,35.47,35.8,35.385,35.8,19095597,0.0
2017-03-07,35.69,35.9,35.525,35.62,17608043,0.0
2017-03-08,35.6,35.94,35.5,35.83,20003624,0.0
2017-03-09,36.1,36.295,35.78,35.91,17889205,0.0
2017-03-12,35.85,36.04,34.94,35.16,46136083,0.0
2017-03-13,35.06,35.23,34.66,35.17,24726458,0.0
2017-03-14,34.94,35.17,34.68,35.1,23399510,0.0
2017-03-15,35.12,35.36,35.07,35.14,16738097,0.0
2017-03-16,35.26,35.33,35.1,35.27,22807820,0.0
2017-03-19,35.37,35.63,35.26,35.44,13934868,0.0
2017-03-20,35.59,35.6,35,35.04,18773671,0.0
2017-03-21,35.16,35.46,35,35.37,15568172,0.0
2017-03-22,35.49,35.49,35.02,35.27,17212765,0.0
2017-03-23,35.65,35.73,35.12,35.17,18676647,0.0
2017-03-26,35.07,35.5,34.94,35.39,14374476,0.0
2017-03-27,35.34,35.71,35.21,35.6,15815027,0.0
2017-03-28,35.52,35.7,35.435,35.57,13815740,0.0
2017-03-29,35.53,35.89,35.52,35.755,13679664,0.0
2017-03-30,35.77,36.25,35.74,36.07,15866296,0.0
2017-04-02,36.19,36.74,36.12,36.17,27094251,0.0
2017-04-03,36.12,36.375,35.99,36.28,15660987,0.0
2017-04-04,36.43,36.76,36.17,36.21,18447376,0.0
2017-04-05,36.14,36.285,36.03,36.035,14208591,0.0
2017-04-06,36.07,36.32,35.985,36.03,11164810,0.0
2017-04-09,36.04,36.09,35.61,35.8,12991723,0.0
2017-04-10,35.77,35.79,35.21,35.74,19548149,0.0
2017-04-11,35.87,36.01,35.5,35.635,13641639,0.0
2017-04-12,35.55,35.76,35.25,35.25,13136247,0.0
2017-04-16,35.44,35.59,35.33,35.48,9610847,0.0
2017-04-17,35.43,35.81,35.295,35.77,10419778,0.0
2017-04-18,35.97,36.22,35.89,35.91,12976584,0.0
2017-04-19,36.18,36.2653,35.86,36.18,17681365,0.0
2017-04-20,36.2,36.42,35.85,36.32,16530106,0.0
2017-04-23,36.67,36.85,36.46,36.76,17719135,0.0
2017-04-24,36.77,37,36.66,36.88,18357888,0.0
2017-04-25,36.78,37.23,36.78,36.935,23768169,0.0
2017-04-26,36.94,37.5,36.78,37.47,32497664,0.0
2017-04-27,36.04,36.485,35.88,36.15,44668125,0.0
2017-04-30,36.11,36.4,35.94,36.32,21579395,0.0
2017-05-01,36.37,37.03,36.35,36.95,30028787,0.0
2017-05-02,36.72,37.17,36.62,36.965,17835889,0.0
2017-05-03,36.99,37.11,36.64,36.85,13553195,0.0
2017-05-04,36.86,36.93,36.5,36.815,14182341,0.0
2017-05-07,36.73,36.85,36.48,36.53,13423656,0.0
2017-05-08,36.52,36.75,36.28,36.37,14198529,0.0
2017-05-09,36.27,36.38,35.93,36,19469528,0.0
2017-05-10,35.91,36,35.4543,35.69,17833603,0.0
2017-05-11,35.69,35.74,35.4,35.53,15543138,0.0
2017-05-14,35.535,35.715,35.42,35.63,19327031,0.0
2017-05-15,35.75,35.89,35.42,35.82,19150790,0.0
2017-05-16,35.62,35.9896,35.02,35.04,22164611,0.0
2017-05-17,35.19,35.47,35.08,35.23,13834984,0.0
2017-05-18,35.15,35.55,35.13,35.4,14858479,0.0
2017-05-21,35.48,35.83,35.38,35.77,9992974,0.0
2017-05-22,35.87,35.99,35.56,35.86,14451245,0.0
2017-05-23,35.98,36.18,35.89,36.12,12886143,0.0
2017-05-24,36.1,36.39,36.06,36.26,10338897,0.0
2017-05-25,36.26,36.33,36.13,36.25,8254206,0.0
2017-05-29,36.27,36.44,36.09,36.17,10728336,0.0
2017-05-30,36.31,36.38,35.87,36.11,12393605,0.0
2017-05-31,36.12,36.13,35.8,36.12,11923406,0.0
2017-06-01,36.33,36.34,36,36.32,15969680,0.0
2017-06-04,36.3,36.5,36.2,36.34,9296877,0.0
2017-06-05,36.16,36.45,35.98,36.13,15372176,0.0
2017-06-06,36.14,36.57,36.1,36.25,12262627,0.0
2017-06-07,36.34,36.53,36.16,36.48,13219190,0.0
2017-06-08,36.5,36.56,35.31,35.71,28011634,0.0
2017-06-11,35.59,36.01,35.41,35.73,18984547,0.0
2017-06-12,35.68,35.95,35.53,35.88,17802158,0.0
2017-06-13,35.99,36.05,35.22,35.53,16169084,0.0
2017-06-14,35.21,35.48,35.14,35.31,14927768,0.0
2017-06-15,35.28,35.33,35.01,35.2,21096374,0.0
2017-06-18,35.61,35.68,35.32,35.5,13820669,0.0
2017-06-19,35.45,35.45,34.84,34.86,18091704,0.0
2017-06-20,34.37,34.6,34.09,34.58,21670124,0.0
2017-06-21,34.56,34.63,34.29,34.36,17822279,0.0
2017-06-22,34.22,34.55,34.095,34.19,18067250,0.0
2017-06-25,34.26,34.51,34.03,34.08,16603269,0.0
2017-06-26,34,34.145,33.65,33.66,23379545,0.0
2017-06-27,33.77,34.24,33.74,34.19,15667253,0.0
2017-06-28,33.92,34.1,33.34,33.55,20442850,0.0
2017-06-29,33.87,33.93,33.535,33.74,19768768,0.0
2017-07-02,33.51,34.03,33.43,33.45,9758384,0.0
2017-07-04,33.52,34.43,33.485,34.34,24603500,0.0
2017-07-05,34.12,34.29,33.56,33.63,17578745,0.0
2017-07-06,33.7,34.12,33.7,33.89,14729040,0.0
2017-07-09,33.25,33.74,33.23,33.645,21574062,0.0
2017-07-10,33.64,33.93,33.4311,33.91,15789219,0.0
2017-07-11,34.28,34.39,33.94,34.25,19394885,0.0
2017-07-12,34.33,34.4,34.12,34.25,10185222,0.0
2017-07-13,34.46,34.71,34.265,34.67,12004657,0.0
2017-07-16,34.74,34.74,34.36,34.48,11423067,0.0
2017-07-17,34.43,34.58,34.25,34.53,11720185,0.0
2017-07-18,34.68,34.68,34.46,34.56,9766932,0.0
2017-07-19,34.54,34.84,34.475,34.76,10640454,0.0
2017-07-20,34.6,34.82,34.395,34.73,14555325,0.0
2017-07-23,34.76,34.8,34.38,34.5,12440846,0.0
2017-07-24,34.55,34.735,34.4,34.66,13661932,0.0
2017-07-25,34.7,34.97,34.59,34.75,13341457,0.0
2017-07-26,34.78,35.25,34.67,34.95,28387136,0.0
2017-07-27,35.11,35.86,35,35.3,31476271,0.0
2017-07-30,35.46,35.74,35.32,35.48,17505101,0.0
2017-07-31,35.64,36.43,35.57,36.3532,34263136,0.0
2017-08-01,36.29,36.67,36.055,36.64,28615787,0.0
2017-08-02,36.5,36.59,36.15,36.48,21711335,0.0
2017-08-03,36.55,36.56,36.1,36.29,16449568,0.0
2017-08-06,36.4,36.55,36.22,36.41,13864084,0.0
2017-08-07,36.37,36.7,36.3,36.41,18814709,0.0
2017-08-08,36.28,36.66,36.02,36.59,20202367,0.0
2017-08-09,36.4,36.56,36.11,36.12,19433989,0.0
2017-08-10,36.17,36.4,35.79,35.86,15587192,0.0
2017-08-13,36.12,36.47,36.08,36.34,13547103,0.0
2017-08-14,36.3,36.32,35.815,35.99,16073136,0.0
2017-08-15,36.03,36.07,35.56,35.81,17771226,0.0
2017-08-16,35.6,35.68,35.17,35.17,15922932,0.0
2017-08-17,35.29,35.31,34.99,35.01,13269284,0.0
2017-08-20,35.09,35.28,34.7,34.92,15753469,0.0
2017-08-21,35.01,35.19,34.62,34.65,21677288,0.0
2017-08-22,34.54,34.81,34.38,34.66,13962574,0.0
2017-08-23,34.7,34.89,34.55,34.7,10944646,0.0
2017-08-24,34.82,34.93,34.58,34.68,10229422,0.0
2017-08-27,34.78,34.8,34.59,34.65,11390032,0.0
2017-08-28,34.51,34.75,34.455,34.73,13769490,0.0
2017-08-29,34.74,34.96,34.63,34.9,11153147,0.0
2017-08-30,34.94,35.18,34.87,35.07,11909873,0.0
2017-08-31,35.24,35.39,35.07,35.09,9258119,0.0
2017-09-04,35.02,35.33,34.93,35.03,15950738,0.0
2017-09-05,35.22,35.94,35.11,35.77,21157284,0.0
2017-09-06,35.88,35.95,35.33,35.53,12676683,0.0
2017-09-07,35.42,35.54,35.08,35.18,11104446,0.0
2017-09-10,35.47,36,35.14,35.78,13209444,0.0
2017-09-11,35.84,36.34,35.74,36.09,14123265,0.0
2017-09-12,36,36.4,35.97,36.33,11576921,0.0
2017-09-13,36.19,36.695,36.16,36.48,11541745,0.0
2017-09-14,36.53,37.08,36.22,36.96,23127520,0.0
2017-09-17,37,37.33,36.8,37.01,15449704,0.0
2017-09-18,37.24,37.295,37.02,37.23,16561193,0.0
2017-09-19,37.23,37.29,36.655,37.06,14084112,0.0
2017-09-20,36.99,37.27,36.85,37.21,14900284,0.0
2017-09-21,36.95,37.22,36.95,37.16,17335526,0.0
2017-09-24,37.05,37.23,36.85,37.17,14886960,0.0
2017-09-25,37.23,37.64,37,37.505,23961595,0.0
2017-09-26,37.62,37.69,37.1,37.53,21791118,0.0
2017-09-27,37.32,37.88,37.29,37.85,14954180,0.0
2017-09-28,37.83,38.15,37.7,38.08,17836855,0.0
2017-10-01,38.12,39.09,38.08,39.07,31961256,0.0
2017-10-02,38.95,39.7,38.95,39.38,28466051,0.0
2017-10-03,39.39,39.4,38.8606,39.33,24168331,0.0
2017-10-04,39.51,39.65,39.21,39.54,13390279,0.0
2017-10-05,39.56,39.89,39.42,39.62,14205402,0.0
2017-10-08,39.68,39.88,39.52,39.86,11179329,0.0
2017-10-09,39.93,39.95,39.38,39.65,21302130,0.0
2017-10-10,39.52,39.67,39.06,39.29,24728224,0.0
2017-10-11,39.35,39.39,38.98,39.19,13074877,0.0
2017-10-12,39.44,39.81,39.28,39.68,12591740,0.0
2017-10-15,39.71,39.79,39.44,39.76,9907438,0.0
2017-10-16,39.56,39.865,39.37,39.78,12046047,0.0
2017-10-17,39.8,40.29,39.6,40.26,17282338,0.0
2017-10-18,39.98,40.33,39.83,40.11,15047035,0.0
2017-10-19,40.34,40.45,40.1,40.42,13057849,0.0
2017-10-22,40.49,41.04,40.395,40.83,20960868,0.0
2017-10-23,40.97,41.05,40.72,40.98,15633324,0.0
2017-10-24,40.87,41.055,40.49,40.78,19389606,0.0
2017-10-25,40.98,41.575,40.71,41.38,29247427,0.0
2017-10-26,43.3,45,43.1,44.4,72370180,0.0
2017-10-29,44.48,45.19,43.88,44.37,37448406,0.0
2017-10-30,45.2,45.8,44.65,45.49,38277201,0.0
2017-10-31,45.97,46.71,45.59,46.71,39420425,0.0
2017-11-01,46.61,47.23,46.213,47.09,29467372,0.0
2017-11-02,47.23,47.3,45.6,46.34,30098839,0.0
2017-11-05,46.6,46.74,46.09,46.71,24402950,0.0
2017-11-06,46.7,47.09,46.39,46.78,16629723,0.0
2017-11-07,46.62,46.7,46.28,46.7,13925592,0.0
2017-11-08,46.05,46.39,45.65,46.29,20597187,0.0
2017-11-09,46.08,46.09,45.38,45.58,19404311,0.0
2017-11-12,45.26,45.94,45.25,45.75,13461557,0.0
2017-11-13,45.7,45.92,45.32,45.87,14060852,0.0
2017-11-14,45.39,45.805,45.1725,45.47,13392672,0.0
2017-11-15,45.64,46.07,45.46,45.64,16243506,0.0
2017-11-16,45.63,45.63,44.62,44.63,29044695,0.0
2017-11-19,44.73,45.115,44.5,44.62,18214932,0.0
2017-11-20,44.72,45.22,44.71,44.94,13027092,0.0
2017-11-21,44.94,44.95,44.535,44.64,11061111,0.0
2017-11-23,44.55,44.775,44.43,44.73,4677036,0.0
2017-11-26,44.42,44.61,44.2736,44.49,10578446,0.0
2017-11-27,44.65,44.84,44.32,44.73,15847438,0.0
2017-11-28,44.85,45.09,43.77,43.95,22060796,0.0
2017-11-29,44.36,45.2,44.33,44.83,21283045,0.0
2017-11-30,44.66,44.84,43.53,44.67,20382942,0.0
2017-12-03,45.02,45.3,44.33,44.49,22207078,0.0
2017-12-04,44.6,44.9,43.23,43.43,22772126,0.0
2017-12-05,43.14,43.72,42.67,43.45,16620708,0.0
2017-12-06,43.46,43.6,42.78,43.08,19395176,0.0
2017-12-07,43.35,43.58,43.11,43.35,15423341,0.0
2017-12-10,43.28,43.78,43.25,43.66,14199873,0.0
2017-12-11,43.47,43.62,43.08,43.33,12247261,0.0
2017-12-12,43.65,43.66,43.24,43.34,14389628,0.0
2017-12-13,43.43,43.57,43.015,43.27,14160238,0.0
2017-12-14,43.41,44.84,43.07,44.59,31648888,0.0
2017-12-17,45.1,46.35,45.04,46.28,36067415,0.0
2017-12-18,46.24,47.26,45.89,47.05,31521965,0.0
2017-12-19,47.47,47.64,46.66,47.64,31887041,0.0
2017-12-20,47.54,47.59,46.56,46.81,31878953,0.0
2017-12-21,46.33,47.02,46.02,46.75,28156189,0.0
2017-12-25,46.28,46.47,45.95,46.08,11004176,0.0
2017-12-26,46.11,46.36,46,46.1,8001708,0.0
2017-12-27,46.36,46.36,45.95,46.22,7297523,0.0
2017-12-28,46.21,46.49,46.09,46.19,10118572,0.0
2018-01-01,46.41,46.9,46.21,46.83,14092948,0.0
2018-01-02,45.47,46.21,43.65,45.25,102910969,0.0
2018-01-03,43.58,44.65,42.69,44.43,79696923,0.0
2018-01-04,44.5,45.15,43.9,44.7,36328289,0.0
2018-01-07,44.27,44.84,43.96,44.72,23813059,0.0
2018-01-08,44.69,44.84,43.49,43.62,34473425,0.0
2018-01-09,43.37,43.6,42.44,42.5,39016832,0.0
2018-01-10,42.8,43.58,42.45,43.42,24169302,0.0
2018-01-11,43.45,43.6,43.01,43.22,23979770,0.0
2018-01-15,43.55,43.79,42.885,43.14,22583325,0.0
2018-01-16,43.54,44.45,43.51,44.4,23083202,0.0
2018-01-17,44.4,44.735,44.17,44.485,17247850,0.0
2018-01-18,44.56,44.89,44.25,44.81,18590708,0.0
2018-01-21,44.8,45.79,44.79,45.74,19781745,0.0
2018-01-22,45.81,46.09,45.63,46.07,14799140,0.0
2018-01-23,45.9,46.13,44.96,45.51,22935817,0.0
2018-01-24,45.88,46.37,45.17,45.31,26811638,0.0
2018-01-25,48.38,50.15,47.47,50.08,69943223,0.0
2018-01-28,49.63,50.85,49.37,49.98,34508840,0.0
2018-01-29,49.48,50.06,48.74,48.79,25374593,0.0
2018-01-30,49.22,49.25,47.56,48.16,31189441,0.0
2018-01-31,47.695,48.47,47.45,47.64,20430019,0.0
2018-02-01,47.32,47.79,46.1,46.15,21737781,0.0
2018-02-04,46.35,47.26,44.5,44.52,38930903,0.0
2018-02-05,44.02,44.93,43.0302,44.9,49316570,0.0
2018-02-06,44.58,46.3,44.34,45.2,32176478,0.0
2018-02-07,45.28,45.42,42.74,42.76,35854784,0.0
2018-02-08,43.5,44.28,42.04,43.9,40491115,0.0
2018-02-11,44.16,45.16,44.09,44.84,23065104,0.0
2018-02-12,44.59,44.775,44.255,44.42,15465015,0.0
2018-02-13,44.07,45.51,44.04,45.38,16127699,0.0
2018-02-14,45.87,45.99,44.95,45.92,16044950,0.0
2018-02-15,45.83,46.59,45.51,45.54,18044580,0.0
2018-02-19,45.46,46.71,45.39,46.32,20277868,0.0
2018-02-20,46.67,47.06,45.92,45.94,19701883,0.0
2018-02-21,46.14,46.56,45.62,45.82,13923609,0.0
2018-02-22,46.34,47.79,46.305,47.76,20614698,0.0
2018-02-25,48.22,49.13,48.1,49.12,20918552,0.0
2018-02-26,49.36,50.9,49.31,49.92,34541505,0.0
2018-02-27,50.18,50.34,49.28,49.3,23727249,0.0
2018-02-28,49.5,49.715,47.47,47.83,30863346,0.0
2018-03-01,47.2,49.05,46.96,48.99,28344714,0.0
2018-03-04,48.49,49.795,48.041,49.75,24227368,0.0
2018-03-05,50.16,51.33,50.15,50.71,32894661,0.0
2018-03-06,50.18,51.485,50.1,51.32,25181632,0.0
2018-03-07,51.76,52.08,50.47,50.73,23778508,0.0
2018-03-08,51.23,52.3,51,52.1801,25067229,0.0
2018-03-11,51.86,51.95,50.5,51.53,25202070,0.0
2018-03-12,52.52,53.78,51.39,51.76,36014704,0.0
2018-03-13,52.06,52.175,51.31,51.87,19757397,0.0
2018-03-14,52.21,52.3,50.88,50.88,19721545,0.0
2018-03-15,50.99,51.7,50.99,51.14,24155285,0.0
2018-03-18,50.75,51.23,49.93,50.84,22681646,0.0
2018-03-19,50.88,51.81,50.85,51.55,17416328,0.0
2018-03-20,51.55,52.17,51.17,51.57,18088320,0.0
2018-03-21,50.73,51.96,50.6,50.83,25874213,0.0
2018-03-22,50.59,50.99,49.36,49.36,31727865,0.0
2018-03-25,50.74,52.49,50.32,52.47,31560563,0.0
2018-03-26,52.99,53.25,50.78,51.2,32158666,0.0
2018-03-27,50.6,50.7,49.01,49.6,32494536,0.0
2018-03-28,49.97,52.039,49.87,51.82,27747927,0.0
2018-04-01,51.69,52.04,47.29,48.9,56803268,0.0
2018-04-02,49,49.96,48.41,49.75,31544246,0.0
2018-04-03,48.1,50.16,48.01,49.99,24845675,0.0
2018-04-04,50.01,50.7199,49.97,50.3765,19876280,0.0
2018-04-05,49.79,50.4,48.5,48.79,21895118,0.0
2018-04-08,49.16,51.11,49.16,49.54,20816985,0.0
2018-04-09,51.13,51.49,50.34,51.26,20143190,0.0
2018-04-10,50.99,51.73,50.82,51.11,13078125,0.0
2018-04-11,51.49,53.2689,51.45,52.73,23148783,0.0
2018-04-12,53.06,53.21,51.6,51.85,17517814,0.0
2018-04-15,52.29,52.53,51.79,52.39,12722847,0.0
2018-04-16,52.92,53.7,52.9,53.54,15598574,0.0
2018-04-17,53.52,54.355,53.34,53.61,17866427,0.0
2018-04-18,52.95,52.96,51.61,52.22,21049632,0.0
2018-04-19,52.17,53.6105,50.88,51.53,21617193,0.0
2018-04-22,51.689,51.89,50.85,51.1,15596621,0.0
2018-04-23,51.87,53.65,51.14,51.46,37886235,0.0
2018-04-24,51.86,52.1,50.6,51.39,21098600,0.0
2018-04-25,52.26,53.27,52.07,53.05,26672333,0.0
2018-04-26,55.35,55.79,52.23,52.74,60067017,0.0
2018-04-29,52.56,53.37,51.21,51.63,28052717,0.0
2018-04-30,51.64,53.42,51.44,53.33,23699243,0.0
2018-05-01,53.08,53.2,52.15,52.31,19833427,0.0
2018-05-02,51.9,52.56,51.21,52.28,20684035,0.0
2018-05-03,51.65,52.84,51,52.78,19028582,0.0
2018-05-06,52.95,53.58,52.83,53.34,15655541,0.0
2018-05-07,53.27,53.63,52.8,53.62,13868614,0.0
2018-05-08,53.76,54.37,53.19,54.345,15241955,0.0
2018-05-09,54.57,55,54.1,54.975,14801771,0.0
2018-05-10,54.62,55.19,54.43,54.68,11388298,0.0
2018-05-13,54.88,55.2401,54.74,54.93,11924894,0.0
2018-05-14,54.59,54.75,53.56,53.92,16186326,0.0
2018-05-15,54.17,54.7,53.955,54.64,12027616,0.0
2018-05-16,54.55,55.44,54.42,54.81,13005878,0.0
2018-05-17,54.39,54.54,53.47,53.49,18921157,0.0
2018-05-20,54.36,55.22,53.86,54.31,20286021,0.0
2018-05-21,54.73,55.05,54.05,54.46,15866047,0.0
2018-05-22,54,55.23,53.84,55.22,15972716,0.0
2018-05-23,55.14,55.3,54.13,54.78,16502627,0.0
2018-05-24,54.72,55.5,54.54,55.44,14576880,0.0
2018-05-28,55.12,55.81,54.81,55.32,19688593,0.0
2018-05-29,55.89,56.2,55.615,55.675,20452164,0.0
2018-05-30,55.68,55.86,55.06,55.21,16224280,0.0
2018-05-31,55.82,57.1,55.8,57.08,22280743,0.0
2018-06-03,57.16,57.5995,56.775,56.82,18541057,0.0
2018-06-04,56.9,57.12,56.215,56.53,16772675,0.0
2018-06-05,56.53,57.06,56.08,57.05,17144814,0.0
2018-06-06,56.92,57,55.62,55.88,21234784,0.0
2018-06-07,55.52,55.7,54.66,55.045,25090088,0.0
2018-06-10,54.75,55.09,54.26,54.51,21496622,0.0
2018-06-11,54.88,55.04,54.22,54.82,18365968,0.0
2018-06-12,54.98,55.7,54.91,55.03,16910520,0.0
2018-06-13,55.42,55.86,55.18,55.55,16006277,0.0
2018-06-14,55.18,55.38,54.58,55.11,25007609,0.0
2018-06-17,54.21,54.3,52.34,53.21,32139606,0.0
2018-06-18,52.12,52.95,51.88,52.93,22978054,0.0
2018-06-19,53.19,53.745,52.69,53.46,16982921,0.0
2018-06-20,54.38,54.53,51.94,52.19,36702484,0.0
2018-06-21,52.59,53.09,52.3,52.45,22292377,0.0
2018-06-24,51.14,51.75,49.91,50.72,35279080,0.0
2018-06-25,49.95,50.41,49.36,49.67,31455689,0.0
2018-06-26,49.19,50.06,48.75,48.76,27827897,0.0
2018-06-27,48.59,49.49,48.5,49.25,24074776,0.0
2018-06-28,49.5,50.11,49.5,49.73,22537881,0.0
2018-07-01,49.16,50.27,48.83,50.22,19870895,0.0
2018-07-02,50.54,50.86,49.43,49.47,13811585,0.0
2018-07-04,49.98,50.96,49.75,50.76,21875349,0.0
2018-07-05,50.79,51.5,50.4,51.38,16231851,0.0
2018-07-08,51.78,51.89,51,51.86,17078464,0.0
2018-07-09,52.07,52.26,51.84,52.15,13271670,0.0
2018-07-10,51.56,51.87,51.19,51.2,15355603,0.0
2018-07-11,52.02,52.48,51.73,52.35,15647609,0.0
2018-07-12,52.4,52.42,51.76,52.22,10480322,0.0
2018-07-15,52.15,52.32,51.87,52.01,8093002,0.0
2018-07-16,51.05,51.8785,51.01,51.775,11323173,0.0
2018-07-17,51.87,51.97,51.465,51.72,9936507,0.0
2018-07-18,51.57,52.01,51.05,52,11920630,0.0
2018-07-19,51.83,52.07,51.33,51.92,12155272,0.0
2018-07-22,51.76,52.495,51.33,52.3,13023875,0.0
2018-07-23,52.76,53.3,52.075,52.19,13386608,0.0
2018-07-24,52.21,52.45,51.09,52.44,14980743,0.0
2018-07-25,52.41,53.18,51.87,52.17,18800765,0.0
2018-07-26,48.82,49.2,47.48,47.67,57501365,0.0
2018-07-29,47.63,47.99,46.43,47.7,29233165,0.0
2018-07-30,48.26,48.6757,47.69,48.11,28392374,0.0
2018-07-31,48.055,48.91,48,48.81,23075181,0.0
2018-08-01,48.48,49.52,48.2,49.48,21997554,0.0
2018-08-02,49.49,49.78,49.1701,49.62,16063251,0.0
2018-08-05,48.7,49.31,48.32,49.29,21611813,0.0
2018-08-06,49.43,49.83,49.41,49.76,20505873,0.0
2018-08-07,49.6,50.13,49.44,49.96,18535650,0.0
2018-08-08,49.86,50.6,49.72,50.14,20053890,0.0
2018-08-09,48.51,49.17,48.3,48.86,23290397,0.0
2018-08-12,49.03,49.24,48.38,48.44,13109274,0.0
2018-08-13,48.67,48.76,47.65,48.12,18746112,0.0
2018-08-14,47.74,48,46.9,47.46,21884533,0.0
2018-08-15,47.84,47.95,47.05,47.17,19746181,0.0
2018-08-16,47,47.39,46.33,47.1,21796741,0.0
2018-08-19,47.05,47.12,46.19,46.5,20466890,0.0
2018-08-20,46.66,47.85,46.64,47.62,15097992,0.0
2018-08-21,47.18,47.35,46.92,47.06,17983155,0.0
2018-08-22,46.86,47.17,46.71,46.97,20203002,0.0
2018-08-23,47.29,47.89,47.08,47.67,12981725,0.0
2018-08-26,48,48.39,47.63,48.35,12676498,0.0
2018-08-27,48.55,48.79,48.31,48.58,10686815,0.0
2018-08-28,48.7,48.86,48.4,48.74,10057978,0.0
2018-08-29,48.52,48.83,48.09,48.24,13052472,0.0
2018-08-30,47.96,48.56,47.92,48.42,11275929,0.0
2018-09-03,48.38,48.4267,47.5601,47.96,12549790,0.0
2018-09-04,47.75,48.12,47.47,47.72,12579561,0.0
2018-09-05,47.76,47.96,47.21,47.26,14710633,0.0
2018-09-06,46.91,47.48,46.36,46.48,17750854,0.0
2018-09-09,46.56,46.76,46.23,46.3025,15182114,0.0
2018-09-10,46,46.03,44.89,44.89,26068388,0.0
2018-09-11,44.56,44.98,44.06,44.92,24760908,0.0
2018-09-12,45.66,45.85,45.11,45.57,14072380,0.0
2018-09-13,45.79,45.965,45.35,45.53,15812802,0.0
2018-09-16,45.29,45.9,45.19,45.42,12525413,0.0
2018-09-17,45.58,46.53,45.41,46.1,15260155,0.0
2018-09-18,46.09,46.44,45.89,46.15,11850412,0.0
2018-09-19,46.73,47.36,46.52,47.2,16798907,0.0
2018-09-20,47.24,47.419,46.37,46.65,28141975,0.0
2018-09-23,46.31,47,46.15,46.91,11078751,0.0
2018-09-24,46.22,46.39,45.8,45.91,17689932,0.0
2018-09-25,46.04,46.3,45.58,45.71,17126176,0.0
2018-09-26,45.91,46.165,45.73,45.88,11000138,0.0
2018-09-27,45.62,47.75,45.46,47.29,37900621,0.0
2018-09-30,46.73,47.22,46.2,46.45,20010927,0.0
2018-10-01,47.51,48.88,47.32,48.1,34023506,0.0
2018-10-02,48.63,49.72,48.56,48.77,32111032,0.0
2018-10-03,48.84,48.86,47.62,48.12,20395802,0.0
2018-10-04,48.24,48.34,46.66,47.02,21773456,0.0
2018-10-07,46.96,47.35,46.52,47.02,14761557,0.0
2018-10-08,47.2,47.62,46.54,46.56,18366676,0.0
2018-10-09,46.06,46.12,44.8,44.81,32610137,0.0
2018-10-10,45.15,45.61,43.73,44.239,34916665,0.0
2018-10-11,45.27,45.3429,44.23,44.87,24062573,0.0
2018-10-14,44.63,45.14,44.44,44.51,14086512,0.0
2018-10-15,44.9,46.01,44.825,45.94,16229835,0.0
2018-10-16,46,46.33,45.54,45.9,14170442,0.0
2018-10-17,45.65,45.75,44.83,44.97,19996557,0.0
2018-10-18,45.25,45.25,43.86,43.99,22541322,0.0
2018-10-21,44.5,45.34,44.1,45,29487416,0.0
2018-10-22,44.19,45.09,43.91,44.5,33100127,0.0
2018-10-23,44.16,44.36,42.36,42.41,26370535,0.0
2018-10-24,43.55,44.94,43.28,44.41,35770776,0.0
2018-10-25,45.57,46.44,44.7,45.63,53531863,0.0
2018-10-28,46.49,46.75,44.44,45.45,29386674,0.0
2018-10-29,45.53,47.88,45.46,47.82,34447023,0.0
2018-10-30,48.29,48.56,46.83,46.87,25124042,0.0
2018-10-31,46.96,48.47,46.86,48.22,22111110,0.0
2018-11-01,48.14,48.25,46.75,47.09,25396746,0.0
2018-11-04,47.36,48.25,46.92,47.96,16725857,0.0
2018-11-05,47.7,47.92,47.03,47.24,19218450,0.0
2018-11-06,47.63,48.75,47.59,48.72,16739052,0.0
2018-11-07,48.49,49.29,48.46,48.99,18009629,0.0
2018-11-08,48.79,49.025,47.87,48.1,16344978,0.0
2018-11-11,47.71,47.8,46.6,46.66,17234364,0.0
2018-11-12,46.99,48.25,46.99,47.4,20970344,0.0
2018-11-13,47.85,47.965,46.89,47.09,21917756,0.0
2018-11-14,47.01,48.24,46.72,48.12,21692360,0.0
2018-11-15,47.77,49.05,47.69,48.84,27456675,0.0
2018-11-18,48.61,49.15,47.78,48.005,23388730,0.0
2018-11-19,47.4,48.12,47.09,47.37,25321023,0.0
2018-11-20,47.85,47.88,47.02,47.03,14865605,0.0
2018-11-22,46.69,47.07,46.52,46.54,7561909,0.0
2018-11-25,47.27,47.46,46.7,47.45,15442493,0.0
2018-11-26,46.94,48.22,46.59,48.04,22450003,0.0
2018-11-27,47.935,48.88,47.65,48.87,22760728,0.0
2018-11-28,48.49,48.56,47.63,47.69,20820432,0.0
2018-11-29,47.95,49.29,47.56,49.29,25936231,0.0
2018-12-02,50,50.84,49.53,50.13,25263427,0.0
2018-12-03,49.52,49.6,47.675,47.74,27200565,0.0
2018-12-05,46.8,48.38,46.52,48.37,27424006,0.0
2018-12-06,47.94,48.06,46.23,46.23,26938852,0.0
2018-12-09,46.28,47.46,46.01,47.21,20110551,0.0
2018-12-10,47.9,48.59,47.13,47.38,19177185,0.0
2018-12-11,48.58,48.64,47.41,47.82,20707027,0.0
2018-12-12,48.26,48.58,47.855,48.29,15264105,0.0
2018-12-13,47.89,48.76,47.85,47.86,19281826,0.0
2018-12-16,47.86,48.41,46.66,47.07,21352353,0.0
2018-12-17,47.47,48.45,47.36,47.73,23375187,0.0
2018-12-18,47.49,47.73,45.38,45.56,34068413,0.0
2018-12-19,45.41,46.31,45.01,45.561,30878583,0.0
2018-12-20,45.75,46.65,44.8,44.83,42245457,0.0
2018-12-23,44.63,45.17,43.54,43.58,16984258,0.0
2018-12-25,44,46.2,43.51,46.18,24299082,0.0
2018-12-26,45.62,46.36,44.67,46.36,22544257,0.0
2018-12-27,46.51,47.74,46.3,46.665,20936309,0.0
2018-12-30,47.09,47.48,46.55,46.625,14720618,0.0
2019-01-01,45.96,47.47,45.77,47.0194,14228698,0.0
2019-01-02,46.15,46.28,44.535,44.61,25762964,0.0
2019-01-03,45.835,47.57,45.54,47.18,28447250,0.0
2019-01-06,47.1,47.995,46.75,47.525,16202761,0.0
2019-01-07,47.8,48.03,46.78,47.725,18805775,0.0
2019-01-08,47.96,48.57,47.78,47.97,17386573,0.0
2019-01-09,47.75,48.65,47.41,48.51,18339139,0.0
2019-01-10,48.1,49.291,48.05,48.86,16742369,0.0
2019-01-13,48.55,48.83,48.3,48.4201,10953974,0.0
2019-01-14,48.71,49.13,48.44,48.54,19174034,0.0
2019-01-15,48.6,48.89,48.12,48.13,13183521,0.0
2019-01-16,48,48.84,47.905,48.46,13819492,0.0
2019-01-17,49.11,49.38,48.69,49.06,24295092,0.0
2019-01-21,48.96,48.98,47.87,48.16,17347373,0.0
2019-01-22,48.41,48.8,47.52,47.885,14951647,0.0
2019-01-23,48.7,50.035,48.6,49.8449,37960590,0.0
2019-01-24,46.85,47.43,45.75,47.02,75004898,0.0
2019-01-27,46.13,46.73,46.05,46.69,26940507,0.0
2019-01-28,46.78,46.97,46.33,46.52,15953335,0.0
2019-01-29,46.68,47.68,46.45,47.47,18590824,0.0
2019-01-30,46.7,47.18,46.1,47.09,33649329,0.0
2019-01-31,47.05,49.05,47.01,48.72,30437403,0.0
2019-02-03,48.62,49.22,48.24,49.175,16735013,0.0
2019-02-04,49.18,50.7159,49.18,50.005,26444761,0.0
2019-02-05,49.95,50.64,49.82,50.01,17590695,0.0
2019-02-06,49.5,49.85,48.68,49.255,22602745,0.0
2019-02-07,48.77,49.02,48.01,48.775,15512722,0.0
2019-02-10,49.02,49.32,48.58,48.79,14307322,0.0
2019-02-11,49.36,50.14,49.27,50.005,13770858,0.0
2019-02-12,50.13,50.81,50,50.42,14587710,0.0
2019-02-13,50.41,51.04,50.35,50.8699,14968810,0.0
2019-02-14,51.25,51.67,51.09,51.615,19038425,0.0
2019-02-18,51.35,51.71,51.35,51.375,12630835,0.0
2019-02-19,51.63,51.73,51.06,51.41,16811274,0.0
2019-02-20,51.32,51.84,51.21,51.41,13927120,0.0
2019-02-21,52.7,52.975,52.055,52.5,27841915,0.0
2019-02-24,53.06,53.61,52.86,53.1,18099838,0.0
2019-02-25,53.06,53.37,52.91,53.22,13488254,0.0
2019-02-26,52.76,53.38,52.51,53.24,15077956,0.0
2019-02-27,52.92,53.18,52.81,52.98,12478199,0.0
2019-02-28,53.44,53.68,52.89,53.3,14749894,0.0
2019-03-03,53.75,54.1,53.205,53.94,17934389,0.0
2019-03-04,53.85,53.99,53.11,53.68,18038517,0.0
2019-03-05,53.63,53.65,52.94,52.96,12946575,0.0
2019-03-06,52.77,52.985,52.36,52.61,14625548,0.0
2019-03-07,51.97,52.56,51.7,52.49,14401580,0.0
2019-03-10,52.88,53.65,52.57,53.33,14177739,0.0
2019-03-11,53.34,53.96,53.175,53.58,15087344,0.0
2019-03-12,54,54.57,53.65,54.37,20692158,0.0
2019-03-13,54.3,54.45,53.33,53.39,20635150,0.0
2019-03-14,54.325,54.69,54.16,54.3,17076940,0.0
2019-03-17,54.42,54.505,53.87,54.09,12939541,0.0
2019-03-18,54.47,54.645,54,54.19,13300523,0.0
2019-03-19,54.1,54.4,53.61,53.8,20156842,0.0
2019-03-20,53.81,54.99,53.81,54.62,13735924,0.0
2019-03-21,54.4,54.615,53.21,53.26,16912214,0.0
2019-03-24,52.97,53.545,52.375,52.78,14270770,0.0
2019-03-25,53.32,53.77,53.04,53.44,15585786,0.0
2019-03-26,53.59,53.86,52.94,53.16,16770807,0.0
2019-03-27,53.25,53.44,52.77,53.11,11266736,0.0
2019-03-28,53.8,54.04,53.48,53.71,13757686,0.0
2019-03-31,54.34,54.57,54.1,54.51,5960765,0.0
2019-04-01,54.53,54.8,54.225,54.35,10973298,0.0
2019-04-02,55.03,55.99,54.89,55.46,20886904,0.0
2019-04-03,55.27,56.14,55.27,55.93,13801310,0.0
2019-04-04,55.75,55.95,54.87,55.61,16317864,0.0
2019-04-07,55.28,55.74,55.2,55.67,9785690,0.0
2019-04-08,55.35,55.43,54.9,55.32,11159243,0.0
2019-04-09,55.32,55.86,55.32,55.76,11153085,0.0
2019-04-10,55.76,56.07,55.63,55.79,9102520,0.0
2019-04-11,56.21,56.49,55.84,56.41,10098533,0.0
2019-04-14,56.46,56.555,55.92,56.28,8940187,0.0
2019-04-15,56.66,57.47,56.07,56.73,26932164,0.0
2019-04-16,58.44,59.59,58.12,58.57,32837837,0.0
2019-04-17,58.71,58.88,58.1238,58.51,18451305,0.0
2019-04-21,58.15,58.83,57.88,58.83,9814041,0.0
2019-04-22,58.89,58.98,58.5,58.77,14395646,0.0
2019-04-23,58.52,59.2899,58.14,58.71,14637329,0.0
2019-04-24,58.3,58.38,57.23,57.59,20452844,0.0
2019-04-25,52.74,53.09,51.52,52.43,65533631,0.0
2019-04-28,52.17,52.43,51,51.11,35269308,0.0
2019-04-29,51,51.43,50.87,51.03,20683417,0.0
2019-04-30,51.1,51.6,50.74,50.76,17763562,0.0
2019-05-01,50.8,51.325,50.12,50.56,20129326,0.0
2019-05-02,51.08,51.82,50.73,51.74,22468297,0.0
2019-05-05,50.25,51.28,50.19,51.23,19901942,0.0
2019-05-06,50.6,50.88,49.93,50.5,25434260,0.0
2019-05-07,50.2,50.79,49.07,49.2,31424925,0.0
2019-05-08,47.9,48.29,46.05,46.62,55013197,0.0
2019-05-09,46.44,46.8,45.1,46.22,38284231,0.0
2019-05-12,45.33,45.64,44.7,44.76,33329201,0.0
2019-05-13,45.18,45.485,44.87,45.18,21635551,0.0
2019-05-14,44.92,45.75,44.76,45.61,20669205,0.0
2019-05-15,45.47,45.95,45.42,45.54,17461451,0.0
2019-05-16,45.18,45.73,44.7637,44.89,18317027,0.0
2019-05-19,44,44.52,43.4538,43.57,25114845,0.0
2019-05-20,44.34,44.78,44.175,44.47,22052350,0.0
2019-05-21,44.22,44.46,43.845,44,15144752,0.0
2019-05-22,43.37,44.74,42.86,44.52,31485473,0.0
2019-05-23,44.59,45.05,44.49,44.58,25135680,0.0
2019-05-27,44.66,44.69,43.3,43.58,22658722,0.0
2019-05-28,43.35,44.53,43.3333,44.21,24963501,0.0
2019-05-29,44.3,45.03,44.23,44.75,18679953,0.0
2019-05-30,44.18,44.9695,43.93,44.02,20724189,0.0
2019-06-02,44.23,44.585,43.2,43.44,25631558,0.0
2019-06-03,44.16,44.855,43.77,44.79,24297098,0.0
2019-06-04,45.11,45.18,44.19,44.56,18288543,0.0
2019-06-05,44.75,45.17,44.505,45.1,15360707,0.0
2019-06-06,45.25,46.12,45.1,46.03,19643976,0.0
2019-06-09,46.23,47.19,46.2,46.8,17773623,0.0
2019-06-10,47.26,47.32,46.52,46.865,16027378,0.0
2019-06-11,46.67,46.67,46.25,46.33,13450505,0.0
2019-06-12,46.6,46.955,46.53,46.71,19829955,0.0
2019-06-13,45.83,46.42,45.5459,46.18,24459899,0.0
2019-06-16,46.14,46.53,45.8,46.14,9930467,0.0
2019-06-17,46.75,48,46.6,47.37,21845375,0.0
2019-06-18,47.48,47.58,47,47.07,14294442,0.0
2019-06-19,47.87,48.05,46.87,47.17,16530420,0.0
2019-06-20,46.95,47.73,46.8,47.46,23955803,0.0
2019-06-23,47.4,47.8455,47.17,47.63,12146697,0.0
2019-06-24,47.56,47.68,46.8,46.86,12719624,0.0
2019-06-25,47.65,48.48,47.56,48.18,17313631,0.0
2019-06-26,48.15,48.42,47.24,47.46,19988745,0.0
2019-06-27,47.845,48.2,47.76,47.87,16797983,0.0
2019-06-30,49.29,49.45,47.745,48.07,23416717,0.0
2019-07-01,47.91,48.22,47.69,48.12,13592935,0.0
2019-07-02,48.18,48.56,47.995,48.52,8344006,0.0
2019-07-04,48.03,48.175,47.44,48.1,11294860,0.0
2019-07-07,47.62,47.95,47.07,47.83,13638651,0.0
2019-07-08,47.36,47.8,47.13,47.75,15539431,0.0
2019-07-09,47.92,48.61,47.9,48.21,13386807,0.0
2019-07-10,48.56,48.78,48.31,48.6,14199216,0.0
2019-07-11,49,49.93,48.81,49.92,16646503,0.0
2019-07-14,50,50.25,49.7693,50.12,11922949,0.0
2019-07-15,49.91,50,48.96,49.18,14552529,0.0
2019-07-16,49.5,49.7,49.24,49.39,9550464,0.0
2019-07-17,49.28,49.99,48.89,49.94,12355146,0.0
2019-07-18,49.96,50.66,49.91,50.26,26200143,0.0
2019-07-21,50.005,51.515,49.89,51.35,17424381,0.0
2019-07-22,52,52,51.3,51.75,15421019,0.0
2019-07-23,51.98,52.97,51.8,52.92,17187410,0.0
2019-07-24,52.51,52.6,51.88,52.16,20601074,0.0
2019-07-25,52.69,53.5,51.53,51.58,31799155,0.0
2019-07-28,51.53,52.5599,50.78,52.51,18208376,0.0
2019-07-29,51.71,52.31,51.56,51.7,14366487,0.0
2019-07-30,51.51,51.72,50.05,50.55,20313891,0.0
2019-07-31,50.45,51.89,49.47,49.5,30744022,0.0
2019-08-01,49.09,49.36,48.5,48.68,21836320,0.0
2019-08-04,47.76,47.9599,46.57,46.97,31274595,0.0
2019-08-05,47.15,47.56,46.765,46.95,21346278,0.0
2019-08-06,46.3,46.88,45.97,46.73,26053591,0.0
2019-08-07,46.16,47.365,45.91,47.17,25748555,0.0
2019-08-08,46.89,46.91,45.78,45.98,20363230,0.0
2019-08-11,45.76,46.07,45.44,45.6,15556877,0.0
2019-08-12,45.4,47.045,45.36,46.84,24855752,0.0
2019-08-13,46.06,46.625,45.65,45.87,20708508,0.0
2019-08-14,46.1,46.18,45.435,45.69,19917680,0.0
2019-08-15,46.34,46.68,46.06,46.5,19682448,0.0
2019-08-18,47.46,47.6,47.04,47.23,18509504,0.0
2019-08-19,47.03,47.12,46.46,46.6,20022626,0.0
2019-08-20,47.11,47.29,46.8901,47.15,14035669,0.0
2019-08-21,47.28,47.43,46.69,46.76,16882575,0.0
2019-08-22,46.35,46.63,44.8,44.97,26877085,0.0
2019-08-25,45.82,45.82,45.25,45.57,19347062,0.0
2019-08-26,45.87,46.12,45.5,45.78,13102111,0.0
2019-08-27,45.7,45.91,45.37,45.79,12263562,0.0
2019-08-28,46.36,47.22,46.36,46.87,15342145,0.0
2019-08-29,47.24,47.79,47.16,47.41,12545456,0.0
2019-09-02,47.12,47.22,46.495,46.98,12835825,0.0
2019-09-03,47.56,48.95,47.54,48.93,17232918,0.0
2019-09-04,49.925,51.17,49.87,50.1,26089117,0.0
2019-09-05,50.25,50.99,50.07,50.94,14464172,0.0
2019-09-08,51.06,52.03,51.02,51.59,17458720,0.0
2019-09-09,51.33,51.84,50.825,51.84,16149127,0.0
2019-09-10,51.6,52.79,51.38,52.79,15069086,0.0
2019-09-11,53,53.33,52.065,53,17535047,0.0
2019-09-12,52.76,53,52.2349,52.54,14433161,0.0
2019-09-15,51.9,52.285,51.7011,52.22,11085747,0.0
2019-09-16,52.05,52.144,51.35,51.95,16859280,0.0
2019-09-17,52.13,52.13,51.16,51.74,12702953,0.0
2019-09-18,51.7,51.99,51.5,51.58,9519749,0.0
2019-09-19,51.6,51.88,50.6,50.6,27009865,0.0
2019-09-22,50.83,51.225,50.39,50.9,14721790,0.0
2019-09-23,51.1,51.18,49.64,49.81,22325714,0.0
2019-09-24,49.75,51.21,49.42,51.03,15907126,0.0
2019-09-25,50.98,51.145,50.34,50.93,9690202,0.0
2019-09-26,50.63,51.22,50.34,50.78,11638212,0.0
2019-09-29,51.19,51.595,50.9384,51.53,10334602,0.0
2019-09-30,51.97,52.24,50.43,50.77,15555451,0.0
2019-10-01,50.31,50.37,48.98,49.38,16397339,0.0
2019-10-02,49.5,50.07,48.532,50.04,13168131,0.0
2019-10-03,50.39,50.97,50.03,50.92,20295486,0.0
2019-10-06,50.7,51.23,50.56,50.62,19021078,0.0
2019-10-07,50.16,50.48,49.61,49.73,28820986,0.0
2019-10-08,50.47,50.79,50.15,50.49,19418591,0.0
2019-10-09,50.41,51.775,50.4,51.11,23236836,0.0
2019-10-10,52,52.79,51.82,52.06,36164796,0.0
2019-10-13,51.89,51.93,51.44,51.65,20654871,0.0
2019-10-14,51.93,53.07,51.83,52.64,31830558,0.0
2019-10-15,52.35,52.56,52.12,52.445,24386408,0.0
2019-10-16,52.635,52.84,51.38,51.89,29122213,0.0
2019-10-17,51.75,51.82,51.0291,51.345,30996483,0.0
2019-10-20,51.4,52.17,51.39,52.12,9104684,0.0
2019-10-21,51.9,52.32,51.88,52,11496563,0.0
2019-10-22,51.37,51.96,51.2,51.72,13427923,0.0
2019-10-23,52.09,52.43,51.43,52.18,17233155,0.0
2019-10-24,54.19,56.61,53.92,56.46,54140125,0.0
2019-10-27,56.38,56.81,56.06,56.77,23939427,0.0
2019-10-28,56.37,57.24,56.24,56.33,15657903,0.0
2019-10-29,56.32,56.63,55.615,56.61,13608858,0.0
2019-10-30,56.33,56.6,55.62,56.54,14897501,0.0
2019-10-31,55.94,56.6465,55.75,56.495,14289497,0.0
2019-11-03,56.9303,57.8,56.85,57.61,15617599,0.0
2019-11-04,57.47,58.35,57.21,57.56,16769856,0.0
2019-11-05,57.49,57.71,56.98,57.62,14085618,0.0
2019-11-06,58,58.55,57.855,58.06,14068800,0.0
2019-11-07,57.85,58.3,57.31,58.28,9923602,0.0
2019-11-10,57.97,58.5,57.9,58.35,9947160,0.0
2019-11-11,58.4,58.8,58.03,58.21,10147393,0.0
2019-11-12,57.87,57.97,57.35,57.9,11596009,0.0
2019-11-13,57.61,58.04,57.57,57.82,10676444,0.0
2019-11-14,58.13,58.7,57.62,57.96,13668982,0.0
2019-11-17,57.7,58.48,57.57,58.26,13433412,0.0
2019-11-18,58.48,58.65,57.75,58.38,11969993,0.0
2019-11-19,58.26,58.36,57.3664,57.91,14554949,0.0
2019-11-20,57.49,58.3,57.41,58.23,13431255,0.0
2019-11-21,58.34,58.65,57.49,57.62,12656899,0.0
2019-11-24,58,58.84,58,58.815,11808567,0.0
2019-11-25,58.95,59.13,58.45,58.91,17816551,0.0
2019-11-26,58.53,58.59,57.905,58.53,12181040,0.0
2019-11-28,58.15,58.295,57.79,58.06,5903127,0.0
2019-12-01,58.55,58.69,57.47,57.66,15624865,0.0
2019-12-02,56.86,56.86,55.75,56.08,23454324,0.0
2019-12-03,56.66,56.66,55.86,56,16732316,0.0
2019-12-04,56.41,56.41,55.76,56.08,15513968,0.0
2019-12-05,56.66,56.99,56.42,56.8,14045959,0.0
2019-12-08,56.54,56.96,56.5,56.52,10775639,0.0
2019-12-09,56.71,56.83,56.44,56.61,14252195,0.0
2019-12-10,56.91,57.17,56.58,57.06,18162254,0.0
2019-12-11,56.75,58.05,56.61,57.55,25540361,0.0
2019-12-12,57.55,58.34,57.38,57.79,19219099,0.0
2019-12-15,58.21,58.57,57.65,57.68,14587549,0.0
2019-12-16,58,58.1,57.13,57.3,18164596,0.0
2019-12-17,57.39,57.455,56.94,57.18,17918366,0.0
2019-12-18,57.17,57.99,56.965,57.97,13846331,0.0
2019-12-19,58.32,59.05,57.89,58.95,30377567,0.0
2019-12-22,59.06,59.78,59.04,59.23,13796264,0.0
2019-12-23,59.25,59.48,59.16,59.42,4810194,0.0
2019-12-25,59.41,59.85,59.35,59.82,7963604,0.0
2019-12-26,59.91,60.48,59.9,60.09,11551294,0.0
2019-12-29,59.99,60.05,59.38,59.63,10443425,0.0
2019-12-30,59.62,59.93,59.36,59.82,10484152,0.0
2020-01-01,60.24,60.97,60.22,60.84,14521740,0.0
2020-01-02,59.81,60.7,59.81,60.09,12172717,0.0
2020-01-05,59.59,60.195,59.33,59.93,13443716,0.0
2020-01-06,59.78,59.8,58.89,58.925,18231493,0.0
2020-01-07,58.89,59.32,58.52,58.97,19049106,0.0
2020-01-08,59.05,59.51,58.83,59.3,14900195,0.0
2020-01-09,59.57,60.075,58.87,58.94,13748198,0.0
2020-01-12,59.16,59.775,59.08,59.58,14129559,0.0
2020-01-13,59.49,59.74,59.185,59.44,13526802,0.0
2020-01-14,59.3,59.65,58.75,58.93,14914625,0.0
2020-01-15,59.26,59.84,59.07,59.615,16618911,0.0
2020-01-16,59.99,60,59.2403,59.6,18338667,0.0
2020-01-20,59.81,61.25,59.77,60.54,47667929,0.0
2020-01-21,61.04,62.85,60.97,62.78,51550760,0.0
2020-01-22,62.86,63.705,62.81,63.31,62898455,0.0
2020-01-23,66.57,69.29,66.46,68.47,156695459,0.0
2020-01-26,66.72,67.42,65.6,65.69,25971956,0.0
2020-01-27,66.5,67.58,65.94,67.3,25435691,0.0
2020-01-28,67.63,68.06,66.17,66.34,15644632,0.0
2020-01-29,65.64,66.5,64.93,66.47,15502550,0.0
2020-01-30,65.8,65.98,63.67,63.9,21386180,0.0
2020-02-02,64.455,65.04,64.3,64.42,13388475,0.0
2020-02-03,65.76,66.06,64.92,65.47,18116439,0.0
2020-02-04,66.69,67.6,66.13,67.37,20115439,0.0
2020-02-05,67.3,67.4,66.77,67.09,15009047,0.0
2020-02-06,66.86,67.3,66.01,66.02,13237568,0.0
2020-02-09,65.56,66.4,65.44,66.4,13545828,0.0
2020-02-10,66.83,67.71,66.57,67.41,13642134,0.0
2020-02-11,67.6,68.09,67.31,67.46,12020447,0.0
2020-02-12,66.99,67.65,66.739,67.46,9551596,0.0
2020-02-13,67.52,67.865,66.82,67.29,11073964,0.0
2020-02-17,66.66,66.69,65.88,66.14,11020057,0.0
2020-02-18,66.39,67.2,66.18,67.12,10993235,0.0
2020-02-19,67.04,67.29,64.56,65.43,23462950,0.0
2020-02-20,65.18,65.25,64.04,64.32,15464151,0.0
2020-02-23,61.75,62.77,61.32,61.74,22245575,0.0
2020-02-24,62.1,62.28,59.46,59.72,29762432,0.0
2020-02-25,60.11,60.82,59.27,59.65,22362889,0.0
2020-02-26,57.93,58.51,55.8,55.81,35348801,0.0
2020-02-27,54.3,56.38,53.6,55.66,52024406,0.0
2020-03-01,55.79,58.22,54.52,58.19,36442418,0.0
2020-03-02,58.03,59.02,55.4,55.96,43167487,0.0
2020-03-03,57.01,58.71,56.16,58.69,22972836,0.0
2020-03-04,57.06,58.66,56.61,56.95,24040937,0.0
2020-03-05,55.18,56.01,54.54,55.77,32356295,0.0
2020-03-08,51.92,52.71,50,50.82,46872860,0.0
2020-03-09,52.76,54,50.43,53.97,61716254,0.0
2020-03-10,52,53.54,51.01,51.62,66051640,0.0
2020-03-11,47.99,50.091,45.37,45.525,44223134,0.0
2020-03-12,48.26,55,47.74,54.43,41345197,0.0
2020-03-15,47.54,52.25,43.63,44.545,92695518,0.0
2020-03-16,45.755,51.63,45.2,50.075,43094498,0.0
2020-03-17,46.71,50.05,45.2,48.77,38914145,0.0
2020-03-18,47.84,49.23,45.16,45.94,77562584,0.0
2020-03-19,46.51,49.42,45.47,45.79,95698270,0.0
2020-03-22,46.13,50.49,45.9132,49.6,83776780,0.0
2020-03-23,53.14,54.64,51.35,52.4,41888928,0.0
2020-03-24,52.48,53.785,49.91,51.26,34819505,0.0
2020-03-25,51.74,55.95,51.66,55.61,31377030,0.0
2020-03-26,53.42,54.64,52.065,52.35,25162095,0.0
2020-03-29,52.99,56.1,52.83,55.49,27006249,0.0
2020-03-30,55.06,55.795,53.22,54.13,64044196,0.0
2020-03-31,52.5,54.69,51.43,51.86,47328496,0.0
2020-04-01,51.29,54.56,51.22,54.355,23408120,0.0
2020-04-02,53.85,55.13,52.73,54.15,27536209,0.0
2020-04-05,56.63,58.77,56.12,58.43,51062824,0.0
2020-04-06,59.94,61.49,58.21,58.39,32897100,0.0
2020-04-07,58.99,59.51,57.91,59,23268390,0.0
2020-04-08,59.36,59.72,56.06,57.15,35778707,0.0
2020-04-12,56.57,58.77,56.57,58.74,41176080,0.0
2020-04-13,60.0378,60.9,59.51,60.67,41059286,0.0
2020-04-14,59.74,59.83,58.385,58.86,51601621,0.0
2020-04-15,59.61,60.96,58.81,60.8,75409867,0.0
2020-04-16,62.02,62.13,59.825,60.34,61017498,0.0
2020-04-19,59.279,60.04,58.89,59.17,68986654,0.0
2020-04-20,58.11,58.6,55.93,56.33,64007149,0.0
2020-04-21,58.27,60.4,57.81,60.12,52971329,0.0
2020-04-22,59.6735,60.1,58.81,59.04,67306915,0.0
2020-04-23,56.2,59.4,56.1,59.27,91108389,0.0
2020-04-26,59.72,59.83,58.385,59.48,65451464,0.0
2020-04-27,59.99,60.22,58.26,58.73,21620833,0.0
2020-04-28,59.44,62.03,59.32,61.79,25617313,0.0
2020-04-29,61.3666,61.54,59.75,59.96,34236642,0.0
2020-04-30,58.83,59.32,57.31,57.51,16979476,0.0
2020-05-03,57.12,58.07,56.31,57.99,15845138,0.0
2020-05-04,58.79,59.3,58.35,58.76,15003611,0.0
2020-05-05,59.04,59.95,58.94,59.19,13787971,0.0
2020-05-06,59.93,60.0969,58.92,59.19,24819917,0.0
2020-05-07,59.6694,59.78,59.05,59.67,25224510,0.0
2020-05-10,59.74,60.84,59.71,60.11,16187545,0.0
2020-05-11,60.22,60.64,58.35,58.355,26624918,0.0
2020-05-12,58.45,59.23,56.9,57.74,35441610,0.0
2020-05-13,57.32,59.15,56.1,59.1,37304628,0.0
2020-05-14,57.4,58.37,56.96,58.3,18348993,0.0
2020-05-17,59.7406,60.28,59.36,59.9,28412453,0.0
2020-05-18,60.13,61.77,59.85,60.26,35553033,0.0
2020-05-19,61.16,63.489,61.02,63.11,26729766,0.0
2020-05-20,63.095,63.8,61.82,61.99,18841399,0.0
2020-05-21,61.98,62.32,61.42,62.26,25330126,0.0
2020-05-25,63.68,64.14,62.12,62.36,17659505,0.0
2020-05-26,62.32,63.59,61.07,63.57,34471420,0.0
2020-05-27,63,63.45,61.49,61.7,27768104,0.0
2020-05-28,61.9,63.66,61.62,63.02,17942563,0.0
2020-05-31,62.4851,62.66,61.66,61.86,12371299,0.0
2020-06-01,61.7,62.17,60.825,62.14,30622582,0.0
2020-06-02,62.45,62.54,61.53,61.93,13927063,0.0
2020-06-03,61.74,63.47,61.3438,62.98,37844948,0.0
2020-06-04,63.36,65.11,63.16,64.42,21306009,0.0
2020-06-07,63.97,64.15,62.94,63.62,33025718,0.0
2020-06-08,62.9935,63.71,62.9,63.09,28649369,0.0
2020-06-09,62.79,64.289,62.75,63.92,16021171,0.0
2020-06-10,63.07,63.3,59.52,59.695,21238568,0.0
2020-06-11,60.11,60.96,59.03,59.03,13025614,0.0
2020-06-14,59.33,60.36,58.58,60.13,43500413,0.0
2020-06-15,61.49,61.65,59.49,60.48,37831393,0.0
2020-06-16,60.74,61.28,60.06,60.48,14226495,0.0
2020-06-17,60.35,60.51,59.32,60.1,17029243,0.0
2020-06-18,60.65,60.89,59.1,59.59,55487262,0.0
2020-06-21,59.73,60.545,58.83,60.13,19315637,0.0
2020-06-22,60.19,60.47,59.8612,59.91,19416681,0.0
2020-06-23,59.64,59.805,58.67,59.08,20533582,0.0
2020-06-24,58.98,59.09,57.48,58.52,19303215,0.0
2020-06-25,58.49,58.73,57.07,57.5,20203985,0.0
2020-06-28,57.47,58.35,56.76,58.31,14742242,0.0
2020-06-29,58.71,59.98,58.54,59.81,18463900,0.0
2020-06-30,59.91,60.03,58.76,58.8,12314569,0.0
2020-07-01,59.19,59.81,58.97,59.13,11893321,0.0
