Date,Open,High,Low,Close,Volume,OpenInterest
2016-07-11,116.45,116.72,115.5,116.34,824498,0.0
2016-07-12,117.12,117.12,115.91,115.92,667403,0.0
2016-07-13,116.52,116.87,115.64,116.38,633706,0.0
2016-07-14,116.58,116.58,114.46,114.98,1696055,0.0
2016-07-17,114.89,115.75,114.55,115.26,522080,0.0
2016-07-18,115.07,115.49,114.56,114.78,618617,0.0
2016-07-19,112.78,115.29,112.72,114.8,1233051,0.0
2016-07-20,114.48,114.49,112.71,113.2,699166,0.0
2016-07-21,113.59,114.335,112.99,114.06,455355,0.0
2016-07-24,113.97,114.04,113.46,113.95,385856,0.0
2016-07-25,114.13,114.62,113.2,113.61,587791,0.0
2016-07-26,113.59,113.59,112.01,112.54,1398967,0.0
2016-07-27,112.65,113,111.42,112.05,1865597,0.0
2016-07-28,112.22,112.22,110.39,110.98,2500645,0.0
2016-07-31,111.42,111.77,110,110.75,2966529,0.0
2016-08-01,110.52,110.62,108.7,109.21,1404545,0.0
2016-08-02,108.89,109.86,108.85,109.84,918502,0.0
2016-08-03,110.17,110.62,109.71,109.9,539694,0.0
2016-08-04,110.05,111.91,110.05,111.49,640226,0.0
2016-08-07,111.82,112.44,111.49,112.02,997467,0.0
2016-08-08,112.04,112.76,111.82,112.12,581223,0.0
2016-08-09,112.13,113.02,112.0901,112.86,598701,0.0
2016-08-10,112.91,113.57,112.49,113.14,628488,0.0
2016-08-11,112.57,112.922,111.85,112.08,546774,0.0
2016-08-14,112.53,114.06,111.89,113.33,750733,0.0
2016-08-15,113.03,113.03,112.41,112.47,592234,0.0
2016-08-16,112.79,113,112.01,112.74,843826,0.0
2016-08-17,112.52,113.16,111.99,112.54,688883,0.0
2016-08-18,112.59,113.19,112.16,112.79,540914,0.0
2016-08-21,112.74,113.4,112.32,112.54,568129,0.0
2016-08-22,113.25,114,112.5,113.8195,1124959,0.0
2016-08-23,108.38,110.33,108,109.89,3817173,0.0
2016-08-24,109.95,110.86,109.57,110,1184791,0.0
2016-08-25,109.78,111.04,109.6694,110.33,774433,0.0
2016-08-28,110.41,111.14,110.41,110.76,946816,0.0
2016-08-29,110.71,111.16,110.11,111.15,1176299,0.0
2016-08-30,111.11,111.56,110.64,111.44,1028064,0.0
2016-08-31,111.28,112.35,110.8501,112.31,1038579,0.0
2016-09-01,112.91,113.105,111.44,112.07,747081,0.0
2016-09-05,111.89,112.0599,110.4,111.36,1320655,0.0
2016-09-06,111.44,111.97,110.92,111.97,1180195,0.0
2016-09-07,111.44,111.975,110.83,110.96,853707,0.0
2016-09-08,109.92,110.46,109.24,109.25,1124348,0.0
2016-09-11,108.8,109.92,108.33,109.54,1080704,0.0
2016-09-12,107.08,109.54,106.34,106.7,1611942,0.0
2016-09-13,106.97,108.19,106.72,108.11,1290834,0.0
2016-09-14,108.05,109.97,107.64,109.75,1129535,0.0
2016-09-15,109.38,109.43,108.16,109.03,1641720,0.0
2016-09-18,109.42,109.97,108.95,108.98,887017,0.0
2016-09-19,109.75,109.85,108.68,108.96,715096,0.0
2016-09-20,109.52,111,108.9,110.77,949226,0.0
2016-09-21,111.14,111.49,110.59,110.76,943267,0.0
2016-09-22,110.17,110.53,109.26,109.91,954758,0.0
2016-09-25,109.19,109.49,108.58,108.99,903257,0.0
2016-09-26,108.9,110.43,108.58,110.12,665487,0.0
2016-09-27,110.03,110.305,109.39,110.18,809228,0.0
2016-09-28,109.78,110.44,108.93,109.31,574651,0.0
2016-09-29,109.52,110.33,109.21,110.01,798336,0.0
2016-10-02,109.83,110.12,108.9,109.16,542531,0.0
2016-10-03,109.45,109.92,108.88,109.37,333064,0.0
2016-10-04,109.74,109.77,108.52,108.61,711213,0.0
2016-10-05,108.39,108.95,107.945,108.84,996046,0.0
2016-10-06,109,109,106.93,107.46,1192657,0.0
2016-10-09,108.48,108.84,108.12,108.15,662073,0.0
2016-10-10,108.08,108.22,106.542,106.99,1425718,0.0
2016-10-11,106.96,108.02,106.41,107.53,1294418,0.0
2016-10-12,106.8,107.3028,106.51,106.8,936267,0.0
2016-10-13,107.56,108.17,106.94,106.99,774849,0.0
2016-10-16,106.95,107.545,106.63,106.88,511524,0.0
2016-10-17,107.97,108.7999,107.08,107.15,668579,0.0
2016-10-18,107.82,108.57,107.15,108.17,934968,0.0
2016-10-19,108,108.32,107.31,107.9,583297,0.0
2016-10-20,107.71,108.89,107.08,108.46,2802776,0.0
2016-10-23,109.22,109.99,108.8,109.63,697645,0.0
2016-10-24,109.64,109.81,108.09,108.32,839641,0.0
2016-10-25,108.2,108.515,107.67,107.82,709313,0.0
2016-10-26,108.37,108.5,107.22,107.31,964349,0.0
2016-10-27,107.5,108.66,107.35,108.17,785855,0.0
2016-10-30,108.72,109.15,108.28,108.74,807439,0.0
2016-10-31,109.03,109.19,106.63,107.39,734942,0.0
2016-11-01,107.41,107.64,106.03,106.2,817012,0.0
2016-11-02,108.4,108.4,105.48,105.6,791307,0.0
2016-11-03,104.61,106.3519,104.56,105.28,694624,0.0
2016-11-06,106.6,107.99,106.37,107.87,819258,0.0
2016-11-07,107.94,108.93,107.36,108.35,617312,0.0
2016-11-08,104.27,109.57,103.2211,109.36,1690928,0.0
2016-11-09,109.6,110.58,107.19,109.21,1071293,0.0
2016-11-10,109,111.52,108.7,111.43,1764015,0.0
2016-11-13,111.5,112.06,109.92,110.01,1345672,0.0
2016-11-14,110.46,111.82,110.225,110.9,917020,0.0
2016-11-15,110.83,111.02,109.96,110.86,1457153,0.0
2016-11-16,110.81,113.84,110.22,113.83,1441800,0.0
2016-11-17,113.74,116.62,113.63,115.99,4165182,0.0
2016-11-20,115.25,115.98,114.69,115.67,1509664,0.0
2016-11-21,116.24,116.66,115.62,116.43,991663,0.0
2016-11-22,116.32,116.38,115.55,115.82,1177273,0.0
2016-11-24,115.9,116.17,115.32,116.07,349253,0.0
2016-11-27,115.9,116.5,115.28,115.71,810982,0.0
2016-11-28,115.54,116.63,115.33,116.15,1126176,0.0
2016-11-29,116.16,116.25,113.67,113.68,943604,0.0
2016-11-30,113.79,114.2,112.4,113.38,1403641,0.0
2016-12-01,113.25,113.83,112.23,113.25,536392,0.0
2016-12-04,113.86,115.58,111.48,114.89,732016,0.0
2016-12-05,114.79,114.86,113.7,114.52,560873,0.0
2016-12-06,114.32,116.64,114.19,116.61,586628,0.0
2016-12-07,116.43,117.74,116.13,117.67,727645,0.0
2016-12-08,117.58,117.64,116.67,117,866895,0.0
2016-12-11,116.91,116.96,115.53,116.03,710550,0.0
2016-12-12,116.18,118.5578,116.05,117.78,674650,0.0
2016-12-13,118.3,118.655,117.55,117.67,663908,0.0
2016-12-14,117.79,118.19,117.14,117.8,513343,0.0
2016-12-15,118.28,118.28,116.75,117.31,892492,0.0
2016-12-18,117.16,118.61,117.05,118.15,411614,0.0
2016-12-19,118.63,118.63,117.67,118.39,395418,0.0
2016-12-20,118.28,118.37,117.4,117.69,366677,0.0
2016-12-21,117.28,117.45,116.26,116.9,488970,0.0
2016-12-22,116.99,117.45,116.6,116.92,266701,0.0
2016-12-26,117.36,117.94,116.62,116.9,419643,0.0
2016-12-27,116.88,116.89,115.18,115.45,542074,0.0
2016-12-28,115.41,115.85,114.81,114.93,429935,0.0
2016-12-29,115.33,115.76,113.54,114.61,963153,0.0
2017-01-02,114.34,115.3,114.1,114.74,1099350,0.0
2017-01-03,114.71,115.63,114.3,114.98,608294,0.0
2017-01-04,114.78,115.74,114.5,115.7,730900,0.0
2017-01-05,115.6,117.03,115.2,116.85,729685,0.0
2017-01-08,116.89,116.98,115.79,116.52,485796,0.0
2017-01-09,116.44,116.63,115.26,116.11,615923,0.0
2017-01-10,116.1,116.69,115.48,116.37,578363,0.0
2017-01-11,116.24,117.15,115.37,117.04,526478,0.0
2017-01-12,117.03,117.27,116.51,117.1,404394,0.0
2017-01-16,116.96,117.31,115.59,116.09,528783,0.0
2017-01-17,116.6,116.86,115.625,115.79,477986,0.0
2017-01-18,116.07,116.4,115.07,115.93,757121,0.0
2017-01-19,116.48,117.21,115.78,117.1,1058639,0.0
2017-01-22,117.05,117.45,116.23,117.1,801043,0.0
2017-01-23,117.72,118.85,117.27,118.76,685567,0.0
2017-01-24,119.64,120.55,119.08,120.02,1121177,0.0
2017-01-25,120,120.11,118.38,118.46,828901,0.0
2017-01-26,119.12,119.26,118.21,118.6,507077,0.0
2017-01-29,118.49,118.55,117.31,118.53,548178,0.0
2017-01-30,118.42,118.58,117.618,118.56,656277,0.0
2017-01-31,118.49,118.99,117.39,117.72,660329,0.0
2017-02-01,117.21,118.19,116.43,117.84,515923,0.0
2017-02-02,118.54,119.25,118.32,118.38,550482,0.0
2017-02-05,118.09,118.17,117.28,117.88,500021,0.0
2017-02-06,118.24,118.59,117.2,117.49,543021,0.0
2017-02-07,111.9,117.66,111.9,116.54,2444404,0.0
2017-02-08,116.55,117.27,115.8,116.09,1364891,0.0
2017-02-09,116.56,117.55,115.89,117.53,1075129,0.0
2017-02-12,118.19,118.68,117.21,118.4,867895,0.0
2017-02-13,118.16,118.87,117.535,118.82,1043442,0.0
2017-02-14,118.54,118.96,117.93,118.95,731588,0.0
2017-02-15,119,119.329,118.37,119.25,621603,0.0
2017-02-16,119.24,119.87,118.195,119.87,885565,0.0
2017-02-20,119.42,120.54,118.81,119.87,1068687,0.0
2017-02-21,119.77,120.16,119.11,119.43,922569,0.0
2017-02-22,119.49,120.98,119.06,120.7,1254259,0.0
2017-02-23,126.5,128.45,123.87,128.02,2738370,0.0
2017-02-26,126.95,127.58,125.37,125.85,1769135,0.0
2017-02-27,125.72,125.86,124.3944,125.44,1268822,0.0
2017-02-28,125.89,125.89,124.18,124.53,1990369,0.0
2017-03-01,123.94,125.42,123.86,125.17,1193765,0.0
2017-03-02,125.38,126.67,124.71,126.46,1148272,0.0
2017-03-05,125.74,126.55,125.43,126.1,757762,0.0
2017-03-06,126.44,126.49,125.29,125.4,722267,0.0
2017-03-07,125.05,125.65,124.85,125.61,1140263,0.0
2017-03-08,125.93,126,124.27,124.76,966264,0.0
2017-03-09,125.69,125.69,124.66,124.94,988828,0.0
2017-03-12,124.77,125.08,124.45,124.91,1599532,0.0
2017-03-13,124.88,125.03,123.85,124.3,1599974,0.0
2017-03-14,124.93,125.36,124.175,124.65,1007334,0.0
2017-03-15,124.64,124.94,123.9,124.35,975043,0.0
2017-03-16,124.5,124.63,123.69,123.92,1152794,0.0
2017-03-19,123.57,124.19,122.77,123.39,1005211,0.0
2017-03-20,123.53,123.76,120.95,121.03,1269070,0.0
2017-03-21,121.26,121.49,120.8167,121.13,1193475,0.0
2017-03-22,121.3,122.07,119.9,119.99,1049826,0.0
2017-03-23,120.43,120.635,119.1,119.72,1418218,0.0
2017-03-26,118.98,119.06,117.79,118.43,1623634,0.0
2017-03-27,118.69,118.9,117.635,118,2194462,0.0
2017-03-28,117.83,118.14,116.77,117.87,3666456,0.0
2017-03-29,117.55,117.79,115.43,115.6,1642322,0.0
2017-03-30,115.5,116.39,115.3,115.99,3726487,0.0
2017-04-02,116.05,116.52,114.8,116.17,3529410,0.0
2017-04-03,115.69,116.78,115.69,116.03,1200342,0.0
2017-04-04,116.57,117.28,116.05,116.55,1411821,0.0
2017-04-05,116.04,117.86,115.56,117.81,2576375,0.0
2017-04-06,117.99,118.96,117.81,118.46,2010086,0.0
2017-04-09,118.55,119.3,118.04,118.63,1588606,0.0
2017-04-10,118.36,118.745,117.38,118.67,1231718,0.0
2017-04-11,118.23,118.38,117.51,117.83,1326597,0.0
2017-04-12,118.05,118.89,117.72,117.9,793663,0.0
2017-04-16,118.29,118.665,117.93,118.63,660453,0.0
2017-04-17,118.43,119.48,118.25,119.35,1336873,0.0
2017-04-18,119.66,119.73,118.7,118.98,1057550,0.0
2017-04-19,119.11,119.13,117.84,118.27,2207655,0.0
2017-04-20,118.48,118.73,117.925,118.37,1863763,0.0
2017-04-23,119.42,119.42,118.25,118.76,1335520,0.0
2017-04-24,118.83,119.38,118.61,119.07,1669345,0.0
2017-04-25,118.9,119.02,115.62,115.81,3205704,0.0
2017-04-26,123.34,125.74,123.15,125.61,4092790,0.0
2017-04-27,126.08,126.08,124.82,125.24,1438590,0.0
2017-04-30,125.55,125.67,124.72,125.55,1064222,0.0
2017-05-01,125.75,126.19,125.02,125.91,945691,0.0
2017-05-02,125.82,126,125.09,125.6,604795,0.0
2017-05-03,125.93,126.12,125.47,125.95,672607,0.0
2017-05-04,126.48,126.48,125.6901,126.14,521416,0.0
2017-05-07,126.15,126.3499,125.55,126.16,548296,0.0
2017-05-08,126.22,127.08,125.905,126.73,829322,0.0
2017-05-09,126.45,127.46,126.45,127.06,784541,0.0
2017-05-10,126.63,127.19,126.08,126.87,731343,0.0
2017-05-11,126.87,126.87,126.14,126.5,565216,0.0
2017-05-14,126.33,127.64,126.01,127.64,1034464,0.0
2017-05-15,127.58,127.61,127.1101,127.5,674759,0.0
2017-05-16,126.76,127.4199,125.29,125.35,1069413,0.0
2017-05-17,125.2,125.83,124.22,125.15,1260754,0.0
2017-05-18,125.28,126.67,124.7,125.38,1483559,0.0
2017-05-21,125.5,127.28,125.16,127.16,890306,0.0
2017-05-22,127.8,130.1,127.39,129.23,1802072,0.0
2017-05-23,139.71,140.25,136.41,137.83,4420275,0.0
2017-05-24,137.53,138.81,135.43,138.36,2762382,0.0
2017-05-25,138.03,139.86,136.83,138.54,1836975,0.0
2017-05-29,138.48,140.2,138,140.03,1555883,0.0
2017-05-30,140.2,141.08,139.52,140.64,1502071,0.0
2017-05-31,140.55,141.675,140.27,141.31,1255914,0.0
2017-06-01,141.22,142.89,141.125,142.81,1120571,0.0
2017-06-04,142.62,143.46,142.19,142.65,1081788,0.0
2017-06-05,142.18,142.94,141.6,141.65,1376123,0.0
2017-06-06,142.12,142.8099,141.43,141.97,1034248,0.0
2017-06-07,142.23,142.99,141.61,142.71,792119,0.0
2017-06-08,143,143.81,139.1,140.21,1310887,0.0
2017-06-11,138.96,140.14,138.01,139.75,1347908,0.0
2017-06-12,139.8,140.71,139.41,139.88,1139442,0.0
2017-06-13,140.5,141.03,138.86,140.2,616033,0.0
2017-06-14,138.96,140.48,138.13,140.01,1028846,0.0
2017-06-15,138.65,140.46,138.65,139.49,1220313,0.0
2017-06-18,140.46,141.28,139.75,140.75,1278857,0.0
2017-06-19,140.56,140.9,140.03,140.17,683051,0.0
2017-06-20,140.78,141.52,139.98,140.25,874007,0.0
2017-06-21,139.9,140.64,139.6,139.98,780577,0.0
2017-06-22,140.14,140.78,139.56,140.39,909261,0.0
2017-06-25,138.52,139.85,137.68,138.4,1054897,0.0
2017-06-26,137.78,138.41,135.26,135.3,1159109,0.0
2017-06-27,135.45,137.62,134.49,135.37,1187731,0.0
2017-06-28,134.98,135.13,132.35,133.05,1287316,0.0
2017-06-29,133.69,134.78,132.78,132.81,1181505,0.0
2017-07-02,133.82,133.83,131.64,131.68,485270,0.0
2017-07-04,131.91,132.89,131.26,132.01,897398,0.0
2017-07-05,130.89,131.81,130.26,131.11,940195,0.0
2017-07-06,132,133,131.71,131.9,806144,0.0
2017-07-09,131.54,132.43,131,131.89,655328,0.0
2017-07-10,132.18,132.98,131.69,132.36,616149,0.0
2017-07-11,133.49,133.79,133.03,133.47,818451,0.0
2017-07-12,133.45,134,131.79,132.4,1224737,0.0
2017-07-13,132.89,133.39,132.65,132.88,618069,0.0
2017-07-16,132.96,133.76,132.62,133.059,779776,0.0
2017-07-17,132.66,133.82,132.65,133.65,549813,0.0
2017-07-18,133.43,135.26,133.29,135.15,680921,0.0
2017-07-19,135.16,135.91,134.2,135.38,570597,0.0
2017-07-20,134.69,135.785,134.19,134.84,537715,0.0
2017-07-23,134.98,136.26,134.72,136.26,582192,0.0
2017-07-24,136.83,137.6613,135.94,136.84,642287,0.0
2017-07-25,137,137.4,136.37,137.14,493250,0.0
2017-07-26,136.9,137.71,135.14,136.86,799817,0.0
2017-07-27,136.48,137.01,135.4,135.6403,513309,0.0
2017-07-30,135.56,137.41,135.51,137.21,726204,0.0
2017-07-31,137.64,138.71,135.71,137.43,676545,0.0
2017-08-01,137.49,137.59,135.83,136.5,872868,0.0
2017-08-02,136.95,137.65,136.25,137.14,567273,0.0
2017-08-03,137.55,137.79,136.69,136.89,440423,0.0
2017-08-06,136.27,137.05,135.94,136.64,598134,0.0
2017-08-07,136.03,137.21,135.81,136.15,530350,0.0
2017-08-08,136,136.97,135.26,136.81,524938,0.0
2017-08-09,135.99,136.48,134.8,135.17,606705,0.0
2017-08-10,136.04,137.04,135.09,136.6,481390,0.0
2017-08-13,137.4,139.5825,137.4,138.88,547404,0.0
2017-08-14,138.4,139.09,135.81,137.48,1253275,0.0
2017-08-15,137.34,138.21,137.07,137.94,787177,0.0
2017-08-16,137.7,137.88,134.43,134.48,828387,0.0
2017-08-17,133.95,135.085,133.77,134.11,937704,0.0
2017-08-20,134.48,136.08,133.98,135.9,1192964,0.0
2017-08-21,136.14,138.35,135.58,138.15,1559918,0.0
2017-08-22,138.24,139.4,133.6,135.52,2028452,0.0
2017-08-23,135.27,135.8,133.71,135.31,1468595,0.0
2017-08-24,135.66,137.79,135.66,137.35,1153009,0.0
2017-08-27,137.37,138.18,136.48,137.89,915397,0.0
2017-08-28,136.76,138.6,136.75,138.02,687329,0.0
2017-08-29,137.79,140.14,137.76,139.92,798824,0.0
2017-08-30,140.07,141.69,139.76,141.45,1089411,0.0
2017-08-31,141.83,142.26,141.06,141.89,790613,0.0
2017-09-04,141.07,142.45,140.8502,141.56,953991,0.0
2017-09-05,142.15,142.49,140.74,141.15,896024,0.0
2017-09-06,140.99,141.76,140.07,141.03,1133056,0.0
2017-09-07,141.17,141.7,140.94,141.57,684257,0.0
2017-09-10,142.43,143.08,141.87,142.63,713989,0.0
2017-09-11,142.93,143,140.53,142.38,1342202,0.0
2017-09-12,141.7,142.26,140.75,142.06,867093,0.0
2017-09-13,141.34,142.09,140.58,142.08,790635,0.0
2017-09-14,141.85,142.35,141.11,142.08,894087,0.0
2017-09-17,142.07,144.06,141.61,143.83,1039778,0.0
2017-09-18,144.3,146.04,143.59,145.36,1262661,0.0
2017-09-19,145.33,145.91,143.995,145.02,842532,0.0
2017-09-20,145.82,145.9,144.06,144.5,784145,0.0
2017-09-21,144.07,146.72,144.07,146.35,984573,0.0
2017-09-24,145.53,145.99,143.76,144.78,913526,0.0
2017-09-25,145.23,145.61,144.1,144.78,829762,0.0
2017-09-26,144.2,145.68,143.68,144.36,1198575,0.0
2017-09-27,143.46,144.02,141.6,142.31,1398639,0.0
2017-09-28,142.18,142.92,140.37,142.12,1742410,0.0
2017-10-01,142.26,143.29,141.18,141.73,1240051,0.0
2017-10-02,141.77,142.3,141.31,141.84,982903,0.0
2017-10-03,141.75,142.89,140.21,142.66,1275772,0.0
2017-10-04,142.99,143.13,142.02,142.87,760366,0.0
2017-10-05,142.35,144.24,142.04,144.18,628949,0.0
2017-10-08,144.34,144.34,143.41,143.96,460552,0.0
2017-10-09,143.95,144.72,143.46,144.19,594011,0.0
2017-10-10,144.17,144.68,143.18,143.64,649782,0.0
2017-10-11,143.65,145.93,143.46,145.85,822808,0.0
2017-10-12,146.81,146.99,145.25,145.65,636249,0.0
2017-10-15,146,146,144.64,144.74,489109,0.0
2017-10-16,144.78,145.64,144.525,145.44,877801,0.0
2017-10-17,145.61,146.46,145.1415,145.81,617194,0.0
2017-10-18,145.4,146.65,145.3775,146.65,592602,0.0
2017-10-19,147.06,148.42,146.46,147.93,709579,0.0
2017-10-22,148.53,148.89,146.96,147.38,497444,0.0
2017-10-23,147.09,148.62,145.83,148.61,862326,0.0
2017-10-24,148.35,149.74,147.97,149.52,742495,0.0
2017-10-25,150.05,151.95,149.43,151.33,834809,0.0
2017-10-26,151.4,153.86,150.82,153.48,823243,0.0
2017-10-29,153.17,153.26,150.385,151.46,648277,0.0
2017-10-30,151.78,151.99,150.51,151.05,519158,0.0
2017-10-31,151.85,152.215,150.55,151.35,612026,0.0
2017-11-01,151.34,152.32,150.6,152.17,652243,0.0
2017-11-02,151.89,154.04,151.04,153.64,685196,0.0
2017-11-05,153.86,154.19,152.04,152.67,425749,0.0
2017-11-06,153.25,153.33,151.58,152.52,379266,0.0
2017-11-07,152.61,153.19,151.67,152.98,389613,0.0
2017-11-08,152.01,152.59,150.58,152.42,723241,0.0
2017-11-09,151.58,153.45,151.56,153.27,407061,0.0
2017-11-12,153.01,155.37,153.01,154.89,703857,0.0
2017-11-13,154.05,155.775,153.52,155.21,599699,0.0
2017-11-14,155.22,156.46,153.36,153.86,1248317,0.0
2017-11-15,154.09,156.04,153.59,155.68,787664,0.0
2017-11-16,155.99,156.709,155.2701,156.56,929067,0.0
2017-11-19,157.22,158.9,156.53,157.83,1324418,0.0
2017-11-20,152.99,156.39,151.18,151.8,1975513,0.0
2017-11-21,151.94,152.375,150.72,151.625,1430686,0.0
2017-11-23,151.1,153.98,151.02,153.93,785436,0.0
2017-11-26,153.74,155.12,153.35,154.76,1092719,0.0
2017-11-27,154.92,155.89,154.2533,155.8,858977,0.0
2017-11-28,155.65,155.96,153.1781,154.22,1358069,0.0
2017-11-29,154.76,157.8,153.91,157.11,1635861,0.0
2017-11-30,156.14,158,152.5801,156.43,1133475,0.0
2017-12-03,156.7,156.88,154.21,154.54,1291631,0.0
2017-12-04,154.7,156.32,154.19,154.47,679417,0.0
2017-12-05,154.46,156.25,153.5642,156.19,656220,0.0
2017-12-06,155.71,155.99,154.29,155.55,880160,0.0
2017-12-07,156.05,156.39,154.15,155.21,970383,0.0
2017-12-10,155.09,155.83,153.94,155.7,826199,0.0
2017-12-11,155.33,156.41,154.53,155.86,729855,0.0
2017-12-12,156.35,157.76,156.01,156.48,969795,0.0
2017-12-13,156.83,157.48,155.61,156.21,770092,0.0
2017-12-14,156.99,159.77,156.04,159.63,1306446,0.0
2017-12-17,160,161.44,159.8,161.13,949014,0.0
2017-12-18,160.86,161.3,158.7,159.88,1255846,0.0
2017-12-19,160.3,160.46,158.11,159.3,902387,0.0
2017-12-20,159.39,159.85,158.02,158.62,777278,0.0
2017-12-21,158.24,158.68,157.67,158.5,480479,0.0
2017-12-25,157.41,159.22,157.41,158.94,473436,0.0
2017-12-26,158.97,159.43,158.45,158.72,356427,0.0
2017-12-27,159.49,159.49,158.05,158.55,436324,0.0
2017-12-28,158.43,159.42,157.74,157.85,375024,0.0
2018-01-01,158.22,158.85,157.01,158.69,1048452,0.0
2018-01-02,158.23,159.33,157.74,159.14,992138,0.0
2018-01-03,159.46,163.82,159.46,161.99,1280778,0.0
2018-01-04,162.8,164.55,162.5,164.03,728943,0.0
2018-01-07,164.03,164.53,163.34,164.21,492316,0.0
2018-01-08,164.14,165.13,162.77,164.84,612208,0.0
2018-01-09,164.38,164.58,162.55,163.49,748160,0.0
2018-01-10,163.52,164.28,162.25,162.99,430872,0.0
2018-01-11,163.08,164.94,162.93,164.48,375025,0.0
2018-01-15,165,166.49,161.83,162.25,943366,0.0
2018-01-16,163.88,164.68,162.93,164.29,498056,0.0
2018-01-17,163.89,164.96,163.61,164.37,559986,0.0
2018-01-18,164.94,167.82,164.62,167.72,866101,0.0
2018-01-21,167.75,168.8,167.011,168.67,377109,0.0
2018-01-22,169,169.79,167.73,168.41,708495,0.0
2018-01-23,168.64,169.58,166.89,167.54,501813,0.0
2018-01-24,168.03,168.78,166.29,167.82,469172,0.0
2018-01-25,168.54,170.59,168.19,170.39,411091,0.0
2018-01-28,169.96,170.43,168.265,169.22,580241,0.0
2018-01-29,169.71,170,167.33,168.5,747389,0.0
2018-01-30,168.6,168.975,166.971,167.9,709248,0.0
2018-01-31,167.56,168.45,164.92,165.61,911945,0.0
2018-02-01,164.49,166.405,163.41,163.43,801786,0.0
2018-02-04,162.66,163.99,157.64,157.65,996406,0.0
2018-02-05,155.21,160.91,152.6453,160.86,1311809,0.0
2018-02-06,159.75,165.305,159.14,161.3,997508,0.0
2018-02-07,161.28,161.28,152.66,152.77,1061880,0.0
2018-02-08,152.72,158.38,150.43,157.06,1584669,0.0
2018-02-11,159.29,160.78,157.5,159.44,805721,0.0
2018-02-12,156.93,160.2,156.78,159.38,725808,0.0
2018-02-13,158.85,164.06,158.1328,163.89,794250,0.0
2018-02-14,164.86,169.32,163.38,169.32,752237,0.0
2018-02-15,169.02,173,168.81,171.68,1187192,0.0
2018-02-19,171,174.55,170.55,173.56,1284354,0.0
2018-02-20,174.5,176.255,173.21,173.37,1006020,0.0
2018-02-21,173.89,177.51,171.58,172.1,1516969,0.0
2018-02-22,167.9,172.3,164.85,171.78,2605802,0.0
2018-02-25,171.75,172.86,169.93,172.7,1046538,0.0
2018-02-26,172.36,173.155,170.26,170.33,1017413,0.0
2018-02-27,171.37,172.11,166.8,166.91,1050391,0.0
2018-02-28,167.4,168.14,163.24,164.3,1252129,0.0
2018-03-01,162.84,169.21,162.594,168.8,1255298,0.0
2018-03-04,167.59,171.41,167,170.21,892088,0.0
2018-03-05,170.9,171.09,168.79,169.44,751437,0.0
2018-03-06,168.58,171.16,168.26,170.69,743460,0.0
2018-03-07,171.04,171.62,169.82,171.46,523336,0.0
2018-03-08,172.38,177.26,172.02,177.16,1222658,0.0
2018-03-11,177.43,178.61,176.54,177.35,1113769,0.0
2018-03-12,177.67,179.17,176.57,177.73,1063373,0.0
2018-03-13,178.8,178.9899,176.26,177.3,725255,0.0
2018-03-14,177.27,178.418,176.72,177.97,923554,0.0
2018-03-15,178.16,179.3,177.51,178.6,965515,0.0
2018-03-18,177.66,177.66,173.475,175.76,892427,0.0
2018-03-19,176.14,178.99,175.2372,178.15,878827,0.0
2018-03-20,177.6,178.88,175.81,176.67,825791,0.0
2018-03-21,174.78,177.09,174,174.83,1107524,0.0
2018-03-22,174.8,176.67,169.84,169.87,1204079,0.0
2018-03-25,173.01,174.66,171.64,174.53,1391028,0.0
2018-03-26,176.12,177.09,172.16,173.31,1233481,0.0
2018-03-27,173.44,174.06,170.38,170.93,1137533,0.0
2018-03-28,172.31,175.15,169.875,173.33,635837,0.0
2018-04-01,173.01,173.87,167.71,169.89,1244415,0.0
2018-04-02,170.76,170.77,167.67,170.47,972582,0.0
2018-04-03,168.39,173.79,167.43,173.02,1093193,0.0
2018-04-04,174.19,174.66,171.06,171.85,1265569,0.0
2018-04-05,169.92,171.23,166.515,167.59,1425744,0.0
2018-04-08,168.77,172.16,168,169.38,855473,0.0
2018-04-09,172.14,172.14,169.82,171.32,1194290,0.0
2018-04-10,169.7,172.89,169.105,171.6,542296,0.0
2018-04-11,172.18,174.17,171.06,173.61,491221,0.0
2018-04-12,174.66,174.66,171.11,171.99,399600,0.0
2018-04-15,173.35,175.74,172.74,175.29,542051,0.0
2018-04-16,176.61,181.5,175.57,181,1438514,0.0
2018-04-17,181.13,181.97,177.65,181.19,1150706,0.0
2018-04-18,180.76,181.97,178.94,179.41,900880,0.0
2018-04-19,178.33,179.95,177.07,178.13,900908,0.0
2018-04-22,179.1,181.85,178.65,180.28,618595,0.0
2018-04-23,181.19,182.93,176.77,178.58,888166,0.0
2018-04-24,178.17,179.775,174.355,176.38,1175714,0.0
2018-04-25,180.79,186.39,180.78,185.19,1525979,0.0
2018-04-26,185.45,186.84,184.18,186.6,821821,0.0
2018-04-29,187.2,188.56,184.72,184.77,768733,0.0
2018-04-30,184.82,187.51,184.37,187.24,677587,0.0
2018-05-01,187.18,188.05,185.25,185.94,733422,0.0
2018-05-02,184.9,187.605,183.01,186.36,847709,0.0
2018-05-03,185.98,190.485,185.34,189.45,904874,0.0
2018-05-06,190.53,191.3,188.7,189.56,787540,0.0
2018-05-07,188.28,190.4,188.12,190.16,659632,0.0
2018-05-08,190.65,193.68,189.85,192.66,639215,0.0
2018-05-09,194.54,194.73,192.75,194.3,688902,0.0
2018-05-10,194.19,196.29,193.46,194.2,814357,0.0
2018-05-13,194.51,195.99,191.96,192.6,759065,0.0
2018-05-14,190.59,190.88,188.61,189.76,1635469,0.0
2018-05-15,190.38,191.43,188.8,190.43,1041769,0.0
2018-05-16,189.81,191.2,188.466,189.79,664058,0.0
2018-05-17,189.28,191.04,188.25,190.56,945704,0.0
2018-05-20,192.21,192.75,190.89,191.69,803542,0.0
2018-05-21,192.58,192.66,189.73,190.41,1380422,0.0
2018-05-22,187.17,196.97,187.17,196.27,1618735,0.0
2018-05-23,195.5,198.2,194.66,197.79,1599172,0.0
2018-05-24,197.18,199.48,196.53,197.08,1002786,0.0
2018-05-28,195.67,198.35,194.82,196.68,1280601,0.0
2018-05-29,198.05,201.59,197.83,201.08,1004270,0.0
2018-05-30,200.9,203.44,200.16,201.63,1283800,0.0
2018-05-31,202.28,204.25,201,204.16,844826,0.0
2018-06-03,204.23,207.14,203.95,207.01,1099582,0.0
2018-06-04,207.25,208.495,206.22,208.23,820440,0.0
2018-06-05,208.29,209.54,206.91,209.54,1100588,0.0
2018-06-06,209.37,209.37,203.345,206.24,728529,0.0
2018-06-07,206.1,207.19,204.5,206.26,672723,0.0
2018-06-10,206.73,206.98,205.83,206.37,451804,0.0
2018-06-11,206.79,207.74,205.9789,207.49,512680,0.0
2018-06-12,207.27,209.43,207.05,207.81,540413,0.0
2018-06-13,208.72,210.13,207.75,209.08,503448,0.0
2018-06-14,208.64,210.19,206.71,208.98,1198025,0.0
2018-06-17,207.68,209.83,205.8,209.16,513404,0.0
2018-06-18,209.82,210.85,207.12,210.62,1108107,0.0
2018-06-19,210.85,213.76,210.16,213.6,855615,0.0
2018-06-20,214.25,216.63,209.43,209.8,984399,0.0
2018-06-21,209.77,210.4725,205.83,205.98,1716895,0.0
2018-06-24,204.87,205,200.01,201.75,1562311,0.0
2018-06-25,201.94,203.41,201.5,202.1,1288255,0.0
2018-06-26,202.43,203.97,198.03,198.23,931328,0.0
2018-06-27,198.45,204.75,198.45,203.99,1070488,0.0
2018-06-28,204.36,206.52,203.31,204.33,656560,0.0
2018-07-01,203.01,206.19,201.71,205.44,1324270,0.0
2018-07-02,206.66,206.95,204.36,204.69,568287,0.0
2018-07-04,206.55,207.9389,203.8,205.05,656957,0.0
2018-07-05,205.68,208.39,204.47,208.13,983061,0.0
2018-07-08,209.22,209.79,206.51,207.7,650964,0.0
2018-07-09,208.13,209.3,207.56,208.45,621034,0.0
2018-07-10,207.6,209.53,207.55,209.24,682314,0.0
2018-07-11,210.7,213.86,209.95,213.72,1247995,0.0
2018-07-12,213.92,214.36,212.24,213.7,560759,0.0
2018-07-15,213.55,214.92,213.43,214.46,371787,0.0
2018-07-16,213.54,216.99,210.93,216.49,468677,0.0
2018-07-17,216,218.61,215.08,218.31,544560,0.0
2018-07-18,217.51,218.17,215.14,215.98,608524,0.0
2018-07-19,216.04,216.59,215.11,215.27,443064,0.0
2018-07-22,215.29,217.75,215.02,217.38,449537,0.0
2018-07-23,218.15,219.46,215.34,215.8,629056,0.0
2018-07-24,216,217.5,215.43,217.19,993122,0.0
2018-07-25,217.61,219.34,216.25,216.66,709534,0.0
2018-07-26,217.5,218.19,209.32,212.34,935950,0.0
2018-07-29,208.06,212.16,202.4,202.68,1260906,0.0
2018-07-30,204.2,206.42,201.85,204.24,1285330,0.0
2018-07-31,204.06,205.62,203.31,204.25,890808,0.0
2018-08-01,202.85,205.81,202.39,205.73,956417,0.0
2018-08-02,206.79,206.99,203.92,205.13,635911,0.0
2018-08-05,204.54,207.99,204.35,207.47,564459,0.0
2018-08-06,207.74,210.16,207.71,209.48,786205,0.0
2018-08-07,209.7,210.58,208.11,210.05,504852,0.0
2018-08-08,212.61,212.84,210.62,211.19,505541,0.0
2018-08-09,209.59,212.71,209.11,211.01,562312,0.0
2018-08-12,211.39,212.74,209.3025,209.58,534777,0.0
2018-08-13,210,211.495,208.61,210.7,746288,0.0
2018-08-14,209.51,211.59,207.1,209.46,592499,0.0
2018-08-15,210.69,211.17,208.87,209.69,650613,0.0
2018-08-16,209.05,210.4975,206.21,207.89,1514578,0.0
2018-08-19,208.4,208.82,207.07,207.38,1568664,0.0
2018-08-20,208.41,210.39,208.02,209.01,1517031,0.0
2018-08-21,209.01,210.39,208.59,209.71,1370018,0.0
2018-08-22,210.31,213.46,210.01,212.29,1382843,0.0
2018-08-23,212.85,217.36,211.46,216.62,2038414,0.0
2018-08-26,216.64,217.46,210.22,211.94,1608339,0.0
2018-08-27,212.32,216.03,212.21,215.95,1114302,0.0
2018-08-28,215.6,218.75,215.44,217.91,925968,0.0
2018-08-29,217.17,219.21,216.35,218.63,834334,0.0
2018-08-30,217.97,219.78,217.6,219.51,714464,0.0
2018-09-03,219.94,221.115,218.06,220.74,787751,0.0
2018-09-04,220.6,221.09,214.71,218.69,954954,0.0
2018-09-05,218.41,220.8,216.605,219.86,948460,0.0
2018-09-06,218.28,221.58,217.18,220.33,1154048,0.0
2018-09-09,220.62,225.12,220.0716,224.81,1070204,0.0
2018-09-10,224.11,226.79,223.71,226.04,1069794,0.0
2018-09-11,226.21,226.93,223.09,225.68,667985,0.0
2018-09-12,226.34,228.375,225.93,227.77,833043,0.0
2018-09-13,228.73,229.86,226.825,227.53,923014,0.0
2018-09-16,227.51,228.215,225.21,225.5,745995,0.0
2018-09-17,225.79,229.62,225.21,228.18,699001,0.0
2018-09-18,227.76,228.405,219.0612,220.88,1410518,0.0
2018-09-19,222.02,222.43,220.47,221.46,849449,0.0
2018-09-20,222.32,223.52,219.76,220.44,1544524,0.0
2018-09-23,219.48,221.97,217.69,218.9,956612,0.0
2018-09-24,219,221.98,219,221.95,1102740,0.0
2018-09-25,222.65,224.6,221.06,222.19,803498,0.0
2018-09-26,222.68,224.31,222.49,222.82,567260,0.0
2018-09-27,223.89,227.93,223.5,227.41,967433,0.0
2018-09-30,228.85,229.8,226.62,227.72,553474,0.0
2018-10-01,227.87,228.57,224.57,227.62,629335,0.0
2018-10-02,230,231.84,228.53,231.32,1044377,0.0
2018-10-03,230.27,230.77,223.4,224.63,954212,0.0
2018-10-04,225.04,226.76,220.34,222.32,785181,0.0
2018-10-07,222.42,222.69,213.98,217.27,1128925,0.0
2018-10-08,218.8,221.48,217.34,220.66,1176923,0.0
2018-10-09,219.5,220.01,204.21,204.42,1864847,0.0
2018-10-10,204.64,208.56,199,200.69,2126647,0.0
2018-10-11,208.19,212.4,205.58,211.83,1709755,0.0
2018-10-14,211.69,211.69,207.57,208.79,764317,0.0
2018-10-15,211.63,215.86,209.69,214.91,998340,0.0
2018-10-16,215.44,218.95,213.25,218.82,1407359,0.0
2018-10-17,217.44,218.12,212.4,212.68,1029179,0.0
2018-10-18,214.97,215.95,210.14,211.1,1078586,0.0
2018-10-21,212.02,214.64,209.17,213.26,795976,0.0
2018-10-22,209.53,210.34,204.3228,208.94,1115718,0.0
2018-10-23,208.23,211.16,201.2701,201.42,1002098,0.0
2018-10-24,204.32,208.19,202.79,207.66,905466,0.0
2018-10-25,200.97,205.31,199.55,202.02,846363,0.0
2018-10-28,206.35,208.2,196.4,200.8,1019859,0.0
2018-10-29,200.88,204.21,199.46,202.79,983696,0.0
2018-10-30,205.39,212.77,205.085,210.99,994031,0.0
2018-10-31,210.81,212.59,207.81,212.34,950277,0.0
2018-11-01,212.95,215.73,211.68,212.89,1575461,0.0
2018-11-04,213.94,214.87,211.32,214.44,792838,0.0
2018-11-05,213.82,216.145,211.37,213.83,818341,0.0
2018-11-06,215.69,221.89,215.02,221.86,640103,0.0
2018-11-07,220.71,223.31,220.07,223.27,581232,0.0
2018-11-08,222.89,223.4099,219.05,222.16,1090056,0.0
2018-11-11,221.48,221.48,212.62,212.78,1193742,0.0
2018-11-12,213.93,216.38,212.05,212.84,988427,0.0
2018-11-13,214.87,216.31,208.17,209.39,1007194,0.0
2018-11-14,208.79,215.19,207.67,214.68,1090519,0.0
2018-11-15,213.01,214.35,210.43,211.36,1154964,0.0
2018-11-18,210.05,211.15,196.27,198.35,2892336,0.0
2018-11-19,197.61,198.98,190.71,195.17,3904819,0.0
2018-11-20,198.35,200.5685,194.33,198.41,2419138,0.0
2018-11-22,195.62,197.9299,195,196.95,1517438,0.0
2018-11-25,202.07,202.08,199.6129,201.4,1505918,0.0
2018-11-26,199.7,199.71,195.53,198.7099,1529712,0.0
2018-11-27,199.32,209.015,199.32,208.96,1861431,0.0
2018-11-28,206.96,209.95,205.14,209.2,1633846,0.0
2018-11-29,210.41,214.88,209.01,214.55,1738273,0.0
2018-12-02,217.72,219.85,211.51,213.53,1833816,0.0
2018-12-03,212.66,214.11,205.401,207.75,1286551,0.0
2018-12-05,203.2,211.57,199.4033,211.55,2288480,0.0
2018-12-06,210.21,212.2525,202.2,202.47,1574492,0.0
2018-12-09,202.96,207.01,201.28,206.72,1308315,0.0
2018-12-10,210,210.4258,204.06,206.13,1410181,0.0
2018-12-11,210.11,212.955,208.67,209.31,1204388,0.0
2018-12-12,206.86,211.17,204.71,208.55,1857480,0.0
2018-12-13,205.48,206.582,200.35,200.93,1977204,0.0
2018-12-16,200.29,201.52,195.79,197.525,1675695,0.0
2018-12-17,199.03,200.75,196,198.14,1703514,0.0
2018-12-18,198.57,202.88,193.32,195.61,1647392,0.0
2018-12-19,194.49,196.21,188.07,192.1,1711232,0.0
2018-12-20,192.78,194.99,184.99,185.83,2569053,0.0
2018-12-23,185,188.38,182.62,182.67,831499,0.0
2018-12-25,184.13,192.86,183.07,192.82,1679705,0.0
2018-12-26,189.56,197.32,187.84,197.32,1811700,0.0
2018-12-27,197.74,199.49,194.45,195.77,1040043,0.0
2018-12-30,197.37,198.76,195.43,195.79,766790,0.0
2019-01-01,191.5,195.81,191.11,194.15,1026151,0.0
2019-01-02,191.25,193.24,188.23,188.64,1475685,0.0
2019-01-03,191.81,198.28,189.76,195.94,1324263,0.0
2019-01-06,195.33,200.41,195.33,199.24,981805,0.0
2019-01-07,200.83,203.85,198.08,203.68,1238687,0.0
2019-01-08,204.06,205,200.34,202.595,1339932,0.0
2019-01-09,201.75,205.88,201.105,205.805,1096407,0.0
2019-01-10,205.44,207,204.06,206.16,1138233,0.0
2019-01-13,203.75,206.335,202.91,205.17,774160,0.0
2019-01-14,205.38,210.25,205.38,209.68,1353445,0.0
2019-01-15,210.99,214.38,209.25,209.88,1159774,0.0
2019-01-16,208.51,212.11,208.51,211.74,792339,0.0
2019-01-17,214.18,215.32,210.89,213.7,1455322,0.0
2019-01-21,212.84,215.82,210.87,211.6975,895147,0.0
2019-01-22,213,216.49,209.895,212.22,875698,0.0
2019-01-23,212.34,213.57,210.265,212.23,680177,0.0
2019-01-24,214.6,215.51,212.76,213.97,886523,0.0
2019-01-27,212.83,212.9,209.75,210.99,816033,0.0
2019-01-28,211.21,211.865,207.69,208.3,689976,0.0
2019-01-29,209.72,214.65,209.6,214.16,1040436,0.0
2019-01-30,213.6,217.4,213.3,215.68,1806468,0.0
2019-01-31,215.74,216.86,212.67,214.3,1217677,0.0
2019-02-03,216.88,222.36,215.56,220.815,1485030,0.0
2019-02-04,221.43,225.47,221.19,224.325,1118660,0.0
2019-02-05,224.15,224.8525,221.08,224.55,744841,0.0
2019-02-06,222.16,223.44,220.5,220.79,825250,0.0
2019-02-07,219.31,224.61,218.8338,224.61,1109375,0.0
2019-02-10,226.83,227.32,224.66,225.47,938356,0.0
2019-02-11,227.58,229.26,225.81,229.04,933839,0.0
2019-02-12,230,230.5,228.14,228.75,766569,0.0
2019-02-13,227.65,231.4,226.51,230.89,1081925,0.0
2019-02-14,233.34,233.7289,231.31,233.18,864208,0.0
2019-02-20,235.03,236.76,232.965,234.9941,1847199,0.0
2019-02-21,236.72,251.57,236.72,250.94,2996865,0.0
2019-02-24,247.1,249.66,245.1185,247.68,2100514,0.0
2019-02-25,246.3,249.315,245.41,248.96,1214239,0.0
2019-02-26,247.55,249.87,246.48,249.77,825271,0.0
2019-02-27,249.35,250.41,246.88,247.14,928320,0.0
2019-02-28,250.27,252.02,248.63,250.46,1372387,0.0
2019-03-03,250.68,252.2,245.03,249.21,1046547,0.0
2019-03-04,248.19,249,245.89,247.09,1128021,0.0
2019-03-05,247.34,249.04,244.7199,246.95,650323,0.0
2019-03-06,246.17,247.47,244.26,245.42,765648,0.0
2019-03-07,242.82,246.075,240.0102,245.97,906637,0.0
2019-03-10,247.46,250.74,246.53,250.52,1130177,0.0
2019-03-11,249.755,251.88,248.4,250.26,1024583,0.0
2019-03-12,251.09,255.76,251.09,253.66,1133023,0.0
2019-03-13,252.96,256.91,252.89,256.86,1113208,0.0
2019-03-14,258.385,259.86,257.385,258.17,1981324,0.0
2019-03-17,258.85,259.75,256.42,257.73,1276691,0.0
2019-03-18,258.62,259.245,254.58,256.13,1188791,0.0
2019-03-19,256.18,257.67,253.93,255.87,805053,0.0
2019-03-20,254.63,260.71,254.63,260.62,936401,0.0
2019-03-21,258.36,259.63,252.47,252.5,1223314,0.0
2019-03-24,252.36,254.11,250.72,253.84,1399713,0.0
2019-03-25,255.66,257.51,254.28,256.08,751497,0.0
2019-03-26,257.72,258.26,253.13,255.37,837883,0.0
2019-03-27,256.55,259.74,255.18,259.25,1055027,0.0
2019-03-28,260.24,261.63,258.979,261.48,916671,0.0
2019-03-31,264.52,266.32,261.32,265.76,432047,0.0
2019-04-01,269.13,269.175,264.82,268.27,1037223,0.0
2019-04-02,270.23,272.14,268.42,269.12,1383039,0.0
2019-04-03,269.35,269.93,258.61,262.68,1634254,0.0
2019-04-04,263.42,264.66,260.99,261.7,986617,0.0
2019-04-07,261.8,262.275,257.62,260.76,1351488,0.0
2019-04-08,258.42,261.215,258.42,258.88,832483,0.0
2019-04-09,259.92,261,257.73,259.09,1812079,0.0
2019-04-10,260.74,260.7425,258.71,259.59,1122764,0.0
2019-04-11,260.93,261.84,258.285,260.04,1716661,0.0
2019-04-14,260.49,261.55,259.69,260.87,1237348,0.0
2019-04-15,261.8,262.11,256.14,257.97,923270,0.0
2019-04-16,259.72,260.05,255.15,256.3,1277791,0.0
2019-04-17,258.22,258.22,254.6,257.76,1170095,0.0
2019-04-21,256.11,261.76,255.83,261.58,952561,0.0
2019-04-22,262.02,266.42,262.02,265.69,1136809,0.0
2019-04-23,266.41,267.34,263.86,263.92,765436,0.0
2019-04-24,264.01,264.33,260.44,263.77,852816,0.0
2019-04-25,246.42,253.81,238.295,253.57,5227197,0.0
2019-04-28,252.77,255.2,246.09,247.63,2112662,0.0
2019-04-29,248.38,251.71,247.68,250.98,1206716,0.0
2019-04-30,252.49,252.67,243.5748,243.8,1188797,0.0
2019-05-01,243.6,247.9,243.1104,245.95,1349760,0.0
2019-05-02,246.11,250.18,246.04,248.86,1039137,0.0
2019-05-05,244.01,248.94,243.53,248.47,603682,0.0
2019-05-06,245,247.025,241.61,244.5,995288,0.0
2019-05-07,243.42,245.95,241.92,244.09,1325189,0.0
2019-05-08,241.79,243.12,237.719,241.3,1401432,0.0
2019-05-09,240.56,245.6,237.66,244.64,1187702,0.0
2019-05-12,237.94,241.11,236.03,236.92,1079619,0.0
2019-05-13,238.41,243.35,238.1,241,1098883,0.0
2019-05-14,239.56,244.39,239.04,243.21,847975,0.0
2019-05-15,244,249.41,244,247.49,865660,0.0
2019-05-16,245.6,249.76,245.13,245.45,822332,0.0
2019-05-19,242.67,245.32,240.6321,243.64,799599,0.0
2019-05-20,245.76,247.135,244.05,246.08,750411,0.0
2019-05-21,244.82,248.1,244.7,247.52,723253,0.0
2019-05-22,245.08,246.6435,240.14,241.3,1156865,0.0
2019-05-23,251.24,258.4,248.6501,257.47,2518447,0.0
2019-05-27,257.31,259.26,254.17,255.63,1789899,0.0
2019-05-28,253.96,255.57,248.58,249.62,1325580,0.0
2019-05-29,250,251.49,245.86,248.04,1032927,0.0
2019-05-30,245.2,246.66,243.59,244.84,840217,0.0
2019-06-02,245.2,248.5581,236.75,238.05,1395165,0.0
2019-06-03,241.05,247.31,237.78,247.18,1368934,0.0
2019-06-04,249.41,252.4799,248.31,252.12,937301,0.0
2019-06-05,252.84,254.38,250.11,253.2,846758,0.0
2019-06-06,254.03,260.6,253.81,257.465,1039106,0.0
2019-06-09,259.86,263.94,259.23,260.52,896303,0.0
2019-06-10,262.8,264,254.95,256.83,899993,0.0
2019-06-11,256.72,258.8,255.64,257.39,593652,0.0
2019-06-12,258.81,259.395,255.98,257.23,1610242,0.0
2019-06-13,256.37,257.34,253.95,254.13,1977210,0.0
2019-06-16,254.03,256.24,253.35,254.74,739047,0.0
2019-06-17,257.31,259.35,256.145,258.36,919052,0.0
2019-06-18,259.29,263.385,258.05,262.64,763102,0.0
2019-06-19,265.8,268.43,263.99,266.62,1063348,0.0
2019-06-20,267.84,268.07,261.47,261.5,1455767,0.0
2019-06-23,263.07,264.12,261.37,262.23,868872,0.0
2019-06-24,262.7,262.7,256.655,257.49,829226,0.0
2019-06-25,259.29,260.49,256.38,256.47,1050802,0.0
2019-06-26,257.66,259.2,256.11,258.14,902215,0.0
2019-06-27,259.05,262.01,257.75,261.31,712145,0.0
2019-06-30,266.03,266.98,263.37,264.2,822670,0.0
2019-07-01,265.16,266.36,262.7,266.24,621954,0.0
2019-07-02,267.9,270.77,265.77,270.08,555976,0.0
2019-07-04,269,270.83,265.2,270.64,631606,0.0
2019-07-07,269.46,271.31,267.79,271.08,694547,0.0
2019-07-08,269.92,270.87,268.86,270.66,857013,0.0
2019-07-09,273.06,275.92,272.76,274.73,908536,0.0
2019-07-10,275.95,278.76,274.17,278.2,1377742,0.0
2019-07-11,278.41,281.84,278.27,281.64,1018924,0.0
2019-07-14,282,282.76,280,282.55,631724,0.0
2019-07-15,281.5,282.95,280.65,280.89,995459,0.0
2019-07-16,280.9,282.37,280.11,280.62,683778,0.0
2019-07-17,279.98,283.03,279.03,282.84,915079,0.0
2019-07-18,284.55,284.55,278.64,279.25,1430868,0.0
2019-07-21,280.3,282.49,279.165,281.19,555846,0.0
2019-07-22,282.3,283.08,278.28,281.89,1078789,0.0
2019-07-23,281.17,282.64,279.71,281.36,1225082,0.0
2019-07-24,279.98,282.43,279.16,281.69,766022,0.0
2019-07-25,282.16,284.9699,281.45,283.79,572205,0.0
2019-07-28,284.29,284.88,279.52,281.29,1026134,0.0
2019-07-29,279.48,281.84,278.37,279.72,663289,0.0
2019-07-30,278.77,281.34,275.155,277.25,930596,0.0
2019-07-31,278.61,283.51,277.07,277.95,993744,0.0
2019-08-01,277.82,278.65,273.183,274.72,1231200,0.0
2019-08-04,268.98,269.74,261.94,263.5,1385546,0.0
2019-08-05,266.74,270.6435,264.87,270.08,976362,0.0
2019-08-06,265.87,269.49,263.8,268.56,1041997,0.0
2019-08-07,270.86,276.83,270.63,276.77,700499,0.0
2019-08-08,276.08,278.82,274.51,276.57,1063172,0.0
2019-08-11,274.73,276.22,271.49,272.57,743510,0.0
2019-08-12,272.38,279.54,271.87,279.2,943783,0.0
2019-08-13,274.91,276.33,267.32,267.75,953809,0.0
2019-08-14,269.6,270.69,265.88,268.35,1031155,0.0
2019-08-15,271.27,274.44,269.16,270.69,927165,0.0
2019-08-18,274.98,275.96,271.65,274.23,967180,0.0
2019-08-19,273.22,274.61,271.22,272.86,835683,0.0
2019-08-20,275.37,277.83,274.54,276.25,745246,0.0
2019-08-21,277,278,271.6,276.05,1219507,0.0
2019-08-22,290.37,295.775,277.99,278.55,3012950,0.0
2019-08-25,280,282.9,275.61,282.89,1835898,0.0
2019-08-26,283.1,284.9899,281.36,283.21,1249149,0.0
2019-08-27,281.08,282.98,273.8,281.94,1211850,0.0
2019-08-28,284.77,288.5982,283.35,286.93,985208,0.0
2019-08-29,287.25,288.99,283.97,288.4,782682,0.0
2019-09-02,285.31,289,282.14,284.2,1057585,0.0
2019-09-03,285.62,286.4,281.62,286.31,713919,0.0
2019-09-04,289.35,292.93,287.16,292.31,837851,0.0
2019-09-05,293.39,293.46,287.23,287.8,903259,0.0
2019-09-08,288.78,288.78,273.585,275.93,1794209,0.0
2019-09-09,273.8,274.51,263.88,267.56,1803430,0.0
2019-09-10,267.7,269.82,265.02,266.16,1092567,0.0
2019-09-11,268.5,271.2,267.33,268.25,1099851,0.0
2019-09-12,267.31,270.01,264.7014,265.22,819634,0.0
2019-09-15,262.81,267.23,261.685,265.93,689835,0.0
2019-09-16,265.83,268.7,265.52,268.54,768000,0.0
2019-09-17,269.39,269.39,263.823,268.26,655687,0.0
2019-09-18,268.76,272.42,268.6149,270.02,760167,0.0
2019-09-19,269.98,272.91,267.46,269.17,1366564,0.0
2019-09-22,268.39,270.99,268.21,269,697740,0.0
2019-09-23,270.76,271.665,264.01,264.77,954639,0.0
2019-09-24,264.33,267.085,260.345,266.34,837767,0.0
2019-09-25,267.08,270.63,266.42,269.57,776769,0.0
2019-09-26,271.32,271.32,259.26,263.13,839301,0.0
2019-09-29,263.5,267.27,262.41,265.79,750132,0.0
2019-09-30,267.69,268.27,263.38,264.22,802129,0.0
2019-10-01,263.21,263.21,255.47,260.47,1065599,0.0
2019-10-02,259.43,263.54,255.41,262.99,833229,0.0
2019-10-03,264.05,267.83,262.01,266.99,2181425,0.0
2019-10-06,264.9,268.1,264.86,266.77,1985247,0.0
2019-10-07,265.33,266.2,260.99,260.99,2339413,0.0
2019-10-08,262.87,265.12,262.37,263.99,1481660,0.0
2019-10-09,262.36,268.94,262.36,267.49,1761913,0.0
2019-10-10,270.4,273.81,269.42,269.92,1799709,0.0
2019-10-13,272.28,272.28,268.9,269.1,875121,0.0
2019-10-14,270.06,274.11,269.1,273.51,1485769,0.0
2019-10-15,271.52,271.688,265.81,269.23,1739921,0.0
2019-10-16,269.85,270.79,263.73,266.53,1511918,0.0
2019-10-17,267.67,267.67,260.54,262.34,2248832,0.0
2019-10-20,262.51,262.78,258.575,262.2,773711,0.0
2019-10-21,260.74,263.55,253.18,253.22,1335257,0.0
2019-10-22,253.33,258.97,252.54,256.01,1085621,0.0
2019-10-23,257.13,260.84,255.84,258.9,930683,0.0
2019-10-24,259.13,260.28,256.7,257.6,1024350,0.0
2019-10-27,259.21,259.5594,256.27,258.6,890233,0.0
2019-10-28,258.49,261.09,257.95,258.49,708196,0.0
2019-10-29,259.76,261.67,258.235,260,1437997,0.0
2019-10-30,260.14,261.57,257.14,257.5,692092,0.0
2019-10-31,259.91,260.88,256.24,256.47,673205,0.0
2019-11-03,258.17,258.61,253.78,254.03,1100883,0.0
2019-11-04,254.4,255.625,250.41,253.16,1424645,0.0
2019-11-05,253.25,255.33,251.99,253.39,868019,0.0
2019-11-06,253,260.97,252.79,259.35,1086323,0.0
2019-11-07,258.52,259.51,255.44,256.84,1191999,0.0
2019-11-10,255.65,259.4,255.47,258.06,775724,0.0
2019-11-11,258.65,262.37,258,259.99,897499,0.0
2019-11-12,259.78,262.93,259,261.67,807580,0.0
2019-11-13,261.44,264.97,260.55,264.83,823027,0.0
2019-11-14,266.35,266.9,263.86,266.17,1279449,0.0
2019-11-17,266.96,268.73,264.035,268.45,1547800,0.0
2019-11-18,269.85,272.515,267.96,272.27,1026382,0.0
2019-11-19,271.41,274.59,270.54,273.57,1240325,0.0
2019-11-20,275.11,275.7,270.01,271.53,1061038,0.0
2019-11-21,267.92,270,255.25,259.78,3570925,0.0
2019-11-24,260.86,261.01,256.338,257.08,2060332,0.0
2019-11-25,257.41,266.5,257,265.91,1488802,0.0
2019-11-26,267.28,267.59,260.69,262.17,988894,0.0
2019-11-28,261.34,262.42,258.34,258.89,576381,0.0
2019-12-01,259.11,259.93,252.651,256.55,1245169,0.0
2019-12-02,253.19,256.37,252.36,253.68,1182297,0.0
2019-12-03,255.37,255.58,252.94,254.26,1279888,0.0
2019-12-04,254.78,255.68,252.16,253.81,1018423,0.0
2019-12-05,254.77,256.29,253.73,256.18,850487,0.0
2019-12-08,256,256.88,255.41,255.77,784087,0.0
2019-12-09,256.07,256.87,252.14,252.32,788974,0.0
2019-12-10,254.14,255.61,247.795,251.93,1295415,0.0
2019-12-11,251.37,255.69,250.0234,252.75,911130,0.0
2019-12-12,252.56,260.66,250.03,259.65,1738358,0.0
2019-12-15,260.78,264.12,260.75,263.56,1374126,0.0
2019-12-16,265,265,259.14,260.5,1082217,0.0
2019-12-17,261.27,264.26,260,263.23,830364,0.0
2019-12-18,263.04,264.56,262.37,264.09,1057263,0.0
2019-12-19,265.84,267.47,264.43,267.16,1594104,0.0
2019-12-22,268.03,268.95,266.22,266.22,708636,0.0
2019-12-23,266.6,267.21,264.29,264.29,247858,0.0
2019-12-25,264.44,267.9,264.38,266.89,550747,0.0
2019-12-26,267.46,267.46,264.485,267.06,478986,0.0
2019-12-29,267.16,267.88,262.42,262.92,857482,0.0
2019-12-30,262.7,264.05,260.36,261.86,692931,0.0
2020-01-01,261.08,266.6,261.08,266.041,908929,0.0
2020-01-02,261.61,265.37,261.44,264.22,638145,0.0
2020-01-05,261.89,266.63,261.77,266.38,844001,0.0
2020-01-06,266.81,267.52,265.36,266.5,704057,0.0
2020-01-07,268,274.77,266.8,273.02,1081188,0.0
2020-01-08,274,277.27,273.57,274.9,833907,0.0
2020-01-09,276.49,276.5,273.8269,275.25,796523,0.0
2020-01-12,276.33,277.849,274.83,275.93,1472435,0.0
2020-01-13,275.63,276.305,272.09,272.75,899803,0.0
2020-01-14,273.82,276.08,272.61,273,998947,0.0
2020-01-15,274.64,276.89,273.31,276.86,672453,0.0
2020-01-16,278.49,283,276.35,282.97,1573738,0.0
2020-01-20,281.58,285.26,281.54,285.03,2488659,0.0
2020-01-21,286.13,291.49,285.88,290.51,3881281,0.0
2020-01-22,289.73,292.675,288.3619,288.61,2446208,0.0
2020-01-23,290,293,287.26,288.08,1804224,0.0
2020-01-26,281.48,285.975,281.01,283.76,717127,0.0
2020-01-27,284.41,288.53,282.94,288.14,595512,0.0
2020-01-28,289.34,289.7363,283.89,285.93,727065,0.0
2020-01-29,284.19,286.84,282.45,286.61,687014,0.0
2020-01-30,285.8,286.48,279.75,280.39,1001829,0.0
2020-02-02,283.57,285.7682,281.4651,282.86,845518,0.0
2020-02-03,287.16,292.8,284.45,290.93,831629,0.0
2020-02-04,298.82,298.82,286.615,289.83,872835,0.0
2020-02-05,291.85,294.335,289.81,294.2,834857,0.0
2020-02-06,293.17,295.77,291.1,294.71,735684,0.0
2020-02-09,295.05,298.02,294.089,297.69,815725,0.0
2020-02-10,299.9,299.96,296.5,296.92,704359,0.0
2020-02-11,297,298.87,294.63,298.675,621603,0.0
2020-02-12,297.29,300.55,296.85,297.8,521125,0.0
2020-02-13,298.56,304.44,297.46,304.3,714904,0.0
2020-02-17,303.98,304.83,302.02,303.57,669526,0.0
2020-02-18,305.5,306.8899,304.395,305.62,657899,0.0
2020-02-19,304.39,306.19,297.49,301.24,752451,0.0
2020-02-20,300.6,303.99,295.37,297.69,986132,0.0
2020-02-23,288.44,292.6951,278.01,286.49,1662750,0.0
2020-02-24,297.55,301.64,283.57,284.88,3091295,0.0
2020-02-25,286.43,290.93,278.665,280.05,2002279,0.0
2020-02-26,274.26,278.59,268.4,268.51,1966580,0.0
2020-02-27,259.62,266.12,255.59,265.94,2333903,0.0
2020-03-01,266.72,281.33,263.73,281.29,2020203,0.0
2020-03-02,280.96,284.66,264.18,268.31,1682214,0.0
2020-03-03,274.22,286.52,270.52,285.54,2221031,0.0
2020-03-04,276.14,290.22,275.14,287.19,1991275,0.0
2020-03-05,276.45,281.81,268.14,276.11,1604892,0.0
2020-03-08,258.26,269.225,250,259.48,1714348,0.0
2020-03-09,270.11,270.11,257.97,269.75,4165370,0.0
2020-03-10,263.93,266.285,256.08,260.93,3050620,0.0
2020-03-11,245.09,257.98,235.96,237.9,2481451,0.0
2020-03-12,250,261.4,235,261.37,1920164,0.0
2020-03-15,232,244.99,222.38,223.42,4324758,0.0
2020-03-16,228.51,240.78,216.18,239.21,2306013,0.0
2020-03-17,226.04,232.27,215.07,227.45,1502563,0.0
2020-03-18,224.36,224.99,210.52,216.41,3887594,0.0
2020-03-19,217.73,219.225,199.39,201.84,6956854,0.0
2020-03-22,202.34,202.34,187.675,194.72,6014740,0.0
2020-03-23,206.16,235.56,204.34,233.83,2869955,0.0
2020-03-24,229.78,240.74,223.54,232.55,2176510,0.0
2020-03-25,234.55,249.67,228.51,248.72,1737811,0.0
2020-03-26,240.0003,247.54,226.68,229.8,1830288,0.0
2020-03-29,236.99,240.4418,233.23,238.05,1097189,0.0
2020-03-30,236.29,238.42,229.62,230.19,2667720,0.0
2020-03-31,224.05,228.845,216.07,218.05,2862672,0.0
2020-04-01,216.1,228.34,215.55,225.24,1340960,0.0
2020-04-02,223.85,225.22,216.8,218.04,2009842,0.0
2020-04-05,231.28,241.69,227.17,240.02,3750650,0.0
2020-04-06,247.62,248.98,239.02,239.76,1290554,0.0
2020-04-07,241.46,247.86,240.38,245.87,1010976,0.0
2020-04-08,246.81,254.94,245.87,252.42,1360090,0.0
2020-04-12,250.71,252.77,244.56,250.11,2243847,0.0
2020-04-13,257.18,262.35,252.66,261.41,3066340,0.0
2020-04-14,256.95,257.47,250.73,251.96,2970779,0.0
2020-04-15,256.15,259.47,251.84,257.62,3431455,0.0
2020-04-16,264.73,267.33,259.01,265.35,3695214,0.0
2020-04-19,260.49,267.92,260.33,264.19,3414657,0.0
2020-04-20,259.48,260.88,246.42,249.15,3917978,0.0
2020-04-21,254.91,265.17,252.01,263.785,2385544,0.0
2020-04-22,263.03,267.8,256.98,258.06,3222195,0.0
2020-04-23,260.18,264.84,256.58,263.65,1484962,0.0
2020-04-26,267.43,273.07,265.22,271.84,2449859,0.0
2020-04-27,273.34,276.98,265.78,266.261,807459,0.0
2020-04-28,269.91,274.94,267.69,273.43,885993,0.0
2020-04-29,272.76,275.1,268.22,269.81,1900119,0.0
2020-04-30,265.33,267.53,259.75,261.13,987432,0.0
2020-05-03,259,268.01,258.3038,267.83,853940,0.0
2020-05-04,270.08,277.84,269.54,274.49,889960,0.0
2020-05-05,276.01,278.24,273.89,275.87,612325,0.0
2020-05-06,278.99,284.04,278.25,280.76,1493190,0.0
2020-05-07,282,282.96,277.16,280.38,2148836,0.0
2020-05-10,280.47,289.28,279.635,287.74,772013,0.0
2020-05-11,288.99,289.77,280.73,281.7,1613670,0.0
2020-05-12,281.58,286.17,273.55,277.25,1640633,0.0
2020-05-13,274.94,280.555,270.91,280.28,1560331,0.0
2020-05-14,277.24,285.08,276.59,284.39,660375,0.0
2020-05-17,290.87,295.37,286.41,290.4017,1890066,0.0
2020-05-18,290.89,292.98,286.54,286.75,2350746,0.0
2020-05-19,288.63,293.63,288.63,290.66,1246428,0.0
2020-05-20,291.15,293.47,286.4,290.28,1187330,0.0
2020-05-21,286.18,289.6426,280.59,287.86,3241026,0.0
2020-05-25,291.4606,291.94,280.97,282.2,1379272,0.0
2020-05-26,283.1449,283.1449,271.54,281.29,2563354,0.0
2020-05-27,282,290.24,281.38,283.87,2999198,0.0
2020-05-28,285.86,290.87,281.95,290.32,1035686,0.0
2020-05-31,289.11,291.72,288.075,290.069,1066968,0.0
2020-06-01,289.95,290,283.705,287.14,1934422,0.0
2020-06-02,288.56,290.72,285.65,290.09,824993,0.0
2020-06-03,286.93,288.46,280.96,282.75,2106806,0.0
2020-06-04,280.77,289,275.63,288.18,1582539,0.0
2020-06-07,285.36,293.29,284.11,293.07,1731034,0.0
2020-06-08,292.63,295.25,290.6,291.25,2047450,0.0
2020-06-09,293.95,298,291.1,295.87,805674,0.0
2020-06-10,293.9,294.98,277.72,277.86,1139123,0.0
2020-06-11,283.91,287.04,280.19,280.2,566650,0.0
2020-06-14,275,285.14,274.19,283.38,1487564,0.0
2020-06-15,289.98,293.4,285.42,288.47,2003302,0.0
2020-06-16,291.31,291.9,286.05,286.48,693059,0.0
2020-06-17,285.01,287.91,282.37,287.19,927962,0.0
2020-06-18,289.53,291.99,285.27,286.455,3390561,0.0
2020-06-21,285.8,294.2,285.29,294.06,993570,0.0
2020-06-22,294.98,296.49,292.44,293.84,928890,0.0
2020-06-23,291.44,296,284.2,285.84,733033,0.0
2020-06-24,286.25,289.34,281.98,288.74,633630,0.0
2020-06-25,286.5,289.995,283.92,286.49,839899,0.0
2020-06-28,285.81,289.78,281.75,288.16,798158,0.0
2020-06-29,289.15,297.92,288,296.28,1054104,0.0
2020-06-30,297.41,304.92,297.02,302.44,1428242,0.0
2020-07-01,304.85,307.78,303.11,305.05,985985,0.0
