Date,Open,High,Low,Close,Volume,OpenInterest
2016-07-13,21.95,21.98,21.63,21.68,7146287,0.0
2016-07-14,21.73,21.78,21.31,21.39,6023953,0.0
2016-07-17,21.4,22.35,21.4,22.15,8767779,0.0
2016-07-18,21.85,22.6,21.85,22.42,10794161,0.0
2016-07-19,22.52,22.9,22.32,22.66,11559104,0.0
2016-07-20,22.87,22.87,21.94,21.99,11332538,0.0
2016-07-21,22.06,22.06,21.65,21.915,6529786,0.0
2016-07-24,22,22.02,21.51,21.84,4528310,0.0
2016-07-25,21.85,22.65,21.74,22.49,9644126,0.0
2016-07-26,22.5,22.64,22.2,22.36,4982760,0.0
2016-07-27,22.2,22.27,21.97,22.13,4890960,0.0
2016-07-28,22.11,22.13,21.55,21.645,7932114,0.0
2016-07-31,21.69,22.13,21.66,21.83,6572118,0.0
2016-08-01,21.86,21.98,21.56,21.79,4586236,0.0
2016-08-02,21.65,21.78,21.51,21.73,5696636,0.0
2016-08-03,21.66,21.73,21.22,21.37,8928864,0.0
2016-08-04,21.5,22.1725,21.29,21.85,7713328,0.0
2016-08-07,21.82,22.37,21.55,22.35,9095144,0.0
2016-08-08,22.36,22.69,22.05,22.37,18161824,0.0
2016-08-09,24.11,24.6,23.26,23.41,29535049,0.0
2016-08-10,23.65,24,23.07,23.29,16610806,0.0
2016-08-11,23.27,24.89,22.93,24.66,26770061,0.0
2016-08-14,24.86,25.62,24.85,25.32,15509262,0.0
2016-08-15,25.57,25.58,24.75,25.02,12799416,0.0
2016-08-16,24.9,25.44,24.8,25.38,11490061,0.0
2016-08-17,25.36,25.52,25.12,25.4,9611044,0.0
2016-08-18,26.15,26.2,25.7,25.905,17319087,0.0
2016-08-21,25.95,25.99,25.52,25.765,7043305,0.0
2016-08-22,25.81,26.3,25.785,25.93,8128803,0.0
2016-08-23,25.97,26.08,25.51,25.56,8494117,0.0
2016-08-24,25.4,25.7,25.295,25.41,8498368,0.0
2016-08-25,25.46,25.99,25.42,25.79,9107054,0.0
2016-08-28,25.85,25.85,25.47,25.61,4876233,0.0
2016-08-29,25.71,25.95,25.495,25.58,5822637,0.0
2016-08-30,25.5,25.695,25.2,25.42,8952709,0.0
2016-08-31,25.43,25.73,25.33,25.71,4775455,0.0
2016-09-01,25.9,26.07,25.52,25.55,9133928,0.0
2016-09-05,25.72,27,25.72,26.53,17144801,0.0
2016-09-06,26.57,26.78,26.48,26.55,8542971,0.0
2016-09-07,26.6,27.08,26.55,26.85,8189440,0.0
2016-09-08,26.82,26.95,26.34,26.37,13035434,0.0
2016-09-11,25.6,26.575,25.55,26.49,11713343,0.0
2016-09-12,26.22,26.575,26.11,26.53,10247041,0.0
2016-09-13,26.59,26.69,25.71,26.01,15908127,0.0
2016-09-14,26,26.13,25.62,26.12,11076381,0.0
2016-09-15,26.23,26.55,26.01,26.23,8276304,0.0
2016-09-18,26.34,26.48,25.93,26.05,7688223,0.0
2016-09-19,25.88,26.16,25.68,25.85,8221915,0.0
2016-09-20,25.94,26.03,25.54,25.88,12163085,0.0
2016-09-21,26,26.4,25.86,26.3,16268537,0.0
2016-09-22,26.32,26.99,26.18,26.835,12357577,0.0
2016-09-25,26.54,26.61,26.35,26.54,10587775,0.0
2016-09-26,26.6,27.29,26.55,26.68,11629423,0.0
2016-09-27,26.64,26.87,26.01,26.28,8364425,0.0
2016-09-28,26.22,26.48,25.8,25.98,11889694,0.0
2016-09-29,26.01,26.32,25.92,26.09,5802484,0.0
2016-10-02,26.03,26.13,25.7,26.11,8618078,0.0
2016-10-03,26.15,29.235,26.125,27.49,28336755,0.0
2016-10-04,27.59,28.09,27.28,27.93,22435539,0.0
2016-10-05,28.45,28.53,26.96,27.39,14510517,0.0
2016-10-06,27.4,27.5,26.8,27.03,8947891,0.0
2016-10-09,27.04,27.51,26.77,27.29,7316384,0.0
2016-10-10,27.24,27.405,26.58,26.75,6028148,0.0
2016-10-11,26.61,26.82,26.34,26.59,7640546,0.0
2016-10-12,26.15,26.27,25.53,26.27,11831937,0.0
2016-10-13,26.72,26.78,26.27,26.51,6403328,0.0
2016-10-16,26.3,26.84,26.14,26.3,5057556,0.0
2016-10-17,26.78,26.79,26.2,26.25,4757122,0.0
2016-10-18,26.36,26.58,26.09,26.3,4981401,0.0
2016-10-19,26.17,26.855,26.17,26.66,7406323,0.0
2016-10-20,26.61,26.9,26.58,26.86,4764180,0.0
2016-10-23,27,27.12,26.09,26.49,11199515,0.0
2016-10-24,26.55,26.69,26.25,26.42,4228132,0.0
2016-10-25,26.32,26.57,26.14,26.48,4207037,0.0
2016-10-26,26.59,26.68,25.73,25.875,8092332,0.0
2016-10-27,25.75,26.05,25.38,25.9,7497818,0.0
2016-10-30,26.03,26.44,25.93,25.96,4652444,0.0
2016-10-31,25.9,26.04,25.18,25.3,8727420,0.0
2016-11-01,25.44,25.5,24.37,24.74,12988761,0.0
2016-11-02,24.54,25.05,24.51,24.68,6074913,0.0
2016-11-03,24.57,24.77,24.31,24.65,6504226,0.0
2016-11-06,25.18,25.715,25,25.47,7311506,0.0
2016-11-07,25.51,25.55,25.015,25.44,4774075,0.0
2016-11-08,24.6,25.58,24.6,25.13,5869152,0.0
2016-11-09,25.5,25.5,23.88,24.39,9271785,0.0
2016-11-10,24.25,24.52,23.68,24.04,11374575,0.0
2016-11-13,24.23,24.23,23.375,23.71,14423311,0.0
2016-11-14,25.69,26.96,25.29,26.41,35486410,0.0
2016-11-15,25.62,26.6,25.62,26.5,8310632,0.0
2016-11-16,26.5,26.93,26.33,26.75,7708609,0.0
2016-11-17,26.75,26.89,26.255,26.45,4513944,0.0
2016-11-20,26.5,26.5601,25.89,26,6781561,0.0
2016-11-21,26,26.135,25.64,25.81,6532315,0.0
2016-11-22,25.76,25.95,25.65,25.74,5465369,0.0
2016-11-24,25.89,25.99,25.43,25.54,6124813,0.0
2016-11-27,25.56,25.945,25.5399,25.83,8547983,0.0
2016-11-28,25.84,27.7,25.75,26.85,27192669,0.0
2016-11-29,26.83,27.4,26.665,26.88,12181882,0.0
2016-11-30,26.79,26.95,26.18,26.3,10286031,0.0
2016-12-01,26.32,26.45,25.72,25.88,8313293,0.0
2016-12-04,25.86,26.315,25.58,25.955,6573300,0.0
2016-12-05,26.09,26.26,25.77,25.83,4300696,0.0
2016-12-06,25.76,27.19,25.72,26.98,16770536,0.0
2016-12-07,26.99,27.2,26.69,26.9625,7420998,0.0
2016-12-08,26.87,26.97,26.265,26.83,7339550,0.0
2016-12-11,26.38,26.62,25.82,26.16,5864140,0.0
2016-12-12,26.31,26.92,25.92,26.65,6536912,0.0
2016-12-13,26.69,27.38,26.51,26.96,9868426,0.0
2016-12-14,26.74,26.74,25.58,25.76,8508930,0.0
2016-12-15,25.73,26.16,25.57,25.61,5846510,0.0
2016-12-18,25.6,25.64,25.25,25.38,3741258,0.0
2016-12-19,25.72,25.72,25.31,25.52,3791016,0.0
2016-12-20,25.42,25.96,25.42,25.88,3402797,0.0
2016-12-21,25.86,25.9,25.49,25.62,3261811,0.0
2016-12-22,25.51,25.85,25.34,25.49,3050460,0.0
2016-12-26,25.52,26.21,25.455,25.93,2905050,0.0
2016-12-27,26.09,26.195,25.61,25.74,2587251,0.0
2016-12-28,25.76,25.9115,25.56,25.64,3106213,0.0
2016-12-29,25.68,25.84,25.285,25.44,3112590,0.0
2017-01-02,25.95,26.11,25.64,25.8,7648046,0.0
2017-01-03,26.05,26.085,25.585,25.84,7422329,0.0
2017-01-04,26.19,26.8,26.05,26.3,9627543,0.0
2017-01-05,26.3,26.41,25.92,26.27,5684518,0.0
2017-01-08,26.64,26.95,26.14,26.25,7500089,0.0
2017-01-09,26.3,27.1,26.25,26.9,19564386,0.0
2017-01-10,26.76,27.18,26.445,26.77,4924961,0.0
2017-01-11,26.83,26.83,26.48,26.6,4297998,0.0
2017-01-12,26.77,26.9,26.52,26.86,5338226,0.0
2017-01-16,26.82,27.65,26.71,27.205,7207788,0.0
2017-01-17,27.34,27.5,26.86,27.15,5629819,0.0
2017-01-18,27.3,27.84,27.13,27.75,8720306,0.0
2017-01-19,27.96,28.14,27.54,27.61,6273619,0.0
2017-01-22,27.5,28.27,27.46,28.18,8790553,0.0
2017-01-23,28.5,28.91,28.22,28.53,12150494,0.0
2017-01-24,28.77,28.84,28.3538,28.59,6952911,0.0
2017-01-25,28.8,28.8,28.18,28.33,4463857,0.0
2017-01-26,28.35,28.5,28.12,28.35,2884006,0.0
2017-01-29,28.17,28.64,28.06,28.57,3203683,0.0
2017-01-30,28.32,28.46,28.01,28.4,3821606,0.0
2017-01-31,28.59,28.59,28.02,28.12,3779797,0.0
2017-02-01,28,28.21,27.88,28.17,3932029,0.0
2017-02-02,28.28,28.4,28.08,28.32,3298858,0.0
2017-02-05,28.64,28.8,28.35,28.55,3518259,0.0
2017-02-06,28.66,28.94,28.46,28.8,4466102,0.0
2017-02-07,28.81,29.06,28.63,28.97,3368413,0.0
2017-02-08,28.96,29.2,28.76,29.01,5684417,0.0
2017-02-09,29.21,29.525,29.01,29.38,3924417,0.0
2017-02-12,29.52,29.65,29.105,29.51,5256677,0.0
2017-02-13,29.48,29.74,29.28,29.43,2994112,0.0
2017-02-14,29.5,30.25,29.4,30.15,6937403,0.0
2017-02-15,30.32,30.57,30.03,30.22,7252421,0.0
2017-02-16,29.57,30.27,29.51,29.85,5843115,0.0
2017-02-20,30,30.285,29.81,30.23,4730637,0.0
2017-02-21,30.27,30.67,30.1,30.47,6045664,0.0
2017-02-22,30.75,30.88,30.23,30.61,8316112,0.0
2017-02-23,30.5,30.52,30.03,30.27,3834057,0.0
2017-02-26,30.3,30.91,30.25,30.81,5564725,0.0
2017-02-27,30.98,31.16,30.36,30.57,7616053,0.0
2017-02-28,30.83,30.99,30.56,30.65,6659921,0.0
2017-03-01,31.74,32.47,30.48,30.93,19230856,0.0
2017-03-02,31.32,31.58,30.87,30.92,8379485,0.0
2017-03-05,30.97,30.98,30.24,30.41,7224240,0.0
2017-03-06,30.2,30.94,29.96,30.755,6842711,0.0
2017-03-07,30.61,31.64,30.6,31.34,7257648,0.0
2017-03-08,31.15,31.51,30.96,31.21,5128865,0.0
2017-03-09,31.35,31.55,30.945,31.05,4681260,0.0
2017-03-12,31.27,31.82,31.15,31.69,5905747,0.0
2017-03-13,31.46,31.59,31.11,31.36,3951757,0.0
2017-03-14,31.35,31.53,31.08,31.38,3964024,0.0
2017-03-15,31.87,32.21,31.44,31.53,5756320,0.0
2017-03-16,31.77,31.77,31.34,31.55,5114207,0.0
2017-03-19,31.57,31.87,31.54,31.72,3848702,0.0
2017-03-20,31.88,31.93,30.14,30.31,8552722,0.0
2017-03-21,30.18,30.61,29.88,30.58,5441151,0.0
2017-03-22,30.85,31.35,30.61,31.3,5075582,0.0
2017-03-23,31.42,31.84,31.1,31.255,5304261,0.0
2017-03-26,31,31.55,30.76,31.38,3694955,0.0
2017-03-27,31.33,32,31.21,31.465,5345224,0.0
2017-03-28,31.5,31.67,31.425,31.575,2790093,0.0
2017-03-29,31.5,31.89,31.47,31.56,4448727,0.0
2017-03-30,31.4,31.56,31.085,31.12,4602229,0.0
2017-04-02,31.43,32.1,31.27,31.92,7396548,0.0
2017-04-03,31.8,31.89,31.23,31.43,4134026,0.0
2017-04-04,31.58,32.06,31.44,31.53,4914256,0.0
2017-04-05,31.69,32.26,31.49,32.24,5326266,0.0
2017-04-06,32.2,32.25,31.57,32.015,5140171,0.0
2017-04-09,32.16,32.92,32.15,32.665,7754530,0.0
2017-04-10,32.7,33.281,32.22,32.3,7487153,0.0
2017-04-11,32.31,32.88,32.31,32.705,5229229,0.0
2017-04-12,32.74,32.87,32.45,32.455,2682549,0.0
2017-04-16,32.67,33.0899,32.58,32.72,3650156,0.0
2017-04-17,32.67,33.005,32.55,32.84,3883350,0.0
2017-04-18,33.16,34,33.1,33.36,9085326,0.0
2017-04-19,34.04,34.14,33.45,33.96,7371937,0.0
2017-04-20,34.14,34.725,34,34.345,10846636,0.0
2017-04-23,34.78,34.94,34.36,34.56,7438921,0.0
2017-04-24,35,35.07,34.88,34.95,6337377,0.0
2017-04-25,35.06,35.075,34.8,34.94,4423378,0.0
2017-04-26,35.05,35.32,34.97,35.295,4582137,0.0
2017-04-27,35.5,35.5,34.73,35.08,4095151,0.0
2017-04-30,35.14,35.45,35.02,35.34,5273511,0.0
2017-05-01,35.35,35.565,34.87,35.445,4820964,0.0
2017-05-02,35.53,35.53,34.51,35.15,7295875,0.0
2017-05-03,35.26,35.495,34.9578,35.38,8564426,0.0
2017-05-04,35.5,35.9,35.16,35.79,7631898,0.0
2017-05-07,37.88,39.09,37.69,38.58,27052393,0.0
2017-05-08,38.84,38.99,38.28,38.52,14436152,0.0
2017-05-09,38.55,39.36,38.42,39.31,15903233,0.0
2017-05-10,39.15,40,38.75,39.75,12168187,0.0
2017-05-11,39.82,40.72,39.77,40.565,13102083,0.0
2017-05-14,40.99,41.0118,39.91,40.23,10233239,0.0
2017-05-15,40.28,41,40.23,40.77,13365320,0.0
2017-05-16,40.2,40.96,39.96,40.03,9202229,0.0
2017-05-17,39.09,40.395,38.59,40.16,11173896,0.0
2017-05-18,40.47,41.72,40.42,41.07,10742997,0.0
2017-05-21,41.61,41.97,41.2,41.66,10230117,0.0
2017-05-22,41.98,41.98,40.32,40.72,10500237,0.0
2017-05-23,40.86,40.893,39.77,40.43,9466372,0.0
2017-05-24,41,41.35,40.715,41.02,7982350,0.0
2017-05-25,40.93,41.1,40.615,40.99,6170972,0.0
2017-05-29,41.1,41.1,40.37,40.78,4395607,0.0
2017-05-30,40.72,40.79,39.69,40.045,11571348,0.0
2017-05-31,40.21,40.47,39.98,40.29,9357657,0.0
2017-06-01,40.32,40.37,39.86,40.23,8176180,0.0
2017-06-04,40.32,40.53,40.07,40.31,5097934,0.0
2017-06-05,40.2,40.55,40.07,40.165,5854990,0.0
2017-06-06,40.3,41.43,40.15,41.18,6544198,0.0
2017-06-07,43.41,43.8,41.22,41.92,20286820,0.0
2017-06-08,42.49,42.51,38.46,39,21325774,0.0
2017-06-11,39,39.62,37.98,39.22,16671619,0.0
2017-06-12,39.83,40.14,38.9365,39.27,9275257,0.0
2017-06-13,39.57,39.57,38.2,38.4,13401448,0.0
2017-06-14,38.01,38.14,36.77,38.12,15272546,0.0
2017-06-15,37.92,38.585,37.73,38.17,8339105,0.0
2017-06-18,39.45,40.32,39.35,39.74,14177355,0.0
2017-06-19,39.6,39.84,38.75,38.9,7507507,0.0
2017-06-20,39.19,41.27,38.95,41.09,14599438,0.0
2017-06-21,40.62,41.45,40.6,41.33,9684069,0.0
2017-06-22,41.3,43.06,41,42.95,14718501,0.0
2017-06-25,43.31,44.18,42.0502,43.08,14937894,0.0
2017-06-26,42.79,42.95,40.53,40.68,14649521,0.0
2017-06-27,41.49,41.52,39.63,41.27,12709134,0.0
2017-06-28,41.15,41.19,39.22,39.49,13535988,0.0
2017-06-29,39.86,39.95,38.74,39.225,11302179,0.0
2017-07-02,39.83,39.83,38.75,38.85,5069116,0.0
2017-07-04,38.95,39.9201,38.51,39.77,10268709,0.0
2017-07-05,39.21,39.49,38.71,39.1,7692938,0.0
2017-07-06,39.1,39.66,39.1,39.21,6004831,0.0
2017-07-09,39.25,40.635,39.21,40.43,8487122,0.0
2017-07-10,40.59,41.335,40.32,40.81,7240779,0.0
2017-07-11,41.26,41.98,41.2,41.445,7236436,0.0
2017-07-12,41.5,41.91,41.01,41.43,4334475,0.0
2017-07-13,41.38,42.135,41.175,42.01,6538052,0.0
2017-07-16,42.05,42.14,40.97,41.62,6738156,0.0
2017-07-17,41.6,43.1,41.34,42.99,9079559,0.0
2017-07-18,43.4,44.09,42.7707,43.2001,10961136,0.0
2017-07-19,43.26,43.49,42.515,42.92,5138247,0.0
2017-07-20,43,43.235,42.4,43.09,3413636,0.0
2017-07-23,43.14,43.68,43.05,43.55,3648466,0.0
2017-07-24,43.76,44.73,43.27,44.46,7649598,0.0
2017-07-25,44.76,46.85,44.6196,45.86,14493710,0.0
2017-07-26,46.5,46.85,43.88,45.15,13637993,0.0
2017-07-27,44.7,45.9608,44.2,45.2,7982209,0.0
2017-07-30,45.25,45.9838,44.44,45.17,9859383,0.0
2017-07-31,45.82,45.91,45.25,45.56,5283088,0.0
2017-08-01,45.48,45.75,44.16,45.24,7018158,0.0
2017-08-02,45.48,45.73,44.66,45.31,7220889,0.0
2017-08-03,45.6,46.415,45.34,46.4,5067074,0.0
2017-08-06,46.63,47.95,46.27,47.56,9596966,0.0
2017-08-07,47.9,48.99,47.63,48.15,12870494,0.0
2017-08-08,47.64,47.88,46.89,47.85,8682955,0.0
2017-08-09,47.5,47.85,45.76,46.071,11213893,0.0
2017-08-10,45.5,46.2134,44.91,45.88,14166505,0.0
2017-08-13,45.19,45.45,43.06,44.25,31008702,0.0
2017-08-14,44.94,44.98,43.26,44.05,17347888,0.0
2017-08-15,44.47,44.95,43.46,43.65,12776993,0.0
2017-08-16,43.04,43.15,40.75,40.78,28166781,0.0
2017-08-17,41.09,41.17,39.93,40.12,17374860,0.0
2017-08-20,40.4,41.47,40.21,41.265,15532996,0.0
2017-08-21,41.87,42.215,41.15,42.15,14393853,0.0
2017-08-22,42.11,43.06,41.85,42.44,12309152,0.0
2017-08-23,42.81,42.96,41.45,42.07,10985421,0.0
2017-08-24,42.04,42.14,40.36,40.85,13475959,0.0
2017-08-27,40.98,41.1217,39.43,40.34,13394481,0.0
2017-08-28,39.4,41.07,39.33,40.84,8006724,0.0
2017-08-29,40.9,42.05,40.895,41.94,8605582,0.0
2017-08-30,42.38,42.51,41.397,41.8942,8580568,0.0
2017-08-31,41.93,42.49,41.68,42,5176526,0.0
2017-09-04,41.525,41.88,40.97,41.39,8725375,0.0
2017-09-05,41.7,42.18,41.135,41.63,7049344,0.0
2017-09-06,41.73,42.133,41.57,41.82,4836859,0.0
2017-09-07,41.76,41.97,41.07,41.14,6294119,0.0
2017-09-10,41.71,42.5,41.71,42.05,8499756,0.0
2017-09-11,42.36,43.5,41.81,43.3,12853315,0.0
2017-09-12,43.45,45.28,43.36,45.27,17385997,0.0
2017-09-13,44.88,45.93,44.52,45.25,11641670,0.0
2017-09-14,45.47,45.6,44.7,45,9832662,0.0
2017-09-17,45.36,45.83,44.71,44.74,10235986,0.0
2017-09-18,45,45.035,43.83,44.31,8327348,0.0
2017-09-19,44.39,44.55,43.715,44.43,7242810,0.0
2017-09-20,43.9,43.96,42.41,42.96,13278204,0.0
2017-09-21,42.48,42.68,42.16,42.35,10549345,0.0
2017-09-24,42.04,42.09,40.47,40.93,15306680,0.0
2017-09-25,41.56,41.78,40.11,40.32,13515713,0.0
2017-09-26,40.71,40.84,39.33,39.7,18489211,0.0
2017-09-27,39.49,39.5,38.21,38.63,22343150,0.0
2017-09-28,38.375,38.83,37.82,38.21,21449679,0.0
2017-10-01,38.4,39.94,38.3,39.11,17545963,0.0
2017-10-02,39.92,40.23,39.1,39.21,13460293,0.0
2017-10-03,39.21,39.21,37.61,38.33,19753170,0.0
2017-10-04,38.62,39.2662,38.21,39.14,10262415,0.0
2017-10-05,38.98,39.7187,38.9328,39.23,8463119,0.0
2017-10-08,39.4,39.47,38.69,38.905,8716630,0.0
2017-10-09,39.29,40.29,39.1,40.18,15301787,0.0
2017-10-10,40.36,40.42,39.52,39.62,13094642,0.0
2017-10-11,39.6,39.62,38.4401,38.46,13080800,0.0
2017-10-12,38.71,38.97,38.44,38.71,10378089,0.0
2017-10-15,40.14,40.15,38.96,39.68,18366578,0.0
2017-10-16,39.92,40.15,39.37,39.59,10272716,0.0
2017-10-17,40,40.77,39.57,40.32,17398284,0.0
2017-10-18,39.8,40.18,39.21,39.38,14776050,0.0
2017-10-19,39.7,39.75,38.69,39,18530490,0.0
2017-10-22,39.15,39.2,38.33,38.43,12365566,0.0
2017-10-23,38.66,38.815,38.46,38.51,10897671,0.0
2017-10-24,38.55,38.97,37.13,37.39,20079005,0.0
2017-10-25,37.56,37.68,36.71,36.8,16986602,0.0
2017-10-26,37.01,37.47,35.79,37.35,21581278,0.0
2017-10-29,37.81,37.87,36.94,37.42,14340324,0.0
2017-10-30,37.84,38.03,37.275,37.52,12573480,0.0
2017-10-31,38,38.31,37.72,37.84,13925763,0.0
2017-11-01,38.24,38.67,37.6652,37.88,15996194,0.0
2017-11-02,38.4,38.61,38.21,38.43,13309115,0.0
2017-11-05,39.01,39.18,38.6,39.01,12787653,0.0
2017-11-06,39.69,39.9,39.09,39.79,13132629,0.0
2017-11-07,39.91,40.83,39.85,40.33,15498621,0.0
2017-11-08,40.19,40.22,38.89,39.8,15150142,0.0
2017-11-09,39.83,40.4,39.17,39.95,15235114,0.0
2017-11-12,41.97,42.77,40.85,41.35,36806644,0.0
2017-11-13,40.96,41.05,38.25,38.89,33499955,0.0
2017-11-14,38.5,39.38,37.79,39.35,17900947,0.0
2017-11-15,39.64,40.58,39.34,40.21,16040765,0.0
2017-11-16,40.34,40.73,39.95,40.25,13730064,0.0
2017-11-19,40.37,40.445,38.9,39.19,18276060,0.0
2017-11-20,39.495,40.37,39.495,39.89,12516644,0.0
2017-11-21,40.2,40.4599,39.45,39.78,8483815,0.0
2017-11-23,39.72,39.73,39.05,39.2,6459536,0.0
2017-11-26,39,39.13,38.52,38.64,7615968,0.0
2017-11-27,38.76,38.96,38.3,38.57,7321170,0.0
2017-11-28,38.4,38.61,37.1,37.83,15195289,0.0
2017-11-29,37.95,38,37.12,37.46,14220995,0.0
2017-11-30,37.02,37.68,36.54,37.27,11926344,0.0
2017-12-03,37.77,38.25,36.66,36.76,11843985,0.0
2017-12-04,36.04,37.6299,35.81,37.3,14302944,0.0
2017-12-05,36.71,37.85,36.55,37.82,13125213,0.0
2017-12-06,37.83,38.33,37.73,38.13,10679352,0.0
2017-12-07,38.41,38.78,37.92,38,8422718,0.0
2017-12-10,38.05,38.55,37.61,38.47,8147221,0.0
2017-12-11,38.24,38.815,38.03,38.56,8268571,0.0
2017-12-12,39.01,40.91,38.9,40.795,23601010,0.0
2017-12-13,40.34,40.99,39.88,40.63,15844140,0.0
2017-12-14,40.38,40.59,39.9,40.215,13229836,0.0
2017-12-17,42,42.09,41.36,41.705,17268845,0.0
2017-12-18,41.61,43.48,41.61,42.97,29175008,0.0
2017-12-19,42.66,43.09,41.44,42.16,19856404,0.0
2017-12-20,42.2,42.7,41.97,42.26,6434487,0.0
2017-12-21,42.31,42.86,41.9,42.17,6299501,0.0
2017-12-25,41.96,42.42,41.645,42.14,4839882,0.0
2017-12-26,42.18,42.63,41.71,42.29,6453987,0.0
2017-12-27,42.31,42.47,41.6,41.62,6174688,0.0
2017-12-28,41.67,41.861,41.3065,41.42,4295723,0.0
2018-01-01,42.14,43.5,41.9,43.29,13011966,0.0
2018-01-02,43.72,43.9,43.1114,43.5,7541410,0.0
2018-01-03,43.96,44.08,43.13,43.66,8962119,0.0
2018-01-04,44,45.83,43.89,45.65,15627871,0.0
2018-01-07,45.675,46.5,45.56,46.11,11885418,0.0
2018-01-08,46.49,46.8,45.79,46.13,11224719,0.0
2018-01-09,45.44,46.5,45.17,46.44,10838193,0.0
2018-01-10,46.5,46.73,45.82,46.61,8417630,0.0
2018-01-11,46.68,47.23,46.285,46.38,8334640,0.0
2018-01-15,47.32,47.4,45.92,46.44,12106238,0.0
2018-01-16,46.9,46.93,46.02,46.61,6027112,0.0
2018-01-17,46.69,46.8,45.6,45.9,9141401,0.0
2018-01-18,46.15,46.4,45.57,46.005,5429403,0.0
2018-01-21,45.51,45.6,43.34,45.25,16590954,0.0
2018-01-22,45.35,45.7,44.34,45.17,11620393,0.0
2018-01-23,45.43,47.94,45.42,46.74,17334879,0.0
2018-01-24,46.74,47.74,46.35,47.39,13238667,0.0
2018-01-25,48.23,50.55,48.1057,50.53,23531235,0.0
2018-01-28,50.6,50.68,49.71,49.94,13499485,0.0
2018-01-29,48.75,49.43,48.22,49.26,11029173,0.0
2018-01-30,49.74,50.17,49.035,49.25,9926143,0.0
2018-01-31,46.89,49.25,45.5,47.54,17119390,0.0
2018-02-01,47.99,48.02,45.92,46.03,13348156,0.0
2018-02-04,45.03,47.64,44.11,44.59,16690755,0.0
2018-02-05,43.08,45.3,42.6,45.04,18450689,0.0
2018-02-06,44.97,45.33,44.22,44.39,12332490,0.0
2018-02-07,44.84,44.84,42.17,42.19,14592002,0.0
2018-02-08,42.62,43.41,40.93,42.93,16415606,0.0
2018-02-11,43.68,44.095,43.04,43.73,10188770,0.0
2018-02-12,43.77,44.74,43.57,44.54,7566344,0.0
2018-02-13,44.84,47.25,44.72,46.87,14827111,0.0
2018-02-14,47.75,47.91,46.26,47.11,8950122,0.0
2018-02-15,47.1,47.3,46.3,46.42,6547270,0.0
2018-02-19,46.34,47.92,46.3,46.91,8166482,0.0
2018-02-20,47.53,48.8,47.13,47.16,12670505,0.0
2018-02-21,47.93,48.01,47.16,47.8,8530474,0.0
2018-02-22,48.22,48.36,47.48,48.35,8629123,0.0
2018-02-25,48.99,49,48.19,48.8,7253777,0.0
2018-02-26,48.57,48.72,46.99,47.03,11019440,0.0
2018-02-27,47.46,48.18,46.8,47.15,10614030,0.0
2018-02-28,47.1,47.65,45.05,46.19,13820339,0.0
2018-03-01,42.93,43.99,41.8,43.8,30169908,0.0
2018-03-04,43.45,43.65,41.89,42.98,18031878,0.0
2018-03-05,43.53,43.71,42.69,43.13,11897423,0.0
2018-03-06,42.8,44.54,42.61,44.411,10372533,0.0
2018-03-07,44.51,45.71,44.5,45.3801,12818635,0.0
2018-03-08,45.79,46.13,45.29,45.71,8694738,0.0
2018-03-11,46.02,46.31,45.45,46.01,7959148,0.0
2018-03-12,46,46,43.9,44.32,14318391,0.0
2018-03-13,44.77,45.15,44.05,44.09,10456341,0.0
2018-03-14,45.08,45.48,44.38,44.94,12545058,0.0
2018-03-15,44.99,45.22,44.75,44.96,7731837,0.0
2018-03-18,44.26,44.69,43.43,44.145,11968053,0.0
2018-03-19,44.24,44.36,43.75,44,7598022,0.0
2018-03-20,44.36,44.67,43.4,43.51,10641423,0.0
2018-03-21,42.94,43.06,41.6,42.51,16394260,0.0
2018-03-22,42.3,42.89,40.661,40.8659,16051746,0.0
2018-03-25,41.97,42.4,41,41.84,10873777,0.0
2018-03-26,42.2,42.29,40.33,40.71,11801707,0.0
2018-03-27,40.45,40.45,39.1201,40.01,19187263,0.0
2018-03-28,40.24,41,40.18,40.49,9439496,0.0
2018-04-01,40.09,40.52,38.68,39.07,12372752,0.0
2018-04-02,39.6,39.66,38.44,38.98,7982971,0.0
2018-04-03,37.8,39.63,37.7517,39.44,10440503,0.0
2018-04-04,40,40.44,39.91,40.19,8538610,0.0
2018-04-05,39.55,40.04,38.91,39.22,10725724,0.0
2018-04-08,39.89,41.05,39.56,40.06,8158358,0.0
2018-04-09,41.27,41.3,40.18,40.69,6652818,0.0
2018-04-10,40.44,41.05,40.41,40.46,5631259,0.0
2018-04-11,40.63,40.995,40.42,40.6,4055324,0.0
2018-04-12,40.4,40.52,39.58,39.79,6928025,0.0
2018-04-15,39.89,40.07,39.49,39.93,4400127,0.0
2018-04-16,40.12,40.58,39.81,40.27,8280692,0.0
2018-04-17,40.5,40.5,39.51,40.185,8604450,0.0
2018-04-18,40.14,40.34,38.61,38.88,14875999,0.0
2018-04-19,37.34,37.49,36.5,37.44,21853153,0.0
2018-04-22,37.44,37.76,36.74,36.99,11110743,0.0
2018-04-23,37.37,37.55,35.46,35.87,16936242,0.0
2018-04-24,35.79,36.24,34.88,35.89,9153187,0.0
2018-04-25,36.13,36.9,36.115,36.5,7929883,0.0
2018-04-26,37.09,37.188,36.33,36.76,6705896,0.0
2018-04-29,37.08,37.09,36.15,36.51,7182262,0.0
2018-04-30,36.3,37.5,36.29,37.475,7549305,0.0
2018-05-01,37.39,37.495,36.94,37.08,7511668,0.0
2018-05-02,36.9,37.44,36.2,37.21,10017379,0.0
2018-05-03,36.55,37.85,36.4,37.68,12031479,0.0
2018-05-06,38.24,38.91,38,38.74,16663007,0.0
2018-05-07,38.18,38.29,36.55,36.93,22393648,0.0
2018-05-08,36.75,37.4,36.51,37.14,12015878,0.0
2018-05-09,37.14,37.2525,36.66,36.85,8411112,0.0
2018-05-10,37.02,37.2,36.69,36.96,6067506,0.0
2018-05-13,37.25,37.76,37.07,37.16,7199022,0.0
2018-05-14,36.73,36.93,35.93,36.12,9506896,0.0
2018-05-15,36.4,36.755,36.16,36.44,8123432,0.0
2018-05-16,36.34,36.74,35.687,35.95,9022367,0.0
2018-05-17,36,36.02,35.55,35.7,7233723,0.0
2018-05-20,36.21,36.95,36.07,36.285,7816662,0.0
2018-05-21,36.27,36.87,36.27,36.37,6801862,0.0
2018-05-22,36.18,37.18,36.01,36.7208,15917810,0.0
2018-05-23,36.9,37.14,36.48,36.69,9076024,0.0
2018-05-24,36.85,37.15,36.75,36.88,5748235,0.0
2018-05-28,36.75,37,36.1,36.52,8503919,0.0
2018-05-29,36.35,36.54,35.67,35.79,9690150,0.0
2018-05-30,35.93,36.02,34.76,35.17,13742319,0.0
2018-05-31,35.57,36.26,35.54,36.08,10428955,0.0
2018-06-03,36.49,38.18,36.3819,38.17,18519770,0.0
2018-06-04,39,39.46,38.51,38.87,17034582,0.0
2018-06-05,39.25,40.68,39.2,40.4,19485202,0.0
2018-06-06,40.79,40.84,38.92,39.49,11944398,0.0
2018-06-07,39.04,40.41,38.96,39.91,10594795,0.0
2018-06-10,40.07,40.08,39.23,39.64,7842009,0.0
2018-06-11,39.86,41.47,39.7,41.47,13890729,0.0
2018-06-12,41.46,41.88,40.5615,41.24,13175802,0.0
2018-06-13,41.23,43.96,41.11,43.75,24131102,0.0
2018-06-14,42.81,43.88,42.05,43.63,15380488,0.0
2018-06-17,45.04,45.23,43.12,43.76,38890340,0.0
2018-06-18,42,42.37,40.89,41.89,24291443,0.0
2018-06-19,42.66,42.72,41.36,41.67,13732162,0.0
2018-06-20,41.47,41.59,40.41,40.82,11957776,0.0
2018-06-21,41.14,41.19,40.37,40.82,7698152,0.0
2018-06-24,39.94,40,38.8,39.18,15198055,0.0
2018-06-25,39.56,39.76,39.05,39.46,8326086,0.0
2018-06-26,39.5,40.21,38.29,38.38,13610500,0.0
2018-06-27,38.41,38.98,37.93,38.93,8570047,0.0
2018-06-28,39.15,39.87,38.75,38.94,8162641,0.0
2018-07-01,38.01,38.8,37.87,38.78,10578234,0.0
2018-07-02,39.18,39.21,38.35,38.39,5038460,0.0
2018-07-04,38.54,38.87,37.78,38.54,8146589,0.0
2018-07-05,38.28,39.53,38.16,39.46,9916086,0.0
2018-07-08,39.97,40.04,39.29,39.4,7175387,0.0
2018-07-09,39.49,39.96,38.42,38.59,8596071,0.0
2018-07-10,37.81,38.23,37.39,37.95,9463603,0.0
2018-07-11,38.27,38.77,38.01,38.52,8621696,0.0
2018-07-12,38.53,38.77,37.96,38.26,5958894,0.0
2018-07-15,38.3,38.31,37.79,38.04,4944607,0.0
2018-07-16,37.69,38.17,37.6,37.98,7437800,0.0
2018-07-17,37.96,38.09,37.05,37.52,9535095,0.0
2018-07-18,37.19,37.24,36.78,36.87,6540871,0.0
2018-07-19,36.85,36.9,35.26,35.5,27253467,0.0
2018-07-22,35.93,36.14,35.47,35.65,8802340,0.0
2018-07-23,36.27,36.7,35.215,35.3,12004993,0.0
2018-07-24,35.58,37.11,35.38,36.92,16715226,0.0
2018-07-25,36.22,37.4,36.22,36.66,8713330,0.0
2018-07-26,37.15,37.365,35.86,36.21,9405056,0.0
2018-07-29,36.18,36.29,34.86,35.16,13039779,0.0
2018-07-30,35.19,35.89,34.9,35.86,13493883,0.0
2018-07-31,35.58,36.89,35.56,36.29,12488388,0.0
2018-08-01,35.4,36.34,35.13,36.29,12014976,0.0
2018-08-02,36.48,36.7136,35.81,36.17,6452273,0.0
2018-08-05,36.06,36.11,35.53,35.91,9375943,0.0
2018-08-06,36.29,36.7,35.9215,36.5,9084467,0.0
2018-08-07,36.57,36.8,35.96,35.99,7569826,0.0
2018-08-08,36.27,36.6219,35.9601,36.01,7708541,0.0
2018-08-09,35.62,35.905,35.47,35.78,8534134,0.0
2018-08-12,35.58,35.66,34.51,35.06,14471053,0.0
2018-08-13,34.59,34.59,33.02,33.86,32338535,0.0
2018-08-14,32.13,32.56,31.48,32.37,45377133,0.0
2018-08-15,32,33.2,31.18,31.97,41639989,0.0
2018-08-16,31.83,32.445,31.07,32.22,20014884,0.0
2018-08-19,32.61,33.28,32.6,33.04,15330015,0.0
2018-08-20,33.41,33.6,32.46,32.79,11934056,0.0
2018-08-21,32.75,32.85,32.31,32.33,12990351,0.0
2018-08-22,32.74,33.05,31.13,31.385,22761526,0.0
2018-08-23,31.55,31.6555,31.265,31.4,12406574,0.0
2018-08-26,31.98,32.805,31.77,32.675,13873067,0.0
2018-08-27,32.98,32.99,31.81,32.15,11681501,0.0
2018-08-28,32.03,32.39,31.905,31.95,7962438,0.0
2018-08-29,31.65,31.82,30.761,31,14906208,0.0
2018-08-30,30.66,31.46,30.52,31.3,9999056,0.0
2018-09-03,30.01,30.0295,29.06,29.43,43732272,0.0
2018-09-04,27.96,28.05,26,26.31,80030635,0.0
2018-09-05,27.24,27.935,26.56,27.25,40106957,0.0
2018-09-06,27.21,27.41,26.7,26.94,23555599,0.0
2018-09-09,26.75,26.85,26.11,26.53,20473421,0.0
2018-09-10,26.04,27.4,25.9,27.11,19762825,0.0
2018-09-11,26.98,27.76,26.72,27.64,19939210,0.0
2018-09-12,28.31,29.02,27.551,27.75,27026031,0.0
2018-09-13,27.86,28,27.04,27.11,15467484,0.0
2018-09-16,25.9399,26.02,25.33,25.73,25841006,0.0
2018-09-17,25.9,26.09,25.27,25.75,16387008,0.0
2018-09-18,26.36,27.11,26.12,26.92,15205523,0.0
2018-09-19,27.01,27.2634,26.65,26.93,14369573,0.0
2018-09-20,27.1799,27.18,26.25,26.49,13682320,0.0
2018-09-23,25.23,25.53,24.3213,24.51,32414915,0.0
2018-09-24,24.62,24.84,24.4,24.54,18264014,0.0
2018-09-25,24.75,25.86,24.73,25.2,30090079,0.0
2018-09-26,25.6099,25.89,25.28,25.43,14236698,0.0
2018-09-27,25.71,26.23,25.37,26.09,13263579,0.0
2018-09-30,26.1,26.15,25.38,25.49,10539135,0.0
2018-10-01,25.24,25.28,24.54,24.9,13751720,0.0
2018-10-02,24.97,25.44,24.79,25.14,10466729,0.0
2018-10-03,24.81,24.81,24.0623,24.32,15408270,0.0
2018-10-04,24.06,24.18,23.37,23.62,17547522,0.0
2018-10-07,23.02,24.24,22.65,23.89,17489477,0.0
2018-10-08,23.45,24.1999,23.34,23.785,13157114,0.0
2018-10-09,23.45,23.55,22.7,22.72,20251380,0.0
2018-10-10,22.52,23.66,22.5,23.48,24214683,0.0
2018-10-11,24.54,24.9,23.62,24.45,19110628,0.0
2018-10-14,24.11,24.64,23.8,24.15,10376952,0.0
2018-10-15,24.26,24.7,24.08,24.63,11158036,0.0
2018-10-16,24.32,24.4447,23.46,23.68,14839829,0.0
2018-10-17,23.44,24.1321,23.22,23.33,14461990,0.0
2018-10-18,23.94,23.9499,22.95,22.99,12191982,0.0
2018-10-21,23.86,24.11,23.3,23.53,14004918,0.0
2018-10-22,22.61,23.59,22.33,23.23,17320077,0.0
2018-10-23,23.18,23.2,21.69,21.77,21516401,0.0
2018-10-24,22.05,22.59,21.91,22.55,12382412,0.0
2018-10-25,21.67,22.93,21.58,22.58,16555115,0.0
2018-10-28,22.7,23.02,21.69,21.99,13908621,0.0
2018-10-29,22.07,22.47,21.7,22.39,11703955,0.0
2018-10-30,22.87,23.59,22.57,23.52,17619310,0.0
2018-10-31,23.72,25.76,23.2001,25.43,22823394,0.0
2018-11-01,25.54,25.6,23.84,24.04,20224016,0.0
2018-11-04,23.94,24.46,23.65,24.16,8133462,0.0
2018-11-05,24.1,24.47,23.45,23.59,9146916,0.0
2018-11-06,24.02,24.16,23.47,24.07,8777945,0.0
2018-11-07,23.84,23.87,22.38,22.39,15374808,0.0
2018-11-08,21.94,22.48,21.58,21.71,15676483,0.0
2018-11-11,21.92,22.38,21.46,22.02,12638215,0.0
2018-11-12,22.24,22.79,22.17,22.38,13510985,0.0
2018-11-13,22.75,23.08,22.5,22.75,11299592,0.0
2018-11-14,22.9,24.27,22.81,24.215,23513259,0.0
2018-11-15,23.68,24,22.6,23.04,22420601,0.0
2018-11-18,22.45,22.83,20.93,21.1054,38605321,0.0
2018-11-19,20.48,20.5,19.2698,19.49,39713745,0.0
2018-11-20,20,20.69,19.92,20.33,28681532,0.0
2018-11-22,19.86,19.88,19.21,19.26,17943844,0.0
2018-11-25,19.76,20.7827,19.75,20.46,20093411,0.0
2018-11-26,20.18,21.0284,20.13,20.84,13351759,0.0
2018-11-27,21.32,21.41,20.61,21.37,14686322,0.0
2018-11-28,21.05,21.15,20.38,20.96,12713925,0.0
2018-11-29,21,21.26,20.56,21.24,9443293,0.0
2018-12-02,22.36,22.49,21.77,22.015,19009221,0.0
2018-12-03,21.92,22.27,21.39,21.46,13434287,0.0
2018-12-05,20.45,21.49,20.11,21.24,19889786,0.0
2018-12-06,21.07,21.755,20.92,20.94,12789441,0.0
2018-12-09,20.75,21.19,20.12,20.5,13627872,0.0
2018-12-10,20.95,21.34,20.82,20.92,12480773,0.0
2018-12-11,21.3,22.315,21.27,21.9,18608955,0.0
2018-12-12,22,23.35,22,22.71,24282120,0.0
2018-12-13,22.04,22.94,22.01,22.17,14027826,0.0
2018-12-16,22.04,22.26,21.17,21.35,15652671,0.0
2018-12-17,21.47,21.8369,20.91,21.02,13513446,0.0
2018-12-18,20.95,21.485,20,20.17,14663198,0.0
2018-12-19,20.09,20.21,19.64,19.91,17367288,0.0
2018-12-20,20.09,21.99,19.51,21.2,46353222,0.0
2018-12-23,21.49,21.51,19.26,19.7,26683487,0.0
2018-12-25,20.32,21.13,19.75,21.11,22924013,0.0
2018-12-26,20.5,22.06,20.5,21.73,29350848,0.0
2018-12-27,21.78,22,21.15,21.73,15753882,0.0
2018-12-30,22.04,22.48,20.77,20.89,17549905,0.0
2019-01-01,20.31,21.48,20.18,21.25,14626562,0.0
2019-01-02,20.89,21.14,20.25,20.32,16306399,0.0
2019-01-03,20.98,22.68,20.7501,22.235,22207355,0.0
2019-01-06,22.43,22.85,22.26,22.79,16227037,0.0
2019-01-07,22.99,23.18,22.435,22.9,12031386,0.0
2019-01-08,23.24,24.1201,23.22,23.81,17568120,0.0
2019-01-09,23,23.55,22.83,23.39,10705965,0.0
2019-01-10,23.19,23.75,22.69,22.87,8958654,0.0
2019-01-13,22.25,22.3,21.53,22.05,12652801,0.0
2019-01-14,22.25,22.7402,22.12,22.23,10406395,0.0
2019-01-15,22.37,22.68,22.28,22.325,8793148,0.0
2019-01-16,22.05,22.485,22.02,22.135,11121994,0.0
2019-01-17,22.45,23.85,22.3,23.23,21171395,0.0
2019-01-21,22.88,22.91,21.5,21.625,17149082,0.0
2019-01-22,22.05,22.6,21.755,21.95,10436382,0.0
2019-01-23,21.98,22.26,21.5,22.12,12612200,0.0
2019-01-24,22.48,23.93,22.47,23.64,22290065,0.0
2019-01-27,23.43,24.1399,23.06,23.725,12356281,0.0
2019-01-28,23.74,23.87,23.31,23.515,10158776,0.0
2019-01-29,24.01,24.72,23.76,24.625,16001617,0.0
2019-01-30,24.5,25.45,24.47,24.8839,17345001,0.0
2019-01-31,24.74,25.31,24.31,24.64,10039611,0.0
2019-02-03,24.5,24.54,24.16,24.26,6817429,0.0
2019-02-04,24.45,25.98,24.41,25.39,15549636,0.0
2019-02-05,25.47,25.715,24.96,25.13,9754899,0.0
2019-02-06,24.77,24.93,23.52,23.98,13148703,0.0
2019-02-07,23.65,24.28,23.6,23.97,7298862,0.0
2019-02-10,24.35,24.73,24.15,24.28,8104475,0.0
2019-02-11,24.67,25.35,24.57,24.67,9688413,0.0
2019-02-12,25,25.56,24.49,24.615,11746255,0.0
2019-02-13,24.54,24.62,23.885,24.345,9464877,0.0
2019-02-14,24.51,24.57,23.91,23.94,9570114,0.0
2019-02-18,23.68,24.77,23.65,24.615,11589647,0.0
2019-02-19,24.81,25.42,24.51,24.68,12461495,0.0
2019-02-20,24.82,24.88,24.01,24.26,12834949,0.0
2019-02-21,24.55,25.96,24.48,25.94,25286452,0.0
2019-02-24,27.11,27.38,26.04,26.19,27836377,0.0
2019-02-25,25.98,26.82,25.66,26.59,19044050,0.0
2019-02-26,26.42,26.9,25.87,25.9999,21498880,0.0
2019-02-27,28.58,28.62,26.58,27.715,57992362,0.0
2019-02-28,28.03,29.39,27.97,28.74,34625605,0.0
2019-03-03,29.04,29.2,28.14,28.9,21569324,0.0
2019-03-04,28.88,29.7,28.7,29.32,18003792,0.0
2019-03-05,29.25,29.66,28.72,29.05,19639151,0.0
2019-03-06,28.5,28.645,27.6,27.85,19819124,0.0
2019-03-07,26.71,27.25,26.37,27.035,25586122,0.0
2019-03-10,27.46,27.89,27.16,27.61,15835732,0.0
2019-03-11,27.95,28.43,27.5299,28.09,17603172,0.0
2019-03-12,28.27,28.42,27.86,28.13,13204844,0.0
2019-03-13,27.75,27.9685,27.385,27.88,16153510,0.0
2019-03-14,28.21,28.4,27.78,27.905,9548569,0.0
2019-03-17,28.25,28.69,27.92,28.13,11639819,0.0
2019-03-18,28.3,28.67,28.01,28.31,10261743,0.0
2019-03-19,28.16,28.29,27.67,28.09,12235480,0.0
2019-03-20,27.97,28.82,27.87,28.75,12018221,0.0
2019-03-21,28.41,28.76,27.84,28.01,11975378,0.0
2019-03-24,27.69,28.55,27.47,28.41,11920372,0.0
2019-03-25,28.5,29.05,28.32,28.81,15060115,0.0
2019-03-26,28.81,29.71,28.81,29.17,19433987,0.0
2019-03-27,29.23,29.45,28.86,29.4,9257910,0.0
2019-03-28,29.77,30.53,29.69,30.15,20541742,0.0
2019-03-31,30.93,31.48,30.78,31.28,12216375,0.0
2019-04-01,31.14,31.235,30.1,30.27,19400272,0.0
2019-04-02,30.71,30.9288,30.23,30.3,14340043,0.0
2019-04-03,29.73,30.66,29.68,30.25,13787464,0.0
2019-04-04,30.5,31.57,30.37,31.24,16655999,0.0
2019-04-07,30.92,31.18,30.67,30.79,10696164,0.0
2019-04-08,30.75,31.32,30.39,30.9,12352885,0.0
2019-04-09,30.63,30.84,29.81,30.16,19177302,0.0
2019-04-10,29.81,30.35,29.55,30.19,10156375,0.0
2019-04-11,30.65,31.19,30.3199,30.56,10631615,0.0
2019-04-14,30.4,30.6627,29.12,29.67,15187882,0.0
2019-04-15,30.08,30.53,29.4,29.9,13842031,0.0
2019-04-16,29.97,30.64,29.21,29.85,16625594,0.0
2019-04-17,29.84,30.02,29.48,29.99,8891468,0.0
2019-04-21,29.66,29.74,29.08,29.64,10405259,0.0
2019-04-22,29.5,30.14,29.35,29.77,9505688,0.0
2019-04-23,29.7,29.9,29.34,29.66,6865862,0.0
2019-04-24,29.42,29.5,28.42,29.2,13911578,0.0
2019-04-25,29.03,29.28,28.255,29.12,16504560,0.0
2019-04-28,29.24,29.98,29.14,29.87,10237849,0.0
2019-04-29,30.53,30.8899,30.01,30.275,17016410,0.0
2019-04-30,30.34,31,30.18,30.2,11305637,0.0
2019-05-01,30.13,30.89,29.875,29.99,10786790,0.0
2019-05-02,30.26,30.88,30.05,30.06,13345609,0.0
2019-05-05,28.24,28.93,27,28.7,26614507,0.0
2019-05-06,28.295,28.5,26.78,27.11,27059118,0.0
2019-05-07,26.95,27.44,26.7,26.89,16987661,0.0
2019-05-08,26.39,27.77,25.81,27.53,30311289,0.0
2019-05-09,30.19,30.47,27.91,28.17,50466915,0.0
2019-05-12,26.93,28.45,26.82,28.2,27136269,0.0
2019-05-13,28.63,29.8,28.26,29.69,21215627,0.0
2019-05-14,29.62,30.76,29.45,30.43,19765926,0.0
2019-05-15,30.25,30.89,29.875,30.45,14556549,0.0
2019-05-16,29.58,30.015,29.15,29.31,16793825,0.0
2019-05-19,28.75,28.97,28.08,28.35,14011598,0.0
2019-05-20,28.67,29.275,28.49,29.06,9328520,0.0
2019-05-21,28.76,29.04,28.19,28.21,11931227,0.0
2019-05-22,27.5,27.63,26.24,26.68,25320392,0.0
2019-05-23,27.08,27.22,26.17,26.32,16265877,0.0
2019-05-27,26.45,26.77,26.22,26.27,10915799,0.0
2019-05-28,25.97,26.13,25.48,26.01,10555200,0.0
2019-05-29,26.03,26.63,26.03,26.36,7368466,0.0
2019-05-30,25.81,25.9,25.525,25.74,10163514,0.0
2019-06-02,25.81,26.5,25.5,25.76,10707628,0.0
2019-06-03,26.18,26.9,26.085,26.8,9546992,0.0
2019-06-04,26.96,26.99,25.67,26.18,9965908,0.0
2019-06-05,26.18,26.38,25.81,26.25,7091682,0.0
2019-06-06,26.36,27.16,26.35,26.8,8434779,0.0
2019-06-09,27.44,27.76,27.135,27.26,13550973,0.0
2019-06-10,27.87,28.46,27.61,28,14131459,0.0
2019-06-11,27.47,27.49,27.01,27.24,7816326,0.0
2019-06-12,27.33,27.87,27.26,27.55,12065174,0.0
2019-06-13,27.11,27.12,26.64,27.04,15044452,0.0
2019-06-16,27.1,27.495,26.82,27.33,5617606,0.0
2019-06-17,27.6,28.88,27.47,28.26,15711445,0.0
2019-06-18,28.26,28.88,27.89,28.66,10084905,0.0
2019-06-19,29.25,29.8,28.82,29.12,13848030,0.0
2019-06-20,28.97,29.55,28.85,29.07,10939133,0.0
2019-06-23,29.19,29.27,28.89,28.91,5044383,0.0
2019-06-24,28.69,28.715,28.07,28.5,10345425,0.0
2019-06-25,28.91,30.325,28.845,30.17,20204847,0.0
2019-06-26,30.25,30.68,30.17,30.29,13101507,0.0
2019-06-27,30.3,30.49,30.03,30.29,9037870,0.0
2019-06-30,31.36,31.995,30.895,31.2,16489305,0.0
2019-07-01,31.06,31.96,31.04,31.45,12288414,0.0
2019-07-02,31.4,31.54,30.82,31.5,5562790,0.0
2019-07-04,30.97,31.2,30.72,31.04,6644527,0.0
2019-07-07,30.37,30.665,30.23,30.58,8245674,0.0
2019-07-08,30.38,30.81,30.29,30.75,6446080,0.0
2019-07-09,30.99,31.1,30.165,30.71,12245533,0.0
2019-07-10,30.79,30.9727,30.32,30.49,6816847,0.0
2019-07-11,30.69,31.415,30.64,31.09,10399380,0.0
2019-07-14,31.36,31.67,31,31.035,6955975,0.0
2019-07-15,31,31.1,30.52,30.72,8230081,0.0
2019-07-16,30.84,31.08,30.6,30.7,4939284,0.0
2019-07-17,30.5,30.6,30.1644,30.58,5455458,0.0
2019-07-18,30.81,31.29,30.81,31,7751707,0.0
2019-07-21,30.91,30.95,30.48,30.67,5818618,0.0
2019-07-22,30.9,31.92,30.84,31.85,10291802,0.0
2019-07-23,31.74,32.33,31.6,32.2,10558973,0.0
2019-07-24,32.04,32.38,31.68,31.83,6973107,0.0
2019-07-25,31.93,32.005,31.52,31.56,4237679,0.0
2019-07-28,31.45,31.4538,30.78,31.38,9786085,0.0
2019-07-29,30.85,30.99,30.375,30.42,7863348,0.0
2019-07-30,30.49,30.5,29.35,29.905,10868502,0.0
2019-07-31,29.91,30.595,27.64,28.59,21594318,0.0
2019-08-01,28.18,28.24,27.65,28,11023694,0.0
2019-08-04,26.65,26.905,25.77,26.15,20942884,0.0
2019-08-05,26.91,27.01,26.285,26.48,10496934,0.0
2019-08-06,26.18,26.77,25.8399,26.57,11667438,0.0
2019-08-07,27.04,27.635,26.84,27.54,10569987,0.0
2019-08-08,27.2968,27.409,26.825,27.1,8041404,0.0
2019-08-11,26.8,27.36,26.53,27.16,18381301,0.0
2019-08-12,28.64,30.98,28.15,30.69,40238123,0.0
2019-08-13,29.7,30.702,29.55,29.63,26253310,0.0
2019-08-14,30.16,30.79,30.08,30.16,16531170,0.0
2019-08-15,30.5,31.45,30.08,31.3,17827688,0.0
2019-08-18,31.92,32.28,31.41,31.58,14209101,0.0
2019-08-19,31.49,31.82,31.37,31.4,10956157,0.0
2019-08-20,31.67,31.8,30.705,30.75,15308654,0.0
2019-08-21,30.57,30.71,29.21,29.49,18198686,0.0
2019-08-22,28.9,29.67,28.55,28.76,19167109,0.0
2019-08-25,29.18,29.82,29.08,29.75,10301738,0.0
2019-08-26,30,30.3,29.7332,29.91,6165267,0.0
2019-08-27,29.7,30.49,29.63,30.3,6054130,0.0
2019-08-28,30.69,31.24,30.635,30.75,8995785,0.0
2019-08-29,30.91,31.43,30.36,30.48,9014298,0.0
2019-09-02,30.1,30.2,29.4,29.45,7026913,0.0
2019-09-03,30.27,30.29,29.84,29.87,5938830,0.0
2019-09-04,30.32,31.08,30.25,30.82,9751572,0.0
2019-09-05,30.87,31.3967,30.76,31.08,5550050,0.0
2019-09-08,31.12,31.57,30.89,31.49,7206132,0.0
2019-09-09,31.2,31.2397,30.13,30.88,10032181,0.0
2019-09-10,31.2,31.72,30.64,31.07,11251231,0.0
2019-09-11,31.54,31.99,31.2,31.52,11017640,0.0
2019-09-12,31.66,31.79,31.13,31.22,6473922,0.0
2019-09-15,30.74,31.03,30.735,30.84,4765772,0.0
2019-09-16,30.74,31.3,30.52,31.18,5351457,0.0
2019-09-17,31.1,31.18,30.66,31.04,4589746,0.0
2019-09-18,31,32,30.91,31.05,11622016,0.0
2019-09-19,31.45,31.69,30.5,30.96,12419452,0.0
2019-09-22,31.36,31.47,30.285,30.32,8938723,0.0
2019-09-23,30.48,30.48,29.29,29.4,15137390,0.0
2019-09-24,29.15,30.06,29,29.98,11877126,0.0
2019-09-25,29.98,30.25,29.105,29.58,10303165,0.0
2019-09-26,29.74,30.01,27.47,27.82,26009125,0.0
2019-09-29,28.47,28.6368,27.95,28.2,11582942,0.0
2019-09-30,28.22,28.57,27.97,28.19,8231567,0.0
2019-10-01,28,28.22,27.53,28.065,8744496,0.0
2019-10-02,28.11,28.97,27.82,28.8,7642143,0.0
2019-10-03,28.88,29.19,28.65,29,12886975,0.0
2019-10-06,28.84,29.4,28.6,28.84,15966743,0.0
2019-10-07,28.19,28.61,27.72,27.74,21592661,0.0
2019-10-08,28.28,28.6,27.96,28.39,15464008,0.0
2019-10-09,28.32,28.95,28.2,28.58,14341367,0.0
2019-10-10,29.45,30.32,29.45,29.7,32812135,0.0
2019-10-13,29.5,29.91,29.5,29.83,11097675,0.0
2019-10-14,29.99,31.075,29.96,31.02,19103681,0.0
2019-10-15,30.83,31.45,30.83,31.23,17864401,0.0
2019-10-16,31.29,31.44,30.6105,30.74,12063754,0.0
2019-10-17,30.77,30.84,29.74,29.94,15976233,0.0
2019-10-20,30.335,31.08,30.335,31.02,7708332,0.0
2019-10-21,31,31.24,30.12,30.26,8138284,0.0
2019-10-22,30.31,30.899,30.25,30.76,5060889,0.0
2019-10-23,31,31.17,30.59,30.72,8742705,0.0
2019-10-24,30.58,31.25,30.25,31.16,14911806,0.0
2019-10-27,31.45,31.95,31.12,31.74,11663476,0.0
2019-10-28,31.41,31.8,31.13,31.79,8029189,0.0
2019-10-29,31.6,31.89,31.4,31.69,6104922,0.0
2019-10-30,31.8,31.8,30.9,31.16,6937202,0.0
2019-10-31,31.64,31.83,31.17,31.49,8221340,0.0
2019-11-03,32.04,33.29,32.02,33.13,18120295,0.0
2019-11-04,33.26,33.79,32.74,32.97,12420145,0.0
2019-11-05,33.14,33.15,32.61,32.865,6299673,0.0
2019-11-06,33.64,33.7605,33.06,33.29,9312231,0.0
2019-11-07,33.23,33.45,32.96,33.24,6104883,0.0
2019-11-10,32.77,33.55,32.42,33.22,10359761,0.0
2019-11-11,33.48,34.09,33.25,33.57,13178829,0.0
2019-11-12,33.4,33.6,33,33.36,8272966,0.0
2019-11-13,33.36,33.59,32.87,33.58,14756553,0.0
2019-11-14,35.05,35.43,32.9304,33.55,37091451,0.0
2019-11-17,33.95,34.26,32.73,32.79,17161346,0.0
2019-11-18,33.09,33.44,32.16,32.42,11906667,0.0
2019-11-19,31.99,32.32,31.425,31.67,13474780,0.0
2019-11-20,31.64,32.17,31.51,32.15,7182279,0.0
2019-11-21,32.23,32.3,31.78,31.95,5688984,0.0
2019-11-24,32.71,32.755,32.26,32.63,9302369,0.0
2019-11-25,32.58,32.95,32.3,32.88,9147944,0.0
2019-11-26,32.93,33.18,32.61,33.15,6895562,0.0
2019-11-28,32.72,32.95,32.5,32.65,5462770,0.0
2019-12-01,32.69,32.69,31.72,32.28,10577324,0.0
2019-12-02,31.62,32.1,30.84,32.01,11367572,0.0
2019-12-03,32.17,32.485,31.53,31.55,11037592,0.0
2019-12-04,31.8,32.65,31.71,32.54,8758224,0.0
2019-12-05,32.97,33.18,32.78,32.94,7933608,0.0
2019-12-08,32.93,33.655,32.93,33.25,8664155,0.0
2019-12-09,33.27,33.72,33.165,33.265,7333626,0.0
2019-12-10,33.31,33.35,32.7307,33.23,7277035,0.0
2019-12-11,33.19,34.195,33.08,33.82,11999681,0.0
2019-12-12,34,34.74,33.93,34.01,11550629,0.0
2019-12-15,34.46,34.92,34.41,34.64,8849377,0.0
2019-12-16,34.76,34.84,34.51,34.67,5904170,0.0
2019-12-17,34.7,34.75,34.33,34.45,6115370,0.0
2019-12-18,34.45,34.88,34.385,34.78,7442293,0.0
2019-12-19,34.94,35.52,34.87,35.3,12933701,0.0
2019-12-22,36.02,36.8,35.96,36.255,13355299,0.0
2019-12-23,36.56,36.56,36.06,36.28,3204598,0.0
2019-12-25,36.17,36.37,36,36.24,3974747,0.0
2019-12-26,36.36,36.42,35.83,35.92,4501532,0.0
2019-12-29,36,36,35.345,35.4,6470935,0.0
2019-12-30,35.3,35.51,35.2,35.24,4496005,0.0
2020-01-01,35.96,37.76,35.9,37.74,17675195,0.0
2020-01-02,36.78,38.54,36.68,38,16334631,0.0
2020-01-05,37.46,38.08,37.38,38,9217755,0.0
2020-01-06,38,38.61,37.64,38.32,9627435,0.0
2020-01-07,38.02,38.85,37.98,38.31,10111384,0.0
2020-01-08,38.84,39.1,38.7,38.9,9527984,0.0
2020-01-09,39.39,39.5,38.73,39.11,9814833,0.0
2020-01-12,39.68,40.985,39.63,40.33,18755936,0.0
2020-01-13,40.03,40.46,39.59,40.29,11904933,0.0
2020-01-14,40.02,40.4549,39.55,39.77,8979363,0.0
2020-01-15,40.18,40.27,39.405,39.55,8176810,0.0
2020-01-16,39.83,40.385,39.71,40.36,8950407,0.0
2020-01-20,39.275,40.16,39.05,40.07,22801786,0.0
2020-01-21,40.53,42,40.5,40.97,31508934,0.0
2020-01-22,39.99,40.83,39.94,40.77,26316674,0.0
2020-01-23,40.76,40.97,39.19,39.55,26901617,0.0
2020-01-26,36.99,38.84,36.35,37.65,21389105,0.0
2020-01-27,38.38,39.115,37.6835,38.9,13079920,0.0
2020-01-28,39.19,39.52,38.79,39.16,8923566,0.0
2020-01-29,38.2,38.69,37.54,38.49,12116095,0.0
2020-01-30,38.05,38.45,37.57,37.68,11010737,0.0
2020-02-02,38,39.5373,38,39.2,12211263,0.0
2020-02-03,40.31,41.28,40.065,40.35,15118739,0.0
2020-02-04,40.86,40.99,39.45,39.93,11288959,0.0
2020-02-05,40.4,40.97,40.06,40.38,8523977,0.0
2020-02-06,39.82,40.37,39.78,39.98,8918211,0.0
2020-02-09,40.05,40.16,39.56,40.11,6880469,0.0
2020-02-10,40.55,41.8562,40.5,40.79,10915807,0.0
2020-02-11,41.57,42.34,41.23,41.65,13185800,0.0
2020-02-12,41.15,42.41,41.06,42,13028197,0.0
2020-02-13,42.13,42.575,41.59,41.96,8818535,0.0
2020-02-17,42.42,42.79,41.66,42.35,10549089,0.0
2020-02-18,42.83,43.09,42.53,42.94,10312339,0.0
2020-02-19,42.99,43,41.33,41.49,12672164,0.0
2020-02-20,41.47,41.48,40.16,40.41,10293764,0.0
2020-02-23,38.5,39.58,38.38,39.36,13363101,0.0
2020-02-24,40,40.35,38.4,38.83,13566905,0.0
2020-02-25,39.39,40.19,39.25,39.94,14434844,0.0
2020-02-26,39.23,39.68,38.02,38.4,16237531,0.0
2020-02-27,37.01,38.73,36.815,38.67,21797400,0.0
2020-03-01,41.38,44.12,40.2501,43.31,43203922,0.0
2020-03-02,43.56,44.05,40.11,41.45,27274930,0.0
2020-03-03,42.49,44.76,42.4101,43.87,21129829,0.0
2020-03-04,42.55,45.34,42.55,44.61,22915087,0.0
2020-03-05,43,43.85,41.2,42.16,24342535,0.0
2020-03-08,40.1,41.795,39.2,39.66,24778917,0.0
2020-03-09,41.39,42.58,40.605,41.79,37040998,0.0
2020-03-10,40.41,43.08,40.41,41.52,52883214,0.0
2020-03-11,38.85,39.79,37.37,38.26,29676818,0.0
2020-03-12,41.01,41.21,37.44,39.705,20497179,0.0
2020-03-15,36.1,38.92,32.7,34.69,47968904,0.0
2020-03-16,37.66,39.98,36.26,38.36,26987016,0.0
2020-03-17,36,38.15,35.55,37.72,19788925,0.0
2020-03-18,37.51,38.9,36.56,37.21,48896344,0.0
2020-03-19,38.35,39.27,37.57,37.62,39297512,0.0
2020-03-22,38.18,39.295,36.22,38.62,36656200,0.0
2020-03-23,39.9103,42.31,39.9103,41.02,23733151,0.0
2020-03-24,41.35,42.93,40.52,41.335,17900722,0.0
2020-03-25,41.71,43.96,40.33,42.02,19958704,0.0
2020-03-26,40.61,41.32,39.92,40.2,11779785,0.0
2020-03-29,40.87,41.18,39.51,40.39,12736547,0.0
2020-03-30,40.52,40.9897,39.97,40.5,25930886,0.0
2020-03-31,39.93,42.8199,39.91,40.94,40295058,0.0
2020-04-01,40.55,41.55,39.51,40.06,20766327,0.0
2020-04-02,40.08,41.03,39.255,39.89,15150696,0.0
2020-04-05,41.13,42.06,40.2,41.6,28615374,0.0
2020-04-06,42.7,43.15,41.72,41.99,16039115,0.0
2020-04-07,41.93,42.43,40.76,41.17,13692280,0.0
2020-04-08,41.97,43.15,41.505,42.15,14451627,0.0
2020-04-12,42,42.8,41.705,42.78,16912356,0.0
2020-04-13,43.75,45.08,43.67,43.86,29305484,0.0
2020-04-14,43.88,46.36,43.47,44.61,64313570,0.0
2020-04-15,45.7,47.84,45.17,47.5,79878542,0.0
2020-04-16,47.73,47.98,45.31,46.19,59053334,0.0
2020-04-19,45.84,46.95,45,45.19,62606669,0.0
2020-04-20,44.38,44.85,42.05,43.1705,66454964,0.0
2020-04-21,44.19,45.2,43.96,45.01,34293444,0.0
2020-04-22,45,45.72,44.64,44.94,33861295,0.0
2020-04-23,45.4865,45.67,44.225,45.05,16586494,0.0
2020-04-26,45.88,46.02,44.865,45.58,22509686,0.0
2020-04-27,46.04,46.19,43.16,43.58,14685489,0.0
2020-04-28,44.02,44.66,43.36,44.31,9560082,0.0
2020-04-29,44.07,44.37,42.34,43.11,25558916,0.0
2020-04-30,41.98,42.32,40.585,41.36,12371322,0.0
2020-05-03,41.48,42.35,41.28,42.2,12481622,0.0
2020-05-04,43.6,44.23,42.89,43.14,10114773,0.0
2020-05-05,43.76,44.22,42.425,43.3,9645353,0.0
2020-05-06,43.97,44.945,43.8691,44.76,19124458,0.0
2020-05-07,45.84,46.97,45.6002,46.78,26041700,0.0
2020-05-10,47.24,47.665,46.6773,46.72,10738256,0.0
2020-05-11,47.11,48.655,46.6,47.02,27071010,0.0
2020-05-12,48.71,49.13,47.18,47.85,42933528,0.0
2020-05-13,47.38,49.08,46.37,48.97,48534198,0.0
2020-05-14,50,51.008,48.76,50.85,34769500,0.0
2020-05-17,51.88,55.61,51.87,55.53,52618264,0.0
2020-05-18,56.17,56.5,54.23,54.24,40364238,0.0
2020-05-19,55,55.8,50.89,54.31,28678020,0.0
2020-05-20,52.98,53.802,51.47,52.6,18166420,0.0
2020-05-21,50.2635,51.09,49.33,49.89,41667870,0.0
2020-05-25,52.245,54.46,52.18,52.62,19182876,0.0
2020-05-26,52.97,53,49.92,52.17,29957458,0.0
2020-05-27,51.57,52.48,50.64,51,18838824,0.0
2020-05-28,51.35,54.32,51.06,54.23,12939633,0.0
2020-05-31,54.2,54.88,53.38,54.74,8887025,0.0
2020-06-01,55.03,56.18,54.77,55.62,27026437,0.0
2020-06-02,56.18,57.535,55.8,56.76,11752817,0.0
2020-06-03,56.46,57.485,55.85,56.52,17700346,0.0
2020-06-04,58.09,59.82,57.67,59.03,16391053,0.0
2020-06-07,60.08,60.29,58.05,59.18,20529924,0.0
2020-06-08,58.44,59.5062,58.43,58.83,20739238,0.0
2020-06-09,59.79,60.965,59.57,60.7273,10850629,0.0
2020-06-10,58.5,59.17,56.74,57.25,18080359,0.0
2020-06-11,58.51,59.02,57.93,57.935,7540436,0.0
2020-06-14,56.98,59.57,56.8,59.51,21852450,0.0
2020-06-15,60.5,61.28,58.3,60.97,30155995,0.0
2020-06-16,61.5,62.42,61.0701,61.99,19099928,0.0
2020-06-17,60.81,61,59.52,60.79,22737407,0.0
2020-06-18,60.62,61,58.55,58.64,38315857,0.0
2020-06-21,59.14,59.15,57.94,59.07,14141974,0.0
2020-06-22,59.93,60.69,59.14,59.9,9399465,0.0
2020-06-23,60.09,61.06,58.58,59.83,11261561,0.0
2020-06-24,59.65,60.67,58.82,60.5,7511624,0.0
2020-06-25,60.455,60.95,58.95,59.7,7848016,0.0
2020-06-28,59.06,60,58.25,59.59,7307309,0.0
2020-06-29,59.36,60.9,59.21,60.18,9479324,0.0
2020-06-30,60.1635,60.78,59.61,60.01,6148737,0.0
2020-07-01,61.38,61.92,60.8,61.39,10112205,0.0
