Date,Open,High,Low,Close,Volume,OpenInterest
2016-07-13,76,76.1,74.87,75.2,1061484,0.0
2016-07-14,75.38,75.58,74.96,75.1,1165907,0.0
2016-07-17,75.31,75.93,75.18,75.93,601947,0.0
2016-07-18,75.7,76.18,75.55,75.95,484144,0.0
2016-07-19,76,76.9,75.81,76.7,443412,0.0
2016-07-20,76.47,76.51,75.62,75.76,369088,0.0
2016-07-21,75.72,76.2,75.63,76.05,333590,0.0
2016-07-24,76.09,76.49,75.97,76.49,249185,0.0
2016-07-25,76.82,77.26,76.35,77,386774,0.0
2016-07-26,76.98,77.32,76.62,77,378901,0.0
2016-07-27,77.38,77.85,76.88,77.42,741395,0.0
2016-07-28,77.2,77.39,75.4599,75.71,977960,0.0
2016-07-31,75.62,76.58,75.58,76.55,577990,0.0
2016-08-01,76.44,76.5,75.42,75.72,655539,0.0
2016-08-02,75.6,76.1,75.48,76.09,660487,0.0
2016-08-03,75.95,76.81,75.95,76.8,302627,0.0
2016-08-04,76.94,77.63,76.8,77.63,284677,0.0
2016-08-07,77.61,77.63,77.02,77.02,346792,0.0
2016-08-08,77.1,77.51,76.76,77.41,186606,0.0
2016-08-09,76.42,76.45,69.1,69.47,5830655,0.0
2016-08-10,69.79,70.16,66.88,67.51,3112177,0.0
2016-08-11,67.97,68.52,67.23,68.27,2413335,0.0
2016-08-14,68.28,69.505,68.16,69.44,1811788,0.0
2016-08-15,69.11,69.38,68.93,69.19,990225,0.0
2016-08-16,69.14,69.85,68.651,69.64,816178,0.0
2016-08-17,69.54,69.88,69.4,69.73,482909,0.0
2016-08-18,69.9,71.14,69.86,70.96,1283046,0.0
2016-08-21,70.8,71.22,70.35,70.52,836029,0.0
2016-08-22,70.76,71.135,67.71,68.05,2061922,0.0
2016-08-23,68,68.14,67.02,67.17,1094900,0.0
2016-08-24,67.21,67.47,66.97,67.26,1052769,0.0
2016-08-25,67.28,67.65,66.89,67.52,995688,0.0
2016-08-28,68.58,69.74,68.3001,68.7,1597857,0.0
2016-08-29,68.87,69.03,68.03,68.34,879029,0.0
2016-08-30,68.12,69.32,67.94,69.26,1416655,0.0
2016-08-31,69.56,70.77,69.34,70.77,1647485,0.0
2016-09-01,71,71.16,69.96,70.2,650350,0.0
2016-09-05,70.46,70.49,67.09,67.52,876906,0.0
2016-09-06,67.78,67.78,67,67.77,1235756,0.0
2016-09-07,67.63,70.52,67.17,67.44,653617,0.0
2016-09-08,67.17,70.075,66.31,66.46,1181495,0.0
2016-09-11,66.05,70.12,65.77,67.59,999731,0.0
2016-09-12,68.01,70.62,65.58,66.07,841692,0.0
2016-09-13,66.03,69.32,65.6,65.95,720804,0.0
2016-09-14,65.8,67.38,65.8,67.25,2158730,0.0
2016-09-15,67.09,70.2101,66.46,67.22,1032172,0.0
2016-09-18,67.38,70.18,66.43,66.7,911461,0.0
2016-09-19,67.03,70.0799,66.22,66.22,672889,0.0
2016-09-20,66.2,69.94,66.15,66.8,1169016,0.0
2016-09-21,67.32,69.72,66.37,66.53,1253737,0.0
2016-09-22,66.26,69.84,66.23,66.35,353344,0.0
2016-09-25,66.29,69.21,65.81,66.04,652882,0.0
2016-09-26,65.99,69.93,65.97,67,903424,0.0
2016-09-27,66.99,70.03,66.51,66.86,755760,0.0
2016-09-28,66.51,68.92,65.5,65.82,3051196,0.0
2016-09-29,65.95,69.725,65.69,66.72,1158937,0.0
2016-10-02,66.95,70.35,66.76,67.39,1514969,0.0
2016-10-03,67.35,70.44,67.02,67.29,1270929,0.0
2016-10-04,67.4,71.27,67.02,68.16,1354019,0.0
2016-10-05,68.87,69.29,67.35,68.71,12267880,0.0
2016-10-06,69.13,69.67,68.4,69.56,7034570,0.0
2016-10-09,69.86,70.55,69.63,70.39,4316635,0.0
2016-10-10,70.35,70.51,69.02,69.29,3191984,0.0
2016-10-11,69.2,69.38,68.39,69.01,2453993,0.0
2016-10-12,68.51,68.52,67.69,68.28,2379394,0.0
2016-10-13,68.73,72.22,68.41,68.89,2507460,0.0
2016-10-16,70.26,71.94,68.71,68.91,2519935,0.0
2016-10-17,69.38,72.28,68.88,69,1246862,0.0
2016-10-18,69,72.0775,68.31,68.86,2472152,0.0
2016-10-19,68.87,72.0225,68.08,68.91,2732250,0.0
2016-10-20,71.78,71.8,69.77,70.49,3752837,0.0
2016-10-23,70.53,74.12,70.53,71.37,1905844,0.0
2016-10-24,71.15,74.07,70.7,71.69,2204033,0.0
2016-10-25,71.32,74.74,71.17,72.06,1696190,0.0
2016-10-26,72.26,72.27,71.18,71.52,1842084,0.0
2016-10-27,71.53,75.11,70.93,71.46,1592143,0.0
2016-10-30,71.61,75.16,71.34,71.89,1610304,0.0
2016-10-31,71.82,71.96,70.15,70.73,1281920,0.0
2016-11-01,70.62,74.8499,70.36,71.53,1754408,0.0
2016-11-02,71.65,74.72,71.35,71.48,1125387,0.0
2016-11-03,71.55,75.16,71.17,71.33,1213424,0.0
2016-11-06,72.17,75.5068,71.45,72.3,1712207,0.0
2016-11-07,72.43,75.68,71.84,72.29,2284190,0.0
2016-11-08,71.09,75.51,70.83,72.26,1339085,0.0
2016-11-09,72.74,75.46,71.61,71.83,1310517,0.0
2016-11-10,71.58,75.42,71.54,72.75,838195,0.0
2016-11-13,73.12,76.38,72.77,72.77,1050988,0.0
2016-11-14,73.61,77.6675,72.73,74.96,1201747,0.0
2016-11-15,74.69,77.78,74.46,74.91,733571,0.0
2016-11-16,75.08,79.66,74.91,76.21,1467602,0.0
2016-11-17,76.2,79.65,75.97,77.16,1575214,0.0
2016-11-20,77.15,81.35,76.85,78.05,1184803,0.0
2016-11-21,78.28,82.362,78.2,80.06,2590605,0.0
2016-11-22,80.02,81.78,78.5,78.89,2208967,0.0
2016-11-24,78.97,82.0101,78.73,79.31,277233,0.0
2016-11-27,79.03,82.88,79.01,79.54,621940,0.0
2016-11-28,79.61,82.43,78.72,78.74,1214179,0.0
2016-11-29,78.84,79.05,76.97,76.97,1700252,0.0
2016-11-30,76.83,77.1,72.07,73.2,3031287,0.0
2016-12-01,73.27,74.08,71.98,73.52,2348154,0.0
2016-12-04,73.49,77.39,73.45,74.26,966863,0.0
2016-12-05,74.21,78.2439,73.69,75.31,1034780,0.0
2016-12-06,75.21,79.9496,75.09,76.41,1239912,0.0
2016-12-07,76.4,79.6,75.5,76.02,809716,0.0
2016-12-08,76.18,78.95,74.05,74.44,1270553,0.0
2016-12-11,74.55,76.97,73.8,74.54,1052410,0.0
2016-12-12,74.8,78.6,74.8,75.17,955896,0.0
2016-12-13,76.49,77.57,74.73,75.01,1939355,0.0
2016-12-14,75.33,77.78,74.56,76.51,1874811,0.0
2016-12-15,76.76,79.5396,75.04,75.38,2285336,0.0
2016-12-18,76.57,79.6397,75.99,76.52,1336823,0.0
2016-12-19,76.87,79.73,75.86,76.05,710100,0.0
2016-12-20,76.26,79.23,75.83,76.14,545400,0.0
2016-12-21,76.14,79.19,75.56,76.31,691559,0.0
2016-12-22,76.37,79.08,75.71,76.28,332046,0.0
2016-12-26,76.34,80.22,76.25,77.14,570274,0.0
2016-12-27,78.04,80.4399,76.85,76.89,738518,0.0
2016-12-28,76.72,79.26,75.7,76.44,483682,0.0
2016-12-29,76.44,79.45,75.31,75.85,514295,0.0
2017-01-02,76.13,78.905,75.66,76.56,992212,0.0
2017-01-03,76.36,79.34,75.62,76.29,755274,0.0
2017-01-04,75.92,79.13,75.05,75.6,739461,0.0
2017-01-05,75.79,79.098,75.11,76.29,636572,0.0
2017-01-08,76.36,79.8993,76.32,76.73,769857,0.0
2017-01-09,76.73,79.5413,75.99,76.48,335031,0.0
2017-01-10,76.39,80.209,76.18,77.39,888446,0.0
2017-01-11,77.3,80.1286,76.61,77.22,703768,0.0
2017-01-12,77.25,81.45,77.23,78.51,873700,0.0
2017-01-16,78.45,81.14,76.34,77.12,923695,0.0
2017-01-17,77.46,81.3425,77.16,78.7,970116,0.0
2017-01-18,78.73,81.7545,77.92,78.23,733177,0.0
2017-01-19,78.09,81.5452,77.78,78.63,778342,0.0
2017-01-22,78.76,81.87,78.47,79.15,828522,0.0
2017-01-23,79.27,82.9699,78.94,79.82,932367,0.0
2017-01-24,80.58,84.7086,80.12,81.63,1690396,0.0
2017-01-25,81.61,84.42,79.99,80.26,2435796,0.0
2017-01-26,82.89,87.69,82.18,83.06,2762839,0.0
2017-01-29,82.89,85.97,82.11,83.15,1338436,0.0
2017-01-30,83.13,85.81,81.53,82.05,1174548,0.0
2017-01-31,82.48,85.71,81.86,82.95,1171138,0.0
2017-02-01,82.85,87.17,82.26,84.22,1075502,0.0
2017-02-02,84.78,87.63,84.08,84.44,789278,0.0
2017-02-05,84.13,87.8,83.78,83.87,842891,0.0
2017-02-06,83.77,87.52,83.77,84.51,982573,0.0
2017-02-07,84.61,87.42,83.75,83.75,780546,0.0
2017-02-08,83.75,87.27,83.38,83.62,531138,0.0
2017-02-09,83.83,86.939,83.22,83.53,571491,0.0
2017-02-12,84.21,87.23,84.13,84.61,552243,0.0
2017-02-13,84.55,87.3,83.78,84.39,753490,0.0
2017-02-14,84.39,87.77,84.1,85.06,549286,0.0
2017-02-15,85.28,87.95,84.56,85.88,1512982,0.0
2017-02-16,85.62,88.1,84.8,85.82,942863,0.0
2017-02-20,86.05,90.35,85.66,87.75,973399,0.0
2017-02-21,87.46,90.329,86.88,87.57,592119,0.0
2017-02-22,87.65,90.245,86.67,87.21,633979,0.0
2017-02-23,86.79,90.1,86.45,87.59,584466,0.0
2017-02-26,87.76,90.3,86.83,87.52,313120,0.0
2017-02-27,87.56,90.42,87.1,87.43,630549,0.0
2017-02-28,87.9,90.7517,87.17,88.71,1024516,0.0
2017-03-01,88.62,91.54,87.94,88.02,810457,0.0
2017-03-02,88.22,90.92,87.19,87.72,572806,0.0
2017-03-05,87.34,90.75,86.93,88.11,561525,0.0
2017-03-06,87.81,91.3,86.84,88.32,607140,0.0
2017-03-07,88.53,91.73,88.07,88.81,845470,0.0
2017-03-08,89.03,91.832,88.34,89.05,577449,0.0
2017-03-09,89.82,92.9575,89.14,90.41,992683,0.0
2017-03-12,90.32,92.92,89.64,90.08,803727,0.0
2017-03-13,90.08,92.5999,89.3,90.09,490905,0.0
2017-03-14,90.32,93.37,89.87,90.81,528758,0.0
2017-03-15,90.81,94.38,90.73,91.38,594214,0.0
2017-03-16,91.61,95.24,91.18,91.86,1118717,0.0
2017-03-19,92.18,96.33,91.78,92.28,765760,0.0
2017-03-20,92.49,95.24,90.45,91.37,809710,0.0
2017-03-21,91.7,95.47,91.18,92.71,809521,0.0
2017-03-22,92.72,95.98,92.01,92.38,417277,0.0
2017-03-23,93.18,96.48,92.45,92.86,365511,0.0
2017-03-26,92.48,95.97,91.78,92.94,391388,0.0
2017-03-27,92.92,96.15,92.35,92.79,339367,0.0
2017-03-28,92.59,95.64,92.2,92.6,441774,0.0
2017-03-29,92.88,96.07,92.61,92.78,267009,0.0
2017-03-30,92.53,95.6,91.91,92.23,462073,0.0
2017-04-02,92.49,96.29,91.98,93.1,672575,0.0
2017-04-03,93.1,96.31,93,93.58,639924,0.0
2017-04-04,93.54,97.14,92.69,92.87,810975,0.0
2017-04-05,92.87,96.13,92.04,93.3,402367,0.0
2017-04-06,93.36,96.5,93.21,93.65,651594,0.0
2017-04-09,93.85,96.94,92.98,93.45,459577,0.0
2017-04-10,93.29,95.65,90.82,92.65,979291,0.0
2017-04-11,92.9,95.63,91.9,92.36,698869,0.0
2017-04-12,92.15,96.2399,91.41,92.48,903403,0.0
2017-04-16,91.69,95.55,91.51,92.65,1249952,0.0
2017-04-17,92.1,95.3401,91.5,91.77,1108015,0.0
2017-04-18,92.83,97.1,92.71,94.67,1225961,0.0
2017-04-19,95.07,98.67,94.7,95.57,801275,0.0
2017-04-20,95.62,98.48,94.75,95.43,547913,0.0
2017-04-23,96.73,100.91,96.24,97.82,867635,0.0
2017-04-24,98.1,101.38,97.44,98.67,803134,0.0
2017-04-25,98.74,101.679,97.62,97.79,483056,0.0
2017-04-26,98.3,103.26,98.3,100.49,2249170,0.0
2017-04-27,97.21,100.87,94.92,95.28,2282320,0.0
2017-04-30,95.76,96.53,94.56,96.21,1467749,0.0
2017-05-01,96.4,99.3099,95.53,96.74,1038808,0.0
2017-05-02,96.42,99.99,96.11,96.48,696176,0.0
2017-05-03,97.2,100.57,96.61,97.8,703985,0.0
2017-05-04,98.44,101.519,96.82,97.92,759286,0.0
2017-05-07,97.99,100.61,97.25,97.5,768911,0.0
2017-05-08,97.69,100.99,97.6,97.8,613780,0.0
2017-05-09,98.11,100.94,97.39,97.75,876866,0.0
2017-05-10,97.82,100.63,97.11,97.79,668608,0.0
2017-05-11,97.91,100.7,97.05,97.57,634236,0.0
2017-05-14,97.62,101.67,97.62,98.75,1045572,0.0
2017-05-15,99.15,101.9725,98.95,99.81,932567,0.0
2017-05-16,98.92,101.48,97.37,97.42,962722,0.0
2017-05-17,97.19,100.3375,96.71,98.36,1063575,0.0
2017-05-18,98.86,102.35,98.61,99.27,705211,0.0
2017-05-21,99.64,102.8383,99.12,100.18,439324,0.0
2017-05-22,100.43,102.98,99.52,99.96,775645,0.0
2017-05-23,100.57,103.56,100.08,100.73,502907,0.0
2017-05-24,100.95,104.996,100.8,102.26,501170,0.0
2017-05-25,102.17,104.73,101.34,102.16,407365,0.0
2017-05-29,102.25,105.3654,101.93,101.96,636462,0.0
2017-05-30,102.49,105.1,100.81,101.43,1276309,0.0
2017-05-31,101.43,104.86,101.43,102.17,1092334,0.0
2017-06-01,102.9,105.74,102.22,103.27,1404969,0.0
2017-06-04,103.27,106.43,102.91,103.78,910948,0.0
2017-06-05,103.77,108.08,103.09,105.14,826116,0.0
2017-06-06,105.34,108.854,104.99,105.99,714733,0.0
2017-06-07,106.23,109.02,105.23,106.24,598891,0.0
2017-06-08,106.56,109.531,98.08,99.46,1411784,0.0
2017-06-11,98.06,99.41,95.71,98.65,1787919,0.0
2017-06-12,99.45,101.5794,97.68,98.92,745366,0.0
2017-06-13,98.94,100.94,95.22,96.12,1228004,0.0
2017-06-14,94.83,97.33,94.26,94.68,1188772,0.0
2017-06-15,94.76,98.34,94.49,95.29,1084690,0.0
2017-06-18,96.31,100.49,96.07,98.53,1057020,0.0
2017-06-19,98.37,100.86,95.08,95.17,916883,0.0
2017-06-20,95.36,98.1376,94.62,95.59,725927,0.0
2017-06-21,95.53,97.83,93.97,94.29,587317,0.0
2017-06-22,94.3,98.03,94.25,95.53,799364,0.0
2017-06-25,95.89,96.67,93.52,93.65,910281,0.0
2017-06-26,93.36,95.82,91.39,91.55,991040,0.0
2017-06-27,92.22,95.215,90.63,93.38,1234054,0.0
2017-06-28,93.01,93.01,88.84,90.23,1213359,0.0
2017-06-29,91.14,92.6,89.01,89.25,935293,0.0
2017-07-02,90.05,90.67,88.56,89.29,524050,0.0
2017-07-04,89.5,92.48,88.47,90.01,1104895,0.0
2017-07-05,89.58,92.56,88.68,90.2,828133,0.0
2017-07-06,90.91,94.9,90.67,92.24,856716,0.0
2017-07-09,92.33,95.33,91.53,93.27,802579,0.0
2017-07-10,93.28,96.5392,92.79,94.54,822681,0.0
2017-07-11,95.32,97.74,94.46,95.29,496220,0.0
2017-07-12,95.5,98.16,94.73,95.19,506827,0.0
2017-07-13,95.55,98.9901,95.33,97.18,675258,0.0
2017-07-16,97.53,99.995,95.9,96.68,549901,0.0
2017-07-17,96.6,99.57,95.71,97.37,428166,0.0
2017-07-18,98.17,101.16,98,98.89,815928,0.0
2017-07-19,99.16,101.59,97.98,99.19,370863,0.0
2017-07-20,98.47,100.7399,96.68,97.43,678650,0.0
2017-07-23,97.47,100.6394,97.36,97.74,537084,0.0
2017-07-24,97.51,100.128,96.47,96.68,796189,0.0
2017-07-25,96.07,100.7156,96.07,98.37,619398,0.0
2017-07-26,98.65,100.975,96.07,97.47,1123938,0.0
2017-07-27,95.34,96.54,91.89,92.07,1528969,0.0
2017-07-30,92.25,94.565,90.21,90.35,861417,0.0
2017-07-31,90.56,92.98,89.59,90.35,1482844,0.0
2017-08-01,90.82,90.98,87.69,87.79,1215058,0.0
2017-08-02,87.7,89.2599,86.31,86.77,1349804,0.0
2017-08-03,86.85,89.1099,86.24,86.64,900686,0.0
2017-08-06,87.48,92.41,86.82,89.74,1630139,0.0
2017-08-07,89.72,91.98,88.15,88.44,1024070,0.0
2017-08-08,87.87,91.72,87.29,89.22,682459,0.0
2017-08-09,88.54,90.95,85.75,85.97,854179,0.0
2017-08-10,86.52,90.59,86.51,88.71,713644,0.0
2017-08-13,89.82,91.93,89.36,89.84,946640,0.0
2017-08-14,89.79,91.06,88.86,89.37,544653,0.0
2017-08-15,89.37,91.94,88.79,90.22,539864,0.0
2017-08-16,89.84,91.43,88.13,88.15,625201,0.0
2017-08-17,88.46,90.82,87.69,88.63,807041,0.0
2017-08-20,88.3,89.2899,86.84,87.4,741797,0.0
2017-08-21,88.3,91.86,87.84,90.04,622750,0.0
2017-08-22,89.58,91.755,89.1,89.8,382974,0.0
2017-08-23,90.05,91.3099,88.22,88.67,750713,0.0
2017-08-24,89.05,91.3604,88.43,88.84,356290,0.0
2017-08-27,88.97,91.46,88.96,89.88,458557,0.0
2017-08-28,89.17,92.5,88.67,90.72,303937,0.0
2017-08-29,90.78,93.48,90.49,91.84,376375,0.0
2017-08-30,92.26,93.9333,91.41,91.99,718267,0.0
2017-08-31,92.41,94.08,91.41,92.38,380265,0.0
2017-09-04,92.24,94.0047,90.85,91.97,604683,0.0
2017-09-05,92.03,94.1,91.14,92.79,689072,0.0
2017-09-06,92.87,95.3657,92.05,93.6,504218,0.0
2017-09-07,93.52,95.76,92.36,92.64,464710,0.0
2017-09-10,93.49,97.53,93.49,95.41,758629,0.0
2017-09-11,95.33,98.19,94.78,96.18,600097,0.0
2017-09-12,95.06,97.48,94.29,94.99,921806,0.0
2017-09-13,94.84,97.867,94.69,95.7,629385,0.0
2017-09-14,95.88,98.81,95.51,96.86,923031,0.0
2017-09-17,97.22,100.8043,96.9,99.08,953931,0.0
2017-09-18,99.5,102.48,98.74,100.16,1417991,0.0
2017-09-19,100.36,101.1,96.79,97.86,1315385,0.0
2017-09-20,97.95,99.91,96.78,97.72,1001081,0.0
2017-09-21,97.6,100.99,97.6,98.77,876360,0.0
2017-09-24,98.26,100.3122,96.59,97.22,522471,0.0
2017-09-25,97.97,99.989,96.49,97.38,531787,0.0
2017-09-26,98.45,103.13,97.84,102.29,1713915,0.0
2017-09-27,101.36,105.08,101.36,103.02,1034923,0.0
2017-09-28,103.22,105.9885,102.26,104.08,744799,0.0
2017-10-01,103.63,105.83,101.99,103.05,804982,0.0
2017-10-02,103.13,104.4125,100.5,100.98,1375790,0.0
2017-10-03,100.78,102.9692,99.22,101.14,984705,0.0
2017-10-04,101.65,103.13,99.5,99.83,811429,0.0
2017-10-05,99.91,102.48,99.45,100.62,608369,0.0
2017-10-08,100.88,104.355,100.78,102.07,671390,0.0
2017-10-09,103.03,104.62,101.49,102.56,613751,0.0
2017-10-10,102.18,105.0999,101.9,102.7,348679,0.0
2017-10-11,102.99,105.6132,102.61,102.92,696872,0.0
2017-10-12,103.31,106.045,102.9,103.39,640583,0.0
2017-10-15,104.08,107.077,103.2,105.39,978298,0.0
2017-10-16,105.89,107.8472,104.81,106.06,815850,0.0
2017-10-17,106.23,108.1,104.2,106.13,637187,0.0
2017-10-18,104.79,107.99,103.86,106.1,513047,0.0
2017-10-19,107.09,108.7153,105.94,106.38,547861,0.0
2017-10-22,107,108.54,105.49,105.85,869502,0.0
2017-10-23,105.82,107.58,105.13,105.74,636090,0.0
2017-10-24,105.42,107.56,103.31,104.78,890525,0.0
2017-10-25,105.13,109.1699,105.1,106.88,1975756,0.0
2017-10-26,106.24,108.6662,101.74,106.11,1948476,0.0
2017-10-29,106.23,108.08,104.54,105.41,1344721,0.0
2017-10-30,105.83,108.928,104.92,106.92,2222875,0.0
2017-10-31,108,108,101.22,103.25,1636163,0.0
2017-11-01,103.32,105.88,102.61,104.46,1316781,0.0
2017-11-02,104.16,106.3643,103.66,104.38,804446,0.0
2017-11-05,104.42,105.8292,103.17,103.6,766164,0.0
2017-11-06,103.52,107.1095,103.26,105.56,876676,0.0
2017-11-07,105.64,107.76,104.38,105.14,771294,0.0
2017-11-08,104.59,104.6,99.93,100.55,1628950,0.0
2017-11-09,100.36,101.24,99.78,100.59,1664903,0.0
2017-11-12,99.66,102.64,99.38,100.09,1787458,0.0
2017-11-13,100.09,101.47,99.45,100.89,1479466,0.0
2017-11-14,100.77,103.16,99.26,101.68,1474194,0.0
2017-11-15,102.22,105.73,101.53,103.47,1691089,0.0
2017-11-16,104.45,105.55,100.27,100.39,1242733,0.0
2017-11-19,100.73,103.02,100.73,101.24,1275538,0.0
2017-11-20,101.97,104.4,101.96,103.43,936375,0.0
2017-11-21,104.39,104.9199,102.6,103.18,820368,0.0
2017-11-23,103.43,104.9554,102.79,103.74,671538,0.0
2017-11-26,102.34,104.73,101.01,103.1,1005010,0.0
2017-11-27,102.94,106.72,102.94,105.83,1163044,0.0
2017-11-28,105.83,106.05,97.69,99.11,2802666,0.0
2017-11-29,100.3,103.1,99.78,100.97,2111468,0.0
2017-11-30,100.02,102.72,98.49,102.58,1559834,0.0
2017-12-03,103.42,103.61,98.98,99.63,1291195,0.0
2017-12-04,99.9,104.1,98.81,101.37,918971,0.0
2017-12-05,100.65,102.89,99.9,101.47,737596,0.0
2017-12-06,101.83,104.56,101.59,103.29,737340,0.0
2017-12-07,103.79,105.54,102.54,102.69,668963,0.0
2017-12-10,102.97,104.464,101.23,102.56,660598,0.0
2017-12-11,102.53,103.97,100.77,101.78,951867,0.0
2017-12-12,101.97,104.0901,101.03,102.58,756089,0.0
2017-12-13,102.86,105.5923,102.66,103.13,812863,0.0
2017-12-14,103.04,105.75,101.9,104.32,1130707,0.0
2017-12-17,108.21,111.39,107.66,109.84,1134808,0.0
2017-12-18,109.63,111.7555,109.05,110.24,924490,0.0
2017-12-19,111.71,114.0042,110.01,111.06,1078181,0.0
2017-12-20,111.12,112.5671,107.17,107.28,887298,0.0
2017-12-21,107.42,109.5807,106.39,107.97,395669,0.0
2017-12-25,107.25,108.8,105.77,106.32,293646,0.0
2017-12-26,106.6,107.33,105.28,105.95,484495,0.0
2017-12-27,106.8,108.91,105.86,106.52,614306,0.0
2017-12-28,106.49,107.3962,103.63,103.77,767825,0.0
2018-01-01,104.48,106.14,103.65,104.82,1210188,0.0
2018-01-02,104.57,107.12,103.7,106.04,1811589,0.0
2018-01-03,106.62,108.589,105.04,106.23,1483901,0.0
2018-01-04,107.08,110.3802,106.6,108.5,921494,0.0
2018-01-07,107.21,110.845,107.21,108.8,535358,0.0
2018-01-08,108.96,109.7,107.29,107.85,571076,0.0
2018-01-09,107.09,107.09,103.43,104.96,952040,0.0
2018-01-10,105.32,105.88,103.66,104.93,705226,0.0
2018-01-11,105.34,107.74,104.98,105.96,729557,0.0
2018-01-15,107.19,108.93,105.8,106.33,742232,0.0
2018-01-16,107.9,112.99,107.33,112.09,1520812,0.0
2018-01-17,111.44,114.4249,110.64,113.23,926160,0.0
2018-01-18,113.3,114.79,112.15,113.6,664827,0.0
2018-01-21,113.59,114.52,112.36,113.17,726146,0.0
2018-01-22,113.4,115.38,113.06,114.57,897346,0.0
2018-01-23,114.28,116.2238,112.53,113.51,840570,0.0
2018-01-24,117.29,121.65,112.59,113.14,1398193,0.0
2018-01-25,109.63,114.26,108.97,112.04,1724793,0.0
2018-01-28,111.93,112.28,109.89,110.74,1047129,0.0
2018-01-29,109.99,110.77,107.57,108.06,1093744,0.0
2018-01-30,108.67,109.9627,107.7,108.44,743834,0.0
2018-01-31,107.92,112.439,107.72,109.77,987110,0.0
2018-02-01,108.68,109.55,105.15,105.2,961820,0.0
2018-02-04,104.76,106.66,99.92,99.95,1211674,0.0
2018-02-05,97.9,104.01,97.52,103.93,1384344,0.0
2018-02-06,103.11,104.72,100.84,101.39,1126220,0.0
2018-02-07,101.72,103.09,96.36,97.32,1806635,0.0
2018-02-08,98.48,100.55,94.93,99.65,1256486,0.0
2018-02-11,100.49,103.8598,99.95,102.62,1149865,0.0
2018-02-12,102.02,103.98,101.47,102.92,1493460,0.0
2018-02-13,102.4,107.71,102.2,106.74,1537896,0.0
2018-02-14,107.98,108.51,102.97,108.13,1970058,0.0
2018-02-15,107.91,110.5599,106.71,106.79,1400788,0.0
2018-02-19,106.53,111.86,106.25,109.8,1650617,0.0
2018-02-20,110.18,110.73,108.5,108.93,1217718,0.0
2018-02-21,110.96,111.19,107.6,108.17,1157810,0.0
2018-02-22,109.2,109.99,108,109.72,826428,0.0
2018-02-25,110.44,114.36,110.44,113.9,783004,0.0
2018-02-26,113.69,115.32,112.27,112.69,619582,0.0
2018-02-27,113.41,114.98,112.21,112.54,632797,0.0
2018-02-28,112.17,114.0948,109.52,110.46,813831,0.0
2018-03-01,109.35,112.52,108.65,112.25,550196,0.0
2018-03-04,111.85,114.935,111.04,113.06,483901,0.0
2018-03-05,114,116.345,113.43,115.29,718738,0.0
2018-03-06,114.52,117.3398,114.36,116.66,982233,0.0
2018-03-07,117.25,117.575,115.58,116.21,450353,0.0
2018-03-08,116.87,120.76,116.21,120.33,864723,0.0
2018-03-11,121.16,122.8575,120.18,121.56,700548,0.0
2018-03-12,122.54,123.41,119.2,119.67,684923,0.0
2018-03-13,121.02,121.07,118.91,119.63,563313,0.0
2018-03-14,119.76,122.27,119.04,119.99,594432,0.0
2018-03-15,120.69,121.36,119.34,119.81,620523,0.0
2018-03-18,117.51,118.15,110.3,115.2,2969552,0.0
2018-03-19,114.93,117.98,114.08,116.4,2030992,0.0
2018-03-20,116.87,119.59,116.67,117.26,1035315,0.0
2018-03-21,115.3,116.6862,112.02,112.16,1073978,0.0
2018-03-22,112.66,113.08,107.43,107.45,1558590,0.0
2018-03-25,109.97,112.75,109.48,112.59,1454886,0.0
2018-03-26,113.35,113.57,106.26,107.08,796977,0.0
2018-03-27,106.9,108.09,104.34,105.85,1021318,0.0
2018-03-28,106.77,109.79,105.46,108.27,592508,0.0
2018-04-01,107.6,108.2508,103.34,104.62,831668,0.0
2018-04-02,105.68,107.03,104.53,106.84,740999,0.0
2018-04-03,104.21,108.93,102.93,108.51,700710,0.0
2018-04-04,110.04,110.85,107.51,107.98,1173391,0.0
2018-04-05,106.01,107.8238,102.85,103.37,1100355,0.0
2018-04-08,105.14,107.88,103.62,103.79,1060898,0.0
2018-04-09,106.04,109.47,105.691,108.53,893415,0.0
2018-04-10,106.51,108.55,105.69,105.92,747487,0.0
2018-04-11,106.57,109.19,106.33,108.38,730553,0.0
2018-04-12,109.48,109.5,106.24,106.86,587505,0.0
2018-04-15,107.93,109.1178,106.48,108.11,656993,0.0
2018-04-16,109.42,110.64,108.44,109.87,875311,0.0
2018-04-17,108.57,109.15,106.59,108.26,671070,0.0
2018-04-18,105.88,105.88,101.2,101.6,1282241,0.0
2018-04-19,102.63,103.4,100.89,101.47,984998,0.0
2018-04-22,101.57,102.13,99.4,100.32,1329047,0.0
2018-04-23,101.75,102.2,97.42,98.89,1233538,0.0
2018-04-24,99.75,100.49,97.9,98.66,1057227,0.0
2018-04-25,99.47,101.25,99.23,100.83,1075886,0.0
2018-04-26,100.86,103,98.37,101.49,2177221,0.0
2018-04-29,102.51,103.24,100.89,101.73,1010509,0.0
2018-04-30,101.65,102.62,100.39,102.33,933489,0.0
2018-05-01,102.6,103.83,101.87,102.18,671912,0.0
2018-05-02,101.45,103.35,100.445,102.99,668290,0.0
2018-05-03,102.47,106.71,101.675,106.65,859164,0.0
2018-05-06,107,107.25,106.12,106.705,651440,0.0
2018-05-07,105.66,107.21,105.52,106.91,568610,0.0
2018-05-08,107.5,109.22,106.9,109.17,519102,0.0
2018-05-09,109.68,111.2,109.185,111.05,342648,0.0
2018-05-10,110.79,111.81,110.41,111.08,567767,0.0
2018-05-13,111.38,113.93,111.38,112.72,924681,0.0
2018-05-14,111.83,112,110.25,111.34,870502,0.0
2018-05-15,111.77,114.02,111.63,113.7,736530,0.0
2018-05-16,113.4,114.36,111.83,113.24,785897,0.0
2018-05-17,111.45,111.45,107.82,109.38,1323872,0.0
2018-05-20,110.87,111.89,109.8501,111.42,885998,0.0
2018-05-21,112.2,114.38,112.18,113.63,932387,0.0
2018-05-22,112.32,113.32,111.3401,113.31,490527,0.0
2018-05-23,113.11,113.8973,111.66,113.53,931960,0.0
2018-05-24,113.29,114.96,113.16,114.35,508173,0.0
2018-05-28,113.5,114.46,112.08,113.65,733162,0.0
2018-05-29,114.52,115.33,113.3,114.02,615755,0.0
2018-05-30,113.92,115.02,112.86,113.24,707196,0.0
2018-05-31,114.51,116.42,113.85,115.86,949077,0.0
2018-06-03,115.28,117.12,115.17,116.24,531244,0.0
2018-06-04,117.04,118.19,116.57,118.18,703043,0.0
2018-06-05,118.14,118.56,116.9,117.51,1153641,0.0
2018-06-06,115.45,116.57,114.45,115.93,1102728,0.0
2018-06-07,114.39,114.57,113.14,114.19,853183,0.0
2018-06-10,113.83,114.66,112.33,112.47,806788,0.0
2018-06-11,113.12,113.68,111.53,113.61,760080,0.0
2018-06-12,113.9,114.41,112.4774,112.95,723287,0.0
2018-06-13,113.5,113.75,112.36,113.12,638180,0.0
2018-06-14,113.16,113.16,111.31,112.84,720261,0.0
2018-06-17,111.83,112.39,109.83,112.04,641317,0.0
2018-06-18,110.42,111.28,109.14,110.58,618219,0.0
2018-06-19,111.07,111.7772,109.32,109.76,844513,0.0
2018-06-20,110.43,111.32,109.62,110.3,734183,0.0
2018-06-21,107.11,108.96,105.29,106.51,1995760,0.0
2018-06-24,105.43,105.43,101.74,104.15,1537271,0.0
2018-06-25,105.11,105.61,103.76,104.61,909768,0.0
2018-06-26,104.81,105.09,100.57,100.61,966295,0.0
2018-06-27,100.53,101.89,99.84,101.82,910154,0.0
2018-06-28,102.43,103.97,102.08,102.54,1147183,0.0
2018-07-01,101.28,103.87,100.36,103.79,808002,0.0
2018-07-02,102.63,103.86,101.45,101.55,528640,0.0
2018-07-04,102.61,103.5,101.75,103.44,482842,0.0
2018-07-05,103.17,105,102.25,104.87,351874,0.0
2018-07-08,105.35,105.99,104.28,105.97,457154,0.0
2018-07-09,106.61,107.02,105.58,106.07,625324,0.0
2018-07-10,105.4,106.4291,103.025,103.27,736526,0.0
2018-07-11,104.06,104.82,103.49,104.56,1015100,0.0
2018-07-12,104.59,105.07,104.14,104.85,375160,0.0
2018-07-15,104.7,104.715,103.96,104.16,579157,0.0
2018-07-16,103.62,106.04,103.62,105.87,1494910,0.0
2018-07-17,107.62,110.82,107.45,110.23,1221821,0.0
2018-07-18,109.21,109.78,107.07,108.48,918359,0.0
2018-07-19,108.01,108.01,106.45,106.92,754543,0.0
2018-07-22,106.72,107.31,104.68,106.94,617385,0.0
2018-07-23,107.67,108.6,103.67,103.96,1273029,0.0
2018-07-24,103.95,104.52,101.42,104.44,1034122,0.0
2018-07-25,104.47,105.91,104.25,105.23,899738,0.0
2018-07-26,105.82,108.93,105.61,107.57,891234,0.0
2018-07-29,107.32,108.03,105.42,106.42,1261932,0.0
2018-07-30,111.89,122.4,111.6,117.42,3998197,0.0
2018-07-31,117.76,119.17,116.24,116.74,1337053,0.0
2018-08-01,115.31,118.71,114.5,118.46,1115460,0.0
2018-08-02,118.45,119.7,117.29,119.56,855975,0.0
2018-08-05,118.87,119.3348,117.86,118.28,802055,0.0
2018-08-06,118.33,119.15,117.06,118.14,891400,0.0
2018-08-07,118.13,119.19,115.62,118.2,852451,0.0
2018-08-08,117.46,118.15,116.6225,116.77,657716,0.0
2018-08-09,115.31,116.26,113.21,114.23,1704670,0.0
2018-08-12,114.75,116.19,114.255,116.16,1191793,0.0
2018-08-13,116.14,117.37,115.18,115.32,730432,0.0
2018-08-14,113.88,114.14,111.74,112.72,1093850,0.0
2018-08-15,113.42,114,111.81,112.24,861380,0.0
2018-08-16,110.98,113.06,108.36,112.39,2023977,0.0
2018-08-19,112.82,112.88,110.63,110.94,836669,0.0
2018-08-20,111.05,113.83,110.93,113.29,987728,0.0
2018-08-21,113.02,114.71,112.21,114.03,773978,0.0
2018-08-22,113.74,114.74,113.39,113.93,411948,0.0
2018-08-23,114.79,115.78,114.33,115.42,413563,0.0
2018-08-26,116.3,118.35,115.86,117.48,578383,0.0
2018-08-27,117.76,118.3,115.94,117.39,392445,0.0
2018-08-28,117.43,117.73,116.22,116.7,616714,0.0
2018-08-29,116.42,117.53,116.11,116.75,594961,0.0
2018-08-30,116.72,117.52,116.02,116.2,412345,0.0
2018-09-03,117.3,118.545,115.45,118.22,1218366,0.0
2018-09-04,117.46,119.3,116.865,118.83,925671,0.0
2018-09-05,116.75,118.43,106.12,107.27,2948752,0.0
2018-09-06,106.64,107.78,103.89,104.18,1960462,0.0
2018-09-09,105.11,105.97,103.5,105.69,1446483,0.0
2018-09-10,105.09,106.31,104.65,105.64,1563857,0.0
2018-09-11,101.88,103.48,100.3,102.92,2067323,0.0
2018-09-12,104.5,107.495,103.69,104.13,1204623,0.0
2018-09-13,104.28,105.65,103.85,104.47,1337701,0.0
2018-09-16,104.79,105.24,102.92,103.27,1316223,0.0
2018-09-17,103.7,104.64,102.97,103.57,1070738,0.0
2018-09-18,104.02,104.02,101.925,102.45,1611155,0.0
2018-09-19,103.64,104.62,103.05,103.92,2319544,0.0
2018-09-20,104.465,105.45,103.98,104.52,2538711,0.0
2018-09-23,103.44,105.13,103.1675,104.38,684239,0.0
2018-09-24,104.22,104.4,102.065,102.36,809206,0.0
2018-09-25,102.015,102.96,100.47,100.58,1432463,0.0
2018-09-26,101.42,101.6515,100.77,100.91,1172709,0.0
2018-09-27,100.76,102.43,99.58,101.73,2067239,0.0
2018-09-30,101.52,102.61,100.52,100.76,1257539,0.0
2018-10-01,100.77,102.96,100.7473,100.97,1213173,0.0
2018-10-02,101.01,102.97,100.13,102.81,1252118,0.0
2018-10-03,101.88,101.99,98.89,101.33,2770915,0.0
2018-10-04,101.44,101.73,98.54,99.34,1204734,0.0
2018-10-07,98.51,99.64,97.33,99.22,1183458,0.0
2018-10-08,100.42,101.21,97.75,99.15,2252834,0.0
2018-10-09,96.98,97.53,93.74,93.85,3436935,0.0
2018-10-10,95.105,95.98,91.29,91.77,2019098,0.0
2018-10-11,94.3267,94.3267,91.65,93.19,1350691,0.0
2018-10-14,91.42,92.57,91.06,91.09,1363616,0.0
2018-10-15,91.65,93.14,90.9,92.94,1386205,0.0
2018-10-16,95.77,96.2,93.21,93.82,1776775,0.0
2018-10-17,93.12,93.19,91.085,91.34,1491147,0.0
2018-10-18,91.8108,92.82,90.1247,90.81,1717860,0.0
2018-10-21,91.11,91.57,89.09,90.27,1498573,0.0
2018-10-22,87.87,90.82,87.02,90.5,881891,0.0
2018-10-23,89.21,89.56,85.89,85.95,1405623,0.0
2018-10-24,87.54,89.57,87,89.04,997722,0.0
2018-10-25,87,89.06,86,87.21,1886648,0.0
2018-10-28,88.67,89.04,84.59,85.71,1505561,0.0
2018-10-29,88.5,92.477,87.02,91.6,1989912,0.0
2018-10-30,92.71,92.75,90.035,91.54,1033045,0.0
2018-10-31,91.95,95.485,91.31,94.91,1935664,0.0
2018-11-01,95.1,95.99,92.58,93.29,1064407,0.0
2018-11-04,93.28,94.01,91.26,92.51,1432950,0.0
2018-11-05,92.84,95.22,92.15,95.05,1206233,0.0
2018-11-06,96.04,97.19,93.98,96.51,1658499,0.0
2018-11-07,95.71,97.47,95.325,97.04,1028346,0.0
2018-11-08,96,96.73,94.41,95.25,1036966,0.0
2018-11-11,93.74,95.05,91.64,92.29,1097910,0.0
2018-11-12,92.73,95.44,92.73,93.43,1615479,0.0
2018-11-13,94.22,95.15,92.11,92.31,1799503,0.0
2018-11-14,91.27,95.05,90.76,94.46,1626542,0.0
2018-11-15,92.59,97.68,91.83,96.91,2776196,0.0
2018-11-18,96.11,96.91,92.09,92.32,2025679,0.0
2018-11-19,90.36,95.61,90.25,94.48,1409487,0.0
2018-11-20,95.62,96.4,93.8,94.74,933686,0.0
2018-11-22,94.17,95.84,93,94.39,617244,0.0
2018-11-25,95.77,96.07,94.12,95.85,1064697,0.0
2018-11-26,95.17,96.56,94.81,96.31,978912,0.0
2018-11-27,97.22,98.89,95.68,98.73,1174496,0.0
2018-11-28,98.1,98.59,96.6,96.68,801833,0.0
2018-11-29,96.47,98.68,96,98.56,1025224,0.0
2018-12-02,100.46,101.64,99.63,101.15,2097372,0.0
2018-12-03,99.21,99.89,95.56,95.88,2221963,0.0
2018-12-05,94.21,95.61,93.45,95.57,1670171,0.0
2018-12-06,95.42,96.01,91.6,92.14,1024800,0.0
2018-12-09,92.22,93.45,91.18,92.29,894378,0.0
2018-12-10,94.27,95.41,91.67,92.72,1508498,0.0
2018-12-11,94.89,94.89,91.8,93.54,1957435,0.0
2018-12-12,93.96,94.48,92.045,92.67,921110,0.0
2018-12-13,91.13,91.95,89.48,89.5,1570630,0.0
2018-12-16,89.44,91.23,88.3,88.91,1623377,0.0
2018-12-17,90.13,93.13,89.66,90,1893501,0.0
2018-12-18,89.64,92.01,86.33,86.94,2340804,0.0
2018-12-19,86.99,88.15,84.83,85.92,1840469,0.0
2018-12-20,86.82,88.73,84.61,85.82,2804032,0.0
2018-12-23,84.58,85.09,81.14,81.21,1434279,0.0
2018-12-25,82.05,86.08,80.65,86.07,1381082,0.0
2018-12-26,84.73,88.35,84.69,88.33,1327562,0.0
2018-12-27,88.3,90.34,88,88.55,1091406,0.0
2018-12-30,90.01,90.45,88.3259,89.04,793543,0.0
2019-01-01,87.53,91.69,87.53,90.81,951539,0.0
2019-01-02,88.41,89.995,85.71,85.97,1129224,0.0
2019-01-03,87.25,91.3,87.21,91.2,1248655,0.0
2019-01-06,91.27,93.42,90.65,92.5,949275,0.0
2019-01-07,93.49,93.49,89.36,91.05,1412949,0.0
2019-01-08,91.97,94.51,91.97,93.415,1176702,0.0
2019-01-09,92.54,93.91,92.01,93.71,936894,0.0
2019-01-10,93.05,94.99,93,93.93,571143,0.0
2019-01-13,92.82,93.52,91.76,92.62,735784,0.0
2019-01-14,93.22,93.79,91.81,92.51,582258,0.0
2019-01-15,91.92,93,91.01,91.01,834903,0.0
2019-01-16,90.47,93.01,89.93,92.72,1495075,0.0
2019-01-17,94.06,97.11,93.62,95.54,1410160,0.0
2019-01-21,95.18,95.18,92.58,93.01,995397,0.0
2019-01-22,93.76,94.51,91.06,91.95,1009207,0.0
2019-01-23,94.72,98.6,94,98.3,1547102,0.0
2019-01-24,100.12,102.33,100.08,101.21,1634098,0.0
2019-01-27,99.11,102.7799,98.6452,101.74,1439368,0.0
2019-01-28,102.4,102.49,100.35,101.44,1503492,0.0
2019-01-29,103.98,106.37,101.87,105.77,2209304,0.0
2019-01-30,105.42,108.65,104.66,106.67,1896178,0.0
2019-01-31,106.94,107.68,106.145,106.85,1180830,0.0
2019-02-03,107,107.3,105.76,106.95,853503,0.0
2019-02-04,106.98,107.46,105.9,106.8,785984,0.0
2019-02-05,106.99,109.14,106.98,107.86,1674479,0.0
2019-02-06,106.62,107.14,104.8,105.515,1192418,0.0
2019-02-07,103.8,105.53,103.45,105.415,675539,0.0
2019-02-10,106.18,106.595,105.25,105.515,812083,0.0
2019-02-11,106.81,107.65,106.4,107.14,582389,0.0
2019-02-12,107.52,108.5,107.32,107.94,868611,0.0
2019-02-13,106.75,108.49,106.505,107.22,894261,0.0
2019-02-14,108.26,108.26,106.33,108.16,1214424,0.0
2019-02-18,108.5,110.3,108.1,108.23,5361115,0.0
2019-02-19,108.75,113.32,108.57,112.9,2333673,0.0
2019-02-20,114.72,114.72,111.68,112.99,2158405,0.0
2019-02-21,113.89,115.56,113.07,114.5,2421341,0.0
2019-02-24,116.53,117.45,115.68,115.76,1078303,0.0
2019-02-25,115.83,116.55,115.69,116.12,1233504,0.0
2019-02-26,115.53,115.77,112.7,114.9,1539013,0.0
2019-02-27,114.18,115.67,113.71,115.48,1211315,0.0
2019-02-28,116.64,117.63,115.2,115.79,1059724,0.0
2019-03-03,116.94,117.75,115.29,116.7,1095541,0.0
2019-03-04,115.89,116.85,115.24,115.25,1287087,0.0
2019-03-05,115.43,115.7363,114.18,114.49,1549869,0.0
2019-03-06,115.05,115.64,113.29,114.62,1445607,0.0
2019-03-07,113.03,114.32,112.41,113.96,1156526,0.0
2019-03-10,114.82,117.32,114.7,116.94,1182927,0.0
2019-03-11,117.43,117.83,116.17,116.7,1289917,0.0
2019-03-12,117.39,118.22,116.17,116.89,1035389,0.0
2019-03-13,116.81,118.62,116.54,117.19,1163633,0.0
2019-03-14,119.76,120.06,118.81,119.68,1280348,0.0
2019-03-17,119.89,121.68,119.36,119.92,1405633,0.0
2019-03-18,119.99,120.99,119.77,120.16,845657,0.0
2019-03-19,120.33,120.88,119.04,119.93,798034,0.0
2019-03-20,120.13,124.68,119.98,123.8,1192823,0.0
2019-03-21,122.95,123.93,120.3162,120.53,1355691,0.0
2019-03-24,120.25,121,118.78,119.4,755725,0.0
2019-03-25,120.61,121.25,119.25,120.03,943591,0.0
2019-03-26,120.17,120.86,116.7,118.1,1295416,0.0
2019-03-27,118.56,119.075,116.43,117.46,684526,0.0
2019-03-28,118.75,119.6,118.12,119.44,961884,0.0
2019-03-31,119.88,122.26,119.41,122.17,562100,0.0
2019-04-01,122.72,122.89,121.23,121.95,711996,0.0
2019-04-02,123.3,124.195,122.68,124.1,1498072,0.0
2019-04-03,124.01,125.26,123.1,124,793909,0.0
2019-04-04,124.57,125.495,123.81,124.32,720226,0.0
2019-04-07,124,124.9,123.19,124.72,709978,0.0
2019-04-08,122.28,123.56,121.21,122.12,1297764,0.0
2019-04-09,121.89,123.62,121.75,123.38,726674,0.0
2019-04-10,124.15,124.38,122.24,122.87,854614,0.0
2019-04-11,124.17,124.5,122.12,123.43,808613,0.0
2019-04-14,123.52,123.59,121.205,122.25,779995,0.0
2019-04-15,122.8,124.51,122.67,124.45,1510403,0.0
2019-04-16,125.45,125.84,122.45,123.74,1152738,0.0
2019-04-17,124.39,124.58,123.23,124.2,842500,0.0
2019-04-21,123.76,123.76,122.74,123.07,498621,0.0
2019-04-22,123.28,123.83,122.58,123.24,911398,0.0
2019-04-23,123.52,127.42,123.02,125.56,1003462,0.0
2019-04-24,127.12,128.2117,123.94,125.41,1139144,0.0
2019-04-25,124.29,125.88,123.28,125.84,997253,0.0
2019-04-28,125.61,126.45,124.74,126.07,1072451,0.0
2019-04-29,126.05,127.63,125.71,127.48,972050,0.0
2019-04-30,128.43,128.9,125.95,126.03,751015,0.0
2019-05-01,126.06,128.93,125.65,128.17,1141147,0.0
2019-05-02,128.52,129.03,127.6,128.47,1123132,0.0
2019-05-05,125.09,125.61,123.87,124.641,1257511,0.0
2019-05-06,119.55,119.76,114.41,116.97,4314860,0.0
2019-05-07,116.25,117.03,114.22,114.51,1996118,0.0
2019-05-08,113.32,114.7,111.1,114.13,2451371,0.0
2019-05-09,114.09,116.17,111.87,114.01,1756569,0.0
2019-05-12,110.21,111.44,108.2,108.82,1437616,0.0
2019-05-13,109.28,110.9,108.28,109.53,1336746,0.0
2019-05-14,108.79,111.16,108.34,110.35,1607165,0.0
2019-05-15,109.73,110.02,108.42,108.77,1659302,0.0
2019-05-16,107.72,110.32,107.35,108.6,1588638,0.0
2019-05-19,105.62,107.27,105.05,105.62,1406522,0.0
2019-05-20,107.03,108.4,106.61,106.8,1451289,0.0
2019-05-21,105.73,106.64,105.12,105.86,1047864,0.0
2019-05-22,104.27,104.92,102.925,104.53,1240031,0.0
2019-05-23,105.16,105.73,103.66,103.8,860713,0.0
2019-05-27,105.24,105.24,102.4,102.71,1860041,0.0
2019-05-28,101.92,103.72,101.91,103.39,1755351,0.0
2019-05-29,103.86,105.51,103.59,104.5,1672357,0.0
2019-05-30,102.9,105.0595,102.66,103.07,1142806,0.0
2019-06-02,103.76,104.78,101.34,101.77,1617195,0.0
2019-06-03,103.09,105.45,101.985,105.33,1700955,0.0
2019-06-04,106.49,107.61,104.45,106.31,1478785,0.0
2019-06-05,106.53,108.34,105.855,107.82,1656465,0.0
2019-06-06,108.65,109.89,107.89,109.48,895207,0.0
2019-06-09,110.85,114.17,109.67,113.47,1168523,0.0
2019-06-10,115.14,116.14,113.41,114.23,1179320,0.0
2019-06-11,112.38,113.84,109.91,110.09,1557263,0.0
2019-06-12,110.8,111.65,109.91,110.97,1802246,0.0
2019-06-13,108.86,110.395,107.69,109.7,1822652,0.0
2019-06-16,109.74,109.91,107.89,107.92,1351075,0.0
2019-06-17,109.54,112.9,108.815,111.62,1619944,0.0
2019-06-18,111.95,113.01,111.18,112.31,1000065,0.0
2019-06-19,114.26,114.84,112.97,113.83,664001,0.0
2019-06-20,114.18,115,113.01,113.94,1473366,0.0
2019-06-23,114.33,114.57,113.18,113.21,1128827,0.0
2019-06-24,113.73,115.26,112.96,113.06,1236045,0.0
2019-06-25,114.97,117.1,113.85,116.86,1147705,0.0
2019-06-26,117.32,119.23,117.19,117.74,740981,0.0
2019-06-27,119.2457,119.71,117.755,118.17,742629,0.0
2019-06-30,121.84,123.43,120.17,121.76,1221400,0.0
2019-07-01,121.36,121.36,118.765,119.59,1338132,0.0
2019-07-02,119.94,119.94,118.42,119.01,787917,0.0
2019-07-04,117.57,118.1455,116.33,117.97,779428,0.0
2019-07-07,116.88,117.96,116.71,117.33,788538,0.0
2019-07-08,116.13,117.96,115.9,117.81,704212,0.0
2019-07-09,118.74,120.75,118.39,119.61,835786,0.0
2019-07-10,119.52,120.21,118.14,120.06,1323165,0.0
2019-07-11,120.34,123.06,120.34,122.86,1276534,0.0
2019-07-14,123.05,123.87,122.48,123.55,589397,0.0
2019-07-15,123.11,123.37,121.6,122.51,804492,0.0
2019-07-16,123.94,125.99,122.69,125.51,1461864,0.0
2019-07-17,125.5,133.84,125.5,133.42,2282109,0.0
2019-07-18,133.53,133.95,131.68,131.96,1056295,0.0
2019-07-21,133.71,137.27,132.79,137.22,1572260,0.0
2019-07-22,137.46,140.7,136.8686,140.17,1494090,0.0
2019-07-23,139.88,142.66,139.77,142.64,1048956,0.0
2019-07-24,141.05,142.08,139.18,139.7,1243736,0.0
2019-07-25,140.35,141.44,139.2601,139.47,877869,0.0
2019-07-28,139.04,139.81,138.59,139.49,721002,0.0
2019-07-29,138.13,140.83,138,139.98,458407,0.0
2019-07-30,139.58,139.7,134.37,136.31,1158091,0.0
2019-07-31,136.51,143.95,135.37,136.76,2571225,0.0
2019-08-01,135.12,135.32,131.49,133.25,1853791,0.0
2019-08-04,130.1,130.9599,125.1942,126.46,3047098,0.0
2019-08-05,131.87,140.77,131.11,135.76,3035096,0.0
2019-08-06,133.46,135.62,133.46,134.14,1210062,0.0
2019-08-07,135.94,137.64,134.74,137.37,1237733,0.0
2019-08-08,136.35,137.26,134.03,136.14,886370,0.0
2019-08-11,135,135.9,133.43,134.19,809020,0.0
2019-08-12,132.55,137.13,132.28,135.24,1717187,0.0
2019-08-13,131.9,134.03,130.43,131.05,885927,0.0
2019-08-14,131.32,133.09,130.9335,132.04,686574,0.0
2019-08-15,132.94,136.59,132.13,136.12,1145724,0.0
2019-08-18,138,141.8,137.2,140.39,1476159,0.0
2019-08-19,140.26,142.13,139.21,140.38,914606,0.0
2019-08-20,141.62,142.75,140.38,141.9,732811,0.0
2019-08-21,142.65,144.52,141.28,143.6,1180992,0.0
2019-08-22,142.26,144.32,138.56,139.19,1475043,0.0
2019-08-25,141,141.92,139.89,141.35,812839,0.0
2019-08-26,142.46,142.93,140.61,142.41,874328,0.0
2019-08-27,141.16,144.05,140.05,143.55,811337,0.0
2019-08-28,145.66,147.47,145.0952,146.37,1058355,0.0
2019-08-29,147.98,148.78,147.09,147.87,1178049,0.0
2019-09-02,149.46,150.39,147.405,149.94,1863532,0.0
2019-09-03,151.58,152,149.97,150.66,1754602,0.0
2019-09-04,153.68,155.33,150.92,150.99,2108638,0.0
2019-09-05,150.85,152.52,150.591,151,1846558,0.0
2019-09-08,151.99,152.76,148.53,150.57,2117219,0.0
2019-09-09,149.77,149.77,146.06,148.84,1638686,0.0
2019-09-10,150,150.77,148.63,150.65,2590470,0.0
2019-09-11,152.99,152.99,149.39,149.63,1721218,0.0
2019-09-12,149.58,151.645,147.8,150.31,1562886,0.0
2019-09-15,148.76,151.92,148.06,151.15,1005486,0.0
2019-09-16,153.21,155.78,150.16,152.6,1962852,0.0
2019-09-17,152.59,158.09,151.7,157.98,2362891,0.0
2019-09-18,158.61,159.3,156.46,157.19,1131704,0.0
2019-09-19,158.01,158.54,154.37,155.44,1769901,0.0
2019-09-22,155.2,158.63,155.2,157.58,789461,0.0
2019-09-23,159.31,160.55,155.5333,156.55,1418094,0.0
2019-09-24,156.35,160.93,156.17,160.58,1028776,0.0
2019-09-25,160.88,162.68,159.935,161.99,1036783,0.0
2019-09-26,160.16,161.32,157.48,158.48,1257182,0.0
2019-09-29,159.46,160.3,157.65,159.46,718164,0.0
2019-09-30,160.79,162.41,157.7292,158.29,800673,0.0
2019-10-01,156.28,157.4972,153.63,155,1304260,0.0
2019-10-02,155.47,157.69,153.69,157.07,917392,0.0
2019-10-03,157.64,161.29,157.47,161.1,2013010,0.0
2019-10-06,160.7,162.68,160.2006,161.05,1469637,0.0
2019-10-07,158.76,159.0255,154.33,154.5,2573953,0.0
2019-10-08,157.17,158.81,156.11,157.45,1774618,0.0
2019-10-09,158.02,159.26,156.6,157.4,1582687,0.0
2019-10-10,160.97,162.49,158.93,160.23,2074582,0.0
2019-10-13,160.18,160.2,158.31,159,1373810,0.0
2019-10-14,160.08,163.54,159.58,162.51,1491470,0.0
2019-10-15,160.8,161.97,159.0816,159.58,2093800,0.0
2019-10-16,162.71,167.95,161.0375,161.48,2937912,0.0
2019-10-17,160.63,162.02,158.32,159.55,1968439,0.0
2019-10-20,161.58,164.29,159.87,164.11,1403971,0.0
2019-10-21,163.88,164.8509,162.34,162.83,1089533,0.0
2019-10-22,161.14,162.22,158.27,158.77,986687,0.0
2019-10-23,164,168.945,163.46,168.74,1667864,0.0
2019-10-24,167.69,170.29,166.7989,170.11,898873,0.0
2019-10-27,171.02,175.25,171.02,174.77,1478990,0.0
2019-10-28,174.45,175.32,170.19,170.21,1335022,0.0
2019-10-29,171.82,173.94,169.21,173.07,1546683,0.0
2019-10-30,167.67,170.2484,160.4,169.05,2375412,0.0
2019-10-31,170.13,173.14,169.27,172.41,1256349,0.0
2019-11-03,174.78,175.43,172.46,173.98,903760,0.0
2019-11-04,174.17,175.32,171.43,171.99,1588181,0.0
2019-11-05,171.22,172.76,168.33,172.57,1120479,0.0
2019-11-06,173.58,174,171.52,171.94,806715,0.0
2019-11-07,170.33,174.28,170.33,174.26,571068,0.0
2019-11-10,173.63,175.34,171.46,174.45,546169,0.0
2019-11-11,175.13,176.23,173.65,174.39,747896,0.0
2019-11-12,174.2,177.35,173.14,176.36,810067,0.0
2019-11-13,175.97,176.97,174.325,176.58,745612,0.0
2019-11-14,178.83,179.95,177.11,177.8431,1385393,0.0
2019-11-17,177.59,178.17,176.73,176.93,844564,0.0
2019-11-18,177.04,178,173.5,176,951472,0.0
2019-11-19,176.13,177.15,172.86,173.65,812849,0.0
2019-11-20,165.86,166.58,159.62,161.59,3026903,0.0
2019-11-21,160.47,162.65,157.84,158.5,2133579,0.0
2019-11-24,160.34,164.22,160.3,163.29,1652789,0.0
2019-11-25,163.85,164.22,161.11,162.12,1430947,0.0
2019-11-26,163.3,166.26,162.14,165.67,1027746,0.0
2019-11-28,165.09,165.57,163.69,163.77,490718,0.0
2019-12-01,163.95,164.24,160.39,161.06,1021194,0.0
2019-12-02,158,159.01,155.5638,156.37,1774775,0.0
2019-12-03,159.52,160.79,158,160.27,968432,0.0
2019-12-04,160.49,162.83,160.08,161.57,965964,0.0
2019-12-05,163.49,165.515,162.85,162.9,697214,0.0
2019-12-08,163.33,163.568,160.63,160.89,657599,0.0
2019-12-09,162.29,164.32,161.431,162.37,922930,0.0
2019-12-10,162.78,167.43,162.68,167.13,772890,0.0
2019-12-11,166.89,171.92,166.6987,171.46,1383306,0.0
2019-12-12,170.95,173.09,170.12,171.25,829915,0.0
2019-12-15,174.74,175,172.03,172.03,772045,0.0
2019-12-16,172.12,176.12,172.07,175.96,1029703,0.0
2019-12-17,175.9,177.47,175.26,175.26,982654,0.0
2019-12-18,175.7,176.22,172.86,175.46,878837,0.0
2019-12-19,176.82,177.84,174.97,177.47,1335506,0.0
2019-12-22,178.86,179.24,176.9,177.11,753994,0.0
2019-12-23,177.79,178.19,176.28,178.02,212851,0.0
2019-12-25,178.58,178.8,177.14,178.74,388348,0.0
2019-12-26,179.25,179.705,177.36,178.59,473706,0.0
2019-12-29,178.02,178.92,175.23,178.35,647491,0.0
2019-12-30,177.39,178.51,176.3,178.19,571325,0.0
2020-01-01,181.78,182.6988,180.021,182.58,814724,0.0
2020-01-02,179.33,181.17,177.86,179.07,692098,0.0
2020-01-05,176.32,177.56,174.09,175.15,907786,0.0
2020-01-06,176.14,177.77,174.3,176.39,954633,0.0
2020-01-07,176.5,178.66,175.52,176.66,722188,0.0
2020-01-08,178.41,179.42,174.95,175.5,763824,0.0
2020-01-09,176.41,177.43,171.95,173.01,770515,0.0
2020-01-12,173.97,176.4932,173.36,175.11,514023,0.0
2020-01-13,175.91,178.22,174.07,177.48,1065636,0.0
2020-01-14,177.09,178.7,175.85,177.99,754982,0.0
2020-01-15,179.5,181.83,179.01,180.92,1056866,0.0
2020-01-16,180.87,180.9,177.36,178.77,1302402,0.0
2020-01-20,177.65,180.89,177.565,178.78,2718455,0.0
2020-01-21,180,182.78,179.62,180.11,1758784,0.0
2020-01-22,179.82,182.66,179.115,182.56,1834143,0.0
2020-01-23,183.88,184.5,178.43,179.4,1691606,0.0
2020-01-26,174.77,175.23,169.85,170.31,1366022,0.0
2020-01-27,172.2,176.33,171.7,175.93,737315,0.0
2020-01-28,176.35,176.94,171.66,171.73,915720,0.0
2020-01-29,173.5,175.37,169.57,172.93,1295607,0.0
2020-01-30,171.38,172.75,165.25,165.73,1239466,0.0
2020-02-02,167.27,170.65,167.01,169.95,999129,0.0
2020-02-03,174.33,178.8,173.84,178.8,1466084,0.0
2020-02-04,176.06,177.79,168.8,171.36,2747995,0.0
2020-02-05,171.43,173.39,170.15,171.78,1224672,0.0
2020-02-06,170.71,171.27,164.76,165.1,1263317,0.0
2020-02-09,164.1,169.01,164.08,169.01,1391083,0.0
2020-02-10,169.21,173.53,168.33,173.04,1143688,0.0
2020-02-11,174,176.46,173.85,175.995,824968,0.0
2020-02-12,175.68,180.08,174.91,178.73,1018416,0.0
2020-02-13,179.12,179.7599,174.89,176.27,746041,0.0
2020-02-17,167,172,166.67,169.31,1612752,0.0
2020-02-18,172.21,174.82,171,172.97,920029,0.0
2020-02-19,171.74,172.42,165.67,167.26,1481422,0.0
2020-02-20,165.67,166.25,160.81,161.11,1626113,0.0
2020-02-23,154.75,156.8625,152.9,153.72,2321268,0.0
2020-02-24,155.28,155.99,147.07,147.38,1813746,0.0
2020-02-25,149,150.645,146.22,147.35,1514523,0.0
2020-02-26,142.81,148.375,142.27,147.99,3233850,0.0
2020-02-27,142.09,153.93,142.09,153.76,3264642,0.0
2020-03-01,154.5,159,151.705,158.88,2139059,0.0
2020-03-02,156.7,159.29,152.38,153.97,2089965,0.0
2020-03-03,157.09,160.7,154.66,160.7,1160659,0.0
2020-03-04,156.65,158.88,154.48,156.92,1386003,0.0
2020-03-05,152.05,156.14,151.489,155.72,1669031,0.0
2020-03-08,144.98,150.49,144.265,144.83,2323423,0.0
2020-03-09,149.38,154.76,145.58,154.67,4265316,0.0
2020-03-10,150.13,152.22,142.62,144.9,4569080,0.0
2020-03-11,135.24,139,125.25,125.35,2314702,0.0
2020-03-12,132.82,145.76,127.89,145.44,2429895,0.0
2020-03-15,128.69,140.48,126.1926,129.505,4767154,0.0
2020-03-16,131.87,150.44,125.635,149.66,2830824,0.0
2020-03-17,132.25,143.13,127.36,133.21,2147219,0.0
2020-03-18,131.88,135.42,126.76,127.35,3451472,0.0
2020-03-19,129.71,132.55,113.08,114.01,4779100,0.0
2020-03-22,114.32,120.69,110.19,116.36,3880928,0.0
2020-03-23,121.7,136.55,120,136.4,2227312,0.0
2020-03-24,135.72,145.94,134.385,137.47,1455598,0.0
2020-03-25,140.77,150.47,139.06,149.86,1625154,0.0
2020-03-26,145.04,147.17,141.32,142.24,1913986,0.0
2020-03-29,142.07,150.57,142,149.55,1268978,0.0
2020-03-30,148.31,150.84,141.53,143.73,3667876,0.0
2020-03-31,138,141.22,129.6588,131.6,2620152,0.0
2020-04-01,129.57,133.795,129.31,132.44,1067568,0.0
2020-04-02,130.82,132.99,125.56,127.92,1465451,0.0
2020-04-05,135.21,149.21,132.93,148.5,2982564,0.0
2020-04-06,154.1,155,146.52,147.22,1296912,0.0
2020-04-07,149.59,153.15,146.91,152.32,1175027,0.0
2020-04-08,152.15,157.87,148.485,150.12,1057309,0.0
2020-04-12,149.5,152.42,148.1756,152.13,1384818,0.0
2020-04-13,155.1,162.34,153.81,161.68,1941898,0.0
2020-04-14,158.18,158.3,151.11,153.22,3304004,0.0
2020-04-15,158.21,160.75,154.23,156.53,4963536,0.0
2020-04-16,160.93,162.29,157.79,161.2,2364106,0.0
2020-04-19,158.79,160.34,156.05,156.3,2074062,0.0
2020-04-20,153.44,154.18,147.46,148.59,3001966,0.0
2020-04-21,154.31,158.92,151.29,158.7,2340987,0.0
2020-04-22,158.44,160.8399,157.01,159.32,3040865,0.0
2020-04-23,160.98,165.57,158.02,164.82,2368650,0.0
2020-04-26,167.04,169.24,164.64,166.06,2755045,0.0
2020-04-27,168.39,170.77,165.95,166.17,987982,0.0
2020-04-28,169.93,177.17,168.21,175.88,1126602,0.0
2020-04-29,173.95,175.3115,163.97,164.09,2026461,0.0
2020-04-30,158.3,158.89,147.71,150.33,2407803,0.0
2020-05-03,149.68,152.8699,147.54,151.995,1294082,0.0
2020-05-04,156.46,160.685,153.96,155.62,1665547,0.0
2020-05-05,163.41,169.13,158.46,163.81,2284783,0.0
2020-05-06,167.37,169.685,163.57,163.69,3098168,0.0
2020-05-07,166.83,172.39,165.681,171.5,2239727,0.0
2020-05-10,169.19,169.95,167.28,168.82,1025270,0.0
2020-05-11,170.22,171.1925,165.41,165.43,1626496,0.0
2020-05-12,165.37,168.61,160.6592,163.98,3227030,0.0
2020-05-13,162.55,176.96,158.89,176.75,4801760,0.0
2020-05-14,168.03,171.62,165.98,167.43,2651946,0.0
2020-05-17,171.81,173.47,168.78,172.32,2362422,0.0
2020-05-18,172.21,177.63,171.14,172.37,1840476,0.0
2020-05-19,175.5,180.21,174.9706,177.92,1081109,0.0
2020-05-20,176.13,177.25,171.8605,172.47,757832,0.0
2020-05-21,173.77,173.97,170.4,173,1085026,0.0
2020-05-25,176.91,180.33,174.6903,176.64,1713184,0.0
2020-05-26,178.12,178.9,168.24,176.74,2937582,0.0
2020-05-27,177.66,180.218,173.4,174.57,2021920,0.0
2020-05-28,176,177.97,173.57,176.2,1272357,0.0
2020-05-31,175,178.4,173.45,175.96,904990,0.0
2020-06-01,175.3,177.55,172.9401,177.39,1407554,0.0
2020-06-02,178.84,186.95,178.38,186.05,1467198,0.0
2020-06-03,184.81,189.12,183.69,186.235,1929742,0.0
2020-06-04,190.22,196.25,189.33,192.5,1238436,0.0
2020-06-07,193.62,194.06,188.77,191.86,1382362,0.0
2020-06-08,190.54,192.55,188.65,191.27,1268330,0.0
2020-06-09,192.43,195,190.34,192.76,651657,0.0
2020-06-10,191.32,191.32,179.84,180.815,1104008,0.0
2020-06-11,186.17,188.4,183.505,183.53,450884,0.0
2020-06-14,178.24,188.125,176.58,187.75,2225327,0.0
2020-06-15,193.855,196.97,188.73,193.09,2460287,0.0
2020-06-16,193.17,196.3,192.17,193.87,959303,0.0
2020-06-17,194.29,194.29,192.05,193.72,725310,0.0
2020-06-18,196.43,197.5,192.05,192.73,2172160,0.0
2020-06-21,189.35,193.77,189.35,191.835,958263,0.0
2020-06-22,195.16,195.16,192.29,193.21,851458,0.0
2020-06-23,192.21,193,185.69,188.44,1304309,0.0
2020-06-24,190.91,192.71,187.42,192.45,861452,0.0
2020-06-25,192.63,193.2,189.04,189.76,958916,0.0
2020-06-28,190.54,191.75,186.585,191.7,536618,0.0
2020-06-29,191.03,195.86,191.03,194.48,971695,0.0
2020-06-30,194.48,195.27,191.92,193.15,1122924,0.0
2020-07-01,194.56,198.21,194.27,196.5,1034804,0.0
