Date,Open,High,Low,Close,Volume,OpenInterest
2016-07-13,30.28,31.04,30.11,30.91,3127471,0.0
2016-07-14,31.27,31.27,30.37,30.6,4292882,0.0
2016-07-17,30.48,31.455,30.03,31.27,4243514,0.0
2016-07-18,31.16,31.18,30.38,30.73,5612313,0.0
2016-07-19,30.94,30.94,30.09,30.11,5836404,0.0
2016-07-20,30,30.62,29.99,30.55,3878540,0.0
2016-07-21,30.8,30.99,30.6,30.67,2335393,0.0
2016-07-24,30.53,30.97,30.215,30.22,1629742,0.0
2016-07-25,30.21,30.77,30.09,30.63,1975449,0.0
2016-07-26,30.73,30.84,29.93,30.11,2707056,0.0
2016-07-27,30,30.36,29.95,30.22,2450661,0.0
2016-07-28,30.38,31,30.08,30.95,3148417,0.0
2016-07-31,31.02,31.26,30.72,31,2802460,0.0
2016-08-01,30.87,31.07,30.38,30.58,2644203,0.0
2016-08-02,30.43,31.47,29.92,31.45,1957771,0.0
2016-08-03,31.46,31.75,31.05,31.41,2133502,0.0
2016-08-04,31.24,31.376,30.07,30.11,7887818,0.0
2016-08-07,29.95,30.41,29.93,30.28,2452260,0.0
2016-08-08,30.44,30.71,30.26,30.37,2959110,0.0
2016-08-09,30.5,30.7,30.06,30.36,2196554,0.0
2016-08-10,30.57,30.88,30.47,30.49,1488780,0.0
2016-08-11,30.37,30.87,30.28,30.47,1924421,0.0
2016-08-14,30.7,31.68,30.665,31.59,2086671,0.0
2016-08-15,31.56,31.97,31.3799,31.49,1475643,0.0
2016-08-16,31.53,31.71,31.25,31.52,1837227,0.0
2016-08-17,31.57,31.66,31.21,31.41,632218,0.0
2016-08-18,31.16,31.34,30.615,30.7,1994832,0.0
2016-08-21,30.7,30.94,30.36,30.85,1027423,0.0
2016-08-22,31,31.44,30.88,31.145,1432233,0.0
2016-08-23,31.05,31.38,30.505,30.58,1533420,0.0
2016-08-24,30.59,30.744,30.14,30.2,1919893,0.0
2016-08-25,30.37,30.645,29.76,30.02,1550540,0.0
2016-08-28,30.03,30.5,30.03,30.1,1748490,0.0
2016-08-29,30.23,30.48,30.1,30.27,1334497,0.0
2016-08-30,30.3,30.85,30.23,30.82,2045148,0.0
2016-08-31,30.99,31.36,30.585,31,1519894,0.0
2016-09-01,31.36,32.09,31.26,31.96,1683922,0.0
2016-09-05,31.94,32.18,31.54,31.94,1436601,0.0
2016-09-06,32.01,32.37,31.69,31.72,2368365,0.0
2016-09-07,31.73,31.92,31.52,31.78,1691736,0.0
2016-09-08,31.38,31.58,30.65,30.68,2083593,0.0
2016-09-11,30.64,32.29,30.28,32.05,3246504,0.0
2016-09-12,31.53,32.05,30.93,31.4,1798329,0.0
2016-09-13,31.43,31.85,31.05,31.21,1578959,0.0
2016-09-14,31.13,32.03,30.85,31.85,2503298,0.0
2016-09-15,31.84,31.84,31.2801,31.6,1629344,0.0
2016-09-18,31.83,32.16,31.66,31.94,1145735,0.0
2016-09-19,32.1,32.28,31.75,32.13,1679335,0.0
2016-09-20,32.22,32.59,31.93,32.5,1677230,0.0
2016-09-21,32.84,33.32,32.75,32.91,1664740,0.0
2016-09-22,32.64,33.58,32.64,33.39,1896011,0.0
2016-09-25,33.22,33.47,32.2601,32.31,1248154,0.0
2016-09-26,32.38,32.56,32.16,32.46,978632,0.0
2016-09-27,32.64,32.965,32.45,32.84,1461134,0.0
2016-09-28,32.83,32.97,31.73,31.85,2089835,0.0
2016-09-29,31.99,33.22,31.76,33.04,2073582,0.0
2016-10-02,32.72,33.27,32.65,33.03,2843441,0.0
2016-10-03,33.14,33.5,32.725,32.86,3132497,0.0
2016-10-04,32.92,33.23,32.86,33.06,2045524,0.0
2016-10-05,32.89,33.07,32.395,32.43,2221050,0.0
2016-10-06,32.64,32.75,31.29,31.56,3507249,0.0
2016-10-09,31.74,32.02,31.72,31.72,1146146,0.0
2016-10-10,31.73,31.73,31.34,31.51,5768563,0.0
2016-10-11,31.48,31.81,31.34,31.76,3298824,0.0
2016-10-12,31.45,31.63,30.975,31.2,2522677,0.0
2016-10-13,31.4,31.685,30.9,30.95,1555557,0.0
2016-10-16,30.88,31.11,30.45,30.47,1473208,0.0
2016-10-17,31.14,31.14,30.5,30.51,2181643,0.0
2016-10-18,30.46,31.05,30.46,30.87,1070110,0.0
2016-10-19,30.86,31.1,30.48,30.955,1014211,0.0
2016-10-20,30.78,31.36,30.45,31.25,1441207,0.0
2016-10-23,31.41,31.65,30.995,31.595,992807,0.0
2016-10-24,31.52,31.99,31.44,31.55,1143185,0.0
2016-10-25,31.53,31.53,31.14,31.37,897164,0.0
2016-10-26,31.46,31.46,30.75,31.13,1554830,0.0
2016-10-27,31.01,31.85,31.01,31.54,1961190,0.0
2016-10-30,31.69,32.12,31.54,31.8,1340963,0.0
2016-10-31,31.93,32.11,31.29,31.62,2434905,0.0
2016-11-01,31.64,31.75,31.27,31.29,2028796,0.0
2016-11-02,31.37,31.77,30.69,30.7,2217196,0.0
2016-11-03,28.44,31.57,27.82,30.85,3598235,0.0
2016-11-06,31.36,31.98,31.04,31.3,2473210,0.0
2016-11-07,31.29,32.36,30.7,32.24,2423115,0.0
2016-11-08,29.99,32.83,29.99,32.12,3335548,0.0
2016-11-09,32,32.24,28.68,30.3,8592241,0.0
2016-11-10,30.16,30.4,29.435,30,3008570,0.0
2016-11-13,30.05,30.35,29.6,30.16,5270690,0.0
2016-11-14,30.18,30.445,29.62,30.4,4600444,0.0
2016-11-15,30.26,31.35,30.02,31.12,1833395,0.0
2016-11-16,30.97,32.31,30.97,32,3221472,0.0
2016-11-17,31.82,32.355,31.56,31.77,2267850,0.0
2016-11-20,31.84,32.61,31.64,31.97,2507926,0.0
2016-11-21,32.09,32.44,31.915,32.05,2046567,0.0
2016-11-22,31.97,32.18,31.165,31.25,2111845,0.0
2016-11-24,31.44,31.63,31.14,31.53,1268699,0.0
2016-11-27,31.37,31.895,31.05,31.16,3202947,0.0
2016-11-28,31.06,31.53,30.87,31.09,2858738,0.0
2016-11-29,31.15,31.38,30.215,30.45,3256183,0.0
2016-11-30,30.42,30.78,29.275,29.31,3217045,0.0
2016-12-01,29.38,29.59,28.61,28.64,3882084,0.0
2016-12-04,28.9,29.16,28.46,28.47,3924087,0.0
2016-12-05,28.38,28.98,28.38,28.8,4426059,0.0
2016-12-06,28.68,29.28,28.61,29.02,4314500,0.0
2016-12-07,29.09,29.66,28.92,29.1,3254524,0.0
2016-12-08,29.14,29.52,28.78,28.95,4167594,0.0
2016-12-11,28.94,29.1,28.59,28.79,4382131,0.0
2016-12-12,28.83,29.49,28.74,29.3,3972697,0.0
2016-12-13,29.39,29.44,29,29.12,2652892,0.0
2016-12-14,29.4,29.615,28.93,29.16,2841182,0.0
2016-12-15,29.33,30.03,29.18,29.59,4240534,0.0
2016-12-18,29.56,29.86,29.315,29.37,1233593,0.0
2016-12-19,29.35,29.91,29.29,29.88,2225460,0.0
2016-12-20,29.84,30.15,29.79,30.02,2512985,0.0
2016-12-21,30.05,30.12,29.69,29.83,1660990,0.0
2016-12-22,29.72,30.205,29.72,29.79,948975,0.0
2016-12-26,29.91,30.59,29.69,30.31,1257425,0.0
2016-12-27,30.45,30.45,29.88,29.99,1211115,0.0
2016-12-28,29.93,30.14,29.74,29.83,1403734,0.0
2016-12-29,29.91,30.06,29.46,29.71,1774480,0.0
2017-01-02,30.21,30.46,29.58,29.8,2801496,0.0
2017-01-03,29.89,30.33,29.85,30.32,2102959,0.0
2017-01-04,30.14,31.18,30.14,31.105,3191252,0.0
2017-01-05,31.2,32.165,31.12,32.09,2861792,0.0
2017-01-08,32.03,32.85,31.7,32.71,3979489,0.0
2017-01-09,32.71,32.81,32.24,32.72,3013973,0.0
2017-01-10,32.64,33.415,32.56,33.36,2883280,0.0
2017-01-11,33.38,33.48,32.94,33.4,3801045,0.0
2017-01-12,33.59,33.865,33.34,33.58,2350059,0.0
2017-01-16,33.59,33.64,33.16,33.38,2366364,0.0
2017-01-17,33.5,33.5,32.91,33.24,1867417,0.0
2017-01-18,33.15,34.065,33.15,33.66,3205025,0.0
2017-01-19,34,34.1,33.535,33.68,1731288,0.0
2017-01-22,33.56,33.905,33.35,33.75,2129601,0.0
2017-01-23,34.13,34.13,33.44,33.81,2229303,0.0
2017-01-24,33.98,34.23,33.52,34.135,2157974,0.0
2017-01-25,34.1,34.835,33.92,34.67,2322047,0.0
2017-01-26,34.84,35.31,34.66,35.28,2747369,0.0
2017-01-29,35.29,35.43,34.83,35.305,3114977,0.0
2017-01-30,35.14,35.3,34.855,35.13,2400762,0.0
2017-01-31,35.1,35.31,34.71,35,2080353,0.0
2017-02-01,34.9,35.32,34.57,35.06,1747825,0.0
2017-02-02,35.12,35.44,35.095,35.34,1269401,0.0
2017-02-05,35.21,35.37,34.86,34.87,1663556,0.0
2017-02-06,34.85,34.9,34.36,34.395,2172353,0.0
2017-02-07,34.45,34.61,34.16,34.29,2276291,0.0
2017-02-08,34.18,34.28,33.76,34.06,2455184,0.0
2017-02-09,34.18,34.43,34.1,34.25,1417242,0.0
2017-02-12,34.37,34.4601,34.12,34.39,1609874,0.0
2017-02-13,34.27,34.38,34.15,34.28,2239664,0.0
2017-02-14,33.97,34.86,33.97,34.79,2895358,0.0
2017-02-15,35.4,36.58,34.61,34.96,5323637,0.0
2017-02-16,34.91,35.665,34.91,35.58,2640723,0.0
2017-02-20,35.51,36.34,35.39,36.33,3654053,0.0
2017-02-21,36.1,36.13,35.65,35.74,3392617,0.0
2017-02-22,35.96,35.96,35.33,35.63,3678493,0.0
2017-02-23,35.77,36.23,35.31,36.18,2083370,0.0
2017-02-26,36.09,36.42,35.97,36.34,1696325,0.0
2017-02-27,36.16,36.4,34.62,35.09,5874077,0.0
2017-02-28,35.24,35.37,34.38,34.57,3901282,0.0
2017-03-01,34.37,34.4122,33.89,34.09,5176027,0.0
2017-03-02,34.16,34.215,33.79,34.1,2514728,0.0
2017-03-05,34.09,34.845,33.85,34.58,2193434,0.0
2017-03-06,34.46,34.74,34.31,34.64,1958652,0.0
2017-03-07,34.6,35.32,34.44,34.83,2577011,0.0
2017-03-08,34.93,35.01,34.48,34.75,2418022,0.0
2017-03-09,35.02,35.71,34.45,35.17,2613645,0.0
2017-03-12,35.06,35.48,34.87,35.4,1895363,0.0
2017-03-13,35.18,35.415,34.4,35.35,1710590,0.0
2017-03-14,35.44,37,34.48,36.23,4761645,0.0
2017-03-15,36.22,36.75,36.16,36.495,1845931,0.0
2017-03-16,36.63,36.7325,36.17,36.62,3569057,0.0
2017-03-19,36.67,36.79,35.94,35.95,1576601,0.0
2017-03-20,35.96,36.07,34.63,34.74,4112323,0.0
2017-03-21,34.93,35.04,33.97,34.33,3884494,0.0
2017-03-22,34.19,34.9,34.07,34.46,2469204,0.0
2017-03-23,34.71,34.95,34.3,34.44,3060745,0.0
2017-03-26,34.38,34.98,33.945,34.88,1988185,0.0
2017-03-27,34.39,34.93,33.02,34.63,4117649,0.0
2017-03-28,34.53,34.93,34.42,34.46,2817425,0.0
2017-03-29,34.37,35.15,34.32,35.07,1953865,0.0
2017-03-30,34.95,35.17,34.64,35.04,2795201,0.0
2017-04-02,35.05,35.27,34.11,34.12,2501882,0.0
2017-04-03,33.94,34.525,33.94,34.2,2281802,0.0
2017-04-04,34.19,35.065,34.11,34.46,2211848,0.0
2017-04-05,34.49,34.86,34.35,34.56,1957776,0.0
2017-04-06,34.7,34.93,34.54,34.63,1533848,0.0
2017-04-09,34.7,35,34.37,34.38,1465878,0.0
2017-04-10,34.25,34.42,33.69,33.97,2871967,0.0
2017-04-11,33.88,34.23,33.8,34.05,1590494,0.0
2017-04-12,34.15,34.18,33.67,33.68,1803989,0.0
2017-04-16,33.9,33.96,33.63,33.74,2006675,0.0
2017-04-17,33.73,33.73,33.29,33.5,2734875,0.0
2017-04-18,33.77,34.085,33.5,33.91,2442260,0.0
2017-04-19,34.12,34.39,33.98,33.98,2030089,0.0
2017-04-20,34.13,34.2,33.71,33.75,2003736,0.0
2017-04-23,33.97,34.58,33.925,33.97,3669063,0.0
2017-04-24,34.2,35.03,33.96,34.99,3477193,0.0
2017-04-25,35.11,35.405,35.02,35.08,2451625,0.0
2017-04-26,35.08,35.37,34.93,34.98,1574003,0.0
2017-04-27,35.11,35.22,34.535,34.595,2069467,0.0
2017-04-30,34.81,35.04,34.51,34.8,1217454,0.0
2017-05-01,34.91,35.1,34.34,34.755,1941287,0.0
2017-05-02,34.81,34.92,33.67,33.82,2645746,0.0
2017-05-03,33.91,34.08,33.16,33.22,2641836,0.0
2017-05-04,33.4,33.69,33.25,33.58,2507986,0.0
2017-05-07,32.48,32.54,30.815,31.07,8120958,0.0
2017-05-08,30.5,31.305,30.3,30.36,4960349,0.0
2017-05-09,30.27,30.34,29.65,29.67,4284552,0.0
2017-05-10,29.73,29.84,29.51,29.56,4948808,0.0
2017-05-11,29.65,29.91,29.585,29.59,4494888,0.0
2017-05-14,29.54,29.78,29.45,29.48,2966182,0.0
2017-05-15,29.67,29.73,28.74,29,5551603,0.0
2017-05-16,28.87,29.42,28.59,28.78,4439038,0.0
2017-05-17,28.88,29.51,28.88,29.24,4013484,0.0
2017-05-18,29.47,29.87,29.24,29.43,4391565,0.0
2017-05-21,29.66,30.07,29.48,29.85,5369419,0.0
2017-05-22,29.83,30.18,29.83,29.99,6783136,0.0
2017-05-23,29.92,29.92,29.38,29.59,4125438,0.0
2017-05-24,29.63,30.08,29.62,29.92,3441351,0.0
2017-05-25,30,30.09,29.64,30.07,2072891,0.0
2017-05-29,30.03,30.2,29.84,29.9,2319167,0.0
2017-05-30,29.9,30.01,29.565,29.72,6035295,0.0
2017-05-31,29.74,30.39,29.67,30.2,5269592,0.0
2017-06-01,30.39,30.72,30.18,30.6,3628639,0.0
2017-06-04,30.67,30.67,30.22,30.29,1893712,0.0
2017-06-05,30.21,30.21,29.16,29.18,2676562,0.0
2017-06-06,29.39,29.39,28.43,28.99,5124660,0.0
2017-06-07,28.88,29.15,28.66,28.88,3194541,0.0
2017-06-08,28.73,28.91,28.1,28.24,4033221,0.0
2017-06-11,28.2,28.78,28.1,28.38,4515836,0.0
2017-06-12,28.38,28.68,28.24,28.63,4183988,0.0
2017-06-13,28.68,28.77,28.13,28.26,4852242,0.0
2017-06-14,28.22,28.265,27.67,27.9,2289844,0.0
2017-06-15,27.74,28.27,27.36,28.18,3576976,0.0
2017-06-18,28.32,28.63,28,28.44,1974060,0.0
2017-06-19,28.29,28.29,27.86,27.95,2460250,0.0
2017-06-20,27.94,28.16,27.73,27.84,3726293,0.0
2017-06-21,27.85,28.25,27.68,28.03,4220034,0.0
2017-06-22,28.1,29.17,27.74,29.12,5883648,0.0
2017-06-25,29.29,29.99,29.22,29.405,4057267,0.0
2017-06-26,29.29,29.695,28.97,29.461,3430156,0.0
2017-06-27,29.49,30.64,29.49,30.5,3642550,0.0
2017-06-28,30.37,30.85,30.08,30.77,5678862,0.0
2017-06-29,31.25,31.52,30.725,31.18,4362518,0.0
2017-07-02,31.34,31.52,30.93,30.99,1214065,0.0
2017-07-04,31.05,31.35,30.835,30.99,1452342,0.0
2017-07-05,30.84,30.99,30.315,30.38,2021139,0.0
2017-07-06,30.35,30.65,30.22,30.52,1093371,0.0
2017-07-09,30.38,30.89,30.38,30.7,1110979,0.0
2017-07-10,30.72,31.09,30.41,30.58,1885043,0.0
2017-07-11,30.91,31.21,30.8,31.12,1387803,0.0
2017-07-12,31.24,31.81,31.0701,31.5,1830653,0.0
2017-07-13,31.72,31.99,31.66,31.885,1882169,0.0
2017-07-16,31.89,32.02,31.7,31.85,1125800,0.0
2017-07-17,31.88,31.925,31.58,31.64,1333252,0.0
2017-07-18,31.69,31.87,31.47,31.52,1501075,0.0
2017-07-19,31.49,32.17,31.49,31.91,3130391,0.0
2017-07-20,31.84,31.98,31.65,31.85,1829857,0.0
2017-07-23,31.8,31.89,31.63,31.7,1306620,0.0
2017-07-24,31.74,31.885,31.61,31.66,1600983,0.0
2017-07-25,31.76,32.16,31.75,32.03,1569334,0.0
2017-07-26,31.84,32.59,31.84,32.23,2662294,0.0
2017-07-27,32.06,32.66,32.05,32.61,2174191,0.0
2017-07-30,32.72,32.85,32.18,32.79,1900280,0.0
2017-07-31,32.86,33.29,32.82,33.26,2610510,0.0
2017-08-01,33.11,33.11,32.315,33.04,4127336,0.0
2017-08-02,33.05,33.37,32.9,33.155,2095861,0.0
2017-08-03,33.31,33.44,33,33.25,2040958,0.0
2017-08-06,33.32,33.35,32.92,33.09,1962821,0.0
2017-08-07,32.21,32.555,31.61,32.51,4132676,0.0
2017-08-08,32.1,33.315,32.1,33.13,2681343,0.0
2017-08-09,33.08,33.2,32.725,32.92,3819653,0.0
2017-08-10,32.79,33.01,32.52,32.91,2523378,0.0
2017-08-13,33.2,33.86,33.17,33.51,2523578,0.0
2017-08-14,33.29,33.42,33,33.25,3119612,0.0
2017-08-15,33.38,33.49,33.1,33.37,2864308,0.0
2017-08-16,33.2,33.38,32.42,32.45,3589426,0.0
2017-08-17,32.29,32.475,32.115,32.39,2227965,0.0
2017-08-20,32.35,32.77,32.31,32.7,1466280,0.0
2017-08-21,32.85,33.53,32.85,33.3,1990138,0.0
2017-08-22,33.15,33.2,32.56,32.61,2173857,0.0
2017-08-23,32.61,32.79,32.3,32.59,1772782,0.0
2017-08-24,32.65,32.96,32.62,32.74,1634961,0.0
2017-08-27,32.81,32.82,32.62,32.69,1118756,0.0
2017-08-28,32.52,32.69,32.35,32.59,1658413,0.0
2017-08-29,32.66,32.98,32.64,32.8,699157,0.0
2017-08-30,32.98,33.2,32.685,33.03,2129687,0.0
2017-08-31,33.15,33.18,32.95,32.99,2263210,0.0
2017-09-04,32.83,33.11,32.43,32.84,2176538,0.0
2017-09-05,32.9,33.42,32.83,33.3,1322079,0.0
2017-09-06,33.41,33.43,32.105,32.12,2552430,0.0
2017-09-07,32.04,32.05,31.21,31.56,2612603,0.0
2017-09-10,31.83,31.87,31,31.04,3043223,0.0
2017-09-11,31.13,31.96,30.99,31.89,2541651,0.0
2017-09-12,31.9,32.04,31.63,31.64,2079542,0.0
2017-09-13,31.6,31.77,31.32,31.59,1810055,0.0
2017-09-14,31.51,32.22,31.47,32.13,2970578,0.0
2017-09-17,32.14,32.43,31.9,32.29,3235915,0.0
2017-09-18,32.43,32.81,32.23,32.35,3756302,0.0
2017-09-19,32.42,33.025,32.42,32.65,5209664,0.0
2017-09-20,32.73,32.86,32.24,32.6,2438915,0.0
2017-09-21,32.28,33.1,32.28,33.06,4476236,0.0
2017-09-24,32.48,33.17,32.48,32.88,3401737,0.0
2017-09-25,32.9,33.13,32.665,32.68,1733421,0.0
2017-09-26,32.72,33.41,32.67,32.87,2487679,0.0
2017-09-27,32.72,32.72,31.85,32.05,4078096,0.0
2017-09-28,31.95,32.81,31.95,32.7,2862435,0.0
2017-10-01,32.66,33.2,32.47,32.85,3187417,0.0
2017-10-02,32.82,33.05,31.99,32.03,2764108,0.0
2017-10-03,31.98,32.17,30.96,30.99,3396528,0.0
2017-10-04,31.17,32.1,31.05,31.89,3556102,0.0
2017-10-05,31.92,32.05,31.61,31.88,2110601,0.0
2017-10-08,31.9,31.95,31.28,31.29,1945806,0.0
2017-10-09,31.32,31.5,30.62,30.645,3864485,0.0
2017-10-10,30.65,31.51,30.539,31.5,2220175,0.0
2017-10-11,31.34,31.52,30.76,30.83,3251741,0.0
2017-10-12,31.1,31.15,30.61,30.975,2593099,0.0
2017-10-15,31,31.67,30.98,31.54,3107116,0.0
2017-10-16,31.65,31.67,30.5355,31.5,2467864,0.0
2017-10-17,31.45,31.73,31.34,31.37,3668172,0.0
2017-10-18,31.33,31.4,30.67,30.77,6749882,0.0
2017-10-19,31.1,31.1,30.65,30.67,1443609,0.0
2017-10-22,30.71,30.87,30.09,30.415,2388271,0.0
2017-10-23,30.36,30.68,30.21,30.26,2032092,0.0
2017-10-24,30.04,30.28,29.91,30.16,2059437,0.0
2017-10-25,30.35,30.505,29.975,29.99,1702378,0.0
2017-10-26,29.23,29.74,29.01,29.62,2740827,0.0
2017-10-29,29.64,30.29,29.31,30.11,2134626,0.0
2017-10-30,30.18,30.4,29.83,29.89,1868736,0.0
2017-10-31,29.94,30.58,29.91,30.301,1988506,0.0
2017-11-01,29.19,31.18,29.19,30.5,4720777,0.0
2017-11-02,30.43,30.48,29.35,29.6,3070303,0.0
2017-11-05,29.5,29.87,29.35,29.63,3513313,0.0
2017-11-06,29.75,30.025,29.58,29.675,2219142,0.0
2017-11-07,29.7,29.76,28.78,28.8,2827794,0.0
2017-11-08,28.65,28.955,28.49,28.52,3932459,0.0
2017-11-09,29.13,29.13,28.42,28.68,1940672,0.0
2017-11-12,28.53,28.81,28.41,28.78,1445083,0.0
2017-11-13,28.66,28.805,28.22,28.33,1528823,0.0
2017-11-14,28.38,29.12,28.17,29.06,2161991,0.0
2017-11-15,28.91,29.22,28.72,28.76,1821203,0.0
2017-11-16,28.65,29.33,28.58,29.11,2259228,0.0
2017-11-19,29,29.6,28.83,29.38,2022961,0.0
2017-11-20,29.45,29.85,29.31,29.51,3232551,0.0
2017-11-21,29.55,30.055,29.24,29.63,1383102,0.0
2017-11-23,29.42,29.74,29.05,29.69,1056917,0.0
2017-11-26,29.62,29.62,28.82,29,1994139,0.0
2017-11-27,28.99,29.23,28.84,29.17,1763907,0.0
2017-11-28,29.87,31.67,29.44,31.28,4476789,0.0
2017-11-29,31.16,31.65,30.6401,30.83,2622194,0.0
2017-11-30,30.08,30.94,30.08,30.78,2423136,0.0
2017-12-03,30.46,31.48,30.46,31.33,1744386,0.0
2017-12-04,31.29,31.65,30.8,30.87,1393231,0.0
2017-12-05,31.19,31.52,30.26,30.33,1589157,0.0
2017-12-06,30.18,30.9,29.9,30.35,2106205,0.0
2017-12-07,30.71,30.71,29.83,29.87,1317516,0.0
2017-12-10,29.82,30.97,29.82,30.7,2117618,0.0
2017-12-11,30.65,31.45,30.65,31.12,1871574,0.0
2017-12-12,31.13,31.21,30.77,30.77,1552987,0.0
2017-12-13,30.8,31.66,30.7,31.42,2019423,0.0
2017-12-14,31.48,31.86,31.16,31.65,3058786,0.0
2017-12-17,30.85,32.27,30.85,31.89,2651949,0.0
2017-12-18,31.89,32.18,31.48,31.51,1853684,0.0
2017-12-19,31.43,31.88,31.25,31.73,1367798,0.0
2017-12-20,31.8,33.92,31.53,32.83,3618684,0.0
2017-12-21,32.64,34.18,32.49,33.89,2704176,0.0
2017-12-25,33.67,34.07,33.63,33.84,834103,0.0
2017-12-26,33.86,33.95,33.415,33.47,1365458,0.0
2017-12-27,33.49,33.88,33.36,33.71,1560453,0.0
2017-12-28,33.42,33.94,33.41,33.84,1630521,0.0
2018-01-01,33.87,34.58,33.67,34.22,2870477,0.0
2018-01-02,34.14,34.48,34.05,34.26,1586912,0.0
2018-01-03,34.49,34.67,33.58,34.23,1277381,0.0
2018-01-04,34.49,34.53,34.18,34.38,1645917,0.0
2018-01-07,34.38,34.68,33.5,33.57,1670158,0.0
2018-01-08,33.56,33.83,33.24,33.42,1413914,0.0
2018-01-09,33.49,33.49,32.78,33.31,1841231,0.0
2018-01-10,33.15,34.76,33.02,34.66,4031008,0.0
2018-01-11,34.82,35.095,34.5,34.89,2441156,0.0
2018-01-15,35,35.07,34.61,34.64,1498938,0.0
2018-01-16,35,35.27,34.65,34.75,2573551,0.0
2018-01-17,34.64,35.2,34.05,34.99,2071489,0.0
2018-01-18,35.08,35.42,34.35,35.26,3205177,0.0
2018-01-21,34.59,35.86,34.59,35.59,2110252,0.0
2018-01-22,35.31,35.61,35.17,35.3,1472945,0.0
2018-01-23,35.73,35.91,35.4,35.56,2600398,0.0
2018-01-24,35.74,36.4,35.74,35.95,3743026,0.0
2018-01-25,35.95,36.34,35.79,36.19,3406507,0.0
2018-01-28,36.23,36.47,36.04,36.07,2231385,0.0
2018-01-29,36.06,36.25,35.21,35.25,1877504,0.0
2018-01-30,35.15,35.77,35.06,35.75,2087848,0.0
2018-01-31,35.46,35.95,35.46,35.75,2214455,0.0
2018-02-01,35.63,37.86,35.02,36.68,10571828,0.0
2018-02-04,36.35,36.71,35.3,35.31,5395222,0.0
2018-02-05,35.12,35.31,34.25,34.92,5378656,0.0
2018-02-06,34.74,34.92,34.22,34.42,3612475,0.0
2018-02-07,34.41,35.15,33.845,33.86,2714270,0.0
2018-02-08,33.7,34.17,33.14,33.98,3373497,0.0
2018-02-11,34.11,34.71,33.99,34.12,2499912,0.0
2018-02-12,33.97,34.38,33.76,33.97,1798403,0.0
2018-02-13,33.79,35.02,33.62,34.92,2690907,0.0
2018-02-14,34.58,34.72,32.78,33.02,4758908,0.0
2018-02-15,33.1,33.79,32.12,32.28,2888047,0.0
2018-02-19,32.36,32.37,31.35,31.45,3219185,0.0
2018-02-20,31.64,31.86,30.98,30.99,2772919,0.0
2018-02-21,30.97,31.6,30.76,31,2648908,0.0
2018-02-22,31.36,31.74,30.87,31.37,1932024,0.0
2018-02-25,31.39,31.72,31.11,31.45,2063788,0.0
2018-02-26,31.51,32.06,31.07,31.1,2027674,0.0
2018-02-27,31.31,31.38,30.03,30.03,3423116,0.0
2018-02-28,30.18,31.01,30.13,30.88,3121764,0.0
2018-03-01,30.78,30.96,30.41,30.81,2049789,0.0
2018-03-04,30.62,31.32,30.42,31.28,1869636,0.0
2018-03-05,31.32,31.71,30.94,31.58,1398211,0.0
2018-03-06,31.59,31.92,31.4,31.77,1810196,0.0
2018-03-07,32.01,32.09,31.61,31.81,1366924,0.0
2018-03-08,32.15,32.725,31.97,32.42,1703936,0.0
2018-03-11,32.44,32.82,32.28,32.66,1628760,0.0
2018-03-12,32.66,32.82,31.64,31.73,1974707,0.0
2018-03-13,31.87,32.04,31.68,31.71,1331255,0.0
2018-03-14,31.95,32.19,31.57,31.81,1319672,0.0
2018-03-15,31.88,32.34,31.7,32.07,1821566,0.0
2018-03-18,31.79,31.95,30.64,31.12,1642801,0.0
2018-03-19,31.25,31.36,30.69,30.81,2456738,0.0
2018-03-20,30.73,31.67,30.73,31.28,1394646,0.0
2018-03-21,30.94,31.55,30.75,31.14,2209741,0.0
2018-03-22,30.98,31.62,30.88,31.02,1980047,0.0
2018-03-25,31.52,32.41,31.14,32.24,3018697,0.0
2018-03-26,32.4,32.48,31.19,31.38,1696120,0.0
2018-03-27,31.38,31.69,30.79,30.83,2514505,0.0
2018-03-28,30.67,30.97,30.39,30.42,3506212,0.0
2018-04-01,30.42,31.52,29.91,30.1,1953924,0.0
2018-04-02,30.22,30.52,29.77,30.08,2437241,0.0
2018-04-03,29.94,30.915,29.71,30.68,1564868,0.0
2018-04-04,30.86,31.41,30.81,31.25,1091677,0.0
2018-04-05,31.06,31.09,30.24,30.35,2042021,0.0
2018-04-08,30.61,30.98,30.25,30.29,2840656,0.0
2018-04-09,30.78,31.34,30.59,31.21,2521595,0.0
2018-04-10,30.92,31.29,30.29,30.42,6751591,0.0
2018-04-11,30.45,30.77,29.915,30.16,2232625,0.0
2018-04-12,30.18,30.44,29.71,29.79,2321865,0.0
2018-04-15,29.98,30.06,29.52,29.74,1980661,0.0
2018-04-16,30,30.63,29.78,30.4,2918804,0.0
2018-04-17,30.43,31.13,30.43,30.86,2226515,0.0
2018-04-18,31.09,31.33,30.74,30.87,1856781,0.0
2018-04-19,30.82,31.14,30.27,30.45,1651781,0.0
2018-04-22,30.68,32.265,30.27,31.78,4924317,0.0
2018-04-23,32.09,32.2,31.79,32.06,2744607,0.0
2018-04-24,31.97,32.03,31.24,31.39,2081219,0.0
2018-04-25,31.2,31.6,30.89,31.3,2286180,0.0
2018-04-26,30.89,30.89,29.195,29.22,5575814,0.0
2018-04-29,29.48,29.81,28.98,29.1,3199866,0.0
2018-04-30,29.1,29.2,28.38,28.93,2236852,0.0
2018-05-01,29.01,29.1,28.27,28.32,2087001,0.0
2018-05-02,28.21,29.65,28.12,29.29,4199523,0.0
2018-05-03,29.27,30.82,29.21,30.52,4234130,0.0
2018-05-06,30.49,32.39,30.49,31.61,4393834,0.0
2018-05-07,31.45,31.96,29.74,30.36,4076004,0.0
2018-05-08,30.34,30.34,27.08,29.515,10552080,0.0
2018-05-09,29.65,30.15,29.5607,29.98,6081361,0.0
2018-05-10,29.93,30.26,28.9,28.92,4183927,0.0
2018-05-13,28.85,29.82,28.64,29.54,3618102,0.0
2018-05-14,29.25,29.33,28.83,29.0797,2230097,0.0
2018-05-15,29.02,29.29,28.71,28.76,2487360,0.0
2018-05-16,28.66,28.73,28.15,28.35,3111874,0.0
2018-05-17,28.29,28.76,28.15,28.45,3774560,0.0
2018-05-20,28.47,28.61,28.22,28.23,2464013,0.0
2018-05-21,28.26,28.54,28.23,28.3,2584294,0.0
2018-05-22,27.98,28.325,27.8,28.24,2853766,0.0
2018-05-23,28.18,28.33,27.73,27.92,2196726,0.0
2018-05-24,28.22,28.23,27.69,27.79,2572401,0.0
2018-05-28,27.62,27.74,27.04,27.47,3775774,0.0
2018-05-29,27.73,28.2,27.545,27.9,3211703,0.0
2018-05-30,28.18,28.18,27.35,27.68,2158678,0.0
2018-05-31,27.82,28.5,27.65,28.41,1819062,0.0
2018-06-03,28.51,28.79,28.385,28.41,1474647,0.0
2018-06-04,28.54,28.54,27.07,27.27,2503311,0.0
2018-06-05,27.33,28.21,27.12,28.08,1683366,0.0
2018-06-06,28.15,28.7,28.06,28.49,2005667,0.0
2018-06-07,28.36,28.625,28.12,28.36,993126,0.0
2018-06-10,28.43,29.12,28.37,28.76,2218550,0.0
2018-06-11,28.77,29.36,28.66,29.07,1830128,0.0
2018-06-12,29.02,29.02,28.07,28.37,2721340,0.0
2018-06-13,28.34,28.77,28.11,28.77,2045049,0.0
2018-06-14,28.61,28.93,28.38,28.7,1687268,0.0
2018-06-17,28.43,28.825,28.22,28.24,1566286,0.0
2018-06-18,27.98,28.13,27.81,27.91,2636154,0.0
2018-06-19,28,28.61,28,28.48,2603477,0.0
2018-06-20,28.44,28.44,28.11,28.32,1805011,0.0
2018-06-21,28.46,29.33,28.45,28.98,2433029,0.0
2018-06-24,28.81,29.02,28.42,28.46,1585231,0.0
2018-06-25,28.55,28.575,27.64,27.84,2428965,0.0
2018-06-26,27.76,27.78,27.24,27.26,3367749,0.0
2018-06-27,27.28,27.47,26.68,26.91,3262998,0.0
2018-06-28,26.54,26.81,26.08,26.62,3009483,0.0
2018-07-01,26.32,26.72,26.2,26.7,1723115,0.0
2018-07-02,26.96,27.51,26.78,27.17,1237025,0.0
2018-07-04,27.41,27.815,27.12,27.39,2388363,0.0
2018-07-05,27.35,28.02,27.35,27.94,2347173,0.0
2018-07-08,28.06,28.52,28,28.5,1997343,0.0
2018-07-09,28.61,28.69,27.91,28.42,2870022,0.0
2018-07-10,28.13,28.32,27.44,28.09,3160697,0.0
2018-07-11,28.19,28.4,27.775,27.99,3366727,0.0
2018-07-12,28.02,28.36,27.7,28.33,2586426,0.0
2018-07-15,28.38,28.52,27.61,27.96,2957227,0.0
2018-07-16,27.64,28.23,27.39,27.99,1867884,0.0
2018-07-17,27.99,28.1,27.505,27.645,2002301,0.0
2018-07-18,27.43,27.78,26.99,27.06,2092840,0.0
2018-07-19,27.06,27.19,26.72,26.93,2659483,0.0
2018-07-22,26.9,27.21,26.66,27.17,1276540,0.0
2018-07-23,26.85,27.38,26.85,26.95,1232779,0.0
2018-07-24,27.01,27.1,26.33,26.39,1490684,0.0
2018-07-25,26.73,26.93,26.11,26.22,2992460,0.0
2018-07-26,26.21,26.74,25.95,26.41,3186715,0.0
2018-07-29,26.39,26.55,26.25,26.31,2294186,0.0
2018-07-30,26.31,27.165,26.29,27.14,4826206,0.0
2018-07-31,27.06,27.915,26.89,27.83,3012125,0.0
2018-08-01,27.54,27.78,27.225,27.38,1622815,0.0
2018-08-02,27.37,27.69,27.145,27.4,2377343,0.0
2018-08-05,27.42,27.6,27.11,27.3,1628691,0.0
2018-08-06,27.29,27.55,27.12,27.18,1719400,0.0
2018-08-07,27.3,27.36,26.98,27.07,1412007,0.0
2018-08-08,26.9,27.77,26.13,26.98,5698896,0.0
2018-08-09,26.68,27.08,26.03,27.04,3319465,0.0
2018-08-12,27,27.24,26.48,26.81,1984676,0.0
2018-08-13,26.9,27.24,26.625,26.7,1405531,0.0
2018-08-14,26.39,26.39,25.84,25.97,3198697,0.0
2018-08-15,26.21,26.41,25.94,26,1861009,0.0
2018-08-16,25.91,25.98,25.54,25.84,1498329,0.0
2018-08-19,25.95,26.3,25.86,25.93,889195,0.0
2018-08-20,25.93,26.82,25.93,26.62,1455181,0.0
2018-08-21,26.56,26.67,26.065,26.28,1071940,0.0
2018-08-22,26.2,26.2,25.17,25.23,2859146,0.0
2018-08-23,25.39,26.15,25.35,25.84,1900766,0.0
2018-08-26,25.99,26.59,25.99,26.3,1527959,0.0
2018-08-27,26.34,26.5,25.995,26.13,1446888,0.0
2018-08-28,26.17,26.78,26.07,26.53,1604040,0.0
2018-08-29,26.41,26.59,26.06,26.27,1642172,0.0
2018-08-30,26.31,26.4,25.6675,25.885,3428837,0.0
2018-09-03,25.79,25.79,25.05,25.6,1959926,0.0
2018-09-04,25.6,25.68,25.15,25.36,1898147,0.0
2018-09-05,25.3,25.65,25.215,25.44,1800882,0.0
2018-09-06,25.36,25.925,25.215,25.71,2728004,0.0
2018-09-09,25.87,26.94,25.72,26.89,4313940,0.0
2018-09-10,26.76,26.94,26.16,26.34,3029813,0.0
2018-09-11,26.28,26.76,26.05,26.71,2844073,0.0
2018-09-12,26.92,27.36,26.76,27.08,2107440,0.0
2018-09-13,27.22,27.65,26.95,27.24,3823240,0.0
2018-09-16,27.25,27.4,26.795,26.96,1279421,0.0
2018-09-17,26.93,27.51,26.8596,27.27,2926577,0.0
2018-09-18,27.18,27.74,27.18,27.62,2693021,0.0
2018-09-19,27.85,28.67,27.71,28.25,4488962,0.0
2018-09-20,28,28.46,27.92,28.25,3384970,0.0
2018-09-23,28,28.16,27.59,27.69,3233994,0.0
2018-09-24,27.69,28.34,27.56,28.33,1828081,0.0
2018-09-25,28.45,28.71,28.149,28.205,1971838,0.0
2018-09-26,28.24,28.74,27.65,28.31,2299270,0.0
2018-09-27,28.01,28.29,27.91,28.2,2693442,0.0
2018-09-30,28.41,28.77,27.365,27.6,2480827,0.0
2018-10-01,27.57,27.75,27.31,27.44,4987507,0.0
2018-10-02,27.58,27.88,26.61,26.77,1811635,0.0
2018-10-03,26.59,26.85,26.13,26.38,1901836,0.0
2018-10-04,26.39,26.51,25.65,26.04,2233626,0.0
2018-10-07,25.89,26.65,25.8775,26.62,3671200,0.0
2018-10-08,26.78,26.78,25.69,25.79,3285145,0.0
2018-10-09,25.64,25.88,24.58,24.6,4938278,0.0
2018-10-10,24.73,24.93,24.28,24.37,4645454,0.0
2018-10-11,24.67,24.845,23.97,24.78,3237260,0.0
2018-10-14,24.75,25.635,24.65,25.42,1896414,0.0
2018-10-15,25.55,25.885,25.38,25.7,1894386,0.0
2018-10-16,25.71,25.84,25.34,25.69,1675367,0.0
2018-10-17,25.68,25.99,25.11,25.16,2066638,0.0
2018-10-18,25.52,25.65,25.12,25.35,1259442,0.0
2018-10-21,25.23,25.6,25.105,25.26,1395636,0.0
2018-10-22,25.02,25.13,24.39,24.74,2477742,0.0
2018-10-23,24.61,24.82,23.08,23.15,3972537,0.0
2018-10-24,23.54,24.11,23.36,23.46,2497263,0.0
2018-10-25,22.73,23.78,22.56,23.4,4767456,0.0
2018-10-28,23.81,24.71,23.57,23.92,3349643,0.0
2018-10-29,23.95,24.31,23.68,23.87,2899708,0.0
2018-10-30,24.07,25.46,23.99,25.04,2068161,0.0
2018-10-31,25.11,25.54,24.91,25.43,2025041,0.0
2018-11-01,25.58,25.71,24.77,25.07,1145710,0.0
2018-11-04,25.15,25.43,25.01,25.03,1288892,0.0
2018-11-05,24.94,25.33,24.73,25.02,1155617,0.0
2018-11-06,25.31,25.97,24.9,25.94,1970748,0.0
2018-11-07,25.79,26.42,24.08,24.93,4189989,0.0
2018-11-08,24.79,25.02,24.26,24.52,2753791,0.0
2018-11-11,24.33,24.38,23.46,23.495,2286907,0.0
2018-11-12,23.72,24,23.15,23.21,2818570,0.0
2018-11-13,23.49,24.14,23.4462,23.8,3297065,0.0
2018-11-14,23.63,24.3,23.35,24.29,3256865,0.0
2018-11-15,24.37,24.48,23.7,23.82,2972687,0.0
2018-11-18,23.88,24.4,23.07,23.2,2392696,0.0
2018-11-19,22.95,23.29,21.83,22.25,4223948,0.0
2018-11-20,22.35,23.68,22.31,23.46,2603636,0.0
2018-11-22,23.26,24.13,23.13,24.05,1267479,0.0
2018-11-25,24.33,24.87,24.2,24.77,3894884,0.0
2018-11-26,24.71,24.84,24.09,24.57,2829921,0.0
2018-11-27,24.57,24.725,23.9,24.12,4067881,0.0
2018-11-28,23.89,24.78,23.89,24.35,2731234,0.0
2018-11-29,24.43,24.64,23.98,24.31,3897379,0.0
2018-12-02,24.34,24.91,23.955,24.23,3690165,0.0
2018-12-03,24.07,24.69,23.535,23.69,3270770,0.0
2018-12-05,23.2,23.95,23.14,23.6,4251426,0.0
2018-12-06,23.46,23.76,23.085,23.19,2524695,0.0
2018-12-09,23.18,23.4,22.6,23.11,3314377,0.0
2018-12-10,23.24,23.59,22,22.99,4690289,0.0
2018-12-11,23.44,23.91,23.12,23.13,4309978,0.0
2018-12-12,23.16,23.4,22.56,22.76,3558934,0.0
2018-12-13,22.47,23.05,22.14,22.31,2636808,0.0
2018-12-16,22.38,22.86,21.85,22.04,3744978,0.0
2018-12-17,22.19,22.39,21.89,22.15,3211122,0.0
2018-12-18,22.26,22.68,21.23,21.32,4483740,0.0
2018-12-19,21.37,21.88,20.8,21.08,4951921,0.0
2018-12-20,21.445,21.6,20.03,20.06,4312137,0.0
2018-12-23,20.06,20.21,19.54,19.54,2227969,0.0
2018-12-25,19.82,20.43,19.24,20.39,4240719,0.0
2018-12-26,20.23,20.3,19.47,20.28,3522827,0.0
2018-12-27,20.44,20.675,20.09,20.51,3268590,0.0
2018-12-30,20.63,20.8,20.105,20.57,3727356,0.0
2019-01-01,20.18,20.91,20.03,20.68,4337020,0.0
2019-01-02,20.48,20.81,20.4,20.63,2927825,0.0
2019-01-03,20.88,22.08,20.88,21.99,2749292,0.0
2019-01-06,21.76,21.92,20.98,21.09,4462997,0.0
2019-01-07,21.09,21.2,20.24,20.28,4019226,0.0
2019-01-08,20.44,20.96,20.13,20.34,3114402,0.0
2019-01-09,20.22,20.31,19.495,19.77,4313977,0.0
2019-01-10,19.76,20.43,19.545,20.39,5336216,0.0
2019-01-13,20.26,21.205,20.13,20.885,6777473,0.0
2019-01-14,20.9,21.615,20.81,21.41,3141702,0.0
2019-01-15,21.38,21.91,21.38,21.645,1980946,0.0
2019-01-16,21.51,21.765,21.31,21.39,1704057,0.0
2019-01-17,21.66,21.81,21.29,21.555,2317534,0.0
2019-01-21,21.35,22.04,21.14,21.82,3836606,0.0
2019-01-22,21.87,22.15,21.29,21.62,4671130,0.0
2019-01-23,21.82,22.18,21.63,22.025,2117230,0.0
2019-01-24,22.21,22.46,22.13,22.38,5455789,0.0
2019-01-27,22.21,22.62,21.96,22.59,2204642,0.0
2019-01-28,22.58,22.99,22.47,22.68,1823052,0.0
2019-01-29,22.76,23.12,22.4,22.94,1696432,0.0
2019-01-30,23.12,23.715,23.02,23.56,2315832,0.0
2019-01-31,23.5,23.93,23.1,23.89,2211166,0.0
2019-02-03,23.83,25.3,23.83,24.9,2846902,0.0
2019-02-04,24.72,25.16,24.48,25.02,4166629,0.0
2019-02-05,25,25.03,24.38,24.38,3344801,0.0
2019-02-06,24.39,24.54,24.02,24.495,1559951,0.0
2019-02-07,24.35,24.35,23.95,24.115,1417985,0.0
2019-02-10,24.13,24.2313,23.23,23.34,1542184,0.0
2019-02-11,23.52,23.97,23.36,23.935,2041106,0.0
2019-02-12,24.1,24.11,23.44,23.78,1258278,0.0
2019-02-13,23.75,24.16,23.43,24.095,1565993,0.0
2019-02-14,24.39,24.85,24.14,24.785,2334873,0.0
2019-02-18,24.71,24.93,24.57,24.725,2201468,0.0
2019-02-19,24.73,25.03,24.65,24.78,1906518,0.0
2019-02-20,24.65,24.86,24.5,24.76,2144260,0.0
2019-02-21,24.93,25.27,24.8,25.17,1156438,0.0
2019-02-24,25.21,25.32,24.48,24.52,1601366,0.0
2019-02-25,24.42,25.69,24.42,25.47,2597981,0.0
2019-02-26,25.36,25.47,25.075,25.33,2301504,0.0
2019-02-27,25.22,25.52,24.5,25.39,2316744,0.0
2019-02-28,25.6,25.69,25.195,25.37,2373664,0.0
2019-03-03,25.36,25.555,25.225,25.5,1738754,0.0
2019-03-04,25.5,25.54,25.19,25.3,1649032,0.0
2019-03-05,25.23,25.51,25.15,25.31,1281894,0.0
2019-03-06,25.26,25.5,24.95,25.22,1800865,0.0
2019-03-07,25.07,25.07,24.57,24.62,2599152,0.0
2019-03-10,24.71,24.71,24.2,24.3,2828515,0.0
2019-03-11,24.45,24.855,24.08,24.59,2608179,0.0
2019-03-12,24.67,25.09,24.66,24.94,1506925,0.0
2019-03-13,24.94,25.25,24.94,25.06,1878788,0.0
2019-03-14,25.47,25.71,25.28,25.37,3936053,0.0
2019-03-17,25.13,25.565,25.13,25.43,2374827,0.0
2019-03-18,25.41,25.65,25.24,25.49,1907456,0.0
2019-03-19,25.49,25.57,25.15,25.47,2010427,0.0
2019-03-20,25.4,25.79,25.1101,25.77,2341702,0.0
2019-03-21,25.68,25.76,25.3,25.37,2063921,0.0
2019-03-24,25.35,25.49,24.58,25.12,2000761,0.0
2019-03-25,25.22,25.51,24.58,24.75,1705704,0.0
2019-03-26,24.84,25.08,24.47,24.82,4474991,0.0
2019-03-27,24.74,24.83,24.39,24.53,2177223,0.0
2019-03-28,24.57,24.805,23.9,24.21,2315762,0.0
2019-03-31,24.46,24.71,24.13,24.13,964865,0.0
2019-04-01,24.16,24.74,24.16,24.61,3120200,0.0
2019-04-02,24.63,25.7201,24.63,25.64,3272461,0.0
2019-04-03,25.72,25.96,25.6,25.87,2317724,0.0
2019-04-04,26,26.9,25.86,26.86,5083390,0.0
2019-04-07,26.77,27.04,26.58,26.8,5041529,0.0
2019-04-08,26.66,26.95,26.53,26.8,2861398,0.0
2019-04-09,26.59,26.66,26.28,26.54,2586191,0.0
2019-04-10,26.5,26.77,26.29,26.43,906333,0.0
2019-04-11,26.62,27.12,26.3216,27.05,1778246,0.0
2019-04-14,27.09,27.5,27.005,27.39,1259579,0.0
2019-04-15,27.5,27.64,26.72,26.8,1522400,0.0
2019-04-16,26.88,27.04,26.56,26.75,992449,0.0
2019-04-17,26.91,26.99,26.15,26.66,2509484,0.0
2019-04-21,26.61,26.885,26.445,26.495,1174252,0.0
2019-04-22,26.41,26.85,26.315,26.49,1444517,0.0
2019-04-23,26.41,26.71,25.95,26.4,2054735,0.0
2019-04-24,26.26,26.26,25.695,25.79,2426430,0.0
2019-04-25,26.09,26.09,25.8,26.04,1676256,0.0
2019-04-28,26,26.4775,25.99,26.16,798517,0.0
2019-04-29,26.08,26.35,25.56,26.14,1403545,0.0
2019-04-30,26.18,26.52,25.8,25.82,1318354,0.0
2019-05-01,25.72,25.88,25.25,25.56,2139750,0.0
2019-05-02,25.6,26.23,25.5,26.02,2094241,0.0
2019-05-05,25.6,26.16,25.45,26.06,1547554,0.0
2019-05-06,25.77,25.77,25.12,25.33,2305967,0.0
2019-05-07,25.13,25.46,25.06,25.3,2188555,0.0
2019-05-08,25.09,25.67,24.89,25.62,2587097,0.0
2019-05-09,25.5,25.77,24.98,25.57,1892066,0.0
2019-05-12,25.16,25.22,24.05,24.07,3431748,0.0
2019-05-13,24.1,24.545,24.01,24.27,2460249,0.0
2019-05-14,24.1,24.81,23.94,24.74,3666305,0.0
2019-05-15,24.74,25.24,24.57,25.02,2843970,0.0
2019-05-16,24.95,25.17,24.62,24.65,2949154,0.0
2019-05-19,24.35,24.62,24.28,24.56,2064946,0.0
2019-05-20,24.71,25.31,24.67,25.27,1884240,0.0
2019-05-21,25.17,25.37,24.7,24.88,1921052,0.0
2019-05-22,24.64,24.96,24.41,24.6,2393092,0.0
2019-05-23,24.75,24.89,24.31,24.41,2335424,0.0
2019-05-27,24.55,25.215,24.39,24.54,2948330,0.0
2019-05-28,24.41,24.78,24.27,24.46,3105475,0.0
2019-05-29,24.4,24.6,23.86,23.98,3882465,0.0
2019-05-30,23.79,24.33,23.63,24.24,3152402,0.0
2019-06-02,24.17,24.69,23.96,24.06,2771134,0.0
2019-06-03,24.47,25.096,24.22,25.04,3097295,0.0
2019-06-04,25.17,25.26,24.545,24.79,2187067,0.0
2019-06-05,24.83,25.32,24.78,25.2,1455346,0.0
2019-06-06,25.3,25.7,25.25,25.6,2006043,0.0
2019-06-09,25.69,26.13,25.54,26.03,2478145,0.0
2019-06-10,26.2,26.2,25.575,25.73,2035292,0.0
2019-06-11,25.76,26.095,25.5,25.52,1435807,0.0
2019-06-12,25.54,25.83,25.47,25.63,2021153,0.0
2019-06-13,25.62,26.14,25.46,25.93,2789157,0.0
2019-06-16,25.92,26.16,25.73,25.85,2730036,0.0
2019-06-17,26.22,26.97,26.07,26.53,2804947,0.0
2019-06-18,26.46,26.975,26.46,26.91,1478885,0.0
2019-06-19,27.15,27.2,26.65,26.87,1467860,0.0
2019-06-20,26.83,27.09,26.53,26.835,2079540,0.0
2019-06-23,26.84,26.92,26.135,26.3,1423935,0.0
2019-06-24,26.25,26.25,25.57,25.68,2263057,0.0
2019-06-25,25.75,26.075,25.39,25.87,2597682,0.0
2019-06-26,25.86,26.37,25.76,26.2,1984758,0.0
2019-06-27,26.295,26.62,26.07,26.52,1979216,0.0
2019-06-30,26.92,27.1,26.44,26.85,2056799,0.0
2019-07-01,26.79,27.01,26.66,26.94,1703350,0.0
2019-07-02,27,27.04,26.73,26.88,1016476,0.0
2019-07-04,26.68,27.02,26.63,26.92,932994,0.0
2019-07-07,26.76,26.76,26.22,26.27,1693031,0.0
2019-07-08,26.06,26.34,25.835,26.01,2463122,0.0
2019-07-09,26.08,26.23,25.82,26.04,3077170,0.0
2019-07-10,26.08,26.59,26.08,26.57,1515913,0.0
2019-07-11,26.62,26.83,26.525,26.56,1032903,0.0
2019-07-14,26.56,26.67,25.6401,25.88,1778550,0.0
2019-07-15,25.94,26,25.48,25.5,1148144,0.0
2019-07-16,25.43,25.585,25.135,25.48,1636637,0.0
2019-07-17,25.5,27.84,25.5,27.42,5868536,0.0
2019-07-18,27.42,27.72,26.74,27.06,3420449,0.0
2019-07-21,27.03,27.16,26.675,26.909,1290814,0.0
2019-07-22,27.12,27.5,26.98,27.14,2857981,0.0
2019-07-23,27.12,27.355,26.78,27.32,4105548,0.0
2019-07-24,27.28,27.36,26.91,27.22,1300688,0.0
2019-07-25,27.16,27.3,27.06,27.25,1272542,0.0
2019-07-28,27.25,27.25,26.56,26.6,1598829,0.0
2019-07-29,26.38,26.655,26.19,26.54,1166526,0.0
2019-07-30,26.5,26.625,25.85,26.04,2910960,0.0
2019-07-31,25.85,26.355,25.67,25.8398,1908016,0.0
2019-08-01,25.71,26.05,25.07,25.95,1440358,0.0
2019-08-04,25.46,25.48,24.75,24.99,3367536,0.0
2019-08-05,25,25.25,24.73,25.01,1718279,0.0
2019-08-06,24.6,25.27,24.2027,25.19,2331067,0.0
2019-08-07,26.01,26.5,25.26,25.58,6594280,0.0
2019-08-08,25.49,25.91,25.37,25.86,4026201,0.0
2019-08-11,25.77,26.94,25.61,26.33,4623480,0.0
2019-08-12,26.23,26.91,26.22,26.365,4265146,0.0
2019-08-13,25.99,26.21,25.74,25.77,3163451,0.0
2019-08-14,25.75,25.96,25.53,25.74,3319661,0.0
2019-08-15,25.97,26.1,25.64,25.66,3912354,0.0
2019-08-18,25.93,26.12,25.675,25.97,5084700,0.0
2019-08-19,25.96,26.09,25.84,25.86,3699727,0.0
2019-08-20,25.99,26.12,25.66,25.92,5200837,0.0
2019-08-21,25.93,26.09,25.64,25.67,6321985,0.0
2019-08-22,25.58,25.685,25.04,25.14,5480109,0.0
2019-08-25,25.29,25.62,25.265,25.31,4665819,0.0
2019-08-26,25.5,25.5,25.05,25.15,5869275,0.0
2019-08-27,25.06,25.46,24.92,25.31,5767402,0.0
2019-08-28,25.57,25.89,25.47,25.755,8620524,0.0
2019-08-29,25.81,26.22,25.785,26.11,5238415,0.0
2019-09-02,25.84,26.03,25.72,25.93,7112687,0.0
2019-09-03,26.09,26.77,26.03,26.68,11324460,0.0
2019-09-04,26.84,27.23,26.02,26.06,13610870,0.0
2019-09-05,26.12,26.811,26.12,26.53,13275994,0.0
2019-09-08,26.66,26.795,26.4,26.75,10094483,0.0
2019-09-09,26.82,27.335,26.67,27.13,12029972,0.0
2019-09-10,27.17,27.26,26.69,26.94,5627443,0.0
2019-09-11,26.92,27.66,26.77,27.4,8819832,0.0
2019-09-12,27.65,27.67,27.19,27.51,4289695,0.0
2019-09-15,27.37,27.58,26.97,27.09,3024444,0.0
2019-09-16,26.92,26.98,26.34,26.6,4401058,0.0
2019-09-17,26.56,26.68,26.27,26.65,3513203,0.0
2019-09-18,26.63,26.72,26.28,26.3,3850716,0.0
2019-09-19,26.23,26.23,24.84,25.06,8803745,0.0
2019-09-22,24.94,25.235,24.54,24.56,3373571,0.0
2019-09-23,24.62,24.755,23.84,23.95,4180728,0.0
2019-09-24,23.74,24.54,23.74,24.44,4533423,0.0
2019-09-25,24.51,24.63,23.74,23.79,2674879,0.0
2019-09-26,23.78,23.96,23.51,23.83,2284574,0.0
2019-09-29,23.91,24,23.71,23.79,2918170,0.0
2019-09-30,23.82,24.12,23.34,23.38,2370341,0.0
2019-10-01,23.33,23.465,23.21,23.42,1978808,0.0
2019-10-02,23.33,23.77,23.27,23.76,2754785,0.0
2019-10-03,23.79,24.19,23.75,24.11,4659819,0.0
2019-10-06,24.12,24.315,23.95,24.11,10437540,0.0
2019-10-07,24,24.11,23.57,23.73,5095845,0.0
2019-10-08,23.86,23.975,23.62,23.91,2317631,0.0
2019-10-09,23.89,23.89,22.9,22.91,7568992,0.0
2019-10-10,23.32,23.69,23.14,23.49,6457118,0.0
2019-10-13,23.52,23.72,23.31,23.65,4072417,0.0
2019-10-14,23.66,24.63,23.65,24.59,4921136,0.0
2019-10-15,24.63,25.07,24.6,24.85,9158581,0.0
2019-10-16,24.67,24.85,24.1,24.26,10154574,0.0
2019-10-17,24.33,24.51,24.11,24.37,7802733,0.0
2019-10-20,24.55,24.7,24.24,24.31,2293324,0.0
2019-10-21,23.73,23.73,22.4367,22.94,7534076,0.0
2019-10-22,22.94,23.28,22.63,23.26,2370322,0.0
2019-10-23,23.27,23.365,22.99,23.26,1722138,0.0
2019-10-24,23.35,23.6,23.175,23.2,1690525,0.0
2019-10-27,23.26,23.73,23.25,23.47,3518320,0.0
2019-10-28,23.34,23.71,23.131,23.63,3399814,0.0
2019-10-29,23.59,23.76,23.12,23.62,1487648,0.0
2019-10-30,23.6,23.88,23.3101,23.87,1557041,0.0
2019-10-31,24.07,24.26,23.92,24.19,1296587,0.0
2019-11-03,24.19,24.41,23.98,24.07,2156210,0.0
2019-11-04,24.06,24.26,23.89,24.06,2033282,0.0
2019-11-05,24.18,24.31,23.66,23.69,2076109,0.0
2019-11-06,23.5,23.74,23.005,23.47,3725867,0.0
2019-11-07,23.38,23.545,23.14,23.45,1560627,0.0
2019-11-10,23.33,23.61,23.125,23.46,1666094,0.0
2019-11-11,23.25,23.28,22.59,22.68,3021880,0.0
2019-11-12,22.54,22.85,21.975,21.99,4717686,0.0
2019-11-13,21.87,22.26,21.75,21.82,5376867,0.0
2019-11-14,21.89,21.95,21.59,21.63,4087360,0.0
2019-11-17,21.2,21.76,21.2,21.73,6510902,0.0
2019-11-18,21.87,21.91,21.55,21.83,2636745,0.0
2019-11-19,21.75,22.01,21.515,21.65,3647021,0.0
2019-11-20,21.63,21.805,21.535,21.74,2615309,0.0
2019-11-21,21.84,21.87,21.4,21.41,3851593,0.0
2019-11-24,21.42,21.515,20.81,20.825,5226607,0.0
2019-11-25,20.83,21.055,20.39,21.01,4841935,0.0
2019-11-26,21.01,21.73,20.91,21.67,4522612,0.0
2019-11-28,21.71,21.71,21.215,21.53,1484089,0.0
2019-12-01,21.49,21.55,21.15,21.18,3395423,0.0
2019-12-02,21.15,21.15,20.78,20.89,2489945,0.0
2019-12-03,20.94,21.18,20.835,20.98,2596588,0.0
2019-12-04,21.09,21.26,20.64,21.105,5674778,0.0
2019-12-05,21.28,21.28,20.99,21,2625144,0.0
2019-12-08,20.96,21.01,20.54,20.595,2352996,0.0
2019-12-09,20.52,21,20.52,20.99,2606943,0.0
2019-12-10,21.01,21.0394,20.5,20.51,2914801,0.0
2019-12-11,20.52,20.91,20.4962,20.64,2692512,0.0
2019-12-12,21.01,21.37,20.89,21.04,3715963,0.0
2019-12-15,21.23,21.51,20.815,20.92,2819919,0.0
2019-12-16,20.91,20.98,20.71,20.72,3009161,0.0
2019-12-17,20.68,21.27,20.68,21.21,3058271,0.0
2019-12-18,21.13,21.98,21.13,21.78,4703101,0.0
2019-12-19,21.68,21.9,21.4,21.6,3608887,0.0
2019-12-22,21.66,21.83,21.5,21.76,2840456,0.0
2019-12-23,21.79,21.82,21.655,21.77,505259,0.0
2019-12-25,21.78,21.8873,21.36,21.41,1742575,0.0
2019-12-26,21.49,21.89,21.375,21.85,2137809,0.0
2019-12-29,21.95,22.04,21.53,21.58,2489877,0.0
2019-12-30,21.59,21.85,21.47,21.79,1477845,0.0
2020-01-01,21.88,21.98,21.5,21.59,1499027,0.0
2020-01-02,21.31,21.54,21.22,21.25,1263957,0.0
2020-01-05,21.26,21.6,20.99,21.57,2610509,0.0
2020-01-06,21.53,21.69,21.35,21.41,1630973,0.0
2020-01-07,21.33,21.4,20.39,20.47,3276769,0.0
2020-01-08,20.42,20.52,19.95,19.97,1687774,0.0
2020-01-09,20.01,20.05,19.51,19.85,3423156,0.0
2020-01-12,19.78,20.17,19.63,20,3682814,0.0
2020-01-13,19.93,20.36,19.79,20.235,2038659,0.0
2020-01-14,20.26,20.565,20.1,20.49,2077272,0.0
2020-01-15,20.75,20.75,20.54,20.6,1326738,0.0
2020-01-16,20.72,20.72,20.31,20.36,1414207,0.0
2020-01-20,20.3,20.33,19.45,19.55,5407795,0.0
2020-01-21,19.44,19.56,18.92,19.29,6490499,0.0
2020-01-22,19.19,19.5,18.99,19.32,4974166,0.0
2020-01-23,19.62,19.95,19.295,19.4,7088217,0.0
2020-01-26,19.19,19.9,19.12,19.8,3077313,0.0
2020-01-27,19.54,20.33,19.54,20.085,2529777,0.0
2020-01-28,20.07,20.1,19.53,19.62,1961758,0.0
2020-01-29,19.44,19.885,19.42,19.855,2267272,0.0
2020-01-30,19.87,19.92,19.42,19.47,1911341,0.0
2020-02-02,19.57,19.66,19.4,19.45,1324524,0.0
2020-02-03,19.56,19.87,19.44,19.81,1881173,0.0
2020-02-04,20.17,20.39,19.89,19.99,2329722,0.0
2020-02-05,20.38,20.38,19.92,19.97,1247886,0.0
2020-02-06,19.93,20.015,19.29,19.46,1803152,0.0
2020-02-09,19.4,19.43,18.825,19.32,2405549,0.0
2020-02-10,19.48,20.5,19.4,20.295,3207974,0.0
2020-02-11,20.41,20.66,20.23,20.475,1697196,0.0
2020-02-12,20.44,20.48,20.01,20.29,1858489,0.0
2020-02-13,20.08,20.25,19.085,19.45,2694792,0.0
2020-02-17,19.31,19.64,19.23,19.34,3664426,0.0
2020-02-18,19.33,19.83,19.185,19.74,2535818,0.0
2020-02-19,19.74,20.41,19.63,20.29,2865962,0.0
2020-02-20,20.19,20.35,19.92,20.21,2133065,0.0
2020-02-23,19.68,20.15,19.55,19.74,2474402,0.0
2020-02-24,19.74,19.96,19.41,19.55,3608470,0.0
2020-02-25,19.76,20.1,19.405,19.51,3711986,0.0
2020-02-26,19.41,19.67,18.76,18.98,3640248,0.0
2020-02-27,18.55,18.855,18.09,18.6,4887650,0.0
2020-03-01,18.5,19.03,18.225,19.03,2612034,0.0
2020-03-02,18.78,19.46,18.49,18.6,3947086,0.0
2020-03-03,18.89,19.03,18.35,19.02,2420073,0.0
2020-03-04,18.61,19.09,18.415,18.62,2658622,0.0
2020-03-05,18.12,18.35,17.7981,18.2,3112859,0.0
2020-03-08,17.29,17.97,16.37,16.86,3995571,0.0
2020-03-09,17.31,17.5,16.54,17.33,6412834,0.0
2020-03-10,16.82,17.04,16.3,16.61,10702546,0.0
2020-03-11,15.5,16.4,14.63,15.41,5765898,0.0
2020-03-12,16.19,16.39,15.3,16.39,5986996,0.0
2020-03-15,14.75,15.585,14.75,14.75,9821574,0.0
2020-03-16,15,16.88,14.72,15.91,5906997,0.0
2020-03-17,14.93,16.51,14.78,15.34,4542713,0.0
2020-03-18,15.29,17.04,14.95,16.61,7812780,0.0
2020-03-19,16.31,17.18,16.23,16.57,9355374,0.0
2020-03-22,16.58,17,14.68,14.83,12246266,0.0
2020-03-23,15.4,16.49,15.4,16.18,3897386,0.0
2020-03-24,16.05,16.62,15.6,15.95,4811459,0.0
2020-03-25,15.94,16.92,15.675,16.76,4095113,0.0
2020-03-26,16.25,16.29,15.46,15.87,4694755,0.0
2020-03-29,15.86,16.17,15.31,15.69,3530186,0.0
2020-03-30,15.67,16.14,15.46,15.72,5872670,0.0
2020-03-31,15.19,15.55,14.91,15.11,6231300,0.0
2020-04-01,15.13,15.78,14.97,15.23,4194095,0.0
2020-04-02,15.03,15.545,14.355,14.85,7805622,0.0
2020-04-05,15.43,16.25,15.42,16.17,12587806,0.0
2020-04-06,16.6,16.86,15.98,16.24,4572398,0.0
2020-04-07,16.34,17.4,16.34,17.3,4553305,0.0
2020-04-08,17.39,18.07,17.14,17.39,4743646,0.0
2020-04-12,17.19,17.32,16.79,16.97,5976569,0.0
2020-04-13,17.25,17.5,17.13,17.38,6346714,0.0
2020-04-14,16.96,17.19,16.74,17.1,10114018,0.0
2020-04-15,17.1,17.36,16.83,17.23,12098857,0.0
2020-04-16,17.62,17.62,17.13,17.29,8348430,0.0
2020-04-19,16.94,17.52,16.93,17.34,11559000,0.0
2020-04-20,17.06,17.27,16.77,16.8,6615377,0.0
2020-04-21,17.01,17.315,16.9,17.075,9507472,0.0
2020-04-22,17.09,17.62,17.09,17.38,8889281,0.0
2020-04-23,17.5,17.67,17.2,17.52,5389627,0.0
2020-04-26,17.63,18.27,17.63,18.22,11437960,0.0
2020-04-27,18.55,18.72,17.53,17.6,2572378,0.0
2020-04-28,17.91,18.22,17.69,17.99,3196252,0.0
2020-04-29,17.91,18.45,17.765,18.31,14521294,0.0
2020-04-30,18.405,21.62,17.92,21.5,19549800,0.0
2020-05-03,21.52,22.045,21.13,21.34,9147305,0.0
2020-05-04,21.57,21.79,20.55,20.63,4584300,0.0
2020-05-05,20.56,20.78,20.23,20.29,7458039,0.0
2020-05-06,22.64,22.68,20.81,21.45,21955476,0.0
2020-05-07,21.65,21.65,21,21.4,14800090,0.0
2020-05-10,21.24,21.32,20.945,21.07,3332442,0.0
2020-05-11,21.08,21.64,20.7,20.71,6488766,0.0
2020-05-12,20.87,21.56,20.675,21.26,11135941,0.0
2020-05-13,21,21.42,20.89,21.3,10524722,0.0
2020-05-14,21.19,21.525,21.03,21.35,4259556,0.0
2020-05-17,21.72,21.9,21.24,21.37,8434090,0.0
2020-05-18,21.38,21.5,20.98,21,6925602,0.0
2020-05-19,21.1,21.3,20.52,20.775,5233213,0.0
2020-05-20,20.68,20.89,20.45,20.52,6001152,0.0
2020-05-21,20.48,20.6774,20.33,20.47,5547234,0.0
2020-05-25,20.78,20.99,20.34,20.47,4599072,0.0
2020-05-26,20.58,21.21,20.41,20.78,7426328,0.0
2020-05-27,20.69,20.96,20.535,20.57,4936376,0.0
2020-05-28,20.57,21.01,20.47,20.63,3144819,0.0
2020-05-31,20.68,21.675,20.63,21.59,4463639,0.0
2020-06-01,21.55,21.76,21.38,21.541,5160534,0.0
2020-06-02,21.63,21.76,21.22,21.55,3658640,0.0
2020-06-03,21.35,22.05,21.31,22.05,6414956,0.0
2020-06-04,22.33,22.745,22.15,22.69,2980259,0.0
2020-06-07,22.72,23.39,22.72,23.35,6655522,0.0
2020-06-08,23.2,23.38,22.205,22.41,5875124,0.0
2020-06-09,22.52,22.52,22.04,22.29,3458064,0.0
2020-06-10,21.96,21.97,20.83,20.97,2895104,0.0
2020-06-11,21.32,21.635,21.11,21.24,1229338,0.0
2020-06-14,21.47,21.77,21.15,21.61,4343917,0.0
2020-06-15,22.27,22.29,21.8,22.061,4216868,0.0
2020-06-16,22.18,22.18,21.65,21.69,1557708,0.0
2020-06-17,21.54,23.39,21.54,23.15,3087270,0.0
2020-06-18,23.32,23.41,22.55,22.735,4576272,0.0
2020-06-21,22.66,22.88,22.46,22.67,1529550,0.0
2020-06-22,22.84,22.84,22.14,22.2,1631082,0.0
2020-06-23,22,22.135,21.34,21.44,2812456,0.0
2020-06-24,21.37,21.755,21.13,21.38,2279016,0.0
2020-06-25,21.23,21.31,20.67,20.72,5783084,0.0
2020-06-28,20.78,21.5,20.61,21.5,2729500,0.0
2020-06-29,21.52,21.715,21.19,21.51,1732693,0.0
2020-06-30,21.48,21.72,21.22,21.47,1365140,0.0
2020-07-01,22.01,22.76,21.86,22,2481028,0.0
