Date,Open,High,Low,Close,Volume,OpenInterest
2016-07-11,29.62,30.73,29.5,30.6,4547833,0.0
2016-07-12,30.75,30.92,30.38,30.55,3078503,0.0
2016-07-13,30.88,31.735,30.56,31.61,3172778,0.0
2016-07-14,31.85,31.885,31.105,31.25,2972014,0.0
2016-07-17,31.42,32.295,31.1,32.11,2507829,0.0
2016-07-18,31.69,31.7,31.04,31.62,3423312,0.0
2016-07-19,31.61,31.61,30.995,31.03,3041202,0.0
2016-07-20,31.03,31.53,30.822,31.43,2373588,0.0
2016-07-21,31.63,31.88,31.35,31.36,1979616,0.0
2016-07-24,31.41,31.68,30.935,31,2090282,0.0
2016-07-25,31.1,31.64,30.89,31.52,1908927,0.0
2016-07-26,31.53,31.73,30.77,31.01,1818490,0.0
2016-07-27,30.85,31.32,30.76,31.16,2104529,0.0
2016-07-28,31.26,31.77,30.92,31.71,2261608,0.0
2016-07-31,31.62,32.19,31.4,32.04,2479711,0.0
2016-08-01,31.95,32.04,31.225,31.42,2490907,0.0
2016-08-02,31.38,32.51,30.26,32.485,2117012,0.0
2016-08-03,32.46,32.81,32.05,32.42,1101817,0.0
2016-08-04,32.29,32.2999,30.82,30.83,4943582,0.0
2016-08-07,30.85,31.35,30.73,31.22,2151958,0.0
2016-08-08,31.41,31.73,31.215,31.51,1589877,0.0
2016-08-09,31.69,31.69,30.99,31.28,1227688,0.0
2016-08-10,31.36,31.92,31.36,31.59,1153012,0.0
2016-08-11,31.46,31.95,31.35,31.54,718487,0.0
2016-08-14,31.66,32.55,31.56,32.46,1168703,0.0
2016-08-15,32.53,32.99,32.26,32.57,1623911,0.0
2016-08-16,32.43,32.75,32.24,32.48,1430678,0.0
2016-08-17,32.49,32.61,32.21,32.38,1480187,0.0
2016-08-18,32.3,32.32,31.7,31.78,1279056,0.0
2016-08-21,31.69,31.99,31.37,31.89,989774,0.0
2016-08-22,31.95,32.51,31.88,32.27,1232196,0.0
2016-08-23,32.25,32.51,31.54,31.62,1191126,0.0
2016-08-24,31.56,31.81,31,31.04,1461066,0.0
2016-08-25,31.22,31.57,30.53,30.82,2214861,0.0
2016-08-28,30.95,31.39,30.95,31.14,1249811,0.0
2016-08-29,31.24,31.7,31.02,31.23,926492,0.0
2016-08-30,30.15,31.69,30.15,31.64,1020390,0.0
2016-08-31,31.82,32.26,31.4,31.91,2600322,0.0
2016-09-01,32.3,32.99,32.06,32.85,2925331,0.0
2016-09-05,32.84,33.16,32.48,32.94,1904914,0.0
2016-09-06,33.01,33.301,32.66,32.73,971342,0.0
2016-09-07,32.74,32.87,32.45,32.66,1090604,0.0
2016-09-08,32.24,32.54,31.5,31.53,2670682,0.0
2016-09-11,31.22,33.34,31.208,33.09,2681446,0.0
2016-09-12,32.58,33.1,31.86,32.43,2050823,0.0
2016-09-13,32.36,32.86,32.01,32.12,1828250,0.0
2016-09-14,32.16,32.92,31.75,32.64,3328137,0.0
2016-09-15,32.61,32.62,32.09,32.52,1828722,0.0
2016-09-18,32.74,33.03,32.51,32.79,1416634,0.0
2016-09-19,32.94,33.175,32.65,33.05,1546412,0.0
2016-09-20,33.01,33.59,32.88,33.5,1814062,0.0
2016-09-21,33.7,34.305,33.7,33.92,1398733,0.0
2016-09-22,33.94,34.63,33.71,34.43,2165868,0.0
2016-09-25,34.06,34.4,33.13,33.26,2079188,0.0
2016-09-26,33.23,33.55,33.09,33.45,1060513,0.0
2016-09-27,33.56,33.96,33.33,33.84,1606663,0.0
2016-09-28,33.88,33.98,32.66,32.82,1566605,0.0
2016-09-29,32.91,34.31,32.74,34.17,3003017,0.0
2016-10-02,33.91,34.39,33.75,34.03,1833227,0.0
2016-10-03,34.08,34.65,33.73,33.89,1429910,0.0
2016-10-04,34.05,34.3,33.91,34.22,1569503,0.0
2016-10-05,34.03,34.21,33.38,33.44,2159608,0.0
2016-10-06,33.66,33.915,32.23,32.47,2510835,0.0
2016-10-09,32.73,33.05,32.7,32.83,2271232,0.0
2016-10-10,32.72,32.72,32.21,32.29,3183340,0.0
2016-10-11,32.34,32.63,32.07,32.43,1957914,0.0
2016-10-12,32.14,32.25,31.647,31.86,1694761,0.0
2016-10-13,32.07,32.34,31.55,31.58,1325382,0.0
2016-10-16,31.49,31.81,31.11,31.14,1489880,0.0
2016-10-17,31.66,31.81,31.215,31.24,1315722,0.0
2016-10-18,31.54,31.82,31.14,31.57,2661569,0.0
2016-10-19,31.51,31.87,31.22,31.66,1486361,0.0
2016-10-20,31.36,32.03,31.16,31.87,1425215,0.0
2016-10-23,32.05,32.225,31.605,32.18,1407257,0.0
2016-10-24,31.76,32.69,31.76,32.24,1264763,0.0
2016-10-25,32.14,32.25,31.85,32.02,869185,0.0
2016-10-26,32.14,32.15,31.415,31.77,1169108,0.0
2016-10-27,31.72,32.47,31.72,32.14,1823582,0.0
2016-10-30,32.3,32.85,32.18,32.6,1825153,0.0
2016-10-31,32.73,32.99,31.97,32.26,1810364,0.0
2016-11-01,32.28,32.42,31.85,31.87,1354513,0.0
2016-11-02,32.14,32.43,31.4,31.43,1643517,0.0
2016-11-03,28.54,32.4,28.5,31.66,3986997,0.0
2016-11-06,32.31,32.93,31.91,32.13,3263052,0.0
2016-11-07,32,33.279,31.52,33.15,3135099,0.0
2016-11-08,31,33.75,31,33.14,2768274,0.0
2016-11-09,33.15,33.21,30.15,30.89,6900560,0.0
2016-11-10,30.79,31.02,30.1,30.62,4414811,0.0
2016-11-13,30.65,30.99,30.21,30.66,3238153,0.0
2016-11-14,30.8,30.89,30.2,30.88,2613159,0.0
2016-11-15,30.69,32.005,30.55,31.8,2132379,0.0
2016-11-16,31.76,33.11,31.57,32.9,3561658,0.0
2016-11-17,32.78,33.36,32.46,32.76,2194503,0.0
2016-11-20,32.88,33.61,32.56,33.03,2765139,0.0
2016-11-21,33.25,33.43,32.87,32.99,1817647,0.0
2016-11-22,32.89,33.16,32.19,32.3,2178471,0.0
2016-11-24,32.3,32.78,32.13,32.67,808971,0.0
2016-11-27,32.67,33.24,32.02,32.24,1776891,0.0
2016-11-28,32.02,32.54,31.87,32.09,1783780,0.0
2016-11-29,32.13,32.33,31.005,31.32,3083976,0.0
2016-11-30,31.22,31.63,30.03,30.08,2936362,0.0
2016-12-01,30.22,30.32,29.48,29.66,3166006,0.0
2016-12-04,29.83,30.17,29.54,29.55,2493798,0.0
2016-12-05,29.52,30.1,29.52,29.91,3845067,0.0
2016-12-06,29.89,30.44,29.69,30.33,3420617,0.0
2016-12-07,30.63,30.805,30.14,30.21,3343745,0.0
2016-12-08,30.37,30.58,29.9,30.13,2121871,0.0
2016-12-11,30.07,30.4429,29.65,29.78,2216208,0.0
2016-12-12,29.94,30.54,29.89,30.28,3288734,0.0
2016-12-13,30.34,30.53,29.96,30.05,2324628,0.0
2016-12-14,29.8,30.7375,29.8,30.11,1954578,0.0
2016-12-15,30.25,30.95,30.09,30.49,2426546,0.0
2016-12-18,30.65,30.9,30.32,30.33,1336430,0.0
2016-12-19,30.47,30.87,30.28,30.83,1224276,0.0
2016-12-20,30.77,31.18,30.62,31.06,979883,0.0
2016-12-21,31.16,31.2035,30.72,30.82,1468863,0.0
2016-12-22,30.71,31.19,30.71,30.84,944567,0.0
2016-12-26,30.99,31.73,30.77,31.45,1053569,0.0
2016-12-27,31.45,31.485,30.87,31.02,942376,0.0
2016-12-28,31.06,31.17,30.69,30.8,962869,0.0
2016-12-29,30.91,30.91,30.33,30.6,1250017,0.0
2017-01-02,30.99,31.32,30.43,30.66,2241602,0.0
2017-01-03,30.73,31.35,30.73,31.35,1379465,0.0
2017-01-04,31.27,32.33,31.23,32.32,1949468,0.0
2017-01-05,32.52,33.385,32.3,33.35,2346697,0.0
2017-01-08,33.43,33.96,32.9,33.8,1536555,0.0
2017-01-09,33.9,34.06,33.37,34.03,1777709,0.0
2017-01-10,33.94,34.935,33.83,34.91,2171761,0.0
2017-01-11,34.92,34.99,34.45,34.91,2762280,0.0
2017-01-12,34.99,35.45,34.855,34.99,1897455,0.0
2017-01-16,34.74,35.0498,34.51,34.7,1848306,0.0
2017-01-17,34.78,34.81,34.1602,34.53,1617566,0.0
2017-01-18,34.51,35.48,34.47,34.94,2112940,0.0
2017-01-19,35.26,35.36,34.57,34.875,1107800,0.0
2017-01-22,34.73,35.14,34.51,34.92,1119824,0.0
2017-01-23,35.07,35.2,34.56,34.96,1202992,0.0
2017-01-24,34.98,35.41,34.845,35.23,2450497,0.0
2017-01-25,35.17,36.02,35.11,35.92,2750783,0.0
2017-01-26,36.03,36.64,35.94,36.62,2148678,0.0
2017-01-29,36.6,36.705,36.105,36.62,1429924,0.0
2017-01-30,36.69,36.78,36.16,36.49,1186582,0.0
2017-01-31,36.6,36.67,36.015,36.23,1361803,0.0
2017-02-01,36.13,36.54,36.02,36.3,659570,0.0
2017-02-02,36.5,36.64,36.33,36.52,586933,0.0
2017-02-05,36.42,36.62,36.07,36.13,710495,0.0
2017-02-06,36.09,36.09,35.46,35.53,1438618,0.0
2017-02-07,35.53,35.72,35.24,35.4,961073,0.0
2017-02-08,35.3,35.38,34.81,35.19,1579517,0.0
2017-02-09,35.35,35.6,35.19,35.36,1543492,0.0
2017-02-12,35.52,35.655,35.27,35.46,1025323,0.0
2017-02-13,35.36,35.6,35.23,35.51,1354705,0.0
2017-02-14,35.32,35.95,35.31,35.84,1944359,0.0
2017-02-15,36.61,37.69,35.5,35.91,3516890,0.0
2017-02-16,35.86,36.85,35.85,36.75,2154868,0.0
2017-02-20,36.79,37.5,36.01,37.46,2566467,0.0
2017-02-21,37.24,37.32,36.61,36.64,2282368,0.0
2017-02-22,36.535,36.77,36.085,36.43,2703614,0.0
2017-02-23,36.4,37,36.08,36.97,1390926,0.0
2017-02-26,37,37.32,36.84,37.3,1619614,0.0
2017-02-27,37.06,37.33,35.35,35.69,4952290,0.0
2017-02-28,35.87,36.11,34.945,35.19,3372277,0.0
2017-03-01,35.15,35.15,34.465,34.79,4029544,0.0
2017-03-02,34.7,34.96,34.41,34.88,1448713,0.0
2017-03-05,34.92,35.63,34.575,35.25,1595473,0.0
2017-03-06,35.12,35.43,34.94,35.25,2073031,0.0
2017-03-07,35.33,36.07,35.1,35.48,2502107,0.0
2017-03-08,35.33,35.6,35.01,35.29,2909862,0.0
2017-03-09,35.31,36.3,34.96,35.69,2690488,0.0
2017-03-12,35.5,36.03,35.4,35.935,1931524,0.0
2017-03-13,35.96,35.96,35.43,35.79,1636914,0.0
2017-03-14,35.9,37.61,35.56,36.77,6208219,0.0
2017-03-15,36.91,37.28,36.69,37.14,1768609,0.0
2017-03-16,37.43,37.45,36.78,37.37,2731257,0.0
2017-03-19,37.46,37.6399,36.61,36.65,1554994,0.0
2017-03-20,36.61,36.82,35.42,35.53,2157786,0.0
2017-03-21,35.65,35.73,34.74,35.17,2214867,0.0
2017-03-22,35.02,35.79,34.74,35.14,2657142,0.0
2017-03-23,35.16,35.69,35.04,35.13,2343274,0.0
2017-03-26,34.98,35.595,34.59,35.51,2110971,0.0
2017-03-27,35.12,35.45,33.5,35.12,3279534,0.0
2017-03-28,35.12,35.51,34.91,35.14,1942650,0.0
2017-03-29,35.16,35.895,35.03,35.72,1481676,0.0
2017-03-30,35.8,35.95,35.39,35.87,1781860,0.0
2017-04-02,35.91,36,34.74,34.755,2339606,0.0
2017-04-03,34.72,35.26,34.7,34.99,1217312,0.0
2017-04-04,34.93,35.87,34.84,35.14,1533013,0.0
2017-04-05,35.13,35.63,35.02,35.34,1374665,0.0
2017-04-06,35.41,35.73,35.3,35.33,1253446,0.0
2017-04-09,35.32,35.575,35,35.01,1711724,0.0
2017-04-10,34.85,35.06,34.28,34.555,2261248,0.0
2017-04-11,34.56,34.76,34.31,34.56,2071961,0.0
2017-04-12,34.59,34.72,34.23,34.25,1510847,0.0
2017-04-16,34.43,34.55,34.13,34.33,1630934,0.0
2017-04-17,34.07,34.31,33.87,34.12,2130097,0.0
2017-04-18,34.25,34.62,34.08,34.56,3120496,0.0
2017-04-19,34.69,35.05,34.645,34.67,2093198,0.0
2017-04-20,34.8,34.9,34.43,34.53,1357332,0.0
2017-04-23,35.17,35.4,34.74,34.77,2259510,0.0
2017-04-24,35,35.88,34.26,35.78,1680183,0.0
2017-04-25,35.84,36.255,35.83,35.94,1273637,0.0
2017-04-26,36.05,36.26,35.805,35.845,1194646,0.0
2017-04-27,35.84,35.95,35.33,35.425,1439916,0.0
2017-04-30,35.56,35.91,35.32,35.695,1004701,0.0
2017-05-01,35.64,35.94,35.19,35.53,880223,0.0
2017-05-02,35.57,35.65,34.27,34.415,1740166,0.0
2017-05-03,34.57,34.77,33.75,33.83,2507388,0.0
2017-05-04,33.89,34.33,33.8,34.28,1730647,0.0
2017-05-07,33.5,33.5,31.33,31.61,6817367,0.0
2017-05-08,31.82,31.82,30.8,30.84,4196860,0.0
2017-05-09,30.64,30.9,30.15,30.22,4227820,0.0
2017-05-10,30.17,30.41,30.03,30.2,4305864,0.0
2017-05-11,30.24,30.57,30.24,30.285,4782850,0.0
2017-05-14,30.325,30.37,29.99,30.01,3042820,0.0
2017-05-15,30.28,30.34,29.22,29.46,4855676,0.0
2017-05-16,29.23,30.14,29.15,29.44,5468583,0.0
2017-05-17,29.52,30.22,29.48,29.95,3585878,0.0
2017-05-18,30.02,30.56,29.93,30.12,4844083,0.0
2017-05-21,30.27,30.94,30.15,30.84,5841053,0.0
2017-05-22,30.83,31.16,30.68,30.91,4681624,0.0
2017-05-23,30.74,30.79,30.32,30.52,6111724,0.0
2017-05-24,30.61,31.1,30.56,30.93,3685903,0.0
2017-05-25,30.99,31.15,30.7,31.13,2062663,0.0
2017-05-29,31.26,31.268,30.93,31.01,1687907,0.0
2017-05-30,31.05,31.06,30.51,30.58,2894530,0.0
2017-05-31,30.73,31.5,30.58,31.35,3483639,0.0
2017-06-01,31.26,31.84,31.26,31.761,1780680,0.0
2017-06-04,31.9,31.9753,31.37,31.44,1327804,0.0
2017-06-05,31.34,31.34,30.16,30.2,2447276,0.0
2017-06-06,30.33,30.35,29.36,30.05,5112694,0.0
2017-06-07,30.05,30.13,29.6,29.85,2997776,0.0
2017-06-08,29.94,30,29.15,29.35,2892700,0.0
2017-06-11,29.23,29.9,29.18,29.42,2572721,0.0
2017-06-12,29.11,29.59,29.11,29.5,2988860,0.0
2017-06-13,29.52,29.685,29,29.09,3647781,0.0
2017-06-14,28.99,29.05,28.425,28.68,2654729,0.0
2017-06-15,28.55,29.265,28.17,29.18,3583702,0.0
2017-06-18,29.07,29.57,28.95,29.35,1813658,0.0
2017-06-19,29.26,29.26,28.68,28.8,2485555,0.0
2017-06-20,28.79,29.135,28.6,28.83,3566809,0.0
2017-06-21,28.85,29.225,28.68,29.02,2368194,0.0
2017-06-22,29.03,30.085,28.6601,29.97,2425175,0.0
2017-06-25,30.15,30.94,30.05,30.45,3134356,0.0
2017-06-26,30.27,30.75,30.01,30.32,2489345,0.0
2017-06-27,30.43,31.67,30.43,31.48,2780215,0.0
2017-06-28,31.32,31.82,30.93,31.72,3312942,0.0
2017-06-29,31.87,32.61,31.4,32.11,3847317,0.0
2017-07-02,32.45,32.54,31.88,31.94,1727571,0.0
2017-07-04,31.96,32.31,31.85,32.08,1704409,0.0
2017-07-05,31.94,32.05,31.21,31.24,1864327,0.0
2017-07-06,31.22,31.63,31.1,31.43,1485436,0.0
2017-07-09,31.37,31.945,31.37,31.71,2209113,0.0
2017-07-10,31.9,32.05,31.3,31.42,2820795,0.0
2017-07-11,31.61,32.08,31.61,31.92,2933634,0.0
2017-07-12,31.95,32.8,31.91,32.5,1896996,0.0
2017-07-13,32.66,32.97,32.63,32.81,1300952,0.0
2017-07-16,32.79,33.11,32.74,32.88,834543,0.0
2017-07-17,32.59,32.9699,32.53,32.68,1150360,0.0
2017-07-18,32.71,32.94,32.51,32.55,1204075,0.0
2017-07-19,32.62,33.19,32.51,33.03,3061097,0.0
2017-07-20,32.94,33.08,32.75,32.9,1424742,0.0
2017-07-23,32.98,32.99,32.7,32.75,1450549,0.0
2017-07-24,32.88,32.99,32.69,32.76,1212993,0.0
2017-07-25,33.12,33.18,32.88,33.05,1041667,0.0
2017-07-26,33.23,33.64,32.95,33.25,1434050,0.0
2017-07-27,33.14,33.63,33.11,33.58,1206559,0.0
2017-07-30,33.63,33.945,33.19,33.86,1402109,0.0
2017-07-31,34,34.47,33.93,34.41,2249163,0.0
2017-08-01,34.43,34.44,33.52,34.38,3056597,0.0
2017-08-02,34.32,34.69,34.27,34.49,1749197,0.0
2017-08-03,34.53,34.765,34.36,34.6,1629941,0.0
2017-08-06,34.67,34.73,34.21,34.37,1836084,0.0
2017-08-07,33.65,33.88,32.77,33.82,4263823,0.0
2017-08-08,33.43,34.48,33.34,34.26,2251796,0.0
2017-08-09,33.99,34.35,33.815,33.98,2136344,0.0
2017-08-10,33.96,34.06,33.575,34.01,1487449,0.0
2017-08-13,34.44,35.011,34.27,34.51,1517041,0.0
2017-08-14,34.36,34.48,34.05,34.33,1108836,0.0
2017-08-15,34.34,34.54,34.14,34.505,1225433,0.0
2017-08-16,34.36,34.4799,33.385,33.41,2424858,0.0
2017-08-17,33.26,33.5,33.11,33.39,1785392,0.0
2017-08-20,33.41,33.78,33.34,33.72,1270284,0.0
2017-08-21,33.76,34.58,33.76,34.395,931346,0.0
2017-08-22,34.22,34.22,33.57,33.65,1916999,0.0
2017-08-23,33.69,33.76,33.26,33.54,1637264,0.0
2017-08-24,33.58,33.95,33.58,33.76,1497165,0.0
2017-08-27,33.77,33.86,33.66,33.78,966536,0.0
2017-08-28,33.5,33.7,33.43,33.59,1596159,0.0
2017-08-29,33.69,34,33.61,33.81,953046,0.0
2017-08-30,33.84,34.18,33.67,33.99,1649594,0.0
2017-08-31,34.08,34.17,33.85,33.89,2200672,0.0
2017-09-04,33.72,34.07,33.34,33.81,2040310,0.0
2017-09-05,34.04,34.435,33.82,34.355,1618534,0.0
2017-09-06,34.49,34.49,33.02,33.04,2266901,0.0
2017-09-07,32.98,33.06,32.11,32.61,2157491,0.0
2017-09-10,32.81,32.92,31.88,32.08,2093500,0.0
2017-09-11,32.06,32.76,31.9,32.705,1964390,0.0
2017-09-12,32.67,32.85,32.44,32.45,1645186,0.0
2017-09-13,32.36,32.55,32.13,32.415,1423999,0.0
2017-09-14,32.38,32.98,32.32,32.91,2541627,0.0
2017-09-17,32.96,33.205,32.68,33.13,2294646,0.0
2017-09-18,33.14,33.68,33.03,33.33,3257340,0.0
2017-09-19,33.4,34.14,33.4,33.79,4783438,0.0
2017-09-20,33.83,33.98,33.34,33.67,2567004,0.0
2017-09-21,33.59,34.28,33.56,34.25,1408799,0.0
2017-09-24,33.79,34.3,33.69,33.87,2401620,0.0
2017-09-25,34,34.16,33.795,33.82,904858,0.0
2017-09-26,33.79,34.58,33.79,34.05,1677494,0.0
2017-09-27,33.85,33.91,32.98,33.18,2940692,0.0
2017-09-28,33.17,33.99,33.07,33.9,1496502,0.0
2017-10-01,33.97,34.4,33.67,34.11,2003172,0.0
2017-10-02,34.05,34.24,33.17,33.21,914775,0.0
2017-10-03,33.2,33.3,32.09,32.11,1522325,0.0
2017-10-04,32.43,33.2,32.16,33,2034636,0.0
2017-10-05,32.87,33.12,32.73,33.08,1280183,0.0
2017-10-08,33.04,33.045,32.37,32.37,895157,0.0
2017-10-09,32.41,32.61,31.75,31.79,1307131,0.0
2017-10-10,31.75,32.48,31.62,32.47,2396945,0.0
2017-10-11,32.3,32.35,31.7,31.94,2466637,0.0
2017-10-12,31.99,32.2,31.655,32.045,928149,0.0
2017-10-15,32.08,32.63,32.02,32.59,1010461,0.0
2017-10-16,32.56,32.67,31.65,32.46,1021034,0.0
2017-10-17,32.51,32.67,32.29,32.405,1394243,0.0
2017-10-18,32.33,32.45,31.7,31.75,1097372,0.0
2017-10-19,32.06,32.07,31.59,31.63,1076014,0.0
2017-10-22,31.85,31.85,31.075,31.34,2176164,0.0
2017-10-23,31.31,31.63,31.125,31.19,1542753,0.0
2017-10-24,31,31.23,30.85,31.2,1563437,0.0
2017-10-25,31.38,31.51,30.945,30.99,1028571,0.0
2017-10-26,30.37,30.69,29.89,30.48,1585252,0.0
2017-10-29,30.34,31.16,30.14,30.92,2349253,0.0
2017-10-30,30.95,31.29,30.8,30.86,1645020,0.0
2017-10-31,30.98,31.57,30.81,31.32,1676449,0.0
2017-11-01,30,32.22,30,31.62,2311697,0.0
2017-11-02,31.51,31.58,30.355,30.52,1698292,0.0
2017-11-05,30.03,30.78,30.03,30.66,1463667,0.0
2017-11-06,30.72,30.96,30.485,30.54,1018047,0.0
2017-11-07,30.4,30.66,29.77,29.8,939030,0.0
2017-11-08,29.7,29.94,29.55,29.6,1662670,0.0
2017-11-09,29.6,29.87,29.49,29.72,911326,0.0
2017-11-12,29.58,29.78,29.45,29.765,678600,0.0
2017-11-13,29.62,29.97,29.2,29.35,1229503,0.0
2017-11-14,29.34,30.155,29.13,30.11,862509,0.0
2017-11-15,29.99,30.26,29.78,29.81,1148799,0.0
2017-11-16,29.68,30.43,29.68,30.15,1956336,0.0
2017-11-19,30.05,30.645,29.97,30.4,1433558,0.0
2017-11-20,30.52,30.84,30.31,30.52,1711861,0.0
2017-11-21,30.57,31.02,30.22,30.63,369058,0.0
2017-11-23,30.61,30.74,30.07,30.69,501809,0.0
2017-11-26,30.63,30.7,29.77,29.93,683709,0.0
2017-11-27,29.95,30.185,29.82,30.135,928208,0.0
2017-11-28,30.37,32.65,30.37,32.29,2802260,0.0
2017-11-29,32.17,32.68,31.66,31.74,1210699,0.0
2017-11-30,31.43,31.89,31,31.7,2406685,0.0
2017-12-03,31.9,32.38,31.73,32.17,1527607,0.0
2017-12-04,32.27,32.61,31.7,31.79,752611,0.0
2017-12-05,31.96,32.09,31.12,31.21,936090,0.0
2017-12-06,31.08,31.75,30.78,31.24,758029,0.0
2017-12-07,31.51,31.51,30.745,30.77,679595,0.0
2017-12-10,30.91,31.79,30.75,31.57,793539,0.0
2017-12-11,31.76,32.26,31.57,32,2075231,0.0
2017-12-12,32.06,32.11,31.69,31.705,1321081,0.0
2017-12-13,31.72,32.4,31.67,32.34,752241,0.0
2017-12-14,32.33,32.735,32.06,32.55,1579851,0.0
2017-12-17,32.56,33.165,32.54,32.91,1364184,0.0
2017-12-18,32.89,33.1,32.47,32.52,666220,0.0
2017-12-19,32.63,32.86,32.16,32.71,479468,0.0
2017-12-20,32.7,35,32.65,34.12,3258659,0.0
2017-12-21,34.2,35.56,33.94,35.52,2477503,0.0
2017-12-25,35.41,35.64,35.25,35.48,799931,0.0
2017-12-26,35.46,35.56,35.17,35.42,2684951,0.0
2017-12-27,35.54,35.84,35.36,35.75,1281354,0.0
2017-12-28,35.63,35.9,35.38,35.85,1793223,0.0
2018-01-01,36.33,36.55,35.7,36.24,1135646,0.0
2018-01-02,36.16,36.46,36,36.21,1315684,0.0
2018-01-03,36.34,36.57,35.47,36.07,1119196,0.0
2018-01-04,36.26,36.4,35.96,36.19,937644,0.0
2018-01-07,36.19,36.47,34.69,35.23,1759059,0.0
2018-01-08,35.23,35.45,34.99,35.05,634331,0.0
2018-01-09,35.05,35.05,34.3498,34.91,1129343,0.0
2018-01-10,34.73,36.59,34.73,36.59,2621264,0.0
2018-01-11,36.5,37.03,36.37,36.88,1281416,0.0
2018-01-15,37.03,37.03,36.53,36.55,658330,0.0
2018-01-16,37.27,37.34,36.48,36.51,1610899,0.0
2018-01-17,36.5,37.02,35.79,36.89,2059764,0.0
2018-01-18,36.91,37.33,36.1,37.17,2273972,0.0
2018-01-21,37.03,37.79,37.03,37.58,1282468,0.0
2018-01-22,37.25,37.61,37.05,37.18,746116,0.0
2018-01-23,37.17,37.94,37.17,37.41,2144542,0.0
2018-01-24,37.81,38.28,37.67,37.69,1686314,0.0
2018-01-25,37.78,38.28,37.52,38.18,1587402,0.0
2018-01-28,38.11,38.47,37.81,37.88,1350895,0.0
2018-01-29,37.76,38,36.91,36.93,1168618,0.0
2018-01-30,36.58,37.44,36.58,37.39,1613751,0.0
2018-01-31,37.31,37.52,37.11,37.19,1755300,0.0
2018-02-01,36.46,39.73,36.35,38.49,8997809,0.0
2018-02-04,38.05,38.4,36.65,36.66,4459538,0.0
2018-02-05,36.25,36.72,35.52,36.02,3993267,0.0
2018-02-06,36,36.23,35.47,35.71,2070293,0.0
2018-02-07,35.85,36.42,35.1,35.11,2301582,0.0
2018-02-08,35.25,35.33,34.24,35.11,1890919,0.0
2018-02-11,35.24,35.87,35.21,35.535,1112069,0.0
2018-02-12,35.15,35.73,35.12,35.37,649719,0.0
2018-02-13,35.24,36.76,34.94,36.54,2153435,0.0
2018-02-14,36.5,36.5,33.845,34.06,4203456,0.0
2018-02-15,34.02,34.84,33.14,33.36,3261668,0.0
2018-02-19,33.37,33.49,32.22,32.34,3937734,0.0
2018-02-20,32.4,32.71,31.79,31.8,3563123,0.0
2018-02-21,31.86,32.5,31.59,31.89,3418458,0.0
2018-02-22,32.21,32.8,31.74,32.28,3771390,0.0
2018-02-25,32.49,32.59,32.02,32.28,1923263,0.0
2018-02-26,32.34,32.9,32.165,32.19,1632054,0.0
2018-02-27,32.31,32.455,31.12,31.15,1123431,0.0
2018-02-28,31.3,31.97,31.12,31.87,3945779,0.0
2018-03-01,31.46,31.83,31.29,31.7,808971,0.0
2018-03-04,31.26,32.3,31.26,32.18,1231880,0.0
2018-03-05,32.01,32.78,32.01,32.65,1407910,0.0
2018-03-06,32.56,33.09,32.44,33,1140022,0.0
2018-03-07,33.21,33.31,32.77,32.9,743639,0.0
2018-03-08,33.21,33.83,33,33.67,863567,0.0
2018-03-11,33.9,33.99,33.42,33.89,720071,0.0
2018-03-12,33.89,34.08,32.84,32.94,901740,0.0
2018-03-13,33.17,33.2611,32.84,32.96,650668,0.0
2018-03-14,33.47,33.47,32.89,33.18,802490,0.0
2018-03-15,33.25,33.585,32.82,33.17,1073353,0.0
2018-03-18,33.06,33.13,31.77,32.27,631530,0.0
2018-03-19,32.47,33.09,31.61,31.68,1293434,0.0
2018-03-20,31.75,32.66,31.7,32.28,1342478,0.0
2018-03-21,32.05,32.46,31.73,32.08,835852,0.0
2018-03-22,32.05,32.685,31.7782,32.17,1840206,0.0
2018-03-25,32.7,33.46,32.2,33.29,1688880,0.0
2018-03-26,33.48,33.5,32.19,32.37,884517,0.0
2018-03-27,32.4,32.73,31.84,31.86,860758,0.0
2018-03-28,31.81,32.04,31.3,31.31,1932567,0.0
2018-04-01,31.28,32.49,30.85,30.98,1703740,0.0
2018-04-02,31.35,31.575,30.83,31.05,1507920,0.0
2018-04-03,30.83,31.88,30.7,31.59,1164710,0.0
2018-04-04,31.76,32.39,31.76,32.24,883266,0.0
2018-04-05,31.99,32.12,31.19,31.35,1154067,0.0
2018-04-08,31.6,32.0175,31.27,31.29,1412309,0.0
2018-04-09,32.04,32.23,31.51,32.02,1444642,0.0
2018-04-10,31.86,32.18,31.28,31.39,1214165,0.0
2018-04-11,31.49,31.77,30.8,31.05,1746038,0.0
2018-04-12,31.13,31.45,30.75,30.79,1069738,0.0
2018-04-15,31.04,31.12,30.48,30.82,1575243,0.0
2018-04-16,31.16,31.79,30.77,31.54,2522310,0.0
2018-04-17,31.69,32.38,31.66,32.09,1400114,0.0
2018-04-18,32.53,32.68,32,32.21,1558644,0.0
2018-04-19,32.24,32.45,31.49,31.78,1111315,0.0
2018-04-22,31.9,33.38,31.62,32.91,2010128,0.0
2018-04-23,32.92,33.31,32.89,33.27,1524103,0.0
2018-04-24,33.26,33.26,32.33,32.51,660815,0.0
2018-04-25,32.4,32.65,32.03,32.49,1080798,0.0
2018-04-26,32.6,32.6,30.49,30.495,1822460,0.0
2018-04-29,30.69,31.02,30.08,30.13,1135557,0.0
2018-04-30,30.1,30.27,29.37,29.87,1222155,0.0
2018-05-01,29.91,30.06,29.3,29.35,940228,0.0
2018-05-02,29.26,30.7,29.06,30.47,3066691,0.0
2018-05-03,30.5,32.1,30.21,31.75,2313206,0.0
2018-05-06,31.85,33.5,31.701,32.91,3184647,0.0
2018-05-07,32.77,33.22,31.08,31.15,4010196,0.0
2018-05-08,31.64,31.64,28,30.33,8085650,0.0
2018-05-09,30.9,30.96,30.34,30.8,2386468,0.0
2018-05-10,30.74,31.07,29.59,29.61,3000512,0.0
2018-05-13,29.55,30.55,29.47,30.2,1791170,0.0
2018-05-14,30.05,30.085,29.57,29.7911,1793662,0.0
2018-05-15,29.78,30.02,29.41,29.54,2257711,0.0
2018-05-16,29.62,29.62,28.9,29.17,2537930,0.0
2018-05-17,29.27,29.64,28.99,29.24,2112249,0.0
2018-05-20,29.26,29.39,29.01,29.04,1887599,0.0
2018-05-21,29.11,29.38,28.97,29.05,1898709,0.0
2018-05-22,28.89,29.09,28.5,28.94,3052758,0.0
2018-05-23,28.94,29.11,28.47,28.77,1461857,0.0
2018-05-24,28.75,29.165,28.55,28.69,1475465,0.0
2018-05-28,28.46,28.73,27.98,28.46,1481729,0.0
2018-05-29,28.67,29.28,28.5,28.71,1781549,0.0
2018-05-30,29,29.05,28.18,28.51,2368454,0.0
2018-05-31,28.72,29.49,28.56,29.4,1717831,0.0
2018-06-03,29.61,29.6698,29.26,29.31,754491,0.0
2018-06-04,29.3,29.39,27.92,28.19,1457427,0.0
2018-06-05,28.16,29.12,27.99,29,882170,0.0
2018-06-06,28.85,29.64,28.85,29.32,879700,0.0
2018-06-07,29.19,29.58,29.04,29.38,914452,0.0
2018-06-10,29.25,30.05,29.25,29.72,524768,0.0
2018-06-11,29.78,30.375,29.68,30.14,562168,0.0
2018-06-12,29.68,29.97,28.88,29.17,1255386,0.0
2018-06-13,29.19,29.57,29,29.45,1750370,0.0
2018-06-14,29.53,29.74,29.16,29.51,1156511,0.0
2018-06-17,29.21,29.7425,29.18,29.23,1083768,0.0
2018-06-18,28.87,29.09,28.78,28.98,1389782,0.0
2018-06-19,29.1,29.75,29.05,29.56,1109206,0.0
2018-06-20,29.58,29.58,29.21,29.33,663178,0.0
2018-06-21,29.64,30.5,29.48,30.12,2871313,0.0
2018-06-24,29.99,30.15,29.54,29.67,1442462,0.0
2018-06-25,29.59,29.85,28.77,28.99,828263,0.0
2018-06-26,28.94,28.94,28.3,28.31,916897,0.0
2018-06-27,28.37,28.42,27.7,27.92,1854655,0.0
2018-06-28,27.92,27.92,27.11,27.54,2010612,0.0
2018-07-01,27.43,27.71,27.14,27.71,670264,0.0
2018-07-02,27.9,28.46,27.76,28.18,538994,0.0
2018-07-04,28.27,28.89,28.18,28.52,942431,0.0
2018-07-05,28.52,29.115,28.43,29.07,613803,0.0
2018-07-08,29.22,29.56,29.17,29.46,933409,0.0
2018-07-09,29.69,29.7244,28.63,29.29,1069382,0.0
2018-07-10,28.99,29.18,28.3,28.96,1247711,0.0
2018-07-11,29,29.26,28.54,28.78,1299708,0.0
2018-07-12,28.8,29.43,28.49,29.4,1634046,0.0
2018-07-15,29.37,29.58,28.59,28.81,978714,0.0
2018-07-16,28.49,29.27,28.31,28.85,1052687,0.0
2018-07-17,28.8,29.159,28.54,28.73,1131553,0.0
2018-07-18,28.62,28.86,28.09,28.16,719922,0.0
2018-07-19,28.15,28.29,27.7988,28.055,903727,0.0
2018-07-22,28.06,28.29,27.68,28.22,687674,0.0
2018-07-23,28.36,28.43,27.94,28.06,692998,0.0
2018-07-24,28,28.16,27.37,27.42,499402,0.0
2018-07-25,27.62,27.94,27.08,27.32,1409250,0.0
2018-07-26,27.43,27.79,27,27.455,525826,0.0
2018-07-29,27.43,27.64,27.27,27.3,817102,0.0
2018-07-30,27.24,28.285,27.24,28.24,1462759,0.0
2018-07-31,28.23,29.09,28.05,28.98,1088418,0.0
2018-08-01,28.7,28.9,28.34,28.57,708079,0.0
2018-08-02,28.57,28.89,28.31,28.58,558626,0.0
2018-08-05,28.54,28.74,28.23,28.32,643329,0.0
2018-08-06,28.31,28.61,28.15,28.22,522313,0.0
2018-08-07,28.29,28.41,27.92,27.96,954120,0.0
2018-08-08,28.42,28.77,27.04,27.83,1123290,0.0
2018-08-09,27.75,27.86,26.89,27.81,1723511,0.0
2018-08-12,27.83,28.03,27.28,27.56,1399451,0.0
2018-08-13,27.64,27.99,27.36,27.41,1482581,0.0
2018-08-14,27.18,27.18,26.55,26.8,1771538,0.0
2018-08-15,26.89,27.14,26.62,26.67,1015959,0.0
2018-08-16,26.66,26.75,26.28,26.53,1738968,0.0
2018-08-19,26.55,26.99,26.55,26.66,1003352,0.0
2018-08-20,26.73,27.67,26.73,27.405,1278846,0.0
2018-08-21,27.3,27.4,26.92,27.16,1086862,0.0
2018-08-22,27.14,27.14,25.865,25.9,1297952,0.0
2018-08-23,26.28,26.98,26.06,26.69,1948580,0.0
2018-08-26,26.7,27.485,26.6668,27.12,807580,0.0
2018-08-27,27.28,27.38,26.86,26.96,1206330,0.0
2018-08-28,26.88,27.58,26.87,27.32,1046894,0.0
2018-08-29,27.35,27.45,26.97,27.19,1345616,0.0
2018-08-30,27.15,27.29,26.62,26.81,1292233,0.0
2018-09-03,26.67,26.945,25.93,26.42,1438520,0.0
2018-09-04,26.22,26.51,26.03,26.26,1651509,0.0
2018-09-05,26.16,26.555,26.04,26.31,3692794,0.0
2018-09-06,26.19,26.87,26.14,26.64,2543326,0.0
2018-09-09,26.85,27.91,26.66,27.8,1613894,0.0
2018-09-10,27.57,27.76,27.015,27.19,1331539,0.0
2018-09-11,27.14,27.59,26.84,27.515,579525,0.0
2018-09-12,27.65,28.245,27.53,27.9,845630,0.0
2018-09-13,27.84,28.53,27.82,28.19,921805,0.0
2018-09-16,28.22,28.32,27.72,27.91,556054,0.0
2018-09-17,27.94,28.47,27.7527,28.25,841927,0.0
2018-09-18,28.2,28.74,28.16,28.585,578500,0.0
2018-09-19,28.8,29.55,28.7,29.16,916964,0.0
2018-09-20,29.23,29.36,28.79,29.23,1098219,0.0
2018-09-23,29.03,29.115,28.32,28.37,1581320,0.0
2018-09-24,28.5,29.05,28.29,29.01,689752,0.0
2018-09-25,29.14,29.44,28.85,28.91,1280445,0.0
2018-09-26,29.02,29.49,28.84,29.07,719558,0.0
2018-09-27,28.87,29.04,28.63,28.94,692460,0.0
2018-09-30,29.15,29.48,28.02,28.23,1135628,0.0
2018-10-01,28.12,28.42,27.95,28.12,1761420,0.0
2018-10-02,28.3,28.56,27.22,27.35,1664626,0.0
2018-10-03,27.33,27.48,26.78,27.01,1182078,0.0
2018-10-04,27.05,27.19,26.23,26.65,1635632,0.0
2018-10-07,26.54,27.24,26.46,27.21,1562410,0.0
2018-10-08,27.23,27.32,26.2,26.36,1683541,0.0
2018-10-09,26.21,26.41,25.12,25.17,1858958,0.0
2018-10-10,25.35,25.49,24.8,24.88,2795664,0.0
2018-10-11,25.23,25.36,24.47,25.27,3590259,0.0
2018-10-14,25.21,26.19,25.19,25.95,1142145,0.0
2018-10-15,26.07,27.66,25.93,26.335,1021119,0.0
2018-10-16,26.32,26.49,25.95,26.3,1402973,0.0
2018-10-17,26.27,26.61,25.75,25.8,1215901,0.0
2018-10-18,26.04,26.31,25.78,26.02,876684,0.0
2018-10-21,26.13,26.22,25.74,25.94,1211101,0.0
2018-10-22,25.62,25.81,25.035,25.33,1999784,0.0
2018-10-23,25.23,25.44,23.585,23.77,2889228,0.0
2018-10-24,24.09,24.72,23.89,23.99,1788036,0.0
2018-10-25,23.3,24.39,23.17,24.01,2816517,0.0
2018-10-28,24.38,25.33,24.16,24.52,2220612,0.0
2018-10-29,24.62,24.94,24.33,24.47,1773592,0.0
2018-10-30,24.68,26.07,24.62,25.64,1634801,0.0
2018-10-31,25.78,26.07,25.5,25.98,1465045,0.0
2018-11-01,26.18,26.27,25.31,25.6,794372,0.0
2018-11-04,25.71,25.96,25.53,25.62,683694,0.0
2018-11-05,25.5,25.9,25.26,25.58,1000441,0.0
2018-11-06,25.94,26.61,25.45,26.6,1939525,0.0
2018-11-07,26.46,27.12,24.63,25.51,1624246,0.0
2018-11-08,25.33,25.64,24.85,25.11,1676739,0.0
2018-11-11,25,25.02,23.94,23.98,1376303,0.0
2018-11-12,24.17,24.5,23.6,23.68,1859757,0.0
2018-11-13,24.01,24.63,23.8788,24.28,1534460,0.0
2018-11-14,24.15,24.75,23.77,24.72,1498588,0.0
2018-11-15,24.78,24.88,24.12,24.31,1647790,0.0
2018-11-18,24.31,24.92,23.575,23.67,1272477,0.0
2018-11-19,23.46,23.6,22.2073,22.62,2762332,0.0
2018-11-20,22.76,24.11,22.7,23.88,865308,0.0
2018-11-22,23.56,24.55,23.5,24.48,466579,0.0
2018-11-25,24.71,25.405,24.58,25.33,2403586,0.0
2018-11-26,25.12,25.38,24.68,25.08,1407160,0.0
2018-11-27,25.12,25.27,24.47,24.73,1841701,0.0
2018-11-28,24.53,25.35,24.49,24.93,1554130,0.0
2018-11-29,25,25.19,24.53,24.84,1727986,0.0
2018-12-02,25.14,25.47,24.47,24.78,1273459,0.0
2018-12-03,24.73,25.22,24.06,24.26,938360,0.0
2018-12-05,23.9,24.43,23.67,24.1,1521418,0.0
2018-12-06,23.97,24.3,23.55,23.73,881481,0.0
2018-12-09,23.61,23.92,23.05,23.65,852898,0.0
2018-12-10,24.02,24.13,22.57,23.61,2262211,0.0
2018-12-11,24.06,24.54,23.73,23.81,1583889,0.0
2018-12-12,23.92,24.1,23.25,23.57,2359305,0.0
2018-12-13,23.27,23.83,22.94,23.11,860154,0.0
2018-12-16,23.2,23.6,22.64,22.83,1715218,0.0
2018-12-17,22.96,23.16,22.68,22.99,1439337,0.0
2018-12-18,23.02,23.49,22.01,22.09,1523334,0.0
2018-12-19,22.11,22.61,21.52,21.94,1804082,0.0
2018-12-20,22.09,22.43,20.82,20.83,2273882,0.0
2018-12-23,20.94,20.97,20.26,20.27,829734,0.0
2018-12-25,20.78,21.2,19.88,21.12,1736048,0.0
2018-12-26,20.78,21.09,20.23,21.05,1992479,0.0
2018-12-27,21.23,21.49,20.88,21.26,1132044,0.0
2018-12-30,21.45,21.57,20.37,21.27,1217411,0.0
2019-01-01,20.93,21.63,20.78,21.32,2279069,0.0
2019-01-02,21.03,21.61,21.03,21.45,1524243,0.0
2019-01-03,21.72,22.92,21.64,22.79,1723213,0.0
2019-01-06,22.56,22.7,21.51,21.72,4254618,0.0
2019-01-07,21.67,21.75,20.71,20.775,2897572,0.0
2019-01-08,20.9,21.51,20.69,20.9,2095387,0.0
2019-01-09,20.77,20.83,20.17,20.54,2429492,0.0
2019-01-10,20.5,21.08,20.29,20.97,4116666,0.0
2019-01-13,20.82,21.78,20.77,21.405,2164282,0.0
2019-01-14,21.39,22.2,21.37,21.92,2362788,0.0
2019-01-15,21.9,22.48,21.9,22.2401,1801630,0.0
2019-01-16,22.2,22.36,21.85,21.92,1482635,0.0
2019-01-17,22.13,22.36,21.845,22.14,1345184,0.0
2019-01-21,22.03,22.6,21.71,22.35,1885872,0.0
2019-01-22,22.38,22.735,21.88,22.245,1755040,0.0
2019-01-23,22.36,22.89,22.3,22.72,2040586,0.0
2019-01-24,22.91,23.2,22.78,23.16,2478161,0.0
2019-01-27,22.9,23.42,22.72,23.395,1342469,0.0
2019-01-28,23.45,23.82,23.27,23.5,1477112,0.0
2019-01-29,23.58,23.95,23.21,23.755,1334581,0.0
2019-01-30,23.94,24.555,23.86,24.39,2112655,0.0
2019-01-31,24.39,24.765,23.94,24.73,1693686,0.0
2019-02-03,24.79,26.23,24.74,25.86,3417491,0.0
2019-02-04,25.58,26.13,25.4,26,2055548,0.0
2019-02-05,25.86,25.98,25.34,25.36,1854510,0.0
2019-02-06,25.26,25.49,24.9,25.45,1276221,0.0
2019-02-07,25.27,25.28,24.88,25.11,1008484,0.0
2019-02-10,25.635,25.635,24.19,24.3,1052254,0.0
2019-02-11,24.53,24.91,24.3,24.87,1152404,0.0
2019-02-12,24.92,25.02,24.35,24.7,865194,0.0
2019-02-13,24.61,25.025,24.34,24.95,1236781,0.0
2019-02-14,25.14,25.68,25.01,25.63,1506769,0.0
2019-02-20,25.6,25.76,25.34,25.62,1041925,0.0
2019-02-21,25.69,26.16,25.67,26.06,1110531,0.0
2019-02-24,26.16,26.24,25.3,25.35,1478101,0.0
2019-02-25,25.25,26.62,25.1772,26.3,3091910,0.0
2019-02-26,26.2,26.39,25.97,26.28,2042169,0.0
2019-02-27,26.28,26.61,25.38,26.35,2005638,0.0
2019-02-28,26.57,26.64,26.06,26.21,1694816,0.0
2019-03-03,26.22,26.425,26.06,26.42,1044470,0.0
2019-03-04,26.34,26.466,26.02,26.13,947758,0.0
2019-03-05,26.05,26.38,25.93,26.12,840022,0.0
2019-03-06,26.11,26.36,25.77,25.98,1110517,0.0
2019-03-07,25.71,25.78,25.21,25.26,1446374,0.0
2019-03-10,25.38,25.38,24.78,24.86,1902284,0.0
2019-03-11,24.89,25.43,24.66,25.16,2589497,0.0
2019-03-12,25.32,25.7,25.25,25.52,984835,0.0
2019-03-13,25.53,25.88,25.53,25.61,1243516,0.0
2019-03-14,26.07,26.35,25.93,26.02,898020,0.0
2019-03-17,25.95,26.21,25.86,26.11,787013,0.0
2019-03-18,26.17,26.33,25.89,26.16,1213978,0.0
2019-03-19,26.06,26.25,25.596,26.15,1236159,0.0
2019-03-20,25.99,26.5,25.93,26.47,1125914,0.0
2019-03-21,26.42,26.46,25.97,26.03,1022315,0.0
2019-03-24,26.1,26.17,25.24,25.77,1121193,0.0
2019-03-25,25.91,26.19,25.27,25.46,1032322,0.0
2019-03-26,25.5,25.825,25.18,25.6,1316427,0.0
2019-03-27,25.53,25.62,25.16,25.24,1222306,0.0
2019-03-28,25.38,25.38,24.6,24.91,1224276,0.0
2019-03-31,25.19,25.44,24.83,24.89,569176,0.0
2019-04-01,24.97,25.53,24.8889,25.32,1624909,0.0
2019-04-02,25.5,26.41,25.41,26.32,2081644,0.0
2019-04-03,26.41,26.66,26.33,26.66,1420489,0.0
2019-04-04,26.61,27.82,26.61,27.81,3407451,0.0
2019-04-07,27.82,27.95,27.52,27.75,2840011,0.0
2019-04-08,27.72,27.91,27.49,27.79,1707379,0.0
2019-04-09,27.44,27.61,27.105,27.38,2027851,0.0
2019-04-10,27.32,27.57,27.12,27.24,774247,0.0
2019-04-11,27.43,27.97,27.18,27.94,1269239,0.0
2019-04-14,27.93,28.4,27.875,28.3,1038772,0.0
2019-04-15,28.37,28.56,27.64,27.72,1389452,0.0
2019-04-16,27.82,27.96,27.445,27.56,842939,0.0
2019-04-17,27.67,27.805,27.02,27.56,1063172,0.0
2019-04-21,27.47,27.76,27.265,27.29,600727,0.0
2019-04-22,27.33,27.65,27.12,27.27,825019,0.0
2019-04-23,27.23,27.53,26.76,27.23,726400,0.0
2019-04-24,27.14,27.14,26.55,26.64,1000564,0.0
2019-04-25,26.82,26.93,26.61,26.9,636913,0.0
2019-04-28,26.88,27.33,26.82,27.04,596805,0.0
2019-04-29,26.98,27.2,26.4116,27.02,852348,0.0
2019-04-30,27.07,27.34,26.55,26.56,1020949,0.0
2019-05-01,26.52,26.61,25.99,26.2,1669205,0.0
2019-05-02,26.36,26.97,26.21,26.66,1204034,0.0
2019-05-05,26.1,26.9,26.1,26.8,1563189,0.0
2019-05-06,26.3,26.46,25.6901,25.95,1371838,0.0
2019-05-07,25.79,26.05,25.67,25.9,1926440,0.0
2019-05-08,25.76,26.345,25.53,26.29,1802659,0.0
2019-05-09,26.21,26.47,25.61,26.31,1432095,0.0
2019-05-12,25.86,25.91,24.77,24.82,1820275,0.0
2019-05-13,24.81,25.24,24.72,24.92,1060665,0.0
2019-05-14,24.65,25.385,24.6,25.29,1636949,0.0
2019-05-15,25.3,25.83,25.13,25.62,988029,0.0
2019-05-16,25.45,25.75,25.22,25.23,1307822,0.0
2019-05-19,25,25.16,24.82,25.11,920891,0.0
2019-05-20,25.32,25.91,25.25,25.85,1069378,0.0
2019-05-21,25.7,25.92,25.26,25.42,968834,0.0
2019-05-22,25.19,25.5,24.99,25.16,993012,0.0
2019-05-23,25.24,25.44,24.84,24.91,1464290,0.0
2019-05-27,25.07,25.76,24.885,25.03,1866188,0.0
2019-05-28,24.9,25.265,24.75,24.92,2989968,0.0
2019-05-29,24.93,25.09,24.305,24.36,2270723,0.0
2019-05-30,24.07,24.7,24.04,24.6,1740989,0.0
2019-06-02,24.46,25.09,24.35,24.43,1990809,0.0
2019-06-03,24.62,25.6,24.62,25.56,2058669,0.0
2019-06-04,25.78,25.78,25.055,25.34,1120891,0.0
2019-06-05,25.32,25.91,25.31,25.76,875413,0.0
2019-06-06,25.91,26.32,25.84,26.23,1414308,0.0
2019-06-09,26.33,26.835,26.18,26.76,2181192,0.0
2019-06-10,26.94,26.94,26.22,26.45,1379543,0.0
2019-06-11,26.44,26.78,26.23,26.26,594425,0.0
2019-06-12,26.41,26.57,26.17,26.37,2632579,0.0
2019-06-13,26.38,26.91,26.18,26.72,2519819,0.0
2019-06-16,26.7,26.945,26.49,26.66,1732068,0.0
2019-06-17,27,27.78,26.95,27.27,2074411,0.0
2019-06-18,27.27,27.72,27.2684,27.64,1067175,0.0
2019-06-19,27.97,27.99,27.38,27.61,1138373,0.0
2019-06-20,27.61,27.83,27.22,27.51,1402433,0.0
2019-06-23,27.56,27.57,26.73,26.9,1171706,0.0
2019-06-24,26.94,26.94,26.15,26.26,1579926,0.0
2019-06-25,26.49,26.59,25.92,26.38,2855829,0.0
2019-06-26,26.44,26.96,26.33,26.77,1193144,0.0
2019-06-27,26.93,27.16,26.66,27,1509920,0.0
2019-06-30,27.43,27.67,27.04,27.43,1252685,0.0
2019-07-01,27.34,27.68,27.27,27.68,944444,0.0
2019-07-02,27.77,27.84,27.42,27.6,413829,0.0
2019-07-04,27.39,27.74,27.31,27.645,861768,0.0
2019-07-07,27.45,27.45,26.88,26.98,1028852,0.0
2019-07-08,26.83,26.96,26.46,26.74,1475766,0.0
2019-07-09,26.91,26.93,26.51,26.81,1204030,0.0
2019-07-10,26.83,27.2301,26.83,27.19,1106963,0.0
2019-07-11,27.19,27.4566,27.14,27.17,928113,0.0
2019-07-14,27.14,27.27,26.26,26.49,1037704,0.0
2019-07-15,26.44,26.61,26.1,26.1,917133,0.0
2019-07-16,26.05,26.14,25.71,26,1031313,0.0
2019-07-17,25.94,28.62,25.94,28.1,5315750,0.0
2019-07-18,28,28.3336,27.38,27.65,3212171,0.0
2019-07-21,27.63,27.765,27.25,27.47,1129644,0.0
2019-07-22,27.53,27.86,27.51,27.77,1014044,0.0
2019-07-23,27.71,27.97,27.36,27.85,1291072,0.0
2019-07-24,27.94,27.97,27.5,27.84,816394,0.0
2019-07-25,27.71,27.92,27.67,27.77,882626,0.0
2019-07-28,27.82,27.82,27.09,27.14,879205,0.0
2019-07-29,26.9,27.18,26.74,27.17,1104580,0.0
2019-07-30,27.16,27.21,26.42,26.68,1847171,0.0
2019-07-31,26.65,26.91,26.21,26.41,1187053,0.0
2019-08-01,26.38,26.52,25.6,26.49,1081763,0.0
2019-08-04,26.02,26.0572,25.295,25.53,1829945,0.0
2019-08-05,25.65,25.82,25.39,25.54,1193769,0.0
2019-08-06,25.35,25.78,24.97,25.71,1391144,0.0
2019-08-07,26.78,27.09,25.7,25.82,7801670,0.0
2019-08-08,25.99,26.09,25.71,25.98,2992693,0.0
2019-08-11,25.85,27.265,25.74,26.52,2243706,0.0
2019-08-12,26.43,27.12,26.43,26.79,1712486,0.0
2019-08-13,26.38,26.62,26.08,26.09,1856111,0.0
2019-08-14,26.13,26.26,25.88,26.05,2119291,0.0
2019-08-15,26.32,26.515,26.04,26.05,1872197,0.0
2019-08-18,26.41,26.54,26.08,26.31,1298143,0.0
2019-08-19,26.18,26.435,26.165,26.21,1106236,0.0
2019-08-20,26.35,26.44,26,26.26,2202795,0.0
2019-08-21,26.33,26.46,26.1,26.13,1706608,0.0
2019-08-22,25.91,26.11,25.5,25.6,2147405,0.0
2019-08-25,25.84,26.05,25.75,25.87,1882015,0.0
2019-08-26,26.08,26.08,25.54,25.81,1607992,0.0
2019-08-27,25.62,26.1,25.56,25.97,2311593,0.0
2019-08-28,26.19,26.53,26.103,26.39,2602002,0.0
2019-08-29,26.52,26.83,26.365,26.72,2357798,0.0
2019-09-02,26.43,26.77,26.34,26.7,2684040,0.0
2019-09-03,26.92,27.42,26.84,27.27,4749166,0.0
2019-09-04,27.5,27.79,26.9,26.97,4636691,0.0
2019-09-05,27.12,27.57,26.9987,27.27,8232533,0.0
2019-09-08,27.5,27.58,27.1,27.44,5550895,0.0
2019-09-09,27.24,27.9,27.21,27.68,5990569,0.0
2019-09-10,27.69,27.905,27.215,27.69,3268640,0.0
2019-09-11,27.82,28.48,27.61,28.25,5013132,0.0
2019-09-12,28.27,28.47,27.97,28.36,2208476,0.0
2019-09-15,28.14,28.48,27.85,28.04,1939136,0.0
2019-09-16,27.99,28,27.165,27.42,2832963,0.0
2019-09-17,27.33,27.43,27.05,27.35,1829987,0.0
2019-09-18,27.42,27.45,27.055,27.1,1384488,0.0
2019-09-19,26.7,26.89,25.84,26.03,6989059,0.0
2019-09-22,25.96,26.15,25.33,25.4,2350244,0.0
2019-09-23,25.61,25.64,24.655,24.75,3587438,0.0
2019-09-24,24.41,25.475,24.41,25.39,2651259,0.0
2019-09-25,25.33,25.37,24.61,24.67,1951946,0.0
2019-09-26,24.75,24.87,24.35,24.705,1824211,0.0
2019-09-29,24.91,24.94,24.65,24.75,2027614,0.0
2019-09-30,24.75,25.065,24.22,24.23,1580738,0.0
2019-10-01,24.08,24.37,24.08,24.33,1491300,0.0
2019-10-02,24.25,24.71,24.18,24.705,2086644,0.0
2019-10-03,24.73,25.08,24.68,24.98,2027921,0.0
2019-10-06,24.85,25.235,24.83,25,2188444,0.0
2019-10-07,24.88,24.995,24.49,24.73,3336831,0.0
2019-10-08,24.85,24.94,24.57,24.88,1643260,0.0
2019-10-09,24.95,24.95,23.79,23.8,9741979,0.0
2019-10-10,24.02,24.64,24.02,24.47,5038001,0.0
2019-10-13,24.32,24.77,24.32,24.73,3030886,0.0
2019-10-14,24.77,25.77,24.69,25.71,3350512,0.0
2019-10-15,25.8,26.395,25.71,26.18,7399172,0.0
2019-10-16,25.99,26.12,25.27,25.46,5911873,0.0
2019-10-17,25.51,25.88,25.35,25.78,5648693,0.0
2019-10-20,26.02,26.12,25.52,25.6,1159406,0.0
2019-10-21,24.98,24.98,23.46,23.93,4148540,0.0
2019-10-22,23.94,24.33,23.7,24.26,1153483,0.0
2019-10-23,24.29,24.435,24.05,24.36,1150212,0.0
2019-10-24,24.24,24.72,24.24,24.37,720518,0.0
2019-10-27,24.39,24.95,24.39,24.71,1592537,0.0
2019-10-28,24.62,25.01,24.4613,24.92,1403562,0.0
2019-10-29,24.98,25.04,24.74,24.92,1299715,0.0
2019-10-30,24.96,25.16,24.71,25.15,805773,0.0
2019-10-31,25.25,25.55,25.19,25.43,881206,0.0
2019-11-03,25.48,25.71,25.19,25.24,1106771,0.0
2019-11-04,25.22,25.52,25.21,25.39,1101491,0.0
2019-11-05,25.67,25.67,24.975,25.03,1419928,0.0
2019-11-06,23.96,25.025,23.95,24.845,2162815,0.0
2019-11-07,24.89,24.89,24.44,24.81,1300398,0.0
2019-11-10,24.66,24.9,24.48,24.77,1074546,0.0
2019-11-11,24.5,24.56,23.71,23.78,2818816,0.0
2019-11-12,23.77,23.965,22.98,23.01,2099782,0.0
2019-11-13,22.94,23.245,22.75,22.76,1768720,0.0
2019-11-14,22.86,22.925,22.54,22.63,1670038,0.0
2019-11-17,22.12,22.66,22.12,22.58,2253223,0.0
2019-11-18,22.61,22.88,22.42,22.82,1367269,0.0
2019-11-19,22.72,23.015,22.51,22.65,1605838,0.0
2019-11-20,22.76,22.78,22.47,22.72,1716171,0.0
2019-11-21,22.8,22.88,22.34,22.365,1828959,0.0
2019-11-24,22.48,22.49,21.835,21.86,2122198,0.0
2019-11-25,21.86,22.13,21.45,22.06,2328137,0.0
2019-11-26,22.11,22.73,21.99,22.655,1558328,0.0
2019-11-28,22.51,22.69,22.27,22.57,759330,0.0
2019-12-01,22.5,22.58,22.175,22.27,2028349,0.0
2019-12-02,22.05,22.12,21.85,21.97,1696788,0.0
2019-12-03,22.05,22.305,21.9,22.08,1342283,0.0
2019-12-04,22.17,22.27,21.75,22.21,2175621,0.0
2019-12-05,22.44,22.475,22.1,22.11,1098934,0.0
2019-12-08,22.09,22.275,21.57,21.58,1487651,0.0
2019-12-09,21.58,22.21,21.55,22.17,3053080,0.0
2019-12-10,22.19,22.19,21.51,21.56,2579491,0.0
2019-12-11,21.56,21.96,21.56,21.62,2632143,0.0
2019-12-12,21.97,22.46,21.895,22.02,3294302,0.0
2019-12-15,22.17,22.47,21.89,22.01,1124298,0.0
2019-12-16,22.08,22.085,21.67,21.7,1583248,0.0
2019-12-17,21.72,22.39,21.68,22.28,1647417,0.0
2019-12-18,22.27,23.01,22.27,22.78,1439454,0.0
2019-12-19,22.88,22.88,22.39,22.63,1154062,0.0
2019-12-22,22.69,22.86,22.485,22.79,793236,0.0
2019-12-23,22.78,22.82,22.645,22.79,319347,0.0
2019-12-25,22.85,22.88,22.36,22.415,713905,0.0
2019-12-26,22.51,22.86,22.37,22.795,866740,0.0
2019-12-29,22.81,22.99,22.56,22.62,936617,0.0
2019-12-30,22.58,22.84,22.48,22.74,773206,0.0
2020-01-01,22.74,22.97,22.4,22.48,851325,0.0
2020-01-02,22.2,22.43,22.09,22.11,694835,0.0
2020-01-05,22.01,22.62,21.885,22.58,1364788,0.0
2020-01-06,22.56,22.605,22.235,22.28,1291475,0.0
2020-01-07,22.08,22.29,21.19,21.36,2726232,0.0
2020-01-08,21.4,21.4,20.78,20.79,1122228,0.0
2020-01-09,20.89,20.89,20.32,20.63,1424104,0.0
2020-01-12,20.57,20.935,20.395,20.76,1440768,0.0
2020-01-13,20.67,21.16,20.545,21.03,1255024,0.0
2020-01-14,20.99,21.46,20.9102,21.39,1306539,0.0
2020-01-15,21.38,21.65,21.38,21.46,1067748,0.0
2020-01-16,21.67,21.67,21.12,21.15,771807,0.0
2020-01-20,21.18,21.18,20.22,20.34,4112616,0.0
2020-01-21,20.34,20.36,19.69,20.16,3959463,0.0
2020-01-22,20.1,20.4,19.84,20.26,3157027,0.0
2020-01-23,20.61,20.96,20.3399,20.51,5541277,0.0
2020-01-26,20.28,20.94,20.22,20.82,2159986,0.0
2020-01-27,20.85,21.3,20.72,21.04,1283546,0.0
2020-01-28,21.04,21.1,20.485,20.61,1163666,0.0
2020-01-29,20.45,20.89,20.42,20.855,866306,0.0
2020-01-30,20.8,20.9,20.41,20.52,1132584,0.0
2020-02-02,20.57,20.665,20.38,20.46,1163070,0.0
2020-02-03,20.57,20.92,20.46,20.83,994379,0.0
2020-02-04,21,21.47,20.99,21.07,1264076,0.0
2020-02-05,21.15,21.31,20.99,21.05,823586,0.0
2020-02-06,20.99,21,20.27,20.39,1083292,0.0
2020-02-09,20.32,20.41,19.73,20.265,1526171,0.0
2020-02-10,20.39,21.465,20.39,21.34,1348577,0.0
2020-02-11,21.41,21.62,21.25,21.44,975961,0.0
2020-02-12,21.37,21.46,20.98,21.13,1432385,0.0
2020-02-13,21.15,21.16,19.95,20.34,1520956,0.0
2020-02-17,20.34,20.59,20.105,20.29,1676373,0.0
2020-02-18,20.28,20.82,20.14,20.77,1089231,0.0
2020-02-19,20.53,21.45,20.53,21.4,2250095,0.0
2020-02-20,21.31,21.415,21,21.27,1183958,0.0
2020-02-23,20.82,21.17,20.575,20.73,1201214,0.0
2020-02-24,20.8,21.01,20.37,20.55,1335966,0.0
2020-02-25,20.7,21.08,20.4,20.52,1238118,0.0
2020-02-26,20.29,20.64,19.71,19.99,2094087,0.0
2020-02-27,19.61,19.795,19.025,19.52,2249225,0.0
2020-03-01,19.47,19.92,19.12,19.91,1425112,0.0
2020-03-02,19.67,20.38,19.35,19.49,2208260,0.0
2020-03-03,19.6,19.88,19.2,19.81,1693558,0.0
2020-03-04,19.22,19.96,19.22,19.47,1654440,0.0
2020-03-05,18.68,19.22,18.642,19,2159284,0.0
2020-03-08,17.7,18.7901,17.04,17.58,2065916,0.0
2020-03-09,17.97,18.23,17.225,18.14,3604930,0.0
2020-03-10,17.62,17.75,16.96,17.29,5995490,0.0
2020-03-11,16.33,17.09,15.235,16.04,3099956,0.0
2020-03-12,16.74,17.26,16,17.26,2086431,0.0
2020-03-15,15.78,16.41,15.33,15.58,3028070,0.0
2020-03-16,15.82,17.88,15.4727,17.05,2806917,0.0
2020-03-17,16.16,17.42,15.58,16.39,2386114,0.0
2020-03-18,16.13,18.12,15.67,17.69,6691458,0.0
2020-03-19,17.86,18.26,17.3,17.62,7670016,0.0
2020-03-22,17.9,18.24,15.565,15.75,6823728,0.0
2020-03-23,16.43,17.52,16.43,17.19,1534999,0.0
2020-03-24,17.1,17.48,16.6,16.86,2671208,0.0
2020-03-25,16.86,17.76,16.59,17.56,1518266,0.0
2020-03-26,17.1,17.18,16.32,16.86,1622920,0.0
2020-03-29,16.82,17.11,16.29,16.69,1424732,0.0
2020-03-30,16.52,17.07,16.39,16.52,3130420,0.0
2020-03-31,16.09,16.36,15.69,16.05,2933324,0.0
2020-04-01,15.86,16.86,15.8,16.19,1591815,0.0
2020-04-02,15.91,16.44,15.31,15.79,1813011,0.0
2020-04-05,16.35,17.14,16.35,17.07,4442332,0.0
2020-04-06,17.43,17.77,16.965,17.24,1802529,0.0
2020-04-07,17.96,18.45,17.51,18.29,2892782,0.0
2020-04-08,18.75,19.18,18.28,18.59,3525853,0.0
2020-04-12,18.39,18.56,17.88,18.08,2610498,0.0
2020-04-13,18.33,18.64,17.87,18.53,2542411,0.0
2020-04-14,18.26,18.26,17.7,18.03,4108970,0.0
2020-04-15,18.1,18.29,17.76,18.18,5391166,0.0
2020-04-16,18.56,18.56,18.06,18.23,3372636,0.0
2020-04-19,17.93,18.47,17.84,18.26,2989362,0.0
2020-04-20,17.96,18.15,17.6,17.63,3940348,0.0
2020-04-21,18.01,18.12,17.76,17.86,4154189,0.0
2020-04-22,17.98,18.39,17.86,18.17,5423246,0.0
2020-04-23,18.15,18.51,18.09,18.38,2222295,0.0
2020-04-26,18.55,19.135,18.5,19.05,9116464,0.0
2020-04-27,19.38,19.65,18.36,18.415,1797412,0.0
2020-04-28,18.5,19.05,18.5,18.83,1314072,0.0
2020-04-29,18.74,19.52,18.605,19.42,6272278,0.0
2020-04-30,19.12,22.38,18.92,22.28,10350306,0.0
2020-05-03,22.41,22.87,21.93,22.57,6846441,0.0
2020-05-04,22.63,22.9,21.5,21.61,2650660,0.0
2020-05-05,21.65,21.76,20.93,21.06,4101930,0.0
2020-05-06,23.23,23.5,21.49,21.88,12088210,0.0
2020-05-07,22.21,22.22,21.31,21.74,13761110,0.0
2020-05-10,21.54,21.72,21.37,21.53,2329550,0.0
2020-05-11,21.85,22.26,21.27,21.3,2842571,0.0
2020-05-12,21.4,22.07,21.29,21.71,3379820,0.0
2020-05-13,21.69,21.82,21.37,21.75,4841724,0.0
2020-05-14,21.58,21.93,21.485,21.83,1823788,0.0
2020-05-17,22.23,22.36,21.78,21.87,1674090,0.0
2020-05-18,21.82,21.96,21.48,21.5,3452902,0.0
2020-05-19,21.61,21.73,20.78,21.03,3129079,0.0
2020-05-20,21.09,21.22,20.78,20.89,1395378,0.0
2020-05-21,20.95,21.02,20.69,20.84,1746162,0.0
2020-05-25,20.98,21.22,20.73,20.83,1535849,0.0
2020-05-26,21.05,21.585,20.91,21.3,3386272,0.0
2020-05-27,21.32,21.51,21.06,21.12,3219106,0.0
2020-05-28,21,21.56,20.96,21.245,1433648,0.0
2020-05-31,21.845,22.28,21.21,22.28,2443711,0.0
2020-06-01,22.45,22.45,21.985,22.12,2425836,0.0
2020-06-02,22.08,22.325,21.76,22.09,2095444,0.0
2020-06-03,21.91,22.68,21.82,22.67,3084602,0.0
2020-06-04,22.85,23.335,22.79,23.26,1180843,0.0
2020-06-07,23.35,24.07,23.3,23.99,2511250,0.0
2020-06-08,23.8,23.94,22.82,23,2482066,0.0
2020-06-09,23.14,23.14,22.67,22.83,1345769,0.0
2020-06-10,22.36,22.39,21.295,21.425,1732320,0.0
2020-06-11,21.84,22.08,21.69,21.69,1014832,0.0
2020-06-14,21.83,22.21,21.37,22.07,2699280,0.0
2020-06-15,22.78,22.89,22.27,22.53,2125519,0.0
2020-06-16,22.57,22.57,22.08,22.11,1173671,0.0
2020-06-17,22.31,23.87,22.14,23.73,1721017,0.0
2020-06-18,23.81,23.97,23.06,23.17,1914900,0.0
2020-06-21,23.12,23.395,23.01,23.22,871604,0.0
2020-06-22,23.22,23.44,22.685,22.72,533181,0.0
2020-06-23,22.56,22.8,21.89,22.03,1154464,0.0
2020-06-24,21.91,22.02,21.58,21.82,978048,0.0
2020-06-25,21.75,21.75,20.88,20.92,3338255,0.0
2020-06-28,21.07,21.86,20.935,21.86,1151383,0.0
2020-06-29,21.79,22.03,21.545,21.86,651255,0.0
2020-06-30,21.76,22.1,21.51,21.88,609842,0.0
2020-07-01,22.59,23.26,22.37,22.51,1430164,0.0
