Date,Open,High,Low,Close,Volume,OpenInterest
2016-07-13,77.81,77.96,77.045,77.44,1063169,0.0
2016-07-14,77.5,78.2,77.1901,77.8,876478,0.0
2016-07-17,77.38,78.4,77.1,77.75,1094830,0.0
2016-07-18,78.21,78.21,76.96,77.29,1062241,0.0
2016-07-19,77.6,77.74,76.93,77.17,1178948,0.0
2016-07-20,76.9,77.01,75.79,76.55,1495154,0.0
2016-07-21,76.5,76.6699,75.72,76.14,1406520,0.0
2016-07-24,76.13,77.82,76.1,77.58,1073109,0.0
2016-07-25,77.51,78.5,76.76,77.19,877919,0.0
2016-07-26,77.26,77.5,75.75,76.84,849686,0.0
2016-07-27,76.97,77.68,76.32,77.38,618197,0.0
2016-07-28,77.5,77.82,76.69,77.64,538017,0.0
2016-07-31,77.6,78.79,77.54,78.33,929238,0.0
2016-08-01,78.33,78.585,76.79,76.95,1087108,0.0
2016-08-02,75.6,77.79,72.86,77.39,2516963,0.0
2016-08-03,77.58,78.42,77.1,77.4,816458,0.0
2016-08-04,78.05,78.4,77.13,77.81,759057,0.0
2016-08-07,77.85,78.96,77.85,78.53,859626,0.0
2016-08-08,78.19,78.34,77.4,77.75,544587,0.0
2016-08-09,77.72,78.74,77.44,77.93,505723,0.0
2016-08-10,78.72,80.19,78.64,79.72,947657,0.0
2016-08-11,79.72,79.98,78.94,79.36,588706,0.0
2016-08-14,79.96,80.89,79.5501,80.28,1115226,0.0
2016-08-15,80.29,80.54,79.79,79.88,752877,0.0
2016-08-16,79.97,80.08,77.81,78.54,1182078,0.0
2016-08-17,78.2,80.21,78.2,80.09,893041,0.0
2016-08-18,80.16,80.97,80.07,80.66,693415,0.0
2016-08-21,80.62,80.79,79.75,80.11,565416,0.0
2016-08-22,80.51,81.05,80,80.24,779490,0.0
2016-08-23,80.23,81.13,79.92,80.19,1125796,0.0
2016-08-24,80.19,81.81,79.98,80.59,1628816,0.0
2016-08-25,80.35,81.24,78.17,78.19,2778757,0.0
2016-08-28,78.32,79.41,77.8,78.26,2723566,0.0
2016-08-29,78.08,78.7211,75.98,76.85,2795930,0.0
2016-08-30,76.94,77.975,76.37,76.48,2051719,0.0
2016-08-31,75.89,77.58,75.12,76.66,3199867,0.0
2016-09-01,70.58,71.65,68.38,68.56,16416296,0.0
2016-09-05,68.64,68.767,66.97,67.68,4872467,0.0
2016-09-06,67.51,68.27,67.05,68.23,2657698,0.0
2016-09-07,67.22,67.56,65.95,66.07,2911922,0.0
2016-09-08,65.59,65.93,64.7099,64.81,2405666,0.0
2016-09-11,64.43,66.13,64.35,66,2014692,0.0
2016-09-12,65.83,66.159,64.56,65.94,2598826,0.0
2016-09-13,66.23,67.4,65.8,66.16,2114707,0.0
2016-09-14,65.75,66.77,65.17,66.05,1331360,0.0
2016-09-15,66.32,66.67,65.76,65.98,1354330,0.0
2016-09-18,66.08,66.55,65.42,65.81,995387,0.0
2016-09-19,66.3,66.3,65.345,65.69,766798,0.0
2016-09-20,65.5,65.9392,64.49,65.39,1440934,0.0
2016-09-21,66.11,66.29,65.36,65.73,1515860,0.0
2016-09-22,65.73,65.96,65.12,65.19,1115749,0.0
2016-09-25,65.11,65.1125,63.86,64.03,1214850,0.0
2016-09-26,64.19,64.6,62.89,64.53,1852159,0.0
2016-09-27,64.5,64.5,63.28,63.51,1269447,0.0
2016-09-28,62.78,63.125,60.94,61,3104993,0.0
2016-09-29,60.96,61.41,60.17,60.98,2431638,0.0
2016-10-02,60.92,61.23,60.16,60.27,1201026,0.0
2016-10-03,60.15,60.24,59.05,59.39,2976118,0.0
2016-10-04,59.46,62.43,58.87,59.19,3971957,0.0
2016-10-05,59.31,59.38,58.46,58.52,2055488,0.0
2016-10-06,58.51,59,57.93,58.3,2198057,0.0
2016-10-09,58.58,59.09,57.77,57.81,1058658,0.0
2016-10-10,57.74,58.04,56.6,56.76,2093192,0.0
2016-10-11,57.03,57.66,56.76,57.15,1535979,0.0
2016-10-12,56.79,58.22,56.47,57.61,2095752,0.0
2016-10-13,57.7,57.97,56.43,56.62,1609929,0.0
2016-10-16,55.83,56.19,54.87,54.87,1673191,0.0
2016-10-17,55.5,56.79,55.12,56.29,2846840,0.0
2016-10-18,56.38,58.87,56.38,58.58,4829743,0.0
2016-10-19,58.27,58.88,57.5,57.78,2572038,0.0
2016-10-20,57.19,57.6,56.42,56.99,2579153,0.0
2016-10-23,56.91,57.33,56.15,56.23,1657218,0.0
2016-10-24,54.49,56.27,54,55.12,2903374,0.0
2016-10-25,55.23,57.87,55.19,57.01,2825561,0.0
2016-10-26,57.03,57.46,56.51,57.24,2112467,0.0
2016-10-27,57.45,59,57.2463,58.4,2200679,0.0
2016-10-30,58.36,58.49,57.14,57.25,1497373,0.0
2016-10-31,57.34,57.6536,56.63,57.31,1121969,0.0
2016-11-01,57.28,58.3,56.9301,57.4,1520910,0.0
2016-11-02,57.73,57.8715,55.02,55.11,1570627,0.0
2016-11-03,55.37,56.525,55.19,55.84,1259766,0.0
2016-11-06,56.59,56.85,55.42,55.7,1875327,0.0
2016-11-07,55.83,57.28,55.522,56.97,1316081,0.0
2016-11-08,55.62,58.07,54.65,57.78,1359362,0.0
2016-11-09,58.39,58.85,56.49,57.05,1387690,0.0
2016-11-10,57.07,57.92,56.83,57.84,775438,0.0
2016-11-13,58.06,58.519,57.35,57.83,1085028,0.0
2016-11-14,58.12,58.46,56.53,56.8,1544662,0.0
2016-11-15,55.3,56.75,55.13,56.67,1590326,0.0
2016-11-16,56.51,57.88,56.32,57.54,1029559,0.0
2016-11-17,57.57,57.86,54.5,54.6,2651160,0.0
2016-11-20,54.97,56.26,54.8312,55.79,2170432,0.0
2016-11-21,55.9,58.42,55.6,58.24,2501523,0.0
2016-11-22,57.91,58.98,57.5,57.91,1097537,0.0
2016-11-24,58.44,58.56,57.705,57.99,390656,0.0
2016-11-27,57.7,58.09,56.6,57.22,1228742,0.0
2016-11-28,57.48,58.75,57.09,58.32,2582502,0.0
2016-11-29,58.48,59.48,56.92,57,1535611,0.0
2016-11-30,56.76,58.08,56.45,56.52,1309607,0.0
2016-12-01,54.75,56.45,54.27,55.31,2350424,0.0
2016-12-04,55.64,57.99,55.64,57.1,4404012,0.0
2016-12-05,57.62,58.34,56.73,57.24,1938585,0.0
2016-12-06,57.52,60.12,57.45,59.82,4377455,0.0
2016-12-07,70.51,72.7,68.72,68.84,14603462,0.0
2016-12-08,68.84,69.71,68.25,69.3,3153563,0.0
2016-12-11,69.37,70.03,68.75,69.71,1919749,0.0
2016-12-12,69.89,70.74,68.42,68.48,1985974,0.0
2016-12-13,68.09,69.21,68.01,68.69,1430172,0.0
2016-12-14,69,69,66.92,67.32,1424357,0.0
2016-12-15,67.18,67.7,65.86,66.42,1883744,0.0
2016-12-18,66,67.44,65.75,66.73,1129365,0.0
2016-12-19,66.61,68,66.47,67.61,1069184,0.0
2016-12-20,67.24,67.8937,66.54,66.97,934704,0.0
2016-12-21,66.66,66.94,64.42,64.57,1619874,0.0
2016-12-22,64.61,65.3667,64.2,64.4,634856,0.0
2016-12-26,64.59,65.02,64.17,64.44,628174,0.0
2016-12-27,64.64,64.78,63.65,64.48,664931,0.0
2016-12-28,64.51,65.25,64.23,64.39,777351,0.0
2016-12-29,64.67,65.72,64.43,65,1348019,0.0
2017-01-02,65.94,67.87,65.72,66.86,2470164,0.0
2017-01-03,66.97,69.99,66.88,69.41,4423408,0.0
2017-01-04,68.43,69.38,67.36,68.73,1913146,0.0
2017-01-05,68.74,69.71,67.86,68.3,1801865,0.0
2017-01-08,67.21,68.535,67.15,68.19,1829614,0.0
2017-01-09,68.77,70.5,68.5,69.9,2382422,0.0
2017-01-10,69.96,70.247,68.33,69.4,1599419,0.0
2017-01-11,68.66,69.34,68.31,68.62,1124292,0.0
2017-01-12,68.9,69.25,67.6,67.91,899531,0.0
2017-01-16,68.04,69.28,68.04,68.79,1039146,0.0
2017-01-17,69.12,69.12,67.91,68.51,594621,0.0
2017-01-18,67.92,68.18,66.64,66.98,1131534,0.0
2017-01-19,67.31,67.8,67.02,67.32,1044412,0.0
2017-01-22,66.99,67.22,66.01,66.85,826549,0.0
2017-01-23,67.16,68.15,67.16,67.76,1084776,0.0
2017-01-24,68.4,68.87,68.04,68.82,724622,0.0
2017-01-25,68.69,69.04,67.61,67.63,866348,0.0
2017-01-26,67.74,67.74,66.04,66.82,1075754,0.0
2017-01-29,66.64,66.9597,65.6702,66.89,967352,0.0
2017-01-30,65.09,67.78,65.09,67.51,1371042,0.0
2017-01-31,67.87,67.89,66.08,66.4,1025891,0.0
2017-02-01,67,67.39,66.41,66.52,749138,0.0
2017-02-02,65.67,66.78,65.5,66.39,1106930,0.0
2017-02-05,66.24,66.64,66,66.47,625118,0.0
2017-02-06,66.68,66.74,65.84,66.14,758906,0.0
2017-02-07,66,67.32,65.92,67.17,912529,0.0
2017-02-08,67.25,67.9,66.86,67,928010,0.0
2017-02-09,67.56,67.87,66.94,67.62,1045104,0.0
2017-02-12,68.07,68.23,66.84,66.97,1143214,0.0
2017-02-13,66.83,67.93,66.29,67.76,775541,0.0
2017-02-14,67.53,67.88,66.82,67.17,837331,0.0
2017-02-15,67.23,67.49,65.38,65.99,1432054,0.0
2017-02-16,65.89,66.98,65.59,66.72,1044698,0.0
2017-02-20,67.22,67.24,66.23,66.72,696368,0.0
2017-02-21,66.89,67.22,66.55,67.01,399154,0.0
2017-02-22,67.33,67.38,64.81,64.84,1408021,0.0
2017-02-23,64.55,65.76,64.01,65.32,1573154,0.0
2017-02-26,65.38,66.79,65.32,66.44,1000395,0.0
2017-02-27,66.4,66.4,65.03,65.26,715796,0.0
2017-02-28,66.1,66.17,64.53,65.39,923968,0.0
2017-03-01,65.55,66.97,65.28,66.52,1430940,0.0
2017-03-02,66.37,66.56,65.35,65.68,1840240,0.0
2017-03-05,65.51,65.705,64.77,64.94,815460,0.0
2017-03-06,64.7,65.39,64.7,65.12,829894,0.0
2017-03-07,65.42,66.43,65.0901,66.26,1163274,0.0
2017-03-08,65.6,65.96,64.8,64.98,1512667,0.0
2017-03-09,65.1,65.77,64.67,65.11,945770,0.0
2017-03-12,65.45,65.45,63.65,63.78,1199532,0.0
2017-03-13,63.5,64.17,63.32,63.68,844844,0.0
2017-03-14,64,64.1,62.78,63.925,1160773,0.0
2017-03-15,64.21,64.66,63.75,63.83,944505,0.0
2017-03-16,64.24,64.24,63.23,64.05,1631550,0.0
2017-03-19,64.13,64.22,63.35,63.78,921903,0.0
2017-03-20,63.9,64.32,62.57,62.93,2611490,0.0
2017-03-21,61.73,62.92,61.681,62.81,2092221,0.0
2017-03-22,63.19,63.78,62.49,63.08,1506190,0.0
2017-03-23,63.01,63.8563,62.52,63.69,1156035,0.0
2017-03-26,63.36,65.04,62.95,64.1,2353897,0.0
2017-03-27,64.25,64.33,63.12,63.68,2298159,0.0
2017-03-28,64.27,66.34,64.01,66.3,4740539,0.0
2017-03-29,51.94,52.9,50.5,50.7599,44250161,0.0
2017-03-30,51.23,51.99,50.52,51.86,15667289,0.0
2017-04-02,52.11,52.18,50.87,50.92,6850329,0.0
2017-04-03,50.5,50.96,49.43,49.76,5645642,0.0
2017-04-04,49.89,50.54,49.4001,49.43,4189587,0.0
2017-04-05,49.6,50.92,49.57,50.78,4577193,0.0
2017-04-06,50.87,51.18,50.505,50.63,2996889,0.0
2017-04-09,50.85,52.69,50.85,52.26,7130245,0.0
2017-04-10,52.16,52.33,51.49,51.7,2384471,0.0
2017-04-11,52.71,53.345,51.85,52.08,5089976,0.0
2017-04-12,52,52.2499,51.2001,51.22,1932180,0.0
2017-04-16,51.56,52.075,51.4,52,2425897,0.0
2017-04-17,51.83,52.03,51.44,51.93,1665446,0.0
2017-04-18,51.93,52.83,51.9104,52.2,3602160,0.0
2017-04-19,52.48,54,52.42,53.61,4991373,0.0
2017-04-20,53.66,53.96,53.06,53.09,2616030,0.0
2017-04-23,53.55,53.82,52.42,52.75,2603780,0.0
2017-04-24,52.75,53.09,51.99,52.47,2466092,0.0
2017-04-25,52.61,53.21,52.43,52.7,2374196,0.0
2017-04-26,52.91,52.98,51.89,52.78,2438744,0.0
2017-04-27,52.81,52.88,51.48,51.99,3794693,0.0
2017-04-30,52.07,52.18,51.38,51.56,1853111,0.0
2017-05-01,51.87,52.67,51.76,52.4575,2335506,0.0
2017-05-02,52.6,52.7,51.9,52.18,1271389,0.0
2017-05-03,52.05,52.54,51.59,51.75,1271228,0.0
2017-05-04,51.93,52.04,51.17,51.95,1857252,0.0
2017-05-07,52.09,52.4,51.42,51.69,1608313,0.0
2017-05-08,51.75,52.32,51.4,52.04,2620026,0.0
2017-05-09,51.95,53.28,51.87,53.15,1863251,0.0
2017-05-10,54.66,55.64,53.8033,54.61,5755702,0.0
2017-05-11,54.48,54.52,52.92,53.13,2730954,0.0
2017-05-14,53.06,53.06,51.39,51.49,3205059,0.0
2017-05-15,51,51.18,49.56,50.05,3941668,0.0
2017-05-16,49.66,49.7903,48.61,49.14,2948959,0.0
2017-05-17,49.07,49.6,48.74,49.22,1734289,0.0
2017-05-18,49.35,49.76,48.1,49.27,3565149,0.0
2017-05-21,49.65,50.12,49.3,49.49,1712917,0.0
2017-05-22,49.58,49.68,48.46,48.8,2325940,0.0
2017-05-23,48.8,49.15,48.43,48.79,2644089,0.0
2017-05-24,49.19,49.83,48.65,48.68,2122640,0.0
2017-05-25,48.52,48.76,48.03,48.2299,2551166,0.0
2017-05-29,48.39,48.59,47.64,47.9,3237650,0.0
2017-05-30,48.02,48.422,47.26,48.27,3239404,0.0
2017-05-31,48.27,49.2,47.73,48.68,5330489,0.0
2017-06-01,56.41,56.85,54.06,54.31,20825669,0.0
2017-06-04,54,54.09,52.7262,52.91,5166393,0.0
2017-06-05,52.38,52.62,51.52,52.06,3501988,0.0
2017-06-06,52.11,52.67,51.92,52.25,2090797,0.0
2017-06-07,52.24,53,51.7,51.72,1610881,0.0
2017-06-08,51.67,52.19,51.3,51.7,2536814,0.0
2017-06-11,51.54,52.3,51.3,51.9,1944184,0.0
2017-06-12,52.13,52.585,51.79,52.39,1908601,0.0
2017-06-13,53.25,53.92,52.87,53.09,2673109,0.0
2017-06-14,52.77,53.3,52.3,53.13,1615966,0.0
2017-06-15,52.97,53.31,52.305,52.97,1949818,0.0
2017-06-18,53.18,54.01,52.91,53.85,1779663,0.0
2017-06-19,53.96,53.96,52.36,52.51,2138872,0.0
2017-06-20,52.59,53.47,52.35,53.3,1570443,0.0
2017-06-21,53.24,54.43,53.12,54.25,1489379,0.0
2017-06-22,54.47,55.4,54.09,55.37,2467823,0.0
2017-06-25,55.53,56.2,55.12,55.51,2406828,0.0
2017-06-26,55.48,56.13,54.96,55.04,1743671,0.0
2017-06-27,55.29,56.3,55.1219,56.17,2765020,0.0
2017-06-28,57.38,59.44,57.01,59.13,6026747,0.0
2017-06-29,59.5,60.22,59.0615,59.656,2935189,0.0
2017-07-02,59.68,60.605,59.67,60.02,867768,0.0
2017-07-04,60,60.49,59.35,59.75,1523774,0.0
2017-07-05,59.39,59.55,57.62,57.99,1933780,0.0
2017-07-06,58.39,59.1,58.031,58.38,1126191,0.0
2017-07-09,58.23,58.855,57.51,58.67,1269325,0.0
2017-07-10,58.69,58.95,58.18,58.78,1134407,0.0
2017-07-11,58.9,59.17,58.22,58.73,956136,0.0
2017-07-12,58.88,59.69,58.62,59.33,1223260,0.0
2017-07-13,59.61,60,59.46,59.81,684369,0.0
2017-07-16,59.95,60.67,59.68,59.76,1288140,0.0
2017-07-17,59.49,60.0375,59.15,59.39,1127762,0.0
2017-07-18,59.92,61.6,59.48,61.36,1863572,0.0
2017-07-19,61.39,61.4825,60.73,61.13,1421758,0.0
2017-07-20,61.03,62.05,60.93,61.92,1872426,0.0
2017-07-23,61.59,62.26,61.44,62.01,1729147,0.0
2017-07-24,60.77,62.16,60.66,61.91,2147513,0.0
2017-07-25,61.71,61.8036,61.26,61.461,1047936,0.0
2017-07-26,61.26,61.91,60.42,61.47,1088158,0.0
2017-07-27,61.38,62.2,61.04,61.82,1164767,0.0
2017-07-30,61.98,61.98,60.94,61.61,1042950,0.0
2017-07-31,61.57,61.73,60.42,61.59,1010132,0.0
2017-08-01,61.55,61.82,60.935,61.23,800976,0.0
2017-08-02,60.84,61.57,60.41,60.495,1279463,0.0
2017-08-03,60.78,62.19,60.37,61.76,1396923,0.0
2017-08-06,61.9,62.91,61.76,62.51,1012609,0.0
2017-08-07,63,63.86,62.23,62.51,1172690,0.0
2017-08-08,62.08,62.49,61.5,61.89,822568,0.0
2017-08-09,61.25,61.495,60.1,60.26,1063815,0.0
2017-08-10,59.19,60.84,58.55,59.75,1195152,0.0
2017-08-13,60.03,60.56,59.75,59.9201,1362003,0.0
2017-08-14,59.31,60.9,58.45,59.49,2962454,0.0
2017-08-15,59.96,59.99,59.2,59.76,930233,0.0
2017-08-16,59.56,59.83,58.92,58.93,929025,0.0
2017-08-17,58.44,58.924,57.61,58.12,1331214,0.0
2017-08-20,59.67,60.47,57.96,59.45,3754165,0.0
2017-08-21,59.83,60.08,59.45,59.81,1135873,0.0
2017-08-22,59.53,60.5,59.44,60.35,959005,0.0
2017-08-23,60.75,61.48,59.81,60.03,1623584,0.0
2017-08-24,60.22,60.83,59.85,60.21,1006257,0.0
2017-08-27,60.69,61.11,59.76,60.14,1090982,0.0
2017-08-28,59.91,60.16,58.24,58.29,2744165,0.0
2017-08-29,58.46,58.9,56.87,57.61,3945255,0.0
2017-08-30,57.77,58.32,56.56,57.57,5163340,0.0
2017-08-31,61.22,62.58,60.5,61.69,10362810,0.0
2017-09-04,62.09,62.18,60.375,61.56,3184033,0.0
2017-09-05,61.48,61.99,60.56,61.51,1881105,0.0
2017-09-06,61.5,61.61,60.41,61.31,1415573,0.0
2017-09-07,61.02,63,60.69,62.34,2856502,0.0
2017-09-10,62.48,63.08,61.86,61.9,1429777,0.0
2017-09-11,62.19,62.2755,61.33,61.79,894371,0.0
2017-09-12,61.72,62.12,61.31,61.49,913025,0.0
2017-09-13,61.58,61.58,59.79,61.11,1625151,0.0
2017-09-14,61.23,61.375,59.995,60.6,1634505,0.0
2017-09-17,60.74,60.93,59.18,59.75,1696029,0.0
2017-09-18,59.33,59.79,58.01,58.94,2698851,0.0
2017-09-19,58.88,59.06,58.06,58.56,1275417,0.0
2017-09-20,58.31,58.85,58,58.6,742101,0.0
2017-09-21,57.9,58.7899,57.87,58.15,1282443,0.0
2017-09-24,57.89,58.36,57.19,57.4,1620467,0.0
2017-09-25,57.76,59.64,57.76,59.34,2559525,0.0
2017-09-26,59.33,60.2769,59.15,60.13,1614945,0.0
2017-09-27,60.02,60.94,59.91,60.27,1000938,0.0
2017-09-28,60.5,62.33,60.13,62.24,1874330,0.0
2017-10-01,62.17,63.21,61.7375,62.82,1786000,0.0
2017-10-02,62.98,63.345,61.91,62.22,1181238,0.0
2017-10-03,62.14,62.6,61.26,61.32,878898,0.0
2017-10-04,61.28,62.28,61.17,61.74,966352,0.0
2017-10-05,61.74,62.08,61.14,61.29,995331,0.0
2017-10-08,61.33,62.1,60.7969,61.98,1191696,0.0
2017-10-09,61.88,63.4,61.82,63.35,1309672,0.0
2017-10-10,63.27,63.27,62.37,62.68,1475327,0.0
2017-10-11,61.69,61.9,60.19,60.5,2890515,0.0
2017-10-12,60.42,61.4,57.55,59.17,4960586,0.0
2017-10-15,59.21,59.36,57.82,58.19,1923221,0.0
2017-10-16,57.85,59.85,57.4,58.94,3410335,0.0
2017-10-17,59.2,59.78,59,59.73,1354335,0.0
2017-10-18,59.67,60.23,59.25,60.11,1233278,0.0
2017-10-19,61.48,63.35,61.051,63.2964,3069577,0.0
2017-10-22,63.38,64.81,63.3,63.84,1899452,0.0
2017-10-23,63.71,63.95,61.82,61.85,1696184,0.0
2017-10-24,61.99,62.47,60.78,62.07,1240505,0.0
2017-10-25,62.31,63.35,60.53,62.03,2746355,0.0
2017-10-26,61.82,62.86,61.5,62.41,1046352,0.0
2017-10-29,62.29,62.52,61.6,61.73,773865,0.0
2017-10-30,61.8,62.97,61.46,61.49,989223,0.0
2017-10-31,62.21,62.88,60.81,61.49,924937,0.0
2017-11-01,61.85,61.92,60.52,60.7599,752647,0.0
2017-11-02,61.02,61.54,60.62,61.15,546780,0.0
2017-11-05,61.36,61.99,61.27,61.8,836369,0.0
2017-11-06,61.65,61.71,60.11,60.23,822859,0.0
2017-11-07,60.35,61.75,59.93,61.64,901169,0.0
2017-11-08,61.25,64.3,61.25,64,2255982,0.0
2017-11-09,63.92,65,63.66,64.87,1506349,0.0
2017-11-12,64.88,65.97,64.069,64.61,1285677,0.0
2017-11-13,64.09,65.06,63.55,64.93,728494,0.0
2017-11-14,64.38,65.61,63.88,64.9,743766,0.0
2017-11-15,64.9,65.93,64.38,65.72,583792,0.0
2017-11-16,66.29,67.43,66.11,66.31,973012,0.0
2017-11-19,66.29,67.08,65.8,66.89,813065,0.0
2017-11-20,66.96,67.0275,66.16,66.58,917953,0.0
2017-11-21,66.4,67.25,66.33,66.8,646515,0.0
2017-11-23,67.01,67.41,66.42,66.8,363833,0.0
2017-11-26,67.09,67.57,65.91,66.13,1260958,0.0
2017-11-27,66.24,67.6,66.08,67.37,1174646,0.0
2017-11-28,67.58,68.59,66.57,66.85,2010650,0.0
2017-11-29,67,68.27,66.55,66.95,1683722,0.0
2017-11-30,66.78,67.38,65.87,67.25,1491426,0.0
2017-12-03,68.35,68.49,67.16,67.2,1594436,0.0
2017-12-04,67.03,67.45,65.3,66.36,1576870,0.0
2017-12-05,66.08,67.8299,66.05,67.71,4125549,0.0
2017-12-06,73.35,73.84,71.29,72.005,7964773,0.0
2017-12-07,72.48,74.03,72.13,73.77,2630956,0.0
2017-12-10,73.78,74.78,73.22,73.66,1590422,0.0
2017-12-11,73.47,74.99,73.32,74.31,1363891,0.0
2017-12-12,74.21,74.79,73.74,74.1999,669766,0.0
2017-12-13,75.6,75.9499,74.03,74.78,1667460,0.0
2017-12-14,75.3,76.01,74.89,75.83,1618836,0.0
2017-12-17,76.45,76.98,76,76.55,1334433,0.0
2017-12-18,77,77.22,76.41,76.59,898754,0.0
2017-12-19,76.87,77.28,76.54,76.9,911947,0.0
2017-12-20,77.35,78,77.25,77.72,1085292,0.0
2017-12-21,77.72,78.6,76.96,78.5,762960,0.0
2017-12-25,78.3,80.04,78.3,79.41,1215761,0.0
2017-12-26,79.75,79.98,78.7,79.28,579397,0.0
2017-12-27,79.5,80.1,79.14,79.61,988193,0.0
2017-12-28,79.64,80,78.52,78.59,1036984,0.0
2018-01-01,77.31,80.27,77.31,79.69,2129114,0.0
2018-01-02,79.82,80.24,78.25,78.57,1386742,0.0
2018-01-03,78.61,80.01,78.3,79.84,1357378,0.0
2018-01-04,80,80.46,79.18,79.42,1319870,0.0
2018-01-07,81.5,81.92,77.44,79.06,2476433,0.0
2018-01-08,79,79.76,78.74,79.505,1184400,0.0
2018-01-09,79.18,79.44,78.5837,78.84,898470,0.0
2018-01-10,79.29,79.33,78.39,79,721401,0.0
2018-01-11,79.67,79.67,78.53,78.87,969310,0.0
2018-01-15,78.95,78.98,76.45,76.71,1145757,0.0
2018-01-16,77.08,78.39,76.81,77.93,999590,0.0
2018-01-17,78.07,78.7575,77.32,77.57,876322,0.0
2018-01-18,77.73,79.7,77.67,79.33,1062785,0.0
2018-01-21,79.41,79.64,78.601,78.96,1013302,0.0
2018-01-22,78.88,79.925,78.53,79.67,644810,0.0
2018-01-23,79.89,79.96,78.22,79.2,672177,0.0
2018-01-24,79.08,79.4,78.04,78.62,711459,0.0
2018-01-25,78.62,79.4,78.23,79.08,627730,0.0
2018-01-28,78.81,80.64,78.64,79.97,848376,0.0
2018-01-29,79.65,79.78,78.54,79.49,476596,0.0
2018-01-30,79.47,80.049,77.98,78.23,785333,0.0
2018-01-31,77.23,79.25,77.01,78.83,1251598,0.0
2018-02-01,78.79,79.78,78.17,78.625,1267693,0.0
2018-02-04,77.99,79.88,77.4,77.4,1322900,0.0
2018-02-05,75.66,78.88,74.9,78.619,3372443,0.0
2018-02-06,78.77,82.359,78.77,81.02,2563575,0.0
2018-02-07,81.75,83.31,76.63,76.66,2150271,0.0
2018-02-08,77.51,79,75.43,77.11,2238200,0.0
2018-02-11,77.61,78.44,76.79,76.8,2167355,0.0
2018-02-12,76.86,77.72,76.73,77.26,3005255,0.0
2018-02-13,76.6,81.8286,76.6,81.22,2464231,0.0
2018-02-14,81.26,81.54,78.43,80.92,1678493,0.0
2018-02-15,80.85,82.64,80.5,81.4,1225264,0.0
2018-02-19,80.87,81.4,80.17,80.58,1032320,0.0
2018-02-20,80.58,82.565,80.44,81.17,693483,0.0
2018-02-21,81.25,82.21,80.71,80.85,646141,0.0
2018-02-22,81.3,82,79.9,81.86,681810,0.0
2018-02-25,82.43,83,81.215,82.33,581633,0.0
2018-02-26,82.65,83.59,80.39,80.46,1080746,0.0
2018-02-27,81.01,82.44,80.95,81.09,1229183,0.0
2018-02-28,81.01,81.94,79.81,81.04,968261,0.0
2018-03-01,79.78,82.29,79.36,82.08,660676,0.0
2018-03-04,81.64,82.24,80.76,81.14,856029,0.0
2018-03-05,81.18,83.98,80.87,83.7,1513600,0.0
2018-03-06,82.91,83.4899,80.64,81.33,1216429,0.0
2018-03-07,81.75,81.99,80.29,80.75,695704,0.0
2018-03-08,81.18,82.01,80.09,80.99,1193244,0.0
2018-03-11,81.17,81.635,79.61,80.325,1171542,0.0
2018-03-12,80.97,81.55,79.785,79.79,1305978,0.0
2018-03-13,79.95,80.95,78.66,80.73,1240314,0.0
2018-03-14,80.73,81.63,79.4,79.61,642258,0.0
2018-03-15,79.47,81.46,79.47,80.75,877122,0.0
2018-03-18,81.03,81.03,79.78,80.28,779624,0.0
2018-03-19,80.25,81.5924,80.02,81.46,810152,0.0
2018-03-20,81.48,81.8699,80.31,80.7,1304833,0.0
2018-03-21,80,81.29,80,81.1,1307201,0.0
2018-03-22,81.1,82.21,79.26,79.51,1568224,0.0
2018-03-25,80.19,80.52,78.32,80.34,1974524,0.0
2018-03-26,80.53,80.71,77.97,78.7001,2834410,0.0
2018-03-27,84.5,87.98,83.06,85.95,9115153,0.0
2018-03-28,86.79,89.54,86.32,89.12,4031966,0.0
2018-04-01,89.01,90.25,86.65,87.28,2510676,0.0
2018-04-02,87.44,88.99,87.41,88.68,1598050,0.0
2018-04-03,87.99,88.7588,87.358,88.24,2025422,0.0
2018-04-04,88.85,91.44,88.24,91.28,2172544,0.0
2018-04-05,91.08,91.35,88.69,89.61,1813678,0.0
2018-04-08,90,90.847,89.35,89.64,1230574,0.0
2018-04-09,90.38,91.19,90.07,90.94,682371,0.0
2018-04-10,90.66,91.84,90.5051,91.07,1272277,0.0
2018-04-11,91.26,92.13,90.88,92.02,988232,0.0
2018-04-12,92.33,92.89,91.192,91.72,1628428,0.0
2018-04-15,92,93.81,91.75,93.75,1449102,0.0
2018-04-16,94.62,94.85,94.03,94.6,1673645,0.0
2018-04-17,94.41,95.66,94.41,95,1547851,0.0
2018-04-18,95,95.58,94.28,95.29,992063,0.0
2018-04-19,95.31,96.37,95.13,96.31,1434976,0.0
2018-04-22,94.26,96.96,94.2,96.64,1806792,0.0
2018-04-23,97.48,97.98,96.47,96.9,1736733,0.0
2018-04-24,97.64,97.97,96.64,97.845,1004214,0.0
2018-04-25,97.98,98.81,97.85,98.43,1262999,0.0
2018-04-26,98.54,99.3928,98.31,99.17,1472643,0.0
2018-04-29,99.58,100.57,99.35,99.81,1105577,0.0
2018-04-30,99.45,99.93,98.76,99.69,1004904,0.0
2018-05-01,99.89,100.73,99.4,99.75,862940,0.0
2018-05-02,99.07,100.4466,99.07,99.85,1080919,0.0
2018-05-03,99.49,99.65,95.39,95.5,3100075,0.0
2018-05-06,95.76,97.51,95.76,97.16,1322203,0.0
2018-05-07,96.83,98.28,96.83,98.2,773314,0.0
2018-05-08,98.19,99.06,97.44,98.97,682352,0.0
2018-05-09,99.31,99.46,97.28,97.91,891819,0.0
2018-05-10,97.77,98.7,97.554,98.54,710034,0.0
2018-05-13,98.94,98.97,98.04,98.66,612251,0.0
2018-05-14,98.21,99.91,97.78,98.93,801301,0.0
2018-05-15,99.4,101.94,99,101.66,1119898,0.0
2018-05-16,101.72,103.04,101.37,102,840127,0.0
2018-05-17,101.5,103.1199,101.5,102.81,1347549,0.0
2018-05-20,103.49,105.262,103.16,103.75,1183629,0.0
2018-05-21,103.75,104.13,102.751,102.87,1204051,0.0
2018-05-22,102.55,106.54,102.02,105.28,2135627,0.0
2018-05-23,105.06,106.68,104.865,106.405,887380,0.0
2018-05-24,106.99,107.49,105.76,106.18,1026700,0.0
2018-05-28,106.25,107.6757,105.51,105.67,1737916,0.0
2018-05-29,105.94,106.98,104.601,105.63,2743038,0.0
2018-05-30,106.15,106.462,103.8,105,3180281,0.0
2018-05-31,113.95,123.84,113.2,122.19,12648774,0.0
2018-06-03,122.6233,125.1,121.53,124.99,3198354,0.0
2018-06-04,124.7,125.77,123.92,124.06,2027751,0.0
2018-06-05,124.12,126.8531,123.88,124.18,1824164,0.0
2018-06-06,124.7,126.47,122.22,122.68,1767329,0.0
2018-06-07,121.5,122.95,120.5901,122.01,2494070,0.0
2018-06-10,122.72,122.75,120.55,122.37,1586264,0.0
2018-06-11,122.52,125.23,122.15,124.96,1253422,0.0
2018-06-12,125.38,127.344,124.68,125.13,1658142,0.0
2018-06-13,125.09,126.4246,124.64,125.87,1072943,0.0
2018-06-14,124.21,128.91,123.55,128.3799,1471752,0.0
2018-06-17,127.59,129.79,126.9,129.7236,1286231,0.0
2018-06-18,128.3,129.32,126.83,128.09,972457,0.0
2018-06-19,128.49,128.51,127.07,128.27,892288,0.0
2018-06-20,128.54,129.58,126.73,127.7,744548,0.0
2018-06-21,128.6,128.6,124.17,124.18,1362106,0.0
2018-06-24,124.26,126.43,122.47,124.83,1279534,0.0
2018-06-25,127,127.6,125.28,126.79,1124079,0.0
2018-06-26,126.5,127.59,123.05,123.86,1251345,0.0
2018-06-27,123.79,125.255,122.78,124.94,1251086,0.0
2018-06-28,126.24,127.489,124.85,124.87,741151,0.0
2018-07-01,124.99,125.53,123.23,125.48,1024852,0.0
2018-07-02,126.12,126.8,124.97,125.22,513663,0.0
2018-07-04,125.81,125.81,123.95,124.58,545255,0.0
2018-07-05,124.73,128.88,124.5,128.54,1593262,0.0
2018-07-08,130,130.49,125.8813,126.53,1406580,0.0
2018-07-09,126.85,128.23,126.2724,127.39,789897,0.0
2018-07-10,126.19,126.45,124.62,125.64,690201,0.0
2018-07-11,126.47,126.64,125.02,125.73,550610,0.0
2018-07-12,125.94,126.83,124.91,125.42,645881,0.0
2018-07-15,125.27,127.49,124.79,127.21,651232,0.0
2018-07-16,127.02,130.4073,127.02,129.45,1373280,0.0
2018-07-17,129.36,129.95,125.965,128.8,697879,0.0
2018-07-18,128.7,129.01,127,127.77,840202,0.0
2018-07-19,127.6,128.9,126.29,126.45,1080253,0.0
2018-07-22,126.45,126.97,125.07,125.36,826716,0.0
2018-07-23,125.93,126.39,122.4,122.95,1207386,0.0
2018-07-24,123.66,125.49,122.94,125.02,983255,0.0
2018-07-25,124.75,126.16,123.19,124.49,689980,0.0
2018-07-26,124.42,124.92,118.85,120,1303600,0.0
2018-07-29,120.04,121.25,118.65,118.83,1014494,0.0
2018-07-30,118.86,120.645,117.655,119.98,739982,0.0
2018-07-31,120.18,121.81,119.55,120.57,1091646,0.0
2018-08-01,120.93,125.22,120.53,124.36,1276644,0.0
2018-08-02,124.35,126.33,124.35,126.07,942206,0.0
2018-08-05,126,126.52,124.38,126.33,960457,0.0
2018-08-06,127.08,127.1,124.99,125.63,834917,0.0
2018-08-07,125.77,127.65,124.85,127.16,842925,0.0
2018-08-08,127.74,128.69,127.11,128.15,553594,0.0
2018-08-09,127.48,130.76,126.78,130.51,1348906,0.0
2018-08-12,131.08,131.88,129.29,129.94,994680,0.0
2018-08-13,130.5,130.92,127.59,129.47,992001,0.0
2018-08-14,128.9,128.9,125.06,126.44,911124,0.0
2018-08-15,129.2,130.48,127.17,129.47,906773,0.0
2018-08-16,130.25,130.9,129.0799,130.19,708662,0.0
2018-08-19,130.93,137.19,130.305,136.68,2203602,0.0
2018-08-20,137.3,139.64,134.69,135.63,1184640,0.0
2018-08-21,136.28,138.24,135.38,135.49,897168,0.0
2018-08-22,135.49,137.575,134.61,136.22,774989,0.0
2018-08-23,137.15,140.33,136.68,138.75,1137295,0.0
2018-08-26,139.48,140.4162,137.79,138.17,1096622,0.0
2018-08-27,138.32,139.2734,137.12,138.68,1012761,0.0
2018-08-28,138.7,138.939,135.08,138.71,1718347,0.0
2018-08-29,137.8,138.38,135.69,136.95,2313709,0.0
2018-08-30,153.3,159.79,153.01,154.97,12115667,0.0
2018-09-03,154.86,160,154.71,157.3,3477132,0.0
2018-09-04,157.17,157.29,152.08,152.74,1960302,0.0
2018-09-05,153.57,154.97,150.78,150.99,1497123,0.0
2018-09-06,150.74,153.99,150.59,150.81,1494997,0.0
2018-09-09,151.5,154.78,151.5,154.11,1054986,0.0
2018-09-10,154.17,155.25,152.2,153.23,1116335,0.0
2018-09-11,153.3,154.07,150.87,153.01,1004429,0.0
2018-09-12,153.16,154.815,152.2,154.61,895903,0.0
2018-09-13,154.73,155.64,152.47,153.75,782973,0.0
2018-09-16,159.1,160.68,154.8201,155.34,1978914,0.0
2018-09-17,155.69,158.94,153.8,158.44,1021442,0.0
2018-09-18,158.63,158.63,154.0486,155.19,1211482,0.0
2018-09-19,155.45,156.4,154.39,155.98,892443,0.0
2018-09-20,156.59,158.131,154.63,156.98,1102242,0.0
2018-09-23,156.57,157.78,156.03,157.32,733223,0.0
2018-09-24,157.55,159.08,157.08,158.415,657515,0.0
2018-09-25,157.75,159.88,156.77,158.95,759720,0.0
2018-09-26,160,161.5,158.66,161.24,1009417,0.0
2018-09-27,161.25,164.1399,161.25,162.51,1019652,0.0
2018-09-30,163.8,164.79,161.19,161.58,706066,0.0
2018-10-01,162.88,163.13,160,160.22,815212,0.0
2018-10-02,161.25,161.83,159.35,161.5,859074,0.0
2018-10-03,160.22,161.08,156.33,157.04,1069723,0.0
2018-10-04,156.69,158.34,151.4552,153.83,1695226,0.0
2018-10-07,153.02,154.915,148.34,150.77,1128322,0.0
2018-10-08,149.84,153.45,149,150.185,1178864,0.0
2018-10-09,149.17,149.555,140.4,140.76,1785567,0.0
2018-10-10,139.29,144.91,137.68,140.52,1672206,0.0
2018-10-11,145.53,146.9,141.07,143.7,2488107,0.0
2018-10-14,146.79,146.979,142.86,144.44,1051999,0.0
2018-10-15,145.56,147.22,142.97,146.79,1200879,0.0
2018-10-16,146.98,147.77,142.75,143.56,699134,0.0
2018-10-17,143.09,145.65,140.92,142.69,1051688,0.0
2018-10-18,143.48,144.1,136.53,136.78,1324589,0.0
2018-10-21,136.47,140.9,136.0249,139.87,988653,0.0
2018-10-22,137.21,137.7151,133.13,137.47,1516413,0.0
2018-10-23,140.8,140.9666,134.16,134.18,1343603,0.0
2018-10-24,134.31,138.59,134,137.23,1014027,0.0
2018-10-25,134.49,136.6699,133.14,134.79,1199016,0.0
2018-10-28,136.69,139.15,133.95,135.87,1217507,0.0
2018-10-29,135.36,142.63,135.12,142.16,1586465,0.0
2018-10-30,143.75,146.6,140.66,140.73,1698435,0.0
2018-10-31,141.66,144.65,138.97,144.17,918266,0.0
2018-11-01,145.37,145.45,140.04,142.02,1023762,0.0
2018-11-04,143.28,143.84,139.15,142.19,1020269,0.0
2018-11-05,141.83,143.6,139.92,141.155,1109025,0.0
2018-11-06,141.77,144.56,139.681,143.23,1384123,0.0
2018-11-07,143.27,143.79,140.11,142.27,858584,0.0
2018-11-08,141.39,142,136.38,137.56,1169056,0.0
2018-11-11,137.28,138.36,134.66,135.41,1313519,0.0
2018-11-12,135.53,140.35,134.65,138.72,1433698,0.0
2018-11-13,140.87,144.07,138.375,140.13,1884275,0.0
2018-11-14,138.33,139.98,134.7,139.82,1485872,0.0
2018-11-15,138.08,138.08,134.35,134.53,1665701,0.0
2018-11-18,134.5,135.875,126.62,126.99,2561961,0.0
2018-11-19,119.45,124.95,118.52,121.54,2710340,0.0
2018-11-20,122.19,124.6251,121.865,123.88,1715154,0.0
2018-11-22,122.5,124.01,120.61,120.85,704915,0.0
2018-11-25,122.04,125.42,121.87,123.58,2391640,0.0
2018-11-26,122.9,124.3403,121.4,122.78,1353532,0.0
2018-11-27,123.94,129.285,123.94,128.98,2100488,0.0
2018-11-28,128.03,130.4375,126.84,129.43,1928036,0.0
2018-11-29,129.25,133.26,129.25,132.56,2374965,0.0
2018-12-02,137,140.08,134.1,139.96,3110653,0.0
2018-12-03,139.5,139.58,131.325,133.61,3049527,0.0
2018-12-05,133,134.71,126.5576,131.65,4384619,0.0
2018-12-06,132,136.26,113.61,113.84,7817490,0.0
2018-12-09,113.35,116.59,112.3655,115.01,3466715,0.0
2018-12-10,117.03,119.9344,115.8,116.85,2894325,0.0
2018-12-11,120.21,123.53,118.5,122.67,3876175,0.0
2018-12-12,122.99,125.8,118.15,120.25,4600291,0.0
2018-12-13,118.43,122.15,117.61,119.13,2402215,0.0
2018-12-16,119.83,122,117.5,118.89,2959034,0.0
2018-12-17,120.02,122.41,118.38,119.2,3026599,0.0
2018-12-18,119.52,120.77,114.15,115.72,2265090,0.0
2018-12-19,114.83,118.21,111.34,115.08,2994771,0.0
2018-12-20,116.76,119.75,113.53,113.71,2964415,0.0
2018-12-23,112.21,115.885,110.71,113.12,1554260,0.0
2018-12-25,114.13,122.74,113.95,122.64,2361904,0.0
2018-12-26,120.64,124.18,118.69,123.31,1818108,0.0
2018-12-27,124.4,125.37,120.64,121.44,1910494,0.0
2018-12-30,123.12,123.34,120.56,121.12,1273251,0.0
2019-01-01,118.89,124.585,118.28,123.23,1708957,0.0
2019-01-02,121.85,126.12,120.319,124.55,2667708,0.0
2019-01-03,125.85,129.57,125.31,128.6,1968189,0.0
2019-01-06,129.33,135.1,129.33,134.275,2362038,0.0
2019-01-07,135.52,137.1752,133.67,135.95,1717441,0.0
2019-01-08,137.5,137.51,134.6401,135.88,2531643,0.0
2019-01-09,131.03,132.41,129.5,131.46,3245233,0.0
2019-01-10,130.97,133.15,130.57,132.175,2808266,0.0
2019-01-13,136.64,145,135.38,139.72,6715938,0.0
2019-01-14,139.36,141.65,138.51,141.15,2307000,0.0
2019-01-15,142.36,143.25,141.3682,142.18,1515240,0.0
2019-01-16,141.73,146.04,141.73,145.18,2228404,0.0
2019-01-17,147.52,152.04,147.07,152.01,2989025,0.0
2019-01-21,150.52,151.6554,148.32,149.19,1602657,0.0
2019-01-22,151.43,151.73,147.75,149.86,1357791,0.0
2019-01-23,150,150.26,147.23,148.37,1189146,0.0
2019-01-24,150,152.8104,149.2984,152.05,1585066,0.0
2019-01-27,150.34,150.77,148.62,149.74,1303159,0.0
2019-01-28,149.83,149.93,147.81,148.84,1211038,0.0
2019-01-29,150.14,150.3963,148.23,148.64,1107724,0.0
2019-01-30,148.31,148.9314,146.31,147.825,2097860,0.0
2019-01-31,147.45,147.85,144.36,146.08,1591053,0.0
2019-02-03,145.34,147.45,144.68,146.59,1595851,0.0
2019-02-04,147.55,151.57,146.6807,146.81,1697758,0.0
2019-02-05,146.96,147.2674,143.4704,145.77,1337125,0.0
2019-02-06,144.33,147.35,143.06,147.3238,1485172,0.0
2019-02-07,147.13,150,147,148.39,1159695,0.0
2019-02-10,149.7,151.93,149.28,149.73,1250086,0.0
2019-02-11,150.86,157.55,150.57,157.31,2702407,0.0
2019-02-12,157.935,158.67,154.11,155.295,1677128,0.0
2019-02-13,153.51,156.42,152.35,154.8,1030618,0.0
2019-02-14,155.6,156.23,150.54,150.95,1647579,0.0
2019-02-18,149.18,149.8,145.53,147.41,2160693,0.0
2019-02-19,147.45,149.505,147.0301,148.1,1160204,0.0
2019-02-20,147.47,149.11,147.05,148.12,885123,0.0
2019-02-21,148.7,149.36,147.5,149.21,817066,0.0
2019-02-24,150.12,151.51,148.05,148.52,1051248,0.0
2019-02-25,148.2,151.4,148.1928,150.97,1173240,0.0
2019-02-26,150,152.15,149.0525,150.57,874865,0.0
2019-02-27,150.18,151.23,148.5255,150.43,999632,0.0
2019-02-28,152.56,153.95,150.1901,151.39,1486397,0.0
2019-03-03,152.1,152.89,146.46,147.76,1361195,0.0
2019-03-04,148.07,149.68,147.45,148.89,826976,0.0
2019-03-05,149.6,150.23,147.6625,149.09,770850,0.0
2019-03-06,148.37,148.92,146.4154,147.65,1081329,0.0
2019-03-07,146.01,146.623,141.78,142.4979,2339686,0.0
2019-03-10,143,145.54,142.35,145.33,1971401,0.0
2019-03-11,145.28,146.06,142.67,145.8,1688782,0.0
2019-03-12,146.15,147.71,145.25,145.4,1156942,0.0
2019-03-13,145.09,145.09,141.01,144.18,2105489,0.0
2019-03-14,144.1287,144.6,141.55,141.79,1511200,0.0
2019-03-17,142.2,144.49,141.51,144.31,1151430,0.0
2019-03-18,144.66,146.3048,143.77,144.99,1082279,0.0
2019-03-19,145.42,145.5,142.13,144.34,1037002,0.0
2019-03-20,144.64,149.55,144.54,148.91,1531208,0.0
2019-03-21,145.73,147.63,142.24,143.21,2338254,0.0
2019-03-24,142.91,147.37,141.34,146.53,2362661,0.0
2019-03-25,148.01,148.43,142.8,143.53,2595254,0.0
2019-03-26,144.32,146.86,143.8827,146.77,3903387,0.0
2019-03-27,169.15,171.45,166.1,167.52,13659802,0.0
2019-03-28,165.91,168.3,162.95,163.87,6589057,0.0
2019-03-31,164.76,167.2,163.22,165.41,1671686,0.0
2019-04-01,165.61,166.7,164.0105,165.51,2067644,0.0
2019-04-02,165.6,167.5,163.95,166.12,1733195,0.0
2019-04-03,166.27,171.69,166.15,171.43,2656237,0.0
2019-04-04,172.04,172.9,168.8406,169.37,1806949,0.0
2019-04-07,168.78,170.4,168.36,169.73,1420213,0.0
2019-04-08,169.41,169.8,165.53,167.51,2357756,0.0
2019-04-09,168.3,169.82,166.68,167.5,1490769,0.0
2019-04-10,167.69,168.66,166.93,167.96,1292903,0.0
2019-04-11,168.5,170.68,167.5,169.82,1147975,0.0
2019-04-14,170.69,173.07,170.02,172.02,2191516,0.0
2019-04-15,173,173.3225,168.73,169.27,1718670,0.0
2019-04-16,169.89,171.99,167.93,171.24,1486394,0.0
2019-04-17,171.74,174.64,169.72,173.29,2123881,0.0
2019-04-21,173.2,173.66,172.04,172.99,1066169,0.0
2019-04-22,174.51,177.16,173.03,176.83,2198289,0.0
2019-04-23,177.79,179.495,174.41,178.33,2331400,0.0
2019-04-24,178.34,179.22,176.6132,177.3,1464361,0.0
2019-04-25,177.75,178.04,175.41,177.08,1303103,0.0
2019-04-28,176.61,178.85,176.5,177.52,1502982,0.0
2019-04-29,177.26,177.75,175.625,176.35,1110366,0.0
2019-04-30,176.23,178.2729,175.58,175.67,1052699,0.0
2019-05-01,176.65,177.75,174.81,176.55,1119588,0.0
2019-05-02,176.84,178.98,176.01,178.63,922802,0.0
2019-05-05,175.2,178.22,174.59,177.75,856290,0.0
2019-05-06,177,177.4999,172.1,174.1,1539018,0.0
2019-05-07,173.86,177,172.7924,175.09,822889,0.0
2019-05-08,173.53,174.89,171.28,173.71,1114659,0.0
2019-05-09,173.51,175.11,170.0106,173.68,1009522,0.0
2019-05-12,170,171.13,166.22,167.36,1815944,0.0
2019-05-13,168.54,171.505,167.32,170.69,1142630,0.0
2019-05-14,169.82,173.75,168.85,172.8,1107643,0.0
2019-05-15,173.9,177.06,173.68,176.8,1239489,0.0
2019-05-16,176.49,176.65,172.56,173,1274546,0.0
2019-05-19,171.89,174.86,170.28,174.33,981214,0.0
2019-05-20,174.88,177.27,174.6,176.44,1139469,0.0
2019-05-21,176,176.205,174.53,175.73,772121,0.0
2019-05-22,173.56,174.93,169.99,170.11,1295705,0.0
2019-05-23,171.17,173.24,170.55,172.76,1353084,0.0
2019-05-27,173.11,176.04,173.02,173.52,1385279,0.0
2019-05-28,172.44,172.795,160.88,161.47,4572922,0.0
2019-05-29,161.57,165.2924,161.57,163.82,1640952,0.0
2019-05-30,161.05,165.63,160.8838,165.58,1471177,0.0
2019-06-02,165.83,167.5,162.29,163.98,1148193,0.0
2019-06-03,165.4,169.36,165.02,168.9,1123414,0.0
2019-06-04,170.14,173.82,169.38,173.57,1618798,0.0
2019-06-05,173.51,173.5426,169.71,170.44,1349642,0.0
2019-06-06,171.66,172.8,169.59,172.421,1654488,0.0
2019-06-09,174.34,176.38,170.98,171.35,1802430,0.0
2019-06-10,172.31,173.94,170.305,171.65,1859806,0.0
2019-06-11,171.93,173.445,169.29,170.9703,3396755,0.0
2019-06-12,181.9865,182.89,172.5,174.58,20550546,0.0
2019-06-13,173.04,177.72,171.6048,176.71,6769876,0.0
2019-06-16,177.74,184.68,177.09,183.45,3739937,0.0
2019-06-17,184.99,188.802,184.445,188.09,2667116,0.0
2019-06-18,188.14,189,186.09,186.99,1587520,0.0
2019-06-19,189.2,190.52,185.37,186.51,1986668,0.0
2019-06-20,184.6,184.8,180.85,181.88,3414257,0.0
2019-06-23,182.16,184.31,181.55,182.615,1726800,0.0
2019-06-24,182.64,182.89,175.17,177.26,2318174,0.0
2019-06-25,178.08,180.74,177.03,177.26,1705272,0.0
2019-06-26,177.72,180.6862,177.09,180.1,1141474,0.0
2019-06-27,180.6219,181.1083,178.65,180.295,1329020,0.0
2019-06-30,182.33,183.83,179.31,179.95,1553030,0.0
2019-07-01,179.95,182.7,179.59,180.87,1764041,0.0
2019-07-02,181.51,184.47,180.8,183.93,1009888,0.0
2019-07-04,183.2,183.4621,180.7,183.28,1400881,0.0
2019-07-07,181.86,186.95,181.6,186.82,1447007,0.0
2019-07-08,184.93,186.5,183.9,186.03,1818428,0.0
2019-07-09,187,187.32,183.16,183.87,1382910,0.0
2019-07-10,183.71,184.41,181.6,183.02,1172142,0.0
2019-07-11,185,190.52,184.6101,189.52,2686252,0.0
2019-07-14,189.72,191.44,186.75,189.17,1480371,0.0
2019-07-15,189.32,191.14,187.67,190.24,1213197,0.0
2019-07-16,190.33,190.96,188.99,190.37,717746,0.0
2019-07-17,189.56,190.5,187.1,189.39,1031809,0.0
2019-07-18,190.1,190.5475,187.88,187.96,772997,0.0
2019-07-21,189.46,189.66,186.08,187.74,915922,0.0
2019-07-22,189,189.84,186.71,189.1,992167,0.0
2019-07-23,189.07,192.42,189.0664,192.21,1005243,0.0
2019-07-24,192.95,193.71,190.7,191.25,881634,0.0
2019-07-25,192.25,192.74,189.81,190.61,814423,0.0
2019-07-28,190.67,192.34,188.68,192.08,720246,0.0
2019-07-29,190.98,193.46,189.4641,191.75,1000597,0.0
2019-07-30,191,194.25,189.039,191.09,1147716,0.0
2019-07-31,191.28,192.15,184.07,185.63,1487745,0.0
2019-08-01,184.6,184.89,177.6,178.91,1676570,0.0
2019-08-04,173.6,176.55,172.12,174.48,1926067,0.0
2019-08-05,176.5,180.46,175.82,179.67,1152385,0.0
2019-08-06,177.44,181.59,176.0195,181.37,855462,0.0
2019-08-07,182.6,186.88,182.26,186.35,1201233,0.0
2019-08-08,185.44,185.84,180.94,182.88,840245,0.0
2019-08-11,182,182.05,177.66,178.82,903739,0.0
2019-08-12,177.62,183.72,176.42,179.68,1368967,0.0
2019-08-13,176.05,176.855,174.01,174.6,1186412,0.0
2019-08-14,176.2,176.3484,172.4355,175.34,905064,0.0
2019-08-15,177.51,179.54,176.18,177.75,894992,0.0
2019-08-18,179.95,181.03,177.37,178.67,1054999,0.0
2019-08-19,178.84,180.6,177.24,179.72,927705,0.0
2019-08-20,182,183.53,179.905,183.34,888173,0.0
2019-08-21,183.88,185.12,180.78,184.09,1008942,0.0
2019-08-22,183,184.12,178.83,180.02,1496945,0.0
2019-08-25,182.98,182.98,180.1608,182.29,739686,0.0
2019-08-26,182.95,183.8,179.8,180.07,901447,0.0
2019-08-27,179.25,183.0798,178.53,182.79,811192,0.0
2019-08-28,184.83,187.1999,184.16,186.06,1242711,0.0
2019-08-29,187.48,187.7405,182.585,184.65,1113285,0.0
2019-09-02,183.53,184.26,178.26,179.54,1906670,0.0
2019-09-03,180.65,181.86,179.99,180.7,1811826,0.0
2019-09-04,184,188.95,183.9,188.33,4103692,0.0
2019-09-05,197.79,204.44,197.75,203.16,10098079,0.0
2019-09-08,203.51,203.76,194.06,194.4,3667741,0.0
2019-09-09,194.5,194.5,190.9,193.26,2393467,0.0
2019-09-10,193.02,198.78,192,196.46,2030132,0.0
2019-09-11,198.17,201.55,196.88,198.73,1772384,0.0
2019-09-12,198.8,199.4199,194.86,195.14,1074593,0.0
2019-09-15,193.73,194.91,192.12,193.7,1216323,0.0
2019-09-16,193.5,197.33,193.38,195.5,1104854,0.0
2019-09-17,195.46,197.16,192.65,195.35,1169394,0.0
2019-09-18,195.7,196.06,193.17,193.56,1110818,0.0
2019-09-19,194.08,196.04,189.18,189.26,1784226,0.0
2019-09-22,190.7,195.87,190.7,195.19,2197093,0.0
2019-09-23,196.45,196.79,190.7354,193.94,1839050,0.0
2019-09-24,193.94,195.1,190.57,192.93,1225865,0.0
2019-09-25,192.36,193.93,189.64,191.45,869276,0.0
2019-09-26,192.68,192.96,188.55,189.72,992866,0.0
2019-09-29,190.32,193.41,190.05,192.54,1021577,0.0
2019-09-30,193.41,194.07,191.32,192.67,1101645,0.0
2019-10-01,190.92,191.75,187.12,189.14,1234487,0.0
2019-10-02,188.76,190.3,185.36,190.15,1073992,0.0
2019-10-03,190.45,193.43,189.945,193.11,1825807,0.0
2019-10-06,191.92,193.4,190.81,191.75,1690441,0.0
2019-10-07,190.06,194.24,188.94,191.37,1706895,0.0
2019-10-08,193.85,194.5,192,192.24,1685437,0.0
2019-10-09,192.28,198.22,191.6125,198.12,4426293,0.0
2019-10-10,199.55,202.98,199.55,201.6,4311032,0.0
2019-10-13,201.89,205.11,201.24,203.04,3318228,0.0
2019-10-14,203.4,205.4,202.311,203.94,3704910,0.0
2019-10-15,202.36,203.93,201.67,203.07,2736430,0.0
2019-10-16,204.8,205.65,204.23,205.04,2524175,0.0
2019-10-17,203.7,209.02,203.31,207,4437181,0.0
2019-10-20,206.48,207.6458,203,205.34,1354464,0.0
2019-10-21,206.42,207.17,203.96,204.49,992145,0.0
2019-10-22,204.05,206.42,203.5,205.36,954125,0.0
2019-10-23,205.22,206.88,204.91,206.84,764424,0.0
2019-10-24,206.35,208.06,205,208,923041,0.0
2019-10-27,203.98,207.53,203,205.93,2334790,0.0
2019-10-28,206.13,207.48,204.66,205.57,1119890,0.0
2019-10-29,205.77,206.11,204.3,205.91,1224402,0.0
2019-10-30,205.35,207.4,203.15,204.24,1596413,0.0
2019-10-31,205.18,205.66,199.23,200.72,1462643,0.0
2019-11-03,203.89,204,194.15,196.465,2505925,0.0
2019-11-04,197,197.8899,191.21,194.44,1957974,0.0
2019-11-05,196.98,200.9,194.29,200.87,2299347,0.0
2019-11-06,202,203.55,200.9,202.85,1655206,0.0
2019-11-07,202.58,204.31,202.27,204.13,1239422,0.0
2019-11-10,203.25,207.19,202.69,207.18,1086820,0.0
2019-11-11,207.18,208.74,206.67,207.81,1592453,0.0
2019-11-12,207.59,211.31,206.96,211.12,1514955,0.0
2019-11-13,210.04,213.64,210,213.16,1186854,0.0
2019-11-14,214.31,216.05,212.26,215.92,1269952,0.0
2019-11-17,214.5,219.08,213.914,218.5,1473479,0.0
2019-11-18,217.79,219.97,216.51,216.91,1538668,0.0
2019-11-19,216.84,218.06,215.33,216.9516,1337949,0.0
2019-11-20,216.98,218.9,216.51,216.76,875439,0.0
2019-11-21,218,220,215.11,219.9,1849981,0.0
2019-11-24,222.25,226.66,222,222.15,1734905,0.0
2019-11-25,223.26,225.01,220.25,222.96,1308788,0.0
2019-11-26,223.89,229.65,223.04,228.83,1684262,0.0
2019-11-28,228.735,228.84,225.57,225.69,674848,0.0
2019-12-01,226.25,226.9999,222.81,225.52,1273607,0.0
2019-12-02,222.57,223.99,220.9,223.1,1344259,0.0
2019-12-03,225,226.33,223.48,225.47,1246493,0.0
2019-12-04,227.5,230.82,226.28,230.79,1324558,0.0
2019-12-05,232.56,233.12,229.06,229.4,1690880,0.0
2019-12-08,232.03,233.53,230.23,230.89,1812702,0.0
2019-12-09,231.67,231.7,227.07,229.66,2618890,0.0
2019-12-10,229.9,235.4961,228,233.37,3808778,0.0
2019-12-11,226.25,228.82,218.18,224.49,10779935,0.0
2019-12-12,220.43,225.5,218.8101,223.52,4578453,0.0
2019-12-15,224.88,227.32,223.76,225.34,2430362,0.0
2019-12-16,225.83,226.44,221.455,223.09,2134671,0.0
2019-12-17,223.97,225.6,223.3,224.32,1791986,0.0
2019-12-18,223.85,224.75,222.27,224.13,1486956,0.0
2019-12-19,224.69,230.57,224.3908,230.24,2758945,0.0
2019-12-22,230.8,231.14,227.0701,228.1,1265657,0.0
2019-12-23,228.47,229.41,227.11,229.02,592610,0.0
2019-12-25,229.39,233.4212,229.31,231.12,1730528,0.0
2019-12-26,232.56,232.79,229.76,230.02,1306462,0.0
2019-12-29,229.8,231.75,227.53,230.84,1053580,0.0
2019-12-30,231.14,232,229.67,231.67,842481,0.0
2020-01-01,232.9,233.47,231.765,233.38,1228798,0.0
2020-01-02,231.24,234.5,230.23,232.6,1215149,0.0
2020-01-05,231.49,235.53,230.8,235.44,1345657,0.0
2020-01-06,235.5,236.85,233.34,233.83,1090820,0.0
2020-01-07,234.88,238.01,234.01,237.24,1742702,0.0
2020-01-08,239.22,239.47,235.29,235.9,1060423,0.0
2020-01-09,236.21,236.2777,233.26,234.79,1052222,0.0
2020-01-12,238.57,245.35,238.11,245.31,3579691,0.0
2020-01-13,246.28,247.51,243.45,243.78,1520059,0.0
2020-01-14,245.15,246.0429,243.39,243.49,926835,0.0
2020-01-15,245,245.52,241.79,243.72,1266524,0.0
2020-01-16,245.51,245.73,241.15,241.25,1176165,0.0
2020-01-20,241.43,243.475,240.0005,242.41,2414212,0.0
2020-01-21,243.3,246.02,243.06,244.35,2266409,0.0
2020-01-22,242.62,244.28,241.5,243.05,1543883,0.0
2020-01-23,243.74,245.06,239.2695,240.46,1771526,0.0
2020-01-26,233.8,237.8699,231.84,236.74,1170610,0.0
2020-01-27,238.66,240.19,236.332,239.35,883972,0.0
2020-01-28,240.32,244.33,238.77,243.67,892078,0.0
2020-01-29,241.84,244,240.9,243.77,673877,0.0
2020-01-30,243.48,243.5799,239.3,239.38,1251102,0.0
2020-02-02,240.18,247.7,240.18,246.47,1604503,0.0
2020-02-03,249.85,250.1,247.66,247.99,1251214,0.0
2020-02-04,249.15,249.71,243.555,243.82,1411140,0.0
2020-02-05,244.35,244.53,242.79,243.79,1045599,0.0
2020-02-06,243.77,246.89,242.17,243.59,1001057,0.0
2020-02-09,244.02,249.74,244.02,248.55,1059146,0.0
2020-02-10,249.34,252.385,248.34,251.58,939802,0.0
2020-02-11,252.11,254.1574,250.78,253.88,581723,0.0
2020-02-12,253.41,256.8,252.37,253.76,848377,0.0
2020-02-13,254.68,256,253.15,254.43,874935,0.0
2020-02-17,254.01,259.74,253.66,259.23,1139345,0.0
2020-02-18,261,263.5,259.81,262.51,792775,0.0
2020-02-19,262.93,266.2,258.75,263.48,1474011,0.0
2020-02-20,263,265.1,253.8001,255.97,1499171,0.0
2020-02-23,245.39,247.87,235.69,246.19,1793808,0.0
2020-02-24,248.38,250.4478,237.05,238.67,1458259,0.0
2020-02-25,239.15,244.13,237.04,238.55,1070913,0.0
2020-02-26,230.44,232.48,220.21,220.74,2685353,0.0
2020-02-27,210.44,217.7,208.9,217.58,3520996,0.0
2020-03-01,219.19,229.21,216.486,228.91,2210765,0.0
2020-03-02,229.05,235.42,225.955,226.77,3337607,0.0
2020-03-03,230.54,232.88,221.235,231.61,1642869,0.0
2020-03-04,225.4,227.38,216.15,221.38,2685741,0.0
2020-03-05,213.26,223.35,212.235,218.55,2376216,0.0
2020-03-08,201.19,208.33,194.24,199.73,2019193,0.0
2020-03-09,206.37,206.99,197.1108,204.13,2084727,0.0
2020-03-10,199.39,201.49,191.39,193.76,4064792,0.0
2020-03-11,179.45,180.33,167.331,169.01,3715755,0.0
2020-03-12,178,178,162.3201,176.74,2814316,0.0
2020-03-15,155.49,155.89,138.29,138.48,8780006,0.0
2020-03-16,141.7,156.8,136.0853,144.88,3601694,0.0
2020-03-17,135.12,140.64,128.845,140.31,3253559,0.0
2020-03-18,136.33,162.7799,136.33,154.86,5796978,0.0
2020-03-19,163.51,182.53,162.6,165.01,5125873,0.0
2020-03-22,165.55,180.3565,165.05,172.02,4184159,0.0
2020-03-23,183.25,194.9,180.1,192.91,2653637,0.0
2020-03-24,195.5,202.86,192.43,193.48,3005231,0.0
2020-03-25,197.05,202.84,189.05,200.8,3541365,0.0
2020-03-26,192.8,195.55,184.0555,188.84,3453283,0.0
2020-03-29,188.5,196.96,183.03,193.74,4207546,0.0
2020-03-30,193.53,194.2015,188.19,189.54,1792701,0.0
2020-03-31,181,187.28,181,183.5,1685357,0.0
2020-04-01,182,185.5,177.77,185.5,2221571,0.0
2020-04-02,184.71,184.765,179.1,181.26,2090662,0.0
2020-04-05,188.22,195.7,185.75,194.95,4585648,0.0
2020-04-06,202.48,203.44,194.7,194.87,4052954,0.0
2020-04-07,196.8,200.5,194.33,196.01,1159691,0.0
2020-04-08,199.64,206,198.48,203.63,1795864,0.0
2020-04-12,202.76,203.44,197.66,199.0566,1884505,0.0
2020-04-13,203.72,206.77,201.58,205.18,3154809,0.0
2020-04-14,200.2,208.5,199.6,207.9409,5279778,0.0
2020-04-15,210,214.425,207.68,209.19,7652403,0.0
2020-04-16,215.25,226.42,213.52,226,8498172,0.0
2020-04-19,222.793,224.51,216.79,218.69,5651672,0.0
2020-04-20,215,216.55,206.5,206.74,7946486,0.0
2020-04-21,210.91,214.22,210.01,212.065,2899345,0.0
2020-04-22,212.39,216.72,210.42,211.65,4205589,0.0
2020-04-23,213.76,216.5,212.1,214.55,4067753,0.0
2020-04-26,217.6,227.87,216.38,226.83,4002137,0.0
2020-04-27,231.3,231.95,224.1901,224.585,1269410,0.0
2020-04-28,229.84,237.49,227.51,232.43,1287000,0.0
2020-04-29,229.72,231.55,223.5,223.52,2654052,0.0
2020-04-30,219.11,220.46,216.2,218.69,1617007,0.0
2020-05-03,215.08,218.84,213.97,218.55,1996368,0.0
2020-05-04,221.72,222,216.1835,218.21,1226235,0.0
2020-05-05,218.99,225,218.97,223.11,2348104,0.0
2020-05-06,224.53,228.59,220.57,226.21,3042194,0.0
2020-05-07,229,238.32,228.5001,237.9,1950518,0.0
2020-05-10,237.57,246.84,234.53,245.79,3554184,0.0
2020-05-11,247.07,248.75,242.34,242.6,1777281,0.0
2020-05-12,242.25,243.1,225.89,229.28,4301814,0.0
2020-05-13,226.56,237.74,225.81,237.57,2738464,0.0
2020-05-14,234.89,247.54,234.01,246.96,3284100,0.0
2020-05-17,253.7328,259.61,252.03,255.65,1747214,0.0
2020-05-18,256.89,257.38,251.03,251.4,1299078,0.0
2020-05-19,256.1,259.6,255.18,258.27,2037674,0.0
2020-05-20,259.37,268.265,257.565,267.53,1720293,0.0
2020-05-21,268.7,277.02,267.02,276.83,1996971,0.0
2020-05-25,282.55,284.92,279.31,281.5,1761411,0.0
2020-05-26,281.38,282.9,271.6,281.61,2041165,0.0
2020-05-27,281.47,291.31,277.52,284.42,4352744,0.0
2020-05-28,285.91,301.49,284.1502,300.16,3558164,0.0
2020-05-31,299.77,310.22,297.25,308.82,2265953,0.0
2020-06-01,305.51,314.87,302.0101,312.49,5314462,0.0
2020-06-02,313.06,324.7,312.5001,323.7,2662849,0.0
2020-06-03,321.5,323.52,313.5,317.46,5269908,0.0
2020-06-04,319.16,323.8,317,319.5,4439474,0.0
2020-06-07,322.06,322.625,312.73,315.21,4941375,0.0
2020-06-08,313.2,318.9,307.8,316.2,4548304,0.0
2020-06-09,318.6,324.76,316.5401,323.24,1590587,0.0
2020-06-10,314.37,321.1,306.63,308.5047,5521758,0.0
2020-06-11,302.84,308.38,295.5211,295.6121,3126661,0.0
2020-06-14,289.17,303.25,288.61,303.05,2129127,0.0
2020-06-15,310.79,312.802,303.27,310.62,1998220,0.0
2020-06-16,313,313.83,302.57,303.69,1551462,0.0
2020-06-17,303.99,305.66,299,302.98,2923630,0.0
2020-06-18,306.98,307.01,295.29,297.63,2972174,0.0
2020-06-21,298.01,306.57,293.85,304.7899,1497597,0.0
2020-06-22,308.01,310.2136,300.73,301.21,1233849,0.0
2020-06-23,299.48,303.15,290.52,295.4,1462620,0.0
2020-06-24,294.3,295.26,288.5,295.12,1145724,0.0
2020-06-25,293.8,295.1,288.11,289.66,1144853,0.0
2020-06-28,290.11,295.67,284.29,294.35,1543887,0.0
2020-06-29,305,318.3236,304.2,312.14,5287934,0.0
2020-06-30,314.5,316.99,306.355,308.62,1698383,0.0
2020-07-01,312.15,312.5917,302.4954,304.67,1747969,0.0
