Date,Open,High,Low,Close,Volume,OpenInterest
2016-07-11,150,152.51,148.83,151.1,438000,0.0
2016-07-12,151.96,151.96,148.69,149.295,190296,0.0
2016-07-13,150.61,151.13,148.74,149.14,273510,0.0
2016-07-14,148.77,149.96,147.33,148.43,392077,0.0
2016-07-17,149.11,149.65,147.35,148.62,203540,0.0
2016-07-18,147.8,149.23,147.76,148.6,139335,0.0
2016-07-19,149.82,152.37,148.73,152.37,328222,0.0
2016-07-20,152.37,153.84,151.09,153.41,361190,0.0
2016-07-21,153.25,155.84,152.45,154.19,468009,0.0
2016-07-24,153.24,154.029,151.34,151.55,183579,0.0
2016-07-25,152.13,152.99,150.68,151.4,198582,0.0
2016-07-26,151.86,152.18,149.38,151.4,149161,0.0
2016-07-27,151.5,152.29,149.98,151.99,160799,0.0
2016-07-28,151.97,153.41,150.21,153.35,114107,0.0
2016-07-31,153.12,154.445,152.56,153.01,240535,0.0
2016-08-01,152.93,153.23,148.71,151.43,225065,0.0
2016-08-02,150.75,152.33,149.6,151.18,124432,0.0
2016-08-03,151.63,152.73,149.97,152.38,576918,0.0
2016-08-04,156.4,174.275,155,172.92,1137655,0.0
2016-08-07,173.63,173.9,170.27,173.72,531864,0.0
2016-08-08,172.48,173.6656,168,170.15,612812,0.0
2016-08-09,170.51,170.61,169.29,169.57,238051,0.0
2016-08-10,170.64,171.4,168.69,169.8,255930,0.0
2016-08-11,169.51,170.39,168.585,168.82,221686,0.0
2016-08-14,170.09,172.43,169.64,170.14,296426,0.0
2016-08-15,169.85,169.9599,167.31,168.2,296934,0.0
2016-08-16,168.71,168.71,165.95,166.97,551542,0.0
2016-08-17,167.05,168.74,166.37,167.07,485853,0.0
2016-08-18,166.66,169.47,165.78,167.68,141542,0.0
2016-08-21,166.79,166.88,164.54,166.84,270799,0.0
2016-08-22,168.38,168.38,165.42,166.73,514712,0.0
2016-08-23,167,167.2,164.95,166.03,337039,0.0
2016-08-24,165.51,167.53,165.01,166.58,252664,0.0
2016-08-25,166.91,167.9,166.04,166.92,309513,0.0
2016-08-28,167.01,168.4,166.11,166.57,398693,0.0
2016-08-29,167.55,167.65,166.19,166.9,254428,0.0
2016-08-30,167.42,173.17,166.71,171.985,711508,0.0
2016-08-31,172.65,173.82,171.16,173.8,372887,0.0
2016-09-01,178.17,188.13,176.92,186.16,1396851,0.0
2016-09-05,187.7,188.52,185.43,186.29,360305,0.0
2016-09-06,186.31,187.205,181.8999,181.95,389046,0.0
2016-09-07,182.22,183.5,181.21,183.18,593268,0.0
2016-09-08,181.86,183.18,178.7,179.18,429763,0.0
2016-09-11,178,179.9,175.44,179.5,217375,0.0
2016-09-12,178.76,178.76,175.33,176.89,129687,0.0
2016-09-13,176.54,178.63,172.01,172.01,471881,0.0
2016-09-14,173.12,175.55,171.65,174.61,296971,0.0
2016-09-15,174.61,177.35,174.03,177.31,277431,0.0
2016-09-18,178.73,180.29,177,178.94,290786,0.0
2016-09-19,180.11,180.98,178.16,179.25,234015,0.0
2016-09-20,180.5,187.425,179.25,186.67,474692,0.0
2016-09-21,188.35,191.73,187.58,191.44,395663,0.0
2016-09-22,191.44,191.7579,186.63,187.03,234890,0.0
2016-09-25,186.9,188.03,184.59,186.83,216861,0.0
2016-09-26,186.43,188.37,186.14,187.49,117074,0.0
2016-09-27,187.51,188.4242,184.36,187.461,129114,0.0
2016-09-28,186.62,187.61,183.66,183.75,184718,0.0
2016-09-29,185.31,185.68,183.245,184.96,131774,0.0
2016-10-02,185.45,189.35,184,186.19,200050,0.0
2016-10-03,186.08,187.64,182.91,184.42,171290,0.0
2016-10-04,185.41,186.8,184.23,186.49,139308,0.0
2016-10-05,186.74,188.11,185.5701,186.3897,168630,0.0
2016-10-06,187.08,190.2275,186.04,189.79,271263,0.0
2016-10-09,191.61,193.58,188.75,189.12,328698,0.0
2016-10-10,185.45,186.23,182.25,184.35,304735,0.0
2016-10-11,184.05,184.31,182.12,183.15,219811,0.0
2016-10-12,171.11,174.37,166.64,168.46,1747018,0.0
2016-10-13,168.21,170,166,167.33,2442158,0.0
2016-10-16,167.47,169.49,166.85,167.92,598031,0.0
2016-10-17,170.91,170.98,167.2,167.48,449307,0.0
2016-10-18,168.62,170.19,166.1,169.35,687862,0.0
2016-10-19,168.21,171.88,167.9,171.29,678711,0.0
2016-10-20,169.67,174.11,169.01,173.93,507203,0.0
2016-10-23,175.18,175.78,171.51,172.82,275312,0.0
2016-10-24,173.15,173.57,170.84,171.04,207649,0.0
2016-10-25,169.62,172.085,168.77,170.65,294650,0.0
2016-10-26,171.74,173.135,168.01,169.43,311268,0.0
2016-10-27,168.57,170.03,165.62,168.18,438544,0.0
2016-10-30,169.15,169.15,165.95,167.97,317270,0.0
2016-10-31,167.31,170.7699,166.64,170,610713,0.0
2016-11-01,169.05,169.99,166.16,166.51,436509,0.0
2016-11-02,167.15,168.4,164.67,165.88,598274,0.0
2016-11-03,172,172.06,166.08,166.92,1076539,0.0
2016-11-06,170.21,170.88,167.89,169.26,402092,0.0
2016-11-07,169.77,176.1,169.4,174.83,400523,0.0
2016-11-08,166.9,174.23,166.78,172.75,557683,0.0
2016-11-09,174.71,175.685,161.62,162.72,860876,0.0
2016-11-10,160.58,161.49,150.64,155.96,1587056,0.0
2016-11-13,155.96,158.3899,150.14,153.73,1118057,0.0
2016-11-14,155.39,159.76,154.02,155.71,655781,0.0
2016-11-15,153.93,158.84,152.95,156.77,434201,0.0
2016-11-16,156.98,160,156.48,157.27,292424,0.0
2016-11-17,156.75,160.62,156.2655,157.62,288985,0.0
2016-11-20,159.21,161.85,157.85,160.73,382915,0.0
2016-11-21,162,165.32,160,165.15,620679,0.0
2016-11-22,164.5,167.12,164.02,166.75,518011,0.0
2016-11-24,168.39,168.4,160.41,163.14,304838,0.0
2016-11-27,163,164.58,161.26,161.85,430408,0.0
2016-11-28,161.42,164.19,160.63,162.9,380319,0.0
2016-11-29,162.77,163.86,156.0805,157.88,783437,0.0
2016-11-30,157.48,160.105,148.98,151.23,728489,0.0
2016-12-01,151.73,154.54,151,152.56,463597,0.0
2016-12-04,152,158.87,152,157.95,776583,0.0
2016-12-05,159.45,159.45,156.32,157.55,564045,0.0
2016-12-06,162,167.09,161.5,165.62,585129,0.0
2016-12-07,165.37,168.14,158.88,159.85,459241,0.0
2016-12-08,161.49,162.66,157.5,158.61,660821,0.0
2016-12-11,158.37,158.51,152.24,153.7,389306,0.0
2016-12-12,154.18,158.88,154.0793,156.67,303858,0.0
2016-12-13,156.66,159.85,156.391,157.7,230933,0.0
2016-12-14,158.74,161.41,158.01,159.25,296107,0.0
2016-12-15,159.13,159.87,154.51,154.97,244770,0.0
2016-12-18,155.74,155.95,152.78,153,248977,0.0
2016-12-19,154.18,154.18,150.29,152.89,514866,0.0
2016-12-20,153.62,154.97,151.73,154.4,184522,0.0
2016-12-21,153.93,158.72,152.9093,156.45,328792,0.0
2016-12-22,157.04,158.4589,154.72,156.66,121881,0.0
2016-12-26,156.75,160.71,156.1,158.5,266449,0.0
2016-12-27,158.18,158.489,155.42,155.62,234615,0.0
2016-12-28,155.37,158.94,154.92,158.52,229277,0.0
2016-12-29,158.88,158.88,155.82,156.14,171424,0.0
2017-01-02,158.91,162.77,157.95,161.15,413756,0.0
2017-01-03,162.24,165.88,160.69,165.82,453188,0.0
2017-01-04,166.72,172.79,166.06,171.29,721707,0.0
2017-01-05,171.16,173,171.16,172.16,317909,0.0
2017-01-08,172.61,175.56,172.61,174.11,361426,0.0
2017-01-09,174.89,178.86,173.955,177.7,390000,0.0
2017-01-10,178.35,180.72,174.19,176.75,405740,0.0
2017-01-11,176.75,177.51,173.03,173.19,239423,0.0
2017-01-12,173.12,176.9,173.12,176.43,229578,0.0
2017-01-16,177.01,178.71,174.78,178.05,623116,0.0
2017-01-17,178.41,178.869,174.63,175.26,259276,0.0
2017-01-18,175.51,176.6037,174.33,174.9,200394,0.0
2017-01-19,175.77,176.41,172.85,176.12,343651,0.0
2017-01-22,176.8,179.89,176.33,178.68,351221,0.0
2017-01-23,179.22,183.71,178.99,183.31,380971,0.0
2017-01-24,184.13,185.79,181.93,183.38,179659,0.0
2017-01-25,184.09,184.97,181.2205,183.37,108036,0.0
2017-01-26,183.56,183.65,181.72,182.62,119273,0.0
2017-01-29,183.9,185.5,180.22,185.11,253457,0.0
2017-01-30,184.1,186.19,183.44,185.39,235746,0.0
2017-01-31,185.23,189.06,183.18,188.58,296731,0.0
2017-02-01,188.58,191.77,187,188.62,334413,0.0
2017-02-02,190.17,190.95,189.04,190.01,133481,0.0
2017-02-05,189.16,191.982,189.15,191.73,170273,0.0
2017-02-06,192.13,193.685,190.44,191.6,232935,0.0
2017-02-07,191.87,193.23,190.47,191.85,199187,0.0
2017-02-08,191.23,193.44,190.58,191.8,259803,0.0
2017-02-09,191.75,195.47,191.19,195.28,386664,0.0
2017-02-12,196,196.945,194.41,195.11,269298,0.0
2017-02-13,194.5,197.78,192.66,197.08,246828,0.0
2017-02-14,196.86,200.63,196.11,199.935,261842,0.0
2017-02-15,200.27,201.235,196.8,197.88,180952,0.0
2017-02-16,196.17,199.75,196.17,198.43,267487,0.0
2017-02-20,200.43,200.43,196.88,198.54,547366,0.0
2017-02-21,198.41,200.98,196.755,200.41,283307,0.0
2017-02-22,202.41,202.41,196.6,199.95,463842,0.0
2017-02-23,201,207.79,190.07,207.78,801552,0.0
2017-02-26,208.03,208.83,204.145,208.09,376603,0.0
2017-02-27,207.78,210.87,205.875,210.87,354560,0.0
2017-02-28,213,216.7,210.03,211.38,427322,0.0
2017-03-01,210.66,212.22,208.75,208.75,168287,0.0
2017-03-02,209.13,213.03,207.06,212.76,215568,0.0
2017-03-05,212.82,213.67,209.18,210.96,234515,0.0
2017-03-06,210.22,214.06,209.735,211.3,300112,0.0
2017-03-07,210.57,212.2875,208.6001,209.15,196558,0.0
2017-03-08,209.16,212.41,208.71,209.38,203052,0.0
2017-03-09,211.02,211.75,209.01,211.28,199180,0.0
2017-03-12,211.8,213.24,210,212.89,334184,0.0
2017-03-13,212.8,213.875,209.55,212.24,231075,0.0
2017-03-14,213.01,215.35,210.91,214.99,229813,0.0
2017-03-15,215.72,215.96,211.48,211.58,255692,0.0
2017-03-16,211.66,212.6675,209.57,211.23,348949,0.0
2017-03-19,212.73,218.75,211.685,216.1,331287,0.0
2017-03-20,217.53,218.645,205.34,205.7,487329,0.0
2017-03-21,205.77,210.48,203.36,209.64,291772,0.0
2017-03-22,209.03,211.61,206.03,208.18,431105,0.0
2017-03-23,208.18,213.09,208.18,210.86,318586,0.0
2017-03-26,209.3,213.19,207.4783,211.57,220139,0.0
2017-03-27,212.57,212.95,211.08,211.51,196711,0.0
2017-03-28,213.13,216.7,212.28,216.12,279071,0.0
2017-03-29,217.06,217.125,212.05,212.61,229457,0.0
2017-03-30,213.05,213.52,211.21,211.49,244488,0.0
2017-04-02,210.78,221.98,210.78,219.96,783272,0.0
2017-04-03,220.01,221.72,215.7,215.89,357281,0.0
2017-04-04,216.35,218.78,214.94,215.28,298650,0.0
2017-04-05,215.1,218.96,214.645,217.72,357493,0.0
2017-04-06,217.53,220,217.0201,219.13,257240,0.0
2017-04-09,220.01,220.16,217.56,219.06,163729,0.0
2017-04-10,219.06,220.489,216.34,219.78,176645,0.0
2017-04-11,219.92,221.35,215.66,216.31,482457,0.0
2017-04-12,216.79,217.57,214,215.46,310867,0.0
2017-04-16,218.07,220.52,216,220.52,423890,0.0
2017-04-17,220,220.3799,217.21,217.83,101427,0.0
2017-04-18,218.24,220.5,217.39,218.83,195219,0.0
2017-04-19,220.93,226.21,219.58,223.41,227492,0.0
2017-04-20,223.9,225,222.01,223.895,166787,0.0
2017-04-23,225.59,227.32,223.91,225.93,180425,0.0
2017-04-24,227.03,231.44,225.81,230.635,581564,0.0
2017-04-25,229.67,230.49,226.18,228.28,311633,0.0
2017-04-26,230.81,234.66,229.66,230.21,260784,0.0
2017-04-27,232.29,232.29,228.51,228.9,133689,0.0
2017-04-30,230.59,235.87,229.09,235,245997,0.0
2017-05-01,235.49,237.5499,230.5,234.76,205654,0.0
2017-05-02,234.13,237,230.2101,234.97,282213,0.0
2017-05-03,235.68,241.33,234.0801,236.5,412645,0.0
2017-05-04,256.49,275.55,254.25,275.55,1383023,0.0
2017-05-07,275,276.97,273.03,275.18,476568,0.0
2017-05-08,275,283.68,273.5,281.45,428722,0.0
2017-05-09,284.59,284.7,278.165,282.02,557539,0.0
2017-05-10,283.6,284.95,277.33,280.605,823411,0.0
2017-05-11,282.01,292.34,282.01,287.15,386497,0.0
2017-05-14,289.79,296.33,288.503,296.31,460672,0.0
2017-05-15,290.6,297.95,287.07,297.2,442595,0.0
2017-05-16,290.52,293,277.85,278.54,811048,0.0
2017-05-17,250.72,275.89,248.2,270.805,2154200,0.0
2017-05-18,277.06,279.79,271.16,272.49,483323,0.0
2017-05-21,275.5,280.69,273.65,275.21,510268,0.0
2017-05-22,277.18,282.24,275.54,281.8,357216,0.0
2017-05-23,282.8,288.01,279.59,286.2,451732,0.0
2017-05-24,289.06,295.5,286.03,292.42,432910,0.0
2017-05-25,294.49,295.23,286.38,286.74,382749,0.0
2017-05-29,288,288.44,276.891,279.92,603681,0.0
2017-05-30,281.64,283,272.675,275.04,614875,0.0
2017-05-31,277.01,280.98,272.11,280.53,404212,0.0
2017-06-01,279.99,282.72,277.5,280.37,264498,0.0
2017-06-04,277.43,281.1,276,278.9,253773,0.0
2017-06-05,278.5,285.51,277.0201,280.05,353077,0.0
2017-06-06,281.03,287.41,280.62,285.25,290566,0.0
2017-06-07,288.11,289.65,282.06,288.12,354507,0.0
2017-06-08,289.49,293.33,268.43,274.96,471515,0.0
2017-06-11,273.97,274.912,264.25,270.32,599237,0.0
2017-06-12,266.95,275.635,265.025,272.99,385674,0.0
2017-06-13,273.87,274.97,264.77,265,408832,0.0
2017-06-14,261.07,264.1,255.15,263.22,693913,0.0
2017-06-15,263.05,266.98,260.91,263.61,513571,0.0
2017-06-18,268.35,275.53,267.91,274.23,416975,0.0
2017-06-19,274.34,275.64,270,271.27,376695,0.0
2017-06-20,268.44,277.4,264.81,277.1,432543,0.0
2017-06-21,277.36,280.34,272.6,275.68,434236,0.0
2017-06-22,271.28,277.73,268.59,275.23,356016,0.0
2017-06-25,276.09,278.69,267.7,268.01,292224,0.0
2017-06-26,265.59,265.59,255.66,255.78,523679,0.0
2017-06-27,260,263.23,250.34,262.14,696311,0.0
2017-06-28,259.85,262.7,247.48,252.43,548669,0.0
2017-06-29,254.1,254.48,249.127,250.89,325334,0.0
2017-07-02,254.03,254.97,248.53,250.87,162831,0.0
2017-07-04,250.39,253.83,246.2,248.98,591692,0.0
2017-07-05,246.01,252.29,245.5,251.01,437972,0.0
2017-07-06,252.24,257.9,252.18,255.67,435653,0.0
2017-07-09,256.99,261.47,253.15,259.82,422457,0.0
2017-07-10,258.57,263.39,256.465,262.38,402778,0.0
2017-07-11,267.54,274.69,266.065,274.35,572181,0.0
2017-07-12,273.4,276,269.8,271.68,404514,0.0
2017-07-13,273.41,274.17,268.5881,273.52,352630,0.0
2017-07-16,274,278.9999,272.76,276.12,573522,0.0
2017-07-17,275,281.1,273.3033,280.11,352816,0.0
2017-07-18,280,281.4799,278.23,280.69,384144,0.0
2017-07-19,281.09,284.01,279.3255,282,366726,0.0
2017-07-20,281.2,282.1,279.18,280.16,294798,0.0
2017-07-23,280.97,283.26,280.4,282.38,321332,0.0
2017-07-24,281.51,282.5,275.9,279.26,545273,0.0
2017-07-25,279.63,286.03,278.51,286.03,555566,0.0
2017-07-26,287,290.992,280.05,286.63,1231529,0.0
2017-07-27,285.9,290.79,284.6083,288.88,612498,0.0
2017-07-30,291.44,292.9,286.37,288.45,579132,0.0
2017-07-31,288.51,290.74,287.89,288.95,669059,0.0
2017-08-01,293.69,293.8645,281.39,286.6,700493,0.0
2017-08-02,287,293.21,286.77,292.58,604846,0.0
2017-08-03,262.3,272.09,258.12,260.29,3654048,0.0
2017-08-06,258.06,265.5,252.85,256.27,1234759,0.0
2017-08-07,256.17,259.17,251.05,251.92,633448,0.0
2017-08-08,249.6,252.15,245.12,251.52,971733,0.0
2017-08-09,250,251.43,232.17,232.63,1563854,0.0
2017-08-10,234.17,240.885,232.63,240.15,1053808,0.0
2017-08-13,243.2,243.2,234.55,236.97,665410,0.0
2017-08-14,237.17,237.93,234.6,236.17,423744,0.0
2017-08-15,238.89,242.65,236.71,241.86,458156,0.0
2017-08-16,240.4,242.065,233.95,234.16,615343,0.0
2017-08-17,234.09,238.4399,232.72,236.14,502741,0.0
2017-08-20,235.29,242.64,235.29,242.06,523181,0.0
2017-08-21,241.96,244.8202,241.75,243.3,615360,0.0
2017-08-22,242,244.79,241.37,243.67,238228,0.0
2017-08-23,244.57,245.17,240.6354,243.62,418561,0.0
2017-08-24,249.84,249.95,244.875,246.59,540888,0.0
2017-08-27,246.67,248.28,241.67,242.53,325551,0.0
2017-08-28,240,243.75,238.25,240.83,493671,0.0
2017-08-29,242.31,247.13,240.15,246.87,825968,0.0
2017-08-30,248.99,259.4,247.29,258.46,664251,0.0
2017-08-31,258.01,258.73,251.37,251.93,397399,0.0
2017-09-04,252.6,257.76,251.51,256.63,453957,0.0
2017-09-05,257.67,259.35,251.92,258.1,365307,0.0
2017-09-06,258.92,260.95,256.16,258.68,328688,0.0
2017-09-07,258.21,262.25,258.21,260.08,255764,0.0
2017-09-10,265.08,286.66,265.07,285.22,973710,0.0
2017-09-11,284.17,295.68,281.88,290.79,841309,0.0
2017-09-12,290,293.31,287.57,292.22,272274,0.0
2017-09-13,290.57,292.44,287.54,287.94,347360,0.0
2017-09-14,287.51,289.425,281.28,282.56,396440,0.0
2017-09-17,282.95,290.97,281.75,289.83,476212,0.0
2017-09-18,289.19,290.25,285,289.96,362262,0.0
2017-09-19,289.33,296.35,287.06,290.17,570013,0.0
2017-09-20,291.3,291.85,279.605,281.84,449266,0.0
2017-09-21,280.07,283.68,279.27,279.46,396000,0.0
2017-09-24,279.73,279.82,262.23,270.2,846421,0.0
2017-09-25,271.51,273.66,265.11,269.27,416970,0.0
2017-09-26,270.08,275.29,266.84,267.18,351082,0.0
2017-09-27,266.16,268.88,260.07,261.99,432258,0.0
2017-09-28,263.6,265.9,257.84,258.93,510151,0.0
2017-10-01,258.92,266.98,258.92,263.56,464148,0.0
2017-10-02,262.57,264.61,256.27,264.36,514428,0.0
2017-10-03,264.36,270.97,260.01,263.8,531488,0.0
2017-10-04,265.68,271.535,263.83,270.29,312678,0.0
2017-10-05,268.35,272.71,265.03,268.7,320329,0.0
2017-10-08,268.82,272.25,268,269.87,301276,0.0
2017-10-09,272.23,276.0454,269.37,273.65,441627,0.0
2017-10-10,274.15,275.91,272.06,274.49,432187,0.0
2017-10-11,259,260,241.71,246.25,2525515,0.0
2017-10-12,245.87,251.18,241.505,244.86,1022884,0.0
2017-10-15,245.11,248.9,228.74,233.02,1800985,0.0
2017-10-16,232.17,237.51,230.87,234.79,883594,0.0
2017-10-17,240.06,243.8,237.22,242.41,1000876,0.0
2017-10-18,241.91,241.91,233.2,236,699557,0.0
2017-10-19,237,237.65,233.8,235.72,608491,0.0
2017-10-22,227.56,232.5,223.22,226.56,997114,0.0
2017-10-23,226.5,230.85,222.1,225.45,842376,0.0
2017-10-24,224.45,228.13,217.06,221.57,643868,0.0
2017-10-25,226.3,230,222.74,228.99,862628,0.0
2017-10-26,231.4,238.82,228.97,235.96,670477,0.0
2017-10-29,232.02,237.5,229.63,234.76,516819,0.0
2017-10-30,236.24,240.93,233.505,240.38,293600,0.0
2017-10-31,242.5,243.89,233.58,239.02,510230,0.0
2017-11-01,240.48,240.48,234.67,236.41,617180,0.0
2017-11-02,256.25,273.78,251.9703,267.33,2167893,0.0
2017-11-05,265.63,274.45,263.06,268.795,586082,0.0
2017-11-06,269.31,269.35,259.51,265.63,463442,0.0
2017-11-07,264.01,268,259.01,260.09,328051,0.0
2017-11-08,253.98,268.6,250.83,266.46,1023689,0.0
2017-11-09,264.6,273.82,261.54,271,661311,0.0
2017-11-12,265.23,273.675,262.74,267.02,385646,0.0
2017-11-13,264.39,267.07,259.175,262.58,296703,0.0
2017-11-14,260.3,266.96,258.06,263.56,250832,0.0
2017-11-15,263.49,267.88,259.1,262.44,565484,0.0
2017-11-16,265.17,270.6,259.12,269.58,508190,0.0
2017-11-19,268.6,271.98,263.57,265.79,368635,0.0
2017-11-20,266.5,270.36,265.84,268.759,287290,0.0
2017-11-21,267.74,269.007,263.43,265.85,225628,0.0
2017-11-23,265.76,272.61,265.335,271.18,195595,0.0
2017-11-26,272.38,277.89,271.02,272.61,477621,0.0
2017-11-27,270.79,272.16,263.71,269.84,379764,0.0
2017-11-28,269.73,272.42,266.21,267.93,643080,0.0
2017-11-29,271.44,276.48,270.36,275.32,530136,0.0
2017-11-30,273.54,282.55,270.5001,272.97,551263,0.0
2017-12-03,275,281.35,271.52,271.76,691237,0.0
2017-12-04,272.8,278.69,269.77,270.81,626989,0.0
2017-12-05,269.8,274.39,267.01,272.26,421882,0.0
2017-12-06,271.46,273.72,268.9,272.68,257503,0.0
2017-12-07,275.41,280.64,273.201,276.49,345449,0.0
2017-12-10,276.05,289.28,276,288.81,572106,0.0
2017-12-11,286.43,298.8,285.14,295.06,763611,0.0
2017-12-12,310.55,321.54,307.53,318.99,1437961,0.0
2017-12-13,316.1,329,314.61,321.08,704166,0.0
2017-12-14,322.91,323.71,315.25,318.99,554074,0.0
2017-12-17,322.81,329.06,319.79,326.05,382206,0.0
2017-12-18,326.03,334.99,322.57,329.27,585050,0.0
2017-12-19,317.5,322.99,311.04,314.94,1076690,0.0
2017-12-20,314.28,321.355,314.28,318.49,288641,0.0
2017-12-21,318.94,320.28,313.11,314.58,355556,0.0
2017-12-25,314.35,323.35,313.4,318.49,421195,0.0
2017-12-26,318.6,320.785,315,318.985,460156,0.0
2017-12-27,319.4,322.48,314.11,315.61,321254,0.0
2017-12-28,314.49,318.21,312.69,314.7,313151,0.0
2018-01-01,317.49,322.635,316.99,322.58,248381,0.0
2018-01-02,324.67,329.97,322.5,329.24,339110,0.0
2018-01-03,329.89,332.94,322.55,325.88,299970,0.0
2018-01-04,329.2,336.485,328.595,330.64,389591,0.0
2018-01-07,328.12,341.47,327.66,340.5,272992,0.0
2018-01-08,343.29,344.18,336,337.38,190817,0.0
2018-01-09,336.12,339.98,333.23,339.59,543419,0.0
2018-01-10,341.11,343.19,336.67,342.01,222814,0.0
2018-01-11,342.63,344.52,338.01,342.47,243547,0.0
2018-01-15,345.94,348.17,339.0673,339.82,274483,0.0
2018-01-16,342.66,345.9199,340.28,340.45,255013,0.0
2018-01-17,340.45,347.28,338.41,341.88,460489,0.0
2018-01-18,340.94,345.86,340,345.32,231727,0.0
2018-01-21,355.5,355.66,343.35,352.27,318128,0.0
2018-01-22,354.08,356.8107,353.14,355.31,323874,0.0
2018-01-23,362.61,363.76,347.2,355.6,374015,0.0
2018-01-24,359,360.52,352.48,359.93,432085,0.0
2018-01-25,365.12,383.69,365.12,381.31,742081,0.0
2018-01-28,382.1,395.665,382.04,390.37,872355,0.0
2018-01-29,385.88,387.02,375.02,386.5,515002,0.0
2018-01-30,386.15,392,384.07,387.099,241977,0.0
2018-01-31,385.75,387.895,377.55,378.78,279105,0.0
2018-02-01,377.04,379.94,367.001,368.24,389071,0.0
2018-02-04,363.1,374.455,351.9,351.91,435305,0.0
2018-02-05,345.09,358.35,336.66,350.32,828309,0.0
2018-02-06,348.1,357.97,343.12,343.64,520569,0.0
2018-02-07,346.71,350.53,337.62,345.32,756192,0.0
2018-02-08,348.68,358.19,320.2,335.8,1267834,0.0
2018-02-11,339.07,366.29,339.07,353.44,847868,0.0
2018-02-12,352.62,367.7,351.44,366.51,402021,0.0
2018-02-13,361.82,378.75,361.82,375.73,296775,0.0
2018-02-14,381.01,383.26,367.34,379.01,385568,0.0
2018-02-15,377.21,380.22,369.675,369.87,307679,0.0
2018-02-19,368.99,376.2,366.85,375.78,381757,0.0
2018-02-20,380,383.5625,372.61,373.06,342577,0.0
2018-02-21,376,379.95,366.96,369.49,542808,0.0
2018-02-22,359.89,390.55,356.09,387.25,1509367,0.0
2018-02-25,388.66,392.92,381.02,392.56,636034,0.0
2018-02-26,392.56,397.88,373.02,375.43,742989,0.0
2018-02-27,388.47,399.34,380.64,387.96,715931,0.0
2018-02-28,388.69,390.6,378.92,385.45,332983,0.0
2018-03-01,381.31,389.18,372.24,389.18,416418,0.0
2018-03-04,387.61,395.96,382.98,390.9,480537,0.0
2018-03-05,394.91,411.705,393.005,410.25,630379,0.0
2018-03-06,408.26,411.75,397.31,407.86,382770,0.0
2018-03-07,391.6,406,389.0622,397.09,730982,0.0
2018-03-08,401.62,415.659,400,413.73,369907,0.0
2018-03-11,414.81,415.715,401.18,410.13,418305,0.0
2018-03-12,413.41,417.91,402.31,406.22,379453,0.0
2018-03-13,406.74,412.17,402.4101,405.2,211489,0.0
2018-03-14,394.52,397.78,386.24,387.025,506959,0.0
2018-03-15,389.04,390.573,373.35,378.45,504644,0.0
2018-03-18,374.74,383.95,363.545,366.57,623447,0.0
2018-03-19,368.39,371.495,355.51,364.71,469217,0.0
2018-03-20,364.88,366.13,358.66,361.77,328118,0.0
2018-03-21,356.12,358.45,344.49,350.71,531053,0.0
2018-03-22,350,353.47,340.01,344.73,405842,0.0
2018-03-25,352.35,354.39,342.5801,353.501,331749,0.0
2018-03-26,356.02,363.39,348.91,352.35,1130330,0.0
2018-03-27,351.48,358.43,335.13,341.45,625707,0.0
2018-03-28,342,357.56,338.26,356.37,363600,0.0
2018-04-01,348.26,355.09,343.69,347.21,394525,0.0
2018-04-02,351.31,356.23,338.1901,343.06,295459,0.0
2018-04-03,335.6,357.12,332.85,355.59,408477,0.0
2018-04-04,357.65,362.6863,350.51,352.36,480480,0.0
2018-04-05,348.7,353,340,342.42,269335,0.0
2018-04-08,345,351.42,340.07,342.78,251368,0.0
2018-04-09,349.64,352.776,341.48,347.74,556553,0.0
2018-04-10,348.21,348.21,328.38,328.65,1001580,0.0
2018-04-11,331.05,335.99,326,327.18,815370,0.0
2018-04-12,330.12,334.29,326.51,329.66,813735,0.0
2018-04-15,331.28,332.01,321.81,322.77,651134,0.0
2018-04-16,319.65,338.54,313.545,337.58,773831,0.0
2018-04-17,339.34,347.969,333.51,345.15,578219,0.0
2018-04-18,345,345,325.775,329.99,1127017,0.0
2018-04-19,329.45,332.41,318.2801,324.37,596116,0.0
2018-04-22,325.17,331.53,324.9,330.45,405579,0.0
2018-04-23,331.56,340.7,326.22,328.59,517695,0.0
2018-04-24,326.48,338.2,323.715,336.18,677158,0.0
2018-04-25,339.38,350.83,337.19,344.49,619702,0.0
2018-04-26,354,354,337,340.9,414224,0.0
2018-04-29,340.79,346.15,337.43,339.62,187303,0.0
2018-04-30,339.39,342.99,335.25,339.43,244187,0.0
2018-05-01,337.53,342.82,332.28,333.31,483527,0.0
2018-05-02,331.91,336.04,328.745,330.59,551450,0.0
2018-05-03,327.29,331.34,325.47,329.97,720954,0.0
2018-05-06,332.69,342.25,327.02,339.31,485993,0.0
2018-05-07,334.22,338.16,331.18,333.64,277716,0.0
2018-05-08,336.32,339,325.06,325.32,1039797,0.0
2018-05-09,309.89,335.99,305.98,316.43,1487779,0.0
2018-05-10,315.43,321.29,308.17,309,670942,0.0
2018-05-13,310.63,314.78,296.68,298.59,811018,0.0
2018-05-14,294.2,295.895,284.37,290.77,964499,0.0
2018-05-15,289.56,305.73,285.07,305.2,1088678,0.0
2018-05-16,303.03,303.44,296.391,298.85,607639,0.0
2018-05-17,297.75,304.66,292.24,295.41,450355,0.0
2018-05-20,295.82,298.83,287.53,290.61,336889,0.0
2018-05-21,292.48,297.55,291.25,294.75,534913,0.0
2018-05-22,294,307.64,292.7,304.79,493310,0.0
2018-05-23,301.89,316.48,297.51,314.89,1115455,0.0
2018-05-24,315.91,319.54,312.29,314.7,1295547,0.0
2018-05-28,308.13,308.26,281,297.7,2111691,0.0
2018-05-29,298.35,303.6266,293.35,302.28,911444,0.0
2018-05-30,300.39,304,290.09,290.9,706186,0.0
2018-05-31,292.39,299.14,290.4,296.7,406793,0.0
2018-06-03,297.28,307.99,297.28,307.65,358553,0.0
2018-06-04,307.84,313.11,305.71,307.02,481296,0.0
2018-06-05,306.99,321.04,306.05,314.99,582442,0.0
2018-06-06,315,315,283.11,288.59,1152703,0.0
2018-06-07,292.01,292.98,282.26,288.77,1206069,0.0
2018-06-10,288.28,308.41,287.21,297.75,843633,0.0
2018-06-11,297.73,306.49,293,301.13,370452,0.0
2018-06-12,300.98,303.58,290.09,290.79,684347,0.0
2018-06-13,294.15,309.8,292.34,304.99,1380846,0.0
2018-06-14,307.35,307.47,295.1,303.7,613126,0.0
2018-06-17,300,303.26,290.5,294.73,412271,0.0
2018-06-18,288,298.415,286.121,295.3,475517,0.0
2018-06-19,298.38,305.3585,295.09,296.4,608930,0.0
2018-06-20,301.65,301.65,286.76,287.42,436293,0.0
2018-06-21,292.48,295,285.03,290.84,347865,0.0
2018-06-24,287.48,289.84,281.79,288.32,397258,0.0
2018-06-25,296.46,305.87,295,298.3,760115,0.0
2018-06-26,299.28,302.98,284.89,285.35,527859,0.0
2018-06-27,285.35,300,285.35,296.81,514916,0.0
2018-06-28,297.59,303.24,296.49,299.01,393738,0.0
2018-07-01,294.15,299.49,291.06,295.53,431309,0.0
2018-07-02,298.92,300.98,294.53,297.74,152082,0.0
2018-07-04,298.72,305.52,293.52,304.46,301823,0.0
2018-07-05,306.31,314.87,304,312.85,317368,0.0
2018-07-08,314.16,316.11,302.15,309.78,444103,0.0
2018-07-09,311.3,312,305.265,308.1,448830,0.0
2018-07-10,303.12,306.64,300,303.42,304899,0.0
2018-07-11,306.09,321.605,303.67,318.05,583541,0.0
2018-07-12,318,329.15,315.131,327.53,721335,0.0
2018-07-15,328.76,346.66,326.2617,343.26,809769,0.0
2018-07-16,339,362.74,332.106,359.87,1287297,0.0
2018-07-17,360.23,377.6607,359.7,369.28,1402274,0.0
2018-07-18,366.51,375.4464,363.701,374.84,738172,0.0
2018-07-19,372.93,381.5,368.741,373.69,616443,0.0
2018-07-22,373.8,374.98,357.25,363.3,707332,0.0
2018-07-23,366.79,368.11,350.33,352.92,491793,0.0
2018-07-24,355.99,366.56,351.87,364.93,352938,0.0
2018-07-25,355.61,367,355.61,363.7,286199,0.0
2018-07-26,365.63,366.43,350.22,354.56,387162,0.0
2018-07-29,355.97,356.6202,340.435,343.3,620208,0.0
2018-07-30,342.69,354.56,339.5177,342.92,492535,0.0
2018-07-31,342.06,353.26,339.8,346.11,438628,0.0
2018-08-01,343.09,345,335.08,338.99,515236,0.0
2018-08-02,340.89,344.11,336.5,343.95,303140,0.0
2018-08-05,342.82,349.74,340.4,348.23,259885,0.0
2018-08-06,349.52,351.51,343.23,347.42,507705,0.0
2018-08-07,348.07,356.1327,343.0105,344.43,493376,0.0
2018-08-08,337.88,394.92,337.19,384.39,1640718,0.0
2018-08-09,378.86,384.97,365.61,372.49,764609,0.0
2018-08-12,371.95,371.95,357.09,358.86,583264,0.0
2018-08-13,362.36,365.61,355.305,363.61,172346,0.0
2018-08-14,355,357.4893,339.94,344.85,657938,0.0
2018-08-15,349.04,351,333.61,334.74,569015,0.0
2018-08-16,333.29,334.66,321.57,324.16,670918,0.0
2018-08-19,323.83,325.2055,315.25,319.84,698540,0.0
2018-08-20,319,335.66,315.1526,328.45,849173,0.0
2018-08-21,332.92,345.98,328,344.94,1232699,0.0
2018-08-22,342.5,355,341.86,348.34,463104,0.0
2018-08-23,350.07,373.115,349.17,367.54,967267,0.0
2018-08-26,370.98,377.57,368.77,375.11,499328,0.0
2018-08-27,374.95,381.8989,372.28,378.19,416505,0.0
2018-08-28,379.4,381.01,374,377.49,414982,0.0
2018-08-29,375.41,375.41,339.3301,340.01,1497707,0.0
2018-08-30,338.44,343.37,336.55,342.41,674241,0.0
2018-09-03,340,345.6,336.97,342.255,542260,0.0
2018-09-04,339.91,340.6819,323.01,328.01,668320,0.0
2018-09-05,328.97,331.7,320.31,320.65,799067,0.0
2018-09-06,320,332.5,317.77,326.38,448709,0.0
2018-09-09,327.72,329.25,318.36,319.43,337367,0.0
2018-09-10,317.31,326.45,315.9731,318.78,426518,0.0
2018-09-11,318,321.42,310.7935,316.85,527816,0.0
2018-09-12,320.31,332.831,319.6,320.61,383855,0.0
2018-09-13,321.61,329.52,318.25,325.04,511530,0.0
2018-09-16,323.93,328.6941,317.11,322.19,466317,0.0
2018-09-17,323.15,331.99,314.5,315,696180,0.0
2018-09-18,315.5,319.5,310.6507,315.78,725446,0.0
2018-09-19,318.88,325.28,316.69,323.05,435953,0.0
2018-09-20,324.42,330.11,319.3,319.61,452073,0.0
2018-09-23,317,334.15,313.34,331.6,871224,0.0
2018-09-24,333.26,333.89,318.02,319.7,702762,0.0
2018-09-25,320.73,337.5,320,330.55,843143,0.0
2018-09-26,333.31,346.1,325.09,340.07,868030,0.0
2018-09-27,337.74,344.649,336.5252,340.52,364243,0.0
2018-09-30,343.84,353.11,331.74,332.43,750935,0.0
2018-10-01,334.59,354.49,332.82,353.84,813576,0.0
2018-10-02,356.56,362.33,350.26,354.08,611786,0.0
2018-10-03,351.75,352,332.1605,339.46,510610,0.0
2018-10-04,340.62,349.945,330.29,335.59,551089,0.0
2018-10-07,348.94,351.41,327.51,339.5,899266,0.0
2018-10-08,337.47,341.495,333.865,340.06,377131,0.0
2018-10-09,336.39,338.71,314.5301,318.84,641809,0.0
2018-10-10,314.72,320.75,298.07,304.76,644828,0.0
2018-10-11,311.94,314.21,295.4,303.45,1140420,0.0
2018-10-14,303.28,303.28,291.505,294.68,1088576,0.0
2018-10-15,297.2,309.3,296.01,308.52,1034582,0.0
2018-10-16,307.91,319.03,304.69,313.31,437126,0.0
2018-10-17,313.18,317.25,297,298.76,472198,0.0
2018-10-18,300.92,312.135,298.78,301.8,313820,0.0
2018-10-21,305.99,318.14,301.95,313.58,426802,0.0
2018-10-22,303.02,309.38,295.6,306.86,367391,0.0
2018-10-23,306.76,309.45,291.07,291.41,336757,0.0
2018-10-24,296.17,302.2,291,297.6,445268,0.0
2018-10-25,295.71,302.879,287.28,295.37,534159,0.0
2018-10-28,300.98,304.5,281.3,288.84,771692,0.0
2018-10-29,286.68,312.8,285.1,310.31,686224,0.0
2018-10-30,315.07,329.51,315,324.66,795568,0.0
2018-10-31,330.89,343.445,320.06,341.56,562674,0.0
2018-11-01,348,368.84,346.3651,354.39,1067851,0.0
2018-11-04,353.59,360.49,350.7361,357.65,370200,0.0
2018-11-05,352.76,356.36,335.24,336.19,555778,0.0
2018-11-06,340,349.91,329.5292,349.62,522144,0.0
2018-11-07,347.51,348.4318,327.58,331.46,460087,0.0
2018-11-08,326.93,328.93,318.4363,325.84,303481,0.0
2018-11-11,325.69,328.345,318.41,322.09,482791,0.0
2018-11-12,323.71,330.57,321.46,328.02,277659,0.0
2018-11-13,339,341,329.3,336.81,591312,0.0
2018-11-14,336.96,344.61,331.5519,340.76,590905,0.0
2018-11-15,336.39,347.59,331.81,344.67,419758,0.0
2018-11-18,341.16,343.94,333.26,335.39,431201,0.0
2018-11-19,327.33,332.3,312.03,313.78,1118105,0.0
2018-11-20,319,321.99,312.515,318.98,630301,0.0
2018-11-22,314.08,321.16,308.53,309.71,469864,0.0
2018-11-25,316.79,323.675,314.1184,322.01,619995,0.0
2018-11-26,320.32,332.01,314.21,331.88,367736,0.0
2018-11-27,335,346.02,326.8639,345.76,604843,0.0
2018-11-28,343.52,359.38,342,357.99,586545,0.0
2018-11-29,359.34,362.03,351.71,351.97,536828,0.0
2018-12-02,360.91,374.84,359,369.47,761692,0.0
2018-12-03,369,373.9159,351.06,354.8,667274,0.0
2018-12-05,344.02,350.89,340.26,350.52,554686,0.0
2018-12-06,349.5,357.91,341.65,346.57,364250,0.0
2018-12-09,345.02,357.525,342.4873,353.52,427874,0.0
2018-12-10,361,364.9375,351.6801,355.24,509758,0.0
2018-12-11,359.65,366.12,354.93,361.36,420102,0.0
2018-12-12,360.1,361,333.33,333.43,665426,0.0
2018-12-13,329,337.33,324.13,326.51,460627,0.0
2018-12-16,324.79,324.87,309.74,310.39,480722,0.0
2018-12-17,312.9,320.16,307.42,310.82,422132,0.0
2018-12-18,312.78,330.85,309.3,312.39,714768,0.0
2018-12-19,311.52,319.02,304.1,306.35,473700,0.0
2018-12-20,308.1,315.64,285.58,286.52,1315180,0.0
2018-12-23,281.92,284.44,257.6,257.6,996555,0.0
2018-12-25,261.23,283.91,260.4199,281.83,998893,0.0
2018-12-26,274.17,290.29,272.6126,288.75,557587,0.0
2018-12-27,291.89,299.81,282.44,292.09,696636,0.0
2018-12-30,295,298.32,285.11,291.84,324538,0.0
2019-01-01,285.61,298.87,282.88,297.455,307562,0.0
2019-01-02,295.08,300.5,289.14,296.6,502903,0.0
2019-01-03,301.67,317.97,301.01,315.28,546461,0.0
2019-01-06,315.73,330.89,315.73,329.09,409579,0.0
2019-01-07,334.17,334.99,317.735,328.31,451859,0.0
2019-01-08,333.1,347.79,330.545,340.45,529523,0.0
2019-01-09,336.09,343.99,331,339.33,574564,0.0
2019-01-10,337.49,348.4585,333.86,345,377692,0.0
2019-01-13,340.7,346.57,337,340.56,328784,0.0
2019-01-14,341.19,350.99,341.19,349.42,465164,0.0
2019-01-15,340,349.61,336.47,345.18,574765,0.0
2019-01-16,341.26,346.285,335.11,342.17,336826,0.0
2019-01-17,347.07,353.97,341.12,350.12,435646,0.0
2019-01-21,340.99,342.38,324.12,329.895,544572,0.0
2019-01-22,334.79,337,322.82,329.005,360818,0.0
2019-01-23,331.07,339.835,330,339.0001,420369,0.0
2019-01-24,344.33,347.51,339.09,342.46,405096,0.0
2019-01-27,338.12,356.4212,335.28,353.88,419017,0.0
2019-01-28,354.7,356.9999,346.4,350.75,419272,0.0
2019-01-29,352.13,366.34,351.3,361.1,433467,0.0
2019-01-30,361.7,368.27,356.06,366.73,625606,0.0
2019-01-31,365.73,366.89,359,364.59,463164,0.0
2019-02-03,361.85,369.03,354.39,367.94,329618,0.0
2019-02-04,370.28,374.97,362.31,363.16,418856,0.0
2019-02-05,360.37,365.75,352.9591,359,455815,0.0
2019-02-06,354.58,361.5,345.39,357.665,296585,0.0
2019-02-07,351.19,353.27,338.95,347.32,869929,0.0
2019-02-10,350,355.11,346.99,350.95,339703,0.0
2019-02-11,354.38,367.61,351.51,364.15,464527,0.0
2019-02-12,365.03,367.86,357.54,360.85,207293,0.0
2019-02-13,357,364.56,356,360.11,341137,0.0
2019-02-14,364.19,365.5599,360.01,362.835,220920,0.0
2019-02-20,367,368.88,358.0709,364.97,396814,0.0
2019-02-21,367.17,374.31,366.255,374.04,238210,0.0
2019-02-24,375.23,382.84,373.85,375.05,505958,0.0
2019-02-25,372,374.92,362.5101,368.96,692170,0.0
2019-02-26,408,452.43,405.01,446.46,2526794,0.0
2019-02-27,444.18,462.07,443.45,459.08,1022800,0.0
2019-02-28,461.75,474.84,446.995,451.78,1351640,0.0
2019-03-03,455.88,465,449.68,463.79,667484,0.0
2019-03-04,469.71,478.595,461.9646,467.49,671123,0.0
2019-03-05,466.6,469.08,457.16,461.53,420787,0.0
2019-03-06,460,462.1013,446.58,450.97,999864,0.0
2019-03-07,436.45,450.15,436.45,449.27,512339,0.0
2019-03-10,455.23,483.75,450.85,481.12,1105916,0.0
2019-03-11,481.49,484.43,472.16,483.58,1322653,0.0
2019-03-12,489.6,514.8969,488,507.42,3109509,0.0
2019-03-13,503.36,506.8,491.76,493.83,1028258,0.0
2019-03-14,491.455,492,482.035,488.9,808762,0.0
2019-03-17,490,494.395,479,484.81,858564,0.0
2019-03-18,483.3,491.77,479,482.36,656098,0.0
2019-03-19,484.86,500.5925,482.84,497.96,727381,0.0
2019-03-20,496.25,506.32,493.7013,504.02,439168,0.0
2019-03-21,499.28,503.56,489.37,497.71,670830,0.0
2019-03-24,497.2,501.03,489.825,491.3,369045,0.0
2019-03-25,497.32,501.37,490.455,493.95,475868,0.0
2019-03-26,490.01,498.63,479.13,484.93,604447,0.0
2019-03-27,497.16,504.2,488.35,497.15,528924,0.0
2019-03-28,503.11,511.49,498.135,508.02,350345,0.0
2019-03-31,516.28,525.89,514.9525,517.75,319409,0.0
2019-04-01,517.02,521.55,508.32,509.8,544473,0.0
2019-04-02,522.55,527.09,507.7,508.655,726367,0.0
2019-04-03,508.55,508.79,490.865,501.2,646610,0.0
2019-04-04,511.7,511.7,498.44,502.8,366089,0.0
2019-04-07,503.84,506.84,496.62,506.63,171605,0.0
2019-04-08,500.74,510,500.74,505.52,199813,0.0
2019-04-09,507.12,516.91,504.71,514.12,294607,0.0
2019-04-10,507,510.5,499.185,504.075,367085,0.0
2019-04-11,505.46,509.09,503.315,504.83,279658,0.0
2019-04-14,503.03,516.39,502.69,514.02,316018,0.0
2019-04-15,515.05,518.58,498,501.5001,447091,0.0
2019-04-16,499.32,503.4601,486.69,498.38,438791,0.0
2019-04-17,490.24,493.79,477.03,492.43,596406,0.0
2019-04-21,490.8,495.095,488,490.43,408492,0.0
2019-04-22,480.55,500.365,480.55,500.01,625803,0.0
2019-04-23,503.34,504.945,475.1383,486.2,747916,0.0
2019-04-24,486.03,491.51,460,487.14,1177035,0.0
2019-04-25,491.19,495,485.3471,489.52,390352,0.0
2019-04-28,489.67,494.85,481.6007,494.17,405576,0.0
2019-04-29,491.57,495.65,482.33,484.62,395937,0.0
2019-04-30,487.78,493.04,483.56,484.38,305030,0.0
2019-05-01,484.35,491.98,478.7801,482.35,425376,0.0
2019-05-02,541.85,589.5643,529.19,578.74,2090564,0.0
2019-05-05,565.58,580.43,562.31,567.43,591676,0.0
2019-05-06,557.91,562.62,535.12,539.19,667506,0.0
2019-05-07,536.29,554.37,535.66,536.22,492078,0.0
2019-05-08,529.48,551.37,520.87,543.16,519455,0.0
2019-05-09,542.7,558.77,536.58,557.76,512098,0.0
2019-05-12,540.02,549.85,539.1553,543.07,626473,0.0
2019-05-13,551.24,565,546.9551,562.7,534949,0.0
2019-05-14,558.24,582.48,558.24,572.93,522321,0.0
2019-05-15,573.57,596.7,573.57,595.42,630635,0.0
2019-05-16,585.01,589.89,573.63,574.38,516415,0.0
2019-05-19,572.99,577.66,564.68,574.88,470951,0.0
2019-05-20,578.34,580,567.51,572.58,279541,0.0
2019-05-21,565.85,589,563.03,569.22,612374,0.0
2019-05-22,563.11,582.735,563,580.97,395789,0.0
2019-05-23,584.44,595.68,584,591.94,467741,0.0
2019-05-27,596,611.955,595.5,601.44,504489,0.0
2019-05-28,595,597.4067,568.34,573.58,861390,0.0
2019-05-29,576.62,590,575.94,577.32,373647,0.0
2019-05-30,566.56,576.71,560.4131,570.52,480544,0.0
2019-06-02,567.59,589.815,564.74,568.6902,649776,0.0
2019-06-03,568,577.69,544.4406,551.43,1118785,0.0
2019-06-04,564.22,569.81,546.99,569.07,649340,0.0
2019-06-05,569.14,587.37,565.4819,581.59,527651,0.0
2019-06-06,582,618,582,604.11,655632,0.0
2019-06-09,625.89,632.6691,613.03,616.93,533144,0.0
2019-06-10,628.06,634,608.39,612.79,418681,0.0
2019-06-11,608.33,633.11,608.33,623.5,602073,0.0
2019-06-12,630,635.71,616.83,635.59,944035,0.0
2019-06-13,632.87,635.59,609.41,615.43,1187266,0.0
2019-06-16,623.75,623.75,612.24,617.98,431703,0.0
2019-06-17,626.72,632.09,621.68,622.57,410142,0.0
2019-06-18,623.42,643.97,616.19,641.02,362542,0.0
2019-06-19,659.36,672.55,619.15,636.53,554013,0.0
2019-06-20,635.92,644.71,624.89,630.66,326630,0.0
2019-06-23,633.88,637.37,619.13,622.11,324938,0.0
2019-06-24,623.43,624.99,609,614.91,315913,0.0
2019-06-25,625.32,625.32,605.56,609.2,415719,0.0
2019-06-26,608.83,614.395,607.34,610.92,486255,0.0
2019-06-27,611.21,611.82,603.1,611.73,256434,0.0
2019-06-30,627.19,637,612.38,619.02,403905,0.0
2019-07-01,616,631.55,613.53,626.99,344350,0.0
2019-07-02,633.06,633.3,619.01,632.32,194682,0.0
2019-07-04,628,641.57,621.63,638.59,267649,0.0
2019-07-07,635.71,635.71,624.22,630.32,244148,0.0
2019-07-08,626.46,641.17,624.81,640.15,312417,0.0
2019-07-09,646,654.1689,619.5,633.87,688055,0.0
2019-07-10,632.21,638.71,625.67,634.86,432054,0.0
2019-07-11,633.85,647.86,628.765,644.79,437269,0.0
2019-07-14,649.25,660.63,639.95,645.32,511709,0.0
2019-07-15,649.78,652.98,629.995,634.02,503201,0.0
2019-07-16,632.95,640.8908,623.26,631.73,326174,0.0
2019-07-17,630.13,650.9,629.9755,648.67,498981,0.0
2019-07-18,652.99,657.1855,626.35,627.08,436532,0.0
2019-07-21,631.4,640.95,630,636.5,268952,0.0
2019-07-22,638.59,641.61,623.3,635.18,364385,0.0
2019-07-23,631.34,660.3,627.54,660.07,441777,0.0
2019-07-24,662.46,666.18,650.86,652.5,508854,0.0
2019-07-25,650,662.9,647.1375,655,380296,0.0
2019-07-28,656.13,658.3,646.01,653.49,235694,0.0
2019-07-29,646.73,650.05,629.6325,634.43,404674,0.0
2019-07-30,636.9,643.44,614.13,621.18,381122,0.0
2019-07-31,624.53,648.55,617.025,626.75,425334,0.0
2019-08-01,622.63,624.08,609.6,614.84,262340,0.0
2019-08-04,598.52,602.66,567.39,574.69,849923,0.0
2019-08-05,588.53,601.99,586.88,601,496153,0.0
2019-08-06,596.98,614.96,581.13,613,583450,0.0
2019-08-07,645,693.84,640,688.11,1061147,0.0
2019-08-08,682.69,698.98,675.0937,690.97,469675,0.0
2019-08-11,612.56,633.043,585.735,624.37,1698925,0.0
2019-08-12,644.89,656.14,627.03,637.31,766131,0.0
2019-08-13,620.99,632.36,616.36,620.66,422086,0.0
2019-08-14,620.99,628.5,604.54,613.24,340114,0.0
2019-08-15,623,631.375,619.015,623.63,313995,0.0
2019-08-18,637.44,639.69,597.34,603.35,572058,0.0
2019-08-19,603.36,620.315,596.62,612.43,316740,0.0
2019-08-20,622.52,634.5399,620.01,629.84,318002,0.0
2019-08-21,626.06,630.8837,608.49,618.74,250050,0.0
2019-08-22,613.89,619.74,595,599.26,354306,0.0
2019-08-25,605.97,612.88,599.82,602.03,288298,0.0
2019-08-26,609.75,614.79,591.75,593.94,382184,0.0
2019-08-27,593.41,593.765,584.06,588.01,345641,0.0
2019-08-28,590.79,596.8,578.85,593.16,370782,0.0
2019-08-29,602.4,604.99,584.625,594.36,258217,0.0
2019-09-02,587.19,592.94,573.92,580.72,376193,0.0
2019-09-03,586,594.79,581.29,589.65,301698,0.0
2019-09-04,602.02,612.83,597.1601,605.69,265899,0.0
2019-09-05,605.36,608.99,594.58,597.79,170905,0.0
2019-09-08,608.4,608.4,555.93,571.13,534245,0.0
2019-09-09,550,559,536.26,548.98,1005816,0.0
2019-09-10,551.05,574.09,543.765,560.15,642024,0.0
2019-09-11,568.44,573.77,559.99,571.05,334240,0.0
2019-09-12,571.01,573.97,563.19,566.56,360524,0.0
2019-09-15,557.55,561,548.72,553.6,460431,0.0
2019-09-16,553.12,559.0555,546.99,549.75,388701,0.0
2019-09-17,548.28,551.58,530.76,542.7,527669,0.0
2019-09-18,542.5,556.53,541.85,549.31,393437,0.0
2019-09-19,549,558.18,543.1185,546.39,424876,0.0
2019-09-22,544.31,547.78,536.37,540.09,259515,0.0
2019-09-23,542.54,554.98,534.1007,537.3,380597,0.0
2019-09-24,534.53,553.89,533.5201,551.37,340570,0.0
2019-09-25,552.24,553.49,540.84,549.13,285222,0.0
2019-09-26,554.83,554.83,534.37,541.84,309956,0.0
2019-09-29,545.84,551.98,536.06,551.23,281657,0.0
2019-09-30,550.55,563.54,546,550.03,251859,0.0
2019-10-01,551.45,551.79,538.89,544.09,208632,0.0
2019-10-02,542.88,559.18,531.01,557.85,283896,0.0
2019-10-03,560.56,568.09,549.6,558.86,424425,0.0
2019-10-06,556.12,559.475,544.67,548.87,458435,0.0
2019-10-07,544.3,545.4654,523.78,524.86,608441,0.0
2019-10-08,530,537.57,522.69,531.93,798684,0.0
2019-10-09,530,547.41,530,543.41,760687,0.0
2019-10-10,552.45,560.98,548.5,553.34,918399,0.0
2019-10-13,552.98,558.59,551.48,555.6,372689,0.0
2019-10-14,559.77,572.93,556.65,566.24,772988,0.0
2019-10-15,567.06,567.06,545,548.98,707857,0.0
2019-10-16,555.45,558.965,548.46,549.15,697185,0.0
2019-10-17,549.91,549.91,534.15,535.46,555706,0.0
2019-10-20,537.325,546.94,536.9207,545.31,213659,0.0
2019-10-21,545.49,551.0718,535.16,536.895,258798,0.0
2019-10-22,533.96,548.33,533.96,541.96,190167,0.0
2019-10-23,545.48,554.96,543.1912,551.53,167248,0.0
2019-10-24,550,559.48,547.5,549.65,243112,0.0
2019-10-27,554,558.34,539,539.76,382735,0.0
2019-10-28,538.82,544.625,530,542.63,233684,0.0
2019-10-29,542.01,552,535,551.63,291855,0.0
2019-10-30,551.38,554.99,514.0047,521.58,896960,0.0
2019-10-31,520.1,531.9,488.37,489.99,2110612,0.0
2019-11-03,498.84,499.98,470.1,485.79,1337870,0.0
2019-11-04,485.41,497.39,477.21,484.61,636688,0.0
2019-11-05,485.1,504.55,481.77,483.05,592472,0.0
2019-11-06,487.45,499.78,485.45,491.99,428650,0.0
2019-11-07,490.52,498.64,490.52,494.46,364237,0.0
2019-11-10,491.42,499.2,489.58,497.23,229782,0.0
2019-11-11,498.13,504.9361,495.955,499.09,715300,0.0
2019-11-12,499,515.43,496.6,513.52,704489,0.0
2019-11-13,512.86,539.68,512.21,537.14,851719,0.0
2019-11-14,541.1,551.64,538,549.9,849658,0.0
2019-11-17,550.11,552.315,530.35,532.47,549429,0.0
2019-11-18,533.3,537.3076,518.19,536.32,428777,0.0
2019-11-19,535,547.98,533.48,547.98,551058,0.0
2019-11-20,548.62,563.63,546.48,562.75,582431,0.0
2019-11-21,564.63,567.47,554.5,565.95,409818,0.0
2019-11-24,567.23,587.5,566.97,585.6,419593,0.0
2019-11-25,582.05,586.99,576.14,582.54,454967,0.0
2019-11-26,586.25,590,580,589.15,189866,0.0
2019-11-28,595.2,598,578,580.59,253228,0.0
2019-12-01,579.87,580.33,555.88,580.01,463240,0.0
2019-12-02,570.43,577.29,567.17,575.04,379896,0.0
2019-12-03,580.77,582.57,574.02,574.98,211410,0.0
2019-12-04,575,580.98,572.3,577.51,229554,0.0
2019-12-05,584.43,590.64,580.51,583,278051,0.0
2019-12-08,584.75,595.25,583.07,584,252765,0.0
2019-12-09,584.2,591.568,581.06,586.3,265821,0.0
2019-12-10,589,589,570,580.29,436534,0.0
2019-12-11,582.96,591.69,578.5,579.77,338793,0.0
2019-12-12,583.05,591.98,566.0694,568.36,612409,0.0
2019-12-15,572.07,585.58,567.02,582.19,340810,0.0
2019-12-16,584.85,586.29,577,585.85,198347,0.0
2019-12-17,586.66,589.41,576.85,581.8,417167,0.0
2019-12-18,581.93,586.5825,578.01,582.22,344482,0.0
2019-12-19,582.87,593,574.19,592.54,435453,0.0
2019-12-22,595.07,602.75,593.01,594.14,234122,0.0
2019-12-23,594.15,599,593.43,594.02,100601,0.0
2019-12-25,595,597.66,595,596.96,134685,0.0
2019-12-26,598.9,605.94,593.6436,599.14,273344,0.0
2019-12-29,603.09,603.09,582.6,584.02,296294,0.0
2019-12-30,581.01,582.79,568.94,571.93,423135,0.0
2020-01-01,576.94,615.84,576.94,610.5,545383,0.0
2020-01-02,602.62,609.8422,600.06,608.02,293433,0.0
2020-01-05,601.04,613.79,601,606.69,176327,0.0
2020-01-06,606.64,627.97,604.74,625,441312,0.0
2020-01-07,625,637.82,624.55,633.38,301595,0.0
2020-01-08,643.43,649.05,638.59,646.43,348771,0.0
2020-01-09,653.79,670.15,648.63,670.15,651241,0.0
2020-01-12,670.44,697.22,670.0705,690.58,581871,0.0
2020-01-13,690,693.98,649.24,652.33,925272,0.0
2020-01-14,653.81,662.57,640.01,660.58,503516,0.0
2020-01-15,665.83,667.11,653.37,666.19,272303,0.0
2020-01-16,671.49,675,661.77,673.07,319781,0.0
2020-01-20,665,666.773,647,657.42,1069352,0.0
2020-01-21,667.46,677.77,662.3363,662.89,595942,0.0
2020-01-22,660.93,669.99,653.3842,663.33,420233,0.0
2020-01-23,666.4,674.8923,654.04,660.73,506339,0.0
2020-01-26,647,655.41,636.365,653.86,291179,0.0
2020-01-27,661.22,676.3099,657.7724,674.54,301341,0.0
2020-01-28,679.98,681,666.02,669.42,330844,0.0
2020-01-29,663.3,672.5,656.6756,671.08,241990,0.0
2020-01-30,670.99,670.99,660.933,663.91,242024,0.0
2020-02-02,667,680.62,665.5401,677.98,285206,0.0
2020-02-03,691.44,711.165,684.22,710.63,466430,0.0
2020-02-04,725.19,725.19,674.0101,675.29,588204,0.0
2020-02-05,689.4,689.4,668.49,671.16,371531,0.0
2020-02-06,671,678.22,642.92,645.77,911455,0.0
2020-02-09,647.1,660.97,646.15,657.11,627920,0.0
2020-02-10,633.31,661.99,608.8679,651.58,1417491,0.0
2020-02-11,656.88,700.96,655.81,700.95,860793,0.0
2020-02-12,697.87,720.69,684.07,718.885,1058286,0.0
2020-02-13,720.87,735.24,718.06,735.01,930359,0.0
2020-02-17,734.38,734.38,725,728.45,873062,0.0
2020-02-18,733.76,745,731,742.51,428505,0.0
2020-02-19,742.79,756.48,728,741.97,658048,0.0
2020-02-20,739.88,747.42,721.49,735.46,520819,0.0
2020-02-23,701.01,701.01,666.67,672.92,1232924,0.0
2020-02-24,698.64,702,626.9,629.19,1149310,0.0
2020-02-25,635.94,661.84,626.01,632.21,1307026,0.0
2020-02-26,614.86,633.17,600,600.57,780059,0.0
2020-02-27,577.03,617,572.77,616,922222,0.0
2020-03-01,621.24,643.4,613.395,642.11,552070,0.0
2020-03-02,649.99,670,615.91,626.05,575968,0.0
2020-03-03,647.6,658.95,642.39,653.69,462014,0.0
2020-03-04,629.25,647.66,622.05,628.21,517975,0.0
2020-03-05,600,618.06,585.89,614.51,569244,0.0
2020-03-08,547.36,581.98,537.985,539,991474,0.0
2020-03-09,566.35,599.08,546.0301,599.08,779136,0.0
2020-03-10,578.01,583.4433,539.79,551.011,1027568,0.0
2020-03-11,496.22,520,472.25,502.01,1396990,0.0
2020-03-12,534.43,549.97,493.8,535.69,1171733,0.0
2020-03-15,455,507.16,451,467.22,1728156,0.0
2020-03-16,472.08,500,425.65,490.79,1090995,0.0
2020-03-17,455,498.1,422.22,452.17,916018,0.0
2020-03-18,450,474.0932,436.23,463.37,1286438,0.0
2020-03-19,472.88,525.53,451.5,455.23,802873,0.0
2020-03-22,453.34,486.079,425.38,457.65,847741,0.0
2020-03-23,490,505.2221,477.02,489.72,800642,0.0
2020-03-24,497.43,518.85,480,480,797101,0.0
2020-03-25,489.35,500.788,467.15,489.55,967205,0.0
2020-03-26,479.41,485.9,455.41,470.89,510396,0.0
2020-03-29,474.54,489.34,470.01,473.12,1166886,0.0
2020-03-30,472.17,499.9,472.17,488.58,564688,0.0
2020-03-31,466,468.99,435.04,446.49,920998,0.0
2020-04-01,445.47,472.2,443,462.6,748161,0.0
2020-04-02,452.72,460.96,443.01,453.99,956887,0.0
2020-04-05,473.88,509.25,470.09,506.12,1280253,0.0
2020-04-06,547.19,554.93,507.5881,523.24,1343104,0.0
2020-04-07,536.25,548,527.08,543.99,354152,0.0
2020-04-08,551.04,557.85,527.08,533.28,463509,0.0
2020-04-12,528.02,546.99,517.01,542.84,736652,0.0
2020-04-13,558.72,577.24,551.62,562.45,1225117,0.0
2020-04-14,551.87,595.836,540.9,590.86,1632152,0.0
2020-04-15,611.25,633.2,590.01,612.2,3551825,0.0
2020-04-16,626.18,628.13,582.805,597.35,1527722,0.0
2020-04-19,593.72,617.9638,591,600.18,1468030,0.0
2020-04-20,595.72,598.15,562,573.38,1994826,0.0
2020-04-21,586.99,615,570.085,600.06,1764099,0.0
2020-04-22,609.01,614.995,582.13,586.73,1611398,0.0
2020-04-23,590.26,597.13,553.61,570.41,2001774,0.0
2020-04-26,591.43,593,575,589.48,656318,0.0
2020-04-27,592.02,606.36,589,598.88,428833,0.0
2020-04-28,605.01,611.76,591.04,602.42,449518,0.0
2020-04-29,603.87,606.69,579.01,583.54,909362,0.0
2020-04-30,571.4,609.81,570.01,605.99,666052,0.0
2020-05-03,596.3,610.4,592.72,606.5,712832,0.0
2020-05-04,618.85,633.9,610.83,620.96,653793,0.0
2020-05-05,734,777.97,729.09,742.715,4625068,0.0
2020-05-06,750,772.72,738.675,772.58,1585086,0.0
2020-05-07,773.59,798.1,761.4102,783.6,601943,0.0
2020-05-10,780,805.84,776.59,779.5,909616,0.0
2020-05-11,785.16,794.43,761.25,761.7,484816,0.0
2020-05-12,765.61,777.98,753.1232,768.35,969980,0.0
2020-05-13,760.03,778.95,746.01,777.08,884464,0.0
2020-05-14,764.27,783.74,764.27,775.13,644650,0.0
2020-05-17,792.53,804.65,786.03,793.93,375236,0.0
2020-05-18,802.88,827.33,799.245,805.96,625249,0.0
2020-05-19,821.05,842.7,817.2238,826.96,993828,0.0
2020-05-20,825.61,831.02,802.06,815.9,442945,0.0
2020-05-21,812.99,843.38,804.85,841.175,391347,0.0
2020-05-25,859.14,864.05,828.32,835.94,492864,0.0
2020-05-26,833.86,836.285,783.01,819.58,588093,0.0
2020-05-27,817.11,838.43,811.21,825.91,634430,0.0
2020-05-28,835,855,830.945,852.29,475252,0.0
2020-05-31,852.67,860.7076,842,843.34,265664,0.0
2020-06-01,844.5,867.23,837.76,859.65,827440,0.0
2020-06-02,865.46,874,850.65,853.52,447465,0.0
2020-06-03,849.05,877.68,838.0875,840.38,837802,0.0
2020-06-04,850,871,839.5191,865.01,750416,0.0
2020-06-07,866.94,868.05,840.43,858.85,827080,0.0
2020-06-08,849.75,876.7299,848.69,866.81,743900,0.0
2020-06-09,877,892.94,863.02,886.925,368403,0.0
2020-06-10,873.62,889.87,845.86,854.91,841536,0.0
2020-06-11,874.43,886.6,870.3401,878.34,216637,0.0
2020-06-14,885.86,940.38,877.02,924,525331,0.0
2020-06-15,958.02,964.84,923.25,950.27,471651,0.0
2020-06-16,960.31,967.27,928.66,935.21,434227,0.0
2020-06-17,930,937.57,922.09,924.86,728273,0.0
2020-06-18,929.19,961.99,922.5,954.25,786698,0.0
2020-06-21,953.94,989,953.005,986.56,464173,0.0
2020-06-22,995.3,998.11,976.38,977.9,335533,0.0
2020-06-23,978.34,988.52,942,954.52,421100,0.0
2020-06-24,950.35,972.945,944.35,969.28,215049,0.0
2020-06-25,974.51,985.03,952.62,975,415693,0.0
2020-06-28,970.3,987,949.98,980.51,287617,0.0
2020-06-29,982,989.9899,971.01,985.43,247743,0.0
2020-06-30,985,993.05,968.83,977.23,457186,0.0
2020-07-01,991.91,997.99,982.6,988.42,239880,0.0
