Date,Open,High,Low,Close,Volume,OpenInterest
2016-07-13,54.03,54.187,53.56,54.043,1040442,0.0
2016-07-14,54.077,54.223,53.307,53.867,1329393,0.0
2016-07-17,53.1,53.157,50.917,51.843,5018256,0.0
2016-07-18,51.653,52.623,51.547,52.453,1886145,0.0
2016-07-19,52.537,52.793,52.27,52.7,1317072,0.0
2016-07-20,52.7,53.068,52.497,52.687,1153344,0.0
2016-07-21,53.103,53.637,52.912,53.523,1109082,0.0
2016-07-24,53.447,53.517,53.083,53.357,829353,0.0
2016-07-25,53.303,53.357,52.61,52.873,1036209,0.0
2016-07-26,52.707,52.963,51.95,52.503,1464726,0.0
2016-07-27,52.51,53.393,52.27,53.147,1110030,0.0
2016-07-28,53.253,53.663,53.04,53.543,1042533,0.0
2016-07-31,53.447,54.063,53.4,53.69,1363944,0.0
2016-08-01,53.553,53.643,52.54,53.097,1865361,0.0
2016-08-02,53.177,53.177,52.393,52.59,1548453,0.0
2016-08-03,52.68,53.153,52.157,52.873,2848314,0.0
2016-08-04,54.167,55.5,53.93,54.173,6060000,0.0
2016-08-07,54.03,54.143,52.763,52.987,1947099,0.0
2016-08-08,52.927,53.76,52.873,53.03,2954088,0.0
2016-08-09,53.067,53.807,53,53.643,1895511,0.0
2016-08-10,53.923,54.193,53.633,53.903,1529841,0.0
2016-08-11,53.71,53.993,53.49,53.73,921678,0.0
2016-08-14,53.707,53.913,53.53,53.81,834990,0.0
2016-08-15,53.803,53.873,53.19,53.207,915960,0.0
2016-08-16,53.123,53.607,52.617,53.237,1029258,0.0
2016-08-17,53.403,53.653,53.297,53.487,1215015,0.0
2016-08-18,53.58,53.873,53.073,53.157,1500744,0.0
2016-08-21,53.217,53.3,52.87,53.06,907014,0.0
2016-08-22,52.89,53.067,52.44,52.457,1209384,0.0
2016-08-23,52.363,52.717,52.143,52.313,1249665,0.0
2016-08-24,52.22,52.887,52.22,52.49,1611078,0.0
2016-08-25,52.587,52.823,52.197,52.34,1040109,0.0
2016-08-28,52.177,52.353,51.727,51.98,1562091,0.0
2016-08-29,51.95,52.037,51.043,51.27,1730781,0.0
2016-08-30,51.323,51.497,50.977,51.293,1535076,0.0
2016-08-31,51.443,51.727,50.967,51.443,1394187,0.0
2016-09-01,51.573,51.837,51.043,51.287,1151544,0.0
2016-09-05,51.21,51.307,50.583,51.29,2691234,0.0
2016-09-06,51.28,51.393,50.62,50.723,1081380,0.0
2016-09-07,50.687,50.833,50.35,50.707,1906443,0.0
2016-09-08,50.183,50.707,49.173,49.173,2651133,0.0
2016-09-11,49.053,49.728,48.77,49.433,2454891,0.0
2016-09-12,49.05,49.433,47.823,47.97,3555786,0.0
2016-09-13,47.897,48.387,47.437,47.633,2056842,0.0
2016-09-14,47.73,49.057,47.55,48.783,4007307,0.0
2016-09-15,48.633,48.91,48.277,48.76,3010366,0.0
2016-09-18,48.937,49.28,48.6,49.143,2057013,0.0
2016-09-19,49.277,49.443,48.927,49.033,1577169,0.0
2016-09-20,49,49.2,48.5,49.033,1817208,0.0
2016-09-21,49.33,49.825,49.24,49.64,1238712,0.0
2016-09-22,49.687,49.873,49.44,49.493,1018419,0.0
2016-09-25,49.287,49.487,48.833,49.2,979062,0.0
2016-09-26,49.147,49.513,49.087,49.247,1216296,0.0
2016-09-27,49.45,49.58,48.807,48.943,980355,0.0
2016-09-28,48.913,48.917,48.287,48.457,1419486,0.0
2016-09-29,48.72,49.163,48.457,48.937,1173369,0.0
2016-10-02,48.687,48.741,48.353,48.597,943116,0.0
2016-10-03,48.87,48.953,48.35,48.443,1241082,0.0
2016-10-04,48.617,48.797,48.303,48.41,1566546,0.0
2016-10-05,48.337,49.18,48.333,48.91,1052574,0.0
2016-10-06,49.037,49.037,48.21,48.613,1303401,0.0
2016-10-09,48.663,48.967,48.6,48.74,889788,0.0
2016-10-10,48.723,48.815,47.587,47.717,1788798,0.0
2016-10-11,47.737,48.427,47.52,48.387,1333959,0.0
2016-10-12,48.207,48.79,47.99,48.66,1412001,0.0
2016-10-13,47.933,49.053,46.927,48.36,3078789,0.0
2016-10-16,48.333,48.35,47.673,48.1,1287858,0.0
2016-10-17,48.447,49.537,48.447,48.903,1839942,0.0
2016-10-18,49,49.357,48.743,49.163,1151124,0.0
2016-10-19,49.3,49.423,48.707,48.87,1301853,0.0
2016-10-20,48.937,49.123,48.457,49.087,1194111,0.0
2016-10-23,49.38,50.63,49.357,50.047,2730606,0.0
2016-10-24,50.103,50.34,49.83,49.933,1110513,0.0
2016-10-25,49.963,49.963,48.683,48.703,1403607,0.0
2016-10-26,48.827,48.83,47.663,47.767,2247531,0.0
2016-10-27,47.76,48.257,47.76,47.973,1981362,0.0
2016-10-30,48.02,48.357,47.747,48.113,1571265,0.0
2016-10-31,48.667,48.857,47.643,47.877,1700055,0.0
2016-11-01,47.98,48.745,47.98,48.097,1802517,0.0
2016-11-02,48.27,48.33,46.633,46.733,3618366,0.0
2016-11-03,43.51,46.303,42.167,45.077,16861450,0.0
2016-11-06,45.517,45.57,44.545,45.38,3150564,0.0
2016-11-07,45.417,45.663,44.81,45.33,2181927,0.0
2016-11-08,131.55,135.03,130.01,132.59,1262072,0.0
2016-11-09,44.78,44.8645,42.3,42.33,2947468,0.0
2016-11-10,42.39,42.66,41.43,41.92,2364419,0.0
2016-11-13,41.79,42.3,40.64,40.86,3526849,0.0
2016-11-14,41.02,41.85,40.86,41.62,4053440,0.0
2016-11-15,41.53,42.5425,41.47,42.07,3379789,0.0
2016-11-16,42.02,42.34,41.51,41.97,3103096,0.0
2016-11-17,41.74,42,41.61,41.66,2176658,0.0
2016-11-20,41.69,43.71,41.55,43.6,8179146,0.0
2016-11-21,43.73,45.65,43.59,45.25,6097278,0.0
2016-11-22,45.02,45.64,44.61,44.74,2503029,0.0
2016-11-24,44.73,45.03,44.63,44.83,1011680,0.0
2016-11-27,44.77,45.47,44.68,45.32,2964483,0.0
2016-11-28,45.27,45.74,45.08,45.3,2824232,0.0
2016-11-29,45.22,45.26,44.55,44.75,2504570,0.0
2016-11-30,44.5,44.795,43.53,43.64,3536252,0.0
2016-12-01,45,45,43.44,44.44,2583708,0.0
2016-12-04,45.48,45.48,44.46,44.89,1981010,0.0
2016-12-05,44.88,44.98,43.85,44.37,1805982,0.0
2016-12-06,44.37,44.76,44.25,44.47,2110293,0.0
2016-12-07,44.37,44.525,43,43.05,2377535,0.0
2016-12-08,43.06,44.22,43.06,44.04,2073291,0.0
2016-12-11,43.85,44.495,43.85,44.27,1543694,0.0
2016-12-12,44.16,45.2,43.89,45,1974179,0.0
2016-12-13,44.99,45.1001,43.8,44.03,1401339,0.0
2016-12-14,43.89,44.56,43.75,44.29,1107232,0.0
2016-12-15,44.28,44.75,43.91,44.5,1789191,0.0
2016-12-18,44.4,44.48,43.69,43.87,1695596,0.0
2016-12-19,43.91,43.995,43.46,43.54,1893438,0.0
2016-12-20,45.28,45.77,44.37,45.37,3723579,0.0
2016-12-21,45.51,45.59,44.49,45.3,1362052,0.0
2016-12-22,45.05,46.02,45.03,45.57,1755764,0.0
2016-12-26,45.6,46.09,45.14,45.52,1483444,0.0
2016-12-27,45.63,45.63,44.7,44.91,1321369,0.0
2016-12-28,44.91,45.235,44.69,45.04,1621685,0.0
2016-12-29,45.1,45.19,44.11,44.35,1560097,0.0
2017-01-02,44.65,45.55,44.5001,45.54,2853220,0.0
2017-01-03,45.7,46.13,45.54,46.03,1889401,0.0
2017-01-04,46.02,46.3,45.63,46.18,2063757,0.0
2017-01-05,46.15,46.3,45.35,45.62,2079461,0.0
2017-01-08,45.46,45.5699,44.2033,44.41,1926194,0.0
2017-01-09,44.25,44.49,43.385,43.52,2873696,0.0
2017-01-10,43.54,44.48,43.51,43.99,1572714,0.0
2017-01-11,44,44,42.98,43.1,2754220,0.0
2017-01-12,44.97,45.25,43.945,44.51,4010762,0.0
2017-01-16,44.49,44.7,43.8268,43.93,1968820,0.0
2017-01-17,43.96,44.15,43.14,43.45,2310790,0.0
2017-01-18,43.32,43.77,43.17,43.34,1575970,0.0
2017-01-19,43.56,43.85,43.16,43.51,1949004,0.0
2017-01-22,43.45,43.755,43.3,43.52,1131960,0.0
2017-01-23,43.71,43.78,42.85,43.7,1678846,0.0
2017-01-24,43.91,44.24,43.08,43.13,2852065,0.0
2017-01-25,43.11,43.46,42.26,42.66,2568314,0.0
2017-01-26,42.82,42.86,42.03,42.3,1255659,0.0
2017-01-29,42.29,42.48,41.95,42.42,1529379,0.0
2017-01-30,42.5,42.81,42.3,42.61,992160,0.0
2017-01-31,42.52,42.52,41.66,41.82,1486598,0.0
2017-02-01,41.84,42.21,41.78,41.81,1622135,0.0
2017-02-02,42.17,43.11,41.78,42.63,2011906,0.0
2017-02-05,42.58,42.92,42.36,42.73,1568389,0.0
2017-02-06,42.75,43.21,42.66,43.07,1002227,0.0
2017-02-07,42.94,43.81,42.91,43.67,1458730,0.0
2017-02-08,43.61,43.97,43.261,43.78,1587503,0.0
2017-02-09,43.86,44.05,43.65,44.01,1184522,0.0
2017-02-12,44.55,44.977,43.38,43.42,1366328,0.0
2017-02-13,43.42,43.5,42.97,43.375,1496846,0.0
2017-02-14,43.28,43.59,43.13,43.34,1298238,0.0
2017-02-15,43.52,43.63,43.07,43.45,1262255,0.0
2017-02-16,43.45,43.79,43.4,43.63,2501637,0.0
2017-02-20,43.71,44.07,43.4,43.98,1941247,0.0
2017-02-21,44.05,44.48,43.91,43.94,1260046,0.0
2017-02-22,43.97,44.19,43.69,43.91,1157413,0.0
2017-02-23,44.2,44.34,43.36,43.54,1648879,0.0
2017-02-26,43.31,43.45,41.895,42.09,3576768,0.0
2017-02-27,42.01,42.24,41.02,41.44,7357010,0.0
2017-02-28,41.41,42.23,41.29,41.95,3557509,0.0
2017-03-01,47.71,48.94,46.67,47.36,12006897,0.0
2017-03-02,46.96,48.15,46.34,48.04,4814011,0.0
2017-03-05,47.74,47.99,46.97,47,3741261,0.0
2017-03-06,46.67,46.97,46.56,46.69,1367897,0.0
2017-03-07,46.51,47.38,46.51,47.37,2255483,0.0
2017-03-08,47.39,47.39,46.69,47.01,1652442,0.0
2017-03-09,47.22,47.25,46.48,46.82,1383835,0.0
2017-03-12,46.64,46.67,46.175,46.42,1488619,0.0
2017-03-13,46.3,46.4,45.95,46.28,1457496,0.0
2017-03-14,46.5,47.21,46.37,47.09,1495592,0.0
2017-03-15,46.37,47.17,46.37,46.88,1614990,0.0
2017-03-16,47.13,47.17,46.44,46.465,2807367,0.0
2017-03-19,46.57,47.01,46.37,46.8,1441299,0.0
2017-03-20,47.01,47.355,46.67,46.69,1571526,0.0
2017-03-21,46.73,47.22,46.4201,47.14,1806394,0.0
2017-03-22,46.93,47.28,46.515,46.56,1112093,0.0
2017-03-23,46.65,47.11,46.46,46.94,1571746,0.0
2017-03-26,46.78,47.03,46.42,46.9,971618,0.0
2017-03-27,46.96,47.29,46.57,46.99,920621,0.0
2017-03-28,46.83,47.27,46.62,47.24,1581451,0.0
2017-03-29,47.04,47.24,46.09,46.255,1628093,0.0
2017-03-30,46.15,46.52,45.755,46.165,1479092,0.0
2017-04-02,46.23,46.42,45.56,45.76,1599114,0.0
2017-04-03,45.77,46.05,45.4,46.015,1455119,0.0
2017-04-04,45.83,46.29,45.6,45.93,1498737,0.0
2017-04-05,46.04,46.34,45.6829,45.755,1289154,0.0
2017-04-06,45.74,45.91,45.34,45.85,1433774,0.0
2017-04-09,45.92,45.99,45.421,45.82,1287263,0.0
2017-04-10,45.79,45.79,45.16,45.36,1269484,0.0
2017-04-11,45.29,45.53,45.15,45.4,1271942,0.0
2017-04-12,45.51,45.63,44.84,44.9,1045175,0.0
2017-04-16,44.8,45.03,44.38,45.01,2407387,0.0
2017-04-17,44.97,45.4599,44.885,45.31,1517300,0.0
2017-04-18,45.31,45.66,45,45.09,1004674,0.0
2017-04-19,44.99,45.925,44.94,45.74,1723890,0.0
2017-04-20,45.68,45.87,45.37,45.39,1322086,0.0
2017-04-23,45.69,45.92,45.04,45.47,2112592,0.0
2017-04-24,45.55,45.59,44.98,45.37,1859311,0.0
2017-04-25,45.31,45.5,45.04,45.1,1564127,0.0
2017-04-26,45.2,45.53,45.03,45.29,1584297,0.0
2017-04-27,45.34,45.58,45.08,45.38,1883965,0.0
2017-04-30,45.44,45.58,44.51,44.55,1854430,0.0
2017-05-01,44.59,44.89,44.35,44.67,1984978,0.0
2017-05-02,44.72,45.21,44.68,44.93,2007900,0.0
2017-05-03,45.13,46.3,45.02,45.94,3117209,0.0
2017-05-04,46.96,48.1,46.75,47.45,5403260,0.0
2017-05-07,47.49,48.69,47.48,48.48,3281477,0.0
2017-05-08,48.41,48.4799,47.435,47.99,2603657,0.0
2017-05-09,47.97,48.29,47.68,47.85,2405485,0.0
2017-05-10,47.68,48.12,47.54,47.88,1179080,0.0
2017-05-11,47.84,48.05,47.49,47.62,1061581,0.0
2017-05-14,47.52,47.65,47.28,47.46,1116972,0.0
2017-05-15,47.59,47.646,46.71,46.81,1715993,0.0
2017-05-16,46.7,47.15,46.5,46.8,1608033,0.0
2017-05-17,47.64,47.64,46.66,46.82,2037674,0.0
2017-05-18,46.86,47.9,46.66,47.68,1741341,0.0
2017-05-21,47.53,48.53,47.53,48.34,1784147,0.0
2017-05-22,48.45,49.59,48.41,49.43,3241580,0.0
2017-05-23,49.52,49.9899,49.24,49.89,1806378,0.0
2017-05-24,50,51.12,49.9,50.77,2129745,0.0
2017-05-25,50.79,51.31,50.69,50.89,1378220,0.0
2017-05-29,50.67,50.93,50.4275,50.71,973866,0.0
2017-05-30,50.84,51.11,50.47,50.57,1295263,0.0
2017-05-31,50.63,51.06,50.1,50.97,1958860,0.0
2017-06-01,50.85,51.28,50.32,51.27,1684421,0.0
2017-06-04,51.25,51.32,50.81,51.11,927086,0.0
2017-06-05,50.94,51.24,50.57,50.76,963059,0.0
2017-06-06,50.68,50.96,50.47,50.85,990228,0.0
2017-06-07,50.49,50.554,49.8,50.48,1282235,0.0
2017-06-08,50.38,50.64,49.88,50.04,1745585,0.0
2017-06-11,50.01,50.665,50,50.64,1345053,0.0
2017-06-12,50.26,50.73,50.02,50.55,1277573,0.0
2017-06-13,50.86,51.2,50.33,50.74,1283137,0.0
2017-06-14,50.59,51.44,50.52,51.31,1092368,0.0
2017-06-15,51.03,51.855,50.115,50.31,2553345,0.0
2017-06-18,50.37,50.89,50.01,50.86,1200574,0.0
2017-06-19,50.92,51.16,50.62,50.82,1558649,0.0
2017-06-20,50.74,51.43,50.74,51.19,1416974,0.0
2017-06-21,51.1,51.43,50.66,50.85,1149037,0.0
2017-06-22,51.03,52.41,51.03,51.99,2637388,0.0
2017-06-25,52.13,52.24,51.46,51.52,1564028,0.0
2017-06-26,51.31,51.505,50.291,50.32,1932221,0.0
2017-06-27,50.48,51.24,50.17,51.05,1652558,0.0
2017-06-28,50.8,51.03,49.65,49.9,1538870,0.0
2017-06-29,50.4,50.5,49.65,49.69,1809524,0.0
2017-07-02,49.97,50.15,49.47,49.7,769919,0.0
2017-07-04,49.73,49.956,49.03,49.5,1387563,0.0
2017-07-05,49.29,50.48,49.2,50.33,2958326,0.0
2017-07-06,50.33,50.825,50.05,50.71,2368883,0.0
2017-07-09,50.8,50.9,50.16,50.5,1311615,0.0
2017-07-10,50.57,50.58,49.81,49.99,1505953,0.0
2017-07-11,50.39,50.87,50.244,50.43,898719,0.0
2017-07-12,50.53,50.86,50.1201,50.82,1197407,0.0
2017-07-13,51.13,51.73,51.02,51.67,1241552,0.0
2017-07-16,51.74,51.74,51.39,51.54,914923,0.0
2017-07-17,51.5,51.87,51.215,51.84,783954,0.0
2017-07-18,51.98,52.28,51.68,52.23,1040680,0.0
2017-07-19,52.39,52.5828,51.98,52.38,1071573,0.0
2017-07-20,52.16,52.63,52.16,52.58,890144,0.0
2017-07-23,52.63,52.95,52.37,52.75,1225731,0.0
2017-07-24,52.84,53.5,52.6201,53.4,1575850,0.0
2017-07-25,53.34,53.94,53.06,53.58,1261630,0.0
2017-07-26,53.42,54.07,53.25,54.045,1711285,0.0
2017-07-27,53.92,54.24,53.24,53.41,933182,0.0
2017-07-30,53.39,53.6031,52.5281,52.75,1513656,0.0
2017-07-31,52.94,53.35,52.41,53.12,1303524,0.0
2017-08-01,52.76,53.13,52.24,53.04,1215013,0.0
2017-08-02,53.17,53.49,52.46,53.15,1005478,0.0
2017-08-03,53.31,53.32,52.4,52.7,1038932,0.0
2017-08-06,52.83,53,52.59,52.86,1427778,0.0
2017-08-07,52.69,53.38,52.54,52.64,2663434,0.0
2017-08-08,51.54,52.43,50.79,52.03,2846085,0.0
2017-08-09,51.87,52.83,51.5626,52.52,2364909,0.0
2017-08-10,53.38,54.01,52.56,53.82,2353636,0.0
2017-08-13,53.94,54.57,53.86,53.94,1515537,0.0
2017-08-14,54,54.12,53.69,54.02,843764,0.0
2017-08-15,54.27,54.4,54.07,54.31,815329,0.0
2017-08-16,54.26,54.73,53.6,53.71,1255999,0.0
2017-08-17,53.48,54.36,53.43,54.05,1503198,0.0
2017-08-20,54.14,54.52,53.96,54.36,909676,0.0
2017-08-21,54.38,55.49,54.37,55.38,1923296,0.0
2017-08-22,55.49,55.58,54.89,55.16,1241200,0.0
2017-08-23,55.1,55.24,54.78,54.98,1127836,0.0
2017-08-24,55.17,55.7,54.93,55.22,1388559,0.0
2017-08-27,55.4,55.49,54.96,55.17,935727,0.0
2017-08-28,55.04,55.57,54.9,55.38,1065813,0.0
2017-08-29,55.33,56.13,55.27,55.95,1229976,0.0
2017-08-30,56.05,56.44,55.76,55.81,1481387,0.0
2017-08-31,55.97,56.29,55.88,56.06,1228787,0.0
2017-09-04,55.97,56.46,55.95,56.35,2113627,0.0
2017-09-05,56.95,57.25,55.95,56.32,2711543,0.0
2017-09-06,56.38,56.57,56.07,56.35,1519750,0.0
2017-09-07,56.36,56.7,56.21,56.32,769093,0.0
2017-09-10,56.53,56.96,56.43,56.65,1057301,0.0
2017-09-11,56.48,56.91,55.85,56.07,2243457,0.0
2017-09-12,55.85,56.595,55.7718,56.38,1207246,0.0
2017-09-13,56.33,56.64,55.96,56.57,1322669,0.0
2017-09-14,56.75,56.83,56.02,56.19,2198778,0.0
2017-09-17,56.17,56.8,55.96,56.67,945125,0.0
2017-09-18,56.68,56.76,56.17,56.25,931621,0.0
2017-09-19,56.1,56.3,55.2,55.93,1089839,0.0
2017-09-20,55.95,55.99,55.495,55.57,800652,0.0
2017-09-21,55.59,56.04,55.47,55.81,789816,0.0
2017-09-24,55.82,55.99,55.13,55.16,1232652,0.0
2017-09-25,55.22,55.51,55.15,55.19,1664243,0.0
2017-09-26,55.21,55.21,54.23,54.89,8719988,0.0
2017-09-27,54.64,55.73,54.4211,55.46,2061394,0.0
2017-09-28,55.46,55.95,55.06,55.24,1580056,0.0
2017-10-01,55.17,55.87,55.03,55.15,909586,0.0
2017-10-02,55.24,55.69,54.995,55.28,1165804,0.0
2017-10-03,55.37,55.43,54.8,55.22,1305060,0.0
2017-10-04,55.48,55.62,55.15,55.41,936484,0.0
2017-10-05,55.23,55.54,55.08,55.37,652058,0.0
2017-10-08,55.49,55.73,55.26,55.39,430905,0.0
2017-10-09,55.46,55.72,55.21,55.36,690993,0.0
2017-10-10,55.3,55.89,55.2238,55.705,1071849,0.0
2017-10-11,55.66,56.01,55.51,55.96,1004032,0.0
2017-10-12,56.01,56.1733,55.76,55.82,706285,0.0
2017-10-15,55.88,56.27,55.88,56.22,883638,0.0
2017-10-16,56.29,56.75,55.935,56.52,1182470,0.0
2017-10-17,56.31,56.49,55.92,56.29,905871,0.0
2017-10-18,56.22,56.33,55.83,56.01,773132,0.0
2017-10-19,56.18,56.53,56.07,56.46,1065112,0.0
2017-10-22,56.5,56.7,56.18,56.37,902020,0.0
2017-10-23,56.31,56.95,56.03,56.83,1021763,0.0
2017-10-24,56.41,56.6,55.9,56.5,883945,0.0
2017-10-25,56.74,57.02,56.5,56.74,873684,0.0
2017-10-26,56.38,57.08,55.9154,56.74,1111298,0.0
2017-10-29,56.86,57,56.16,56.83,1227502,0.0
2017-10-30,56.98,58.54,56.96,57.93,1909344,0.0
2017-10-31,58.34,58.43,57.6,57.8,1442812,0.0
2017-11-01,57.91,57.93,57.39,57.45,998462,0.0
2017-11-02,57.19,57.91,57.0911,57.66,1087190,0.0
2017-11-05,57.63,57.8,57.33,57.51,1317305,0.0
2017-11-06,57.5,57.92,57.36,57.92,1329712,0.0
2017-11-07,57.92,58.3,57.66,57.98,2473395,0.0
2017-11-08,56,59.88,56,58.68,4374846,0.0
2017-11-09,58.53,61.335,58.27,61.15,3966262,0.0
2017-11-12,60.97,62.42,60.84,62.19,2165706,0.0
2017-11-13,61.73,62.8,61.2,62.64,2129278,0.0
2017-11-14,62.54,62.66,61.46,61.6,2938352,0.0
2017-11-15,61.65,62.57,61.36,62,2271858,0.0
2017-11-16,61.98,62.64,61.73,62.16,1302262,0.0
2017-11-19,60.53,61.83,60.17,61.16,2010674,0.0
2017-11-20,61.34,61.8,61.04,61.27,2036992,0.0
2017-11-21,61.41,61.68,60.87,61.27,809029,0.0
2017-11-23,61.06,61.82,61.06,61.76,406309,0.0
2017-11-26,61.76,61.98,61.39,61.77,873299,0.0
2017-11-27,62.36,62.68,61.545,62.09,1441811,0.0
2017-11-28,62.1,62.21,61.46,61.9,1100284,0.0
2017-11-29,61.66,62.75,61.6,62.65,1586228,0.0
2017-11-30,62.15,62.94,61.85,62.91,1505582,0.0
2017-12-03,62.94,63.41,62.49,63.35,1509653,0.0
2017-12-04,63.17,63.54,62.8,63.03,1465332,0.0
2017-12-05,63.05,63.3,62.61,63.27,1205564,0.0
2017-12-06,63.08,63.19,62.22,62.3,1814867,0.0
2017-12-07,62.62,63.23,62.38,63.22,1378870,0.0
2017-12-10,62.89,63.09,62.22,62.94,928138,0.0
2017-12-11,62.95,63.5,62.47,62.91,961159,0.0
2017-12-12,63.16,63.62,63,63.53,876003,0.0
2017-12-13,63.62,64.22,62.93,63.12,1205718,0.0
2017-12-14,63.42,64.25,62.5,63.98,2092591,0.0
2017-12-17,64.48,64.79,63.91,64.03,1004463,0.0
2017-12-18,64.06,64.51,63.82,64.21,830222,0.0
2017-12-19,64.54,64.68,63.55,64.02,1012115,0.0
2017-12-20,64.37,64.51,63.56,63.82,1240576,0.0
2017-12-21,63.87,64.05,63.51,63.77,871554,0.0
2017-12-25,63.47,64.1,62.88,63.84,597097,0.0
2017-12-26,63.89,64.32,63.72,64.24,861321,0.0
2017-12-27,64.5,64.56,62.88,62.91,1086301,0.0
2017-12-28,62.74,63.7,62.71,63.31,1090395,0.0
2018-01-01,63.49,63.62,62.59,62.71,1560627,0.0
2018-01-02,62.68,63.32,62.24,63.09,1715878,0.0
2018-01-03,63.38,64.06,63.12,63.35,1236064,0.0
2018-01-04,63.46,63.85,63.1901,63.48,1144206,0.0
2018-01-07,63.06,64.08,62.79,64.03,1066454,0.0
2018-01-08,64.31,65.59,63.98,65.47,2888432,0.0
2018-01-09,65.68,66.1612,63.29,63.59,2028796,0.0
2018-01-10,63.72,64.11,63.44,63.95,1367576,0.0
2018-01-11,64.14,64.32,63.68,63.77,1190993,0.0
2018-01-15,64.08,64.76,63.611,64.56,1391830,0.0
2018-01-16,65.34,67.24,65.05,67.07,2498580,0.0
2018-01-17,67.01,67.22,65.69,66.48,1210456,0.0
2018-01-18,66.63,67.34,66.53,66.85,1733012,0.0
2018-01-21,66.84,67.8,66.75,67.78,1211572,0.0
2018-01-22,67.73,68.63,67.38,68.45,1788709,0.0
2018-01-23,68.68,68.77,68.14,68.28,1547267,0.0
2018-01-24,68.55,68.67,67.65,67.8,2085890,0.0
2018-01-25,67.84,69,67.69,68.9,1123663,0.0
2018-01-28,69.6,70.215,67.56,68.3,2465425,0.0
2018-01-29,68.25,69.01,67.79,67.91,1653966,0.0
2018-01-30,67.4,68.58,67.4,68.22,1288635,0.0
2018-01-31,67.97,68.44,67.06,67.92,1417445,0.0
2018-02-01,67.66,67.86,66.58,66.64,1232942,0.0
2018-02-04,66.58,66.86,63.85,63.86,2416273,0.0
2018-02-05,63.1,64.32,61.15,64.21,2556889,0.0
2018-02-06,63.73,65.11,63.58,64.54,2106503,0.0
2018-02-07,64.39,64.62,61.94,61.969,1735761,0.0
2018-02-08,62.28,63.42,61.18,62.89,1923445,0.0
2018-02-11,63.19,64.48,63,64.09,1413269,0.0
2018-02-12,63.61,63.77,62.87,63.39,1477238,0.0
2018-02-13,62.84,64,62.41,63.89,1255796,0.0
2018-02-14,64.08,65.65,63.8,65.65,1297112,0.0
2018-02-15,65.97,66.43,65.1055,65.49,1190468,0.0
2018-02-19,65.29,65.585,64.32,64.61,1231043,0.0
2018-02-20,64.75,66.26,64.69,65.02,1556072,0.0
2018-02-21,65.15,65.77,64.72,64.94,1362986,0.0
2018-02-22,65.4,65.9501,64.68,65.9,1509541,0.0
2018-02-25,66.29,66.35,65.165,65.81,1314945,0.0
2018-02-26,65.9,66.25,64.16,64.18,2068676,0.0
2018-02-27,64.75,64.85,63.3,63.4,2960711,0.0
2018-02-28,57.45,57.94,54,54.2,12632315,0.0
2018-03-01,53.71,54.24,52.73,54.16,5629391,0.0
2018-03-04,54.78,56.635,54.4814,55.73,5452443,0.0
2018-03-05,55.9,55.9,54.44,55.66,3176165,0.0
2018-03-06,55.36,55.88,54.92,55.54,2437209,0.0
2018-03-07,55.59,56.9799,55.37,56.83,2372123,0.0
2018-03-08,57.07,58.06,56.54,58.06,3189853,0.0
2018-03-11,57.99,59.35,57.99,58.43,3202414,0.0
2018-03-12,58.77,59.37,58.47,58.69,2689585,0.0
2018-03-13,58.87,58.99,57.73,58.74,2505657,0.0
2018-03-14,58.71,59.34,57.88,58.21,1739093,0.0
2018-03-15,58.2,58.91,57.69,58.63,2395932,0.0
2018-03-18,58.42,58.66,57.71,58.28,2872250,0.0
2018-03-19,58.58,58.92,58.23,58.68,2065410,0.0
2018-03-20,58.53,58.87,57.77,58.09,2278628,0.0
2018-03-21,57.74,58.03,56.71,56.79,2311523,0.0
2018-03-22,56.77,57.12,55.86,55.86,2442223,0.0
2018-03-25,56.81,57.13,55.92,56.87,1473771,0.0
2018-03-26,57.25,57.51,55.91,56.26,1281856,0.0
2018-03-27,56.37,56.98,56.05,56.24,1103132,0.0
2018-03-28,56.63,57.59,56.43,57.2,1216705,0.0
2018-04-01,56.89,57.02,55.09,55.61,1877470,0.0
2018-04-02,56.01,56.05,55.27,55.73,2598946,0.0
2018-04-03,55.29,57.03,55,56.77,1966942,0.0
2018-04-04,57.15,57.8,56.83,57.41,1414500,0.0
2018-04-05,56.79,57.24,55.43,55.94,2173597,0.0
2018-04-08,56.48,57,56.01,56.24,1513768,0.0
2018-04-09,56.66,56.82,55.74,56.31,1503578,0.0
2018-04-10,55.78,56.49,55.51,56.22,1507885,0.0
2018-04-11,56.26,56.83,56.1,56.54,1395986,0.0
2018-04-12,56.81,57.16,56.31,56.68,1107146,0.0
2018-04-15,57.19,57.35,56.67,56.97,966215,0.0
2018-04-16,57.08,57.78,56.64,57.68,1522927,0.0
2018-04-17,57.68,57.78,57.21,57.48,1325112,0.0
2018-04-18,57.11,58,56.86,57.3,4727280,0.0
2018-04-19,56.94,57.17,56.17,56.5,2578149,0.0
2018-04-22,56.73,57.46,56.49,56.86,1892541,0.0
2018-04-23,57.22,57.22,55.36,55.74,2233142,0.0
2018-04-24,55.64,55.729,54.3,54.41,3588599,0.0
2018-04-25,54.38,55.58,54.01,55.11,2811240,0.0
2018-04-26,55.07,56.44,54.95,56.19,1881499,0.0
2018-04-29,56.26,56.63,54.83,55,2093623,0.0
2018-04-30,54.88,55.26,54.13,55.19,1599917,0.0
2018-05-01,55,55.08,52.62,52.72,3774597,0.0
2018-05-02,52.71,53.14,51.76,52.31,3536921,0.0
2018-05-03,52.12,53.31,52.08,52.77,4613289,0.0
2018-05-06,52.87,53.51,52.7,53.31,2931299,0.0
2018-05-07,53.34,54.31,53.04,53.08,2811856,0.0
2018-05-08,49.5,49.75,48.09,49.08,8461852,0.0
2018-05-09,49.19,50.86,49.16,50.07,2949707,0.0
2018-05-10,50.12,50.2699,49,49.27,2513823,0.0
2018-05-13,49.34,49.635,48.76,48.92,3213189,0.0
2018-05-14,48.6,48.95,47.94,48.2,3250953,0.0
2018-05-15,48.3,48.52,47.71,48.1,2688363,0.0
2018-05-16,47.99,48.675,47.61,48.58,2670319,0.0
2018-05-17,48.65,49.81,48.3,49.48,5571627,0.0
2018-05-20,49.6,50.4,49.49,49.92,3058943,0.0
2018-05-21,49.86,50.31,49.52,49.69,2640139,0.0
2018-05-22,49.33,50.37,48.961,50.02,3077004,0.0
2018-05-23,49.95,50.29,49.23,49.63,2747688,0.0
2018-05-24,49.7,51.23,49.32,49.66,2784165,0.0
2018-05-28,49.38,49.735,48.83,49.28,2159816,0.0
2018-05-29,49.88,52.635,49.81,51.96,6940994,0.0
2018-05-30,51.8,52.15,50.85,51.17,3665095,0.0
2018-05-31,51.56,51.93,51.3,51.5,2304954,0.0
2018-06-03,51.65,51.97,51.255,51.78,2123856,0.0
2018-06-04,51.7,52.09,51.03,51.36,2350399,0.0
2018-06-05,51.78,53.53,51.72,53.2,5377519,0.0
2018-06-06,53.3,53.477,52.69,52.82,3547396,0.0
2018-06-07,54.11,56.16,54.1,55.48,5753195,0.0
2018-06-10,55.65,56.2,55.385,56.06,3693698,0.0
2018-06-11,56.17,56.4401,55.92,56.18,2149209,0.0
2018-06-12,56.43,56.43,55.9002,56.1,2259646,0.0
2018-06-13,56.25,56.25,55.67,56.04,1658942,0.0
2018-06-14,56.02,56.48,55.5,56.43,2614224,0.0
2018-06-17,56.17,56.3,55.8,56.09,1819490,0.0
2018-06-18,55.78,56.12,55.61,55.88,1425621,0.0
2018-06-19,56.07,56.07,55.04,55.53,1373410,0.0
2018-06-20,55.61,56.15,55.3,55.97,2291495,0.0
2018-06-21,56.08,57.015,55.96,56.86,2086661,0.0
2018-06-24,56.91,57.3,56.1,56.64,2432713,0.0
2018-06-25,56.53,56.77,56.0101,56.24,1247855,0.0
2018-06-26,56.03,56.55,55.74,55.94,1603137,0.0
2018-06-27,55.99,56.92,55.8,56.785,1577339,0.0
2018-06-28,56.75,57.729,56.48,57.31,2100603,0.0
2018-07-01,57.27,57.99,56.97,57.58,1858047,0.0
2018-07-02,57.77,58.09,57.58,57.67,922310,0.0
2018-07-04,57.84,58.18,56.73,57.63,2361178,0.0
2018-07-05,57.55,58.625,57.55,58.44,1256395,0.0
2018-07-08,58.46,58.84,58.18,58.72,843395,0.0
2018-07-09,59,59.65,58.83,59.57,1448477,0.0
2018-07-10,59.11,60.495,58.99,60.25,2693770,0.0
2018-07-11,60.75,61.23,60.45,60.99,1435936,0.0
2018-07-12,61.17,61.24,60.685,61.2,962090,0.0
2018-07-15,61.2,61.48,60.8,61.075,1113868,0.0
2018-07-16,60.93,62.32,60.88,62.18,1215433,0.0
2018-07-17,62.02,62.02,60.615,61.04,1699605,0.0
2018-07-18,60.49,61.56,60.49,61.14,1162686,0.0
2018-07-19,61.14,61.71,60.83,61.59,1556094,0.0
2018-07-22,61.36,61.66,60.81,60.99,1120556,0.0
2018-07-23,60.95,61.28,60.53,61.08,1659634,0.0
2018-07-24,61.13,62.28,61.02,62.12,1264639,0.0
2018-07-25,62.43,62.59,61.54,61.66,995541,0.0
2018-07-26,61.68,61.93,60.2705,60.63,1465792,0.0
2018-07-29,60.21,60.54,59.6,59.7,1835981,0.0
2018-07-30,59.95,60.82,59.74,60.03,3420466,0.0
2018-07-31,59.61,59.77,58.385,58.78,2604114,0.0
2018-08-01,58.43,59.61,58.43,59.35,1923510,0.0
2018-08-02,59.33,59.91,58.2101,59.28,1888730,0.0
2018-08-05,59.2,60.27,59.03,59.41,2461540,0.0
2018-08-06,59.99,59.99,59.28,59.79,1538291,0.0
2018-08-07,59.81,59.895,59.005,59.38,1725716,0.0
2018-08-08,60.23,62.4,58.7703,60.99,3369941,0.0
2018-08-09,60.58,61,59.8354,60.71,1486743,0.0
2018-08-12,61,61.26,60.275,60.45,1022224,0.0
2018-08-13,60.47,61.81,60.04,61.81,1737329,0.0
2018-08-14,61.28,62.06,60.94,61.35,2833547,0.0
2018-08-15,61.34,61.93,60.78,61.67,988003,0.0
2018-08-16,61.64,62.28,61.43,62.18,1071094,0.0
2018-08-19,62.5,62.64,61.82,62.1,1355079,0.0
2018-08-20,62.45,62.5,61.7,61.86,1810897,0.0
2018-08-21,61.75,61.75,60.98,61.01,1146188,0.0
2018-08-22,60.98,61.18,60.65,60.68,1195047,0.0
2018-08-23,60.84,61.12,60.5,60.64,835918,0.0
2018-08-26,61.03,61.33,60.21,60.43,1733487,0.0
2018-08-27,60.59,60.865,60.38,60.79,1268073,0.0
2018-08-28,60.76,61.405,60.58,61.37,1068375,0.0
2018-08-29,61.11,61.87,60.54,60.81,1878626,0.0
2018-08-30,60.8,60.995,60.2108,60.89,1597707,0.0
2018-09-03,60.51,61.01,60.47,60.93,1058314,0.0
2018-09-04,60.68,61.61,60.62,61.46,1555330,0.0
2018-09-05,61.39,61.47,60.87,61.33,1415233,0.0
2018-09-06,60.97,60.97,59.8,60.35,1655953,0.0
2018-09-09,60.58,60.71,59.71,59.77,1452711,0.0
2018-09-10,59.67,59.67,58.045,58.09,4157566,0.0
2018-09-11,58.15,58.58,57.76,58.28,3961055,0.0
2018-09-12,58.63,59.33,58.15,58.93,5121441,0.0
2018-09-13,59.21,59.72,58.76,59.53,1673771,0.0
2018-09-16,59.69,59.92,59.09,59.73,1419214,0.0
2018-09-17,59.74,59.88,58.42,59.4,2494838,0.0
2018-09-18,59.38,59.63,59.09,59.32,1373374,0.0
2018-09-19,59.5,60.67,59.3,60.37,2330379,0.0
2018-09-20,60.03,60.87,59.82,59.84,2910378,0.0
2018-09-23,59.48,59.55,57.59,58.31,2237235,0.0
2018-09-24,58.47,58.47,57.715,57.92,1098544,0.0
2018-09-25,58.17,58.885,57.85,58.32,1861026,0.0
2018-09-26,58.29,59.13,58.11,58.32,1446560,0.0
2018-09-27,58.3,58.77,58.105,58.29,1309831,0.0
2018-09-30,58.68,58.77,57.17,57.35,1732693,0.0
2018-10-01,57.24,57.41,56.18,57.19,3154625,0.0
2018-10-02,57.39,57.79,56.39,56.66,1774623,0.0
2018-10-03,56.46,56.81,55.58,55.97,2165124,0.0
2018-10-04,56.44,56.84,55.88,56.19,2320286,0.0
2018-10-07,56.1,56.79,56.05,56.49,1699163,0.0
2018-10-08,56.67,56.99,56.415,56.55,1255953,0.0
2018-10-09,56.28,56.28,53.78,53.91,2727128,0.0
2018-10-10,54.05,54.39,52.75,52.83,2341878,0.0
2018-10-11,52.89,53.96,52.5,53.28,2104368,0.0
2018-10-14,52.24,52.85,51.68,52.19,2139673,0.0
2018-10-15,52.44,53.25,52.1,53.08,2014055,0.0
2018-10-16,53.05,53.1,52.24,52.64,2394032,0.0
2018-10-17,52.46,52.91,51.5,51.84,2502363,0.0
2018-10-18,52.13,52.915,52.06,52.11,1884178,0.0
2018-10-21,52.17,52.63,52.01,52.09,1600971,0.0
2018-10-22,51.62,53.055,51.11,52.64,3317769,0.0
2018-10-23,52.42,53.26,51.9,52.03,2984184,0.0
2018-10-24,51.98,53.0436,51.065,52.51,2617925,0.0
2018-10-25,51.65,52.0296,50.7,51.03,2861120,0.0
2018-10-28,51.69,52.03,50.47,51.32,2680140,0.0
2018-10-29,51.76,53.04,51.62,52.97,2756703,0.0
2018-10-30,53.21,53.53,52.63,52.84,2291952,0.0
2018-10-31,53,54.59,52.86,54.44,2314028,0.0
2018-11-01,54.59,55.06,53.52,54.09,2156808,0.0
2018-11-04,54.35,54.77,53.98,54.71,1582702,0.0
2018-11-05,54.62,55.1129,54.23,54.78,1281402,0.0
2018-11-06,55.26,55.92,54.71,55.91,3651318,0.0
2018-11-07,50.02,54.75,49.42,54.14,12894234,0.0
2018-11-08,54.96,57.13,54.3,56.83,4470680,0.0
2018-11-11,56.6,56.7,54.68,54.75,3029931,0.0
2018-11-12,54.78,55.96,54.52,55.81,2077136,0.0
2018-11-13,56.11,56.21,54.21,54.49,2246139,0.0
2018-11-14,54.4,55.3,54.175,55.3,2489894,0.0
2018-11-15,55.34,56.13,55.23,55.77,1995627,0.0
2018-11-18,55.89,57.23,55.84,57.06,3720640,0.0
2018-11-19,57.68,58.49,55.7,55.78,4123211,0.0
2018-11-20,55.95,56.57,55.54,56.02,2053315,0.0
2018-11-22,55.89,57.5,55.69,57.34,1580546,0.0
2018-11-25,57.5,57.89,56.75,56.82,2835585,0.0
2018-11-26,56.91,58.13,56.91,57.77,3157064,0.0
2018-11-27,57.67,59.1199,57.43,59.09,2550955,0.0
2018-11-28,58.7,59.5792,58.63,58.8,2163749,0.0
2018-11-29,59,59.96,58.9,59.65,2175385,0.0
2018-12-02,59.23,60.33,59.23,60.01,2870406,0.0
2018-12-03,59,60.094,57.66,57.84,4144221,0.0
2018-12-05,57.54,58.3301,56.79,58.25,3259740,0.0
2018-12-06,57.89,59.0451,57.41,57.43,3297185,0.0
2018-12-09,57.02,57.72,56.41,56.95,3348777,0.0
2018-12-10,57.56,58.35,57.25,57.56,3453157,0.0
2018-12-11,58.27,58.42,57.12,57.43,2565863,0.0
2018-12-12,55.63,56.175,53.07,53.43,3919043,0.0
2018-12-13,53.03,53.51,52.51,52.685,3062976,0.0
2018-12-16,52.64,52.74,50.885,51.27,2662225,0.0
2018-12-17,51.78,52.1,50.63,51.24,2881996,0.0
2018-12-18,51.28,51.71,49.18,49.44,2772584,0.0
2018-12-19,49.45,49.75,48.6,49.23,2862440,0.0
2018-12-20,49.34,50.18,48.16,48.24,4659916,0.0
2018-12-23,48.25,48.78,47.76,47.95,1823278,0.0
2018-12-25,48.11,49.11,47.74,49.11,3122207,0.0
2018-12-26,48.54,49.45,47.81,49.45,1965778,0.0
2018-12-27,49.52,49.78,48.4405,49,2489719,0.0
2018-12-30,49.13,49.38,48.79,48.99,1625967,0.0
2019-01-01,48.56,48.86,48.17,48.73,1951404,0.0
2019-01-02,48.4,49.11,47.84,48.05,3491290,0.0
2019-01-03,48.51,49.835,48.44,49.79,1960100,0.0
2019-01-06,49.4,50.07,49.17,49.76,2734097,0.0
2019-01-07,51.74,53.0499,51.4,52.755,5494231,0.0
2019-01-08,53.07,54.02,52.8,53.32,5673224,0.0
2019-01-09,53.25,53.3,51.88,53.26,5556480,0.0
2019-01-10,53.27,54.395,52.85,54.37,3322283,0.0
2019-01-13,53.82,54.43,53.46,54.1899,2190606,0.0
2019-01-14,54.19,54.96,54.05,54.74,1747778,0.0
2019-01-15,54.41,54.76,53.51,53.825,2443922,0.0
2019-01-16,53.9,54.67,53.89,54.26,1867087,0.0
2019-01-17,54.85,55.8,54.52,55.505,3554403,0.0
2019-01-21,55.35,55.45,54.52,55.35,1981935,0.0
2019-01-22,55.38,55.76,54.85,55.165,1892336,0.0
2019-01-23,55.1,55.62,54.93,55.365,1893471,0.0
2019-01-24,55.77,56.25,55.69,55.78,1435702,0.0
2019-01-27,55.54,55.81,55.06,55.54,1636446,0.0
2019-01-28,55.73,55.89,55.19,55.46,1181913,0.0
2019-01-29,55.55,56.38,55.35,56.195,1725513,0.0
2019-01-30,56.24,57.33,56.12,57.33,2160391,0.0
2019-01-31,57.38,57.97,57.13,57.965,1690653,0.0
2019-02-03,58.01,58.2,57.47,58.145,983898,0.0
2019-02-04,58.34,58.58,57.41,57.61,2629463,0.0
2019-02-05,57.43,57.66,57.27,57.34,1982774,0.0
2019-02-06,57.15,57.76,56.93,57.39,1302058,0.0
2019-02-07,57.18,57.82,57.12,57.785,1164320,0.0
2019-02-10,57.94,58.32,57.8,57.95,944624,0.0
2019-02-11,57.98,59.115,57.98,58.865,1652702,0.0
2019-02-12,59.01,59.39,58.95,59.315,1338445,0.0
2019-02-13,58.81,59.18,58,58.66,1772621,0.0
2019-02-14,59,59.22,58.58,58.705,2324206,0.0
2019-02-18,58.5,58.65,57.93,58.21,2965421,0.0
2019-02-19,58.38,59.1,58.21,58.7,2203175,0.0
2019-02-20,58.46,59.73,58.3,58.87,2276055,0.0
2019-02-21,58.8,59.19,58.21,58.44,2020583,0.0
2019-02-24,59.08,59.14,58.27,58.54,2119638,0.0
2019-02-25,58.61,59.05,58.42,58.75,1530700,0.0
2019-02-26,58.33,58.8296,57.91,58.73,4663055,0.0
2019-02-27,63.22,66.38,63.22,63.87,7885600,0.0
2019-02-28,64.37,64.98,63.25,64.75,3394882,0.0
2019-03-03,64.77,65.57,64.29,65.03,3015478,0.0
2019-03-04,64.5,64.5,62.505,62.61,3454639,0.0
2019-03-05,62.73,63.1,61.51,61.74,3955591,0.0
2019-03-06,62,62.6,61.23,61.6,3587795,0.0
2019-03-07,61.23,61.48,60.08,60.6,2545653,0.0
2019-03-10,60.5,61.32,60.45,61.17,3633702,0.0
2019-03-11,60.74,60.99,59.465,60.23,4403834,0.0
2019-03-12,60.11,60.58,59.39,59.77,3454799,0.0
2019-03-13,59.7,60.165,59.57,59.68,3033635,0.0
2019-03-14,60.505,61.08,60.05,60.28,3230829,0.0
2019-03-17,60.33,61.15,60.28,60.59,2271178,0.0
2019-03-18,58.88,58.99,57.53,57.93,5797829,0.0
2019-03-19,56.83,57.55,56.3,56.49,7029338,0.0
2019-03-20,56.65,56.84,54.17,54.19,10812399,0.0
2019-03-21,54.21,54.45,52.9399,53.49,7622625,0.0
2019-03-24,53.52,54.815,53.41,54.55,4600150,0.0
2019-03-25,54.73,55.68,54.705,55.64,6787584,0.0
2019-03-26,55.43,55.78,54.56,54.88,2975988,0.0
2019-03-27,54.79,55.33,54.37,54.45,3975207,0.0
2019-03-28,54.55,54.84,53.74,54.56,3714171,0.0
2019-03-31,54.5,54.87,53.05,53.28,2215223,0.0
2019-04-01,52.99,54.19,52.23,53.31,6653803,0.0
2019-04-02,53.5,53.91,52.445,52.6,4380782,0.0
2019-04-03,52.76,53.12,52.42,52.87,3018404,0.0
2019-04-04,53.23,53.8,52.73,52.89,2692565,0.0
2019-04-07,53.07,53.4,52.75,53.06,2787029,0.0
2019-04-08,53.03,54.74,53.02,54.7,5435501,0.0
2019-04-09,54.7,55.16,54.18,54.97,3836454,0.0
2019-04-10,55.17,55.38,53.86,54.76,5423972,0.0
2019-04-11,54.75,54.93,52.57,53.01,5050960,0.0
2019-04-14,53,54.46,53,54.08,2578122,0.0
2019-04-15,54.09,55.2,53.79,54.22,3697317,0.0
2019-04-16,54.36,55.07,54.29,54.9,3391506,0.0
2019-04-17,55.23,55.42,54.8,55.2,3617731,0.0
2019-04-21,55.04,55.39,54.75,54.97,2448552,0.0
2019-04-22,54.99,56.26,54.99,56.24,3103646,0.0
2019-04-23,56.39,57.15,56.35,56.85,3304778,0.0
2019-04-24,56.26,58.065,55.78,57.91,4197537,0.0
2019-04-25,58.33,59.685,58.33,59.66,4865448,0.0
2019-04-28,59.46,59.57,58.68,58.69,3758645,0.0
2019-04-29,59.18,59.8563,59,59.6,4227800,0.0
2019-04-30,59.48,59.48,57.87,57.93,3273101,0.0
2019-05-01,57.99,58.99,57.44,58,4279705,0.0
2019-05-02,62.9,64.105,61.26,63.13,9335365,0.0
2019-05-05,62.05,62.775,61.36,62.62,2442569,0.0
2019-05-06,62.13,62.33,61.17,61.61,3247244,0.0
2019-05-07,61.47,61.93,61.16,61.67,2951605,0.0
2019-05-08,61.16,62.27,60.74,61.91,2415550,0.0
2019-05-09,61.6,63.16,61.53,63.01,2429942,0.0
2019-05-12,62.22,62.6,61.81,62.34,2752233,0.0
2019-05-13,62.1,62.68,61.5296,62.34,2532520,0.0
2019-05-14,62.25,63.215,62.0553,63.08,1926108,0.0
2019-05-15,63.07,64.17,63.07,63.94,2045656,0.0
2019-05-16,63.87,64.07,63.52,63.64,1600701,0.0
2019-05-19,63.46,63.74,63.15,63.62,1394597,0.0
2019-05-20,63.86,64.01,63.27,63.75,1271115,0.0
2019-05-21,63.7,64.25,63.31,64,2504485,0.0
2019-05-22,63.48,63.92,63,63.23,1591353,0.0
2019-05-23,63.34,63.69,62.75,63.43,1073150,0.0
2019-05-27,63.35,63.82,62.23,62.24,2133124,0.0
2019-05-28,62.51,62.66,61.61,61.75,2301173,0.0
2019-05-29,62,62.43,61.77,62.28,1282564,0.0
2019-05-30,61.95,62.84,61.8,61.85,1958936,0.0
2019-06-02,62.04,63.07,62.04,62.81,2083303,0.0
2019-06-03,63.48,63.49,62.2189,62.87,2160029,0.0
2019-06-04,63.5,64.275,63.34,64.025,3456652,0.0
2019-06-05,64.2,64.26,63.46,63.84,2085373,0.0
2019-06-06,64.35,66.3572,64.27,65.92,4903566,0.0
2019-06-09,65.86,66.29,65.3,65.76,2265385,0.0
2019-06-10,66.01,66.14,64.16,64.49,2627770,0.0
2019-06-11,64.64,65.11,63.93,64.08,1725493,0.0
2019-06-12,64.08,64.39,60.57,60.59,10646227,0.0
2019-06-13,60.81,62.13,60.81,61.33,5753596,0.0
2019-06-16,61.48,62.45,61.21,61.93,2585162,0.0
2019-06-17,62.61,62.81,61.96,62.13,1704750,0.0
2019-06-18,61.98,62.5,61.23,62.36,1274893,0.0
2019-06-19,62.93,63.62,62.7371,63.53,1692066,0.0
2019-06-20,63.5,63.915,63.07,63.77,2650157,0.0
2019-06-23,63.9,64.13,63.505,63.56,1283873,0.0
2019-06-24,63.93,63.93,63.23,63.33,1236579,0.0
2019-06-25,63.75,64.14,63.405,63.6,1815207,0.0
2019-06-26,63.53,63.875,63.33,63.57,1278860,0.0
2019-06-27,63.93,64.35,63.35,63.83,1402011,0.0
2019-06-30,63.1,64.83,63.0488,64.79,2161252,0.0
2019-07-01,65.01,65.34,64.31,64.64,1398536,0.0
2019-07-02,65.02,66.05,64.71,65.94,2154223,0.0
2019-07-04,64.85,65.93,64.85,65.93,832377,0.0
2019-07-07,65.89,66.165,65.39,66,1440341,0.0
2019-07-08,65.7,65.74,64.34,64.75,1884396,0.0
2019-07-09,64.96,65.56,64.8,65.02,1446694,0.0
2019-07-10,65.1,65.1,64.185,64.8,1359523,0.0
2019-07-11,64.88,65.24,64.39,65,1217442,0.0
2019-07-14,65.22,65.7,65.035,65.27,1092564,0.0
2019-07-15,65.1,65.86,65.03,65.81,1804415,0.0
2019-07-16,65.3,65.88,65.2,65.72,1436297,0.0
2019-07-17,65.87,65.94,64.9,64.95,1654653,0.0
2019-07-18,64.75,64.75,62.78,63.26,3403116,0.0
2019-07-21,63.27,64.3,63.01,63.53,1592117,0.0
2019-07-22,64.1,64.38,62.95,64.1,2299659,0.0
2019-07-23,64.28,65.07,64.1,64.74,1559373,0.0
2019-07-24,64.63,65.07,64.035,64.16,1116030,0.0
2019-07-25,64.47,65.43,63.99,65.21,1448386,0.0
2019-07-28,65.23,65.71,65.15,65.391,1584700,0.0
2019-07-29,65.16,65.68,65.05,65.57,1475226,0.0
2019-07-30,65.33,65.44,63.72,64.475,1985299,0.0
2019-07-31,64.79,65.33,63.29,63.46,2321857,0.0
2019-08-01,63.62,63.73,62.21,62.4,2320882,0.0
2019-08-04,63.14,63.14,58.84,58.93,4498309,0.0
2019-08-05,59,60.57,58.57,60.17,5637614,0.0
2019-08-06,59.59,60.63,58.9738,60.4,4532436,0.0
2019-08-07,54.9,62.37,53.81,62.17,11625124,0.0
2019-08-08,61.73,61.8,59.11,59.23,4583520,0.0
2019-08-11,59.02,59.05,56.315,56.48,4324354,0.0
2019-08-12,56.02,58.305,56,58.05,2709240,0.0
2019-08-13,57.34,57.71,55.99,56.08,1990971,0.0
2019-08-14,56.64,57.32,56.12,56.93,2345458,0.0
2019-08-15,57.41,57.69,56.66,57.17,1486744,0.0
2019-08-18,57.95,58.21,57.4,57.81,1756707,0.0
2019-08-19,57.57,58.21,57.07,57.85,1820364,0.0
2019-08-20,58.35,58.48,57.8214,58.04,1450412,0.0
2019-08-21,57.99,58.11,56.72,57.185,2091090,0.0
2019-08-22,57.18,57.66,55.85,56.08,1970238,0.0
2019-08-25,56.52,56.744,55.99,56.66,1358490,0.0
2019-08-26,56.86,57.13,56.05,56.57,1782234,0.0
2019-08-27,57.07,58.46,56.73,58.08,2596602,0.0
2019-08-28,58.64,58.65,57.5,57.61,1744046,0.0
2019-08-29,58.05,58.8275,58.05,58.64,1609068,0.0
2019-09-02,58.12,58.22,57.355,57.64,2183487,0.0
2019-09-03,57.98,58.37,57.65,58.08,1298285,0.0
2019-09-04,58.51,59.02,58.06,58.78,1699594,0.0
2019-09-05,58.75,58.93,57.03,57.13,2516805,0.0
2019-09-08,57.03,57.755,56.32,57.24,3157298,0.0
2019-09-09,56.98,57.76,56.67,57.71,2023652,0.0
2019-09-10,57.37,57.97,55.99,56.86,3252437,0.0
2019-09-11,57.44,58.13,57.32,57.45,1518856,0.0
2019-09-12,57.37,59.565,57.37,58.85,3428846,0.0
2019-09-15,58.57,59.425,58.37,59.22,2390471,0.0
2019-09-16,59.05,59.36,57.6,57.98,3787792,0.0
2019-09-17,57.77,58.57,57.59,58.35,2182541,0.0
2019-09-18,58.54,59.06,58.53,58.79,1339081,0.0
2019-09-19,58.72,59.12,58.32,58.33,3601738,0.0
2019-09-22,58.61,59.52,58.46,59.12,1826422,0.0
2019-09-23,59.42,59.49,58.25,58.84,2008145,0.0
2019-09-24,58.29,58.97,56.92,58.35,2879605,0.0
2019-09-25,58.48,58.8297,56.815,57.77,2155424,0.0
2019-09-26,58.02,58.57,57.39,57.81,1167676,0.0
2019-09-29,58.16,58.85,57.83,58.08,1108008,0.0
2019-09-30,58.09,58.48,56.05,56.42,3072568,0.0
2019-10-01,54.44,55.63,53.67,55.09,4371350,0.0
2019-10-02,55.38,56.01,54.89,55.62,2871381,0.0
2019-10-03,55.82,56.76,55.82,56.56,4760111,0.0
2019-10-06,56.16,56.48,55.58,55.729,6786638,0.0
2019-10-07,55.4,56.825,55.3635,55.88,4629539,0.0
2019-10-08,56.73,56.73,55.94,56.27,2197279,0.0
2019-10-09,56.12,56.36,55.84,56.12,2647680,0.0
2019-10-10,56.48,56.835,56.01,56.25,3807149,0.0
2019-10-13,56.24,56.97,56.06,56.54,2173333,0.0
2019-10-14,56.06,56.54,55.85,56.28,3803927,0.0
2019-10-15,56.37,56.685,55.98,56.52,2636236,0.0
2019-10-16,55.83,57.28,55.83,56.55,7518118,0.0
2019-10-17,56.48,56.87,55.93,56.05,6686697,0.0
2019-10-20,56.23,56.5,56.02,56.27,1269698,0.0
2019-10-21,56.38,56.66,55.94,55.95,1369076,0.0
2019-10-22,56,56.5,55.85,56.21,1197740,0.0
2019-10-23,56.28,56.67,55.76,56.62,1517894,0.0
2019-10-24,56.62,56.759,56,56.36,1325230,0.0
2019-10-27,56.61,56.97,55.86,55.98,2449613,0.0
2019-10-28,55.74,56.62,55.54,56.15,2475283,0.0
2019-10-29,56.07,56.36,55.85,56.15,1978790,0.0
2019-10-30,56.16,56.39,55.5,56.15,1743801,0.0
2019-10-31,56.44,56.71,56.01,56.25,2077151,0.0
2019-11-03,56.58,56.58,55.69,56.09,3030362,0.0
2019-11-04,55.97,57.07,55.865,56.46,3769697,0.0
2019-11-05,56.75,56.9174,55.91,55.98,4180387,0.0
2019-11-06,56,56.94,55.8,56.68,6419984,0.0
2019-11-07,59.5,61.49,57.81,58.18,5424267,0.0
2019-11-10,58.01,58.64,57.1,58.02,2536025,0.0
2019-11-11,57.5,58.49,57.17,58.4,2917579,0.0
2019-11-12,58.29,59.15,58.05,58.95,2066308,0.0
2019-11-13,59.15,59.16,58.68,58.94,1629204,0.0
2019-11-14,59.24,59.38,58.09,58.64,1959828,0.0
2019-11-17,58.54,59.65,58.125,59.03,2397466,0.0
2019-11-18,59.16,59.34,58.56,58.57,1286225,0.0
2019-11-19,58.67,58.97,57.92,58,1727104,0.0
2019-11-20,57.92,58.41,57.59,58.405,1479377,0.0
2019-11-21,58.57,58.9,57.96,58.62,1288347,0.0
2019-11-24,58.85,59.23,58.2799,58.67,1304764,0.0
2019-11-25,58.79,60,58.48,59.68,1633795,0.0
2019-11-26,59.82,60.28,59.7,60.09,1284552,0.0
2019-11-28,59.96,60.11,59.56,59.83,885282,0.0
2019-12-01,59.76,59.88,59.365,59.82,1513441,0.0
2019-12-02,59.24,59.78,58.46,59.01,1931537,0.0
2019-12-03,58.89,60.47,58.89,60.39,1963687,0.0
2019-12-04,60.27,60.29,59.44,59.89,1554254,0.0
2019-12-05,60.07,60.41,59.72,60.04,2019828,0.0
2019-12-08,60.1,60.66,59.57,60.5,1921555,0.0
2019-12-09,60.75,61.545,60.57,61.53,4773078,0.0
2019-12-10,61.62,62.51,61.32,62.43,2732733,0.0
2019-12-11,62.28,62.7,61.91,62.24,1758719,0.0
2019-12-12,62.1,62.48,61.8001,62.221,1924946,0.0
2019-12-15,62.44,62.8,62.02,62.48,1320172,0.0
2019-12-16,62.46,62.9,61.82,62.77,1411070,0.0
2019-12-17,63.06,63.29,62.4,62.86,1959262,0.0
2019-12-18,62.76,63.58,62.65,63.47,2122446,0.0
2019-12-19,63.62,64.02,63.21,63.91,4436631,0.0
2019-12-22,64.14,64.14,63.32,63.35,1522177,0.0
2019-12-23,63.53,63.8,63.3851,63.5,585712,0.0
2019-12-25,63.76,63.93,63.45,63.83,808521,0.0
2019-12-26,63.94,64.07,63.48,63.56,1482813,0.0
2019-12-29,63.42,63.735,63.02,63.3475,1300312,0.0
2019-12-30,63.46,63.75,63.175,63.56,1323850,0.0
2020-01-01,63.75,64.02,63.305,63.69,1377694,0.0
2020-01-02,63.12,63.61,62.87,63.29,1257282,0.0
2020-01-05,62.99,63.53,62.99,63.38,1616417,0.0
2020-01-06,63.87,64.14,63.54,63.69,2944575,0.0
2020-01-07,63.7,64.06,63.37,63.81,2297210,0.0
2020-01-08,64.16,64.34,63.72,64.24,2072299,0.0
2020-01-09,64.68,66.19,64.5,65.345,4123987,0.0
2020-01-12,65.55,65.71,64.655,65.53,2300358,0.0
2020-01-13,65.27,65.87,65.27,65.58,2100962,0.0
2020-01-14,65.61,66.155,65.22,65.88,2121047,0.0
2020-01-15,66.15,67.17,65.97,67.12,2334799,0.0
2020-01-16,67.2,67.62,66.69,67.32,2864824,0.0
2020-01-20,67.29,67.41,66.4,66.83,3935410,0.0
2020-01-21,66.94,67.5,66.72,67.47,3071221,0.0
2020-01-22,67.34,67.95,67.1548,67.77,3768996,0.0
2020-01-23,68,68.01,66.925,67.1,4099992,0.0
2020-01-26,66.86,67.055,66.33,66.62,1748796,0.0
2020-01-27,66.61,67.11,66.61,66.85,1451068,0.0
2020-01-28,66.65,66.91,66.26,66.54,1584045,0.0
2020-01-29,66.3,67.14,65.8,67,2023202,0.0
2020-01-30,66.83,67.48,66.21,66.61,2400601,0.0
2020-02-02,68.87,68.93,67.39,67.4,3534445,0.0
2020-02-03,67.62,69.44,67.62,68.87,5049458,0.0
2020-02-04,69.25,69.74,68.8,68.95,1708401,0.0
2020-02-05,69.42,69.54,68.8,69.48,3020009,0.0
2020-02-06,69.04,69.66,68.88,68.9075,2116309,0.0
2020-02-09,68.82,69.48,68.82,69.18,1661976,0.0
2020-02-10,69.26,69.45,68.8,69.15,1385519,0.0
2020-02-11,69.19,69.6,68.61,69.25,1251765,0.0
2020-02-12,69.25,69.83,69.145,69.695,1126606,0.0
2020-02-13,69.68,69.94,69.4,69.86,1018221,0.0
2020-02-17,69.43,69.97,69.36,69.59,1708151,0.0
2020-02-18,69.72,70.52,69.6,70.1,2695067,0.0
2020-02-19,69.83,70.45,69,70.41,3103284,0.0
2020-02-20,70.02,70.2,69.45,69.74,2659249,0.0
2020-02-23,69.67,70.19,67.79,68.18,2809945,0.0
2020-02-24,68.38,68.51,66.44,66.63,2290131,0.0
2020-02-25,67.11,67.75,65.87,65.9,2830428,0.0
2020-02-26,65.74,65.94,63.44,63.44,4489661,0.0
2020-02-27,64.82,65.04,61.22,62.5,5835466,0.0
2020-03-01,62.12,64.84,61.28,64.8,3844817,0.0
2020-03-02,64.29,66.17,63.13,63.76,4736874,0.0
2020-03-03,65.02,68.14,64.53,68.06,5824068,0.0
2020-03-04,66.27,68.83,66.0827,67.13,5755054,0.0
2020-03-05,64.83,66.45,64.34,66.19,4105477,0.0
2020-03-08,62.07,62.97,61.05,61.78,4935373,0.0
2020-03-09,63.5,66.21,62.91,66.14,6852145,0.0
2020-03-10,64.18,64.74,60.49,61.83,11490002,0.0
2020-03-11,58,60.79,56.63,57.38,6753268,0.0
2020-03-12,59.8,62.5,58.59,62.4,6647040,0.0
2020-03-15,56.2,60.87,54.78,57.44,11066682,0.0
2020-03-16,58.83,60.445,57.61,59.74,5260262,0.0
2020-03-17,57.63,57.63,50.51,55.9,5304929,0.0
2020-03-18,55.71,57.15,51.51,54.32,11315776,0.0
2020-03-19,55.05,55.83,50.06,52.08,5773948,0.0
2020-03-22,52.11,53.34,50.75,50.94,4710931,0.0
2020-03-23,53.11,54.47,51.39,53.73,6230437,0.0
2020-03-24,53.72,55.1,52.66,53.63,4093512,0.0
2020-03-25,54,58.33,53.8241,57.83,4492075,0.0
2020-03-26,56.09,58.09,56,56.39,3036036,0.0
2020-03-29,56.17,58.32,55.6,57.99,5931810,0.0
2020-03-30,56.08,58,55.96,56.26,2356885,0.0
2020-03-31,54.37,54.48,52.73,53.11,3403297,0.0
2020-04-01,52.71,55.2,52.39,55.06,2567081,0.0
2020-04-02,54.52,54.93,53.67,54.22,2044738,0.0
2020-04-05,56.67,58.31,55.46,58.08,7738568,0.0
2020-04-06,59.85,60.53,58.23,58.35,4818792,0.0
2020-04-07,58.16,60.55,57.925,60.26,1752520,0.0
2020-04-08,60.48,61.35,59.83,60.51,1647687,0.0
2020-04-12,60.26,60.59,58.7,59.52,3211542,0.0
2020-04-13,60.8,64.44,60.11,64.39,8589312,0.0
2020-04-14,62.48,63.12,61.68,62.31,7792774,0.0
2020-04-15,63.02,63.13,61.23,61.89,6958874,0.0
2020-04-16,62.57,63.13,61.89,62.19,7653618,0.0
2020-04-19,61.8,62.04,60.91,61.38,7226691,0.0
2020-04-20,59.87,60.42,58.8,59.05,6857690,0.0
2020-04-21,60.1,60.45,59.15,60.09,4082886,0.0
2020-04-22,60.18,60.89,59.46,59.64,5580328,0.0
2020-04-23,59.76,60.635,59.1,59.8,5127600,0.0
2020-04-26,60.6,60.74,59.63,60.53,3449911,0.0
2020-04-27,61.27,61.485,59.29,60.131,2527922,0.0
2020-04-28,60.33,62.53,59.97,62.19,2409597,0.0
2020-04-29,62.34,62.7,61.135,61.82,4757704,0.0
2020-04-30,61.26,61.46,59.17,59.51,1376203,0.0
2020-05-03,59.24,59.58,58.73,59.21,3357198,0.0
2020-05-04,59.49,61.76,59.22,60.65,2050264,0.0
2020-05-05,61.12,61.76,60.5,61.27,2993226,0.0
2020-05-06,61.75,63.1,61.65,62.15,3812202,0.0
2020-05-07,63.38,66.75,63.38,65.78,2923326,0.0
2020-05-10,64.75,67.05,64.75,66.38,3595922,0.0
2020-05-11,66.07,67.215,66.07,66.22,2768042,0.0
2020-05-12,65.72,66.72,64.58,65.2,3411230,0.0
2020-05-13,64.71,65.19,63.9,64.96,3663544,0.0
2020-05-14,64.94,66.345,64.34,66,4631378,0.0
2020-05-17,67.55,67.81,66.22,66.63,1677294,0.0
2020-05-18,66.86,67.745,66.5,67.19,1778140,0.0
2020-05-19,67.72,69.55,67.72,69.36,4427749,0.0
2020-05-20,69.18,69.385,68.08,68.38,1525177,0.0
2020-05-21,67.89,68.84,67.78,68.71,1405300,0.0
2020-05-25,70.25,70.65,68.73,68.97,2532384,0.0
2020-05-26,69.38,70.66,68.9901,70.63,1668235,0.0
2020-05-27,71.11,71.64,69.72,70.9,5277174,0.0
2020-05-28,70.79,72.17,69.84,72.04,1722417,0.0
2020-05-31,72.81,73.43,72.03,72.59,1523214,0.0
2020-06-01,72.62,73,71.49,72.09,3854792,0.0
2020-06-02,72.61,73.06,72.08,72.5,1546931,0.0
2020-06-03,72.34,73.11,70.29,70.95,4660590,0.0
2020-06-04,71.52,72.29,70.49,72.28,3936032,0.0
2020-06-07,71.41,72.11,70.17,70.38,3826374,0.0
2020-06-08,69.98,70.84,69.58,70.48,2543414,0.0
2020-06-09,70.72,70.99,70.01,70.51,1169329,0.0
2020-06-10,69.77,70.38,67.53,67.79,3179306,0.0
2020-06-11,68.77,69.29,68.13,68.5887,335627,0.0
2020-06-14,67.19,68.86,66.62,68.84,1315858,0.0
2020-06-15,70.43,70.5,68.47,69.48,1314533,0.0
2020-06-16,69.95,70.46,69.33,69.56,1232938,0.0
2020-06-17,69.51,70.1,69.2,69.75,2457599,0.0
2020-06-18,70.69,70.95,69.43,70.07,4220576,0.0
2020-06-21,69.54,70.86,69.44,70.28,1349020,0.0
2020-06-22,70.86,71.04,69.99,70.18,1202235,0.0
2020-06-23,69.55,70.13,67.87,68.03,1594166,0.0
2020-06-24,68.08,69.14,67.37,69.06,1344012,0.0
2020-06-25,69.2,69.3769,67.69,67.88,1264151,0.0
2020-06-28,68.39,69.26,67.93,69.12,1220883,0.0
2020-06-29,69.09,69.51,68.58,69.26,1286857,0.0
2020-06-30,69.33,69.97,68.84,69.03,925242,0.0
2020-07-01,69.62,69.94,69.1,69.3,1175798,0.0
