Date,Open,High,Low,Close,Volume,OpenInterest
2016-07-13,53.84,53.99,53.58,53.73,20301866,0.0
2016-07-14,53.87,54,53.21,53.69,25547404,0.0
2016-07-17,53.7,54.34,53.55,53.97,24397620,0.0
2016-07-18,53.72,53.9,52.93,53.0557,41308973,0.0
2016-07-19,56.15,56.84,55.53,55.9,76728806,0.0
2016-07-20,55.98,56.23,55.76,55.81,28934495,0.0
2016-07-21,56.07,56.6275,55.78,56.57,27062964,0.0
2016-07-24,56.41,56.74,56.255,56.73,20177271,0.0
2016-07-25,56.52,57.29,56.51,56.76,23419359,0.0
2016-07-26,56.61,56.8,56.11,56.19,27578995,0.0
2016-07-27,56.01,56.37,55.72,56.21,32081384,0.0
2016-07-28,56.16,56.76,56.05,56.69,24334711,0.0
2016-07-31,56.69,56.75,56.14,56.58,21792161,0.0
2016-08-01,56.84,56.9,56.31,56.58,31532924,0.0
2016-08-02,56.68,57.11,56.49,56.96,18980614,0.0
2016-08-03,56.8,57.5193,56.67,57.39,22527273,0.0
2016-08-04,57.65,58.21,57.45,57.95,21645686,0.0
2016-08-07,58.05,58.085,57.78,58.06,15986342,0.0
2016-08-08,58.17,58.5,58.02,58.2,14531736,0.0
2016-08-09,58.15,58.32,57.82,58.02,13793535,0.0
2016-08-10,58.03,58.45,58.03,58.3,13969425,0.0
2016-08-11,58.03,58.19,57.62,57.94,18489688,0.0
2016-08-14,58.01,58.5,57.96,58.13,15810136,0.0
2016-08-15,57.61,57.62,57.27,57.43,16119420,0.0
2016-08-16,57.54,57.68,57.23,57.56,16003638,0.0
2016-08-17,57.42,57.7,57.27,57.6,10612702,0.0
2016-08-18,57.5,57.73,57.2,57.62,13533973,0.0
2016-08-21,57.57,57.75,57.26,57.66,12748647,0.0
2016-08-22,57.9,58.18,57.85,57.9,14894637,0.0
2016-08-23,57.82,58.04,57.715,57.97,13678513,0.0
2016-08-24,57.88,58.29,57.78,58.19,14353071,0.0
2016-08-25,58.28,58.7,57.69,58.04,18188043,0.0
2016-08-28,58.18,58.6,58.1,58.1,11587271,0.0
2016-08-29,57.98,58.19,57.61,57.89,13514262,0.0
2016-08-30,57.67,57.8,57.3,57.47,15066798,0.0
2016-08-31,57.02,57.82,57.01,57.59,22436146,0.0
2016-09-01,57.67,58.19,57.42,57.67,15651021,0.0
2016-09-05,57.58,57.8,57.21,57.6,12058361,0.0
2016-09-06,57.47,57.84,57.405,57.65,14644431,0.0
2016-09-07,57.62,57.79,57.18,57.42,15613848,0.0
2016-09-08,56.83,57.52,56.21,56.22,26329284,0.0
2016-09-11,55.85,57.205,55.61,57.05,23365534,0.0
2016-09-12,56.49,57.05,56.05,56.53,25500307,0.0
2016-09-13,56.41,56.63,56.03,56.26,19740897,0.0
2016-09-14,56.15,57.35,55.98,57.19,21016427,0.0
2016-09-15,57.44,57.63,56.75,57.24,32046109,0.0
2016-09-18,57.27,57.75,56.85,56.93,16342333,0.0
2016-09-19,57.25,57.35,56.75,56.82,14273432,0.0
2016-09-20,57.51,57.85,57.08,57.75,28279594,0.0
2016-09-21,57.95,58,57.63,57.79,17145656,0.0
2016-09-22,57.9,57.91,57.38,57.44,16020750,0.0
2016-09-25,57.08,57.14,56.83,56.92,16652292,0.0
2016-09-26,56.93,58.06,56.681,57.97,23043718,0.0
2016-09-27,57.87,58.06,57.67,58.01,16659262,0.0
2016-09-28,57.83,58.1679,57.21,57.4,21798136,0.0
2016-09-29,57.57,57.77,57.34,57.59,19645825,0.0
2016-10-02,57.405,57.55,57.06,57.41,16347733,0.0
2016-10-03,57.32,57.595,56.97,57.24,17061458,0.0
2016-10-04,57.32,57.9601,57.26,57.64,13740675,0.0
2016-10-05,57.74,57.86,57.28,57.74,13372542,0.0
2016-10-06,57.88,57.98,57.42,57.79,17192327,0.0
2016-10-09,57.92,58.39,57.87,58.05,16006328,0.0
2016-10-10,57.89,58.02,56.89,57.18,21407214,0.0
2016-10-11,57.12,57.27,56.4,57.11,19737326,0.0
2016-10-12,56.67,57.3,56.315,56.92,20825613,0.0
2016-10-13,57.12,57.74,57.12,57.43,23125614,0.0
2016-10-16,57.36,57.46,56.87,57.21,18286375,0.0
2016-10-17,57.53,57.945,57.41,57.65,15950520,0.0
2016-10-18,57.47,57.84,57.395,57.56,17329160,0.0
2016-10-19,57.5,57.52,56.66,57.24,37793462,0.0
2016-10-20,60.3,60.45,59.485,59.68,68080734,0.0
2016-10-23,59.94,61,59.93,60.99,44808082,0.0
2016-10-24,60.86,61.3699,60.8,61.01,29949216,0.0
2016-10-25,60.8,61.2,60.47,60.63,23483399,0.0
2016-10-26,60.62,60.83,60.09,60.11,24532900,0.0
2016-10-27,60.01,60.52,59.58,59.87,25868056,0.0
2016-10-30,60.16,60.42,59.93,59.93,19487109,0.0
2016-10-31,60,60.02,59.25,59.8,20864523,0.0
2016-11-01,59.82,59.93,59.3,59.43,18577428,0.0
2016-11-02,59.53,59.64,59.11,59.2,16695965,0.0
2016-11-03,58.74,59.28,58.52,58.71,22386455,0.0
2016-11-06,59.795,60.52,59.78,60.42,24180840,0.0
2016-11-07,60.55,60.78,60.15,60.47,19613612,0.0
2016-11-08,60,60.59,59.2,60.17,41737253,0.0
2016-11-09,60.48,60.49,57.6302,58.71,50869218,0.0
2016-11-10,58.27,59.116,58.01,59.02,31874403,0.0
2016-11-13,59.1,59.1,57.28,58.12,34473815,0.0
2016-11-14,58.32,59.49,58.315,58.87,28862044,0.0
2016-11-15,58.94,59.66,54.27,59.64,21150032,0.0
2016-11-16,60.41,60.95,59.965,60.64,27379935,0.0
2016-11-17,60.72,61.14,60.3,60.37,21753885,0.0
2016-11-20,60.54,60.97,60.42,60.87,15522685,0.0
2016-11-21,60.98,61.26,60.805,61.11,16093926,0.0
2016-11-22,61.01,61.1,60.25,60.4,15372652,0.0
2016-11-24,60.3,60.53,60.13,60.53,6353319,0.0
2016-11-27,60.34,61.02,60.21,60.63,14506736,0.0
2016-11-28,60.65,61.41,60.52,61.11,17797603,0.0
2016-11-29,60.86,61.18,60.215,60.26,22149111,0.0
2016-11-30,60.07,60.15,58.935,59.18,27570405,0.0
2016-12-01,59.08,59.47,58.8,59.26,20292229,0.0
2016-12-04,59.7,60.585,59.56,60.21,18016433,0.0
2016-12-05,60.43,60.46,59.8,59.95,15912391,0.0
2016-12-06,60.01,61.38,59.8,61.36,23875202,0.0
2016-12-07,61.3,61.58,60.84,61,17876928,0.0
2016-12-08,61.18,61.99,61.125,61.98,20285734,0.0
2016-12-11,61.87,62.3,61.72,62.17,16223739,0.0
2016-12-12,62.5,63.42,62.24,62.98,28088902,0.0
2016-12-13,63,63.45,62.53,62.69,24307167,0.0
2016-12-14,62.7,63.1535,62.3,62.57,22978222,0.0
2016-12-15,62.91,62.95,62.115,62.3,31174933,0.0
2016-12-18,62.55,63.77,62.42,63.62,24657686,0.0
2016-12-19,63.69,63.8,63.025,63.54,17989534,0.0
2016-12-20,63.49,63.7,63.12,63.55,14075557,0.0
2016-12-21,63.84,64.1,63.405,63.55,17606085,0.0
2016-12-22,63.52,63.54,62.8,63.24,10181580,0.0
2016-12-26,63.21,64.07,63.21,63.27,9585506,0.0
2016-12-27,63.4,63.4,62.83,62.99,11240805,0.0
2016-12-28,62.86,63.2,62.73,62.9,8444209,0.0
2016-12-29,62.98,62.99,62.03,62.15,17483688,0.0
2017-01-02,62.76,62.84,62.125,62.57,16435995,0.0
2017-01-03,62.48,62.75,62.12,62.3,15429637,0.0
2017-01-04,62.19,62.66,62.03,62.3,17069869,0.0
2017-01-05,62.38,63.15,62.04,62.84,16440221,0.0
2017-01-08,62.79,63.08,62.54,62.65,13887243,0.0
2017-01-09,62.73,63.07,62.28,62.62,13723652,0.0
2017-01-10,62.61,63.23,62.43,63.16,17222903,0.0
2017-01-11,63.09,63.4,61.95,62.61,17995223,0.0
2017-01-12,62.62,62.865,62.35,62.685,14606611,0.0
2017-01-16,62.67,62.7,62.03,62.52,14749095,0.0
2017-01-17,62.67,62.7,62.12,62.49,13431945,0.0
2017-01-18,62.31,62.98,62.195,62.29,14868654,0.0
2017-01-19,62.66,62.82,62.37,62.73,22900027,0.0
2017-01-22,62.7,63.1159,62.57,62.98,18034633,0.0
2017-01-23,63.2,63.735,62.94,63.52,20092492,0.0
2017-01-24,63.95,64.1,63.45,63.68,19656218,0.0
2017-01-25,64.12,64.535,63.55,64.28,32126603,0.0
2017-01-26,65.39,65.91,64.89,65.78,38320620,0.0
2017-01-29,65.69,65.79,64.8,65.12,26555160,0.0
2017-01-30,64.86,65.15,64.26,64.65,20404830,0.0
2017-01-31,64.36,64.62,63.47,63.57,34117550,0.0
2017-02-01,63.25,63.41,62.75,63.13,39017149,0.0
2017-02-02,63.5,63.7,63.07,63.67,25803370,0.0
2017-02-05,63.5,63.65,63.14,63.63,14212117,0.0
2017-02-06,63.71,63.8,63.23,63.42,15715409,0.0
2017-02-07,63.56,63.81,63.22,63.33,14227027,0.0
2017-02-08,63.52,64.435,63.32,64.05,19086876,0.0
2017-02-09,64.25,64.3,63.975,64,14569167,0.0
2017-02-12,64.24,64.86,64.13,64.71,16969627,0.0
2017-02-13,64.55,64.72,64.02,64.57,15711785,0.0
2017-02-14,64.49,64.57,64.155,64.53,12789958,0.0
2017-02-15,64.74,65.24,64.44,64.51,17220971,0.0
2017-02-16,64.46,64.69,64.3,64.61,14864868,0.0
2017-02-20,64.64,64.95,64.45,64.46,14724145,0.0
2017-02-21,64.35,64.39,64.05,64.36,15214027,0.0
2017-02-22,64.42,64.7285,64.195,64.62,16672741,0.0
2017-02-23,64.49,64.8,64.135,64.62,17545357,0.0
2017-02-26,64.54,64.54,64.045,64.22,13531600,0.0
2017-02-27,64.08,64.2,63.76,63.98,17245026,0.0
2017-02-28,64.16,64.99,64.0218,64.93,20817697,0.0
2017-03-01,64.69,64.75,63.88,64,20858111,0.0
2017-03-02,63.99,64.28,63.62,64.23,14855220,0.0
2017-03-05,64,64.56,63.81,64.27,13531755,0.0
2017-03-06,64.2,64.775,64.19,64.4,14263527,0.0
2017-03-07,64.26,65.085,64.25,64.99,16415680,0.0
2017-03-08,65.19,65.2,64.48,64.74,15773803,0.0
2017-03-09,65.1,65.26,64.75,64.95,15541488,0.0
2017-03-12,65.01,65.195,64.57,64.71,12765595,0.0
2017-03-13,64.53,64.55,64.15,64.39,10680941,0.0
2017-03-14,64.5,64.92,64.25,64.73,14088987,0.0
2017-03-15,64.75,64.76,64.3,64.64,17178605,0.0
2017-03-16,64.87,65.24,64.68,64.85,34569346,0.0
2017-03-19,64.91,65.175,64.72,64.93,10023933,0.0
2017-03-20,65.19,65.5,64.13,64.21,21579747,0.0
2017-03-21,64.23,65.14,64.12,65.05,15890185,0.0
2017-03-22,64.94,65.235,64.765,64.87,15290037,0.0
2017-03-23,65.17,65.45,64.76,64.99,18510319,0.0
2017-03-26,64.63,65.22,64.35,65.1,13401435,0.0
2017-03-27,64.96,65.47,64.65,65.29,15775649,0.0
2017-03-28,65.12,65.5,64.9475,65.48,11090707,0.0
2017-03-29,65.42,65.98,65.36,65.71,12851700,0.0
2017-03-30,65.65,66.19,65.45,65.87,15302983,0.0
2017-04-02,65.81,65.94,65.19,65.55,15349446,0.0
2017-04-03,65.39,65.81,65.28,65.73,10402128,0.0
2017-04-04,66.3,66.35,65.4443,65.56,18152399,0.0
2017-04-05,65.6,66.055,65.48,65.73,14744729,0.0
2017-04-06,65.85,65.96,65.44,65.69,10993783,0.0
2017-04-09,65.61,65.82,65.36,65.53,11263253,0.0
2017-04-10,65.6,65.61,64.85,65.5,15929107,0.0
2017-04-11,65.42,65.51,65.11,65.22,14342321,0.0
2017-04-12,65.29,65.86,64.95,64.96,14561295,0.0
2017-04-16,65.04,65.49,65.01,65.47,11975562,0.0
2017-04-17,65.33,65.71,65.16,65.39,12899875,0.0
2017-04-18,65.65,65.75,64.89,65.03,17990980,0.0
2017-04-19,65.36,65.75,65.14,65.5,18229134,0.0
2017-04-20,65.56,66.7,65.45,66.41,27485328,0.0
2017-04-23,67.47,67.66,67.1,67.53,24937800,0.0
2017-04-24,67.9,68.04,67.6,67.92,21868697,0.0
2017-04-25,68.08,68.31,67.62,67.82,20489095,0.0
2017-04-26,68.16,68.38,67.58,68.29,27000196,0.0
2017-04-27,68.89,69.14,67.69,68.46,32410019,0.0
2017-04-30,68.67,69.55,68.5,69.43,27119635,0.0
2017-05-01,69.71,69.71,69.13,69.3,19179268,0.0
2017-05-02,69.38,69.38,68.71,69.08,24576064,0.0
2017-05-03,69.03,69.08,68.64,68.81,18561598,0.0
2017-05-04,68.9,69.03,68.485,68.99,15644971,0.0
2017-05-07,68.97,69.05,68.42,68.94,13890169,0.0
2017-05-08,68.86,69.28,68.68,69.03,16849917,0.0
2017-05-09,68.99,69.56,68.92,69.31,15254802,0.0
2017-05-10,68.36,68.73,68.12,68.46,22425064,0.0
2017-05-11,68.61,68.61,68.04,68.38,14153682,0.0
2017-05-14,68.16,68.48,67.57,68.43,23337850,0.0
2017-05-15,68.23,69.44,68.16,69.41,28250842,0.0
2017-05-16,68.89,69.1,67.43,67.45,23586708,0.0
2017-05-17,67.39,68.13,67.14,67.72,20967661,0.0
2017-05-18,67.52,68.095,67.43,67.69,20641486,0.0
2017-05-21,67.89,68.47,67.5,68.45,11423708,0.0
2017-05-22,68.72,68.75,68.38,68.69,12398439,0.0
2017-05-23,68.87,68.88,68.45,68.77,11426105,0.0
2017-05-24,68.97,69.88,68.91,69.62,17091239,0.0
2017-05-25,69.8,70.22,69.52,69.96,16791297,0.0
2017-05-29,69.79,70.41,69.77,70.41,13709243,0.0
2017-05-30,70.52,70.74,69.81,69.87,20186658,0.0
2017-05-31,70.23,70.61,69.451,70.12,17511464,0.0
2017-06-01,70.44,71.86,70.24,71.75,28961739,0.0
2017-06-04,71.97,72.89,71.81,72.28,24816028,0.0
2017-06-05,72.3,72.62,72.27,72.52,25548782,0.0
2017-06-06,72.64,72.77,71.95,72.39,17551012,0.0
2017-06-07,72.51,72.52,71.5,71.93,19767646,0.0
2017-06-08,72.02,72.08,68.59,70.32,42720382,0.0
2017-06-11,69.25,69.94,68.13,69.78,41482160,0.0
2017-06-12,70.02,70.82,69.96,70.65,20601313,0.0
2017-06-13,70.91,71.1,69.43,70.27,21786438,0.0
2017-06-14,69.42,70.21,68.8,69.9,22157711,0.0
2017-06-15,69.76,70.0252,69.22,69.99,30206321,0.0
2017-06-18,70.5,70.945,70.35,70.87,17830499,0.0
2017-06-19,70.82,70.87,69.87,69.9,15352396,0.0
2017-06-20,70.26,70.62,69.94,70.27,15580898,0.0
2017-06-21,70.39,70.59,69.71,70.26,19731427,0.0
2017-06-22,70.08,71.25,69.92,71.23,18099425,0.0
2017-06-25,71.4,71.71,70.445,70.52,15776506,0.0
2017-06-26,70.11,70.18,69.18,69.21,20970243,0.0
2017-06-27,69.2,69.841,68.79,69.8,21955630,0.0
2017-06-28,69.38,69.49,68.09,68.5,24862377,0.0
2017-06-29,68.78,69.38,68.74,68.94,17601453,0.0
2017-07-02,69.33,69.6,68.02,68.16,12769068,0.0
2017-07-04,68.255,69.44,68.22,69.09,16061409,0.0
2017-07-05,68.29,68.78,68.12,68.58,17974879,0.0
2017-07-06,68.71,69.84,68.7,69.45,12769839,0.0
2017-07-09,69.46,70.25,69.2,69.98,12495857,0.0
2017-07-10,70,70.68,69.75,70,14228960,0.0
2017-07-11,70.65,71.28,70.55,71.15,14233021,0.0
2017-07-12,71.45,72.0399,71.31,71.77,16610738,0.0
2017-07-13,72.24,73.27,71.96,72.77,21876503,0.0
2017-07-16,72.8,73.45,72.72,73.35,18235488,0.0
2017-07-17,73.09,73.39,72.66,73.29,22323775,0.0
2017-07-18,73.5,74.04,73.45,73.85,18026166,0.0
2017-07-19,74.17,74.3,73.28,74.25,28766579,0.0
2017-07-20,73.52,74.29,73.17,73.75,38068728,0.0
2017-07-23,73.53,73.75,73.13,73.61,16612296,0.0
2017-07-24,73.8,74.31,73.5,74.199,17659800,0.0
2017-07-25,74.34,74.38,73.81,74.05,12663330,0.0
2017-07-26,73.76,74.42,72.32,73.15,27247287,0.0
2017-07-27,72.72,73.31,72.54,73.03,13851619,0.0
2017-07-30,73.3,73.44,72.41,72.72,17128584,0.0
2017-07-31,73.04,73.42,72.49,72.55,15903866,0.0
2017-08-01,72.52,72.56,71.445,72.245,22675078,0.0
2017-08-02,72.19,72.44,71.845,72.14,14856283,0.0
2017-08-03,72.4,73.04,72.24,72.66,19598667,0.0
2017-08-06,72.8,72.9,72.26,72.4,14859602,0.0
2017-08-07,72.09,73.13,71.75,72.78,16958136,0.0
2017-08-08,72.25,72.51,72.05,72.45,16809135,0.0
2017-08-09,71.95,72.19,71.35,71.42,18839204,0.0
2017-08-10,71.57,72.7,71.28,72.51,17762519,0.0
2017-08-13,73.06,73.72,72.95,73.59,15180242,0.0
2017-08-14,73.59,73.59,73.04,73.23,10965532,0.0
2017-08-15,73.34,74.1,73.17,73.66,15159634,0.0
2017-08-16,73.58,73.87,72.4,72.41,17771980,0.0
2017-08-17,72.27,72.84,71.93,72.5,15495517,0.0
2017-08-20,72.47,72.48,71.7,72.14,13536876,0.0
2017-08-21,72.35,73.24,72.35,73.15,11259616,0.0
2017-08-22,72.96,73.15,72.53,72.73,9356129,0.0
2017-08-23,72.74,72.86,72.07,72.7,10980606,0.0
2017-08-24,72.84,73.35,72.48,72.83,10479523,0.0
2017-08-27,73.06,73.09,72.55,72.83,8558552,0.0
2017-08-28,72.28,73.16,72.05,73.06,8783514,0.0
2017-08-29,72.97,74.2099,72.8293,74,12136966,0.0
2017-08-30,74.03,74.96,73.8,74.78,18870821,0.0
2017-08-31,74.64,74.74,73.64,73.92,16579991,0.0
2017-09-04,73.34,73.89,72.98,73.63,18166527,0.0
2017-09-05,73.77,74.04,73.35,73.4,11715714,0.0
2017-09-06,73.68,74.6,73.6,74.36,14330274,0.0
2017-09-07,74.33,74.44,73.84,74,10963312,0.0
2017-09-10,74.31,74.945,74.31,74.74,12341402,0.0
2017-09-11,74.72,75.24,74.37,74.67,11049704,0.0
2017-09-12,74.93,75.23,74.55,75.2,10329656,0.0
2017-09-13,74.99,75.49,74.52,74.77,11175124,0.0
2017-09-14,74.78,75.39,74.07,75.29,28082035,0.0
2017-09-17,75.26,75.97,75.04,75.16,13840684,0.0
2017-09-18,75.21,75.71,75.01,75.44,11163658,0.0
2017-09-19,75.35,75.55,74.31,74.92,15379769,0.0
2017-09-20,75.11,75.24,74.11,74.22,13079669,0.0
2017-09-21,73.99,74.51,73.85,74.36,10927391,0.0
2017-09-24,74.09,74.25,72.92,73.27,17336711,0.0
2017-09-25,73.67,73.81,72.99,73.3,12187509,0.0
2017-09-26,73.62,74.17,73.17,73.85,14457694,0.0
2017-09-27,73.49,73.97,73.31,73.86,8370838,0.0
2017-09-28,73.94,74.535,73.88,74.45,11205045,0.0
2017-10-01,74.71,75.01,74.295,74.6,11404821,0.0
2017-10-02,74.67,74.88,74.195,74.27,9644835,0.0
2017-10-03,74,74.72,73.71,74.68,10805468,0.0
2017-10-04,75.28,76.12,74.96,75.97,16514665,0.0
2017-10-05,75.66,76.03,75.54,75.99,9781178,0.0
2017-10-08,75.97,76.55,75.86,76.3,8652527,0.0
2017-10-09,76.33,76.63,76.14,76.31,10567983,0.0
2017-10-10,76.36,76.46,75.95,76.41,10151019,0.0
2017-10-11,76.49,77.29,76.37,77.13,13313631,0.0
2017-10-12,77.59,77.87,77.29,77.5,10518365,0.0
2017-10-15,77.42,77.81,77.35,77.66,9688876,0.0
2017-10-16,77.48,77.62,77.25,77.57,11253367,0.0
2017-10-17,77.65,77.85,77.37,77.64,10793488,0.0
2017-10-18,77.48,77.93,77.35,77.92,11559476,0.0
2017-10-19,78.32,78.97,78.22,78.8,15081216,0.0
2017-10-22,78.99,79.34,78.76,78.85,16000521,0.0
2017-10-23,78.91,79.2,78.46,78.86,13349267,0.0
2017-10-24,78.55,79.1,78.01,78.64,15372025,0.0
2017-10-25,79.18,79.42,78.75,78.75,22852523,0.0
2017-10-26,84.37,86.2,83.61,83.82,57457370,0.0
2017-10-29,83.71,84.325,83.105,83.84,23604859,0.0
2017-10-30,84.33,84.36,83.11,83.18,21563823,0.0
2017-10-31,83.7,83.76,82.88,83.16,18491619,0.0
2017-11-01,83.35,84.46,83.12,84.06,20098863,0.0
2017-11-02,84.13,84.54,83.4,84.13,14456224,0.0
2017-11-05,84.2,84.7,84.0825,84.48,14034130,0.0
2017-11-06,84.76,84.9,83.93,84.26,13225698,0.0
2017-11-07,84.16,84.61,83.83,84.57,11263327,0.0
2017-11-08,84.11,84.27,82.9,84.09,16833031,0.0
2017-11-09,83.79,84.095,83.23,83.86,13902816,0.0
2017-11-12,83.66,83.94,83.46,83.93,9097109,0.0
2017-11-13,83.5,84.1,82.98,84.05,15246771,0.0
2017-11-14,83.47,83.69,82.69,82.99,14184790,0.0
2017-11-15,83.1,83.42,82.94,83.19,16201819,0.0
2017-11-16,83.12,83.12,82.24,82.37,17427406,0.0
2017-11-19,82.4,82.59,82.25,82.54,11458697,0.0
2017-11-20,82.74,83.84,82.74,83.73,14281714,0.0
2017-11-21,83.83,83.9,83.04,83.09,12488334,0.0
2017-11-23,83.01,83.43,82.78,83.27,5113940,0.0
2017-11-26,83.31,83.98,83.3,83.86,13338797,0.0
2017-11-27,84.06,85.06,84.02,84.88,15939430,0.0
2017-11-28,84.82,84.9172,83.175,83.335,21805588,0.0
2017-11-29,83.61,84.52,83.34,84.09,19969980,0.0
2017-11-30,83.55,84.81,83.22,84.26,22970612,0.0
2017-12-03,84.36,84.42,80.7,81.07,31853041,0.0
2017-12-04,81.38,82.68,80.9801,81.59,20003644,0.0
2017-12-05,81.67,83.14,81.43,82.79,16112520,0.0
2017-12-06,82.62,82.8,82,82.49,15963626,0.0
2017-12-07,83.42,84.58,83.33,84.16,19415557,0.0
2017-12-10,84.29,85.37,84.12,85.22,14466549,0.0
2017-12-11,85.31,86.05,85.08,85.62,17798973,0.0
2017-12-12,85.74,86,85.17,85.35,16782602,0.0
2017-12-13,85.43,85.87,84.53,84.72,13606534,0.0
2017-12-14,85.16,87.09,84.88,86.82,33887452,0.0
2017-12-17,87.12,87.4999,86.23,86.44,16398158,0.0
2017-12-18,86.34,86.35,85.27,85.83,16981526,0.0
2017-12-19,86.2,86.3,84.71,85.59,15115256,0.0
2017-12-20,86.05,86.1,85.4,85.57,11191800,0.0
2017-12-21,85.4,85.63,84.92,85.58,10311176,0.0
2017-12-25,85.31,85.5346,85.03,85.4,7347118,0.0
2017-12-26,85.69,85.98,85.215,85.69,9705456,0.0
2017-12-27,85.9,85.93,85.55,85.7,7708547,0.0
2017-12-28,85.6,86.05,85.5,85.59,11171082,0.0
2018-01-01,86.23,86.31,85.5,85.91,15946903,0.0
2018-01-02,86.055,86.51,85.97,86.33,18225043,0.0
2018-01-03,86.59,87.66,86.57,87.12,16777774,0.0
2018-01-04,87.66,88.41,87.43,88.11,16194855,0.0
2018-01-07,88.16,88.58,87.6046,88.22,13254610,0.0
2018-01-08,88.65,88.7272,87.86,88.23,15553464,0.0
2018-01-09,87.86,88.19,87.41,87.81,13769912,0.0
2018-01-10,88.13,88.13,87.24,88.06,13433296,0.0
2018-01-11,88.67,89.78,88.45,89.59,18677802,0.0
2018-01-15,90.1,90.79,88.0104,88.38,28953637,0.0
2018-01-16,89.13,90.28,88.75,90.15,18691606,0.0
2018-01-17,89.77,90.67,89.66,90.12,17594256,0.0
2018-01-18,90.12,90.61,89.66,90,21920036,0.0
2018-01-21,89.92,91.62,89.74,91.61,15565596,0.0
2018-01-22,91.9,92.3,91.54,91.89,17077128,0.0
2018-01-23,92.43,93.43,91.58,91.84,23289680,0.0
2018-01-24,92.45,93.24,91.93,92.32,19881302,0.0
2018-01-25,93.12,94.06,92.58,94.04,17480578,0.0
2018-01-28,95.13,95.45,93.72,93.87,22587535,0.0
2018-01-29,93.3,93.66,92.1,92.77,25122127,0.0
2018-01-30,93.75,95.4,93.51,95.2,34696608,0.0
2018-01-31,94.79,96.07,93.5813,94.24,37745992,0.0
2018-02-01,93.74,93.97,91.645,91.76,36612054,0.0
2018-02-04,90.56,93.24,88,88,39934296,0.0
2018-02-05,86.92,91.475,85.25,91.34,55761173,0.0
2018-02-06,90.42,91.77,89.2,89.58,34041464,0.0
2018-02-07,89.71,89.875,84.76,84.99,43004812,0.0
2018-02-08,86.24,88.93,83.83,88.15,52511195,0.0
2018-02-11,88.74,89.78,87.9295,89.15,27427576,0.0
2018-02-12,88.93,90,87.8,89.781,21053197,0.0
2018-02-13,88.51,90.99,88.41,90.83,28634433,0.0
2018-02-14,91.21,92.72,90.62,92.72,22219675,0.0
2018-02-15,92.54,93.5,91.81,91.93,24570768,0.0
2018-02-19,91.4,93.06,91.01,92.72,19085204,0.0
2018-02-20,93.01,93.3595,91.5,91.5,21570589,0.0
2018-02-21,92.07,92.73,91.36,91.74,17551114,0.0
2018-02-22,92.75,94.07,92.36,94.07,19685183,0.0
2018-02-25,94.38,95.45,94.25,95.43,22163789,0.0
2018-02-26,95.74,95.84,94.21,94.21,20722143,0.0
2018-02-27,94.8,95.705,93.63,93.77,20457129,0.0
2018-02-28,93.94,94.57,91.84,92.84,29498871,0.0
2018-03-01,91.58,93.15,90.86,93.04,25430376,0.0
2018-03-04,92.44,94.27,92.26,93.64,18284476,0.0
2018-03-05,94.34,94.49,92.941,93.32,17463097,0.0
2018-03-06,93.13,93.9406,92.43,93.86,20628659,0.0
2018-03-07,94.27,95.1,93.765,94.43,20278411,0.0
2018-03-08,95.25,96.54,95,96.54,30019964,0.0
2018-03-11,96.57,97.21,96.04,96.76,18323377,0.0
2018-03-12,97.04,97.24,93.97,94.42,28445957,0.0
2018-03-13,95.12,95.41,93.5,93.85,23749059,0.0
2018-03-14,93.53,94.58,92.83,94.18,21839469,0.0
2018-03-15,94.69,95.38,93.92,94.49,30567501,0.0
2018-03-18,93.74,93.96,92.11,92.96,25643612,0.0
2018-03-19,93.05,93.77,93,93.14,16733177,0.0
2018-03-20,92.93,94.05,92.21,92.48,19375273,0.0
2018-03-21,91.3,91.75,89.66,89.8,30929336,0.0
2018-03-22,89.5,90.46,87.08,87.13,32580212,0.0
2018-03-25,90.61,94,90.4,93.77,44191077,0.0
2018-03-26,94.94,95.139,88.51,89.48,44401091,0.0
2018-03-27,89.8,91.23,88.873,89.38,44401426,0.0
2018-03-28,90.18,92.29,88.4,91.25,34220309,0.0
2018-04-01,90.47,90.88,87.51,88.67,37931104,0.0
2018-04-02,89.575,90.05,87.89,89.72,28700911,0.0
2018-04-03,87.91,92.76,87.73,92.27,28793052,0.0
2018-04-04,92.63,93.065,91.4,92.38,22595556,0.0
2018-04-05,91.49,92.46,89.48,90.22,27856851,0.0
2018-04-08,91.03,93.17,90.62,90.78,22503069,0.0
2018-04-09,92.36,93.28,91.64,92.89,20884258,0.0
2018-04-10,92.03,93.29,91.48,91.87,20066252,0.0
2018-04-11,92.54,94.16,92.43,93.6,20097822,0.0
2018-04-12,94.06,94.18,92.44,93.08,17836388,0.0
2018-04-15,94.08,94.66,93.42,94.17,15613866,0.0
2018-04-16,95,96.54,94.88,96.06,20537714,0.0
2018-04-17,96.2,96.72,95.52,96.45,17553066,0.0
2018-04-18,96.44,97.07,95.34,96.1,18516547,0.0
2018-04-19,95.9,96.11,94.05,95,23489382,0.0
2018-04-22,95.7436,96.29,94.295,95.36,16063802,0.0
2018-04-23,96.242,96.47,92.41,93.08,26742490,0.0
2018-04-24,93.14,93.3,90.28,92.44,27024716,0.0
2018-04-25,93.54,95.15,93.1,94.27,26009528,0.0
2018-04-26,97.56,97.9,93.91,95.82,40936114,0.0
2018-04-29,96.27,96.3964,93.15,93.52,27658162,0.0
2018-04-30,93.25,95.29,92.79,94.98,26196587,0.0
2018-05-01,94.96,95.17,93.19,93.51,21814017,0.0
2018-05-02,92.97,94.925,92.45,94.07,23884743,0.0
2018-05-03,93.32,95.37,92.92,95.16,17424946,0.0
2018-05-06,95.3,96.71,95.1,96.24,19487625,0.0
2018-05-07,95.87,96.16,95.0631,95.84,17292975,0.0
2018-05-08,96,96.94,95.05,96.83,17816878,0.0
2018-05-09,97.36,97.95,97.05,97.9,14957118,0.0
2018-05-10,97.69,97.87,97.04,97.71,11709534,0.0
2018-05-13,97.79,98.69,97.31,98.04,14173152,0.0
2018-05-14,97.45,97.85,96.34,97.32,18201383,0.0
2018-05-15,97.35,97.4,96.615,97.15,13127063,0.0
2018-05-16,96.76,97.5401,95.83,96.18,12055719,0.0
2018-05-17,96.01,96.93,96.01,96.36,12584590,0.0
2018-05-20,96.95,98.01,96.8,97.64,12950760,0.0
2018-05-21,97.68,98.17,97.2,97.57,10606834,0.0
2018-05-22,96.63,98.73,96.32,98.72,14419679,0.0
2018-05-23,98.71,98.94,96.81,98.32,16811830,0.0
2018-05-24,98.3,98.98,97.86,98.38,14109305,0.0
2018-05-28,97.84,98.88,97.23,98.01,21017668,0.0
2018-05-29,98.31,99.25,97.91,98.91,17194640,0.0
2018-05-30,99.29,99.99,98.61,98.86,19619126,0.0
2018-05-31,99.24,100.86,99.17,100.76,21330002,0.0
2018-06-03,101.26,101.86,100.851,101.66,22162358,0.0
2018-06-04,101.98,102.33,101.53,102.2,17212719,0.0
2018-06-05,102.48,102.6,101.9,102.57,14504622,0.0
2018-06-06,102.65,102.69,100.38,100.92,20574983,0.0
2018-06-07,101,101.95,100.54,101.63,16038948,0.0
2018-06-10,101.37,101.59,100.67,101.08,14182052,0.0
2018-06-11,101.1,101.4493,100.75,101.3,14010310,0.0
2018-06-12,101.72,102.01,100.56,100.9,19139743,0.0
2018-06-13,101.65,102.03,101,101.42,18240120,0.0
2018-06-14,101.49,101.53,100.07,100.22,32823486,0.0
2018-06-17,100.05,101.11,99.42,100.88,18126166,0.0
2018-06-18,99.59,101,99.5,100.88,19836211,0.0
2018-06-19,101.24,102.52,101.12,101.95,19979007,0.0
2018-06-20,102.08,102.46,100.88,101.15,16395234,0.0
2018-06-21,100.43,100.77,99.625,100.3,19768752,0.0
2018-06-24,100,100.11,97.3,98.39,28800200,0.0
2018-06-25,98.84,100.08,98.75,99.07,19461329,0.0
2018-06-26,99.33,100.02,97.4,97.54,22794798,0.0
2018-06-27,97.41,99.11,97.26,98.63,20529720,0.0
2018-06-28,98.86,99.91,98.49,98.61,17372146,0.0
2018-07-01,98.1,100.06,98,100.02,14373905,0.0
2018-07-02,100.41,100.63,98.94,99.07,11317858,0.0
2018-07-04,99.5,99.92,99.0299,99.77,15256821,0.0
2018-07-05,99.97,101.43,99.67,101.17,13909286,0.0
2018-07-08,101.57,102.25,101.251,101.87,12523936,0.0
2018-07-09,102,102.51,101.86,102.06,14648780,0.0
2018-07-10,101.11,102.34,101.1,102.02,14571269,0.0
2018-07-11,102.76,104.41,102.73,104.16,19553444,0.0
2018-07-12,104.37,105.6,104.09,105.42,19824163,0.0
2018-07-15,105.4,105.82,104.515,104.92,15888037,0.0
2018-07-16,104.61,106.5,104.32,105.95,20152551,0.0
2018-07-17,105.89,106.05,104.715,105.1,22613518,0.0
2018-07-18,104.93,105.31,103.89,104.73,26334744,0.0
2018-07-19,108.15,108.2,106.08,106.28,46213471,0.0
2018-07-22,106.35,108.14,106.13,107.963,23274012,0.0
2018-07-23,108.57,108.82,107.26,107.63,21178411,0.0
2018-07-24,107.92,111.15,107.6,110.82,25191275,0.0
2018-07-25,110.74,111,109.5,109.61,23225039,0.0
2018-07-26,110.18,110.18,106.14,107.67,31542661,0.0
2018-07-29,107.16,107.53,104.76,105.38,28582775,0.0
2018-07-30,106.53,106.72,105.38,106.1,19386929,0.0
2018-07-31,106.03,106.446,105.42,106.28,17764682,0.0
2018-08-01,105.34,108.09,104.84,107.56,19808339,0.0
2018-08-02,107.73,108.05,106.82,108.03,12963551,0.0
2018-08-05,107.91,108.42,107.559,108.13,10726095,0.0
2018-08-06,108.54,109.1,108.17,108.87,12807820,0.0
2018-08-07,109.34,109.75,108.7599,109.48,11722803,0.0
2018-08-08,109.84,110.16,109.6,109.67,10822663,0.0
2018-08-09,109.25,109.69,108.38,109.01,12716916,0.0
2018-08-12,109.26,109.58,108.1,108.22,13824976,0.0
2018-08-13,108.56,109.75,108.04,109.57,13296106,0.0
2018-08-14,108.46,108.985,106.82,107.68,24017689,0.0
2018-08-15,108.3,108.86,107.3,107.64,14932506,0.0
2018-08-16,107.37,107.9,106.69,107.58,14381665,0.0
2018-08-19,107.51,107.9,106.48,106.87,12730179,0.0
2018-08-20,106.92,107.35,105.85,105.98,16314193,0.0
2018-08-21,105.85,107.34,105.78,107.07,14364600,0.0
2018-08-22,107.15,108.18,106.87,107.56,13516140,0.0
2018-08-23,107.67,108.56,107.56,108.4,12216236,0.0
2018-08-26,109.27,109.64,108.51,109.6,13781044,0.0
2018-08-27,109.94,110.5,109.79,110.32,14522560,0.0
2018-08-28,110.45,112.03,110.27,112.02,15968290,0.0
2018-08-29,111.66,112.61,111.44,111.95,17965934,0.0
2018-08-30,111.59,112.777,111.515,112.33,15537667,0.0
2018-09-03,110.85,111.955,110.22,111.74,17050329,0.0
2018-09-04,111.02,111.42,108.1,108.51,25448481,0.0
2018-09-05,108.56,108.99,107.51,108.75,17497579,0.0
2018-09-06,108.23,108.7248,107.23,108.29,17103046,0.0
2018-09-09,108.85,109.64,108.36,109.44,13283232,0.0
2018-09-10,108.96,111.59,108.89,111.26,17785222,0.0
2018-09-11,111.43,111.85,110.51,111.67,13746168,0.0
2018-09-12,112.12,113.725,112.12,112.91,18563911,0.0
2018-09-13,113.36,113.73,112.44,113.35,14048905,0.0
2018-09-16,113.69,113.7,111.86,112.18,14823159,0.0
2018-09-17,112.07,113.695,111.72,113.22,15934532,0.0
2018-09-18,113.05,113.32,111.035,111.7,16564670,0.0
2018-09-19,112.29,113.8,111.93,113.58,17279376,0.0
2018-09-20,113.95,115.29,113.51,114.81,36610369,0.0
2018-09-23,113.02,114.9,112.2175,114.67,18538910,0.0
2018-09-24,114.8,115.1,113.75,114.46,14827820,0.0
2018-09-25,114.47,115.055,113.74,114.13,14168453,0.0
2018-09-26,114.78,114.91,114.2,114.44,11768376,0.0
2018-09-27,114.19,114.57,113.68,114.49,12954086,0.0
2018-09-30,114.75,115.68,114.73,115.59,13558420,0.0
2018-10-01,115.3,115.84,114.44,115.14,13280802,0.0
2018-10-02,115.42,116.18,114.93,115.16,12591201,0.0
2018-10-03,114.68,114.7588,111.63,112.85,26953316,0.0
2018-10-04,112.63,113.17,110.64,112.12,23070151,0.0
2018-10-07,111.73,112.03,109.34,110.86,22739108,0.0
2018-10-08,111.14,113.08,110.8,112.26,20674609,0.0
2018-10-09,111.2,111.5,105.79,106.26,47382384,0.0
2018-10-10,105.23,108.93,104.2,105.92,50883866,0.0
2018-10-11,109.02,110.01,107.12,109.54,35626400,0.0
2018-10-14,108.93,109.48,106.9468,107.54,23908246,0.0
2018-10-15,109.6,111.41,108.95,110.89,23597531,0.0
2018-10-16,111.69,111.81,109.5482,110.72,19949245,0.0
2018-10-17,110.13,110.53,107.83,108.51,24073535,0.0
2018-10-18,109.51,110.86,108.21,108.55,24632864,0.0
2018-10-21,109.32,110.54,108.24,109.63,20413784,0.0
2018-10-22,107.6,108.97,105.11,108.11,35482036,0.0
2018-10-23,108.4,108.49,101.5901,102.38,46696699,0.0
2018-10-24,106.58,109.27,106.15,108.3,48847609,0.0
2018-10-25,105.55,108.75,104.76,106.96,43200754,0.0
2018-10-28,108.01,108.7,101.63,104.09,44852738,0.0
2018-10-29,103.66,104.38,100.11,103.75,55117624,0.0
2018-10-30,105.42,108.14,105.39,106.79,37988289,0.0
2018-10-31,107.08,107.32,105.53,105.91,26202582,0.0
2018-11-01,106.43,107.32,104.975,106.15,28930155,0.0
2018-11-04,106.38,107.74,105.9,107.49,22902124,0.0
2018-11-05,107.38,108.84,106.28,107.71,18994437,0.0
2018-11-06,109.44,112.24,109.4,111.96,30323142,0.0
2018-11-07,111.79,112.21,110.91,111.79,20673762,0.0
2018-11-08,110.9,111.45,108.76,109.53,23853962,0.0
2018-11-11,109.42,109.96,106.1,106.92,26430647,0.0
2018-11-12,107.55,108.74,106.64,106.94,27177181,0.0
2018-11-13,108.1,108.26,104.47,105.01,34753354,0.0
2018-11-14,104.99,107.8,103.91,107.38,30691584,0.0
2018-11-15,107.08,108.88,106.8,108.37,29237612,0.0
2018-11-18,108.27,108.56,103.55,104.6,38787859,0.0
2018-11-19,101.76,104.62,99.3528,101.71,52775068,0.0
2018-11-20,103.6,104.43,101.71,103.08,25090358,0.0
2018-11-22,102.17,103.8099,102,103.02,11513266,0.0
2018-11-25,104.79,106.63,104.58,106.5,28004620,0.0
2018-11-26,106.27,107.33,105.36,107.2,25435800,0.0
2018-11-27,107.89,111.33,107.86,111.13,41279080,0.0
2018-11-28,110.33,111.115,109.03,110.2,24726368,0.0
2018-11-29,110.7,110.97,109.36,110.89,23684552,0.0
2018-12-02,113,113.42,110.73,112.09,29289900,0.0
2018-12-03,111.94,112.6373,108.2115,108.5,35555672,0.0
2018-12-05,105.82,109.24,105,109.19,42565498,0.0
2018-12-06,108.38,109.45,104.3,104.78,38132100,0.0
2018-12-09,104.8,107.98,103.89,107.56,35397587,0.0
2018-12-10,109.8,110.95,107.44,108.66,39159096,0.0
2018-12-11,110.89,111.27,109.04,109.08,29976735,0.0
2018-12-12,109.58,110.87,108.63,109.35,26137509,0.0
2018-12-13,108.25,109.26,105.5,106.02,40456740,0.0
2018-12-16,105.41,105.8,101.71,102.93,42274046,0.0
2018-12-17,103.75,104.51,102.52,103.94,37008892,0.0
2018-12-18,103.65,106.88,101.35,103.71,54251060,0.0
2018-12-19,103.05,104.31,98.78,101.42,58498110,0.0
2018-12-20,101.63,103,97.46,98.07,85771956,0.0
2018-12-23,97.68,97.97,94,94.04,40122880,0.0
2018-12-25,95.14,100.6,93.96,100.53,44729788,0.0
2018-12-26,99.3,101.19,96.4,101.05,41666659,0.0
2018-12-27,102.09,102.41,99.52,100.3487,33525337,0.0
2018-12-30,101.29,102.4,100.44,100.83,24324186,0.0
2019-01-01,99.55,101.75,98.94,101.01,26692255,0.0
2019-01-02,100,100.185,97.4,97.5,34611003,0.0
2019-01-03,99.72,102.51,98.93,101.775,35976325,0.0
2019-01-06,101.64,103.2681,100.98,102.15,28570376,0.0
2019-01-07,103.04,103.97,101.7134,102.73,25193769,0.0
2019-01-08,103.86,104.88,103.2445,104.25,27578681,0.0
2019-01-09,103.22,103.66,102.38,103.57,23141246,0.0
2019-01-10,102.95,103.44,101.64,102.81,23708629,0.0
2019-01-13,101.9,102.8716,101.26,102.12,19299980,0.0
2019-01-14,102.51,105.05,101.88,104.78,26725036,0.0
2019-01-15,105.26,106.255,104.96,105.39,24069834,0.0
2019-01-16,105,106.625,104.76,106.1,22660985,0.0
2019-01-17,107.46,107.9,105.92,107.6,34864877,0.0
2019-01-21,106.75,107.1,104.86,105.315,23461439,0.0
2019-01-22,106.2,107.04,105.34,106.54,21504900,0.0
2019-01-23,106.86,107,105.34,106.23,20135205,0.0
2019-01-24,107.24,107.88,106.59,106.95,24504900,0.0
2019-01-27,106.26,106.48,104.66,105.015,25364435,0.0
2019-01-28,104.88,104.97,102.17,102.89,27146195,0.0
2019-01-29,104.62,106.36,104.33,106.28,33864443,0.0
2019-01-30,103.8,105.22,103.18,104.4575,44935530,0.0
2019-01-31,103.775,104.0999,102.35,102.625,26737879,0.0
2019-02-03,102.87,105.77,102.77,105.62,23658120,0.0
2019-02-04,106.06,107.27,105.96,107.11,20654191,0.0
2019-02-05,107,107,105.53,106.06,16159849,0.0
2019-02-06,105.185,105.59,104.29,105.19,21525386,0.0
2019-02-07,104.39,105.43,104.2603,105.42,16338977,0.0
2019-02-10,106.2,106.58,104.965,105.255,14633052,0.0
2019-02-11,106.14,107.14,105.48,106.835,20510887,0.0
2019-02-12,107.5,107.78,106.75,106.785,14473482,0.0
2019-02-13,106.31,107.29,105.66,106.96,17159054,0.0
2019-02-14,107.91,108.3,107.3624,108.13,25025029,0.0
2019-02-18,107.79,108.66,107.78,108.13,15253556,0.0
2019-02-19,107.86,107.94,106.29,107.2,17187539,0.0
2019-02-20,106.9,109.48,106.87,109.44,25915604,0.0
2019-02-21,110.05,111.2,109.82,110.965,23375592,0.0
2019-02-24,111.76,112.18,111.26,111.59,20242749,0.0
2019-02-25,111.26,113.24,111.17,112.36,18277715,0.0
2019-02-26,111.69,112.36,110.88,112.19,17875661,0.0
2019-02-27,112.04,112.88,111.73,112.05,19840129,0.0
2019-02-28,112.89,113.02,111.665,112.52,17168519,0.0
2019-03-03,113.02,113.25,110.8,112.28,22345599,0.0
2019-03-04,112.25,112.39,111.23,111.68,13496616,0.0
2019-03-05,111.87,112.66,111.43,111.74,15184072,0.0
2019-03-06,111.4,111.55,109.865,110.38,18259392,0.0
2019-03-07,109.16,110.71,108.8,110.52,18892798,0.0
2019-03-10,110.99,112.95,110.98,112.83,19241941,0.0
2019-03-11,112.86,113.99,112.6499,113.64,20681885,0.0
2019-03-12,114.13,115,113.78,114.51,20619125,0.0
2019-03-13,114.54,115.2,114.33,114.57,16713862,0.0
2019-03-14,115.69,117.25,114.59,115.9,23202509,0.0
2019-03-17,116.17,117.61,116.05,117.59,21942113,0.0
2019-03-18,118.09,118.44,116.99,117.7,25475440,0.0
2019-03-19,117.45,118.75,116.71,117.52,21986538,0.0
2019-03-20,117.16,120.82,117.09,120.64,22834181,0.0
2019-03-21,119.5,119.59,117.04,117.05,26750164,0.0
2019-03-24,116.56,118.01,116.3224,117.65,22936587,0.0
2019-03-25,118.62,118.705,116.85,117.93,22681905,0.0
2019-03-26,117.875,118.21,115.5215,116.77,18543485,0.0
2019-03-27,117.44,117.58,116.13,116.94,15494458,0.0
2019-03-28,118.07,118.32,116.96,117.95,16128389,0.0
2019-03-31,118.95,119.1085,118.1,119.02,8128294,0.0
2019-04-01,119.06,119.48,118.52,119.18,13361925,0.0
2019-04-02,119.86,120.43,119.15,119.97,17563298,0.0
2019-04-03,120.1,120.23,118.38,119.33,17625872,0.0
2019-04-04,119.39,120.23,119.37,119.88,13035577,0.0
2019-04-07,119.81,120.02,118.64,119.89,12337365,0.0
2019-04-08,118.63,119.54,118.58,119.31,14437011,0.0
2019-04-09,119.76,120.35,119.54,120.22,12397296,0.0
2019-04-10,120.54,120.85,119.92,120.33,12121919,0.0
2019-04-11,120.64,120.98,120.37,120.96,15152387,0.0
2019-04-14,120.94,121.58,120.57,121.06,12425436,0.0
2019-04-15,121.64,121.65,120.1,120.79,12160306,0.0
2019-04-16,121.24,121.85,120.54,121.75,16079497,0.0
2019-04-17,122.22,123.52,121.3018,123.37,26027150,0.0
2019-04-21,122.62,124,122.57,123.76,13019059,0.0
2019-04-22,124.1,128.28,123.83,125.44,20090478,0.0
2019-04-23,125.79,125.85,124.52,125.09,21670672,0.0
2019-04-24,130.06,131.37,128.83,129.08,33687312,0.0
2019-04-25,129.7,130.5152,129.02,129.89,19067688,0.0
2019-04-28,129.9,130.18,129.35,129.74,13768507,0.0
2019-04-29,129.81,130.7,129.3947,130.58,19549110,0.0
2019-04-30,130.53,130.65,127.7,127.8768,23607029,0.0
2019-05-01,127.98,128,125.52,126.2,24625810,0.0
2019-05-02,127.36,129.43,127.25,128.89,21930200,0.0
2019-05-05,126.39,128.56,126.11,128.16,19544222,0.0
2019-05-06,126.46,127.18,124.22,125.57,29045897,0.0
2019-05-07,125.44,126.37,124.75,125.44,20819937,0.0
2019-05-08,124.29,125.79,123.57,125.51,23111514,0.0
2019-05-09,124.91,127.93,123.82,127.19,26418546,0.0
2019-05-12,124.11,125.55,123.04,123.31,28096397,0.0
2019-05-13,123.87,125.88,123.7,124.72,20940204,0.0
2019-05-14,124.26,126.71,123.7,126.05,21509877,0.0
2019-05-15,126.75,129.38,126.46,128.95,24762656,0.0
2019-05-16,128.305,130.46,127.92,128.07,23154739,0.0
2019-05-19,126.52,127.5894,125.7607,126.2,18433566,0.0
2019-05-20,127.43,127.5273,126.58,126.9,12132102,0.0
2019-05-21,126.62,128.24,126.52,127.66,12781907,0.0
2019-05-22,126.2,126.29,124.74,126.18,20026729,0.0
2019-05-23,126.91,127.415,125.97,126.23,12380286,0.0
2019-05-27,126.94,128,126.05,126.05,15677726,0.0
2019-05-28,125.38,125.39,124.04,124.94,19094366,0.0
2019-05-29,125.26,125.76,124.78,125.73,14940725,0.0
2019-05-30,124.23,124.615,123.32,123.59,19067178,0.0
2019-06-02,123.85,124.37,119.01,119.88,33076693,0.0
2019-06-03,121.27,123.28,120.6522,123.2,23847973,0.0
2019-06-04,124.95,125.87,124.21,125.83,20223894,0.0
2019-06-05,126.44,127.97,125.6,127.9,17659237,0.0
2019-06-06,129.19,132.25,128.26,131.4,28442880,0.0
2019-06-09,132.4,134.08,132,132.6,23572989,0.0
2019-06-10,133.88,134.24,131.2757,132.1,18628257,0.0
2019-06-11,131.4,131.97,130.71,131.49,14627551,0.0
2019-06-12,131.98,133,131.56,132.32,29605510,0.0
2019-06-13,132.26,133.79,131.64,132.47,28380382,0.0
2019-06-16,132.63,133.73,132.53,132.89,11190315,0.0
2019-06-17,134.19,135.24,133.57,135.18,22259993,0.0
2019-06-18,135,135.93,133.81,135.59,17422488,0.0
2019-06-19,137.45,137.66,135.72,136.89,24413637,0.0
2019-06-20,136.58,137.73,136.46,136.94,32605935,0.0
2019-06-23,137.27,138.4,137,137.79,15409700,0.0
2019-06-24,137.25,137.59,132.73,133.43,28861090,0.0
2019-06-25,134.35,135.74,133.6,133.93,18589050,0.0
2019-06-26,134.14,134.71,133.51,134.14,13350840,0.0
2019-06-27,134.495,134.58,133.1558,133.93,15208650,0.0
2019-06-30,136.63,136.7,134.97,135.69,18770923,0.0
2019-07-01,136.12,136.59,135.34,136.57,12885055,0.0
2019-07-02,136.79,137.74,136.295,137.45,10872526,0.0
2019-07-04,135.94,137.33,135.72,137.07,14788455,0.0
2019-07-07,136.4,137.1,135.3701,136.97,13660084,0.0
2019-07-08,136,136.97,135.8,136.435,15894256,0.0
2019-07-09,137.13,138.58,137.02,137.86,18541986,0.0
2019-07-10,138.2,139.22,137.87,138.4,19376896,0.0
2019-07-11,138.85,139.13,138.0099,138.89,14813882,0.0
2019-07-14,139.59,139.59,138.46,138.94,13238147,0.0
2019-07-15,138.96,139.05,136.52,137.08,19654715,0.0
2019-07-16,137.7,137.93,136.22,136.22,16462100,0.0
2019-07-17,135.55,136.62,134.67,136.28,23382478,0.0
2019-07-18,140.22,140.67,136.45,136.62,43308021,0.0
2019-07-21,137.41,139.19,137.33,138.43,20785406,0.0
2019-07-22,139.76,139.99,138.03,139.29,15676393,0.0
2019-07-23,138.9,140.74,138.85,140.72,16545564,0.0
2019-07-24,140.43,140.61,139.3215,140.19,15828520,0.0
2019-07-25,140.37,141.675,140.3,141.34,13850451,0.0
2019-07-28,141.5,141.51,139.3663,141.04,12886300,0.0
2019-07-29,140.18,141.2199,139.8005,140.37,13481272,0.0
2019-07-30,140.33,140.49,135.08,136.21,31831950,0.0
2019-07-31,137,140.9383,136.93,138.06,36054988,0.0
2019-08-01,138.09,138.32,135.26,136.9,23815759,0.0
2019-08-04,133.3,133.9298,130.78,132.2,35492393,0.0
2019-08-05,133.8,135.68,133.21,134.66,25230023,0.0
2019-08-06,133.8,135.65,131.8284,135.28,26194932,0.0
2019-08-07,136.6,138.99,135.93,138.91,20703630,0.0
2019-08-08,138.87,139.38,136.46,137.69,18350156,0.0
2019-08-11,137.07,137.86,135.24,135.81,15264976,0.0
2019-08-12,136.05,138.8,135,138.6,21855465,0.0
2019-08-13,136.36,136.92,133.67,133.98,24545638,0.0
2019-08-14,133.98,134.58,132.25,133.691,22783901,0.0
2019-08-15,134.88,136.46,134.72,136.13,21414280,0.0
2019-08-18,137.855,138.55,136.885,138.41,19420135,0.0
2019-08-19,138.21,138.71,137.24,137.24,15455600,0.0
2019-08-20,138.55,139.4935,138,138.78,12370201,0.0
2019-08-21,138.66,139.2,136.29,137.77,15649907,0.0
2019-08-22,137.1897,138.35,132.8,133.4,31330202,0.0
2019-08-25,135.01,135.56,133.9,135.54,16264514,0.0
2019-08-26,136.39,136.72,134.66,135.75,16302609,0.0
2019-08-27,134.88,135.76,133.55,135.55,14545360,0.0
2019-08-28,137.25,138.44,136.91,138.16,17138202,0.0
2019-08-29,139.2,139.2,136.27,137.92,17470601,0.0
2019-09-02,136.61,137.2,135.7,136.12,15851752,0.0
2019-09-03,137.3,137.69,136.48,137.69,14888337,0.0
2019-09-04,139.11,140.3837,138.76,140.05,21972890,0.0
2019-09-05,140.03,140.18,138.2,139.13,17404946,0.0
2019-09-08,139.59,139.75,136.46,137.58,22373275,0.0
2019-09-09,136.8,136.8862,134.51,136.15,23250035,0.0
2019-09-10,135.91,136.27,135.09,136.15,19779471,0.0
2019-09-11,137.85,138.42,136.87,137.5414,20314197,0.0
2019-09-12,137.78,138.06,136.57,137.21,16044045,0.0
2019-09-15,135.83,136.7,135.66,136.4,11868175,0.0
2019-09-16,136.96,137.52,136.425,137.39,13402758,0.0
2019-09-17,137.36,138.67,136.5299,138.53,18456568,0.0
2019-09-18,140.3,142.37,140.0736,141.08,31138067,0.0
2019-09-19,141.01,141.65,138.25,139.28,40686698,0.0
2019-09-22,139.23,139.63,138.44,139.09,13545121,0.0
2019-09-23,140.37,140.69,136.88,137.38,23947563,0.0
2019-09-24,137.5,139.958,136.04,139.36,17416474,0.0
2019-09-25,139.44,140.18,138.44,139.57,14306302,0.0
2019-09-26,140.15,140.36,136.645,137.75,17829702,0.0
2019-09-29,138.05,139.215,137.78,139.03,12030081,0.0
2019-09-30,139.66,140.25,137,137.06,17119882,0.0
2019-10-01,136.25,136.37,133.5799,134.63,25283772,0.0
2019-10-02,134.95,136.75,133.22,136.3,20600985,0.0
2019-10-03,136.75,138.25,136.42,138.11,34698225,0.0
2019-10-06,137.14,138.18,137.02,137.1,24940153,0.0
2019-10-07,137.08,137.76,135.62,135.66,43365113,0.0
2019-10-08,137.46,138.7,136.97,138.21,33135789,0.0
2019-10-09,138.49,139.6699,138.25,139.1,30602156,0.0
2019-10-10,140.12,141.03,139.5,139.61,43365185,0.0
2019-10-13,140.2,140.29,139.52,139.54,19332176,0.0
2019-10-14,140.06,141.79,139.81,141.57,33525781,0.0
2019-10-15,140.71,140.99,139.53,140.48,34816708,0.0
2019-10-16,140.95,141.42,139.02,139.67,35471777,0.0
2019-10-17,139.76,140,136.56,137.34,58749783,0.0
2019-10-20,138.05,138.5,137.01,138.43,14775463,0.0
2019-10-21,138.97,140.01,136.26,136.39,24185213,0.0
2019-10-22,136.88,137.45,135.61,137.25,25297689,0.0
2019-10-23,139.39,140.42,138.67,139.95,32841215,0.0
2019-10-24,139.5,141.14,139.2,140.73,19986717,0.0
2019-10-27,144.4,145.67,143.51,144.2,31816013,0.0
2019-10-28,144.08,144.5,142.65,142.81,17578197,0.0
2019-10-29,143.52,145,142.79,144.56,16677432,0.0
2019-10-30,144.9,144.93,142.99,143.39,17913741,0.0
2019-10-31,144.26,144.42,142.965,143.72,23085759,0.0
2019-11-03,144.8,145,144.16,144.52,14542918,0.0
2019-11-04,144.97,145.02,143.905,144.46,14318658,0.0
2019-11-05,144.37,144.52,143.2,144.06,12956028,0.0
2019-11-06,143.84,144.88,143.77,144.28,14764862,0.0
2019-11-07,143.98,145.99,143.76,145.96,14457573,0.0
2019-11-10,145.34,146.42,144.73,146.12,13193003,0.0
2019-11-11,146.28,147.57,146.06,147.08,15001797,0.0
2019-11-12,146.74,147.4625,146.28,147.34,14272821,0.0
2019-11-13,147.02,148.41,147,148.06,13433421,0.0
2019-11-14,148.93,149.99,148.27,149.95,19846888,0.0
2019-11-17,150.07,150.55,148.98,150.34,18280590,0.0
2019-11-18,150.88,151.33,150.195,150.39,18879614,0.0
2019-11-19,150.07,150.84,148.46,149.62,21902456,0.0
2019-11-20,149.4,149.8,148.501,149.49,14384044,0.0
2019-11-21,150.07,150.3,148.82,149.63,12567663,0.0
2019-11-24,150,151.35,149.92,151.2247,14939388,0.0
2019-11-25,151.36,152.42,151.32,152,14027510,0.0
2019-11-26,152.33,152.5,151.52,152.34,12294833,0.0
2019-11-28,152.1,152.3,151.28,151.38,8158878,0.0
2019-12-01,151.81,151.83,148.32,149.55,21432374,0.0
2019-12-02,147.5,149.43,146.65,149.32,20179656,0.0
2019-12-03,150.14,150.1799,149.2,149.83,15235784,0.0
2019-12-04,150.05,150.32,149.48,149.92,12243910,0.0
2019-12-05,150.99,151.87,150.27,151.75,13020323,0.0
2019-12-08,151.07,152.21,150.91,151.36,11759878,0.0
2019-12-09,151.26,151.89,150.765,151.17,13714977,0.0
2019-12-10,151.54,151.87,150.33,151.69,15282616,0.0
2019-12-11,151.65,153.44,151.02,153.23,20551376,0.0
2019-12-12,153.0035,154.89,152.83,154.54,20029179,0.0
2019-12-15,155.28,155.9,154.82,155.54,17940213,0.0
2019-12-16,155.45,155.71,154.45,154.79,17861887,0.0
2019-12-17,154.24,155.48,154.18,154.37,14458613,0.0
2019-12-18,154.01,155.77,153.75,155.71,18017465,0.0
2019-12-19,157.35,158.49,156.29,157.39,38348544,0.0
2019-12-22,158.12,158.12,157.27,157.41,12592701,0.0
2019-12-23,157.43,157.71,157.115,157.39,5197207,0.0
2019-12-25,157.56,158.73,157.4,158.67,8748285,0.0
2019-12-26,159.45,159.55,158.22,158.95,12779354,0.0
2019-12-29,158.9865,159.02,156.73,157.68,13421755,0.0
2019-12-30,156.77,157.77,156.45,157.49,12292639,0.0
2020-01-01,158.74,160.73,158.33,160.73,18902080,0.0
2020-01-02,158.32,159.945,158.06,158.59,17126482,0.0
2020-01-05,157.08,159.1,156.51,159.02,15146928,0.0
2020-01-06,159.32,159.67,157.32,157.6,17871760,0.0
2020-01-07,158.93,160.8,157.9491,160.14,22149039,0.0
2020-01-08,161.835,162.215,161.03,162.09,16868379,0.0
2020-01-09,162.8235,163.22,161.18,161.32,17493193,0.0
2020-01-12,161.76,163.31,161.26,163.28,15536371,0.0
2020-01-13,163.39,163.6,161.72,162.15,18083058,0.0
2020-01-14,162.62,163.94,162.57,163.29,16410439,0.0
2020-01-15,164.35,166.24,164.03,166.21,17391143,0.0
2020-01-16,167.41,167.4675,165.43,167.05,25849940,0.0
2020-01-20,166.68,168.19,166.43,166.49,39893384,0.0
2020-01-21,167.4,167.49,165.68,165.69,37346441,0.0
2020-01-22,166.19,166.8,165.27,166.72,25894570,0.0
2020-01-23,167.51,167.53,164.45,165.04,42175214,0.0
2020-01-26,161.15,163.375,160.2,162.26,22401929,0.0
2020-01-27,163.78,165.755,163.073,165.46,18045860,0.0
2020-01-28,167.84,168.75,165.69,168.18,26205744,0.0
2020-01-29,174.025,174.05,170.79,172.74,47138947,0.0
2020-01-30,172.36,172.4,169.58,170.17,30721335,0.0
2020-02-02,170.43,174.5,170.4,174.39,24512662,0.0
2020-02-03,177.13,180.64,176.31,180.13,31785900,0.0
2020-02-04,184.03,184.2,178.4101,179.94,33676758,0.0
2020-02-05,180.97,183.8199,180.059,183.64,24058973,0.0
2020-02-06,182.845,185.63,182.48,183.95,26341568,0.0
2020-02-09,183.58,188.84,183.25,188.74,28613696,0.0
2020-02-10,190.65,190.7,183.5,184.44,50542643,0.0
2020-02-11,185.58,185.85,181.85,184.72,41959355,0.0
2020-02-12,183.08,186.23,182.872,183.76,32321759,0.0
2020-02-13,183.25,185.41,182.65,185.35,19699788,0.0
2020-02-17,185.605,187.7,184.34,187.22,25137072,0.0
2020-02-18,188.06,188.18,186.47,187.28,23002237,0.0
2020-02-19,186.95,187.25,181.1,184.33,32327097,0.0
2020-02-20,183.17,183.5,177.25,178.56,45071812,0.0
2020-02-23,167.77,174.55,163.23,170.88,61441188,0.0
2020-02-24,174.2,174.84,167.6462,168.05,58615017,0.0
2020-02-25,169.71,173.26,168.21,170.16,49097842,0.0
2020-02-26,163.37,167.03,157.98,158,82876439,0.0
2020-02-27,152.41,163.71,152,162.11,85148699,0.0
2020-03-01,165.31,172.92,162.31,172.85,59743368,0.0
2020-03-02,173.8,175,162.26,164.38,62650846,0.0
2020-03-03,168.48,170.7,165.62,170.54,41535592,0.0
2020-03-04,166.1,170.87,165.69,166.24,55003134,0.0
2020-03-05,162.61,163.11,156,161.57,64129134,0.0
2020-03-08,150.91,157.75,150,150.62,62454509,0.0
2020-03-09,158.04,161.03,152.58,161.03,56396588,0.0
2020-03-10,157.34,157.7,151.15,153.56,100064575,0.0
2020-03-11,145.3,153.47,138.58,138.76,81747972,0.0
2020-03-12,147.5,161.91,140.73,158.85,78011808,0.0
2020-03-15,140,149.35,135,135.4144,155635716,0.0
2020-03-16,140,147.4998,135,146.57,72989148,0.0
2020-03-17,138,146,135.02,142.13,66830974,0.0
2020-03-18,142.77,150.15,139,142.67,143007530,0.0
2020-03-19,146.01,147.1,135.86,136.77,79911281,0.0
2020-03-22,137.01,140.57,132.52,135.56,70948783,0.0
2020-03-23,143.75,149.6,141.27,148.34,71620681,0.0
2020-03-24,148.91,154.33,144.44,146.85,65917270,0.0
2020-03-25,148.4,156.66,148.37,156.11,53636552,0.0
2020-03-26,151.75,154.89,149.2,149.61,48247560,0.0
2020-03-29,152.44,160.6,150.01,160.3,113344210,0.0
2020-03-30,159.44,164.78,156.56,157.64,66265405,0.0
2020-03-31,153,157.75,150.82,151.94,51267295,0.0
2020-04-01,151.86,155.48,150.36,155.26,44283455,0.0
2020-04-02,155.1,157.38,152.19,153.8201,36820781,0.0
2020-04-05,160.17,166.5,157.58,165.27,110309126,0.0
2020-04-06,169.59,170,163.26,163.49,113427660,0.0
2020-04-07,165.67,166.67,163.5,165.11,42992534,0.0
2020-04-08,166.36,167.37,163.33,165.19,45817799,0.0
2020-04-12,164.35,165.57,162.3,165.51,74408746,0.0
2020-04-13,169,173.75,168,173.7,92927769,0.0
2020-04-14,171.2,173.57,169.24,171.94,105538921,0.0
2020-04-15,174.3,177.28,172.9,177.07,167649296,0.0
2020-04-16,179.5,180,175.87,178.6,132389675,0.0
2020-04-19,176.63,178.75,174.99,174.99,95940393,0.0
2020-04-20,173.5,173.6699,166.1102,167.67,197600120,0.0
2020-04-21,171.39,173.97,170.82,173.725,79218493,0.0
2020-04-22,174.11,175.06,170.91,171.43,113212881,0.0
2020-04-23,172.06,174.56,170.71,174.54,86312145,0.0
2020-04-26,176.59,176.9,173.3,174.03,58799715,0.0
2020-04-27,175.59,175.67,169.39,169.79,29678984,0.0
2020-04-28,173.22,177.68,171.88,177.3,39984236,0.0
2020-04-29,180,180.4,176.23,179.22,89953339,0.0
2020-04-30,175.8,178.64,174.01,174.5,33950716,0.0
2020-05-03,174.49,179,173.8,178.84,53648238,0.0
2020-05-04,180.62,183.65,179.9,180.76,33345354,0.0
2020-05-05,182.08,184.2,181.6306,182.49,58901458,0.0
2020-05-06,184.17,186.5,182.58,183.6078,48490207,0.0
2020-05-07,184.9797,185,183.36,184.68,25074514,0.0
2020-05-10,183.15,187.51,182.85,186.65,50846893,0.0
2020-05-11,186.8,187.04,182.35,182.38,25981524,0.0
2020-05-12,182.55,184.05,176.54,179.78,77983499,0.0
2020-05-13,177.54,180.69,175.68,180.61,67951569,0.0
2020-05-14,179.06,187.06,177,183.39,73296528,0.0
2020-05-17,185.75,186.2,183.96,184.9,30231512,0.0
2020-05-18,185.03,186.59,183.49,183.5,23888140,0.0
2020-05-19,184.81,185.85,183.94,185.66,51732326,0.0
2020-05-20,185.4,186.67,183.3,183.49,25273422,0.0
2020-05-21,183.19,184.46,182.54,183.51,18361237,0.0
2020-05-25,186.34,186.5,181.1,181.56,28773423,0.0
2020-05-26,180.2,181.9877,176.6,181.81,34654683,0.0
2020-05-27,180.74,184.1474,180.38,181.27,54218236,0.0
2020-05-28,182.73,184.27,180.41,183.96,29098645,0.0
2020-05-31,182.54,183,181.46,182.86,20137325,0.0
2020-06-01,184.25,185,181.35,185,50070219,0.0
2020-06-02,184.815,185.94,183.58,185.36,22722209,0.0
2020-06-03,184.3,185.84,182.3,182.95,49455619,0.0
2020-06-04,182.62,187.73,182.01,187.5,66044279,0.0
2020-06-07,185.94,188.55,184.44,188.47,52985040,0.0
2020-06-08,188,190.7,187.2605,190.07,51414137,0.0
2020-06-09,191.125,198.52,191.01,196.82,39155761,0.0
2020-06-10,193.13,195.76,186.24,186.47,88735679,0.0
2020-06-11,190.54,191.72,188.13,188.14,10546675,0.0
2020-06-14,184.58,190.82,184.01,189.09,27287668,0.0
2020-06-15,192.89,195.58,191.46,193.67,34909883,0.0
2020-06-16,195.03,196.32,193.69,194.2,21175962,0.0
2020-06-17,194,196.49,194,196.32,37860859,0.0
2020-06-18,198.59,199.29,194.37,195.03,69471150,0.0
2020-06-21,195.79,200.76,195.2301,200.58,26980577,0.0
2020-06-22,202.09,203.95,201.425,201.889,27611231,0.0
2020-06-23,201.6043,203.25,196.56,197.84,30960564,0.0
2020-06-24,197.8,200.61,195.4675,200.36,23934120,0.0
2020-06-25,199.73,199.89,194.88,196.33,37651876,0.0
2020-06-28,195.78,198.53,193.55,198.5,22635986,0.0
2020-06-29,197.8816,204.4,197.74,203.5,26157887,0.0
2020-06-30,203.14,206.35,201.77,204.66,26758698,0.0
2020-07-01,205.68,208.02,205,206.21,25117323,0.0
