Date,Open,High,Low,Close,Volume,OpenInterest
2016-07-13,13.5,13.55,13.27,13.29,17079455,0.0
2016-07-14,13.23,13.5,13.04,13.13,16933700,0.0
2016-07-17,13.25,13.36,13.09,13.33,15567018,0.0
2016-07-18,13.22,13.26,13.05,13.22,18738131,0.0
2016-07-19,13.33,13.62,13.24,13.59,31051279,0.0
2016-07-20,13.5,13.5,13.08,13.18,14624583,0.0
2016-07-21,13.21,13.23,13.015,13.12,16071338,0.0
2016-07-24,14.03,14.33,13.88,13.925,46424074,0.0
2016-07-25,14,14.69,13.9345,14.67,34806303,0.0
2016-07-26,14.85,14.89,14.055,14.18,30807189,0.0
2016-07-27,14.13,14.19,13.7,13.81,20196691,0.0
2016-07-28,13.91,13.94,13.62,13.735,18821870,0.0
2016-07-31,13.81,13.92,13.55,13.565,14496174,0.0
2016-08-01,13.55,13.58,13.02,13.395,22194105,0.0
2016-08-02,13.27,13.5762,13.27,13.51,16295965,0.0
2016-08-03,13.61,14.195,13.6,14.03,21840328,0.0
2016-08-04,14.21,14.78,14.2,14.52,26916577,0.0
2016-08-07,14.53,14.72,14.38,14.415,14687666,0.0
2016-08-08,14.56,14.7,14.4,14.48,11612840,0.0
2016-08-09,14.48,14.5,14.03,14.19,14105580,0.0
2016-08-10,14.25,14.485,14.21,14.43,13328443,0.0
2016-08-11,14.46,14.99,14.4301,14.94,20690343,0.0
2016-08-14,15.09,15.695,15.08,15.53,27135093,0.0
2016-08-15,15.58,15.59,15.23,15.49,19418505,0.0
2016-08-16,15.53,15.76,15.46,15.525,20329079,0.0
2016-08-17,15.55,15.8,15.51,15.77,14845100,0.0
2016-08-18,16.16,16.45,16.03,16.25,30985851,0.0
2016-08-21,16.08,16.43,15.91,16.19,18359211,0.0
2016-08-22,16.27,16.54,16.14,16.18,21238494,0.0
2016-08-23,16.2,16.24,15.38,15.505,24704055,0.0
2016-08-24,15.87,16.55,15.51,16.2,32323746,0.0
2016-08-25,16.34,16.805,16.285,16.51,22858855,0.0
2016-08-28,16.92,17.25,16.61,16.91,27549920,0.0
2016-08-29,17,17.01,16.51,16.73,21319155,0.0
2016-08-30,16.7,16.74,16.14,16.49,19237172,0.0
2016-08-31,16.61,16.8,16.3,16.63,14441877,0.0
2016-09-01,16.96,16.97,16.57,16.7,15005117,0.0
2016-09-05,16.8,17.08,16.75,17.01,21264595,0.0
2016-09-06,17.15,17.35,17.02,17.16,21568808,0.0
2016-09-07,17.2,17.8557,16.88,17.45,36954736,0.0
2016-09-08,17.33,17.74,16.69,16.81,27389636,0.0
2016-09-11,16.61,17.195,16.37,17.15,25724713,0.0
2016-09-12,16.92,17.145,16.46,16.74,21950431,0.0
2016-09-13,16.88,17.08,16.6544,16.93,16384855,0.0
2016-09-14,16.9,17.46,16.8501,17.45,21846139,0.0
2016-09-15,18.02,18.08,17.34,17.48,31788157,0.0
2016-09-18,17.63,17.77,16.85,16.95,21607791,0.0
2016-09-19,17.05,17.27,16.72,16.91,16172483,0.0
2016-09-20,17.25,17.7,17.23,17.66,28711740,0.0
2016-09-21,17.89,18.05,17.41,17.59,23926198,0.0
2016-09-22,17.45,17.736,17.43,17.48,15834116,0.0
2016-09-25,17.37,17.6,17.18,17.36,17605191,0.0
2016-09-26,17.53,18.08,17.35,18,26260920,0.0
2016-09-27,18.16,18.16,17.15,17.44,40217491,0.0
2016-09-28,17.45,17.775,17.345,17.54,29138018,0.0
2016-09-29,17.75,18,17.575,17.77,18477977,0.0
2016-10-02,17.99,18.02,17.6,17.72,24681081,0.0
2016-10-03,17.98,18.04,17.66,17.8,35028959,0.0
2016-10-04,17.56,18.331,17.28,17.7,60523050,0.0
2016-10-05,17.64,17.885,17.535,17.72,15472894,0.0
2016-10-06,17.72,17.8,17.3,17.6,22501028,0.0
2016-10-09,17.72,17.835,17.49,17.495,10423019,0.0
2016-10-10,17.4,17.47,16.53,16.86,34206803,0.0
2016-10-11,16.88,17.04,16.6699,16.78,15980975,0.0
2016-10-12,16.56,17,16.17,16.85,25051533,0.0
2016-10-13,17.03,17.41,16.99,17.13,21143033,0.0
2016-10-16,17.02,17.165,16.935,17,11341957,0.0
2016-10-17,17.21,17.66,17.2,17.41,17242367,0.0
2016-10-18,17,17.25,16.85,17.215,17275194,0.0
2016-10-19,17.05,17.5,17.05,17.205,15875164,0.0
2016-10-20,17,17.07,16.8,16.93,17101038,0.0
2016-10-23,17.07,17.16,16.97,17.05,12661348,0.0
2016-10-24,17.1,17.615,17.1,17.535,25329868,0.0
2016-10-25,17.3,17.93,17.2,17.64,21344838,0.0
2016-10-26,17.82,17.9,17.4,17.52,19944334,0.0
2016-10-27,17.6,17.6741,17.1,17.2,19571501,0.0
2016-10-30,17.54,17.76,17.16,17.16,19809695,0.0
2016-10-31,17.2,17.41,16.58,16.98,24902013,0.0
2016-11-01,16.95,17.015,16.5,16.68,23505530,0.0
2016-11-02,16.69,16.81,16.56,16.61,15953007,0.0
2016-11-03,16.46,17.02,16.45,16.69,16630035,0.0
2016-11-06,17.02,17.43,17.0172,17.38,19964485,0.0
2016-11-07,17.3,17.55,17.06,17.41,17050597,0.0
2016-11-08,16.95,17.35,16.75,17.2,31646694,0.0
2016-11-09,17.35,17.758,16.75,16.99,28362247,0.0
2016-11-10,17.08,17.68,16.9,17.67,28238334,0.0
2016-11-13,17.77,17.98,17.53,17.71,25053629,0.0
2016-11-14,17.66,18.17,17.66,18.1,23465766,0.0
2016-11-15,17.94,18.33,17.93,18.24,19593001,0.0
2016-11-16,18.35,19.335,18.25,19.19,43033658,0.0
2016-11-17,18.9,19.33,18.85,19.21,25205793,0.0
2016-11-20,19.39,19.67,19.345,19.49,21331558,0.0
2016-11-21,19.64,19.8,19.45,19.74,20229262,0.0
2016-11-22,19.63,19.93,19.47,19.9037,17459975,0.0
2016-11-24,19.95,20.44,19.79,20.12,15350392,0.0
2016-11-27,20.18,20.28,19.945,19.99,20943745,0.0
2016-11-28,19.92,20.2,19.38,19.42,34035218,0.0
2016-11-29,19.58,19.76,19.365,19.53,22718646,0.0
2016-11-30,19.7,19.83,18.18,18.48,38079641,0.0
2016-12-01,18.46,19.2,18.301,18.79,23363803,0.0
2016-12-04,19,19,18.395,18.61,22977355,0.0
2016-12-05,18.62,19.09,18.58,19.06,18993272,0.0
2016-12-06,19.5,20.54,19.3,20.44,42381015,0.0
2016-12-07,20.71,20.99,20.29,20.66,33364962,0.0
2016-12-08,20.73,20.8486,20.1342,20.5,22068721,0.0
2016-12-11,20.33,20.51,19.49,20.02,27174211,0.0
2016-12-12,20.14,20.47,19.8,20.13,23058198,0.0
2016-12-13,19.93,20.33,19.78,20.015,17022282,0.0
2016-12-14,20.1,20.5,19.98,20.29,17834223,0.0
2016-12-15,20.53,21,20.19,20.26,28433230,0.0
2016-12-18,20.43,20.7,20.19,20.345,21471436,0.0
2016-12-19,20.73,20.8,20.47,20.64,20943743,0.0
2016-12-20,20.75,20.83,20.34,20.58,21633810,0.0
2016-12-21,22.91,23.49,22.77,23.2,77446275,0.0
2016-12-22,23.07,23.49,23.06,23.26,26191467,0.0
2016-12-26,23.35,23.64,23.21,23.29,22944929,0.0
2016-12-27,23.4,23.41,22.76,22.78,22449535,0.0
2016-12-28,22.58,22.8,22.15,22.27,18783267,0.0
2016-12-29,22.35,22.4,21.75,21.92,17430048,0.0
2017-01-02,22.07,22.74,22.045,22.55,23000313,0.0
2017-01-03,22.67,22.84,22.245,22.36,18087626,0.0
2017-01-04,22.4,22.57,21.96,22.11,16480571,0.0
2017-01-05,22.27,22.28,21.975,22.04,16645855,0.0
2017-01-08,21.94,22.55,21.94,22.34,18673303,0.0
2017-01-09,22.36,22.6861,22.3,22.44,16633526,0.0
2017-01-10,22.61,22.87,22.56,22.78,19045125,0.0
2017-01-11,22.46,22.48,21.7,22.3,25179384,0.0
2017-01-12,22.28,22.31,21.985,22.18,12637296,0.0
2017-01-16,21.88,22.0662,21.5839,21.735,18173006,0.0
2017-01-17,21.68,22.34,21.53,22.31,16363880,0.0
2017-01-18,21.5,22.3,21.49,21.71,27520208,0.0
2017-01-19,21.85,22.33,21.85,21.96,18439879,0.0
2017-01-22,21.96,22.31,21.74,21.89,12126190,0.0
2017-01-23,22.27,23.085,22.26,22.85,27186358,0.0
2017-01-24,23.39,23.98,23.19,23.57,28685803,0.0
2017-01-25,23.83,23.99,23.29,23.52,17977746,0.0
2017-01-26,23.53,24.1,23.45,23.97,17120190,0.0
2017-01-29,23.82,24.24,23.43,24.19,26293723,0.0
2017-01-30,23.95,24.1457,23.68,24.11,21051624,0.0
2017-01-31,24.43,24.85,24.31,24.75,26852580,0.0
2017-02-01,24.53,25.31,24.46,24.79,42963600,0.0
2017-02-02,24.9,25.24,24.5,24.6,21135387,0.0
2017-02-05,24.53,24.7287,24.21,24.33,15167371,0.0
2017-02-06,24.59,24.69,24.21,24.6,17375950,0.0
2017-02-07,24.25,24.375,23.91,24.2,19395486,0.0
2017-02-08,24.78,24.89,24.42,24.44,25666280,0.0
2017-02-09,24.71,24.76,23.9,24.05,25100482,0.0
2017-02-12,24.07,24.2,23.82,23.89,15759546,0.0
2017-02-13,23.36,23.37,22.68,23.115,43163256,0.0
2017-02-14,23.07,23.26,22.79,23.02,25696872,0.0
2017-02-15,23.04,23.34,22.85,22.98,21602210,0.0
2017-02-16,23.01,23.38,23.01,23.35,19036558,0.0
2017-02-20,23.65,23.98,23.58,23.76,17903598,0.0
2017-02-21,23.86,24.06,23.65,23.75,14128764,0.0
2017-02-22,23.92,23.97,23.225,23.48,18557195,0.0
2017-02-23,22.95,23.26,22.64,23.24,20001235,0.0
2017-02-26,23.36,23.77,23.15,23.75,15564676,0.0
2017-02-27,23.76,23.95,23.315,23.41,13833476,0.0
2017-02-28,24.16,24.58,24.07,24.55,25108721,0.0
2017-03-01,24.88,25.25,24.375,24.69,42811451,0.0
2017-03-02,25.2,25.68,24.98,25.56,35647061,0.0
2017-03-05,25.5,25.92,25.17,25.72,22262625,0.0
2017-03-06,25.56,25.75,25.28,25.63,17719023,0.0
2017-03-07,25.64,25.83,25.04,25.38,23546353,0.0
2017-03-08,25.23,25.49,24.85,25.15,19448013,0.0
2017-03-09,25.275,25.75,24.81,25.18,26308467,0.0
2017-03-12,25.39,25.82,25.29,25.69,18873438,0.0
2017-03-13,25.53,25.7,25.25,25.58,12042734,0.0
2017-03-14,25.19,26.15,24.935,26.11,27654570,0.0
2017-03-15,26.2,26.23,25.83,26.03,17578703,0.0
2017-03-16,25.86,25.91,25.4,25.79,14769272,0.0
2017-03-19,25.99,26.61,25.81,26.21,24502601,0.0
2017-03-20,26.3,26.45,25.43,25.51,26250458,0.0
2017-03-21,25.73,26.15,25.63,26.06,22858968,0.0
2017-03-22,26.36,26.49,26.04,26.47,31852195,0.0
2017-03-23,29.69,29.87,28.1601,28.44,94517328,0.0
2017-03-26,28.1,29.18,28.07,28.76,39809042,0.0
2017-03-27,28.73,29.06,28.62,28.69,22044339,0.0
2017-03-28,28.6,28.68,28.35,28.49,21030094,0.0
2017-03-29,28.4,29,28.33,28.98,22286789,0.0
2017-03-30,29.1,29.36,28.9,28.9,27603661,0.0
2017-04-02,28.97,29.04,28.3,28.64,18754876,0.0
2017-04-03,28.47,28.68,28.16,28.59,12793624,0.0
2017-04-04,28.64,28.905,28.23,28.24,20449263,0.0
2017-04-05,28.25,28.78,28.02,28.62,17634411,0.0
2017-04-06,28.45,28.855,28.35,28.51,17981533,0.0
2017-04-09,28.45,28.49,27.58,27.63,25141165,0.0
2017-04-10,27.5,27.54,26.6808,27.1675,35800730,0.0
2017-04-11,27.42,27.43,26.655,26.69,21731346,0.0
2017-04-12,26.55,27.23,26.3601,26.75,24653424,0.0
2017-04-16,26.91,27.22,26.83,27.12,11873743,0.0
2017-04-17,27,27.34,26.9,27.14,13406824,0.0
2017-04-18,27.45,27.55,27.05,27.25,19494869,0.0
2017-04-19,27.51,28.08,27.5,27.96,21854855,0.0
2017-04-20,28,28.03,27.16,27.31,24953635,0.0
2017-04-23,27.74,27.76,26.52,26.56,40774974,0.0
2017-04-24,26.71,27.02,26.365,26.99,19689771,0.0
2017-04-25,26.58,27.07,26.3938,26.785,21487120,0.0
2017-04-26,27.18,27.65,27.095,27.64,21528147,0.0
2017-04-27,28.02,28.2,27.51,27.67,25583247,0.0
2017-04-30,27.85,28.32,27.72,28.29,21165535,0.0
2017-05-01,28.28,28.28,27.45,27.77,23057538,0.0
2017-05-02,27.62,28.1,27.55,28,13966161,0.0
2017-05-03,27.97,28.165,27.72,27.78,11415391,0.0
2017-05-04,27.8,28.22,27.62,28.19,13151451,0.0
2017-05-07,27.55,28.06,27.28,28.05,26236380,0.0
2017-05-08,28.11,28.9,28.06,28.81,28490907,0.0
2017-05-09,28.92,29.415,28.8,29.32,25673363,0.0
2017-05-10,29.17,29.31,28.69,29.01,18920717,0.0
2017-05-11,29.1,29.12,28.68,28.93,14660439,0.0
2017-05-14,29.08,29.19,28.73,28.83,13453782,0.0
2017-05-15,28.92,29.08,28.57,29.01,13400342,0.0
2017-05-16,28.36,28.51,26.96,26.98,33508881,0.0
2017-05-17,27.15,27.89,27.085,27.47,24065400,0.0
2017-05-18,27.78,28.16,27.73,27.8,17292125,0.0
2017-05-21,28.2,28.25,27.645,28.05,14928227,0.0
2017-05-22,28.08,28.29,27.56,28.29,20231297,0.0
2017-05-23,28.46,29.12,28.44,28.985,20157765,0.0
2017-05-24,29.2,29.66,29.19,29.43,19049783,0.0
2017-05-25,29.27,29.77,28.875,29.75,16295224,0.0
2017-05-29,29.96,30.87,29.88,30.705,31675805,0.0
2017-05-30,31.01,31.1,30.32,30.78,21801028,0.0
2017-05-31,30.78,30.83,30.28,30.76,17149309,0.0
2017-06-01,30.8,31.38,30.53,31.21,18357684,0.0
2017-06-04,31.3,31.755,31.07,31.21,22237422,0.0
2017-06-05,31.04,31.77,30.87,31.57,26926475,0.0
2017-06-06,31.7,32.55,31.7,32.5,27128526,0.0
2017-06-07,32.84,32.86,31.88,32.45,23499922,0.0
2017-06-08,32.67,32.93,29.55,30.58,47461425,0.0
2017-06-11,30.06,31.685,29.21,31.2,42272282,0.0
2017-06-12,31.75,32.24,30.77,31.535,31393752,0.0
2017-06-13,31.78,31.79,30.85,31.06,22719916,0.0
2017-06-14,30.47,30.97,30.08,30.56,28510621,0.0
2017-06-15,30.62,31,29.82,29.85,27717064,0.0
2017-06-18,30.51,31.25,30.33,31.19,22507785,0.0
2017-06-19,31.41,31.575,30.73,30.82,21646253,0.0
2017-06-20,31.18,32.15,31.06,32.01,28296974,0.0
2017-06-21,32.05,32.4,31.76,31.89,15545605,0.0
2017-06-22,31.89,32.08,31.64,31.73,21662217,0.0
2017-06-25,32.41,32.96,31.95,32.5,31329040,0.0
2017-06-26,32.51,32.665,31.61,31.67,29062402,0.0
2017-06-27,32.07,32.28,31.44,32.24,25487116,0.0
2017-06-28,32.23,32.39,30.64,31.46,45922928,0.0
2017-06-29,32.1,32.15,29.7089,29.86,66054229,0.0
2017-07-02,30.09,30.28,28.56,29.15,33506895,0.0
2017-07-04,29.55,30.56,29.55,30.51,36674425,0.0
2017-07-05,29.94,30.48,29.92,30.1,24046973,0.0
2017-07-06,30.22,30.5,29.98,30.165,19761304,0.0
2017-07-09,30.16,30.59,29.75,30.5,21094679,0.0
2017-07-10,30.55,31.39,30.51,31.36,23655329,0.0
2017-07-11,31.77,31.78,31.155,31.45,18819854,0.0
2017-07-12,31.57,31.85,30.84,31.12,19615231,0.0
2017-07-13,31.35,31.95,31.26,31.81,20129322,0.0
2017-07-16,31.67,31.86,31.44,31.73,18034613,0.0
2017-07-17,31.64,31.91,31.4,31.9,11658237,0.0
2017-07-18,32.03,32.35,31.65,31.82,17720142,0.0
2017-07-19,31.93,32.02,31.42,31.97,18496073,0.0
2017-07-20,31.9,32.1,31.62,32,14168254,0.0
2017-07-23,32,32.01,31.5,31.68,14384381,0.0
2017-07-24,30.8,30.83,29.65,29.9,46051502,0.0
2017-07-25,29.83,30.05,29.68,29.82,22017783,0.0
2017-07-26,30.27,31.3,29.665,30.23,33759741,0.0
2017-07-27,29.98,29.98,28.96,29.265,27870883,0.0
2017-07-30,29.43,29.55,27.87,28.11,36456751,0.0
2017-07-31,28.22,28.935,27.83,28.325,25299526,0.0
2017-08-01,28.96,29.43,28.22,28.65,23472209,0.0
2017-08-02,28.38,28.4,27.61,27.81,26371691,0.0
2017-08-03,27.86,28.3,27.27,27.9043,21688871,0.0
2017-08-06,27.93,28.605,27.8,28.59,15035605,0.0
2017-08-07,28.62,29.34,28.61,28.8301,19970884,0.0
2017-08-08,28.51,28.89,28.36,28.58,12954540,0.0
2017-08-09,28.3,28.38,27.43,27.49,22913375,0.0
2017-08-10,27.44,28.04,26.85,28,18573455,0.0
2017-08-13,28.8,29.36,28.72,29.25,22846700,0.0
2017-08-14,29.49,29.805,29.14,29.69,17483938,0.0
2017-08-15,29.99,30.86,29.9608,30.68,34209257,0.0
2017-08-16,30.32,30.5299,29.61,29.62,23539906,0.0
2017-08-17,30.03,30.6,29.76,30.38,26783616,0.0
2017-08-20,30.53,30.6,29.28,29.531,23910090,0.0
2017-08-21,29.85,30.5,29.77,30.45,16229653,0.0
2017-08-22,30,30.74,29.87,30.45,17896717,0.0
2017-08-23,30.55,30.6295,30.11,30.23,13115545,0.0
2017-08-24,30.3,30.39,30.05,30.3,10148315,0.0
2017-08-27,30.43,31.21,30.42,31.09,19767802,0.0
2017-08-28,30.75,31.53,30.7,31.48,20890144,0.0
2017-08-29,31.65,31.68,31.38,31.61,15371160,0.0
2017-08-30,31.61,32.02,31.48,31.97,22631413,0.0
2017-08-31,32.24,32.88,32.13,32.6,22479965,0.0
2017-09-04,32.45,32.74,31.65,32.06,26553072,0.0
2017-09-05,32.07,32.7,32.06,32.23,24088285,0.0
2017-09-06,32.47,32.9,32.4466,32.8,20944838,0.0
2017-09-07,32.8,33.02,32.31,32.45,16034560,0.0
2017-09-10,32.9,33.44,32.81,33.434,24380982,0.0
2017-09-11,33.72,34.54,33.56,34.3,33140693,0.0
2017-09-12,34.57,34.8,34.02,34.6,34702791,0.0
2017-09-13,34.43,34.85,34.3,34.57,18783712,0.0
2017-09-14,34.44,35,34.38,34.63,23672118,0.0
2017-09-17,35.13,35.8,35.02,35.43,28103538,0.0
2017-09-18,35.5,36.1,35.5,35.94,23672816,0.0
2017-09-19,36.03,36.6,35.34,35.97,36956114,0.0
2017-09-20,35.93,36.25,35.4,35.901,19513510,0.0
2017-09-21,35.6,36.22,35.6,36.07,18853932,0.0
2017-09-24,36.11,36.15,34.54,34.87,32138223,0.0
2017-09-25,35.23,35.37,34.09,34.16,39194083,0.0
2017-09-26,36.26,37.15,35.92,37.1,73387438,0.0
2017-09-27,37.15,38.46,36.82,37.96,47653567,0.0
2017-09-28,37.98,39.36,37.81,39.33,41293464,0.0
2017-10-01,39.6,40.37,39.36,40,47698728,0.0
2017-10-02,39.93,40.54,39.85,40.37,23868908,0.0
2017-10-03,40.14,40.43,38.91,39.56,33171714,0.0
2017-10-04,39.8,39.86,39.25,39.35,20178958,0.0
2017-10-05,39,39.66,38.81,39.64,22744532,0.0
2017-10-08,39.72,40.99,39.62,40.97,25245662,0.0
2017-10-09,41.45,42,40.455,42,38403612,0.0
2017-10-10,40.84,42.07,40.8,41.61,43065539,0.0
2017-10-11,41.21,41.75,40.29,40.57,55644132,0.0
2017-10-12,40.77,41.17,40.32,40.41,30820045,0.0
2017-10-15,40.88,41.57,40.5148,41.48,30279876,0.0
2017-10-16,41.12,41.4,40.25,40.4,35051972,0.0
2017-10-17,41.07,41.95,40.81,41.65,40074185,0.0
2017-10-18,41.18,41.49,39.8,41.3,42564002,0.0
2017-10-19,42,42.17,41.44,41.47,31151575,0.0
2017-10-22,41.87,42.1866,41.4,41.56,23855164,0.0
2017-10-23,41.74,42.01,41.43,41.59,22211452,0.0
2017-10-24,41.31,41.59,40.31,41.05,28354275,0.0
2017-10-25,41.17,41.18,40.31,40.56,23713365,0.0
2017-10-26,40.6,40.94,40.04,40.75,27192187,0.0
2017-10-29,40.78,41.86,40.68,41.65,25713526,0.0
2017-10-30,42.24,44.57,42.2,44.33,51450720,0.0
2017-10-31,44.88,45.33,43.78,44.38,34313189,0.0
2017-11-01,44.08,44.75,43.72,44.34,23084288,0.0
2017-11-02,44.74,45,43.35,43.7,24859580,0.0
2017-11-05,43.85,44.01,42.45,43.19,24472854,0.0
2017-11-06,43.58,44.24,43.33,43.945,26398432,0.0
2017-11-07,43.83,44.14,43.45,44.09,16732741,0.0
2017-11-08,43.69,43.69,42.58,43.5,28324441,0.0
2017-11-09,43.76,44.845,43.71,44.78,26057372,0.0
2017-11-12,44.5,45.87,44.19,45.59,25922868,0.0
2017-11-13,45.58,46,44.8001,45.795,26734014,0.0
2017-11-14,45.24,45.7401,44.6201,45.35,20355870,0.0
2017-11-15,45.71,46.29,45.29,46.18,21301776,0.0
2017-11-16,46.54,46.55,45.73,46.14,19878783,0.0
2017-11-19,46.51,47.86,46.4,47.64,23625166,0.0
2017-11-20,48.36,49.63,48.15,49.39,31708549,0.0
2017-11-21,49.85,49.89,48.62,49.14,25512539,0.0
2017-11-23,49.34,49.88,49.03,49.67,11667939,0.0
2017-11-26,47.96,48.39,47.09,48.05,38710396,0.0
2017-11-27,48.45,48.86,47.82,47.94,26898187,0.0
2017-11-28,47.5,47.6,43.27,43.73,72782964,0.0
2017-11-29,44.14,44.535,41.86,42.39,52687797,0.0
2017-11-30,41.73,42.55,40.01,41.93,66003946,0.0
2017-12-03,41.94,42.29,39.07,39.91,67683277,0.0
2017-12-04,39.75,42.05,39.42,41.21,49314032,0.0
2017-12-05,40.82,41.74,40.3,41.58,33959284,0.0
2017-12-06,42.18,43.23,41.91,43.19,37230970,0.0
2017-12-07,44.03,44.58,42.87,43.21,40168839,0.0
2017-12-10,43.42,43.75,42.33,43,26141018,0.0
2017-12-11,42.74,42.8538,41.71,41.86,25840836,0.0
2017-12-12,42.22,43.1,41.97,42.05,24822803,0.0
2017-12-13,42.29,42.7299,41.88,42.24,20694186,0.0
2017-12-14,42.3,42.56,41.885,42.38,40859514,0.0
2017-12-17,43.37,43.73,42.99,43.71,29954693,0.0
2017-12-18,44.09,44.34,43.3,43.96,37744985,0.0
2017-12-19,46.64,46.8,44.86,45.75,76414549,0.0
2017-12-20,45.55,45.59,44.35,44.42,44791440,0.0
2017-12-21,44.18,44.935,43.94,44.115,27448897,0.0
2017-12-25,43.19,43.2,41.52,42.2384,38217550,0.0
2017-12-26,42.21,43.07,42.03,42.47,21764613,0.0
2017-12-27,42.88,43.05,41.75,41.83,25865729,0.0
2017-12-28,41.82,41.84,40.77,41.13,39281412,0.0
2018-01-01,41.54,43.715,41.19,43.66,33416004,0.0
2018-01-02,44.5,45.05,44.05,44.98,37622955,0.0
2018-01-03,45.99,46.98,45.01,46.87,46661524,0.0
2018-01-04,46.13,46.655,45.3752,45.78,41768456,0.0
2018-01-07,45.41,46.09,44.91,45.54,28737852,0.0
2018-01-08,45.15,45.55,42.77,42.965,57304177,0.0
2018-01-09,41.95,43.37,41.39,43.31,48208104,0.0
2018-01-10,43.52,44,42.62,42.8,34015605,0.0
2018-01-11,42.83,43.35,42.675,42.8,24987923,0.0
2018-01-15,43.13,43.86,42.42,42.92,33686633,0.0
2018-01-16,43.21,44.38,42.98,44.26,32403778,0.0
2018-01-17,44.26,44.65,43.91,43.99,21831766,0.0
2018-01-18,43.93,44.2,42.651,42.74,36989984,0.0
2018-01-21,42.47,42.88,41.68,42.87,30470259,0.0
2018-01-22,43.25,44.66,42.73,43.93,36184357,0.0
2018-01-23,43.69,43.95,42.7367,43.075,27999001,0.0
2018-01-24,44.21,44.72,42.86,43.01,36195733,0.0
2018-01-25,43.22,43.805,43.03,43.66,24109567,0.0
2018-01-28,43.25,43.42,42.38,43.29,24492603,0.0
2018-01-29,41.99,42.795,41.47,41.65,34550172,0.0
2018-01-30,42.96,43.96,42.77,43.72,40379819,0.0
2018-01-31,43.04,44.09,42.1,42.48,31316682,0.0
2018-02-01,41.99,42.21,40.61,40.81,36092968,0.0
2018-02-04,40.19,41.53,39.01,39.4,38858866,0.0
2018-02-05,40.55,43.9,40.55,43.88,59481289,0.0
2018-02-06,43.26,43.56,41.74,42.01,44387403,0.0
2018-02-07,42.52,43.03,40,40,46099958,0.0
2018-02-08,41.05,41.19,37.52,40.37,59847828,0.0
2018-02-11,41.01,42.68,40.88,42.16,40588574,0.0
2018-02-12,42.05,42.92,41.98,42.62,26028672,0.0
2018-02-13,41.93,43.63,41.93,43.42,32506723,0.0
2018-02-14,43.72,43.92,42.26,43.5,31776052,0.0
2018-02-15,43.29,45.11,43.13,44.21,43539903,0.0
2018-02-19,44.02,45.27,43.9,44.89,32897082,0.0
2018-02-20,45.37,45.55,44.52,44.54,28816890,0.0
2018-02-21,44.73,44.83,44.04,44.23,21494121,0.0
2018-02-22,45.18,46.8,45.02,46.54,43883659,0.0
2018-02-25,47,48.23,46.7,47.99,37719768,0.0
2018-02-26,47.66,48.99,47.42,48.59,39543066,0.0
2018-02-27,48.8,49.46,48.35,48.784,36900470,0.0
2018-02-28,48.72,48.85,46.77,47.6,56906827,0.0
2018-03-01,46.42,49.25,45.95,49.1,47619820,0.0
2018-03-04,48.8,52.36,48.72,52.0499,61111189,0.0
2018-03-05,53.39,54.64,53.21,53.755,64627020,0.0
2018-03-06,53.34,55,53.125,53.9699,55176392,0.0
2018-03-07,54.585,55.47,54.3,55.23,47244177,0.0
2018-03-08,55.75,55.83,53.62,54.58,57707893,0.0
2018-03-11,56.5,61.17,56.35,59.36,127545803,0.0
2018-03-12,62.17,63.42,58.52,59.43,130033350,0.0
2018-03-13,59.33,60.69,57.56,59.77,73967374,0.0
2018-03-14,59.84,60.15,58.23,58.82,45019959,0.0
2018-03-15,60,60.69,59.21,60.58,59302758,0.0
2018-03-18,60.36,60.99,58.75,60.14,63244336,0.0
2018-03-19,60.1,61.25,59.8,61.15,46446016,0.0
2018-03-20,61.34,61.72,60.6,61.05,46189068,0.0
2018-03-21,60.07,60.3,58.11,58.9504,61597236,0.0
2018-03-22,57.68,58.8,53.68,54.21,105656683,0.0
2018-03-25,56.26,56.71,52.72,55.56,62492023,0.0
2018-03-26,55.06,55.47,51.68,52.41,62485643,0.0
2018-03-27,51.93,53.35,50.7,51.5,58302652,0.0
2018-03-28,52.16,52.68,51.14,52.11,50241203,0.0
2018-04-01,51.5,51.72,49.56,50.06,54852451,0.0
2018-04-02,50.8,51.7702,50.32,51.56,45975140,0.0
2018-04-03,49.62,53.5,49.26,53.39,53954214,0.0
2018-04-04,52.06,52.2,49.19,49.83,78915978,0.0
2018-04-05,47.69,50.48,47.26,48.46,68795557,0.0
2018-04-08,49.13,49.83,47.92,47.95,43364835,0.0
2018-04-09,49.24,50.7461,48.635,50.48,45837529,0.0
2018-04-10,50.28,51.8,50.11,50.49,35588919,0.0
2018-04-11,51.12,52.92,51.1,52.59,39621033,0.0
2018-04-12,53.37,53.49,51.58,52.22,38939216,0.0
2018-04-15,52.25,52.48,51.32,51.66,25919722,0.0
2018-04-16,51.85,52.7,51.74,52.2501,30113635,0.0
2018-04-17,51.4548,54.27,50.6776,54,50943235,0.0
2018-04-18,52.87,54.1,50.98,51.42,48364445,0.0
2018-04-19,51.5,52.07,50.15,50.62,33287312,0.0
2018-04-22,50.81,50.88,48.81,49.01,39402461,0.0
2018-04-23,49.66,50.2571,46.44,47.11,55660307,0.0
2018-04-24,47.56,48.341,46.075,47.61,37960426,0.0
2018-04-25,49.28,50.18,48.83,50.13,35136151,0.0
2018-04-26,51.11,51.39,47.19,47.5199,44472914,0.0
2018-04-29,47.06,47.69,45.315,45.97,50040134,0.0
2018-04-30,45.65,46.865,45.41,46.78,28801940,0.0
2018-05-01,45.91,46.7392,45.68,45.89,26685642,0.0
2018-05-02,45.7402,46.865,45.3302,46.59,26980148,0.0
2018-05-03,46.36,47.7,46.14,47.57,25550604,0.0
2018-05-06,48.26,49.11,48.11,48.4599,28285201,0.0
2018-05-07,48.53,48.859,47.88,48.57,19612411,0.0
2018-05-08,49.01,51.03,48.99,51.015,32190823,0.0
2018-05-09,51.79,52.68,51.6,52.65,32188434,0.0
2018-05-10,52.42,52.8,51.6801,51.82,24302643,0.0
2018-05-13,52.93,53.71,52.86,52.99,28356862,0.0
2018-05-14,53.8,54.17,52.6899,54.01,37900982,0.0
2018-05-15,55.59,56.91,55.48,56.5,52023210,0.0
2018-05-16,56.05,56.44,53.93,54.69,47324091,0.0
2018-05-17,53.59,54.65,52.85,53.39,39268079,0.0
2018-05-20,56.175,56.47,54.53,55.48,56036677,0.0
2018-05-21,59.05,60.5,58.3,58.96,99027562,0.0
2018-05-22,59,60,58.15,59.97,58715418,0.0
2018-05-23,60.19,61.99,59.56,61.48,66275247,0.0
2018-05-24,60.85,62.1,60.61,61.34,47998133,0.0
2018-05-28,61.36,63.9801,61.35,62.62,68894343,0.0
2018-05-29,63.7,64.66,60.92,62.565,77032421,0.0
2018-05-30,60.25,60.25,57.165,57.53,90199388,0.0
2018-05-31,58.81,59.34,56.88,58.73,67933979,0.0
2018-06-03,57.41,59.16,56.62,59.1,58248022,0.0
2018-06-04,59.8,60.14,58.83,59.41,35942922,0.0
2018-06-05,59.26,59.59,58.3,59.42,31235679,0.0
2018-06-06,59.85,60.27,58.56,59.64,36425955,0.0
2018-06-07,58.69,61.6,58.22,61.39,51254147,0.0
2018-06-10,61.68,62.55,61.07,61.4,36214581,0.0
2018-06-11,61.82,61.85,59.94,60.55,36188870,0.0
2018-06-12,60.35,61.27,60.02,60.03,29011834,0.0
2018-06-13,60.54,60.57,58.67,59.18,35614780,0.0
2018-06-14,58.46,59.1,57.3,58.25,37342938,0.0
2018-06-17,57.66,58.6,56.87,58.44,31860413,0.0
2018-06-18,57.64,59.46,57.11,59.24,35441893,0.0
2018-06-19,60.16,61.12,58.8,58.96,40957511,0.0
2018-06-20,61.46,61.83,59.09,59.45,62048787,0.0
2018-06-21,60.16,60.41,57.02,57.07,54295167,0.0
2018-06-24,55.54,55.64,52.41,53.15,65117363,0.0
2018-06-25,54.43,54.77,53.61,54.59,36723806,0.0
2018-06-26,55,55.35,52.16,52.26,47545158,0.0
2018-06-27,52,53.305,51.79,53.1368,30956536,0.0
2018-06-28,53.73,53.85,52.4,52.45,27701417,0.0
2018-07-01,51.52,54.53,51.32,54.48,34585715,0.0
2018-07-02,54.55,54.79,50.1,51.46,47338896,0.0
2018-07-04,52.85,53.31,51.94,52.84,43523187,0.0
2018-07-05,52.54,53.41,51.98,53.24,28369127,0.0
2018-07-08,53.77,54.5,53.11,54.31,27165729,0.0
2018-07-09,54.6,55.9,54.35,55.74,30367120,0.0
2018-07-10,54.36,55,53.765,54.18,34904130,0.0
2018-07-11,54.65,55.66,54.35,55.46,25086721,0.0
2018-07-12,55.51,56.59,55.32,56.36,26037825,0.0
2018-07-15,56.6,57.18,56.06,56.14,22837289,0.0
2018-07-16,55.84,57.13,55.5,56.96,21686542,0.0
2018-07-17,57.2,58.15,56.92,57.45,27039111,0.0
2018-07-18,57.25,57.555,55.67,56.21,31146363,0.0
2018-07-19,56.08,56.14,54.83,55.01,25987114,0.0
2018-07-22,53.51,54.58,52.219,54.28,37358183,0.0
2018-07-23,55,55.4,52.94,53.16,34044131,0.0
2018-07-24,52.63,54.22,52.3,53.39,35447465,0.0
2018-07-25,53.6,54.74,53.45,53.76,24726710,0.0
2018-07-26,54.46,54.63,53.11,53.96,27189984,0.0
2018-07-29,54.19,54.25,52.42,53.01,23313411,0.0
2018-07-30,53.79,54.22,52.77,52.78,24820843,0.0
2018-07-31,52.73,53.58,52.17,52.29,22274610,0.0
2018-08-01,51.73,53.55,51.38,53.39,25292107,0.0
2018-08-02,53.34,53.4,52.26,52.81,20389583,0.0
2018-08-05,52.18,52.81,51.5,52.68,26147281,0.0
2018-08-06,52.94,53.44,52.7,53.04,17451151,0.0
2018-08-07,52.84,53.53,52.4642,53.39,15995856,0.0
2018-08-08,52.7,52.85,51.93,52.26,30675894,0.0
2018-08-09,51.25,51.95,51.02,51.36,27273543,0.0
2018-08-12,51.61,52.06,51.275,51.35,20544669,0.0
2018-08-13,51.67,51.77,50.011,50.62,26848302,0.0
2018-08-14,49.83,49.86,47.14,47.48,51703719,0.0
2018-08-15,48.2,48.31,46.9641,47.1,28499329,0.0
2018-08-16,46.23,47.36,45.62,47.11,30795994,0.0
2018-08-19,47.26,48.61,46.4743,48.06,29276914,0.0
2018-08-20,48.9,50.37,48.87,49.945,33057487,0.0
2018-08-21,50.38,50.65,49.87,50.24,23612695,0.0
2018-08-22,50.05,50.24,49.4,49.69,22897558,0.0
2018-08-23,49.92,50.82,49.92,50.71,21994950,0.0
2018-08-26,51.4,52.45,51.17,52.06,26007752,0.0
2018-08-27,52.42,52.56,51.47,52.345,22407985,0.0
2018-08-28,52.09,52.16,51.3,51.83,23671450,0.0
2018-08-29,51.56,53.68,51.4,52.76,28659378,0.0
2018-08-30,52.7,53.23,52.22,52.53,20529431,0.0
2018-09-03,52.15,52.3,50.7146,51.94,24096397,0.0
2018-09-04,51.39,51.6,49.07,49.55,34295168,0.0
2018-09-05,48.2,48.45,44.06,44.65,87374294,0.0
2018-09-06,45.14,46.46,44.65,44.85,39012239,0.0
2018-09-09,45.25,45.38,44.39,44.91,26235266,0.0
2018-09-10,43.59,43.75,42.35,43.6,42860435,0.0
2018-09-11,41.25,42.18,40.68,41.73,58487356,0.0
2018-09-12,42.3,44.4948,42.3,43.615,53172798,0.0
2018-09-13,44.11,44.56,43.46,44.3,33105320,0.0
2018-09-16,43.59,44.32,43.25,43.58,24935411,0.0
2018-09-17,43.93,45.87,43.88,45.33,32386215,0.0
2018-09-18,45.78,46.06,44.84,45.06,25237963,0.0
2018-09-19,46.4,47.2199,45.91,46.07,52721047,0.0
2018-09-20,44.4,45.6,43.8,44.71,76086713,0.0
2018-09-23,44.21,45.65,43.86,45.17,29306695,0.0
2018-09-24,45.11,45.4606,44.02,44.63,27432801,0.0
2018-09-25,44.29,44.76,43.96,44.36,26471731,0.0
2018-09-26,44.23,45.52,44.046,44.99,23960404,0.0
2018-09-27,44.65,45.61,44.49,45.25,22961326,0.0
2018-09-30,45.46,46.08,45.01,45.13,23760326,0.0
2018-10-01,44.9,46.69,44.88,45.77,29444660,0.0
2018-10-02,46.28,46.415,44.7148,45.15,26473311,0.0
2018-10-03,44.5,44.75,43.51,44.16,30649438,0.0
2018-10-04,44.08,44.63,42.81,43.59,28843479,0.0
2018-10-07,43.28,43.85,42.61,43.07,23296054,0.0
2018-10-08,42.93,43.04,41.98,42.27,27942004,0.0
2018-10-09,41.5,42.75,41.32,41.62,38450639,0.0
2018-10-10,41.93,42.92,41.425,41.97,40684485,0.0
2018-10-11,43.63,43.75,41.92,42.48,27495190,0.0
2018-10-14,42.03,42.55,41.63,42.345,24458621,0.0
2018-10-15,42.8,43.35,42.3,43.21,24240140,0.0
2018-10-16,43.33,43.39,42.11,42.35,23227407,0.0
2018-10-17,42.03,42.2125,41.14,41.305,26325500,0.0
2018-10-18,41.67,41.985,40.27,40.45,23012477,0.0
2018-10-21,40.56,40.7,38.64,39.74,30421852,0.0
2018-10-22,38.15,39.11,37.41,38.69,40813142,0.0
2018-10-23,38.01,38.3,35.4,35.45,45082817,0.0
2018-10-24,35.59,37.16,35.06,36.76,31841673,0.0
2018-10-25,35.28,35.91,34.3,35.4,35256696,0.0
2018-10-28,36.16,36.2,33.82,34.69,29827797,0.0
2018-10-29,34.64,36.05,34.495,36.02,31172142,0.0
2018-10-30,36.58,38.04,35.8,37.72,35234550,0.0
2018-10-31,37.98,40.2,37.52,40.1,38231500,0.0
2018-11-01,40.18,40.94,39.64,40.33,29249869,0.0
2018-11-04,40.1,40.24,38.77,39.92,21190100,0.0
2018-11-05,39.74,40.56,39.56,39.78,18054208,0.0
2018-11-06,40.32,41.05,39.96,40.92,21648188,0.0
2018-11-07,40.67,41.43,40.34,40.45,13213165,0.0
2018-11-08,39.9,39.99,38.41,39.12,21562033,0.0
2018-11-11,38.24,38.53,36.835,37.44,21678438,0.0
2018-11-12,37.66,38.74,37.44,37.85,23179769,0.0
2018-11-13,38.62,38.97,37.61,38.03,21635926,0.0
2018-11-14,37.95,40.175,37.62,39.92,27986975,0.0
2018-11-15,38.45,39.7055,38.33,39.45,23557723,0.0
2018-11-18,39.2,39.32,36.67,36.82,26911512,0.0
2018-11-19,34.1,36.99,34.04,36.12,36493688,0.0
2018-11-20,37,37.22,36.37,36.38,21005400,0.0
2018-11-22,35.93,37.5,35.92,36.42,10148948,0.0
2018-11-25,37.75,37.79,35.525,36.55,25206030,0.0
2018-11-26,36.09,37.45,36.02,37,20531435,0.0
2018-11-27,37.29,39,35.995,38.73,40161448,0.0
2018-11-28,38.3,38.71,37.73,37.91,22751767,0.0
2018-11-29,37.75,38.63,36.94,38.56,21277694,0.0
2018-12-02,40.2,40.24,39.15,40.03,32917936,0.0
2018-12-03,39.56,39.87,36.72,36.86,34331242,0.0
2018-12-05,35.66,37.68,35.13,37.68,33787564,0.0
2018-12-06,37.62,37.62,35.21,35.32,28884828,0.0
2018-12-09,34.83,35.72,34.53,34.8,31915131,0.0
2018-12-10,35.59,36.26,35.1,35.21,25317245,0.0
2018-12-11,35.94,36.61,35.4,36.03,22742877,0.0
2018-12-12,36.29,36.37,34.76,35,22659759,0.0
2018-12-13,34.44,35.45,34.06,34.19,28736498,0.0
2018-12-16,34.16,35.22,33.6,33.88,28118980,0.0
2018-12-17,34.39,34.935,33.97,34.12,35972966,0.0
2018-12-18,31.66,33.58,30.68,31.4,101069303,0.0
2018-12-19,31.6,32.9,30.86,31.29,57206118,0.0
2018-12-20,31.68,32.05,30.11,30.32,41009751,0.0
2018-12-23,29.86,30.35,29,29.04,22460537,0.0
2018-12-25,29.34,30.91,28.39,30.89,42338723,0.0
2018-12-26,30.41,32.01,30.23,31.91,36053275,0.0
2018-12-27,32,32.2785,31.4,31.515,27468927,0.0
2018-12-30,31.99,32.4,31.46,31.56,18285766,0.0
2019-01-01,31,33.08,30.75,32.705,23668774,0.0
2019-01-02,31.82,32.15,30.86,30.995,25794397,0.0
2019-01-03,31.66,33.04,31.55,32.66,24220790,0.0
2019-01-06,33.7,34.45,33.31,34,39749867,0.0
2019-01-07,34.55,34.585,32.805,33.75,29004039,0.0
2019-01-08,34.97,36.2901,34.92,35.405,49822312,0.0
2019-01-09,35.26,35.95,35.08,35.88,21936861,0.0
2019-01-10,35.41,36.73,35.01,36.01,28612472,0.0
2019-01-13,34.72,34.92,34.26,34.7522,30871571,0.0
2019-01-14,35.02,35.23,33.65,33.96,26798202,0.0
2019-01-15,34.04,34.33,33.56,33.6,21040955,0.0
2019-01-16,33.23,34.2,32.66,33.83,27040597,0.0
2019-01-17,34.23,36.19,34.06,35.755,41393465,0.0
2019-01-21,35.25,35.25,33.55,33.86,31366579,0.0
2019-01-22,34.11,34.685,33.44,34.105,27409364,0.0
2019-01-23,35.31,37.44,35.1,36.605,59063832,0.0
2019-01-24,38.09,39.305,37.5,38.985,55982991,0.0
2019-01-27,36.95,38.96,36.65,38.095,40618728,0.0
2019-01-28,38.28,38.98,37.25,37.385,27718874,0.0
2019-01-29,38.3,38.76,37.59,38.225,26420841,0.0
2019-01-30,37.63,38.82,37.285,38.22,31230292,0.0
2019-01-31,38.31,39.86,38.23,39.635,33978158,0.0
2019-02-03,39.55,39.61,38.51,39.45,24771579,0.0
2019-02-04,39.24,40.33,39.17,39.325,21736997,0.0
2019-02-05,40.4,41.9588,40.37,41.45,44169049,0.0
2019-02-06,40.8135,41.05,38.91,39.35,37336061,0.0
2019-02-07,37.8,38.78,37.4531,38.545,32731701,0.0
2019-02-10,38.6,38.87,37.36,38.575,27805308,0.0
2019-02-11,39.39,40.77,39.24,40.445,39575075,0.0
2019-02-12,40.85,42.28,40.8015,41.64,43294882,0.0
2019-02-13,41.39,43.16,41.31,42.25,38449650,0.0
2019-02-14,42.27,42.395,41.42,41.985,26916803,0.0
2019-02-18,41.7,42.49,41.5,41.98,22320306,0.0
2019-02-19,42.31,43.26,42.13,42.22,24472776,0.0
2019-02-20,42.47,42.87,41.42,41.53,21608668,0.0
2019-02-21,42.08,42.57,41.83,42.57,20576983,0.0
2019-02-24,43.805,43.99,42.7,42.75,23292224,0.0
2019-02-25,42.35,43.145,42.29,42.94,16849897,0.0
2019-02-26,42.62,42.76,41.01,41.31,26128483,0.0
2019-02-27,40.2,41.15,39.8,40.88,22599014,0.0
2019-02-28,41.64,42.56,41.11,41.59,23926603,0.0
2019-03-03,41.88,42.15,40.64,41.06,24737820,0.0
2019-03-04,40.25,40.67,39.51,39.99,26540524,0.0
2019-03-05,39.38,39.45,37.52,37.93,42076167,0.0
2019-03-06,37.54,38.31,37.1399,37.83,29358811,0.0
2019-03-07,36.89,38.815,36.57,38.66,31682859,0.0
2019-03-10,38.91,39.55,38.83,39.02,23110600,0.0
2019-03-11,39.17,39.4,38.83,39.24,17687011,0.0
2019-03-12,39.4,39.72,38.64,38.82,20300731,0.0
2019-03-13,38.74,39.63,38.34,38.405,18136959,0.0
2019-03-14,39.545,39.69,39.06,39.53,14811371,0.0
2019-03-17,39.6,40.41,39.15,39.63,20002456,0.0
2019-03-18,39.93,41.05,39.89,40.38,29492771,0.0
2019-03-19,40.5,40.75,39.62,40.07,31102591,0.0
2019-03-20,41.7,44.21,41.65,44,78650116,0.0
2019-03-21,43.47,43.48,41.55,41.63,43978288,0.0
2019-03-24,41.34,41.98,40.063,40.56,32427198,0.0
2019-03-25,41.17,41.65,40.1,40.31,22937998,0.0
2019-03-26,40.38,40.85,39.01,39.23,25090173,0.0
2019-03-27,39.4,39.94,39.02,39.33,22828757,0.0
2019-03-28,40.25,41.52,40.22,41.33,32779244,0.0
2019-03-31,42.265,42.76,41.715,42.25,13656132,0.0
2019-04-01,42.08,42.79,41.75,42.45,20211471,0.0
2019-04-02,43.55,44.85,43.55,43.9,36560253,0.0
2019-04-03,42.36,43.33,42.25,42.89,31580978,0.0
2019-04-04,43.3,43.535,42.72,43.31,19456383,0.0
2019-04-07,42.18,43.14,42.12,42.9,20978345,0.0
2019-04-08,42.54,42.6,41.27,41.73,26348474,0.0
2019-04-09,41.69,42.435,41.51,42.18,21027115,0.0
2019-04-10,42.2,42.725,42.13,42.29,16779555,0.0
2019-04-11,42.85,43.195,41.805,42.01,18833248,0.0
2019-04-14,42.17,42.23,41.2,41.83,15095576,0.0
2019-04-15,42.26,42.93,42.08,42.76,18147980,0.0
2019-04-16,43.2,44.05,42.76,43.16,20687513,0.0
2019-04-17,43.2,43.53,42.79,43.42,13839894,0.0
2019-04-21,43.14,43.57,42.53,43.4,14596619,0.0
2019-04-22,43.37,43.47,42.72,42.7615,15630613,0.0
2019-04-23,42.82,43.4,42.38,43.03,17153896,0.0
2019-04-24,43.62,44.65,42.69,42.75,25957950,0.0
2019-04-25,41.49,42.28,40.765,42.09,24587758,0.0
2019-04-28,42.13,42.61,41.73,42.1,12132287,0.0
2019-04-29,41.86,42.36,41.58,42.06,14444264,0.0
2019-04-30,42.43,42.93,41.89,41.9,16442721,0.0
2019-05-01,42,43.2,41.63,42.55,15852890,0.0
2019-05-02,42.49,43.38,42.41,43.34,15219484,0.0
2019-05-05,41.4,42.2901,41,42.14,23508497,0.0
2019-05-06,41.68,41.93,39.73,40.25,28909657,0.0
2019-05-07,39.86,40.495,39.58,39.755,24309501,0.0
2019-05-08,39.1,39.63,38.2,39.26,26124978,0.0
2019-05-09,39.01,39.29,37.6452,38.93,28309668,0.0
2019-05-12,37.36,37.98,37.0566,37.38,28640904,0.0
2019-05-13,38.02,38.61,37.4,38.52,21912734,0.0
2019-05-14,37.91,38.7,37.76,38.4,16124717,0.0
2019-05-15,37.68,37.99,37.1,37.31,26642734,0.0
2019-05-16,36.61,37.2799,35.8,36.06,27787768,0.0
2019-05-19,34.75,35.2,34.325,34.62,31384032,0.0
2019-05-20,35.29,35.88,35.15,35.65,27317115,0.0
2019-05-21,35.2,35.45,34.63,34.72,19711188,0.0
2019-05-22,33.89,33.9,32.96,33.82,28994976,0.0
2019-05-23,34.16,34.36,33.59,33.99,18058413,0.0
2019-05-27,34.15,34.31,32.88,32.93,23164270,0.0
2019-05-28,32.32,33.42,32.175,33.29,25939178,0.0
2019-05-29,33.43,34.32,33.031,33.31,19289631,0.0
2019-05-30,32.6,33.4984,32.52,32.61,16801147,0.0
2019-06-02,32.945,33.22,32.47,32.68,19397328,0.0
2019-06-03,33.36,34.56,33.1,34.5099,22264653,0.0
2019-06-04,35.2,35.395,33.04,33.32,23922619,0.0
2019-06-05,33.26,33.82,32.94,33.49,19691862,0.0
2019-06-06,33.55,34.025,33.22,33.98,19171244,0.0
2019-06-09,34.6,35.54,34.53,34.95,19507443,0.0
2019-06-10,35.8,35.99,34.75,34.84,17601875,0.0
2019-06-11,34.01,34.1,32.73,32.95,25986700,0.0
2019-06-12,33.08,33.6389,33.005,33.38,29215917,0.0
2019-06-13,32.45,32.84,32.245,32.66,35549771,0.0
2019-06-16,32.54,32.85,32.14,32.44,17217067,0.0
2019-06-17,32.9,34.89,32.9,34.33,30653005,0.0
2019-06-18,34.69,34.69,33.705,33.95,18490297,0.0
2019-06-19,34.84,35.26,34.02,34.14,19268903,0.0
2019-06-20,33.69,33.89,32.73,33.23,31913523,0.0
2019-06-23,33.19,34.08,33.02,33.19,24905783,0.0
2019-06-24,33.35,33.88,32.61,32.7,27575830,0.0
2019-06-25,35.87,37.6136,35.7,37.05,90444553,0.0
2019-06-26,36.85,38.33,36.51,38.07,45329344,0.0
2019-06-27,39.045,39.365,38.05,38.59,39970227,0.0
2019-06-30,41.155,41.71,39.74,40.11,53977134,0.0
2019-07-01,39.62,40.035,39.025,39.6,28173584,0.0
2019-07-02,39.62,39.77,39.17,39.6,12161866,0.0
2019-07-04,38.95,39.56,38.7999,39.43,17098371,0.0
2019-07-07,39.03,40.61,38.94,40.41,25017828,0.0
2019-07-08,40.13,41.41,40.0817,41.34,24995149,0.0
2019-07-09,42.23,44,42.04,42.91,47624154,0.0
2019-07-10,43.25,43.54,42.4406,43.48,27486946,0.0
2019-07-11,43.75,44.7,43.36,44.51,30243127,0.0
2019-07-14,44.69,45.2699,43.71,44.42,24878061,0.0
2019-07-15,44.05,44.1,42.93,43.06,29095149,0.0
2019-07-16,43,43.75,42.6,43.38,18347909,0.0
2019-07-17,43.61,44.93,43.5,44.67,24814004,0.0
2019-07-18,45.13,46,44.63,45.52,34454108,0.0
2019-07-21,46.5,47.425,46.31,47.2,42870086,0.0
2019-07-22,46.78,47.14,46.23,46.93,27135974,0.0
2019-07-23,46.95,48.23,46.82,47.98,30402527,0.0
2019-07-24,48.4,48.7,47.59,47.77,26026889,0.0
2019-07-25,47.94,48.13,47.09,47.48,17980351,0.0
2019-07-28,46.87,46.97,45.85,46.8,19555274,0.0
2019-07-29,46.88,47.68,46.195,47.46,19214181,0.0
2019-07-30,46.71,46.79,44.44,44.89,31550785,0.0
2019-07-31,45,45.955,42.835,43.6,35726573,0.0
2019-08-01,42.64,44.405,42.22,44.08,25367985,0.0
2019-08-04,42.4,42.51,41.36,41.935,31630176,0.0
2019-08-05,42.67,43.19,41.69,42.62,24041155,0.0
2019-08-06,42.01,42.95,40.7,41.73,32980052,0.0
2019-08-07,42.09,42.76,41.67,42.64,16637224,0.0
2019-08-08,42.04,42.14,40.87,41.52,20812745,0.0
2019-08-11,41.05,42.4,40.97,42.14,21598475,0.0
2019-08-12,42.62,45.08,42.51,44.19,30323929,0.0
2019-08-13,42.88,43.15,41.66,42.03,22591067,0.0
2019-08-14,42.34,42.5555,41.5,42.24,15052038,0.0
2019-08-15,42.64,43.875,42.55,43.55,16634986,0.0
2019-08-18,44.69,45.37,44.34,45,20592247,0.0
2019-08-19,44.85,44.965,44.04,44.23,12047602,0.0
2019-08-20,44.81,45,43.9,44.18,13002093,0.0
2019-08-21,44.5,45.45,44.05,44.78,18438006,0.0
2019-08-22,43.89,44.97,42.66,42.96,24815451,0.0
2019-08-25,43.74,43.77,43.16,43.43,11473721,0.0
2019-08-26,43.76,43.8,42.35,42.41,15389891,0.0
2019-08-27,42.17,43.26,41.66,43.14,10565911,0.0
2019-08-28,43.99,45.22,43.91,44.68,17074602,0.0
2019-08-29,45.12,45.925,45.05,45.26,14638719,0.0
2019-09-02,44.6,45.33,44.44,44.99,15298325,0.0
2019-09-03,46.45,47.5,46.4,46.83,24429560,0.0
2019-09-04,47.9,50,47.89,49.02,30725830,0.0
2019-09-05,48.86,49.5,48.7,48.96,18346378,0.0
2019-09-08,49.54,50,48.86,49.15,17676279,0.0
2019-09-09,49.365,49.935,48.5,49.39,20514736,0.0
2019-09-10,50.02,51.39,49.84,50.48,28555569,0.0
2019-09-11,50.8,51.06,50.1,50.43,17497862,0.0
2019-09-12,50.51,50.95,50.06,50.51,13014620,0.0
2019-09-15,49.53,50.24,49.02,50.14,15313971,0.0
2019-09-16,50.18,50.91,49.925,50.85,12631503,0.0
2019-09-17,51,51.17,49.69,50.49,14355085,0.0
2019-09-18,51.165,51.3,49.75,49.83,15060315,0.0
2019-09-19,50.34,50.45,48.77,49.17,20609662,0.0
2019-09-22,49.54,50.19,49.49,49.64,14064355,0.0
2019-09-23,49.74,49.9,48.05,48.5,21681182,0.0
2019-09-24,48.47,49.7,47.86,49.47,21916157,0.0
2019-09-25,49.38,49.74,48.125,48.59,27055624,0.0
2019-09-26,45.9,45.92,42.91,43.205,70113164,0.0
2019-09-29,43,43.47,42.58,42.85,27874391,0.0
2019-09-30,43.1,43.34,41.75,42.31,26277754,0.0
2019-10-01,41.82,42.67,41.76,41.98,23187293,0.0
2019-10-02,42.06,43.49,41.76,43.48,21447200,0.0
2019-10-03,43.71,44.62,43.29,44.54,39253279,0.0
2019-10-06,44.3,44.73,44.06,44.16,27271463,0.0
2019-10-07,43.6,43.84,42.6224,42.64,36820895,0.0
2019-10-08,43.18,43.38,42.83,42.88,23225035,0.0
2019-10-09,42.87,43.79,42.61,43.3,27711520,0.0
2019-10-10,44.39,45.815,44.28,45.1,50965610,0.0
2019-10-13,45.1946,45.33,44.8,44.86,18567743,0.0
2019-10-14,45.21,46.55,45.04,46.45,32702971,0.0
2019-10-15,45.99,46.55,45.08,45.16,30732514,0.0
2019-10-16,45.77,46.12,45.28,45.51,22133416,0.0
2019-10-17,44.85,44.98,43.225,43.47,47900749,0.0
2019-10-20,44.07,45.3,44,45.2457,13129284,0.0
2019-10-21,45.3,45.7,44.62,44.66,12819629,0.0
2019-10-22,44.05,44.815,43.95,44.67,12139914,0.0
2019-10-23,45.9,47.16,45.58,47.12,23657784,0.0
2019-10-24,47.28,48.265,46.92,48.03,18793517,0.0
2019-10-27,48.5,48.75,48.23,48.7,14602615,0.0
2019-10-28,48.8,49.17,48.06,48.12,10626026,0.0
2019-10-29,48.22,48.3373,47.2583,47.885,10412593,0.0
2019-10-30,47.28,47.88,46.46,47.56,13677284,0.0
2019-10-31,47.48,48.54,47.25,48.39,16028017,0.0
2019-11-03,49.39,49.9,49.25,49.6,14911674,0.0
2019-11-04,49.62,49.72,48.605,48.68,13015997,0.0
2019-11-05,48.15,48.3,47.105,47.68,20119517,0.0
2019-11-06,48.52,49.08,48,48.43,18385442,0.0
2019-11-07,47.56,48.005,46.95,47.18,17334308,0.0
2019-11-10,46.72,46.74,45.85,46.25,13808428,0.0
2019-11-11,46.8,47.68,46.68,46.89,14415842,0.0
2019-11-12,46.5,46.55,45.81,46.29,14607302,0.0
2019-11-13,46.12,46.83,45.77,46.81,11364578,0.0
2019-11-14,47.6,48.52,47.34,47.7,16605449,0.0
2019-11-17,47.95,48.405,47.47,47.82,11709232,0.0
2019-11-18,48.11,48.18,46.28,46.57,17327228,0.0
2019-11-19,46.15,46.5048,45.23,45.55,19568436,0.0
2019-11-20,45.3,46.18,45.04,45.54,13226127,0.0
2019-11-21,45.93,46.38,45.75,45.87,10807586,0.0
2019-11-24,46.1,47.55,45.94,47.54,16882284,0.0
2019-11-25,47.65,47.67,46.54,46.72,11203432,0.0
2019-11-26,47.22,48.265,47.11,48.17,14550671,0.0
2019-11-28,47.94,47.95,47.44,47.52,6321199,0.0
2019-12-01,47.57,47.95,46.345,46.38,14597803,0.0
2019-12-02,45.12,45.4,44.55,45.22,19207538,0.0
2019-12-03,46.18,46.6,45.73,46.3,15506608,0.0
2019-12-04,46.71,47.4,46.25,46.62,11513486,0.0
2019-12-05,47.44,48.33,47.32,47.95,18191914,0.0
2019-12-08,47.565,47.77,46.43,46.44,15024065,0.0
2019-12-09,47.04,47.92,46.72,47.5,16928652,0.0
2019-12-10,47.75,49.34,47.69,49.26,20093684,0.0
2019-12-11,49.36,51.33,49.32,50.98,35107802,0.0
2019-12-12,51.02,52.32,50.7,51.22,27556853,0.0
2019-12-15,52.76,54.3,52.692,52.95,36241546,0.0
2019-12-16,53.99,54,52.65,53,25024297,0.0
2019-12-17,53,53.72,52.37,53.08,30508967,0.0
2019-12-18,55.01,55.29,53.9,54.54,52925040,0.0
2019-12-19,54.9,55.93,54.6343,55.01,34219445,0.0
2019-12-22,55.23,56.11,55.14,55.4,21523780,0.0
2019-12-23,55.45,55.64,55.035,55.42,8255911,0.0
2019-12-25,55.45,55.65,54.9147,55.1,13057466,0.0
2019-12-26,55.24,55.53,53.885,54.03,15904975,0.0
2019-12-29,53.77,53.88,52.66,53.21,14659256,0.0
2019-12-30,52.91,53.9,52.78,53.77,12190094,0.0
2020-01-01,54.85,55.49,54.51,55.4,19010416,0.0
2020-01-02,54.16,55.305,54,54.54,15185770,0.0
2020-01-05,53.75,54.14,53.164,53.57,16176930,0.0
2020-01-06,55.38,58.4,55.36,58.29,44179059,0.0
2020-01-07,58.09,58.39,57.06,57.52,25870725,0.0
2020-01-08,58.32,58.48,56.48,57.32,20424415,0.0
2020-01-09,57.47,57.5,56.2734,56.65,16882568,0.0
2020-01-12,57.01,57.78,56.86,57.44,14633602,0.0
2020-01-13,57.8,58.295,56.46,57.53,25203106,0.0
2020-01-14,57.03,57.12,55.84,56.17,19813086,0.0
2020-01-15,56.8,57.84,56.76,57.69,20290617,0.0
2020-01-16,58.02,58.12,57.01,57.65,17916279,0.0
2020-01-20,57.37,59.18,57.27,58.97,42087177,0.0
2020-01-21,59.515,60.25,58.85,59.17,43489845,0.0
2020-01-22,60.33,60.56,59.03,59.18,45920961,0.0
2020-01-23,60.03,60.03,57.24,57.74,49680417,0.0
2020-01-26,55.15,55.99,54.62,55.4,24923498,0.0
2020-01-27,56.25,56.78,55.24,56.48,16648522,0.0
2020-01-28,55.99,57.19,55.292,55.3,17676229,0.0
2020-01-29,54.18,55.07,53.22,55.03,29228704,0.0
2020-01-30,55.15,55.2,52.7,53.06,26317415,0.0
2020-02-02,53.2535,54.11,53,53.78,17561965,0.0
2020-02-03,55.29,56.02,54.94,55.5,17654027,0.0
2020-02-04,57.02,57.26,55.82,56.77,17132700,0.0
2020-02-05,58.08,59.17,57.41,58.68,22310374,0.0
2020-02-06,57.97,58,56.77,56.88,18732308,0.0
2020-02-09,56.3,57.34,56.2,57.34,13046920,0.0
2020-02-10,57.88,58.84,56.33,57.25,26153267,0.0
2020-02-11,59.04,61.19,58.9,59.27,44704666,0.0
2020-02-12,59.005,60.625,58.86,59.33,22140837,0.0
2020-02-13,60.16,60.56,58.26,58.5,18826849,0.0
2020-02-17,57.07,58.0367,56.62,57.75,19461899,0.0
2020-02-18,58.65,60.25,58.56,59.995,20715175,0.0
2020-02-19,59.88,59.99,57.69,58.99,19736209,0.0
2020-02-20,58.63,58.73,55.89,56.99,25843197,0.0
2020-02-23,53.31,55.46,52.61,55.01,30110227,0.0
2020-02-24,54.84,55.45,51.55,52.095,39380533,0.0
2020-02-25,52.65,54.27,51.88,52.37,25471490,0.0
2020-02-26,50.63,52.85,49.99,50.56,34397701,0.0
2020-02-27,48.65,52.916,48.39,52.7,36760051,0.0
2020-03-01,53.2,54.69,52.1,54.675,30179151,0.0
2020-03-02,54.61,55.4,51.1,51.79,34953648,0.0
2020-03-03,53.02,55.3761,52.21,55.3,26053294,0.0
2020-03-04,53.45,55.61,53.34,53.72,31815550,0.0
2020-03-05,52.2,53.19,50,51.48,28531040,0.0
2020-03-08,45.7901,48.6,45.67,45.685,27338698,0.0
2020-03-09,48.15,48.26,45.29,47.86,27453656,0.0
2020-03-10,46.2,46.32,42.845,43.72,72906312,0.0
2020-03-11,39.4,42.5397,38,38.6,37346440,0.0
2020-03-12,41.57,43.02,38.35,42.99,32795601,0.0
2020-03-15,37.35,39.14,34.45,34.455,67756118,0.0
2020-03-16,35.49,39.13,34.02,37.33,32584100,0.0
2020-03-17,34.26,36.555,31.13,35.15,31664432,0.0
2020-03-18,34.66,37.3,33.65,36.28,57909974,0.0
2020-03-19,37.77,38.59,35.84,36.03,36801119,0.0
2020-03-22,36.99,39.47,35.69,38.27,43485387,0.0
2020-03-23,41.82,44.42,41.14,43.28,41974137,0.0
2020-03-24,43.91,44.88,40.03,42.16,48205927,0.0
2020-03-25,44.96,45.75,43.33,44.82,58100436,0.0
2020-03-26,43.25,45.28,42.31,43.53,37793922,0.0
2020-03-29,44.17,45.57,43.1475,44.52,62638066,0.0
2020-03-30,44.4,45.17,41.91,42.06,33983604,0.0
2020-03-31,40.5503,42.3,39.33,39.89,34765994,0.0
2020-04-01,39.79,41.59,39.52,41.09,29419736,0.0
2020-04-02,40.97,41.86,40.55,41.23,25848277,0.0
2020-04-05,43.35,46.68,43.34,46.35,66539308,0.0
2020-04-06,48.09,48.37,46.04,46.51,63469670,0.0
2020-04-07,47.08,48.69,46.8,48.3,25206087,0.0
2020-04-08,49.2997,49.81,45.35,46.16,37659987,0.0
2020-04-12,45,46.39,44.39,46.16,55490546,0.0
2020-04-13,47,48.38,46.6242,47.62,47898838,0.0
2020-04-14,46.4,46.66,45.635,46.43,56429233,0.0
2020-04-15,47.02,47.2,44.66,45.52,95912127,0.0
2020-04-16,46.78,46.89,44.85,45.7,63301525,0.0
2020-04-19,44.52,45.08,43.3,43.4,82132659,0.0
2020-04-20,43,43.07,41.185,41.35,122767004,0.0
2020-04-21,43.11,44.18,42.745,43.99,53813729,0.0
2020-04-22,43.82,44.715,43.42,43.78,76368290,0.0
2020-04-23,43.8,44.32,42.98,44.15,44066435,0.0
2020-04-26,44.9965,45.39,44.58,45.28,29694700,0.0
2020-04-27,46.21,47.69,45.28,45.3,24019736,0.0
2020-04-28,46.58,50.14,46.33,49.8,32613363,0.0
2020-04-29,49.48,49.58,47.37,47.9,49098699,0.0
2020-04-30,46.36,46.92,44.52,45.06,26587997,0.0
2020-05-03,44.19,44.69,43.61,44.48,36903782,0.0
2020-05-04,45.45,46.95,45.11,45.38,19738182,0.0
2020-05-05,46.07,47.12,45.92,46.08,36967117,0.0
2020-05-06,47.1165,47.5,46.34,46.59,28140444,0.0
2020-05-07,47.29,48.46,47.29,48.25,16199118,0.0
2020-05-10,47.74,48.73,47.44,48.2,29731904,0.0
2020-05-11,48.52,48.5642,45.64,45.67,24924630,0.0
2020-05-12,45.87,45.88,42.95,43.49,62301242,0.0
2020-05-13,43.06,45.78,42.51,45.73,51079430,0.0
2020-05-14,43.28,44.78,43.24,44.41,50461584,0.0
2020-05-17,45.83,46.15,44.95,45.88,17704647,0.0
2020-05-18,45.78,46.23,45.02,45.1,16019587,0.0
2020-05-19,46.51,47.04,46.0933,46.64,30439570,0.0
2020-05-20,46.5,46.5738,44.76,45.2363,15892669,0.0
2020-05-21,45.148,45.31,44.24,44.95,12370980,0.0
2020-05-25,46.22,46.685,45.45,45.79,20387844,0.0
2020-05-26,45.95,49.58,43.9,49.451,54019015,0.0
2020-05-27,48.7,48.79,46.07,46.5,71686172,0.0
2020-05-28,46.62,47.98,46.212,47.95,21316681,0.0
2020-05-31,47.49,47.67,46.32,46.34,20397526,0.0
2020-06-01,46.49,46.85,45.57,46.83,42687344,0.0
2020-06-02,48.04,49.42,47.45,48.91,31382804,0.0
2020-06-03,48.86,51.98,48.6034,51.23,67093406,0.0
2020-06-04,52.66,54.82,52.59,53.74,62986126,0.0
2020-06-07,54.495,54.64,52.231,53.7,37635099,0.0
2020-06-08,52.65,53.5,52.45,53.21,30950638,0.0
2020-06-09,52.92,53.3,51.57,52.48,17548080,0.0
2020-06-10,50.42,51.085,48.195,48.565,54017546,0.0
2020-06-11,50.285,50.48,48.46,48.48,7040249,0.0
2020-06-14,47.36,49.73,47.1,49.25,16045687,0.0
2020-06-15,51.16,52.15,49.86,51.02,17899557,0.0
2020-06-16,51.3,51.51,50.535,50.97,12279497,0.0
2020-06-17,50.5,51.04,50.02,50.48,22282715,0.0
2020-06-18,51.16,52.75,50.785,50.83,43324087,0.0
2020-06-21,51.1,51.4,50.24,51.15,14002404,0.0
2020-06-22,50.69,50.89,49.5683,49.84,20996640,0.0
2020-06-23,49.65,50.1,48.02,48.3,17982224,0.0
2020-06-24,48.2404,49.31,47.275,49.2,13872930,0.0
2020-06-25,49.15,49.35,48.14,48.5,13920325,0.0
2020-06-28,48.69,49.15,47.58,49.15,18223201,0.0
2020-06-29,51.78,52.47,50.97,51.49,45068641,0.0
2020-06-30,51.52,51.555,49.61,49.7,23859859,0.0
2020-07-01,50.5,50.75,49.48,49.83,17243343,0.0
