Date,Open,High,Low,Close,Volume,OpenInterest
2016-07-12,37.89,37.9768,37.63,37.73,965991,0.0
2016-07-13,38,38.14,37.44,37.945,920726,0.0
2016-07-14,38.11,38.11,37.77,37.78,1685984,0.0
2016-07-17,38.16,38.27,37.94,38.1,1013763,0.0
2016-07-18,37.64,38.04,37.59,37.81,1213140,0.0
2016-07-19,37.5,38.35,37.5,38.24,1546836,0.0
2016-07-20,38.25,38.29,37.505,37.69,1928327,0.0
2016-07-21,38.46,38.89,37.96,38.33,3319929,0.0
2016-07-24,38.4,38.89,38.14,38.81,1851168,0.0
2016-07-25,39.2,41.29,38.82,40.91,9019550,0.0
2016-07-26,41.11,42.37,41.06,41.24,4305310,0.0
2016-07-27,41.13,41.2,40.58,40.68,2630630,0.0
2016-07-28,40.78,40.95,40.4,40.79,1198717,0.0
2016-07-31,40.79,41.44,40.505,41.08,2044572,0.0
2016-08-01,40.81,41.15,40.03,40.17,1372683,0.0
2016-08-02,40.06,40.535,39.83,40.52,1496266,0.0
2016-08-03,40.49,41.02,40.01,40.82,1801153,0.0
2016-08-04,41.13,41.13,40.67,40.71,1252442,0.0
2016-08-07,40.69,40.9001,40.47,40.55,1512593,0.0
2016-08-08,40.74,41.09,40.58,40.88,2544586,0.0
2016-08-09,40.98,41.0468,40.605,40.92,2098194,0.0
2016-08-10,41.1,41.1,40.72,40.74,1389814,0.0
2016-08-11,40.76,41.09,40.57,40.89,1113726,0.0
2016-08-14,40.78,41.19,40.78,40.985,1529339,0.0
2016-08-15,40.47,40.53,40.17,40.31,1464615,0.0
2016-08-16,40.23,40.57,40.03,40.525,1486725,0.0
2016-08-17,40.54,40.77,40.46,40.71,1188297,0.0
2016-08-18,40.19,41.18,40.19,41.01,1568789,0.0
2016-08-21,41.02,41.35,40.84,40.94,1067948,0.0
2016-08-22,41.2,41.3,40.96,40.97,1121123,0.0
2016-08-23,40.88,41.05,40.71,40.87,1111304,0.0
2016-08-24,40.7,41.13,40.57,40.91,1524052,0.0
2016-08-25,40.95,41.625,40.87,41.08,2477386,0.0
2016-08-28,41.1,41.21,40.74,40.83,1138372,0.0
2016-08-29,40.94,41.36,40.51,40.89,1046142,0.0
2016-08-30,40.8,41.09,40.71,40.73,1988642,0.0
2016-08-31,40.72,41.21,40.46,41.2,1448675,0.0
2016-09-01,41.25,41.455,41.0383,41.12,1251814,0.0
2016-09-05,41.18,41.34,40.45,40.55,1469180,0.0
2016-09-06,40.21,40.26,39.495,39.63,2800288,0.0
2016-09-07,39.57,39.84,39.505,39.65,2370342,0.0
2016-09-08,39.24,39.598,37.83,38.26,3199201,0.0
2016-09-11,37.99,38.78,37.94,38.72,1862232,0.0
2016-09-12,38.54,38.87,38.07,38.16,1379278,0.0
2016-09-13,38.29,38.75,38.095,38.5,1392065,0.0
2016-09-14,38.58,39.19,38.39,38.99,1438089,0.0
2016-09-15,39.32,39.32,38.4,38.8,3358122,0.0
2016-09-18,39.08,39.4,38.59,38.68,1500851,0.0
2016-09-19,38.95,39.105,38.56,38.66,1828819,0.0
2016-09-20,38.8,38.92,38.43,38.81,1498330,0.0
2016-09-21,39.06,39.28,38.76,39.25,1355925,0.0
2016-09-22,39.18,39.36,38.74,39,1240262,0.0
2016-09-25,38.84,38.925,38.54,38.66,825404,0.0
2016-09-26,38.54,39.31,38.34,39.23,993000,0.0
2016-09-27,39.37,39.53,39.12,39.28,943345,0.0
2016-09-28,39.22,39.75,38.73,39.48,2523936,0.0
2016-09-29,39.7,40.18,39.57,39.93,1898291,0.0
2016-10-02,40.02,40.21,39.71,39.76,1045540,0.0
2016-10-03,39.86,40.11,39.47,39.62,1289787,0.0
2016-10-04,39.81,40.175,39.75,39.75,2097964,0.0
2016-10-05,39.57,40.11,39.51,40.08,1658434,0.0
2016-10-06,40.12,40.24,39.696,40.2,1632955,0.0
2016-10-09,40.2,40.345,38.62,38.66,2664243,0.0
2016-10-10,38.67,38.67,37.51,38.06,3306323,0.0
2016-10-11,37.99,38.17,37.59,37.87,1570815,0.0
2016-10-12,37.59,37.75,37.25,37.58,1571117,0.0
2016-10-13,37.82,38.53,37.79,38.2,1595756,0.0
2016-10-16,38.14,38.55,38.06,38.21,1060824,0.0
2016-10-17,38.57,39.24,38.39,38.9,2544164,0.0
2016-10-18,38.68,39.19,38.55,39.09,2035555,0.0
2016-10-19,39.12,39.45,38.95,39.08,2704174,0.0
2016-10-20,40.93,40.93,38.97,39.83,2704670,0.0
2016-10-23,40,40.39,39.93,40.37,1265862,0.0
2016-10-24,40.38,40.52,39.94,40.03,1241385,0.0
2016-10-25,39.84,40,39.71,39.89,1246608,0.0
2016-10-26,40.03,40.09,39.5,39.62,1075814,0.0
2016-10-27,39.6,39.98,39.4,39.44,1210731,0.0
2016-10-30,39.54,39.9,39.52,39.63,1033468,0.0
2016-10-31,39.79,39.9299,39.07,39.43,854008,0.0
2016-11-01,39.53,39.62,39.09,39.2,1118909,0.0
2016-11-02,39.22,39.78,39.04,39.19,1353059,0.0
2016-11-03,39.09,39.31,38.762,38.96,1197101,0.0
2016-11-06,39.47,39.82,39.3,39.81,1516110,0.0
2016-11-07,39.79,40.05,39.56,39.7,1878202,0.0
2016-11-08,38.73,39.705,38.5,39.51,1620091,0.0
2016-11-09,39.67,39.955,38.42,38.77,2394102,0.0
2016-11-10,38.85,39.13,38.64,38.94,2288822,0.0
2016-11-13,39,39.14,38.565,38.89,1870379,0.0
2016-11-14,38.9,39.47,38.83,39.41,1945992,0.0
2016-11-15,39.2,39.9,39.2,39.78,1464723,0.0
2016-11-16,39.63,39.91,39.45,39.74,1404644,0.0
2016-11-17,39.6,40.49,39.6,40.09,1835822,0.0
2016-11-20,39.96,40.39,39.74,40.34,1281580,0.0
2016-11-21,40.5,40.935,40.02,40.07,2442534,0.0
2016-11-22,40.12,40.3,39.85,39.95,1327628,0.0
2016-11-24,39.93,40.25,39.79,40.19,436292,0.0
2016-11-27,40.01,40.385,39.72,39.94,1342165,0.0
2016-11-28,39.5,39.92,39.251,39.75,1372473,0.0
2016-11-29,39.89,40.09,39.2,39.27,1374282,0.0
2016-11-30,39.19,39.84,37.6,37.77,2499455,0.0
2016-12-01,37.76,38.16,37.32,37.87,2354673,0.0
2016-12-04,38.07,38.37,37.885,38.24,1365310,0.0
2016-12-05,38.41,38.75,38.36,38.58,1248756,0.0
2016-12-06,38.57,39.53,38.445,39.37,1544810,0.0
2016-12-07,39.42,39.78,39.36,39.44,1003814,0.0
2016-12-08,39.54,39.83,39.08,39.15,1106394,0.0
2016-12-11,38.97,39.125,38.365,38.73,872845,0.0
2016-12-12,38.77,39.21,38.64,38.93,1255053,0.0
2016-12-13,39.01,39.24,38.55,38.64,1473430,0.0
2016-12-14,38.99,39.39,38.71,39.23,1364920,0.0
2016-12-15,39.25,39.32,38.68,38.83,1129162,0.0
2016-12-18,38.84,39.16,38.785,39.06,1148878,0.0
2016-12-19,39.07,39.36,38.99,39.25,1011648,0.0
2016-12-20,39.17,39.49,39.12,39.17,906741,0.0
2016-12-21,39.36,39.4,38.9,39.16,763681,0.0
2016-12-22,39.02,39.34,38.94,39.26,607211,0.0
2016-12-26,39.32,39.74,39.28,39.4,575205,0.0
2016-12-27,39.51,39.59,38.945,38.96,861453,0.0
2016-12-28,38.84,39.2,38.84,39.02,765943,0.0
2016-12-29,39.14,39.165,38.45,38.57,1253585,0.0
2017-01-02,38.7,39.08,38.325,38.61,1237951,0.0
2017-01-03,38.64,39.04,38.49,39.03,1506583,0.0
2017-01-04,39.09,39.14,38.35,38.44,1668909,0.0
2017-01-05,38.45,39.84,38.18,39.74,1972330,0.0
2017-01-08,39.74,40.71,39.58,40.65,2548613,0.0
2017-01-09,40.68,41.03,40.461,40.89,1982619,0.0
2017-01-10,40.84,40.86,40.52,40.71,1008477,0.0
2017-01-11,40.65,40.65,39.75,40.48,1826982,0.0
2017-01-12,40.56,41.83,40.4401,41.47,2713456,0.0
2017-01-16,41.28,41.3364,40.635,40.73,1170924,0.0
2017-01-17,40.76,41.3801,40.71,41.22,1848246,0.0
2017-01-18,41.18,41.45,40.44,40.58,2748077,0.0
2017-01-19,40.88,41.66,40.88,41.39,2852305,0.0
2017-01-22,41.22,41.52,41.07,41.39,1759341,0.0
2017-01-23,41.11,42.09,41.03,42.02,1924726,0.0
2017-01-24,42.3,42.65,41.89,42.23,3094110,0.0
2017-01-25,42.26,42.3,41.66,41.96,2251617,0.0
2017-01-26,44.66,45.27,44.25,44.705,6871583,0.0
2017-01-29,44.56,45.035,43.08,45.01,2889904,0.0
2017-01-30,44.86,44.86,44.2275,44.49,1968640,0.0
2017-01-31,44.72,44.98,44.29,44.76,1879740,0.0
2017-02-01,44.44,44.65,44.035,44.54,1430430,0.0
2017-02-02,44.72,44.74,44.445,44.66,1272287,0.0
2017-02-05,44.6,44.89,44.39,44.82,1210237,0.0
2017-02-06,44.89,45.54,44.8,45.46,2204221,0.0
2017-02-07,45.55,45.58,45.1,45.14,2368534,0.0
2017-02-08,45.06,45.455,44.78,44.88,1355816,0.0
2017-02-09,45.01,45.255,44.345,45.07,1603202,0.0
2017-02-12,45.22,45.43,44.925,45.02,1221371,0.0
2017-02-13,44.87,45.13,44.57,44.63,1024237,0.0
2017-02-14,44.76,45.03,44.4,44.99,1653778,0.0
2017-02-15,44.87,45.4,44.82,45.01,879647,0.0
2017-02-16,44.92,45.12,44.62,45.11,1172090,0.0
2017-02-20,45.05,45.44,45.04,45.37,1006500,0.0
2017-02-21,45.18,45.46,45.085,45.35,996572,0.0
2017-02-22,45.31,45.3825,44.71,44.86,1031352,0.0
2017-02-23,44.55,45.09,44.155,45.06,963480,0.0
2017-02-26,44.97,45.005,44.5,44.96,1302773,0.0
2017-02-27,44.72,44.72,44.2,44.3,980910,0.0
2017-02-28,44.66,44.74,44.04,44.67,1485882,0.0
2017-03-01,44.62,44.68,44.09,44.18,1452032,0.0
2017-03-02,44.28,44.39,44.035,44.32,1549492,0.0
2017-03-05,44.19,44.74,43.95,44.64,1389083,0.0
2017-03-06,44.46,45.16,44.36,44.74,1453188,0.0
2017-03-07,44.73,45.04,44.615,44.85,1121481,0.0
2017-03-08,44.85,45.0523,44.545,44.82,1383641,0.0
2017-03-09,45.08,45.2,44.77,45,1284958,0.0
2017-03-12,45.06,45.84,44.94,45.77,1702332,0.0
2017-03-13,45.63,45.72,45.38,45.57,925706,0.0
2017-03-14,45.74,46.1,45.61,45.98,1802965,0.0
2017-03-15,46.09,46.14,45.24,45.36,1477819,0.0
2017-03-16,45.69,45.725,45.37,45.62,1707361,0.0
2017-03-19,45.63,46.22,45.515,45.8,1093197,0.0
2017-03-20,45.89,46.04,44.91,45,1173150,0.0
2017-03-21,45.1,45.63,44.67,45.58,730959,0.0
2017-03-22,45.48,45.6,45.14,45.14,987268,0.0
2017-03-23,45.71,45.97,45.2,45.23,1467802,0.0
2017-03-26,45.03,45.26,44.67,45.09,1122303,0.0
2017-03-27,45.05,45.21,44.87,44.92,1196178,0.0
2017-03-28,44.85,44.9,44.57,44.76,1437368,0.0
2017-03-29,44.8,45.12,44.73,44.925,803868,0.0
2017-03-30,45.08,45.12,44.72,44.95,1773291,0.0
2017-04-02,44.98,45.08,44.285,44.505,1137421,0.0
2017-04-03,44.28,44.57,44.24,44.52,1332241,0.0
2017-04-04,44.73,45.01,44.34,44.375,1321912,0.0
2017-04-05,44.37,44.56,44.17,44.49,1011235,0.0
2017-04-06,44.54,45.09,44.41,45.015,1724831,0.0
2017-04-09,44.96,45,44.52,44.67,934545,0.0
2017-04-10,44.39,44.61,43.5,44.32,1514772,0.0
2017-04-11,44.17,44.31,43.35,43.69,1136657,0.0
2017-04-12,43.69,44.18,43.4448,43.77,1011770,0.0
2017-04-16,43.91,44.2101,43.83,44.11,1141032,0.0
2017-04-17,43.86,44.55,43.69,44.42,1252212,0.0
2017-04-18,44.66,44.94,44.32,44.58,1410587,0.0
2017-04-19,44.8,45.7,44.74,45.45,2591067,0.0
2017-04-20,43.83,45.01,43.35,44.95,6966324,0.0
2017-04-23,45.39,45.54,44.635,44.74,2927186,0.0
2017-04-24,45.04,45.335,44.51,45.11,2680192,0.0
2017-04-25,45.12,45.35,44.71,44.72,1793576,0.0
2017-04-26,44.99,45.53,44.98,45.08,1558486,0.0
2017-04-27,45.12,45.12,43.775,44.13,2748456,0.0
2017-04-30,44.36,44.76,43.99,44.71,1224670,0.0
2017-05-01,44.63,45.16,44.42,45.08,1996539,0.0
2017-05-02,45.04,45.13,44.74,44.885,1451559,0.0
2017-05-03,44.95,45.45,44.93,45.39,1296677,0.0
2017-05-04,45.45,45.58,45.235,45.52,1375063,0.0
2017-05-07,45.51,45.885,45.51,45.68,1886781,0.0
2017-05-08,45.75,45.94,45.695,45.885,1404027,0.0
2017-05-09,46.09,46.41,45.965,46.12,1379849,0.0
2017-05-10,45.95,46.07,45.6,45.73,1162860,0.0
2017-05-11,45.71,46.21,45.57,46.01,1541162,0.0
2017-05-14,46.05,46.83,45.91,46.815,1394674,0.0
2017-05-15,46.79,47,46.59,46.94,1323337,0.0
2017-05-16,46.53,46.79,45.49,45.5,1517516,0.0
2017-05-17,45.47,46.61,45.34,46.45,1603247,0.0
2017-05-18,46.54,47.1479,46.54,46.85,2134757,0.0
2017-05-21,46.86,47.04,46.68,46.7,1605382,0.0
2017-05-22,46.7,46.94,46.41,46.83,895454,0.0
2017-05-23,46.88,47.22,46.51,47.18,1510073,0.0
2017-05-24,47.29,48,47.21,47.74,1638622,0.0
2017-05-25,47.65,47.87,47.285,47.69,1718328,0.0
2017-05-29,47.42,47.89,47.31,47.7,1421322,0.0
2017-05-30,47.92,48.18,47.6403,47.8,2117258,0.0
2017-05-31,47.93,48.12,47.6,48.11,1938977,0.0
2017-06-01,48.24,48.47,48.02,48.431,1944835,0.0
2017-06-04,48.32,48.74,48.25,48.51,1246959,0.0
2017-06-05,48.29,49.075,48.11,48.55,1884402,0.0
2017-06-06,48.78,49.23,48.7,49.02,1185887,0.0
2017-06-07,49.1,49.52,48.91,49.41,2479392,0.0
2017-06-08,49.5,49.7,46.42,47.08,2150830,0.0
2017-06-11,46.53,46.935,45.64,46.71,3124532,0.0
2017-06-12,47.14,47.3828,46.525,47.14,2001530,0.0
2017-06-13,47.28,47.73,46.57,47.03,1444396,0.0
2017-06-14,46.47,47.22,46.28,46.87,1327525,0.0
2017-06-15,46.75,46.895,46.09,46.25,2539180,0.0
2017-06-18,46.76,46.86,46.37,46.47,1947277,0.0
2017-06-19,46.52,46.52,45.32,45.64,2833286,0.0
2017-06-20,45.8,46.04,45.52,46.01,1378221,0.0
2017-06-21,46.04,46.154,45.48,45.76,1434461,0.0
2017-06-22,45.77,45.97,45.61,45.91,1370517,0.0
2017-06-25,46.08,46.26,45.42,45.78,1147024,0.0
2017-06-26,45.64,45.64,44.68,44.73,1257218,0.0
2017-06-27,45.02,45.19,44.62,45.05,1705583,0.0
2017-06-28,44.97,45.03,44.09,44.44,1788521,0.0
2017-06-29,44.83,45.11,44.35,44.87,1643544,0.0
2017-07-02,45.14,45.23,44.18,44.19,770016,0.0
2017-07-04,44.46,45.13,44.46,44.97,1559364,0.0
2017-07-05,44.65,45.31,44.455,44.94,1129780,0.0
2017-07-06,45.09,45.97,44.98,45.74,986984,0.0
2017-07-09,45.82,46.13,45.53,46.02,1194509,0.0
2017-07-10,45.97,46.39,45.84,46.17,1199922,0.0
2017-07-11,46.52,46.98,46.2368,46.7,1488961,0.0
2017-07-12,46.82,47.02,46.56,46.66,790717,0.0
2017-07-13,46.98,47.12,46.79,47.08,936443,0.0
2017-07-16,47.09,47.39,46.94,46.94,1306149,0.0
2017-07-17,46.83,47,46.72,46.93,754590,0.0
2017-07-18,47.46,47.48,46.94,47.11,1671750,0.0
2017-07-19,47.16,48.03,47.16,47.825,2433112,0.0
2017-07-20,45.63,46.4,43.98,45.11,6961148,0.0
2017-07-23,45,45.16,44.36,44.51,2063317,0.0
2017-07-24,44.46,44.87,44.2,44.63,2825803,0.0
2017-07-25,44.93,45.19,44.7,45.18,1747517,0.0
2017-07-26,45.3,45.725,45.11,45.58,2758542,0.0
2017-07-27,45.44,45.62,45.16,45.47,1483190,0.0
2017-07-30,45.58,45.795,45.3,45.46,1476019,0.0
2017-07-31,45.68,46.64,45.32,45.67,1644090,0.0
2017-08-01,45.89,46.07,45.23,45.54,2982098,0.0
2017-08-02,45.59,45.8,44.665,44.97,1815545,0.0
2017-08-03,45.07,45.39,44.57,44.7111,1770909,0.0
2017-08-06,44.95,45.8,44.95,45.8,1403131,0.0
2017-08-07,45.57,45.83,45.2288,45.28,1366790,0.0
2017-08-08,44.95,45.095,44.41,44.62,1956147,0.0
2017-08-09,44.34,44.52,43.85,43.9,1392876,0.0
2017-08-10,43.77,44.4,43.71,44.39,1221785,0.0
2017-08-13,44.73,45.65,44.65,45.44,1474462,0.0
2017-08-14,45.34,45.46,45.045,45.34,977062,0.0
2017-08-15,45.26,45.99,45.25,45.7,1151774,0.0
2017-08-16,45.52,45.5799,43.96,43.98,1716704,0.0
2017-08-17,44.22,44.33,43.7099,43.87,1731359,0.0
2017-08-20,43.89,43.98,43.425,43.72,891834,0.0
2017-08-21,44.08,44.47,43.88,44.38,1043618,0.0
2017-08-22,44.51,45.17,44.47,44.82,2510851,0.0
2017-08-23,45.13,45.86,44.865,45.68,2246852,0.0
2017-08-24,45.88,45.88,45.02,45.04,1177616,0.0
2017-08-27,45.09,45.39,44.86,45.16,710224,0.0
2017-08-28,44.54,44.9,44.4,44.76,1658857,0.0
2017-08-29,45.06,45.735,44.87,45.56,1506170,0.0
2017-08-30,45.82,46.76,45.7,46.65,1999109,0.0
2017-08-31,46.74,47.11,46.62,46.98,1803447,0.0
2017-09-04,46.75,47.08,46.32,46.44,2150043,0.0
2017-09-05,46.66,47.185,46.2,46.55,2054965,0.0
2017-09-06,46.69,46.69,46.01,46.355,1769976,0.0
2017-09-07,46.35,46.4,45.65,45.87,1422457,0.0
2017-09-10,46.29,46.7,46.05,46.51,839300,0.0
2017-09-11,46.72,46.87,46.38,46.64,922420,0.0
2017-09-12,46.65,47.01,46.4,46.83,928463,0.0
2017-09-13,46.77,47.117,46.59,46.79,821950,0.0
2017-09-14,46.93,47.34,46.82,47,1684267,0.0
2017-09-17,47.15,47.67,47.15,47.31,931950,0.0
2017-09-18,47.43,47.51,47.03,47.15,1389370,0.0
2017-09-19,47.2,47.2,45.795,46.44,1773077,0.0
2017-09-20,46.38,46.62,45.97,46.41,1511394,0.0
2017-09-21,46.17,47.05,46.05,46.93,885958,0.0
2017-09-24,46.63,46.83,46.35,46.71,1514633,0.0
2017-09-25,46.75,47.2,46.62,46.76,1227725,0.0
2017-09-26,47.2,47.63,47,47.38,1493301,0.0
2017-09-27,47.27,47.69,47.19,47.66,875221,0.0
2017-09-28,47.79,48.05,47.61,47.71,1347835,0.0
2017-10-01,47.76,48.12,47.68,47.92,1297010,0.0
2017-10-02,48.04,48.28,47.86,48.09,1057433,0.0
2017-10-03,48.13,48.42,47.935,48.42,747924,0.0
2017-10-04,48.59,48.7,48.15,48.465,928213,0.0
2017-10-05,48.41,48.75,48.27,48.55,908888,0.0
2017-10-08,48.6,48.9,48.59,48.81,609074,0.0
2017-10-09,48.94,49.07,48.64,48.97,711400,0.0
2017-10-10,48.83,49.21,48.77,49.16,1040545,0.0
2017-10-11,49.09,49.37,48.995,49.15,949685,0.0
2017-10-12,49.39,49.65,49.14,49.36,726277,0.0
2017-10-15,49.5,49.535,49.21,49.5,642552,0.0
2017-10-16,49.49,49.885,49.35,49.86,1011621,0.0
2017-10-17,49.92,50.03,49.54,49.86,1100964,0.0
2017-10-18,49.77,50.23,49.21,50.09,1837281,0.0
2017-10-19,52.85,53.1,51.305,52.09,3867861,0.0
2017-10-22,52.27,52.6,51.74,52,2739203,0.0
2017-10-23,51.99,52.425,51.89,52.36,1803584,0.0
2017-10-24,52.06,52.37,51.41,51.45,1799073,0.0
2017-10-25,51.83,52.2,51.48,52,1959810,0.0
2017-10-26,51.98,52.27,51.7,52.06,1845851,0.0
2017-10-29,52.07,52.47,52,52.35,1330139,0.0
2017-10-30,52.5,52.94,52.285,52.55,1114517,0.0
2017-10-31,52.9,52.96,52.07,52.33,1213199,0.0
2017-11-01,52.32,52.52,51.5,52.34,1465235,0.0
2017-11-02,52.41,53.46,52.05,53.46,1919190,0.0
2017-11-05,53.64,54.835,53.58,54.8,2641740,0.0
2017-11-06,54.63,54.81,54.07,54.7,1471717,0.0
2017-11-07,54.74,55.43,54.51,55.31,1166174,0.0
2017-11-08,55.03,55.04,53.24,53.8,1751688,0.0
2017-11-09,53.65,53.84,53.44,53.55,1323290,0.0
2017-11-12,53.21,53.66,53.09,53.46,906343,0.0
2017-11-13,53.25,53.81,53.19,53.655,1122441,0.0
2017-11-14,53.37,53.61,52.99,53.22,1588026,0.0
2017-11-15,53.28,53.76,53.19,53.535,1284573,0.0
2017-11-16,53.79,53.79,53.29,53.51,769407,0.0
2017-11-19,53.37,53.97,53.16,53.87,970680,0.0
2017-11-20,53.9,54.37,53.87,54.22,995996,0.0
2017-11-21,54.21,54.35,53.52,53.54,681365,0.0
2017-11-23,53.58,53.99,53.54,53.84,470655,0.0
2017-11-26,53.5,53.81,53.18,53.29,865699,0.0
2017-11-27,53.34,53.87,53.17,53.86,983216,0.0
2017-11-28,53.49,53.62,51.82,52.11,1515802,0.0
2017-11-29,52.5,52.99,52.13,52.32,1731446,0.0
2017-11-30,52.01,52.24,50.83,51.88,1244356,0.0
2017-12-03,52.2,52.33,51.13,51.43,1185318,0.0
2017-12-04,51.29,52.4638,51.155,51.63,959902,0.0
2017-12-05,51.46,52.01,51.23,51.5,994235,0.0
2017-12-06,51.42,52.29,51.36,52.15,958651,0.0
2017-12-07,52.53,52.74,51.755,51.88,1342779,0.0
2017-12-10,51.86,52.19,51.64,52.18,666490,0.0
2017-12-11,51.95,52.05,51.37,51.46,1242324,0.0
2017-12-12,51.69,51.88,51.08,51.19,1223321,0.0
2017-12-13,51.34,51.8,51.2,51.27,1005232,0.0
2017-12-14,51.6,52.57,51.25,52.46,1344098,0.0
2017-12-17,52.87,53.56,52.83,53.5,1844565,0.0
2017-12-18,53.44,53.75,53.03,53.17,826282,0.0
2017-12-19,53.65,53.88,52.93,53.391,1001367,0.0
2017-12-20,53.56,54.07,52.98,53.03,1230133,0.0
2017-12-21,53.02,53.285,52.71,53.14,486023,0.0
2017-12-25,52.86,52.89,52.44,52.71,402375,0.0
2017-12-26,52.75,52.89,52.3,52.43,1246162,0.0
2017-12-27,52.77,52.89,52.55,52.83,798938,0.0
2017-12-28,52.78,52.95,52.25,52.28,946222,0.0
2018-01-01,52.63,53,52.35,52.98,2167230,0.0
2018-01-02,53,53.76,52.92,53.68,2050568,0.0
2018-01-03,53.88,54.59,53.665,54.38,1481701,0.0
2018-01-04,54.47,54.59,53.14,53.25,2235752,0.0
2018-01-07,53.23,54.17,52.94,54.03,1349082,0.0
2018-01-08,54.07,54.37,53.79,53.82,1175591,0.0
2018-01-09,53.37,53.84,53.03,53.61,1137328,0.0
2018-01-10,53.78,54.7,53.63,54.59,1419172,0.0
2018-01-11,54.6,55.35,54.35,55.035,1265045,0.0
2018-01-15,55.34,55.38,54.07,54.32,1268372,0.0
2018-01-16,54.84,55.9,54.63,55.72,1468043,0.0
2018-01-17,55.68,56.5,55.37,55.8,1117216,0.0
2018-01-18,55.81,56.63,55.53,56.58,1914893,0.0
2018-01-21,56.53,57.43,56.23,57.39,1788652,0.0
2018-01-22,57.51,58.04,56.96,58.02,3185043,0.0
2018-01-23,57.11,57.45,56.295,56.35,4878967,0.0
2018-01-24,56.89,57.26,54.97,55.13,4334148,0.0
2018-01-25,57.5,59.1,55.76,59.01,5493848,0.0
2018-01-28,58.87,74.94,58.41,66.22,9249613,0.0
2018-01-29,61.48,63.68,60.88,61.76,6420483,0.0
2018-01-30,62.15,62.755,60.45,61.02,4423543,0.0
2018-01-31,60.12,62.075,60.026,61.15,1872262,0.0
2018-02-01,60.82,61.69,60,60.55,2410208,0.0
2018-02-04,59.75,61.34,58.47,58.51,2211489,0.0
2018-02-05,57.73,59.87,56.97,59.49,2234945,0.0
2018-02-06,58.77,59.3075,56.4,56.8,3050597,0.0
2018-02-07,56.85,57.57,55.21,55.6,3008219,0.0
2018-02-08,56.13,58.36,55.68,57.94,3476813,0.0
2018-02-11,58.24,59.34,58.13,58.76,1787548,0.0
2018-02-12,58.39,58.83,57.93,58.34,1012183,0.0
2018-02-13,57.99,59.34,57.87,59.14,1317728,0.0
2018-02-14,59.4,61.35,58.965,61.22,4225121,0.0
2018-02-15,60.82,61.57,60.49,61.27,1971330,0.0
2018-02-19,60.88,63.34,60.88,62.12,2490137,0.0
2018-02-20,62.37,62.89,61.71,61.74,1119550,0.0
2018-02-21,61.81,61.93,60.83,61.04,1700749,0.0
2018-02-22,61.68,62.03,60.53,62.01,2127623,0.0
2018-02-25,61.79,62.6,61.6,62.52,1150518,0.0
2018-02-26,62.38,62.96,61.55,62.15,1830580,0.0
2018-02-27,61.12,61.955,60.87,60.96,1388189,0.0
2018-02-28,61,61.41,59.95,60.9,2377310,0.0
2018-03-01,60.72,61.34,60.26,61.23,1184781,0.0
2018-03-04,61.02,62.3762,60.54,61.73,908537,0.0
2018-03-05,61.93,62.79,61.45,62.79,1199966,0.0
2018-03-06,62.45,63.39,61.83,62.81,970539,0.0
2018-03-07,63.08,63.08,61.9001,62.16,1046560,0.0
2018-03-08,62.74,63.73,62.57,63.46,1146314,0.0
2018-03-11,64,64.4,63.38,63.5,1448002,0.0
2018-03-12,63.87,64.08,62.12,62.19,2005362,0.0
2018-03-13,62.8,62.88,61.64,62.02,2572634,0.0
2018-03-14,61.86,62.81,61.77,62.37,1659912,0.0
2018-03-15,62.69,63.26,62.15,62.61,1570190,0.0
2018-03-18,62.01,62.2,60.44,61.35,1523204,0.0
2018-03-19,61.5,62.08,61.14,61.72,1245854,0.0
2018-03-20,61.62,62.19,61.19,61.42,1077364,0.0
2018-03-21,60.91,61.43,59.88,60.05,1206790,0.0
2018-03-22,60.18,60.39,58.81,58.82,1454015,0.0
2018-03-25,60.01,61.06,59.56,61.01,1631726,0.0
2018-03-26,61.5,61.98,59.09,59.42,2571287,0.0
2018-03-27,59.37,59.98,58.53,58.94,1675996,0.0
2018-03-28,59.52,60.42,58.8,60.22,1977346,0.0
2018-04-01,59.64,59.8093,56.89,57.4,3789012,0.0
2018-04-02,58.04,59.27,57.91,58.89,2216901,0.0
2018-04-03,57.56,59.36,57.56,59.2,1978385,0.0
2018-04-04,59.75,59.76,57.33,57.87,1958975,0.0
2018-04-05,57.33,58.32,56.7,56.8,2406553,0.0
2018-04-08,57.15,58.62,56.84,56.86,1678994,0.0
2018-04-09,57.96,58.67,57.31,57.97,1507250,0.0
2018-04-10,57.39,58.36,57.28,57.74,858892,0.0
2018-04-11,58.05,58.8105,57.88,58.59,1274677,0.0
2018-04-12,58.71,58.84,57.54,57.73,1016097,0.0
2018-04-15,57.73,58.4,57.53,58.1,1064968,0.0
2018-04-16,58.68,59.19,58.35,58.98,1359626,0.0
2018-04-17,58.63,59.115,58.27,58.57,1021456,0.0
2018-04-18,57.48,57.785,56.11,56.14,2568720,0.0
2018-04-19,55.91,56.135,54.18,54.39,3854993,0.0
2018-04-22,54.88,54.9,53.66,53.81,3385815,0.0
2018-04-23,54.37,54.63,53.49,53.79,3133405,0.0
2018-04-24,53.95,54.61,53.44,54.39,2916523,0.0
2018-04-25,54.89,55.57,54.49,55.26,3419575,0.0
2018-04-26,54.96,55.26,53.46,54.48,3143824,0.0
2018-04-29,54.69,55.13,53.79,54.5,3551226,0.0
2018-04-30,54.26,55.35,53.82,55.28,2093287,0.0
2018-05-01,55.27,55.28,54.49,54.81,2377925,0.0
2018-05-02,54.46,55.53,54.06,55.32,2007109,0.0
2018-05-03,54.94,56.1,54.4541,56,1574344,0.0
2018-05-06,56.32,56.62,56.09,56.42,1326992,0.0
2018-05-07,56.43,56.66,56,56.46,1222894,0.0
2018-05-08,56.45,57.4,56.18,57.34,1451245,0.0
2018-05-09,57.69,58,57.171,57.96,1178134,0.0
2018-05-10,57.95,58.31,57.4317,57.6,791661,0.0
2018-05-13,57.79,58.5,57.64,58.4,1144068,0.0
2018-05-14,58.06,58.38,57.53,57.76,1780967,0.0
2018-05-15,57.51,58.5793,57.51,58.485,1194806,0.0
2018-05-16,58.5,58.79,57.48,58.02,965196,0.0
2018-05-17,57.8,58.38,57.33,57.91,1093271,0.0
2018-05-20,58.3,58.95,57.4656,58.28,903525,0.0
2018-05-21,58.46,58.85,58.235,58.48,924566,0.0
2018-05-22,57.98,58.95,57.64,58.93,1061196,0.0
2018-05-23,58.95,59.18,58.22,58.84,2285004,0.0
2018-05-24,58.85,59.23,58.64,59.17,4818847,0.0
2018-05-28,58.78,59.68,58.65,58.86,2239404,0.0
2018-05-29,59.11,59.48,58.66,58.7,921685,0.0
2018-05-30,58.66,59.37,58.3,58.66,855773,0.0
2018-05-31,59.21,60.15,59.01,60.12,954656,0.0
2018-06-03,60.1,60.93,59.58,60.84,2274809,0.0
2018-06-04,61,61.5,60.43,61.35,1844000,0.0
2018-06-05,61.27,61.4,60.72,61.39,2362261,0.0
2018-06-06,61.39,62.36,60.73,61.14,1715047,0.0
2018-06-07,60.58,60.95,60.12,60.75,885558,0.0
2018-06-10,60.56,60.91,60.5,60.75,713178,0.0
2018-06-11,60.88,60.9856,60.11,60.85,1108727,0.0
2018-06-12,61,61.4713,60.28,60.56,1592174,0.0
2018-06-13,60.85,61.54,60.34,61.45,1078427,0.0
2018-06-14,61.38,61.65,60.22,61.56,1629034,0.0
2018-06-17,60.04,61.34,60.01,61.125,1080199,0.0
2018-06-18,60.06,60.53,59.63,60.35,1445290,0.0
2018-06-19,60.63,60.85,60.17,60.66,1104411,0.0
2018-06-20,60.8,60.99,59.5899,59.95,1210269,0.0
2018-06-21,60.5,60.5,59.55,60.39,1232921,0.0
2018-06-24,59.47,59.47,57.925,58.56,2304602,0.0
2018-06-25,58.57,59.53,58.36,59.44,1948910,0.0
2018-06-26,59.47,59.83,57.97,58,1529321,0.0
2018-06-27,57.79,58.58,57.63,58.27,1240299,0.0
2018-06-28,58.62,59.53,58.215,58.66,1254307,0.0
2018-07-01,58.01,59.14,57.74,59.13,952885,0.0
2018-07-02,59.45,59.48,57.72,57.75,761887,0.0
2018-07-04,58.27,60.15,58.17,60.14,1795885,0.0
2018-07-05,59.93,60.58,59.44,60.52,1148079,0.0
2018-07-08,60.99,60.99,60.08,60.66,822416,0.0
2018-07-09,60.7,61.47,59.6438,61.32,997103,0.0
2018-07-10,60.69,60.81,59.62,59.7,1033958,0.0
2018-07-11,60.07,61.24,59.7773,60.98,1581148,0.0
2018-07-12,61.2,61.21,60.37,60.66,1051469,0.0
2018-07-15,60.67,61.41,60.53,60.67,976022,0.0
2018-07-16,60.19,61.32,59.985,61.295,656371,0.0
2018-07-17,61.48,61.905,60.0135,61.82,656386,0.0
2018-07-18,61.56,61.89,60.98,61.46,1038163,0.0
2018-07-19,61.36,61.78,60.87,61.46,999062,0.0
2018-07-22,61.27,61.27,60.42,60.83,1206938,0.0
2018-07-23,61.2,61.36,59.23,59.33,2056576,0.0
2018-07-24,59.27,59.46,57.83,58.79,2669792,0.0
2018-07-25,58.81,59.53,58.67,58.97,2377145,0.0
2018-07-26,60.49,61.59,59.93,60.94,3248020,0.0
2018-07-29,60.99,61.46,60.65,61,2246547,0.0
2018-07-30,61.31,62.12,60.98,61.15,1782021,0.0
2018-07-31,61.3,61.68,60.67,60.72,1023016,0.0
2018-08-01,60.15,62.35,60.0235,62.23,1858913,0.0
2018-08-02,62.34,63.09,62.19,62.59,1058663,0.0
2018-08-05,62.31,62.98,62.25,62.95,681977,0.0
2018-08-06,63,63.42,62.77,63.36,1194356,0.0
2018-08-07,63.37,63.68,63.2,63.48,799209,0.0
2018-08-08,63.25,63.5,63.03,63.05,680214,0.0
2018-08-09,62.24,62.64,61.2,61.39,875462,0.0
2018-08-12,61.46,62.22,61.33,61.41,813795,0.0
2018-08-13,61.7,61.83,60.72,60.72,1453260,0.0
2018-08-14,60.22,60.58,59.69,60.46,1157558,0.0
2018-08-15,60.43,60.88,59.96,60.16,1296617,0.0
2018-08-16,59.7,60.25,59.02,60,1435013,0.0
2018-08-19,60.24,60.755,59.73,60.54,1451589,0.0
2018-08-20,60.75,61.97,60.67,61.77,1054835,0.0
2018-08-21,61.21,61.93,60.95,61.6,906225,0.0
2018-08-22,61.58,62.19,61.45,61.68,864843,0.0
2018-08-23,61.97,62.205,61.39,61.74,750090,0.0
2018-08-26,61.91,62.83,61.91,62.23,1185418,0.0
2018-08-27,62.55,62.9,61.73,62.26,993038,0.0
2018-08-28,61.81,62.49,61.81,62.29,814955,0.0
2018-08-29,61.99,62.16,60.0559,60.6,962596,0.0
2018-08-30,60.67,60.965,60.41,60.47,1547902,0.0
2018-09-03,60.17,60.93,59.94,60.86,1365334,0.0
2018-09-04,61.23,61.23,60.33,60.39,993057,0.0
2018-09-05,60.26,60.7,60.14,60.29,1082421,0.0
2018-09-06,59.91,60.4799,58.61,58.76,1451263,0.0
2018-09-09,59.21,59.4,58.7,59.24,988348,0.0
2018-09-10,59.01,60.57,58.975,60.03,2604680,0.0
2018-09-11,57.85,58.36,56.01,57.58,4792702,0.0
2018-09-12,58.12,58.52,57,57.72,3260456,0.0
2018-09-13,57.94,58.52,57.67,57.92,1267227,0.0
2018-09-16,57.72,58.05,57.23,57.26,1022047,0.0
2018-09-17,57.47,58.5623,57.47,58.31,1557577,0.0
2018-09-18,58.43,59,57.96,58.12,975651,0.0
2018-09-19,58.57,59.9725,58.23,59.58,1321014,0.0
2018-09-20,59.49,59.67,58.7705,59.51,1168217,0.0
2018-09-23,59.07,59.88,58.97,59.73,813016,0.0
2018-09-24,59.03,59.24,57.96,58.06,1315218,0.0
2018-09-25,58.15,58.4,56.5,56.52,2011358,0.0
2018-09-26,56.51,56.87,56.02,56.34,2235170,0.0
2018-09-27,56.34,56.7,55.97,56.39,1637130,0.0
2018-09-30,56.6,57,56.32,56.45,1191069,0.0
2018-10-01,56.45,57.68,56.25,56.62,1240333,0.0
2018-10-02,56.36,57.035,55.69,56.98,1791542,0.0
2018-10-03,56.68,56.68,55.18,55.71,2453064,0.0
2018-10-04,55.6,55.79,52.84,53.4,2575840,0.0
2018-10-07,53,53.2,52.16,52.57,1936663,0.0
2018-10-08,52.55,53.01,52.41,52.86,969511,0.0
2018-10-09,52.02,52.52,50.69,50.79,1858547,0.0
2018-10-10,50.74,52.7,50.64,51.52,2353244,0.0
2018-10-11,52.58,52.82,51.22,51.81,1373956,0.0
2018-10-14,51.74,52.21,51.3,51.3,1258761,0.0
2018-10-15,51.92,53.09,51.79,52.95,1357367,0.0
2018-10-16,53.36,53.36,52.27,52.87,1085615,0.0
2018-10-17,51.33,51.86,50.75,51.35,3572449,0.0
2018-10-18,51.6,52.5175,50.81,51.14,2188916,0.0
2018-10-21,51.43,51.8348,51.08,51.31,1180991,0.0
2018-10-22,50.05,51.39,49.21,51.06,2666586,0.0
2018-10-23,49.66,49.87,46.85,46.9,6020981,0.0
2018-10-24,47.55,48.9,47.55,48.12,3491658,0.0
2018-10-25,46.9,49.24,46.9,48.25,3170411,0.0
2018-10-28,49.16,49.71,47.95,48.61,2678989,0.0
2018-10-29,48.82,50.1,47.955,49.78,2623094,0.0
2018-10-30,50.74,52,49.24,50.03,4976058,0.0
2018-10-31,50.01,53.61,49.8,53.12,3889374,0.0
2018-11-01,53.7,53.7,51.27,51.9,3149385,0.0
2018-11-04,51.75,52.01,50.79,51.4,1957745,0.0
2018-11-05,51.33,52.33,51.3,51.69,1912233,0.0
2018-11-06,52.36,52.89,51.88,52.63,2215631,0.0
2018-11-07,52.18,53.505,52.02,53.24,1878812,0.0
2018-11-08,52.58,53.165,51.49,52.07,2388294,0.0
2018-11-11,51.15,51.68,50.8812,51.31,2094191,0.0
2018-11-12,51.67,52.68,51.37,51.44,2304314,0.0
2018-11-13,52.06,52.32,51.3,51.69,2161205,0.0
2018-11-14,51.39,53.46,51.08,53.44,2079499,0.0
2018-11-15,52.35,53.6,52.245,53.34,2288522,0.0
2018-11-18,53.2,53.58,51.97,52,2028366,0.0
2018-11-19,51.07,52.81,51.05,52.055,2155263,0.0
2018-11-20,52.78,53.44,52.24,52.49,1752453,0.0
2018-11-22,51.92,52.96,51.92,52.76,580066,0.0
2018-11-25,53.58,53.63,52.78,53.37,2092355,0.0
2018-11-26,55.79,56.46,54.98,55.6,10467949,0.0
2018-11-27,55.57,56.5,54.77,56.2,5150063,0.0
2018-11-28,56.19,56.3,55.195,55.35,5562760,0.0
2018-11-29,55.22,55.99,54.61,55.92,8980425,0.0
2018-12-02,56.97,57.24,56.08,57.1,3792765,0.0
2018-12-03,57.02,57.04,54.75,54.81,4927345,0.0
2018-12-05,53.53,54.73,53.5,54.48,4596607,0.0
2018-12-06,53.76,54.32,52.57,52.89,2653903,0.0
2018-12-09,52.92,53.49,52.4,53.32,2833340,0.0
2018-12-10,54.36,54.65,52.83,53.07,3002074,0.0
2018-12-11,54,54.57,53.31,54.19,2298178,0.0
2018-12-12,54.29,54.51,53.095,53.38,2103050,0.0
2018-12-13,53.12,53.79,52.77,52.78,2122104,0.0
2018-12-16,52.73,53.37,51.94,52.19,2340853,0.0
2018-12-17,52.42,53.03,51.9177,52.08,2335235,0.0
2018-12-18,52.06,52.09,49.28,49.39,3937748,0.0
2018-12-19,49.26,50.17,48.32,48.82,3162103,0.0
2018-12-20,49.69,50.28,48.13,48.23,3642975,0.0
2018-12-23,48.09,48.49,46.64,46.69,1551263,0.0
2018-12-25,47.09,49.355,46.76,49.34,2873355,0.0
2018-12-26,48.57,49.96,48.32,49.96,1904296,0.0
2018-12-27,50.06,51.03,49.77,50.08,1722096,0.0
2018-12-30,50.61,51.09,50.21,50.62,1362621,0.0
2019-01-01,49.67,51.28,49.65,50.765,1682695,0.0
2019-01-02,49.72,50.25,47.92,48.005,2409225,0.0
2019-01-03,48.05,50.1301,48.05,50,2071993,0.0
2019-01-06,49.83,51.19,49.31,50.605,1789593,0.0
2019-01-07,50.91,51.11,49.48,49.81,2333133,0.0
2019-01-08,50.35,51.45,50.295,51.14,1534198,0.0
2019-01-09,50.94,51.8,50.82,51.68,1152862,0.0
2019-01-10,51.39,53.175,51.25,52.83,1738723,0.0
2019-01-13,52.21,52.39,51.085,51.215,1924143,0.0
2019-01-14,51.47,52.0708,51.44,51.72,1304704,0.0
2019-01-15,51.68,52.59,51.175,52.11,1540442,0.0
2019-01-16,52.1,52.9,51.41,52.64,1409546,0.0
2019-01-17,53.14,53.75,52.5,53.45,1541202,0.0
2019-01-21,53.15,53.22,51.52,51.8,2369069,0.0
2019-01-22,52.09,52.48,51.37,52.025,2207782,0.0
2019-01-23,52.75,55.16,52.6159,54.56,2746038,0.0
2019-01-24,55.22,56.69,54.83,56.23,2076914,0.0
2019-01-27,54.56,55.89,54.42,55.685,2140362,0.0
2019-01-28,55.88,55.88,54.935,55.06,1945330,0.0
2019-01-29,54.35,55.2,52.45,54.395,4032526,0.0
2019-01-30,54.26,54.859,53.985,54.28,1949551,0.0
2019-01-31,54.56,55.26,54.245,54.6,2104463,0.0
2019-02-03,54.55,55.04,54.16,55.02,1334878,0.0
2019-02-04,55.14,55.49,54.59,55.18,1789398,0.0
2019-02-05,55.77,56.65,55.54,56.175,2233504,0.0
2019-02-06,55.69,55.98,54.46,54.855,1475847,0.0
2019-02-07,54.03,54.815,53.83,54.65,1653080,0.0
2019-02-10,54.82,55.09,54.42,54.64,754232,0.0
2019-02-11,55.43,55.76,55.28,55.62,985870,0.0
2019-02-12,55.84,55.94,55.35,55.475,770668,0.0
2019-02-13,55.37,55.92,54.951,55.845,979674,0.0
2019-02-14,56.25,56.5,55.65,55.8512,1440665,0.0
2019-02-18,55.48,55.8,55.48,55.515,1255110,0.0
2019-02-19,55.69,56.23,55.67,55.93,916860,0.0
2019-02-20,55.85,55.97,55.13,55.26,1244321,0.0
2019-02-21,55.93,56.05,55.51,55.9,1052076,0.0
2019-02-24,56.47,56.68,56.26,56.48,1155712,0.0
2019-02-25,56.32,56.51,55.6,55.64,1065492,0.0
2019-02-26,54.82,54.89,53.82,54.16,1431468,0.0
2019-02-27,53.92,54.52,53.86,54.43,1677708,0.0
2019-02-28,54.96,55.25,54.32,55.02,1589588,0.0
2019-03-03,55.57,55.66,54.5,55.37,1537461,0.0
2019-03-04,55.36,55.64,54.1026,54.69,2486774,0.0
2019-03-05,54.61,54.7,53.56,53.61,2047345,0.0
2019-03-06,53.38,53.5666,52.3,52.36,2128970,0.0
2019-03-07,51.63,52.02,51.37,51.95,2563579,0.0
2019-03-10,52.34,53.5,52.07,53.34,1625682,0.0
2019-03-11,53.36,53.4,52.59,53.13,2396223,0.0
2019-03-12,53.42,53.4889,52.54,52.93,3079441,0.0
2019-03-13,53.01,53.1,52.57,52.88,1687484,0.0
2019-03-14,54.01,54.24,53.75,54.1,2062958,0.0
2019-03-17,53.98,54.53,53.6,53.96,1761011,0.0
2019-03-18,54.21,54.57,54.06,54.26,1409504,0.0
2019-03-19,54.17,54.33,53.34,53.86,1056224,0.0
2019-03-20,53.98,55.52,53.79,55.27,1362526,0.0
2019-03-21,55.02,55.35,54.18,54.22,1065086,0.0
2019-03-24,54.03,54.36,53.15,53.86,1533346,0.0
2019-03-25,54.31,54.84,53.89,54.34,867060,0.0
2019-03-26,54.35,54.57,52.64,53.11,1337934,0.0
2019-03-27,53.06,53.51,52.43,52.73,986216,0.0
2019-03-28,53.22,53.4368,52.89,53.17,1294825,0.0
2019-03-31,53.8,54.85,53.64,54.75,566674,0.0
2019-04-01,54.76,55.075,54.32,54.96,976429,0.0
2019-04-02,55.74,57.4816,55.36,56.83,2572618,0.0
2019-04-03,56.78,57.45,56.15,56.94,996564,0.0
2019-04-04,57.18,57.49,56.96,57.33,770700,0.0
2019-04-07,57.28,58.055,56.06,57.96,1374648,0.0
2019-04-08,57.63,57.73,57.12,57.26,1086258,0.0
2019-04-09,57.2,58.18,57.19,58.13,1168221,0.0
2019-04-10,58.13,58.4,57.78,57.97,695666,0.0
2019-04-11,58.49,59.33,58.29,59.29,1246988,0.0
2019-04-14,59.22,59.31,58.65,59.02,1258698,0.0
2019-04-15,59.31,60.1,59.31,59.9,1540725,0.0
2019-04-16,60.06,60.34,59.08,59.57,1155651,0.0
2019-04-17,59.91,59.98,59.48,59.78,889626,0.0
2019-04-21,59.46,59.54,58.975,59.11,1067627,0.0
2019-04-22,59.15,59.8,59.15,59.625,912912,0.0
2019-04-23,59.51,60.65,59.5,60.17,1028668,0.0
2019-04-24,59.71,60.03,58.83,59.67,1605929,0.0
2019-04-25,59.09,59.575,58.6,59.53,1159904,0.0
2019-04-28,59.22,59.888,59.16,59.42,888170,0.0
2019-04-29,59.59,60.23,59.1,60.07,1613036,0.0
2019-04-30,62,63.38,59.6,59.89,2777077,0.0
2019-05-01,60.18,61.14,59.6,60.39,1922526,0.0
2019-05-02,60.29,60.73,59.775,60.54,1157424,0.0
2019-05-05,58.81,59.29,58.04,59.11,1275786,0.0
2019-05-06,58.22,58.395,57.4674,58.27,1622002,0.0
2019-05-07,57.98,58.39,57.24,57.3,1489429,0.0
2019-05-08,56.64,57.27,55.795,57.09,1585096,0.0
2019-05-09,56.75,57.6,55.86,56.94,1466345,0.0
2019-05-12,55.21,55.3,52.78,53.42,2349919,0.0
2019-05-13,54.05,54.39,53.62,54.09,1150141,0.0
2019-05-14,53.6,55.11,53.47,54.79,1239983,0.0
2019-05-15,53.38,54.655,53.2936,54.41,1624080,0.0
2019-05-16,53.85,54.89,53.52,53.59,1491358,0.0
2019-05-19,51.62,53.23,51.62,52.64,1628052,0.0
2019-05-20,53.49,54.32,53.49,53.68,1344907,0.0
2019-05-21,53.17,54.25,52.9267,54.03,1632428,0.0
2019-05-22,53.09,54,53.09,53.87,2334327,0.0
2019-05-23,54.31,54.56,53.29,53.34,1056427,0.0
2019-05-27,53.38,53.56,51.95,51.98,1625227,0.0
2019-05-28,51.26,52.75,51.26,52.6,1850305,0.0
2019-05-29,52.65,53.85,52.65,53.14,1146280,0.0
2019-05-30,52.55,53.4245,52.53,52.59,1137865,0.0
2019-06-03,54.07,55.4,53.96,55.35,2304787,0.0
2019-06-04,55.83,55.92,54.35,55.55,1291047,0.0
2019-06-05,55.68,56.11,55.01,55.82,1199407,0.0
2019-06-06,56.2,56.59,55.85,56.53,1159613,0.0
2019-06-09,56.85,58.57,56.85,58.02,1315209,0.0
2019-06-10,58.89,59.11,57.84,58.05,1251757,0.0
2019-06-11,57.68,57.81,57.09,57.19,910665,0.0
2019-06-12,57.4,57.91,57.18,57.9,2570627,0.0
2019-06-13,56.37,56.6,55.82,56.04,3799476,0.0
2019-06-16,56.29,56.46,55.61,55.73,1232792,0.0
2019-06-17,56.39,58.16,56,57.76,1523877,0.0
2019-06-18,58.14,58.615,57.855,58.26,784107,0.0
2019-06-19,59.31,59.55,58,58.33,1077735,0.0
2019-06-20,58.28,58.57,57.89,58.41,2218785,0.0
2019-06-23,58.7,58.83,58.32,58.4,717224,0.0
2019-06-24,58.5,58.7,57.6,57.66,766268,0.0
2019-06-25,58.42,59.33,58.42,59.02,1040727,0.0
2019-06-26,59.3,60.59,59.08,60.12,1053153,0.0
2019-06-27,60.5,60.85,59.74,59.8,898128,0.0
2019-06-30,61.54,62.26,60.46,61.07,1709811,0.0
2019-07-01,60.98,61,59.69,60.21,1422427,0.0
2019-07-02,59.67,60.47,59.67,60.39,536688,0.0
2019-07-04,59.8,60.28,59.49,60.21,486330,0.0
2019-07-07,59.63,60.4,59.54,60.07,651610,0.0
2019-07-08,59.65,60.69,59.44,60.57,1068934,0.0
2019-07-09,61.07,61.81,60.72,61.11,849561,0.0
2019-07-10,61.43,61.46,60.6095,61.34,834358,0.0
2019-07-11,61.49,62.07,61.47,62.03,799981,0.0
2019-07-14,62.12,62.59,61.85,62.25,688211,0.0
2019-07-15,62.04,62.0575,61.03,61.5,1060704,0.0
2019-07-16,61.75,61.79,61.06,61.15,1071459,0.0
2019-07-17,61.32,62.37,61.29,62.16,900612,0.0
2019-07-18,62.36,62.72,62.02,62.08,887894,0.0
2019-07-21,62.21,63,62.15,62.78,774659,0.0
2019-07-22,63,63.71,62.755,63.7,1077167,0.0
2019-07-23,64.17,65.73,64,65.33,1864393,0.0
2019-07-24,64.89,64.99,63.82,64.13,1063494,0.0
2019-07-25,64.7,64.885,64.39,64.57,876108,0.0
2019-07-28,64.35,64.84,63.97,64.53,1036208,0.0
2019-07-29,63.87,64.58,63.79,64.1214,1626600,0.0
2019-07-30,62.15,62.92,59.17,59.18,3508741,0.0
2019-07-31,59.3,60.17,56,57.01,3151148,0.0
2019-08-01,56.68,56.94,55.73,55.91,1687153,0.0
2019-08-04,54.51,54.92,53.33,53.59,2011550,0.0
2019-08-05,54.29,54.97,53.49,54.09,1482614,0.0
2019-08-06,53.41,54.19,53.0908,54.06,1382774,0.0
2019-08-07,54.54,55.4,53.83,55.35,1257058,0.0
2019-08-08,54.69,54.95,53.52,53.91,1051921,0.0
2019-08-11,53.48,53.99,52.91,53.08,967206,0.0
2019-08-12,52.98,55.1,52.52,54.04,1562673,0.0
2019-08-13,52.76,53.29,52.16,52.23,1305946,0.0
2019-08-14,52.43,52.88,52.1,52.45,1754131,0.0
2019-08-15,53.02,54.29,52.7361,54.11,1609610,0.0
2019-08-18,55.33,55.6,54.44,54.69,1351542,0.0
2019-08-19,54.5,54.77,54.14,54.4,846275,0.0
2019-08-20,54.92,55.1,54.57,54.94,978789,0.0
2019-08-21,55.03,55.24,54.14,54.63,1159282,0.0
2019-08-22,54.26,54.365,51.91,52.16,2382491,0.0
2019-08-25,53.07,53.07,52.27,52.545,1507353,0.0
2019-08-26,53.11,53.31,52.35,52.76,1440243,0.0
2019-08-27,52.05,52.91,51.68,52.75,987082,0.0
2019-08-28,53.57,54.16,53.44,53.95,1667433,0.0
2019-08-29,54.61,54.85,54.27,54.53,1665069,0.0
2019-09-02,53.85,54.01,53.03,53.74,1496223,0.0
2019-09-03,54.62,55.53,54.55,55.43,1549720,0.0
2019-09-04,56.32,57.34,56.32,56.655,1598580,0.0
2019-09-05,56.87,57.3,56.6,56.92,1299077,0.0
2019-09-08,57.42,57.87,57.16,57.58,854541,0.0
2019-09-09,57.28,58.34,56.74,58.33,1865938,0.0
2019-09-10,58.52,59.8,58.14,59.76,2106193,0.0
2019-09-11,60,60.21,59.45,59.78,1466328,0.0
2019-09-12,60.23,60.35,59.55,59.59,1274918,0.0
2019-09-15,58.98,59.23,58.32,58.97,1159886,0.0
2019-09-16,58.95,58.95,58.29,58.67,937524,0.0
2019-09-17,58.67,58.915,58.08,58.78,1129439,0.0
2019-09-18,59,59.25,58.44,58.49,806747,0.0
2019-09-19,58,58.32,56.76,56.9,2517774,0.0
2019-09-22,57.05,58.36,56.62,57.96,974548,0.0
2019-09-23,58.21,58.53,56.83,57.15,1198426,0.0
2019-09-24,56.72,58.95,56.71,58.73,1171914,0.0
2019-09-25,58.7,58.99,58.15,58.37,780978,0.0
2019-09-26,56.9,58.27,56.83,57.19,1254662,0.0
2019-09-29,57.63,57.96,57.14,57.9,764427,0.0
2019-09-30,58.04,59.06,56.63,56.83,1258404,0.0
2019-10-01,56.49,56.77,55.38,55.8,966113,0.0
2019-10-02,55.96,56.78,55.02,56.53,813319,0.0
2019-10-03,56.71,57.59,56.71,57.52,1448207,0.0
2019-10-06,57.41,57.53,56.9,56.92,1496851,0.0
2019-10-07,56.33,56.38,55,55.46,1924564,0.0
2019-10-08,56.2,56.65,55.86,56.28,1342795,0.0
2019-10-09,56.48,57.37,56.01,56.88,1414124,0.0
2019-10-10,57.75,58.68,57.69,57.72,3075589,0.0
2019-10-13,57.71,57.77,57.26,57.68,1480493,0.0
2019-10-14,57.78,58.7,57.75,58.53,1678937,0.0
2019-10-15,58.05,58.72,57.51,57.74,2023790,0.0
2019-10-16,58.22,58.52,57.53,58.14,1053724,0.0
2019-10-17,58.01,58.37,57.4,57.72,1798799,0.0
2019-10-20,58.36,58.6,57.96,58.53,1169952,0.0
2019-10-21,58.81,59.02,58.32,58.615,977470,0.0
2019-10-22,56.995,57.7,56.05,56.495,2339202,0.0
2019-10-23,56.96,57.41,56.69,57.13,1452558,0.0
2019-10-24,57.25,57.74,56.965,57.16,1637678,0.0
2019-10-27,57.63,58.15,57.6,57.98,2058744,0.0
2019-10-28,58.19,59.38,58.18,58.33,3324281,0.0
2019-10-29,62,62.11,58.7,58.86,3151934,0.0
2019-10-30,58.7,58.87,57.05,58.68,1769881,0.0
2019-10-31,59.11,60.5954,59.11,60.55,1316852,0.0
2019-11-03,61.38,61.5488,60.32,60.54,1535103,0.0
2019-11-04,60.69,61.15,60.14,60.86,1565384,0.0
2019-11-05,60.64,60.64,59.3,59.62,1443099,0.0
2019-11-06,60.3,60.39,59.255,59.6,1294672,0.0
2019-11-07,59.25,59.63,58.95,59.54,1157308,0.0
2019-11-10,59.06,59.12,58.765,59.09,1097268,0.0
2019-11-11,59.12,59.49,58.26,58.39,2114989,0.0
2019-11-12,58.18,58.62,57.67,58.45,1937722,0.0
2019-11-13,58.44,58.58,57.71,57.77,2809377,0.0
2019-11-14,58.38,58.42,56.98,57.8,3289860,0.0
2019-11-17,57.59,57.74,56.53,56.61,1751054,0.0
2019-11-18,56.9,57.08,55.85,56,3609296,0.0
2019-11-19,55.85,56.33,55.24,55.47,1801930,0.0
2019-11-20,55.24,55.625,54.27,54.94,2203349,0.0
2019-11-21,55.29,55.49,54.78,55.29,1723574,0.0
2019-11-24,55.3,57.01,55.3,56.96,2266524,0.0
2019-11-25,56.5,57.01,56.16,56.9,1280852,0.0
2019-11-26,57.08,57.71,56.98,57.29,1108162,0.0
2019-11-28,57.15,57.41,56.58,56.68,510090,0.0
2019-12-01,56.8,56.97,55.94,56.46,2023107,0.0
2019-12-02,55.55,55.575,54.465,55.21,1583531,0.0
2019-12-03,56.08,57.255,56.08,56.45,1614095,0.0
2019-12-04,56.79,57.095,56.45,56.76,1055068,0.0
2019-12-05,57.54,57.83,57.42,57.46,938416,0.0
2019-12-08,57.33,57.7,57.16,57.17,866607,0.0
2019-12-09,57.25,57.84,56.67,56.82,1443490,0.0
2019-12-10,57.13,58.01,57.09,57.86,969551,0.0
2019-12-11,57.75,59.535,57.75,59.46,1801634,0.0
2019-12-12,59.34,60.33,58.66,59.59,1640071,0.0
2019-12-15,60.33,60.73,60.025,60.47,1780097,0.0
2019-12-16,60.77,60.78,60.3969,60.56,1240160,0.0
2019-12-17,60.56,60.72,60.02,60.53,1752229,0.0
2019-12-18,60.87,61.34,60.65,61.295,1494092,0.0
2019-12-19,61.83,62,60.92,61.72,2503242,0.0
2019-12-22,62,62.7,61.43,61.44,1187951,0.0
2019-12-23,61.43,61.58,61.23,61.3,397806,0.0
2019-12-25,61.29,61.79,61.18,61.68,560667,0.0
2019-12-26,61.83,62,61.34,61.54,662862,0.0
2019-12-29,61.48,61.69,61.023,61.63,796721,0.0
2019-12-30,61.38,61.63,61.19,61.53,1149562,0.0
2020-01-01,62.07,62.43,61.41,62.43,1423652,0.0
2020-01-02,61.32,62.09,61.25,61.35,1626121,0.0
2020-01-05,60.7,60.77,60.14,60.23,1555400,0.0
2020-01-06,60.96,61.76,60.43,61.61,2060636,0.0
2020-01-07,61.79,61.99,61.3101,61.61,934909,0.0
2020-01-08,62.2,62.31,61.44,62.03,1316119,0.0
2020-01-09,62.27,62.39,61.26,61.48,938324,0.0
2020-01-12,61.61,62.12,61.4,61.84,1214188,0.0
2020-01-13,61.84,62.85,61.4,62.19,1674666,0.0
2020-01-14,62.12,62.12,61.25,61.45,949213,0.0
2020-01-15,61.26,61.98,61.26,61.96,1266627,0.0
2020-01-16,62.21,62.375,61.04,61.37,2036331,0.0
2020-01-20,60.9,62.43,60.796,62,4231558,0.0
2020-01-21,62.32,63.3,62.005,62.51,3395466,0.0
2020-01-22,62.76,63.61,62.21,63.6,3648835,0.0
2020-01-23,64,64.17,62.09,62.56,3234002,0.0
2020-01-26,61.08,61.2,60.28,60.29,1519207,0.0
2020-01-27,60.64,62.565,60.64,62.16,3137120,0.0
2020-01-28,64.1,64.35,61.52,61.525,3443796,0.0
2020-01-29,60.63,62.15,60.41,62.05,2029562,0.0
2020-01-30,61.55,61.68,59.87,60.13,1452548,0.0
2020-02-02,60.56,61.14,60.28,60.83,1419860,0.0
2020-02-03,62.1,62.62,61.6,62.39,1630054,0.0
2020-02-04,63.81,64.69,63.39,64.5,1614617,0.0
2020-02-05,64.44,64.57,63.88,64.08,1112545,0.0
2020-02-06,63.6,63.8,62.47,62.53,1180193,0.0
2020-02-09,61.99,63.04,61.85,63,804141,0.0
2020-02-10,63.37,64.23,63.18,63.7,802384,0.0
2020-02-11,64.42,65.13,63.805,64.46,1397178,0.0
2020-02-12,64.27,64.69,63.65,64.3,947060,0.0
2020-02-13,64.6,64.66,63.21,63.56,844458,0.0
2020-02-17,63.12,63.21,62.26,62.46,1157007,0.0
2020-02-18,62.99,63.56,62.66,63.21,1017354,0.0
2020-02-19,63.02,63.37,61.71,62.43,944232,0.0
2020-02-20,62.05,62.3,61.02,61.17,1179072,0.0
2020-02-23,59.15,60.1,58.75,58.99,1633911,0.0
2020-02-24,59.61,59.7365,56.9,57.37,1760589,0.0
2020-02-25,57.67,58.5236,57.1,57.57,1792886,0.0
2020-02-26,56.2,57.91,55.87,55.99,1899096,0.0
2020-02-27,54.16,56.03,53.52,55.58,2888279,0.0
2020-03-01,55.88,57.86,55.18,57.78,1707543,0.0
2020-03-02,57.72,58.83,55.54,55.93,2072845,0.0
2020-03-03,56.37,58.07,55.71,58,1547544,0.0
2020-03-04,56.36,57.17,55.4,55.87,1690144,0.0
2020-03-05,53.72,54.99,53.13,54.78,1710407,0.0
2020-03-08,50.6,52.43,49.82,49.82,2647653,0.0
2020-03-09,51.54,53,49.58,52.98,2507287,0.0
2020-03-10,51.14,52.11,48.98,49.51,3992872,0.0
2020-03-11,46.7,49.06,44.67,44.85,3527809,0.0
2020-03-12,47.74,49.06,44.44,48.56,3599060,0.0
2020-03-15,43.32,49.02,42.49,42.5,6757214,0.0
2020-03-16,43.47,49,41.93,48.1575,4352838,0.0
2020-03-17,44.38,46.9654,42.42,45.085,2427869,0.0
2020-03-18,44.73,47.12,43.2301,45.74,3733812,0.0
2020-03-19,46.07,46.6,43.78,44.12,3754302,0.0
2020-03-22,45.14,46.69,43.3615,45.84,3078489,0.0
2020-03-23,47.7,48.69,46.67,48.05,4266477,0.0
2020-03-24,47.85,50.73,46.2,48.61,3216723,0.0
2020-03-25,49.21,50.43,48.42,50.22,3268404,0.0
2020-03-26,48.42,49.44,47.5,47.67,1998408,0.0
2020-03-29,48.51,50.09,47.6168,49.91,3499036,0.0
2020-03-30,49.34,50.21,48.18,48.66,1855771,0.0
2020-03-31,47.3,48.21,45.46,46.02,1512194,0.0
2020-04-01,45.46,47.89,45.32,47.69,2059215,0.0
2020-04-02,47.38,48.82,47.2,48.64,2519487,0.0
2020-04-05,50.69,53.86,50,53.43,6647382,0.0
2020-04-06,54.9,55.59,51.57,51.72,6057170,0.0
2020-04-07,52.31,53.5,51.56,53.32,2219079,0.0
2020-04-08,53.33,54.43,51.31,51.79,2330048,0.0
2020-04-12,51.43,52.555,51.43,52.23,2570576,0.0
2020-04-13,53.13,53.73,52.37,53.15,7355790,0.0
2020-04-14,52.3,52.4,51.04,52.12,4828069,0.0
2020-04-15,52.82,53.07,51.31,52.51,18540263,0.0
2020-04-16,53.97,54.4,52.71,53.08,10873569,0.0
2020-04-19,52.65,52.65,51.6,51.82,9308921,0.0
2020-04-20,51.14,51.28,50.04,50.38,6420329,0.0
2020-04-21,51.58,52.45,51.17,52.385,10111499,0.0
2020-04-22,52.18,53.58,52.18,52.43,6967926,0.0
2020-04-23,52.86,53.795,52.13,53.66,10483038,0.0
2020-04-26,53.99,55.375,53.5,55.15,8214357,0.0
2020-04-27,55.5,56.88,54.95,55.05,3923280,0.0
2020-04-28,56.51,57.68,55.15,57.4,3575820,0.0
2020-04-29,56.82,56.97,54.82,54.97,5289328,0.0
2020-04-30,53.74,54,51.96,52.07,2120730,0.0
2020-05-03,52.01,52.105,50.765,51.6,4116528,0.0
2020-05-04,51.95,53.34,51.72,52.73,1655590,0.0
2020-05-05,53.57,53.625,52.785,52.87,2856938,0.0
2020-05-06,53.61,53.86,52.7,52.84,2536714,0.0
2020-05-07,53.08,54.16,52.9,54.13,1322510,0.0
2020-05-10,53.89,54.99,53.34,54.59,4474552,0.0
2020-05-11,54.89,55.425,54.07,54.07,2210805,0.0
2020-05-12,54.44,54.62,52.4,53,5288654,0.0
2020-05-13,52.22,53.4,51.65,53.37,3181218,0.0
2020-05-14,51.97,52.94,51.65,52.06,3087611,0.0
2020-05-17,53.22,55.44,53.22,55.11,1890882,0.0
2020-05-18,55.07,56.02,54.88,55.05,1916032,0.0
2020-05-19,56.24,57.51,56.15,56.99,3555062,0.0
2020-05-20,56.72,56.97,55.44,55.67,1773729,0.0
2020-05-21,55.77,56.22,55.31,56.13,1046163,0.0
2020-05-25,57.17,58.685,57.1,58.21,3136778,0.0
2020-05-26,57.61,58.86,56.65,57.57,1486097,0.0
2020-05-27,57.5,57.885,56.27,56.55,2095474,0.0
2020-05-28,56.73,57.86,56.21,57.77,1410563,0.0
2020-05-31,57.28,58.185,57.27,57.87,1364892,0.0
2020-06-01,57.93,58.74,57.5,58.71,2681506,0.0
2020-06-02,60,61.35,59.78,60.54,2147236,0.0
2020-06-03,60.31,61,59.8,60.54,1958892,0.0
2020-06-04,62,62.72,61.16,61.3,3452002,0.0
2020-06-07,61.4,61.93,60.71,61.145,3404180,0.0
2020-06-08,60.93,61.02,60.31,60.69,2453944,0.0
2020-06-09,60.72,61.33,59.9,59.95,1763525,0.0
2020-06-10,59.5,59.775,56.92,57.03,4568358,0.0
2020-06-11,58.6,58.91,57.45,57.47,472730,0.0
2020-06-14,56.22,58.29,55.9346,58.28,1706541,0.0
2020-06-15,60,60.97,58.98,59.88,2242384,0.0
2020-06-16,60.42,60.9,59.86,60.32,1593836,0.0
2020-06-17,60.39,60.76,60.04,60.56,2848751,0.0
2020-06-18,61.41,61.48,59.99,60.44,4166637,0.0
2020-06-21,60.07,60.75,59.09,60.59,1124916,0.0
2020-06-22,61.25,62.19,61.125,61.52,1744127,0.0
2020-06-23,61.28,61.58,59.78,59.9,1606003,0.0
2020-06-24,59.68,60.31,58.97,60.17,1610925,0.0
2020-06-25,59.88,60.18,58.94,59.2,1482338,0.0
2020-06-28,59.29,59.765,58.61,59.595,1261618,0.0
2020-06-29,59.79,60.88,59.49,60.58,1685972,0.0
2020-06-30,60.44,60.53,59.65,59.67,1074023,0.0
2020-07-01,60.22,60.98,60.22,60.41,1161066,0.0
