Date,Open,High,Low,Close,Volume,OpenInterest
2016-07-13,97,98.27,96.8,98.02,7036774,0.0
2016-07-14,98.34,98.7,97.41,98.39,8036024,0.0
2016-07-17,98.39,99.84,97.24,98.8037,13828675,0.0
2016-07-18,85.46,86.75,84.5,85.83,48333971,0.0
2016-07-19,86.67,88.49,85.82,87.92,21363213,0.0
2016-07-20,88.25,88.38,85.21,85.99,14570546,0.0
2016-07-21,86.45,86.5,85.11,85.89,10132545,0.0
2016-07-24,85.74,87.87,85.01,87.66,12121688,0.0
2016-07-25,91.04,93.1,90.9,91.41,17279243,0.0
2016-07-26,91.5,92.06,90.1,92.04,7764282,0.0
2016-07-27,91.92,92.21,90.68,91.63,5414405,0.0
2016-07-28,91.19,91.749,90.59,91.24,5240490,0.0
2016-07-31,91.23,94.67,90.5,94.37,9607913,0.0
2016-08-01,93.84,94.08,92.18,93.56,8782140,0.0
2016-08-02,93.28,94.67,92.55,93.09,6199422,0.0
2016-08-03,93.18,93.7319,91.82,93.43,5223489,0.0
2016-08-04,93.76,97.74,93.56,97.04,16299334,0.0
2016-08-07,95.94,95.94,94,95.1,8756176,0.0
2016-08-08,95.08,95.81,93.48,93.99,8158485,0.0
2016-08-09,94.4,94.75,92.95,93.93,5811080,0.0
2016-08-10,94.56,96.33,94.37,95.89,7484730,0.0
2016-08-11,95.53,96.83,95.08,96.59,5868002,0.0
2016-08-14,96.83,96.91,95.24,95.31,6449454,0.0
2016-08-15,95.11,95.61,94.4,95.12,5445189,0.0
2016-08-16,94.94,96.93,94.85,96.39,7008448,0.0
2016-08-17,95.96,97.2168,95.17,96.15,6310512,0.0
2016-08-18,96.15,96.78,95.51,95.87,6064146,0.0
2016-08-21,95.69,96.13,94.95,95.25,5110962,0.0
2016-08-22,95.68,96.59,95.48,95.94,4570622,0.0
2016-08-23,96.13,96.36,94.91,95.2,5328464,0.0
2016-08-24,96.37,98.245,95.18,97.31,9614121,0.0
2016-08-25,97.32,97.95,96.57,97.58,5836054,0.0
2016-08-28,96.97,98.4497,96.57,97.29,7166892,0.0
2016-08-29,97.84,98.85,97.14,97.4501,5371785,0.0
2016-08-30,97.48,97.88,96.76,97.44,4109971,0.0
2016-08-31,97.8,97.98,96.916,97.38,3528960,0.0
2016-09-01,97.9,98.18,97.01,97.38,3706498,0.0
2016-09-05,97.76,100.32,97.649,100.09,7678113,0.0
2016-09-06,100.11,100.19,98.42,99.16,5794981,0.0
2016-09-07,98.95,100.05,98.82,99.66,4105450,0.0
2016-09-08,99.06,99.39,96.5,96.5,6281357,0.0
2016-09-11,95.93,99.29,95.71,99.05,6644928,0.0
2016-09-12,97.2,99.05,95.33,96.09,10163351,0.0
2016-09-13,97.36,98.35,96.96,97.01,7341702,0.0
2016-09-14,97.33,97.97,96.53,97.34,4557275,0.0
2016-09-15,97.07,99.49,97.04,99.47,7082275,0.0
2016-09-18,100.04,100.35,97.82,98.07,7350244,0.0
2016-09-19,98.78,99.16,97.66,98.25,4048381,0.0
2016-09-20,96.9,97.1,93.26,94.88,18011756,0.0
2016-09-21,95.54,95.88,94.23,95.83,10173897,0.0
2016-09-22,95.75,96.97,95.43,95.94,5322098,0.0
2016-09-25,95.39,95.4,94.04,94.56,6003150,0.0
2016-09-26,95.04,97.64,95,97.07,8635042,0.0
2016-09-27,97.1,97.59,96.02,97.48,6251377,0.0
2016-09-28,97.33,98.31,96.6,96.67,5355507,0.0
2016-09-29,96.9,99.53,96.79,98.56,8493786,0.0
2016-10-02,98.15,103.39,98,102.63,13741361,0.0
2016-10-03,103.34,104.44,101.86,102.34,10679132,0.0
2016-10-04,103.43,106.97,103.43,106.28,11485807,0.0
2016-10-05,104.97,105.47,103.88,105.07,5610664,0.0
2016-10-06,103.96,106.5,103.5501,104.82,7643436,0.0
2016-10-09,103.45,104.53,102.76,103.34,5726937,0.0
2016-10-10,102.31,102.9,99.86,100.58,7857550,0.0
2016-10-11,100.88,102.47,99.22,99.5,6487724,0.0
2016-10-12,98.11,100.5,97.63,100.2497,7106095,0.0
2016-10-13,101.64,102.099,100.35,101.47,8135987,0.0
2016-10-16,100.48,100.73,98.38,99.82,16775991,0.0
2016-10-17,116.62,119.82,116.5,118.79,35704398,0.0
2016-10-18,118.25,122.45,118,121.88,19891651,0.0
2016-10-19,121.97,123.75,121.06,123.36,12448049,0.0
2016-10-20,122.5,127.85,122.31,127.5,16825299,0.0
2016-10-23,127.42,129.29,126.15,127.31,14639084,0.0
2016-10-24,126.56,128.06,125.75,126.51,7122511,0.0
2016-10-25,126.29,128.72,125.75,126.97,7247018,0.0
2016-10-26,127.43,128.18,125.93,126.47,5773300,0.0
2016-10-27,126.08,128.93,126.0118,126.58,6090333,0.0
2016-10-30,126.85,126.9,124.4,124.88,5514269,0.0
2016-10-31,124.98,125.83,121.8,123.3,5996921,0.0
2016-11-01,122.83,124.07,121.83,122.34,4065192,0.0
2016-11-02,122.31,123.72,121.84,122.13,4045674,0.0
2016-11-03,122.03,123.43,121.62,122.04,3973913,0.0
2016-11-06,124.31,125.75,123.37,124.57,4417690,0.0
2016-11-07,124.12,125.81,123.22,124.33,4101634,0.0
2016-11-08,121.8,123.65,120.8611,122.19,6342842,0.0
2016-11-09,122.82,122.97,113.7,115.4,17105326,0.0
2016-11-10,114.9,116.63,113.11,114.78,9976633,0.0
2016-11-13,114.75,115.9,110.68,113.38,8545517,0.0
2016-11-14,114.56,116.41,113.091,113.59,6242224,0.0
2016-11-15,112.96,116.12,111.81,115.1803,4830736,0.0
2016-11-16,115.18,116.81,113.56,115.03,5266797,0.0
2016-11-17,115.61,116.42,113.51,115.2,5915522,0.0
2016-11-20,116.2,118.72,116.19,117.96,5849314,0.0
2016-11-21,118.32,119.46,116.98,118.04,6188922,0.0
2016-11-22,117.78,118.89,117.31,117.69,4016232,0.0
2016-11-24,117.64,118.39,117.18,117.4,1310266,0.0
2016-11-27,117.05,117.62,115.71,116.93,4238417,0.0
2016-11-28,117.3,119.18,117.1316,117.51,5606262,0.0
2016-11-29,118.98,120.37,116.3913,117,6578623,0.0
2016-11-30,117.52,118.68,113.95,117.22,7596519,0.0
2016-12-01,116.75,120.98,116.75,120.81,7893825,0.0
2016-12-04,120.74,120.75,118.4,119.15,6685004,0.0
2016-12-05,120.1,124.79,119.42,124.56,9686635,0.0
2016-12-06,124.48,125.75,123.25,125.38,6902930,0.0
2016-12-07,125.4,126.35,122.16,123.24,7945888,0.0
2016-12-08,123.78,124.3,121.73,122.88,4032411,0.0
2016-12-11,122.84,124.03,122.3,122.83,3146066,0.0
2016-12-12,123.51,125.09,122.7809,123.78,4326190,0.0
2016-12-13,123.43,124.4,122.5,123.44,4745671,0.0
2016-12-14,123.44,127.43,122.95,125,6384607,0.0
2016-12-15,126.39,126.68,124.01,124.22,4957783,0.0
2016-12-18,124.3,126.44,122.87,125.45,4202336,0.0
2016-12-19,125.46,126.3,124.64,125.12,3376056,0.0
2016-12-20,125.53,127.7372,125,126.5,5553004,0.0
2016-12-21,126.84,127.5,125.18,125.58,3132848,0.0
2016-12-22,125.61,126.28,125.08,125.59,1608519,0.0
2016-12-26,126.24,129.05,125.7,128.35,4337424,0.0
2016-12-27,129.03,129.07,125.76,125.88,3756944,0.0
2016-12-28,125.95,126.14,124.2,125.33,2893130,0.0
2016-12-29,126.24,126.57,123.6,123.81,3579539,0.0
2017-01-02,124.88,128.19,124.31,127.5,8316355,0.0
2017-01-03,127.49,130.17,126.55,129.42,6727520,0.0
2017-01-04,129.22,132.75,128.9,131.81,8480611,0.0
2017-01-05,132.08,133.88,129.81,131.07,9180022,0.0
2017-01-08,131.48,131.99,129.89,130.95,4290499,0.0
2017-01-09,131.27,132.22,129.29,129.88,4799323,0.0
2017-01-10,130.91,131.5,129.2475,130.5,4822334,0.0
2017-01-11,130.63,130.85,128.5,129.13,4758857,0.0
2017-01-12,131.15,133.93,130.58,133.73,9377000,0.0
2017-01-16,135.08,135.4,132.09,132.88,9353748,0.0
2017-01-17,133.21,133.65,131.06,133.25,10050905,0.0
2017-01-18,142.01,143.46,138.25,138.39,19960714,0.0
2017-01-19,139.33,140.79,137.66,138.6,8230771,0.0
2017-01-22,138.65,139.49,137.31,137.39,5806977,0.0
2017-01-23,138.07,140.93,137.03,140.11,6640363,0.0
2017-01-24,140.94,141.39,139.05,139.52,5959608,0.0
2017-01-25,140.45,141.21,138.51,138.96,4706274,0.0
2017-01-26,139.46,142.49,139,142.47,7225130,0.0
2017-01-29,141.8,141.967,138.8,141.17,7061126,0.0
2017-01-30,140.55,141.83,139.7,140.71,3329344,0.0
2017-01-31,141.2,142.41,139.3,140.77,5248663,0.0
2017-02-01,140.61,141.04,139.05,139.2,2863831,0.0
2017-02-02,139.51,140.64,139.1,140.25,2909283,0.0
2017-02-05,140,141,139.16,140.97,2858326,0.0
2017-02-06,141.49,144.28,141.05,143.99,7185979,0.0
2017-02-07,143.65,145.07,142.56,144.74,5990180,0.0
2017-02-08,144.98,145.09,143.58,144.14,3879910,0.0
2017-02-09,144.68,145.2992,143.97,144.82,5000284,0.0
2017-02-12,145.19,145.95,143.05,143.2,4081981,0.0
2017-02-13,143.2,144.11,140.05,140.79,7292695,0.0
2017-02-14,140.72,142.43,140.51,142.27,4629460,0.0
2017-02-15,142.42,142.44,141.07,142.01,2342755,0.0
2017-02-16,141.75,142.9,141.27,142.23,3117630,0.0
2017-02-20,142.93,143.38,141.81,142.61,2862803,0.0
2017-02-21,142.92,144,142.17,143.86,2679405,0.0
2017-02-22,144.45,144.49,141.5196,142.77,3795490,0.0
2017-02-23,141.88,143.56,141.55,143.22,2700035,0.0
2017-02-26,143.12,143.92,142.38,143.4,2428837,0.0
2017-02-27,143.3,143.57,141.85,142.13,3054547,0.0
2017-02-28,142.84,143.26,142.1,142.62,3433435,0.0
2017-03-01,142.15,142.7,139.09,139.52,5177482,0.0
2017-03-02,139.69,140.91,138.26,139.14,4758103,0.0
2017-03-05,140.87,142.84,140.54,141.94,6069617,0.0
2017-03-06,141.99,142.4,140.38,141.42,3281071,0.0
2017-03-07,141.47,142.06,139.7704,140.32,3510588,0.0
2017-03-08,140.04,141.24,139.74,140.53,2221917,0.0
2017-03-09,141.32,141.8,140.28,140.89,2556833,0.0
2017-03-12,140.9,143.71,140.321,143.53,4162331,0.0
2017-03-13,142.95,143.31,141.7,143.19,3688797,0.0
2017-03-14,144.2,145.52,143.23,145.26,4735442,0.0
2017-03-15,145.5,146.5,144.22,144.37,4176231,0.0
2017-03-16,144.03,145.76,143.4,145.09,4680654,0.0
2017-03-19,145.45,146.25,144.58,145.8,2854773,0.0
2017-03-20,146.45,147.7,142.1,142.39,6394650,0.0
2017-03-21,142.545,143.8,140.76,142.66,5545233,0.0
2017-03-22,142.14,142.89,141.26,141.83,2752976,0.0
2017-03-23,142.28,142.8,141.58,142.01,2879997,0.0
2017-03-26,140.83,144.39,140,144.08,4046926,0.0
2017-03-27,144.1,146.11,143.92,145.17,3744299,0.0
2017-03-28,145.5,147.18,144.9089,146.46,3049517,0.0
2017-03-29,146.81,148.29,146.53,148.05,3782038,0.0
2017-03-30,148,148.225,147.33,147.82,3133488,0.0
2017-04-02,146.77,148.005,145.74,146.91,3626318,0.0
2017-04-03,146.84,147.09,144.89,145.49,3221719,0.0
2017-04-04,146.18,146.25,143.26,143.62,3880151,0.0
2017-04-05,144,144.14,143.01,143.74,2475615,0.0
2017-04-06,143.79,143.89,142.71,143.1,2550969,0.0
2017-04-09,143.04,144.65,141.21,143.85,4781345,0.0
2017-04-10,144.28,144.54,141.98,144.37,3481671,0.0
2017-04-11,144.85,145.74,143.55,143.83,3528320,0.0
2017-04-12,144.25,144.55,142.76,142.91,2978579,0.0
2017-04-16,144.43,147.32,144.43,147.2849,10676575,0.0
2017-04-17,147.34,147.4,140,143.36,17324198,0.0
2017-04-18,143.37,144,138.66,139.76,10559070,0.0
2017-04-19,140.31,141.8,139.27,141.18,6328281,0.0
2017-04-20,141.39,143.03,140.9028,142.88,5353613,0.0
2017-04-23,143.6,144.5,143.4,143.84,4078198,0.0
2017-04-24,147.46,153.52,146.22,152.16,17863904,0.0
2017-04-25,151.53,152.15,148.9,150.17,8083360,0.0
2017-04-26,150.6,153.49,149.3,153.08,5794156,0.0
2017-04-27,152.71,152.97,150.94,152.21,4907857,0.0
2017-04-30,151.91,157.7,151.61,155.35,7697567,0.0
2017-05-01,155.76,156.5,154.61,156.46,4210330,0.0
2017-05-02,156.29,156.54,154.88,155.59,3235059,0.0
2017-05-03,155.59,157.9,154.55,157.26,4148288,0.0
2017-05-04,158.55,158.59,155.9,156.59,4373803,0.0
2017-05-07,156.73,157.64,155.3,156.38,3879100,0.0
2017-05-08,156.1,157.85,155.97,157.46,3283473,0.0
2017-05-09,157.84,161.1,156.56,160.28,5627973,0.0
2017-05-10,160.17,160.52,157.55,158.52,4552496,0.0
2017-05-11,159.01,160.84,158.51,160.82,3069795,0.0
2017-05-14,160.25,161.78,159.76,160.01,3551741,0.0
2017-05-15,160.5,161.18,159.33,159.41,2565078,0.0
2017-05-16,158.09,158.78,153,153.19,6194424,0.0
2017-05-17,153.61,156.89,153.24,155.69,4657333,0.0
2017-05-18,156.15,158.05,155.91,157.03,3308307,0.0
2017-05-21,157.86,158.6,156.43,157.15,3059202,0.0
2017-05-22,157.75,158.31,156.8,157.96,2576480,0.0
2017-05-23,158.35,158.48,157.17,157.75,2469014,0.0
2017-05-24,160.99,164.1,160.55,163.05,7199497,0.0
2017-05-25,162.84,163.05,161.12,162.43,4061237,0.0
2017-05-29,163.66,164.75,162.71,163.23,3977526,0.0
2017-05-30,163.61,164,160.74,163.07,4139038,0.0
2017-05-31,163.52,163.9316,161.7,162.97,3185946,0.0
2017-06-01,163.42,165.36,162.8,165.18,3397852,0.0
2017-06-04,165.49,165.5,163.43,165.05,2847595,0.0
2017-06-05,164.93,166.82,164.51,165.17,3512616,0.0
2017-06-06,165.6,166.4,164.4086,165.61,2669076,0.0
2017-06-07,166.12,166.87,164.84,165.88,3020499,0.0
2017-06-08,166.27,166.27,154.5,158.05,8505676,0.0
2017-06-11,155.3,155.53,148.31,151.417,11810478,0.0
2017-06-12,154.33,155.68,150.13,152.72,6680737,0.0
2017-06-13,154.35,155.615,150.28,152.2,5447939,0.0
2017-06-14,149.42,152.56,147.3,151.75,5784461,0.0
2017-06-15,151.45,153.53,150.39,152.38,5377149,0.0
2017-06-18,154.29,155.58,152.41,153.36,4327293,0.0
2017-06-19,153.68,154.5,151.4,152.05,3744719,0.0
2017-06-20,152.5,155.38,152.26,155.03,4405980,0.0
2017-06-21,155.13,155.2,153.7,154.9,3043382,0.0
2017-06-22,155.01,158.19,153.76,158.02,5036514,0.0
2017-06-25,158.78,159.97,156.56,157.51,5069759,0.0
2017-06-26,156.62,156.9775,150.7197,151.02,5964542,0.0
2017-06-27,151.64,154.2,150.12,153.4,4643347,0.0
2017-06-28,152.54,152.82,148,150.04,5855090,0.0
2017-06-29,149.73,150.71,148.42,149.41,4202064,0.0
2017-07-02,149.8,150.45,145.8,146.16,3054061,0.0
2017-07-04,146.75,148.26,145.58,147.61,3539262,0.0
2017-07-05,146.2,147.27,144.25,146.26,4148298,0.0
2017-07-06,146.65,150.75,146.65,150.17,4593914,0.0
2017-07-09,150.34,153.23,149.65,152.7,4289317,0.0
2017-07-10,152.37,155.23,151.55,154.35,3940245,0.0
2017-07-11,155.77,158.8,155.77,158.75,6397031,0.0
2017-07-12,158.51,160.13,156.98,158.16,5067472,0.0
2017-07-13,159.3,161.35,157.97,161.13,4482240,0.0
2017-07-16,162.91,163.55,160.0201,161.7,10231577,0.0
2017-07-17,176.12,185,174.24,183.62,33869234,0.0
2017-07-18,182.97,187.17,181.75,183.79,14733342,0.0
2017-07-19,183.84,185.92,182.7,183.6,6291989,0.0
2017-07-20,183.01,191.5,182.71,188.54,7516304,0.0
2017-07-23,188.685,190.25,187.01,187.91,6871602,0.0
2017-07-24,187.79,188.66,185.81,186.95,4442189,0.0
2017-07-25,187.7,189.7043,187.51,189.09,3643382,0.0
2017-07-26,189.89,190,179.38,182.66,9027299,0.0
2017-07-27,182,185.03,181.18,184.03,5136679,0.0
2017-07-30,184.26,184.9738,180.65,181.66,3598141,0.0
2017-07-31,182.27,184.62,181.43,182.03,3354357,0.0
2017-08-01,182.22,182.57,177.8149,180.7039,4768188,0.0
2017-08-02,180.71,181.2248,178.02,179.23,3848171,0.0
2017-08-03,179.34,181,178.5,180.24,3733949,0.0
2017-08-06,181,182.27,179.1,181.32,3686972,0.0
2017-08-07,181.37,181.91,177.45,178.31,4029943,0.0
2017-08-08,171.43,175.96,170.01,175.75,7530499,0.0
2017-08-09,174.12,174.45,167.6,169.14,8017087,0.0
2017-08-10,169.86,172.58,169,171.4,3976686,0.0
2017-08-13,169.92,172.45,168.8,170.98,6087045,0.0
2017-08-14,171.5,171.88,168.25,168.48,4535652,0.0
2017-08-15,167.5,170.5,166.25,169.99,5206956,0.0
2017-08-16,169.58,170.58,165.72,166.08,4285202,0.0
2017-08-17,165.95,169.97,165.8,166.53,6115558,0.0
2017-08-20,166.91,168.99,164.23,166.68,5251956,0.0
2017-08-21,167.76,169.93,167.04,169.35,3872518,0.0
2017-08-22,168.35,169.64,166.7,169.06,3651818,0.0
2017-08-23,169.86,171.2363,166.15,168.13,4397374,0.0
2017-08-24,168.58,168.75,165.5,165.95,3371649,0.0
2017-08-27,166.43,168.67,165.6,167.09,2741695,0.0
2017-08-28,164.99,169.68,164.73,168.83,3775858,0.0
2017-08-29,169.5,174.85,169.37,174.7,6615676,0.0
2017-08-30,175.45,176.24,173.86,174.72,4825036,0.0
2017-08-31,175.55,176.48,173.92,174.62,2942766,0.0
2017-09-04,173.4,175.88,172.44,174.52,3764123,0.0
2017-09-05,175.33,179.46,173.73,179.2477,6619968,0.0
2017-09-06,178.89,180.35,177.1,179,4743051,0.0
2017-09-07,178.45,180.39,176.25,176.41,3479363,0.0
2017-09-10,178.1,182.47,178.03,181.76,4748739,0.0
2017-09-11,182.43,185.33,180.6435,185.16,5268181,0.0
2017-09-12,184.07,184.4995,182.55,183.62,3335591,0.0
2017-09-13,183.25,185.2882,182.07,182.6,2864123,0.0
2017-09-14,182.61,184.93,181.43,182.16,4208084,0.0
2017-09-17,183.61,185.45,182.73,184.58,4181508,0.0
2017-09-18,184.98,186.23,184.17,185.64,3850356,0.0
2017-09-19,186.1,186.5,183.2,185.47,3330875,0.0
2017-09-20,185.82,189.95,184.51,188.75,5819164,0.0
2017-09-21,188.4,189.85,186.39,187.29,3550927,0.0
2017-09-24,186.47,186.55,177.7,178.56,7206448,0.0
2017-09-25,180.7,180.95,176.55,179.37,4582724,0.0
2017-09-26,181.01,183.34,180.7,182.01,3953298,0.0
2017-09-27,181.25,181.95,179.36,180.69,3142746,0.0
2017-09-28,180.73,182.9,180.65,181.23,3143367,0.0
2017-10-01,182.11,182.8,176.58,176.97,5909813,0.0
2017-10-02,177.65,179.7,177.55,179.19,2984210,0.0
2017-10-03,181.41,186.7,181.25,184.42,7629748,0.0
2017-10-04,185.67,194.49,184.49,194.42,16201541,0.0
2017-10-05,194.3,198.92,192.05,197.99,12902775,0.0
2017-10-08,199.03,199.39,196.56,196.87,5716793,0.0
2017-10-09,197.85,198.3,192.1,195.07,5101248,0.0
2017-10-10,195.57,196.2199,193.81,194.91,4415850,0.0
2017-10-11,196.75,198.62,194.71,195.78,6545794,0.0
2017-10-12,199.7,200.8199,197.1866,199.49,9927488,0.0
2017-10-15,201.97,202.83,197.86,202.59,15007527,0.0
2017-10-16,200.11,204.38,197.77,199.46,19401077,0.0
2017-10-17,199.82,200.01,194.25,195.54,9265969,0.0
2017-10-18,193.01,195.25,191.16,195.1,5549365,0.0
2017-10-19,195.85,196.38,193.77,194.056,4539365,0.0
2017-10-22,194.17,194.8999,191.0346,192.47,5408928,0.0
2017-10-23,192.75,196.735,191.4,196.05,5796323,0.0
2017-10-24,195.42,197.055,193.01,193.77,4120234,0.0
2017-10-25,194.66,197.61,194.08,195.21,4140148,0.0
2017-10-26,197.2,200.65,196.22,199.52,6527285,0.0
2017-10-29,199.62,201.099,197.0721,198.31,4222673,0.0
2017-10-30,198.21,198.59,195.218,196.43,4197624,0.0
2017-10-31,197.24,199.199,196,197.99,4004807,0.0
2017-11-01,197.45,199.44,197.0901,199.35,2813960,0.0
2017-11-02,199.8,200.55,197.99,200.01,2822860,0.0
2017-11-05,200,202.48,198.09,200.13,4439285,0.0
2017-11-06,200,200.61,194.8,195.809,5103026,0.0
2017-11-07,195.93,197.09,194.74,196.42,3266228,0.0
2017-11-08,194.46,194.49,190.81,193.89,4052164,0.0
2017-11-09,191.52,192.59,189.5,191.93,5262989,0.0
2017-11-12,191.12,196.05,191.021,195.09,3286703,0.0
2017-11-13,193.64,195.88,193,195.69,2536978,0.0
2017-11-14,194.54,195.42,191.53,192.1,2971534,0.0
2017-11-15,194.33,197.7,193.75,195.52,4258680,0.0
2017-11-16,195.74,195.95,192.65,193.2,2789916,0.0
2017-11-19,193.3,194.32,191.9,194.1,2414506,0.0
2017-11-20,195.04,197.52,194.971,196.23,3324435,0.0
2017-11-21,196.58,196.75,193.63,196.32,3848691,0.0
2017-11-23,196.65,196.9,195.33,195.72,1496330,0.0
2017-11-26,195.56,195.85,194,195.05,2219891,0.0
2017-11-27,195.34,199.68,194.01,199.22,5375876,0.0
2017-11-28,198.91,199.029,184.32,188.13,10943501,0.0
2017-11-29,190.31,190.86,186.68,187.53,4639959,0.0
2017-11-30,186.99,189.8,185,186.83,4645479,0.0
2017-12-03,189.37,189.72,178.38,184.04,6664650,0.0
2017-12-04,183.6,188.14,181.19,184.23,4013395,0.0
2017-12-05,183.38,186.4844,182.88,185.31,3851456,0.0
2017-12-06,185.71,187.34,183.22,185.2,3600251,0.0
2017-12-07,186.5,189.42,186.3,188.53,3905214,0.0
2017-12-10,187.99,189.42,185.91,186.21,3687244,0.0
2017-12-11,186.01,187.85,184.8183,185.73,3207937,0.0
2017-12-12,186.1,188.69,185.41,187.87,3175095,0.0
2017-12-13,187.98,192.64,187.2,189.62,5251499,0.0
2017-12-14,189,191.43,188.01,190.07,4785961,0.0
2017-12-17,191.2,191.65,188.9,190.41,3861230,0.0
2017-12-18,190.18,190.2981,185.75,187.03,4456896,0.0
2017-12-19,187.94,189.11,185.26,188.82,2993487,0.0
2017-12-20,189.44,190.95,187.58,188.62,2685318,0.0
2017-12-21,188.33,190.95,186.8,189.95,2923085,0.0
2017-12-25,189.78,189.8,186.4,187.76,2288349,0.0
2017-12-26,187.97,188.1,185.22,186.23,2985217,0.0
2017-12-27,187.18,194.49,186.85,192.71,8353359,0.0
2017-12-28,192.51,193.95,191.22,192.06,3997320,0.0
2018-01-01,195.92,201.65,195.42,201.09,8644684,0.0
2018-01-02,202.05,206.21,201.5,205.05,6757139,0.0
2018-01-03,206.11,207.05,204.0006,205.63,4556322,0.0
2018-01-04,207.25,210.02,205.59,209.81,5372100,0.0
2018-01-07,210.02,212.5,208.44,212.04,3956428,0.0
2018-01-08,212.23,212.98,208.59,209.31,4129979,0.0
2018-01-09,208.04,213.64,206.91,212.52,3913333,0.0
2018-01-10,214.29,217.75,213.35,217.24,5417190,0.0
2018-01-11,217.18,222.55,216,221.23,6184044,0.0
2018-01-15,224.24,226.07,217.2,221.5,7361909,0.0
2018-01-16,221,221.15,216.32,217.49,5834146,0.0
2018-01-17,220.21,220.58,216.55,220.33,4796467,0.0
2018-01-18,222.75,223.49,218.5,220.449,7033095,0.0
2018-01-21,222,227.785,221.2,227.58,10235544,0.0
2018-01-22,255.05,257.71,248,250.28,20145820,0.0
2018-01-23,250.88,261.71,249.311,261.31,13412191,0.0
2018-01-24,262.96,272.3,260.23,269.69,12189390,0.0
2018-01-25,271.485,274.6,268.76,274.56,8564070,0.0
2018-01-28,274.05,286.81,273.92,284.58,13268470,0.0
2018-01-29,277,282.73,272.7,278.8,9227976,0.0
2018-01-30,281.94,282.289,269.58,270.45,8613887,0.0
2018-01-31,266.41,271.95,263.38,265.07,6691876,0.0
2018-02-01,262.92,270.62,262.71,267.39,6922374,0.0
2018-02-04,262,267.899,250.03,254.27,8815906,0.0
2018-02-05,247.7,266.7,245,265.75,9141526,0.0
2018-02-06,266.45,272.45,264.325,264.619,6326803,0.0
2018-02-07,267.08,267.62,250,250.1,6647142,0.0
2018-02-08,253.6,255.7999,236.11,249.28,13466991,0.0
2018-02-11,252.46,259.15,249,257.96,6427392,0.0
2018-02-12,256.86,261.41,254.7,258.3,5077997,0.0
2018-02-13,260.34,269.88,260.33,266,7943174,0.0
2018-02-14,270.03,280.5,267.63,280.31,8138495,0.0
2018-02-15,278.85,281.96,275.69,278.52,6256324,0.0
2018-02-19,277.74,285.812,276.25,278.54,5695590,0.0
2018-02-20,282,286.64,280.01,280.91,6685154,0.0
2018-02-21,283.9,284.5,274.45,278.14,6353513,0.0
2018-02-22,281,286,277.81,285.93,5550673,0.0
2018-02-25,288.75,295.6475,287.01,294.2,7786666,0.0
2018-02-26,294.77,297.36,290.59,290.59,6787725,0.0
2018-02-27,293.1,295.75,290.78,291.4,5544048,0.0
2018-02-28,292.75,295.25,283.83,290.24,8738411,0.0
2018-03-01,284.65,301.18,283.23,301.03,10143551,0.0
2018-03-04,302.8,316.91,297.6,315,14187061,0.0
2018-03-05,319.88,325.79,316.5,325.22,14580740,0.0
2018-03-06,320,323.74,314.55,321.15,13264674,0.0
2018-03-07,322.2,322.9176,314.13,316.99,8746416,0.0
2018-03-08,321.11,331.44,320.23,331.4099,10903491,0.0
2018-03-11,333.72,333.98,318.6,321.3,14515516,0.0
2018-03-12,323.81,325.8409,313.278,315.87,9907499,0.0
2018-03-13,318.16,323.88,317.7,321.549,7902331,0.0
2018-03-14,323.17,323.4,318.14,321.11,3871792,0.0
2018-03-15,321.42,324.11,318.37,318.45,4890724,0.0
2018-03-18,315.8,317,307.34,313.48,6642500,0.0
2018-03-19,313.31,319.5,312.8,317.5,4318120,0.0
2018-03-20,316.35,319.4,314.511,316.43,3453103,0.0
2018-03-21,312.99,314.12,305.66,306.63,5575022,0.0
2018-03-22,307.55,310.73,300.36,300.94,6467855,0.0
2018-03-25,309.36,321.03,302,320.42,8409217,0.0
2018-03-26,322.59,322.9,297,300.76,8601331,0.0
2018-03-27,298.39,298.8,281.61,285.82,14454321,0.0
2018-03-28,287.15,295.19,275.9,294.89,14359699,0.0
2018-04-01,291.94,292.87,275.05,280.22,9982209,0.0
2018-04-02,285.45,291.25,278.01,283.78,9768372,0.0
2018-04-03,274.48,290.31,271.2239,288.91,9336833,0.0
2018-04-04,293.36,299.16,289.11,293.96,8198737,0.0
2018-04-05,289.1,298.85,285.65,288.76,8310615,0.0
2018-04-08,291.77,299.55,289.12,289.93,7310698,0.0
2018-04-09,297.13,298.95,291.69,298.05,8285655,0.0
2018-04-10,302.8847,311.64,301.82,303.68,11453107,0.0
2018-04-11,309.7187,311.13,306.75,309.26,7522754,0.0
2018-04-12,317.1,317.49,308.23,311.64,9186881,0.0
2018-04-15,315.92,316.1,304,307.61,12080268,0.0
2018-04-16,329.57,338.62,323.77,336.11,24312814,0.0
2018-04-17,336.28,338.82,331.1,334.53,8700697,0.0
2018-04-18,332.88,335.31,326.77,332.69,6513218,0.0
2018-04-19,332.22,336.51,326,327.77,7155565,0.0
2018-04-22,329.1499,331.22,317.08,318.67,6888173,0.0
2018-04-23,319.2168,328.76,288.94,307.02,10846888,0.0
2018-04-24,306.37,309.98,292.615,305.73,11593825,0.0
2018-04-25,310.24,316.63,305.58,314,6957788,0.0
2018-04-26,316.25,317.45,306.5,311.77,5441505,0.0
2018-04-29,311.26,317.88,310.118,312.46,4490503,0.0
2018-04-30,310.36,313.48,306.69,313.3,4406949,0.0
2018-05-01,312.1,317.1,310.4034,313.36,3686886,0.0
2018-05-02,312.59,312.59,305.73,311.62,4196871,0.0
2018-05-03,308.94,320.98,307.67,320.09,5640410,0.0
2018-05-06,322.04,329.0234,319.34,326.21,4783601,0.0
2018-05-07,325.83,327.348,323.05,326.88,3106116,0.0
2018-05-08,328.79,331.95,327.51,330.1,3810268,0.0
2018-05-09,331.5,332.055,327.3438,329.7,3921826,0.0
2018-05-10,329.65,331.26,324.87,326.37,2961414,0.0
2018-05-13,327.25,330.5038,327.04,328.52,2666256,0.0
2018-05-14,325.94,326.94,322.434,326.13,3211903,0.0
2018-05-15,326.29,329.72,325.14,328.32,2488091,0.0
2018-05-16,327.53,330.45,323.1734,325.22,3392596,0.0
2018-05-17,324.89,326.42,322.8,324.18,2119594,0.0
2018-05-20,327.11,331.88,325.45,331.82,4486863,0.0
2018-05-21,334.05,336.63,331.15,331.63,4524138,0.0
2018-05-22,329.04,345,328.09,344.72,7685384,0.0
2018-05-23,344.34,354,341.12,349.3,10584232,0.0
2018-05-24,349.95,354.36,348.83,351.31,5952805,0.0
2018-05-28,351.5,356.1,346.71,349.73,7434744,0.0
2018-05-29,352.37,354,349.26,353.54,4095219,0.0
2018-05-30,353.53,355.53,350.21,351.63,4366340,0.0
2018-05-31,353.88,359.99,352.82,359.93,5193409,0.0
2018-06-03,362.6847,363,355.51,361.98,5772789,0.0
2018-06-04,363.05,369.83,361.4124,365.8,6395869,0.0
2018-06-05,367.7848,369.6799,363.33,367.5,4873402,0.0
2018-06-06,368.7,368.7,357.8,361.4,6166519,0.0
2018-06-07,357.88,362.39,356.25,360.56,3647237,0.0
2018-06-10,361.7,365.67,360.91,361.45,3257968,0.0
2018-06-11,363.6,365.98,362,363.93,2883035,0.0
2018-06-12,367.4,384.2537,364.11,379.91,14209381,0.0
2018-06-13,384.27,395.03,383.25,392.87,11294218,0.0
2018-06-14,390.48,398.86,387.51,392,9732959,0.0
2018-06-17,387.76,393.16,386.5,390.39,4974108,0.0
2018-06-18,389.5,405.29,388.5,404.96,12674808,0.0
2018-06-19,415.59,419.4675,409.6,416.7,12480577,0.0
2018-06-20,421.19,423.2056,406.3701,415.43,13916781,0.0
2018-06-21,419.99,420.5,409.651,411.09,7356487,0.0
2018-06-24,404.69,405.99,378.75,384.49,16919785,0.0
2018-06-25,393.2,404.78,389.05,399.42,11408186,0.0
2018-06-26,407.56,411.5865,390,390.3879,12433954,0.0
2018-06-27,395,396.9,387.1,395.4,8851303,0.0
2018-06-28,398.93,401.3299,390.55,391.32,6448914,0.0
2018-07-01,385.8,398.38,380,398.18,5476382,0.0
2018-07-02,399.49,399.98,389.5,390.37,3794784,0.0
2018-07-04,393.8003,399.24,390.86,398.45,6156618,0.0
2018-07-05,397.45,408.6495,395.5225,408.36,6284463,0.0
2018-07-08,415.96,419.12,411.1,418.94,8429031,0.0
2018-07-09,417.07,419.44,413.08,415.61,6862597,0.0
2018-07-10,411.15,419.77,410.6,418.66,7194585,0.0
2018-07-11,415.1553,416.79,407.8,413.49,9522575,0.0
2018-07-12,409.04,410,395.081,395.76,11316212,0.0
2018-07-15,398.46,403.355,391.75,400.39,13714746,0.0
2018-07-16,346.95,385,344,379.49,45895488,0.0
2018-07-17,381.38,383.13,372.3552,375.13,15084559,0.0
2018-07-18,371.06,375.749,363,364.1501,13411491,0.0
2018-07-19,364.92,370.5,360.14,361.22,11562839,0.0
2018-07-22,359.4,363.9,353.6,362.66,8983278,0.0
2018-07-23,366.94,367.4,354.56,357.3,10324609,0.0
2018-07-24,357.57,363.28,355.65,362.84,6209441,0.0
2018-07-25,357.85,365.54,356.625,363.14,4968637,0.0
2018-07-26,366.85,367,351.65,355.2,6626603,0.0
2018-07-29,351.93,352.03,334.0201,334.97,13870944,0.0
2018-07-30,331.53,342.5,328,337.43,10702607,0.0
2018-07-31,335.85,344.41,334.02,338.41,5798530,0.0
2018-08-01,337.23,345,334.71,344.5,5291303,0.0
2018-08-02,347.75,347.86,338.4768,343.09,5878553,0.0
2018-08-05,342.41,351.98,341.74,350.91,6128037,0.0
2018-08-06,353.23,357.31,349.01,351.83,6057692,0.0
2018-08-07,352.21,352.97,346.61,347.59,4007924,0.0
2018-08-08,347.92,352.439,345.8157,349.37,3418917,0.0
2018-08-09,346.85,349.1,344.4233,345.79,3050974,0.0
2018-08-12,339.96,347.19,339.08,341.32,4919717,0.0
2018-08-13,342.09,342.41,336.25,337.48,4177175,0.0
2018-08-14,334.03,335.4962,321,326.44,8523569,0.0
2018-08-15,329.9,331.17,321.2138,322.44,4856904,0.0
2018-08-16,319.01,324.365,312.96,316.78,7899426,0.0
2018-08-19,314.36,331.6,310.928,327.75,10428398,0.0
2018-08-20,331,341.5,329.7,338.04,9599421,0.0
2018-08-21,338.49,346.21,337.406,344.44,6962522,0.0
2018-08-22,348.01,350.08,337.65,339.15,8284904,0.0
2018-08-23,346,359.15,344.541,358.84,11095969,0.0
2018-08-26,367,374.49,360,364.59,13131146,0.0
2018-08-27,367.23,369.99,360.38,368.48,6986873,0.0
2018-08-28,367.2,369.86,362.91,368.14,6019634,0.0
2018-08-29,365.09,376.8085,363.54,371.08,8860323,0.0
2018-08-30,370.66,376,367.0766,367.73,5686365,0.0
2018-09-03,366.65,368.88,361.26,363.49,5924580,0.0
2018-09-04,360.75,363.39,335.83,341.19,10050571,0.0
2018-09-05,347.13,356,341.99,346.62,9890770,0.0
2018-09-06,342.39,355.75,341.25,348.72,7171600,0.0
2018-09-09,352.45,352.5,343.08,348.42,3994096,0.0
2018-09-10,344.78,356.15,343.9001,356.01,4538019,0.0
2018-09-11,359.08,370.43,356.24,369.95,7457713,0.0
2018-09-12,372,374.09,366.84,368.17,5940969,0.0
2018-09-13,368.55,371.09,363.46,364.54,3112547,0.0
2018-09-16,364.22,367.33,349.57,350.38,5015178,0.0
2018-09-17,353.67,368.15,351.56,367.65,7731494,0.0
2018-09-18,373.95,377.61,359.17,366.893,8736252,0.0
2018-09-19,370.06,370.26,363.17,365.35,4535687,0.0
2018-09-20,366.47,372.22,360.74,360.98,6316681,0.0
2018-09-23,359,373.64,354.33,369.59,6828043,0.0
2018-09-24,370.1,371.34,364.492,369.3,4759607,0.0
2018-09-25,373.59,382,370.88,378,9902716,0.0
2018-09-26,379.97,383.2,376,380.69,5322378,0.0
2018-09-27,379.24,380.8,373.73,374.35,4702286,0.0
2018-09-30,375.85,386.11,375.54,381.43,5843796,0.0
2018-10-01,384.46,386.7999,373.83,377.19,6343742,0.0
2018-10-02,378.55,380.93,374.881,377.01,3757455,0.0
2018-10-03,375.88,375.92,360.4,363.5,6448663,0.0
2018-10-04,359.77,363.5,343,351.36,10073193,0.0
2018-10-07,345.65,352.945,338.11,349.07,9577094,0.0
2018-10-08,348.49,358.72,347.09,355.7,6528822,0.0
2018-10-09,353.52,355.15,325.39,325.89,12982056,0.0
2018-10-10,324.84,334.2,315.81,321.22,12024300,0.0
2018-10-11,339.63,341.3,328.9,339.58,11113259,0.0
2018-10-14,337.63,339.2057,326.93,333.14,8483113,0.0
2018-10-15,337.24,347.95,330.555,346.59,11180427,0.0
2018-10-16,378.19,380,356.5,364.71,24750326,0.0
2018-10-17,360.673,362.2,346.05,346.7,14199648,0.0
2018-10-18,351,355.8,332.2,332.55,11866474,0.0
2018-10-21,332.73,335.8,320.34,329.53,12873502,0.0
2018-10-22,318.28,336.58,316.77,333.1,11667442,0.0
2018-10-23,332.56,333,300.73,301.775,14213860,0.0
2018-10-24,307.3,319.94,305.25,312.89,9215227,0.0
2018-10-25,300.64,313.99,292.3,299.85,14870683,0.0
2018-10-28,305.26,307.89,275.4,285.2401,17368228,0.0
2018-10-29,275.16,290.525,271.2093,285.82,18828972,0.0
2018-10-30,297.52,311.5,295.05,301.79,15877182,0.0
2018-10-31,304.59,318.45,296.67,317.35,11767406,0.0
2018-11-01,318,321.88,308.33,309.09,10534308,0.0
2018-11-04,311.1,317.53,303.74,315.22,9904103,0.0
2018-11-05,314.76,320.22,305.3,310.58,9312474,0.0
2018-11-06,312.9,328.64,311,327.5,12811841,0.0
2018-11-07,328.44,332.0499,316.6103,317.89,8536060,0.0
2018-11-08,311.07,312.98,298.01,303.46,10501760,0.0
2018-11-11,300,302.49,290.63,294.21,8234067,0.0
2018-11-12,295,303.55,289.1,294.4,9473196,0.0
2018-11-13,300.4,301.84,278.2969,286.7,16430110,0.0
2018-11-14,285.51,292.5,282.16,290.13,9428924,0.0
2018-11-15,287.14,291.72,281,286.23,8755528,0.0
2018-11-18,283.79,285.09,269.15,270.64,12089707,0.0
2018-11-19,254.63,276.34,250,267.05,15704167,0.0
2018-11-20,274.42,275.34,261.51,262.13,9966685,0.0
2018-11-22,260.11,265.5,256.84,258.84,5132258,0.0
2018-11-25,260.55,266.25,253.8,261.609,11642171,0.0
2018-11-26,259.24,269.08,256.14,266.68,10691521,0.0
2018-11-27,271.98,284,263.34,282.78,14317276,0.0
2018-11-28,282.32,290.49,275.5,288.76,14607428,0.0
2018-11-29,288,290.81,282.36,286.1,10234409,0.0
2018-12-02,293.19,298.72,284.58,290.39,13352654,0.0
2018-12-03,288.13,295.74,274.72,275.33,12204257,0.0
2018-12-05,268.33,283.22,267.14,282.95,12179675,0.0
2018-12-06,282.48,284.209,263.38,265.14,11999841,0.0
2018-12-09,264.19,271.18,260.6094,269.7,9305497,0.0
2018-12-10,274.08,274.5,262.76,265.45,9534720,0.0
2018-12-11,267.66,281.7695,266.48,274.88,11033359,0.0
2018-12-12,277.64,279.32,271.85,276.02,8177476,0.0
2018-12-13,271.81,277.6665,265,266.71,9496063,0.0
2018-12-16,266.51,272.98,261.075,262.96,14825237,0.0
2018-12-17,263.3,275.75,263.29,270.96,9803580,0.0
2018-12-18,269.96,280.87,263.77,266.68,13223958,0.0
2018-12-19,264.64,269.9,251.88,260.58,16220609,0.0
2018-12-20,263.83,264.5,241.29,246.2,18792685,0.0
2018-12-23,242,250.65,233.68,234.15,9161444,0.0
2018-12-25,233.92,254.5,231.23,253.54,13683008,0.0
2018-12-26,250.11,255.5,240.1,255.5,11655163,0.0
2018-12-27,257.94,261.9144,249.8,255.97,10727771,0.0
2018-12-30,260.16,270.1001,260,266.3142,12633985,0.0
2019-01-01,259.28,269.7499,256.58,267.67,10715228,0.0
2019-01-02,270.2,275.79,264.43,271.91,13801524,0.0
2019-01-03,281.88,297.8,278.54,297.47,18127036,0.0
2019-01-06,302.1,316.8,301.65,316.63,17137501,0.0
2019-01-07,319.98,320.51,308.01,320.39,14085038,0.0
2019-01-08,317.71,323.3508,313.5,320,12574007,0.0
2019-01-09,314.57,325.37,312.5,324.74,12476511,0.0
2019-01-10,330.84,341.09,328.52,337.9254,18241211,0.0
2019-01-13,334.24,335.48,329.13,332.67,9580536,0.0
2019-01-14,349.6,357.22,347,354.32,19496381,0.0
2019-01-15,354,358.85,348.11,350.7639,14108264,0.0
2019-01-16,349.5,355.79,346.41,353.82,13413692,0.0
2019-01-17,351.97,353,336.73,338.92,24643106,0.0
2019-01-21,334.89,336.88,321.03,324.5401,16718058,0.0
2019-01-22,328.25,331.75,318.6,321.59,12481519,0.0
2019-01-23,320.6,331.8,319,326.8881,10475217,0.0
2019-01-24,328.72,340,328.51,337.94,10469177,0.0
2019-01-27,334.7,336.3,328.88,335.53,7732010,0.0
2019-01-28,335.87,338.22,328.151,329.2,7075520,0.0
2019-01-29,332.75,341.78,330.8,340.8901,7890146,0.0
2019-01-30,339.68,345.99,338.0919,339.57,7470759,0.0
2019-01-31,337,346.84,336.5,339.21,8504260,0.0
2019-02-03,342.6,352,341.3,351,8180214,0.0
2019-02-04,353.2,360,352.9,355.07,8431842,0.0
2019-02-05,357,357.04,347.19,352.03,6325863,0.0
2019-02-06,348.46,348.75,339.02,344.3599,7318278,0.0
2019-02-07,338,348,338,347.4,7031801,0.0
2019-02-10,350,352.87,344.81,345.84,4818110,0.0
2019-02-11,348.09,359.69,346.52,359.62,9469281,0.0
2019-02-12,357.3,359.6,350.28,351.67,9639751,0.0
2019-02-13,351.75,360.45,348.33,359.66,8616853,0.0
2019-02-14,358.47,364.4,355.5,356.5161,8575970,0.0
2019-02-18,355.8,365,355.32,362.1,6739016,0.0
2019-02-19,364.85,366.71,356.7,359.99,7655654,0.0
2019-02-20,360.03,362.85,353.88,356.91,5954159,0.0
2019-02-21,360.34,366.13,360.05,363.01,6615591,0.0
2019-02-24,367.01,371.49,363.79,363.92,7085610,0.0
2019-02-25,363,365.7,359.33,364.96,4556516,0.0
2019-02-26,363.5,368.03,359.8,362.8,5299637,0.0
2019-02-27,362.47,366.39,357.709,357.9,5355626,0.0
2019-02-28,362.26,362.87,354.6915,357.16,5147012,0.0
2019-03-03,359.72,362.25,348.0436,351.2,6442582,0.0
2019-03-04,351.25,356.17,348.25,354.18,5570180,0.0
2019-03-05,353.6,359.88,351.7,359.5,5851831,0.0
2019-03-06,360.16,362.86,350.5,352.62,5733334,0.0
2019-03-07,345.75,349.92,342.47,349.58,6355135,0.0
2019-03-10,352,358.98,350.04,358.86,4648908,0.0
2019-03-11,358.78,360.13,353.8,356.28,4415584,0.0
2019-03-12,355.81,362.48,352.765,361.18,6065574,0.0
2019-03-13,360.5,363.84,358.1008,358.68,4799192,0.0
2019-03-14,362.12,364,359.54,361.78,5194515,0.0
2019-03-17,362.47,370.9705,361.86,363.44,6544056,0.0
2019-03-18,366.4,366.96,356.8,359.06,6678733,0.0
2019-03-19,358.67,375.9,357.01,375.22,10287618,0.0
2019-03-20,373.82,379,370.61,377.92,7744879,0.0
2019-03-21,375.53,376.43,360.04,361.02,8083699,0.0
2019-03-24,359,367.0399,357.44,366.26,7956675,0.0
2019-03-25,367.87,368.38,358.02,360.1,6400989,0.0
2019-03-26,361,362.47,350.37,353.28,7186983,0.0
2019-03-27,354.485,355.94,349.2,354.61,4170523,0.0
2019-03-28,357.16,358.25,353.71,356.56,4021938,0.0
2019-03-31,359,367.8,358.51,366.96,2710737,0.0
2019-04-01,366.25,368.42,362.22,367.72,4582529,0.0
2019-04-02,369.26,373.4105,366.19,369.58,5030212,0.0
2019-04-03,370.07,372.05,362.4,367.84,4417823,0.0
2019-04-04,369,369.8,364.66,365.61,3589148,0.0
2019-04-07,365.11,365.94,359.93,361.34,4175971,0.0
2019-04-08,360.54,366.74,359,364.73,5040285,0.0
2019-04-09,365.79,368.8481,362.25,363.95,4303760,0.0
2019-04-10,365,370.12,360.81,367.65,6111437,0.0
2019-04-11,360.69,361.75,349.36,351.14,14323643,0.0
2019-04-14,350.71,352.21,342.27,348.8851,8309396,0.0
2019-04-15,355,364.4787,352.72,359.61,14364530,0.0
2019-04-16,365.05,368.764,350.6,354.84,16085405,0.0
2019-04-17,354.95,360.41,351.64,360.35,8049911,0.0
2019-04-21,359.7,377.69,359,377.36,11282629,0.0
2019-04-22,375.45,384.8,374.7069,381.88,9304333,0.0
2019-04-23,381.07,381.9,373.2698,374.19,6111210,0.0
2019-04-24,374.49,374.76,365.7,368.34,5871934,0.0
2019-04-25,368.35,375.14,366.24,375.02,4810395,0.0
2019-04-28,373.68,374.5753,369.115,371.71,3560763,0.0
2019-04-29,369.99,374.5,368.348,370.51,3467914,0.0
2019-04-30,374,385.99,373.1746,378.81,8709382,0.0
2019-05-01,378,383.5,374.51,379.05,5034699,0.0
2019-05-02,381.53,385.03,378.2717,385.03,4706870,0.0
2019-05-05,377.69,381.35,376,378.73,5316892,0.0
2019-05-06,377,379.91,365.81,370.66,6426859,0.0
2019-05-07,367.92,369,361.36,364.39,6110079,0.0
2019-05-08,360.9,364.2,352.75,362.67,5583331,0.0
2019-05-09,361.62,365.2578,353.06,360.9325,5384688,0.0
2019-05-12,352.29,354.26,343.1,345.14,7504074,0.0
2019-05-13,348.71,349.95,342.5,345.5542,4955965,0.0
2019-05-14,343.34,356.5,341.39,354.99,5865241,0.0
2019-05-15,356.37,364,353.935,359.24,6063486,0.0
2019-05-16,356.39,359.62,353.785,354.43,4601589,0.0
2019-05-19,351.23,352.418,345.4,348.05,4300557,0.0
2019-05-20,350.95,356.425,349.93,354.3,3641465,0.0
2019-05-21,358.01,370.46,357.3,359.74,5864352,0.0
2019-05-22,355.5,357.42,347.7,352.23,5169430,0.0
2019-05-23,355.51,359.44,353.791,354.39,3612717,0.0
2019-05-27,354.39,361.2,353.64,354.61,3703586,0.0
2019-05-28,353.6,353.8476,345.9,349.21,5164094,0.0
2019-05-29,350.55,354.21,348.3,351.83,3721735,0.0
2019-05-30,347.22,349.34,342.92,343.25,4504506,0.0
2019-06-02,343.56,347.66,332.65,336.63,7355610,0.0
2019-06-03,345,353.61,343.25,353.4,7322078,0.0
2019-06-04,354.38,357.88,348.71,355.8,4660793,0.0
2019-06-05,354.84,358.21,352.09,357.28,3405233,0.0
2019-06-06,357.39,365.15,355.69,360.8,4235419,0.0
2019-06-09,363.65,367.1,349.285,352.01,7366867,0.0
2019-06-10,355,357.58,348.5,351.27,5032305,0.0
2019-06-11,351.82,353.61,343.23,345.54,4294097,0.0
2019-06-12,347.23,348.5,339.25,343.57,11773444,0.0
2019-06-13,341.63,343.4,336.155,339.73,9348337,0.0
2019-06-16,342.69,351.77,342.06,350.61,4985978,0.0
2019-06-17,355.56,361.5,353.75,356.99,4972707,0.0
2019-06-18,361.72,364.74,356.12,363.49,5218969,0.0
2019-06-19,365.91,370.12,361.215,365.07,5257914,0.0
2019-06-20,365,371.45,365,368.88,6256562,0.0
2019-06-23,370.27,375,370.2,371.04,4224559,0.0
2019-06-24,370.75,370.9994,358.29,360.41,4985746,0.0
2019-06-25,361.65,366.79,361.6,362.09,3085663,0.0
2019-06-26,363.2,370.85,363.2,370.02,3854010,0.0
2019-06-27,371.4086,371.5448,364.87,367.67,3511983,0.0
2019-06-30,373.21,376.66,372,374.6,4547169,0.0
2019-07-01,374.89,376,370.31,375.69,3351491,0.0
2019-07-02,376.69,381.99,375.84,381.915,3514684,0.0
2019-07-04,378.29,381.4,375.555,380.55,3550068,0.0
2019-07-07,378.13,378.25,375.36,376.0413,2744441,0.0
2019-07-08,379.06,384.76,377.5,379.81,6510059,0.0
2019-07-09,382.77,384.3399,362.68,380.99,5435147,0.0
2019-07-10,381.1,384.54,378.8,379.42,4017198,0.0
2019-07-11,378.68,379.7375,372.7917,373.24,6156766,0.0
2019-07-14,372.94,373.68,362.3,366.62,7476719,0.0
2019-07-15,370.09,371.34,364.92,365.98,5556296,0.0
2019-07-16,366.25,366.5,361.75,362.65,7889259,0.0
2019-07-17,323.76,329.85,320.3,325.21,29178463,0.0
2019-07-18,323.4,325.85,314.23,315.1,15706969,0.0
2019-07-21,312,314.54,305.81,310.62,16895056,0.0
2019-07-22,311.44,313.5,306,307.31,8681808,0.0
2019-07-23,310.51,319.99,307.25,317.82,11158651,0.0
2019-07-24,318.86,327.69,316.3,326.61,10227817,0.0
2019-07-25,328.79,336,327.5,335.87,10159258,0.0
2019-07-28,335.98,336.4,328.77,332.7,5360075,0.0
2019-07-29,329.2,329.65,323.23,325.99,5610886,0.0
2019-07-30,325.16,331.77,318.53,322.99,5820788,0.0
2019-07-31,324.25,328.58,318.735,319.57,6209410,0.0
2019-08-01,317.49,319.41,311.8,319.06,4978308,0.0
2019-08-04,310.96,313.4179,304.677,307.61,7863381,0.0
2019-08-05,310.58,311.88,305.3,310.11,5433740,0.0
2019-08-06,302.56,305,296.8126,304.23,8599509,0.0
2019-08-07,311.03,316.3648,306.63,315.83,5213760,0.0
2019-08-08,313.74,316.64,305.68,309,4803269,0.0
2019-08-11,305.46,312.89,303.24,310.82,5667308,0.0
2019-08-12,309.77,316.43,308.16,312.33,4560893,0.0
2019-08-13,308.01,308.41,298.005,299.11,6652428,0.0
2019-08-14,299.5,300.63,288,295.91,9178448,0.0
2019-08-15,298.86,303.55,296.27,302.75,6466722,0.0
2019-08-18,306.25,311.75,304.75,309.41,4461351,0.0
2019-08-19,304.57,305,297.6811,299.03,6612010,0.0
2019-08-20,301.61,302.88,296.2,297.81,5263605,0.0
2019-08-21,298.65,300.33,293.15,296.86,4565567,0.0
2019-08-22,295,299.01,290.32,291.54,5548652,0.0
2019-08-25,295.24,296.95,292.5,295.11,4093942,0.0
2019-08-26,294.94,296.77,287.1968,291,5496267,0.0
2019-08-27,289.2,292.82,287.75,291.81,3399172,0.0
2019-08-28,295,299.93,294.99,296.78,4016448,0.0
2019-08-29,298.93,298.94,290.85,293.72,3804863,0.0
2019-09-02,290.82,293.9,288.06,289.21,3217476,0.0
2019-09-03,291.25,292.38,286.51,291.52,4293993,0.0
2019-09-04,285.32,293.97,282.785,293.25,8279115,0.0
2019-09-05,293.09,293.35,287.03,290.11,4555028,0.0
2019-09-08,294.81,301.55,290.6,294.34,6978354,0.0
2019-09-09,291.16,297.17,282.6629,288.24,11297560,0.0
2019-09-10,285.7,292.65,284.61,288.24,6480157,0.0
2019-09-11,288.1,292.73,287.57,288.86,4515817,0.0
2019-09-12,290.61,296.62,290.04,294.07,6104903,0.0
2019-09-15,294.23,297.43,289.78,294.33,4937537,0.0
2019-09-16,294.5,299.15,291.79,298.55,4470773,0.0
2019-09-17,294.99,296.05,287.45,291.67,7304154,0.0
2019-09-18,291.56,293.81,283.4,286.58,7805755,0.0
2019-09-19,280.26,282.5,266,270.75,22337245,0.0
2019-09-22,268.17,273.39,261.89,265.87,12693105,0.0
2019-09-23,262.5,265,252.28,254.58,15368904,0.0
2019-09-24,255.61,266.6,253.7,264.75,10778121,0.0
2019-09-25,266.42,268.05,260.2,263.34,7176045,0.0
2019-09-26,266.175,267.44,260.39,263.09,6752140,0.0
2019-09-29,264,268.88,262.78,267.63,5254867,0.0
2019-09-30,267.35,272.2,264.04,269.58,8075505,0.0
2019-10-01,263.61,269.35,262.19,268.06,6910425,0.0
2019-10-02,267.78,268.843,257.01,268.28,8418905,0.0
2019-10-03,268.2,275.4846,266.47,272.73,17570819,0.0
2019-10-06,271.99,276.68,271.28,274.47,12062551,0.0
2019-10-07,273.03,275.53,270.6427,270.73,11067212,0.0
2019-10-08,270.02,271,264.57,267.52,12593464,0.0
2019-10-09,265.97,280.53,265.0337,280.5,20404108,0.0
2019-10-10,284.76,287.87,282.3438,282.77,16683073,0.0
2019-10-13,283.93,286.93,282,285.47,10160503,0.0
2019-10-14,283.2,285.87,279.4,284.27,13772252,0.0
2019-10-15,283.23,288.17,280.7431,286.6207,22951678,0.0
2019-10-16,304.49,308.75,288.3001,293.3091,70376981,0.0
2019-10-17,289.36,290.9,273.36,275.28,45593076,0.0
2019-10-20,274.235,279.9399,269,278.05,11598665,0.0
2019-10-21,271.159,275.41,265.8,266.69,11029467,0.0
2019-10-22,268.06,273.92,266.63,271.26,6789676,0.0
2019-10-23,271.81,274.02,268.8,271.49,4352131,0.0
2019-10-24,270.68,277.77,270.18,276.88,4248928,0.0
2019-10-27,278.05,285.75,277.35,281.93,5916130,0.0
2019-10-28,281.87,284.41,277.545,281.2,4050973,0.0
2019-10-29,284.34,293.49,283,291.45,8937016,0.0
2019-10-30,291,291.45,284.78,287.44,4622291,0.0
2019-10-31,288.7,289.12,283.02,286.975,5129507,0.0
2019-11-03,288,295.39,287.16,292.99,5110430,0.0
2019-11-04,289.99,291.19,286.31,288.03,3685414,0.0
2019-11-05,288.19,290.56,285.84,288.59,2950826,0.0
2019-11-06,290.7,298.19,288.2679,289.58,5518868,0.0
2019-11-07,288.73,293.99,287.505,291.57,3882499,0.0
2019-11-10,289.16,296.36,288.5,294.18,3608028,0.0
2019-11-11,295.32,295.345,288.7,291.9,5471614,0.0
2019-11-12,291.03,293.41,281.14,283.02,8859834,0.0
2019-11-13,283.31,290.63,283.22,289.66,6162245,0.0
2019-11-14,290.59,295.8186,287.568,295,6080455,0.0
2019-11-17,295.81,304.99,293.28,302.62,7959540,0.0
2019-11-18,304.01,305.6699,298.5201,302.54,5245156,0.0
2019-11-19,301.01,308.25,301,305.29,4655478,0.0
2019-11-20,305.9,312.69,304.2622,311.7,7140056,0.0
2019-11-21,309.1,311.4,304.41,310.49,5690157,0.0
2019-11-24,308.83,315.73,305.25,315.68,7288534,0.0
2019-11-25,315,316.5,311.69,312.02,3923312,0.0
2019-11-26,313.5,316.82,312.75,315.93,3752029,0.0
2019-11-28,315.78,316.62,313.34,314.71,2132215,0.0
2019-12-01,314.39,314.39,303.75,310.02,5615521,0.0
2019-12-02,302.22,307.36,301.88,306.13,4468516,0.0
2019-12-03,308.43,308.43,303.2727,304.28,3311043,0.0
2019-12-04,305.27,306.48,298.81,302.87,4356286,0.0
2019-12-05,304.7,307.8495,302.6,307.27,4082452,0.0
2019-12-08,307.35,311.49,302.44,302.4795,5221077,0.0
2019-12-09,296.12,298.94,292.02,293.33,9961504,0.0
2019-12-10,294.35,299.43,294.2,298.86,5013366,0.0
2019-12-11,295.67,299.165,295.06,298.44,4352852,0.0
2019-12-12,298.5,301.8,297.25,298.5,3562853,0.0
2019-12-15,300.85,305.71,298.63,304.1,4193124,0.0
2019-12-16,307.36,316.8,306.6,315.41,9205110,0.0
2019-12-17,316.21,325.36,315.6,320.4,9533982,0.0
2019-12-18,324.5,332.83,324.18,332.22,9055967,0.0
2019-12-19,335,338,330.6,336.97,8646252,0.0
2019-12-22,337.76,337.95,331.0201,333.1,4865402,0.0
2019-12-23,334.01,335.7,331.6,333.28,1887333,0.0
2019-12-25,334.6,336.4623,332.01,332.62,3268244,0.0
2019-12-26,332.96,333.82,326.01,329.09,4620963,0.0
2019-12-29,329.08,329.185,322.86,323.31,3879738,0.0
2019-12-30,322,324.916,321.09,323.53,3228786,0.0
2020-01-01,326.32,329.98,324.78,329.82,3966616,0.0
2020-01-02,326.78,329.8599,325.53,325.9,3453110,0.0
2020-01-05,323.12,336.36,321.2,335.83,5216762,0.0
2020-01-06,336.47,336.7,330.3,330.775,4064861,0.0
2020-01-07,331.49,342.7,331.05,339.14,6591467,0.0
2020-01-08,342,343.4196,334.6101,335.6448,4213754,0.0
2020-01-09,337.13,338.5,327.27,329.09,4279731,0.0
2020-01-12,331.8,340.85,331.51,338.94,5485620,0.0
2020-01-13,344.3,345.38,335.52,338.73,6678976,0.0
2020-01-14,338.68,343.17,336.6,339.19,4134366,0.0
2020-01-15,343.33,343.555,335.85,338.76,4068341,0.0
2020-01-16,341,341.57,337.38,339.65,4262830,0.0
2020-01-20,340.23,341,332.59,338.33,19848895,0.0
2020-01-21,332.55,336.3,323.6,326,40184334,0.0
2020-01-22,326.04,349.88,325.01,349.6,33975904,0.0
2020-01-23,348.19,359.85,345.88,353.14,33263025,0.0
2020-01-26,345.95,351.9,341.02,342.99,6784033,0.0
2020-01-27,345.88,352.4,342.78,348.52,5880342,0.0
2020-01-28,348.88,349.4,338.55,343.23,7057499,0.0
2020-01-29,341.1,348.2,339.25,347.7,4261719,0.0
2020-01-30,347.39,347.39,340.98,345.05,4506778,0.0
2020-02-02,347.24,359.63,346.28,357.79,5788805,0.0
2020-02-03,361,369.57,356.0964,368.95,6102369,0.0
2020-02-04,375.125,375.25,362.3,369.72,5647099,0.0
2020-02-05,369.6,371.5499,362.505,367.12,3646260,0.0
2020-02-06,365.04,371.8,363.57,366.77,3538534,0.0
2020-02-09,365,374.8,362.52,371.2301,4078144,0.0
2020-02-10,373.55,378.11,369.72,373.72,4409526,0.0
2020-02-11,377.18,380.62,375.88,380.12,4375226,0.0
2020-02-12,376.96,385.37,376.51,381.27,4142820,0.0
2020-02-13,381.47,385.15,379.4342,380.4,3403125,0.0
2020-02-17,379.3,389.54,379.19,387.77,4876911,0.0
2020-02-18,388.3,392.95,384.9,386.37,4604644,0.0
2020-02-19,386.56,389.7,376.68,386,3864989,0.0
2020-02-20,385.33,387.32,377.9008,379.94,3612847,0.0
2020-02-23,364.76,372.82,361,368.67,5734458,0.0
2020-02-24,372,375.65,357.72,360.09,5899938,0.0
2020-02-25,366.31,382,365,379.23,8152778,0.0
2020-02-26,371.46,391.5624,370.5962,371.54,10234348,0.0
2020-02-27,365,376.77,356.8,369.91,10015456,0.0
2020-03-01,373.11,381.36,364.502,381.26,6306678,0.0
2020-03-02,381.4,393.52,367.4,368.96,7812638,0.0
2020-03-03,377.16,384.01,370.51,383.99,5015773,0.0
2020-03-04,381,391.4,368.6401,372.78,10905823,0.0
2020-03-05,367.7,371.31,356.85,368.9,7508021,0.0
2020-03-08,344.9899,357.47,342,346.03,6360040,0.0
2020-03-09,356.54,364.54,347.85,364.27,6855306,0.0
2020-03-10,358.92,362.98,344.79,349.59,10635590,0.0
2020-03-11,326.5,335.72,307.32,312.63,11237950,0.0
2020-03-12,330.51,336.42,307.39,336.3,8573710,0.0
2020-03-15,306.12,334.35,294.75,296.84,19517344,0.0
2020-03-16,306.19,322.9,290.25,319.7401,9447411,0.0
2020-03-17,302.395,331.5794,300,317.33,10419458,0.0
2020-03-18,324.33,348.51,316.82,331.885,19901158,0.0
2020-03-19,342.31,350.49,332,332.7,10723540,0.0
2020-03-22,347.89,366.11,340.8838,360.06,12674135,0.0
2020-03-23,369.99,372.93,353.0301,359.39,10276641,0.0
2020-03-24,361.02,362,339.17,342.56,8077095,0.0
2020-03-25,344,363.84,341.73,363.14,6138714,0.0
2020-03-26,359.09,368.56,353,357.12,7219372,0.0
2020-03-29,363,377.8,361.17,370.53,15467670,0.0
2020-03-30,367.93,383.01,366.44,375.36,7581515,0.0
2020-03-31,376.05,380.233,361.02,364.21,6279332,0.0
2020-04-01,364.08,370.99,360.06,370.13,4214034,0.0
2020-04-02,367.47,370.9,357.51,361.76,4185304,0.0
2020-04-05,363.75,380.29,361.71,379.92,14414040,0.0
2020-04-06,380,381.33,369.34,372.28,13419838,0.0
2020-04-07,374.01,378.39,368.31,371.24,6183593,0.0
2020-04-08,371.06,372.1,363.03,370.89,6707359,0.0
2020-04-12,371.31,400.51,367.7003,396.56,21767019,0.0
2020-04-13,397.5,417.82,394.8468,413.39,21916072,0.0
2020-04-14,413,434.98,412.25,426.75,38652951,0.0
2020-04-15,437,449.52,431.61,439.17,57742461,0.0
2020-04-16,431,432,414.695,423.05,34187211,0.0
2020-04-19,435.17,444.49,430.56,437.38,35040674,0.0
2020-04-20,444.77,447,425.6,434.31,68320146,0.0
2020-04-21,429.725,433,413,420.19,57019774,0.0
2020-04-22,419.26,438.413,419.26,426.7,52494681,0.0
2020-04-23,425,427.17,415.88,424.99,23368812,0.0
2020-04-26,425,429,420.84,421.35,11542246,0.0
2020-04-27,419.99,421,402.9101,403.79,9553251,0.0
2020-04-28,399.53,415.86,393.6,411.52,8834977,0.0
2020-04-29,410.31,424.44,408,420.02,13668180,0.0
2020-04-30,415.1,427.97,411.73,415.26,7709982,0.0
2020-05-03,417.78,428.54,414.87,427.97,13917854,0.0
2020-05-04,427.555,431,421.56,424.52,5904913,0.0
2020-05-05,429.3,439.77,426.385,434.2,12691906,0.0
2020-05-06,436.89,438.88,430.66,436.54,10247558,0.0
2020-05-07,434.14,442,433.6389,435.66,4425145,0.0
2020-05-10,436.33,444.8899,435.56,440.2,9999649,0.0
2020-05-11,442,444.17,431.36,431.83,4337625,0.0
2020-05-12,435.69,447,427.27,438.13,13488632,0.0
2020-05-13,444.9,452.38,432.82,442.13,17029185,0.0
2020-05-14,440.7,455,437.51,454.43,13341102,0.0
2020-05-17,451.16,456.36,443.35,452.58,7078158,0.0
2020-05-18,453.3965,458.97,450.465,451.03,4521934,0.0
2020-05-19,454.25,455.81,444.02,447.88,10640522,0.0
2020-05-20,448.56,448.96,430.25,436.34,8427215,0.0
2020-05-21,437,439.09,427.18,429.08,4990470,0.0
2020-05-25,427.77,428.5,413.14,414.93,7065859,0.0
2020-05-26,410.38,420.02,397.86,419.81,10039184,0.0
2020-05-27,417.24,422.3717,411.5,413.44,10538901,0.0
2020-05-28,417.46,420.295,411.85,419.28,4297006,0.0
2020-05-31,418.83,426.72,415.98,425.92,3461610,0.0
2020-06-01,425.87,427.59,419.46,427.49,6045300,0.0
2020-06-02,426.95,427.1,418.05,421.83,4044788,0.0
2020-06-03,422.39,428.71,410.03,414.67,9439184,0.0
2020-06-04,407.29,420.2392,404.25,419.67,9106004,0.0
2020-06-07,416,420.8,406.5,419.58,10912212,0.0
2020-06-08,421.65,434.73,420.31,434.01,12152418,0.0
2020-06-09,436,439.69,430.55,434.28,4327076,0.0
2020-06-10,428.2,445.57,424.1601,425.25,13330626,0.0
2020-06-11,429,434.06,423.04,423.11,1491300,0.0
2020-06-14,421.4,426.49,415.4238,425.63,3742202,0.0
2020-06-15,425.76,437.96,425.18,436.14,4801834,0.0
2020-06-16,441.82,450.46,439.22,447.77,5558962,0.0
2020-06-17,448.73,452.76,442.8,449.71,7790596,0.0
2020-06-18,449.12,453.97,445.6,453.3961,8588759,0.0
2020-06-21,455.01,468.59,454.21,468.08,5774011,0.0
2020-06-22,466.5,474.01,464.5,465.94,5089073,0.0
2020-06-23,468.54,472.36,454,457.65,4411545,0.0
2020-06-24,458.86,467.01,454,466.14,3573784,0.0
2020-06-25,466.39,468.03,442.24,443.39,5748408,0.0
2020-06-28,445.23,447.67,432.14,447.42,3981095,0.0
2020-06-29,450.02,457.59,447,454.75,3510310,0.0
2020-06-30,454,488.23,454,485.58,9186237,0.0
2020-07-01,485.64,492.28,475.5258,477.22,5986249,0.0
