Date,Open,High,Low,Close,Volume,OpenInterest
2016-07-11,25.01,25.32,24.84,25.16,2866756,0.0
2016-07-12,25.23,25.68,25.02,25.51,2256620,0.0
2016-07-13,25.67,25.73,25.18,25.29,2385806,0.0
2016-07-14,25.42,25.46,25.13,25.27,1319527,0.0
2016-07-17,25.08,25.55,25.04,25.55,1283109,0.0
2016-07-18,25.38,25.84,24.94,25.54,2411209,0.0
2016-07-19,25.56,25.94,25.39,25.9,1210562,0.0
2016-07-20,25.82,26.1,25.68,25.99,1467150,0.0
2016-07-21,26.09,26.49,25.77,26.47,2416312,0.0
2016-07-24,26.5,26.58,26.2,26.35,1803178,0.0
2016-07-25,26.44,26.66,26.33,26.61,1684050,0.0
2016-07-26,26.77,26.95,26.23,26.39,1961212,0.0
2016-07-27,26.36,26.495,26.24,26.37,1187126,0.0
2016-07-28,26.33,26.49,25.88,26.345,2272678,0.0
2016-07-31,26.3,26.78,25.82,26.65,2782314,0.0
2016-08-01,26.65,26.76,25.92,26.04,1823876,0.0
2016-08-02,25.96,26.28,25.91,26.22,910076,0.0
2016-08-03,26.3,26.48,26.2,26.45,838800,0.0
2016-08-04,26.57,27.13,26.47,27.11,1487830,0.0
2016-08-07,27.18,27.45,27.17,27.45,1369473,0.0
2016-08-08,27.49,27.69,27.26,27.68,2373743,0.0
2016-08-09,27.7,27.78,27.49,27.62,2156194,0.0
2016-08-10,27.87,28.45,27.8,28.11,1990085,0.0
2016-08-11,28.02,28.46,27.99,28.45,2401117,0.0
2016-08-14,28.43,28.87,28.43,28.79,2462386,0.0
2016-08-15,28.71,29,28.47,28.945,2669545,0.0
2016-08-16,28.32,29,28.32,28.835,3495370,0.0
2016-08-17,31.08,33.9,31.01,33.87,15166856,0.0
2016-08-18,33.57,34.75,33.36,34.71,6828084,0.0
2016-08-21,34.7,34.9799,34.38,34.71,4445040,0.0
2016-08-22,34.88,35.26,34.77,35,3480069,0.0
2016-08-23,35.16,35.47,34.71,34.825,3271592,0.0
2016-08-24,34.68,35.35,34.5401,35.04,2987688,0.0
2016-08-25,35.1,35.49,34.74,34.99,3077790,0.0
2016-08-28,35.1,35.39,35.03,35.13,1756221,0.0
2016-08-29,35.14,35.23,34.72,34.915,1758971,0.0
2016-08-30,34.81,34.99,34.33,34.59,2781869,0.0
2016-08-31,34.74,34.99,34.43,34.93,1928901,0.0
2016-09-01,35.16,35.2,34.75,34.9,1683007,0.0
2016-09-05,34.75,35.07,34.7,35.07,2019544,0.0
2016-09-06,35.1,35.68,35.03,35.46,2667591,0.0
2016-09-07,35.42,35.47,34.985,35.06,2009658,0.0
2016-09-08,34.7,34.97,34.16,34.27,2521054,0.0
2016-09-11,34.11,35.19,33.88,35.13,2934753,0.0
2016-09-12,35.1,35.26,34.57,34.74,2668047,0.0
2016-09-13,34.64,34.965,34.32,34.58,1853022,0.0
2016-09-14,34.54,35.39,34.54,35.05,2494558,0.0
2016-09-15,34.9,35.09,34.61,34.81,2123121,0.0
2016-09-18,35.07,36.07,34.95,35.64,2991805,0.0
2016-09-19,35.86,36.09,34.97,34.98,2240615,0.0
2016-09-20,35.37,36.05,35.265,35.7,3309317,0.0
2016-09-21,35.88,36.1,35.6418,35.95,1466635,0.0
2016-09-22,35.9,36.05,35.35,35.66,2031404,0.0
2016-09-25,34.87,35.8,34.85,35.19,2887305,0.0
2016-09-26,35.15,35.935,35.05,35.35,2060786,0.0
2016-09-27,35.45,35.59,34.87,35.15,2441359,0.0
2016-09-28,35.13,35.4,34.5208,34.74,3164679,0.0
2016-09-29,35.04,35.94,34.92,35.82,3565464,0.0
2016-10-02,35.58,35.63,34.99,35.37,2851454,0.0
2016-10-03,35.36,35.64,34.78,34.86,2523220,0.0
2016-10-04,34.94,35.3444,34.85,34.94,1751901,0.0
2016-10-05,34.92,35.08,34.64,34.8,2196759,0.0
2016-10-06,34.85,34.94,34.58,34.755,2472675,0.0
2016-10-09,34.91,35.085,34.68,34.69,1752221,0.0
2016-10-10,34.76,34.81,33.84,34.08,2342890,0.0
2016-10-11,34.2,34.25,33.74,33.855,2473236,0.0
2016-10-12,33.53,34.04,33.29,33.88,2699550,0.0
2016-10-13,34.05,34.22,33.405,33.53,2216089,0.0
2016-10-16,33.68,33.8,33.4,33.43,2634348,0.0
2016-10-17,33.74,33.86,33.41,33.645,1248180,0.0
2016-10-18,33.55,34.19,33.271,33.68,3742439,0.0
2016-10-19,33.71,34.07,33.44,33.86,1495906,0.0
2016-10-20,33.66,34.0663,33.3699,33.92,1518857,0.0
2016-10-23,33.92,34.15,33.84,34.04,1472546,0.0
2016-10-24,33.87,34.04,33.7068,34.01,2142750,0.0
2016-10-25,33.76,34.19,33.72,33.99,1771113,0.0
2016-10-26,34.25,34.57,33.74,33.8,2132921,0.0
2016-10-27,33.88,34.15,33.63,33.76,1883055,0.0
2016-10-30,33.74,34.18,33.62,33.94,2760155,0.0
2016-10-31,33.94,33.98,32.43,33.09,4225438,0.0
2016-11-01,33.14,33.52,32.385,32.42,2589422,0.0
2016-11-02,32.5,32.63,32.34,32.45,3373662,0.0
2016-11-03,31.33,31.51,30.36,30.45,7272563,0.0
2016-11-06,31.19,32.13,30.93,32.11,3818018,0.0
2016-11-07,32.14,32.59,31.76,32.48,2069498,0.0
2016-11-08,31.69,33.65,31.23,33.19,4589105,0.0
2016-11-09,33.23,33.97,32.77,33.47,3540760,0.0
2016-11-10,33.47,33.92,33.26,33.87,3174413,0.0
2016-11-13,33.89,35.095,33.83,34.93,3283017,0.0
2016-11-14,34.84,35.31,34.53,34.87,3778625,0.0
2016-11-15,34.75,34.99,34.38,34.73,3631454,0.0
2016-11-16,38.48,39,36.74,36.9,12845039,0.0
2016-11-17,36.82,37.355,36.72,37.01,4131975,0.0
2016-11-20,37,37.43,36.66,37.12,3190831,0.0
2016-11-21,37.29,37.43,36.575,36.72,3474083,0.0
2016-11-22,36.68,36.8,36.29,36.35,2858972,0.0
2016-11-24,36.32,36.63,36.11,36.61,1226601,0.0
2016-11-27,36.43,36.76,36.2,36.43,1811562,0.0
2016-11-28,36.43,36.86,36.22,36.52,1874419,0.0
2016-11-29,36.79,36.89,36.44,36.56,2077675,0.0
2016-11-30,36.16,36.86,35.345,35.44,3828108,0.0
2016-12-01,35.36,36.09,35.3501,35.95,2537955,0.0
2016-12-04,36.22,36.31,35.245,35.46,3558093,0.0
2016-12-05,35.58,36.1,35.45,35.97,3060505,0.0
2016-12-06,34.72,36.5,34.72,36.48,2821106,0.0
2016-12-07,36.49,36.81,36.14,36.3,2336062,0.0
2016-12-08,36.45,36.745,36.155,36.41,2349480,0.0
2016-12-11,36.2,36.46,35.53,35.85,2162339,0.0
2016-12-12,36.11,36.62,35.93,36,2702803,0.0
2016-12-13,35.78,36.74,35.78,36.18,3784559,0.0
2016-12-14,36.21,37.12,36.14,37,3530363,0.0
2016-12-15,36.99,37.31,36.27,36.45,4405232,0.0
2016-12-18,36.46,36.765,36.27,36.74,2167005,0.0
2016-12-19,36.91,37.11,36.62,36.84,1940979,0.0
2016-12-20,36.81,37.25,36.39,36.41,1352686,0.0
2016-12-21,36.7,36.88,36,36.22,1660546,0.0
2016-12-22,36.39,36.53,36.09,36.32,907098,0.0
2016-12-26,36.38,36.745,36.25,36.61,872960,0.0
2016-12-27,36.68,36.81,35.8,35.84,1171936,0.0
2016-12-28,35.71,36.12,35.5,35.67,1298079,0.0
2016-12-29,35.84,35.96,35.14,35.27,1590803,0.0
2017-01-02,35.44,36.19,35.09,35.57,2700515,0.0
2017-01-03,35.37,35.95,35.19,35.65,1929917,0.0
2017-01-04,35.66,35.83,35.18,35.36,1531837,0.0
2017-01-05,35.43,35.71,35.16,35.23,1463486,0.0
2017-01-08,35.32,35.47,35.13,35.22,1573242,0.0
2017-01-09,35.28,35.72,35.16,35.25,2452639,0.0
2017-01-10,35.25,35.88,35.25,35.65,2575545,0.0
2017-01-11,35.52,35.88,35.08,35.81,1760477,0.0
2017-01-12,35.81,36.11,35.79,35.93,945778,0.0
2017-01-16,35.73,35.97,35.46,35.565,958423,0.0
2017-01-17,35.7,36,35.41,35.99,1008282,0.0
2017-01-18,35.89,36.19,35.61,35.825,2342501,0.0
2017-01-19,35.89,36.5,35.84,36.37,1897415,0.0
2017-01-22,36.3,36.49,35.77,36.18,1240585,0.0
2017-01-23,36.3,37.655,36.2447,37.53,2493240,0.0
2017-01-24,37.93,38.5,37.77,37.95,2707719,0.0
2017-01-25,38.02,38.13,37.25,37.61,1617244,0.0
2017-01-26,37.71,37.865,37.3,37.76,1618138,0.0
2017-01-29,38.51,38.97,37.87,38.07,3017274,0.0
2017-01-30,37.85,38.42,37.48,38.33,1701190,0.0
2017-01-31,38.55,38.7,37.895,38.06,1522875,0.0
2017-02-01,37.89,38.36,37.58,38.24,1204949,0.0
2017-02-02,38.32,38.51,38.1,38.28,1116818,0.0
2017-02-05,38.18,38.632,38.13,38.36,1565765,0.0
2017-02-06,38.5,38.87,38.435,38.83,2087537,0.0
2017-02-07,38.71,39,38.43,38.96,1692263,0.0
2017-02-08,38.9,39.6,38.77,39.31,2639843,0.0
2017-02-09,39.43,39.72,38.97,39.46,2461811,0.0
2017-02-12,39.61,39.84,39.49,39.58,2329202,0.0
2017-02-13,39.9,39.9,39.36,39.525,2469038,0.0
2017-02-14,39.36,39.5,38.85,38.91,3845698,0.0
2017-02-15,40.8,42.18,40.36,40.56,7491433,0.0
2017-02-16,40.28,40.98,40.01,40.16,3398514,0.0
2017-02-20,40.16,40.68,40.1109,40.52,2412073,0.0
2017-02-21,40.4,40.77,40.32,40.7,2177636,0.0
2017-02-22,40.8,41.11,40.45,40.94,2616612,0.0
2017-02-23,40.66,41.05,40.47,40.94,2535994,0.0
2017-02-26,40.87,41.38,40.77,41.27,2815060,0.0
2017-02-27,41.41,41.96,41.29,41.83,3132487,0.0
2017-02-28,42.02,43.14,41.83,43.01,4099287,0.0
2017-03-01,43.13,43.14,42.245,42.26,3213758,0.0
2017-03-02,42.33,42.83,42.24,42.8,2201129,0.0
2017-03-05,42.58,42.695,42.25,42.57,1935003,0.0
2017-03-06,42.43,43.08,42.35,42.66,2645592,0.0
2017-03-07,42.65,42.83,42.12,42.15,3289140,0.0
2017-03-08,41.96,42.245,41.75,41.98,1604650,0.0
2017-03-09,42.03,42.4,41.89,42.15,1909703,0.0
2017-03-12,42.27,42.39,41.93,41.99,1629942,0.0
2017-03-13,41.99,42.16,41.745,42.04,1950745,0.0
2017-03-14,42.31,42.44,41.89,42.22,1766330,0.0
2017-03-15,42.23,42.44,42.02,42.19,2764223,0.0
2017-03-16,42.25,42.43,42.06,42.06,2573008,0.0
2017-03-19,42.2,42.31,41.93,41.94,1942477,0.0
2017-03-20,42.01,42.09,40.84,40.91,2421611,0.0
2017-03-21,40.97,41.07,40.63,40.98,2048929,0.0
2017-03-22,40.96,41.29,40.79,40.9,2971642,0.0
2017-03-23,41.25,41.6,40.7,40.88,2317646,0.0
2017-03-26,40.52,41.11,40.3001,40.9,2238539,0.0
2017-03-27,40.8,41.36,40.7199,41.14,1976891,0.0
2017-03-28,40.9,41.605,40.825,41.59,2730991,0.0
2017-03-29,41.53,42.03,41.4,41.9,2762517,0.0
2017-03-30,41.85,42.0493,41.435,41.84,3265448,0.0
2017-04-02,41.87,42.07,41.075,41.65,2825162,0.0
2017-04-03,41.42,41.71,41.055,41.2,2857885,0.0
2017-04-04,41.33,42.34,40.83,40.89,4419562,0.0
2017-04-05,41.14,41.27,40.69,41.05,3866190,0.0
2017-04-06,40.97,41.085,40.735,40.8,2456418,0.0
2017-04-09,40.89,41,40.36,40.41,1870743,0.0
2017-04-10,40.41,40.66,40.07,40.55,2710349,0.0
2017-04-11,40.69,40.72,39.61,39.66,2027781,0.0
2017-04-12,39.65,40.08,39.47,39.485,1823795,0.0
2017-04-16,39.63,39.85,39.43,39.79,1489592,0.0
2017-04-17,39.62,39.88,39.51,39.74,1265682,0.0
2017-04-18,39.85,40.31,39.655,39.745,1885616,0.0
2017-04-19,39.93,40.4,39.8,40.3,2034901,0.0
2017-04-20,40.33,40.35,39.48,39.5,1529257,0.0
2017-04-23,40.09,40.3,39.92,39.94,1879247,0.0
2017-04-24,40.18,40.19,39.945,39.96,1510713,0.0
2017-04-25,39.78,39.9,39.42,39.63,1800825,0.0
2017-04-26,39.73,39.86,39.33,39.76,1886225,0.0
2017-04-27,39.82,39.94,39.43,39.85,1539620,0.0
2017-04-30,40.02,40.27,39.51,40.16,1487319,0.0
2017-05-01,40.29,40.315,39.99,40.13,1372938,0.0
2017-05-02,39.88,40.1,39.73,40.04,921335,0.0
2017-05-03,40.11,40.33,39.69,39.78,1503679,0.0
2017-05-04,39.83,40.17,39.65,40.14,1442779,0.0
2017-05-07,40.09,40.22,39.9,40.12,1767652,0.0
2017-05-08,40.22,40.605,40.01,40.12,1858373,0.0
2017-05-09,40.22,40.55,40.04,40.43,2141691,0.0
2017-05-10,40.34,40.43,39.791,40.05,1663090,0.0
2017-05-11,39.98,40.05,39.74,39.74,1087131,0.0
2017-05-14,40.01,41.51,40.01,41.49,2466554,0.0
2017-05-15,41.64,41.8,41.38,41.63,2786402,0.0
2017-05-16,41.25,41.265,40.3,40.35,1802101,0.0
2017-05-17,40.12,40.84,39.69,40.16,3327188,0.0
2017-05-18,40.42,40.54,39.49,39.53,2500266,0.0
2017-05-21,39.63,40.1,39.5957,39.99,2677237,0.0
2017-05-22,40.18,40.215,39.275,39.49,2583159,0.0
2017-05-23,39.74,39.8717,39.06,39.56,5954816,0.0
2017-05-24,40,41.2943,39.46,40.96,5739727,0.0
2017-05-25,41.19,41.19,40.1,40.24,3007178,0.0
2017-05-29,40.12,40.82,40.09,40.47,2366017,0.0
2017-05-30,40.44,40.88,40.16,40.5,2261054,0.0
2017-05-31,39.85,40.25,39.54,39.61,3319190,0.0
2017-06-01,39.51,39.75,39.24,39.41,2557594,0.0
2017-06-04,39.19,39.7,38.95,38.98,2087876,0.0
2017-06-05,38.7,39.23,38.67,38.7,2160294,0.0
2017-06-06,38.86,39.57,38.71,39.27,1915099,0.0
2017-06-07,39.21,40.12,39.09,40.01,2873366,0.0
2017-06-08,39.87,40.395,39.13,39.52,2539494,0.0
2017-06-11,39.14,39.66,38.65,38.86,3237490,0.0
2017-06-12,39.08,39.37,38.7,38.94,2172027,0.0
2017-06-13,38.94,39.01,37.78,38.11,2016916,0.0
2017-06-14,37.72,38.1,37.43,37.97,1789447,0.0
2017-06-15,37.94,38.11,37.78,37.98,1391216,0.0
2017-06-18,38.17,38.495,38.04,38.42,1863036,0.0
2017-06-19,38.27,38.65,38.25,38.27,1848485,0.0
2017-06-20,38.36,38.86,38.3501,38.61,2083213,0.0
2017-06-21,38.57,39.36,38.57,39.11,2582084,0.0
2017-06-22,39.13,40.07,39.01,39.87,2452660,0.0
2017-06-25,39.87,40.515,39.87,40.3,2886037,0.0
2017-06-26,40.14,40.35,39.62,39.63,2232388,0.0
2017-06-27,39.8,40.59,39.6,40.43,2266211,0.0
2017-06-28,40.28,40.38,39.55,40.1,2693908,0.0
2017-06-29,40.13,40.38,39.73,40.06,2996907,0.0
2017-07-02,40.47,40.5,39.53,39.57,1268699,0.0
2017-07-04,39.55,40.25,39.475,39.66,1970931,0.0
2017-07-05,39.33,39.39,38.2,38.3,2024704,0.0
2017-07-06,38.44,38.83,38.32,38.64,1556958,0.0
2017-07-09,38.61,38.91,38.35,38.57,1782839,0.0
2017-07-10,38.55,39.11,38.51,39.07,1795195,0.0
2017-07-11,39.45,40.19,39.1701,40.17,2080557,0.0
2017-07-12,40.17,41.5,40.04,41.38,3149663,0.0
2017-07-13,42.04,43.9,42,43.63,7789304,0.0
2017-07-16,43.19,43.76,43,43.62,4219244,0.0
2017-07-17,43.27,43.88,43.18,43.77,2581697,0.0
2017-07-18,43.88,44.5299,43.83,44.17,2873203,0.0
2017-07-19,44.18,44.69,44.09,44.6,3013917,0.0
2017-07-20,44.61,45.24,44.18,44.76,3820821,0.0
2017-07-23,44.87,45.23,44.4,44.86,2327918,0.0
2017-07-24,44.58,44.94,44.21,44.78,2717219,0.0
2017-07-25,44.87,44.87,44.025,44.38,2555318,0.0
2017-07-26,44.32,44.97,43.65,44.02,3737501,0.0
2017-07-27,43.66,43.86,43.09,43.5,2186123,0.0
2017-07-30,43.67,43.82,43.11,43.42,1768919,0.0
2017-07-31,43.72,43.83,43.16,43.55,2169220,0.0
2017-08-01,43.65,43.79,43.04,43.41,1149371,0.0
2017-08-02,43.34,43.34,42.74,42.91,1785149,0.0
2017-08-03,43.07,43.11,42.61,42.73,1407582,0.0
2017-08-06,42.83,42.86,42.44,42.73,1235868,0.0
2017-08-07,42.66,43.16,42.52,42.67,1452239,0.0
2017-08-08,42.48,42.61,42.18,42.24,1241706,0.0
2017-08-09,42.01,42.23,41.23,41.3,1735530,0.0
2017-08-10,41.44,41.85,41.23,41.49,1123634,0.0
2017-08-13,42.37,42.53,41.75,42.03,2733602,0.0
2017-08-14,42.96,43.05,41.97,41.97,3295241,0.0
2017-08-15,42,42.549,42,42.42,2994344,0.0
2017-08-16,40.37,41.49,39.475,39.57,10600400,0.0
2017-08-17,39.7,39.87,39.26,39.35,4384709,0.0
2017-08-20,39.78,39.87,38.51,38.94,3274966,0.0
2017-08-21,39.17,39.21,38.59,38.69,2625585,0.0
2017-08-22,38.49,38.95,38.35,38.67,2245576,0.0
2017-08-23,38.76,38.93,38.51,38.8,1750397,0.0
2017-08-24,38.97,38.99,38.52,38.545,1539808,0.0
2017-08-27,38.73,38.81,38.18,38.34,1099997,0.0
2017-08-28,37.92,38.315,37.89,38.04,1157227,0.0
2017-08-29,37.98,38.26,37.84,38.22,1320690,0.0
2017-08-30,38.46,38.6975,38.07,38.65,1867894,0.0
2017-08-31,38.66,38.9,38.56,38.65,1467934,0.0
2017-09-04,38.49,38.74,37.55,37.99,1781996,0.0
2017-09-05,38.11,38.97,37.855,38.85,3045444,0.0
2017-09-06,38.9,38.9,38.12,38.69,2024766,0.0
2017-09-07,38.61,38.835,38.3799,38.63,2088087,0.0
2017-09-10,38.91,39.56,38.8,39.455,2085290,0.0
2017-09-11,39.57,40.24,39.16,39.93,3432767,0.0
2017-09-12,39.82,40.54,39.55,40.27,2451469,0.0
2017-09-13,40.17,40.69,39.95,40.645,2344966,0.0
2017-09-14,40.72,41.06,40.33,41.03,2708951,0.0
2017-09-17,41.04,41.16,40.51,40.65,2110109,0.0
2017-09-18,41.79,42.32,41.3,41.71,4303303,0.0
2017-09-19,41.72,41.91,41.22,41.72,2269654,0.0
2017-09-20,41.75,42.04,41.64,41.86,1959486,0.0
2017-09-21,41.69,42.6,41.69,42.56,1356676,0.0
2017-09-24,42.17,43.085,42.11,42.71,1968397,0.0
2017-09-25,43,43.82,42.875,43.77,2817818,0.0
2017-09-26,43.93,44.47,43.56,44.17,2208084,0.0
2017-09-27,43.92,44.045,43.52,43.845,1732165,0.0
2017-09-28,43.7,43.975,43.39,43.77,1458021,0.0
2017-10-01,43.89,44.1,43.71,44,2817182,0.0
2017-10-02,44.07,44.52,43.75,44.41,2395325,0.0
2017-10-03,44.19,44.54,44.17,44.46,2551245,0.0
2017-10-04,44.28,44.565,44.17,44.55,2382499,0.0
2017-10-05,44.34,44.63,44.05,44.44,1445883,0.0
2017-10-08,44.42,44.815,44.25,44.38,1650542,0.0
2017-10-09,44.37,44.52,43.57,43.66,3225345,0.0
2017-10-10,43.54,43.9399,43.29,43.51,1292766,0.0
2017-10-11,43.38,43.59,42.99,43.43,2204357,0.0
2017-10-12,43.65,44.22,43.615,43.63,1386388,0.0
2017-10-15,43.83,43.939,43.65,43.72,1180496,0.0
2017-10-16,43.29,44.11,43.29,44.08,1462517,0.0
2017-10-17,44.32,44.64,44.08,44.62,1729579,0.0
2017-10-18,44.37,44.505,43.91,44.26,1622939,0.0
2017-10-19,44.57,45.03,44.39,44.56,1882231,0.0
2017-10-22,44.92,45.14,44.66,44.74,2035609,0.0
2017-10-23,44.7,45.03,44.65,44.82,2158981,0.0
2017-10-24,44.66,44.66,43.665,43.71,3011582,0.0
2017-10-25,43.77,44.675,43.77,44.42,1280577,0.0
2017-10-26,44.24,44.52,43.86,44.01,1262013,0.0
2017-10-29,43.5,43.95,43.24,43.52,1530895,0.0
2017-10-30,43.71,44.57,43.56,44.42,1997515,0.0
2017-10-31,44.74,44.9,44.4,44.53,1525918,0.0
2017-11-01,44.54,44.605,43.94,44.25,1826773,0.0
2017-11-02,44.39,44.485,43.91,44.25,1766889,0.0
2017-11-05,44.07,45.12,44.02,45,2051745,0.0
2017-11-06,45,45.07,44.41,44.65,1326088,0.0
2017-11-07,44.64,45.5,44.48,45.335,1015890,0.0
2017-11-08,46.15,47.2,45.93,46.31,3104960,0.0
2017-11-09,46.19,46.7,46.1,46.345,1299492,0.0
2017-11-12,46.21,46.62,45.93,45.99,1746882,0.0
2017-11-13,45.95,46.14,45.59,45.63,1409534,0.0
2017-11-14,45.45,46.09,45.24,45.82,3032415,0.0
2017-11-15,51.41,53.89,51.31,53.11,11624635,0.0
2017-11-16,53.03,54.72,52.5,52.95,4923278,0.0
2017-11-19,52.63,54.81,52.46,54.72,3591823,0.0
2017-11-20,54.55,55.5,54.44,55.08,2993126,0.0
2017-11-21,55.03,56.1,54.69,56.06,2406080,0.0
2017-11-23,56.1,56.55,56,56.46,1252652,0.0
2017-11-26,56,56.32,55.205,56.24,2280437,0.0
2017-11-27,56.15,56.91,56.08,56.83,1980465,0.0
2017-11-28,56.67,57.18,56.08,56.24,2171298,0.0
2017-11-29,56.79,57.75,56.5,56.51,2763259,0.0
2017-11-30,55.59,56.51,54.93,56.41,3369717,0.0
2017-12-03,56.72,58.11,55.92,55.93,3249549,0.0
2017-12-04,55.97,56.56,55.62,56.14,1973087,0.0
2017-12-05,56.14,57.275,55.92,57.21,2607914,0.0
2017-12-06,57.21,57.82,56.72,57.53,1977549,0.0
2017-12-07,57.9,58.63,57.475,58.25,2899907,0.0
2017-12-10,58.09,58.99,58,58.6,2064409,0.0
2017-12-11,58.67,58.82,57.76,57.8,1979719,0.0
2017-12-12,57.95,58.32,57.71,57.79,2286615,0.0
2017-12-13,57.89,58.16,57.25,57.36,1641865,0.0
2017-12-14,57.27,57.88,57.26,57.27,1977907,0.0
2017-12-17,57.76,58.13,57.43,57.73,1404656,0.0
2017-12-18,57.71,58.125,57.47,57.91,2440039,0.0
2017-12-19,58.42,58.44,56.88,57.05,1490674,0.0
2017-12-20,57.09,57.17,56.13,56.22,1634808,0.0
2017-12-21,56.19,56.49,56.16,56.3,749722,0.0
2017-12-25,56.22,56.25,55.64,55.85,679760,0.0
2017-12-26,55.9,56.19,55.76,56.15,586353,0.0
2017-12-27,56.25,56.45,55.39,55.8,660772,0.0
2017-12-28,55.8,55.94,55.26,55.33,899884,0.0
2018-01-01,55.5,56.08,55.41,55.58,1028487,0.0
2018-01-02,55.56,57.32,55.45,57.0699,1911880,0.0
2018-01-03,56.91,58.07,56.86,57.8,1940997,0.0
2018-01-04,57.99,58.99,57.66,58.88,1594379,0.0
2018-01-07,58.67,59.735,58.21,59.66,1955294,0.0
2018-01-08,59.75,60.57,59.4,59.69,2471382,0.0
2018-01-09,59.49,60.66,59.08,60.65,1687739,0.0
2018-01-10,60.74,61.86,60.23,61.81,2662348,0.0
2018-01-11,61.97,62.8,61.69,62.77,1697017,0.0
2018-01-15,62.94,63.44,61.71,62.27,2149976,0.0
2018-01-16,62.74,63.97,62.68,63.58,1416168,0.0
2018-01-17,63.5,63.85,62.78,63.29,2797669,0.0
2018-01-18,63.35,63.73,62.99,63.1,2327828,0.0
2018-01-21,63.01,63.53,62.78,63.53,2045852,0.0
2018-01-22,63.61,63.93,63.061,63.83,1843734,0.0
2018-01-23,63.76,64.0599,62.15,62.93,2284197,0.0
2018-01-24,63.56,63.69,62.42,62.49,1624778,0.0
2018-01-25,62.96,63.41,62.72,63.33,3059387,0.0
2018-01-28,63.26,63.49,62.68,62.81,1432450,0.0
2018-01-29,62.31,62.7,61.375,62.32,1355387,0.0
2018-01-30,62.69,63.22,61.14,61.51,1976788,0.0
2018-01-31,61.37,62.37,61.14,62.16,3611485,0.0
2018-02-01,61.53,62,60.17,60.23,1166135,0.0
2018-02-04,59.48,60.16,56.75,56.8,2304847,0.0
2018-02-05,55.79,58.43,53.86,58.15,2156758,0.0
2018-02-06,57.68,58.72,57.22,57.64,1547859,0.0
2018-02-07,57.85,57.89,55.85,55.86,1747709,0.0
2018-02-08,56.51,56.85,54.12,56.17,2789327,0.0
2018-02-11,57.03,58.34,56.63,57.73,3582826,0.0
2018-02-12,59.59,60.14,58.45,58.75,2792401,0.0
2018-02-13,58.31,60.99,58.25,60.62,4456388,0.0
2018-02-14,54.56,57.74,52,57.67,15081647,0.0
2018-02-15,57.55,59,56.36,56.5099,4727853,0.0
2018-02-19,56.08,58.85,55.73,58.08,2904283,0.0
2018-02-20,58.2,59.88,58.18,58.54,2780093,0.0
2018-02-21,58.63,59.52,58.51,58.59,2460963,0.0
2018-02-22,59.12,59.63,58.145,59.62,2721125,0.0
2018-02-25,60,60.63,59.5,60.4,3560261,0.0
2018-02-26,60.05,60.99,60.0057,60.41,2149287,0.0
2018-02-27,60.54,61.55,60.03,60.53,4122309,0.0
2018-02-28,60.63,61.57,59.91,60.6,1954149,0.0
2018-03-01,60.37,60.9,59.51,60.77,1925884,0.0
2018-03-04,60.36,62.6199,60.11,62.2,1766500,0.0
2018-03-05,63.15,64.43,62.91,63.81,4019155,0.0
2018-03-06,63.13,63.75,62.86,63.36,2025973,0.0
2018-03-07,63.62,63.91,63.141,63.88,1350505,0.0
2018-03-08,64.29,65.32,63.88,65.26,1706678,0.0
2018-03-11,65.36,65.44,64.52,64.53,1660699,0.0
2018-03-12,64.53,65.52,64.5,64.84,1980122,0.0
2018-03-13,65.25,65.58,64.47,64.55,1505493,0.0
2018-03-14,64.66,64.66,63.365,63.67,1691230,0.0
2018-03-15,63.63,64.225,63.39,63.92,1490838,0.0
2018-03-18,63.65,63.89,62.33,62.84,2003016,0.0
2018-03-19,63.09,63.82,62.83,63.3,1294783,0.0
2018-03-20,63.4,64.55,62.95,64.1,1692891,0.0
2018-03-21,63.31,63.61,61.7,62.17,2422396,0.0
2018-03-22,62.64,63.39,61.15,61.16,1431944,0.0
2018-03-25,62.09,63.34,61.51,63.299,1518411,0.0
2018-03-26,63.39,63.89,60.75,61.2,1991888,0.0
2018-03-27,61.16,61.6,59.1,59.47,2511167,0.0
2018-03-28,59.75,62.01,59.75,61.66,2443536,0.0
2018-04-01,60.33,60.85,58.76,59.17,2064571,0.0
2018-04-02,59.36,60.99,59.23,60.64,2672873,0.0
2018-04-03,60.74,62.31,60.13,62.11,3073709,0.0
2018-04-04,62.64,64.34,61.56,62.9,4609425,0.0
2018-04-05,62.56,64.99,61.72,63.11,3592983,0.0
2018-04-08,63.5,65.075,63.32,63.58,2155896,0.0
2018-04-09,64.5,66.39,64.47,66.06,2450449,0.0
2018-04-10,65.41,66.79,65.13,66.14,2112834,0.0
2018-04-11,67.05,67.9251,66.69,67.57,1389648,0.0
2018-04-12,68.48,68.79,66.97,67.48,2325570,0.0
2018-04-15,68.15,68.77,67.565,68.27,1240947,0.0
2018-04-16,69.59,69.75,68.81,69.54,2037790,0.0
2018-04-17,69.37,69.68,68.93,69.22,1216143,0.0
2018-04-18,68.86,69.405,68.24,69.01,1028140,0.0
2018-04-19,69.03,69.19,68.31,68.65,996975,0.0
2018-04-22,68.94,69.3,68.17,68.34,783143,0.0
2018-04-23,68.73,69.61,67.21,67.86,2305000,0.0
2018-04-24,67.69,67.97,66.44,67.24,1546094,0.0
2018-04-25,67.72,68.43,67.27,67.47,1310251,0.0
2018-04-26,67.43,68.14,66.21,67.41,1451069,0.0
2018-04-29,67.73,68.399,66.56,66.58,1380462,0.0
2018-04-30,66.34,67.91,66.34,67.85,1785157,0.0
2018-05-01,68.12,68.3,66.8928,67.39,2121117,0.0
2018-05-02,67.01,68.01,66.51,67.19,2237754,0.0
2018-05-03,66.88,68.63,66.67,68.01,1809945,0.0
2018-05-06,68.38,69.32,67.99,68.82,1020885,0.0
2018-05-07,68.83,70.15,68.23,69.63,2251999,0.0
2018-05-08,70,71.415,69.43,71.185,1589655,0.0
2018-05-09,71.39,72.08,71.12,71.83,1317397,0.0
2018-05-10,72.25,72.8097,71.81,72.27,1029151,0.0
2018-05-13,72.43,72.85,70.52,70.73,2161621,0.0
2018-05-14,70.29,70.99,70.041,70.54,2096694,0.0
2018-05-15,70.45,71.32,70.28,70.68,1459842,0.0
2018-05-16,70.24,70.89,69.82,69.89,1696349,0.0
2018-05-17,69.81,70.34,69.09,69.0999,1963346,0.0
2018-05-20,69.61,70.05,68.38,68.45,3962662,0.0
2018-05-21,68.4,68.65,66.36,67.02,5030988,0.0
2018-05-22,66.95,67.77,66.28,66.79,4862916,0.0
2018-05-23,64,68.2,63.8125,68.08,7717395,0.0
2018-05-24,67.98,68.4025,66.67,67.15,2679932,0.0
2018-05-28,66.69,67.85,66.69,66.95,2622544,0.0
2018-05-29,67.54,69.29,67.31,68.23,3506205,0.0
2018-05-30,68.07,68.79,67.35,68.33,2181333,0.0
2018-05-31,68.02,69.89,67.64,69.7,2367463,0.0
2018-06-03,69.53,71.44,69.35,71.26,2803169,0.0
2018-06-04,71.4,72.93,71.2738,72.85,2080225,0.0
2018-06-05,73,75.01,72.7659,74.91,2966858,0.0
2018-06-06,75.13,75.4,73.08,74,2443593,0.0
2018-06-07,73.73,74.69,73.64,74.35,1276925,0.0
2018-06-10,74.35,75.66,74.34,75.6,1253639,0.0
2018-06-11,75.99,76.68,75.32,76.18,1603963,0.0
2018-06-12,76.08,76.56,75.681,76.11,2117140,0.0
2018-06-13,76.36,77.75,76.36,77.5,1942575,0.0
2018-06-14,77.59,77.84,76.75,77.71,3005991,0.0
2018-06-17,77.13,78.47,76.81,78.18,1134084,0.0
2018-06-18,77.4,77.99,76.23,77.88,1269781,0.0
2018-06-19,78.31,78.71,77.855,78.17,1692855,0.0
2018-06-20,78.49,79.15,77.69,77.76,1706241,0.0
2018-06-21,78.34,78.7,76.84,76.97,2101914,0.0
2018-06-24,76.37,77.08,75.34,76.94,2279352,0.0
2018-06-25,77.31,78.25,77.08,77.94,2069156,0.0
2018-06-26,78.32,79.06,76.11,76.34,1902387,0.0
2018-06-27,76.51,77.61,76.21,77.31,2323516,0.0
2018-06-28,78.07,79.75,77.74,78.53,2482941,0.0
2018-07-01,77.94,79.57,77.56,79.18,1578816,0.0
2018-07-02,79.81,79.9,77.265,77.3,1436565,0.0
2018-07-04,77.85,77.99,76.61,77.78,1998296,0.0
2018-07-05,77.82,79.02,77.325,78.77,970727,0.0
2018-07-08,79.3,79.65,78.34,79.4,1678603,0.0
2018-07-09,79.78,80.03,78.45,79.24,1824676,0.0
2018-07-10,78.75,80.03,78.75,79.6,1452695,0.0
2018-07-11,80.31,82.13,80,81.84,1977789,0.0
2018-07-12,81.65,82.87,81.65,82.7,1074733,0.0
2018-07-15,82.58,83.11,81.5,81.86,1709058,0.0
2018-07-16,81.46,83.14,81.25,82.42,1613454,0.0
2018-07-17,82.41,82.73,81.39,82.24,1754095,0.0
2018-07-18,82.26,82.88,81.98,82.33,880864,0.0
2018-07-19,82.19,82.49,81.59,82.01,1532154,0.0
2018-07-22,82.02,82.23,81.11,81.38,1996007,0.0
2018-07-23,81.49,81.92,78.53,78.6,2848872,0.0
2018-07-24,78.36,81.47,78.36,81.42,2032583,0.0
2018-07-25,81.17,81.8296,80.09,81.3,1263751,0.0
2018-07-26,81.48,81.61,78.52,79.45,1887301,0.0
2018-07-29,79.73,80.09,77.26,77.29,2229021,0.0
2018-07-30,77.56,78.3,76.52,77.53,2135483,0.0
2018-07-31,77.43,78.99,77.31,78.55,1665687,0.0
2018-08-01,78.16,80.69,78,80.56,1673094,0.0
2018-08-02,80.59,81.75,80.24,81.68,1370084,0.0
2018-08-05,81.34,82.13,80.9344,81.91,887219,0.0
2018-08-06,82.12,82.87,81.84,81.99,1694672,0.0
2018-08-07,81.99,83.6,81.64,82.98,1653722,0.0
2018-08-08,82.12,83.31,82.12,82.58,1660528,0.0
2018-08-09,82.23,83.33,81.79,81.94,1389849,0.0
2018-08-12,82.31,82.73,80.2,80.33,3510202,0.0
2018-08-13,80.63,83.03,80.63,82.755,1964135,0.0
2018-08-14,82.2,82.98,81.19,82.47,2599464,0.0
2018-08-15,79.49,82.5,78.4,79.51,6117106,0.0
2018-08-16,79.95,81.47,78.93,81.16,1979527,0.0
2018-08-19,81.66,82.58,81.17,82.36,1595768,0.0
2018-08-20,82.7,83.37,81.27,81.89,2010946,0.0
2018-08-21,81.54,82.775,81.35,82.71,1254416,0.0
2018-08-22,82.44,83.95,82.36,83.16,1349882,0.0
2018-08-23,83.48,84.29,83.38,84.23,1090815,0.0
2018-08-26,84.97,85.61,84.61,84.98,1069433,0.0
2018-08-27,85.33,85.97,84.5,85.95,1355394,0.0
2018-08-28,86.11,86.87,85.91,86.26,876731,0.0
2018-08-29,86.02,87.44,85.99,86.83,1459167,0.0
2018-08-30,86.59,87.38,86.5,86.82,1567479,0.0
2018-09-03,86.89,88.07,86.16,87.92,1744667,0.0
2018-09-04,87.89,88.08,83.15,83.32,2805427,0.0
2018-09-05,83.85,84.67,83.21,83.4,1935815,0.0
2018-09-06,82.87,84.17,81.58,83.12,1362190,0.0
2018-09-09,83.17,83.85,82.44,83.56,1643758,0.0
2018-09-10,83.76,85.15,83.25,85.12,1845060,0.0
2018-09-11,85.19,85.44,83.56,85.2,1511845,0.0
2018-09-12,85.78,86.43,85.32,85.51,1170133,0.0
2018-09-13,86.03,86.29,84.79,85.76,1464530,0.0
2018-09-16,85.53,85.82,83.34,83.45,1721825,0.0
2018-09-17,83.39,85.59,83.39,85.31,1081907,0.0
2018-09-18,85.36,85.385,83.53,84,850134,0.0
2018-09-19,84.39,85.66,83.61,85.35,1469793,0.0
2018-09-20,86.03,87.15,85.55,86.84,2271098,0.0
2018-09-23,86.23,87.65,86.07,86.4,1686629,0.0
2018-09-24,86.4,87,85.99,86.18,932110,0.0
2018-09-25,86.17,86.78,85.56,86.11,1079054,0.0
2018-09-26,86.49,86.98,85.47,85.65,953741,0.0
2018-09-27,85.45,86.37,84.17,85.89,1085110,0.0
2018-09-30,86.24,86.8,85.96,86.15,1303908,0.0
2018-10-01,86.03,86.31,85.31,85.67,952421,0.0
2018-10-02,85.86,86.49,84.67,85.79,1237674,0.0
2018-10-03,84.92,85.435,83.42,83.9,1406708,0.0
2018-10-04,83.8,84.53,81.68,82.31,1528638,0.0
2018-10-07,81.75,82.375,79.1,80.08,1720841,0.0
2018-10-08,79.77,80.945,79.27,79.74,1762805,0.0
2018-10-09,79.32,79.3912,75.36,75.65,2908910,0.0
2018-10-10,75.14,76.81,73.64,73.96,2587053,0.0
2018-10-11,75.89,77.26,75.4174,76.93,1765619,0.0
2018-10-14,76.44,76.73,75.3,75.33,955348,0.0
2018-10-15,75.94,78.13,75.565,77.94,1899946,0.0
2018-10-16,80.31,80.41,77.27,79.08,1799170,0.0
2018-10-17,78.8,79.43,77.19,78.04,1685985,0.0
2018-10-18,78.65,79.045,76.93,77.57,1351971,0.0
2018-10-21,77.85,80.59,77.62,80.39,2025428,0.0
2018-10-22,77.01,78.11,74.95,77.39,3494093,0.0
2018-10-23,77.44,78.14,74.05,74.2,2618725,0.0
2018-10-24,75.07,76.81,74.59,76.23,2394759,0.0
2018-10-25,73.37,73.76,70.26,71.82,2919025,0.0
2018-10-28,73.18,74.68,70.61,71.95,2583645,0.0
2018-10-29,71.95,76.66,71.69,76.56,2537988,0.0
2018-10-30,77.55,79.78,77.2,78.52,2213801,0.0
2018-10-31,78.48,79.6,77.58,79.48,2044286,0.0
2018-11-01,79.19,80.36,78.15,78.89,2037311,0.0
2018-11-04,79.31,80.4,78.69,80.12,1452859,0.0
2018-11-05,80.12,80.91,79.5,80.31,1435070,0.0
2018-11-06,81.52,83.31,81.155,82.82,1646762,0.0
2018-11-07,83.21,83.95,82.41,82.85,1790486,0.0
2018-11-08,82.34,82.56,80.96,81.66,2065654,0.0
2018-11-11,81.79,81.9,78.26,78.87,2570526,0.0
2018-11-12,79.52,80.195,78.25,78.89,1884038,0.0
2018-11-13,80.03,80.88,77.77,78.03,3028917,0.0
2018-11-14,71.01,71.3,67.27,68.89,11742807,0.0
2018-11-15,68.63,71.91,67.7701,71.9,6197929,0.0
2018-11-18,71.1,71.47,66.78,67.27,4391242,0.0
2018-11-19,65.59,68.29,64.78,67.67,3928522,0.0
2018-11-20,67.48,68.09,65.86,65.89,3158660,0.0
2018-11-22,65.5,66.99,65.34,65.64,1340207,0.0
2018-11-25,66.86,68.17,65.88,67.77,2546426,0.0
2018-11-26,67.1,67.65,66.45,67.24,1640630,0.0
2018-11-27,67.81,69.86,67.81,69.48,2464667,0.0
2018-11-28,69.07,69.19,67.32,67.4,2300078,0.0
2018-11-29,67.62,68.1594,66.7,66.87,2748983,0.0
2018-12-02,67.8,69.96,67.6518,69.94,4159865,0.0
2018-12-03,69.7,70.27,66.99,67.99,3166167,0.0
2018-12-05,66.37,68.5,66,68.5,2410910,0.0
2018-12-06,67.72,68.06,63.85,64.4,2879055,0.0
2018-12-09,64.43,66.22,63.77,65.62,2786297,0.0
2018-12-10,65.94,66.1,63.4604,64.21,3963691,0.0
2018-12-11,65.27,65.98,64.65,64.69,2736015,0.0
2018-12-12,64.95,65.05,62.335,62.73,3318971,0.0
2018-12-13,61.9,62.67,61.39,61.42,3256208,0.0
2018-12-16,61.52,62.17,59.255,59.6,4030625,0.0
2018-12-17,60.2,62.4,60.04,62.03,4775410,0.0
2018-12-18,61.96,62.61,58.63,59.35,3220052,0.0
2018-12-19,59.04,60.01,56.95,57.84,4382249,0.0
2018-12-20,57.44,58.89,56.56,56.8,4480132,0.0
2018-12-23,56.33,56.78,54.84,54.84,1300599,0.0
2018-12-25,55.43,57.89,54.5,57.89,3508382,0.0
2018-12-26,57.08,59.43,56.81,59.39,2663924,0.0
2018-12-27,59.49,60.03,58.4,59.05,1922967,0.0
2018-12-30,59.94,60.25,58.75,59.31,2047953,0.0
2019-01-01,58.17,60.7,57.7792,60.19,1860793,0.0
2019-01-02,59.07,59.23,57.24,57.56,2351141,0.0
2019-01-03,58.74,60.14,58.29,59.47,1488803,0.0
2019-01-06,59.24,59.95,58.91,59.18,1812855,0.0
2019-01-07,59.6,59.76,57.97,58.635,1989433,0.0
2019-01-08,58.97,60.44,58.97,60.15,1513374,0.0
2019-01-09,60.03,61.43,59.69,61.41,1975983,0.0
2019-01-10,61.21,61.94,60.52,61.635,2220891,0.0
2019-01-13,61.04,61.46,60.61,61.26,1166488,0.0
2019-01-14,61.33,62.64,61.175,62.4,1407026,0.0
2019-01-15,60.21,62.2,59.06,62.08,2836307,0.0
2019-01-16,61.76,62.54,61.56,62.01,2166322,0.0
2019-01-17,62.62,63.28,62.34,62.9273,1496728,0.0
2019-01-21,62.69,62.88,61.04,61.28,1180244,0.0
2019-01-22,62.02,62.94,60.95,61.025,1774043,0.0
2019-01-23,61.33,62.3,60.98,62.005,2422758,0.0
2019-01-24,63.18,63.82,62.68,63.64,2253477,0.0
2019-01-27,62.77,63.36,62.12,63.155,1299362,0.0
2019-01-28,63.64,63.87,62.56,62.59,1793197,0.0
2019-01-29,63.22,63.67,62.44,63.355,1287291,0.0
2019-01-30,63.45,64.04,63.04,63.74,1696142,0.0
2019-01-31,64.13,67.2062,63.93,65.805,3434297,0.0
2019-02-03,65.8,67.09,65.24,67.05,1496059,0.0
2019-02-04,66.92,68.02,66.82,67.66,2071361,0.0
2019-02-05,67.65,68.34,67.27,68.16,1210164,0.0
2019-02-06,67.78,68.1,66.25,66.93,1798192,0.0
2019-02-07,65.7,66.52,64.79,65.985,4231022,0.0
2019-02-10,66,66.86,65.38,65.95,6415611,0.0
2019-02-11,67,67.52,66.45,67.17,3148901,0.0
2019-02-12,67.48,68.44,67.21,67.22,3466372,0.0
2019-02-13,61.496,64.03,61,63.67,9354377,0.0
2019-02-14,64.14,64.82,63.45,63.985,2709040,0.0
2019-02-20,65.4,65.55,64.78,65.44,2703698,0.0
2019-02-21,65.8,66.54,65.57,66.02,2256973,0.0
2019-02-24,66.55,66.95,65.9,66,2021874,0.0
2019-02-25,65.7,66.87,65.54,66.76,2198858,0.0
2019-02-26,66.48,67.02,66.05,66.08,2045739,0.0
2019-02-27,66.18,66.2,65.16,65.19,2106707,0.0
2019-02-28,65.38,66.57,65.05,66.23,2664011,0.0
2019-03-03,66.86,66.86,63.88,64.55,2906014,0.0
2019-03-04,64.6,65,64.02,64.71,1959075,0.0
2019-03-05,64.75,64.98,63.42,63.95,2436369,0.0
2019-03-06,63.89,64.21,62.85,63.46,2164783,0.0
2019-03-07,62.64,63.28,62.34,63.2,1796837,0.0
2019-03-10,63.47,65.52,63.31,65.25,1820397,0.0
2019-03-11,65.31,65.51,64.79,65.46,2023652,0.0
2019-03-12,65.91,66.175,65.27,65.57,2132892,0.0
2019-03-13,65.53,65.87,65.07,65.74,1226767,0.0
2019-03-14,66.24,68.12,65.81,68.05,4419555,0.0
2019-03-17,67.92,68.4,66.635,66.9,3407468,0.0
2019-03-18,67.19,67.51,66.48,66.61,1417280,0.0
2019-03-19,66.61,67.68,66.39,67.6,2875425,0.0
2019-03-20,67.71,69.97,67.3,69.5,2376643,0.0
2019-03-21,69.25,69.42,66.66,66.85,2074617,0.0
2019-03-24,66.66,67.04,65.685,66.86,1503445,0.0
2019-03-25,67.56,68.29,66.9535,67.61,1478342,0.0
2019-03-26,67.81,67.96,66.79,67.17,2655176,0.0
2019-03-27,67.34,67.98,66.85,67.41,1664921,0.0
2019-03-28,67.99,69.42,67.99,69.34,2136133,0.0
2019-03-31,69.96,70.5,69.5,70.38,824714,0.0
2019-04-01,70.22,70.925,69.7,70.75,1831920,0.0
2019-04-02,71.11,72.57,70.93,72.42,3661130,0.0
2019-04-03,72.06,72.22,70.93,71.5,2005707,0.0
2019-04-04,71.62,72.4,71.6,72.16,1360008,0.0
2019-04-07,72.09,73.03,71.775,73,1555869,0.0
2019-04-08,72.49,72.945,72.31,72.79,1692623,0.0
2019-04-09,72.67,74.395,72.655,74.25,2147375,0.0
2019-04-10,74.77,75.7,74.47,75.49,2409859,0.0
2019-04-11,76.1,76.21,75.18,75.63,1831199,0.0
2019-04-14,75.63,76.82,75.29,76.16,1906467,0.0
2019-04-15,76.7,77.71,76.33,77.44,2065979,0.0
2019-04-16,77.35,78.35,77.04,77.68,1373743,0.0
2019-04-17,77.7,77.96,76.92,77.69,1426195,0.0
2019-04-21,77.36,77.61,76.54,76.7,1531430,0.0
2019-04-22,77.11,77.11,75.85,76.64,2113209,0.0
2019-04-23,76.79,76.85,73.06,73.52,4089133,0.0
2019-04-24,73.75,73.86,71.92,73.47,3462705,0.0
2019-04-25,73,73.08,71.01,71.89,2492669,0.0
2019-04-28,71.91,73.26,71.64,72.89,1882760,0.0
2019-04-29,72.83,73.16,71.89,72.84,1649125,0.0
2019-04-30,73.03,73.69,71.73,71.78,1448490,0.0
2019-05-01,71.81,72.775,71.02,71.69,1413319,0.0
2019-05-02,72.03,72.37,71.64,72.15,1302715,0.0
2019-05-05,70.49,71.19,70.01,70.7375,1641017,0.0
2019-05-06,69.78,69.84,68.69,69.15,2019327,0.0
2019-05-07,68.7,69.8,68.35,68.91,1530057,0.0
2019-05-08,67.82,68.9,67.1,68.57,2102764,0.0
2019-05-09,67.89,69.1753,66.91,68.75,2213934,0.0
2019-05-12,66.61,67.62,65.895,65.98,2019121,0.0
2019-05-13,66.18,67.94,66.12,67.32,1466560,0.0
2019-05-14,66.47,68.07,66,67.78,2285670,0.0
2019-05-15,67.92,70.28,67.72,69.75,2124130,0.0
2019-05-16,68.8,69.95,68.6,69.09,1769260,0.0
2019-05-19,68.25,69.3,67.85,68.16,2799016,0.0
2019-05-20,69,70.37,68.44,69.99,2157143,0.0
2019-05-21,68.99,69.18,66.71,67.14,5187376,0.0
2019-05-22,61.25,61.69,58.11,61.66,12961037,0.0
2019-05-23,61.92,62.78,61.57,61.99,2485939,0.0
2019-05-27,62.37,62.47,60.69,60.7,2012549,0.0
2019-05-28,60.38,60.85,59.7,60.31,2030494,0.0
2019-05-29,60.46,60.93,59.84,60.45,1455335,0.0
2019-05-30,59.48,59.81,58.94,59.2,3619324,0.0
2019-06-02,58.82,59.125,58.2,58.91,4166744,0.0
2019-06-03,59.61,61.23,59.59,61.11,2405588,0.0
2019-06-04,61.93,62.23,60.43,61.13,1948764,0.0
2019-06-05,61.13,61.41,60.52,61.08,2037548,0.0
2019-06-06,61.63,61.63,60.7252,61.3,1958746,0.0
2019-06-09,61.58,62.89,61.45,62.33,1653907,0.0
2019-06-10,63.13,63.15,62.01,62.1,2171884,0.0
2019-06-11,62.01,62.12,61.335,61.52,1616168,0.0
2019-06-12,61.95,62.55,61.56,62.17,3612468,0.0
2019-06-13,61.84,61.9,60.76,60.99,3083713,0.0
2019-06-16,61.02,61.25,60.01,60.14,2189359,0.0
2019-06-17,60.7,62.11,60.61,61.45,1839731,0.0
2019-06-18,61.76,62,61.11,61.73,1504254,0.0
2019-06-19,62.82,63.45,62,62.66,1230019,0.0
2019-06-20,62.66,62.66,60.88,61.47,2453004,0.0
2019-06-23,61.55,62.15,61.18,61.26,1220895,0.0
2019-06-24,61.3,61.73,60.92,60.96,1239810,0.0
2019-06-25,61.33,61.73,60.48,60.62,1507000,0.0
2019-06-26,60.98,61.82,60.94,61,1936495,0.0
2019-06-27,61.52,62.16,61.26,61.71,1252752,0.0
2019-06-30,62.84,63.55,62.38,62.86,1349915,0.0
2019-07-01,62.84,62.99,61.58,61.94,2232456,0.0
2019-07-02,61.73,62.52,61.45,62.49,824245,0.0
2019-07-04,62.15,62.45,61.47,62.43,1029643,0.0
2019-07-07,59.24,60.54,59.0039,60.43,2967080,0.0
2019-07-08,59.88,60.33,59.28,60.15,2080012,0.0
2019-07-09,60.77,60.88,59.925,60.29,1982451,0.0
2019-07-10,60.39,60.82,59.52,60.57,1756412,0.0
2019-07-11,60.89,61.51,60.42,61.12,1590084,0.0
2019-07-14,61.23,61.51,60.2,60.82,1179781,0.0
2019-07-15,60.87,60.87,58.045,58.95,2702202,0.0
2019-07-16,59.29,59.7,59.02,59.32,2015532,0.0
2019-07-17,59.01,59.84,58.18,58.83,1734776,0.0
2019-07-18,59.15,60.18,58.76,59.42,1959887,0.0
2019-07-21,59.42,59.92,58.66,58.7,1448749,0.0
2019-07-22,59.22,59.65,58.35,59.09,1024769,0.0
2019-07-23,58.72,59.45,58.14,58.82,1460432,0.0
2019-07-24,58.82,59.53,58.53,58.73,1255049,0.0
2019-07-25,58.99,59.41,58.32,59.09,1487391,0.0
2019-07-28,58.12,59.51,57.45,59.25,2130006,0.0
2019-07-29,58.84,59.61,58.68,59.5,1217979,0.0
2019-07-30,59.57,59.84,57.73,58.49,1933559,0.0
2019-07-31,58.41,59.69,57.37,57.72,1882317,0.0
2019-08-01,47.9,48,44.79,46.04,11903895,0.0
2019-08-04,45.31,46.47,44.95,45.15,4169708,0.0
2019-08-05,45.48,46.3,45.26,46.02,2774651,0.0
2019-08-06,45.37,46.45,45.25,46.26,3104327,0.0
2019-08-07,46.27,47.93,46.175,47.76,3064611,0.0
2019-08-08,47.11,47.36,46.03,46.58,1891263,0.0
2019-08-11,46.39,46.4,45.5223,46.1,1796403,0.0
2019-08-12,46.21,48.03,45.935,47,2580739,0.0
2019-08-13,45.98,46.31,44.55,44.76,3624396,0.0
2019-08-14,45.72,48.05,45.37,46.47,4713649,0.0
2019-08-15,46.84,47.02,46.1,46.75,2669353,0.0
2019-08-18,47.7,47.8,46.955,47.01,2144073,0.0
2019-08-19,46.92,46.97,45.965,46.1,1730843,0.0
2019-08-20,46.73,47.34,46.56,46.9,1659820,0.0
2019-08-21,46.86,47.32,46.2969,46.78,1682907,0.0
2019-08-22,45.95,46.86,45.22,45.44,2031343,0.0
2019-08-25,46.41,46.85,46.09,46.57,2166917,0.0
2019-08-26,46.94,46.99,46.1,46.51,2314728,0.0
2019-08-27,46.59,47.38,46.24,46.83,1638610,0.0
2019-08-28,47.65,48.2,47.51,47.9,1513171,0.0
2019-08-29,48.45,48.89,47.84,48.06,1736990,0.0
2019-09-02,47.51,47.81,46.7,47.405,2041191,0.0
2019-09-03,48.2,49.22,48.17,49.15,2489706,0.0
2019-09-04,49.97,51.865,49.6,51.78,3059968,0.0
2019-09-05,51.84,52.27,51.49,51.99,2676845,0.0
2019-09-08,53.75,54.9,52.885,54.78,3592347,0.0
2019-09-09,54.62,55.05,53.66,54.51,3840155,0.0
2019-09-10,54.83,56.24,54.26,56.21,3106489,0.0
2019-09-11,56.05,56.66,55.31,56.37,3853253,0.0
2019-09-12,56.37,56.85,55.6033,56.56,2729687,0.0
2019-09-15,56.64,57.01,56.1,56.85,2646021,0.0
2019-09-16,56.27,56.8432,55.2076,56.53,2642595,0.0
2019-09-17,56.24,56.52,54.3,54.94,2002542,0.0
2019-09-18,55.1,55.44,54.31,54.43,1817107,0.0
2019-09-19,54.42,54.8,53.805,54.11,2485218,0.0
2019-09-22,54.03,54.87,53.5,54.52,1498543,0.0
2019-09-23,54.52,54.6,52.63,52.97,2448855,0.0
2019-09-24,52.78,54.045,52.61,53.81,1563204,0.0
2019-09-25,54.13,54.13,52.88,53.68,1431611,0.0
2019-09-26,53.93,54.65,53.58,53.91,1246662,0.0
2019-09-29,52.73,53.17,52.27,52.52,2772218,0.0
2019-09-30,53.07,53.54,51.49,52,2051361,0.0
2019-10-01,51.44,51.675,50.53,51.38,2241178,0.0
2019-10-02,50.73,51.52,50.22,51.42,1998160,0.0
2019-10-03,51.63,52.09,51.18,52.05,3158575,0.0
2019-10-06,51.9,52.9,51.89,52.04,2813907,0.0
2019-10-07,51.41,51.42,50.54,50.55,3295819,0.0
2019-10-08,51.07,51.84,50.91,51.38,2438424,0.0
2019-10-09,49.22,50.53,48.81,49.77,7473775,0.0
2019-10-10,50.49,51.91,50.39,51.47,3764858,0.0
2019-10-13,51.51,52.38,51.195,52.21,2895622,0.0
2019-10-14,52.23,53.11,51.85,53.03,2815850,0.0
2019-10-15,53.13,53.64,52.91,53.24,2148589,0.0
2019-10-16,53.44,54.04,53.24,54.03,2637119,0.0
2019-10-17,53.96,53.9783,53.04,53.48,2807123,0.0
2019-10-20,53.94,55.43,53.91,54.57,2172919,0.0
2019-10-21,54.66,55.59,54.15,55.18,1359031,0.0
2019-10-22,55.21,56.12,55.12,56.02,1468922,0.0
2019-10-23,56.32,56.47,54.78,55.45,1401011,0.0
2019-10-24,55.54,56.4,55.28,56.005,1233239,0.0
2019-10-27,56.31,56.635,55.67,55.86,2046196,0.0
2019-10-28,55.78,55.93,55.345,55.47,1478907,0.0
2019-10-29,55.29,56.405,55,56.37,1356330,0.0
2019-10-30,56.18,56.36,55.42,55.88,1621941,0.0
2019-10-31,56.45,57.11,55.7201,57.1,2001027,0.0
2019-11-03,57.91,58.69,57.435,57.92,2024623,0.0
2019-11-04,57.92,59.705,57.75,59.52,2488658,0.0
2019-11-05,59.32,59.7,57.84,57.87,2433499,0.0
2019-11-06,58.37,59.495,58.25,58.95,1603010,0.0
2019-11-07,58.63,59.485,58.26,59.4,1477771,0.0
2019-11-10,59.22,60.2,58.91,59.88,1888261,0.0
2019-11-11,60.16,60.24,59.51,60.13,1873723,0.0
2019-11-12,60.01,60.94,59.9,60.04,3713397,0.0
2019-11-13,59.86,63,59.5,61.98,7427606,0.0
2019-11-14,62.49,63.07,61.76,62.88,2304273,0.0
2019-11-17,62.56,63.785,62.165,63.49,2248899,0.0
2019-11-18,63.8,63.9263,62,62.89,2782695,0.0
2019-11-19,62.33,62.87,61.08,61.44,2288064,0.0
2019-11-20,61.65,61.85,60.645,60.7,1899966,0.0
2019-11-21,60.92,61.28,60.45,61.23,2306866,0.0
2019-11-24,61.77,62.98,61.26,62.66,1949482,0.0
2019-11-25,62.42,62.59,60.18,60.52,2905099,0.0
2019-11-26,60.56,60.92,60.15,60.55,1423959,0.0
2019-11-28,60.47,60.955,60.47,60.59,493622,0.0
2019-12-01,60.1,60.74,59.38,59.4,1570150,0.0
2019-12-02,58.43,58.68,57.6383,58.62,1918569,0.0
2019-12-03,59.16,59.625,58.71,59.34,1270352,0.0
2019-12-04,60,60.45,59.36,60.09,1342910,0.0
2019-12-05,60.85,61.5,60.72,61.03,1726131,0.0
2019-12-08,60.78,61.37,60.51,60.53,1464106,0.0
2019-12-09,60.53,60.915,60.14,60.39,1064407,0.0
2019-12-10,60.42,60.72,60.25,60.67,932350,0.0
2019-12-11,60.82,62.81,60.07,62.72,2272566,0.0
2019-12-12,62.23,63.3,61.92,63.29,2173289,0.0
2019-12-15,63.95,64.49,63.51,63.54,1952046,0.0
2019-12-16,63.91,64,63.14,63.48,1190993,0.0
2019-12-17,63.46,63.92,62.9,62.97,1008490,0.0
2019-12-18,63.33,63.71,62.865,63.25,1477055,0.0
2019-12-19,63.29,63.69,61.76,62.04,2208196,0.0
2019-12-22,62.38,63.3,62.2542,62.79,1222934,0.0
2019-12-23,62.9,63.25,62.4,62.86,440800,0.0
2019-12-25,62.96,63.28,62.22,62.52,883963,0.0
2019-12-26,62.77,62.77,61.39,61.42,773151,0.0
2019-12-29,61.47,61.775,60.94,61.54,1356342,0.0
2019-12-30,61.3,62.28,61.26,62.26,1336510,0.0
2020-01-01,61.97,62.82,61.8017,62.77,1354818,0.0
2020-01-02,61.95,62.4899,61.21,61.7,1217940,0.0
2020-01-05,61.13,62.01,61.122,61.55,895283,0.0
2020-01-06,61.67,62.2,61.24,61.95,1301491,0.0
2020-01-07,62.23,63.38,61.98,63.12,1447708,0.0
2020-01-08,63.62,64.17,62.97,63.46,1673819,0.0
2020-01-09,63.6,63.71,62.85,63.14,1642039,0.0
2020-01-12,63.39,64.47,63.39,64.1,1232090,0.0
2020-01-13,64.04,64.28,63.61,63.78,1025936,0.0
2020-01-14,63.95,64.535,63.825,64.19,1231193,0.0
2020-01-15,64.49,65.38,64.19,65.38,1564767,0.0
2020-01-16,63.32,63.81,61.93,62.42,3967555,0.0
2020-01-20,62.16,62.6,60.41,60.56,4094412,0.0
2020-01-21,60.83,61.27,60.17,60.48,3786473,0.0
2020-01-22,60.59,60.615,59.08,60.57,3655834,0.0
2020-01-23,60.55,60.91,59.06,59.82,2697486,0.0
2020-01-26,58.4,58.89,57.76,58.16,1632667,0.0
2020-01-27,58.3,58.4,56.85,56.91,2768459,0.0
2020-01-28,57.13,57.13,55.5,55.55,2591982,0.0
2020-01-29,54.8,55.69,54.0701,54.85,2169610,0.0
2020-01-30,54.58,54.69,53.165,53.4,1858129,0.0
2020-02-02,53.5,54.8,53.49,54.04,1530058,0.0
2020-02-03,55.31,56.44,55.1,55.88,1639229,0.0
2020-02-04,57.03,57.97,56.73,57.8,1914115,0.0
2020-02-05,58.06,58.4639,57.34,58.14,1028496,0.0
2020-02-06,57.84,57.89,57.24,57.35,1032048,0.0
2020-02-09,56.88,58.1,56.88,58.04,1358978,0.0
2020-02-10,58.76,59.82,58.37,59.08,2101946,0.0
2020-02-11,59.45,60.955,59.22,60.75,3585313,0.0
2020-02-12,53.48,55.6,53.195,55.18,10037266,0.0
2020-02-13,55.26,55.3399,53.68,54.24,2652332,0.0
2020-02-17,53.97,54.14,52.755,53.44,2091133,0.0
2020-02-18,53.16,54.17,53.05,53.2,1558501,0.0
2020-02-19,53.2,53.8,52.68,53.71,2247958,0.0
2020-02-20,53.25,53.35,51.855,51.97,2309683,0.0
2020-02-23,50.49,50.73,49.675,50.11,2229889,0.0
2020-02-24,50.65,50.995,48.42,48.81,2405714,0.0
2020-02-25,49.46,50.29,48.25,48.49,1901298,0.0
2020-02-26,47.39,48.66,46.39,46.87,3015631,0.0
2020-02-27,45,46.84,44.89,46.75,4319664,0.0
2020-03-01,47.04,47.62,45.81,47.62,2643124,0.0
2020-03-02,47.01,48.19,45.26,45.9,2246824,0.0
2020-03-03,46.42,46.42,45.34,46.34,2422223,0.0
2020-03-04,44.99,45.3772,43.71,43.94,2969479,0.0
2020-03-05,42.16,44.15,41.75,44.02,3740151,0.0
2020-03-08,41.16,42.57,39.725,39.8,2463660,0.0
2020-03-09,41.54,43.51,40.41,43.5,3722026,0.0
2020-03-10,42.08,42.36,39.94,40.45,4960002,0.0
2020-03-11,37.51,39,35.86,35.87,2659833,0.0
2020-03-12,38.29,40.8,36.78,40.8,3040980,0.0
2020-03-15,36.13,42.33,36,40.05,7379670,0.0
2020-03-16,42.04,44.24,39.4,42.1,4145745,0.0
2020-03-17,39.64,43.03,38.97,42.32,2504357,0.0
2020-03-18,41.73,41.73,37.97,38.56,5643726,0.0
2020-03-19,38.96,39.88,36.23,36.24,3065094,0.0
2020-03-22,36.93,37.55,34.66,35.24,3382336,0.0
2020-03-23,37.22,38.895,36.755,38.27,5498853,0.0
2020-03-24,38.23,39.41,36.99,37.69,2560313,0.0
2020-03-25,37.82,42.57,37.42,42.47,2472527,0.0
2020-03-26,41.15,42.1,39.35,40.23,1818705,0.0
2020-03-29,41.66,41.66,39.69,40.72,3474026,0.0
2020-03-30,40.15,42.53,40.09,41.7,3298959,0.0
2020-03-31,40.13,40.97,38.91,40.01,1855877,0.0
2020-04-01,38.85,40.7,38.57,39.51,1420476,0.0
2020-04-02,39.25,40.48,37.08,37.28,1404627,0.0
2020-04-05,38.76,39.9,38.19,39.6,4314476,0.0
2020-04-06,40.93,41.91,39.64,39.73,2961606,0.0
2020-04-07,40.17,41.29,39.62,40.97,1282711,0.0
2020-04-08,41.43,43.82,41.39,42.72,2216551,0.0
2020-04-12,42.58,42.72,41.06,41.63,2025692,0.0
2020-04-13,42.96,43.47,42.52,43.15,2514487,0.0
2020-04-14,42.35,42.35,40.28,40.44,4054462,0.0
2020-04-15,40.77,41.42,39.72,41.21,3381613,0.0
2020-04-16,41.99,42.86,41.69,42.13,3133858,0.0
2020-04-19,42.04,42.05,40.76,40.95,4109061,0.0
2020-04-20,40.78,40.91,38.89,38.94,4537231,0.0
2020-04-21,39.69,39.98,39.26,39.695,6480495,0.0
2020-04-22,39.69,41.57,39.675,41.05,15710551,0.0
2020-04-23,41.31,43.195,41.2,43.06,4895604,0.0
2020-04-26,42.61,44.1095,42.6,42.685,4317546,0.0
2020-04-27,43.7,43.74,42.155,42.27,2142304,0.0
2020-04-28,43.63,45.14,42.5216,44.91,2351793,0.0
2020-04-29,44.34,44.34,43.41,43.8,2549574,0.0
2020-04-30,42.57,43.16,41.08,41.52,1467748,0.0
2020-05-03,41.5,41.7,40.005,40.68,4601726,0.0
2020-05-04,41.16,41.99,41.04,41.21,1893141,0.0
2020-05-05,41.64,42.69,41.165,42.6,2779139,0.0
2020-05-06,43.06,43.57,42.78,43.01,2684536,0.0
2020-05-07,43.31,44.98,43.31,44.9,1390541,0.0
2020-05-10,43.52,44.54,42.77,44,2705126,0.0
2020-05-11,44.04,44.5,43.02,43.03,1606303,0.0
2020-05-12,42.87,42.87,40.625,41.47,3286318,0.0
2020-05-13,40.75,41.92,39.81,41.85,3300540,0.0
2020-05-14,41.09,42.41,40.9301,42.38,2268524,0.0
2020-05-17,43.8,45.09,43.63,44.65,1564996,0.0
2020-05-18,44.64,45.63,44.11,44.68,1199033,0.0
2020-05-19,45.4,46.14,45.35,45.99,1956204,0.0
2020-05-20,45.84,46.42,44.86,45.47,1243820,0.0
2020-05-21,45.26,45.26,44.075,44.71,1458364,0.0
2020-05-25,46.22,46.34,44.89,45.14,2427011,0.0
2020-05-26,45.45,46.45,44.92,46.33,2590824,0.0
2020-05-27,44.78,45.91,44,44.23,6207180,0.0
2020-05-28,44.12,44.74,43.53,44.6,1827209,0.0
2020-05-31,43.85,44.13,42.67,42.67,2409805,0.0
2020-06-01,42.865,44.53,42.48,44.14,5958279,0.0
2020-06-02,44.28,46.09,44.17,45.66,2613297,0.0
2020-06-03,45.34,45.93,44.87,45.26,3378844,0.0
2020-06-04,46.44,48.3,46.27,48.03,6247824,0.0
2020-06-07,48.61,49.65,48.48,48.99,3847156,0.0
2020-06-08,48.58,48.6019,46.68,46.78,3353990,0.0
2020-06-09,47.02,47.03,45.95,46.23,1674503,0.0
2020-06-10,44.93,44.98,41.12,41.125,6762292,0.0
2020-06-11,42.52,43.04,42.075,42.09,603559,0.0
2020-06-14,41.47,43.47,41.12,43.07,1823724,0.0
2020-06-15,44.78,45.22,43.42,44.4,1869126,0.0
2020-06-16,44.7,44.7,42.965,43.18,1897788,0.0
2020-06-17,43.02,43.1944,42.15,42.82,2627784,0.0
2020-06-18,43.17,44.09,42.07,43.98,5789098,0.0
2020-06-21,43.39,43.58,41.64,42.3,2881774,0.0
2020-06-22,42.83,43.64,42.32,42.38,1775880,0.0
2020-06-23,42.22,42.22,40.93,40.97,2762576,0.0
2020-06-24,40.57,41.84,39.96,41.84,2106768,0.0
2020-06-25,43.43,44.43,42.63,44.01,4407505,0.0
2020-06-28,44.3,44.4,43.1,44.03,1660390,0.0
2020-06-29,43.98,45.05,43.77,44.36,1921335,0.0
2020-06-30,44.36,44.655,43.39,43.52,1421236,0.0
2020-07-01,44.1,44.46,43.47,43.54,1411659,0.0
