Date,Open,High,Low,Close,Volume,OpenInterest
2016-07-13,195.16,197.28,193.51,195.55,621035,0.0
2016-07-14,195.91,199.78,194.251,195.17,651733,0.0
2016-07-17,196.7,201.93,195.2,199.32,1192526,0.0
2016-07-18,198.24,200.25,196.31,198.78,526783,0.0
2016-07-19,200,200,197.02,199.06,803847,0.0
2016-07-20,198.2,199.99,196.5,197.31,610337,0.0
2016-07-21,198,198.48,194.401,196.02,721999,0.0
2016-07-24,196.1,201.57,193.27,201.09,541632,0.0
2016-07-25,201.42,206.06,200.96,204.49,742712,0.0
2016-07-26,205.59,207.94,204.5,207.05,554597,0.0
2016-07-27,207.79,210.269,204.381,205.99,602625,0.0
2016-07-28,205.63,206,203.22,204.27,362269,0.0
2016-07-31,204.25,204.25,198.58,202.65,820540,0.0
2016-08-01,202.29,202.56,199.19,200.31,583214,0.0
2016-08-02,199.67,202.68,197,198.57,726115,0.0
2016-08-03,199.18,201.15,197.17,198.42,422808,0.0
2016-08-04,200.51,202,199.57,201.56,471433,0.0
2016-08-07,201.59,203.34,199.64,200.27,462465,0.0
2016-08-08,199.57,200.44,197.65,198.86,543497,0.0
2016-08-09,200,201.3899,197.96,199.34,630131,0.0
2016-08-10,201.35,202.49,199.701,200.36,502924,0.0
2016-08-11,199.96,206.49,199.01,205.88,924068,0.0
2016-08-14,209.03,215.969,205.5,211.48,988691,0.0
2016-08-15,213.35,217.37,212.47,213.19,1219102,0.0
2016-08-16,214.27,215.49,212.281,213.15,901815,0.0
2016-08-17,217,217.01,199.13,207.49,2690291,0.0
2016-08-18,206.4,210.73,204.2,209.84,1118304,0.0
2016-08-21,209,214.48,208.43,212.57,750288,0.0
2016-08-22,213.56,214.98,211.75,213.16,607958,0.0
2016-08-23,212.84,214.38,210.48,211.12,807452,0.0
2016-08-24,210,210.3,206.5,208.48,613020,0.0
2016-08-25,209.5,218.7699,208.52,217.72,1052882,0.0
2016-08-28,217,217.46,213.05,213.55,733541,0.0
2016-08-29,215.67,215.67,209.205,211,814564,0.0
2016-08-30,211.54,212.77,209.26,212.02,560394,0.0
2016-08-31,211.9,217.08,210.92,215.84,962651,0.0
2016-09-01,217,218.37,212,214.92,1369230,0.0
2016-09-05,217.51,224.18,216.63,221.95,1866152,0.0
2016-09-06,221.8,222.62,217.9,218.93,942853,0.0
2016-09-07,219,223.2485,217.51,221.69,564295,0.0
2016-09-08,220,222.44,211.205,213.24,704813,0.0
2016-09-11,208.3,230.55,208.0242,230.12,1418231,0.0
2016-09-12,228.69,240.47,228.675,231.37,2425819,0.0
2016-09-13,232.35,243.15,232.35,234.76,2091113,0.0
2016-09-14,235.76,239.2,232.57,237.72,681108,0.0
2016-09-15,237.5,242.98,236.25,238.06,842919,0.0
2016-09-18,242.13,252.42,240.53,248.97,1846447,0.0
2016-09-19,249.97,252.97,241.1,244.15,1189301,0.0
2016-09-20,247.99,251.47,246,249.54,1061288,0.0
2016-09-21,251.25,254.48,249.74,251.99,1006329,0.0
2016-09-22,248.1,249.9,245.82,247.35,789563,0.0
2016-09-25,243.21,243.8055,237.23,241.2,1389800,0.0
2016-09-26,243.87,248.57,242.5,244.11,769151,0.0
2016-09-27,245,246.23,241.55,243.37,458832,0.0
2016-09-28,242.45,244.3,241.09,242.08,672597,0.0
2016-09-29,243.47,243.98,238.02,240.82,594214,0.0
2016-10-02,243.74,247.87,243.31,244.88,511367,0.0
2016-10-03,246.72,250.97,246.2,248.6,856484,0.0
2016-10-04,248.7,249.7462,247.26,248.12,520691,0.0
2016-10-05,247.47,256.74,244.89,256.01,903357,0.0
2016-10-06,255.02,257.56,250.37,252.99,663976,0.0
2016-10-09,254.5,262.72,254.5,261.4,697486,0.0
2016-10-10,261.34,261.34,253.3,254.23,919063,0.0
2016-10-11,255.16,270.93,254.5,261.41,1741760,0.0
2016-10-12,258.26,263.5,252.32,262.07,1154078,0.0
2016-10-13,265.88,272.58,259.82,261.39,1425338,0.0
2016-10-16,261.48,263.87,258.59,261.1,697967,0.0
2016-10-17,264.64,268.99,264.48,265.57,709970,0.0
2016-10-18,267.38,268.69,261.98,263.89,484818,0.0
2016-10-19,263.89,265.546,262,264.3835,706345,0.0
2016-10-20,263.37,264.99,261,263.5,350149,0.0
2016-10-23,267.98,268.36,265,267.03,741043,0.0
2016-10-24,268.13,270.44,265.67,269.74,828958,0.0
2016-10-25,268.26,268.26,265.21,265.74,445388,0.0
2016-10-26,268.22,271.66,263.27,266.955,867924,0.0
2016-10-27,267,267.05,263.21,264.91,564499,0.0
2016-10-30,265.48,268.98,256.86,257,885105,0.0
2016-10-31,259,259.89,246.64,249.05,2204594,0.0
2016-11-01,248.77,248.9999,241.03,243.03,1332186,0.0
2016-11-02,243.12,246.15,237.66,243.46,710644,0.0
2016-11-03,240.4,245.88,240.2,243.29,545997,0.0
2016-11-06,251.43,255.9999,250.03,251.18,976325,0.0
2016-11-07,251,251.9,247,248.85,729735,0.0
2016-11-08,241.45,255.7,240.664,252.06,1264118,0.0
2016-11-09,240,252.0975,224.71,228.61,3858573,0.0
2016-11-10,229.01,235.88,218,234.5799,2309608,0.0
2016-11-13,234.27,235.61,216.39,217.91,1629995,0.0
2016-11-14,227.24,232.9,225.56,228.18,1375865,0.0
2016-11-15,226.31,231.98,223.83,230.13,663012,0.0
2016-11-16,230.13,237.14,229.61,236.72,767918,0.0
2016-11-17,237.04,239.62,229.86,230.85,601008,0.0
2016-11-20,231.11,237.24,231.07,234.15,604589,0.0
2016-11-21,235.11,236.91,231.02,231.97,596520,0.0
2016-11-22,231.27,233.7,229.14,231.49,715499,0.0
2016-11-24,233.08,233.88,223.19,227.1,936953,0.0
2016-11-27,230.49,235.98,228.63,231.79,1509386,0.0
2016-11-28,231.16,233.36,227.17,230.11,825815,0.0
2016-11-29,231,234.7,223.86,224.06,750569,0.0
2016-11-30,225.11,225.8399,215.01,217.79,981151,0.0
2016-12-01,217.57,221.58,215.67,220.68,625965,0.0
2016-12-04,217,226.88,216.945,226.24,664119,0.0
2016-12-05,226.6,226.6,219.06,222.65,708462,0.0
2016-12-06,222.77,224.88,218.62,223.16,950641,0.0
2016-12-07,222.7,227.39,220.33,225.23,729170,0.0
2016-12-08,225.9,227.42,221.76,223.42,456421,0.0
2016-12-11,219,219.68,211.44,218.58,1275631,0.0
2016-12-12,218.58,226.1,216.6,220.46,803116,0.0
2016-12-13,219.36,223.02,216.83,217.49,718733,0.0
2016-12-14,215.01,218.35,212.4001,213.33,691590,0.0
2016-12-15,213.99,218.5,212.63,213.05,740343,0.0
2016-12-18,213.21,218.03,211.11,216.81,764062,0.0
2016-12-19,217,218.97,215.47,216.93,344519,0.0
2016-12-20,217.47,226.24,216.77,223.12,1021275,0.0
2016-12-21,221.51,221.9,216.15,217.11,607034,0.0
2016-12-22,216,224.93,216,223.73,676944,0.0
2016-12-26,224.5,228.8,223.5058,223.95,469629,0.0
2016-12-27,226.57,228.48,223.13,223.96,424464,0.0
2016-12-28,224.32,224.935,221.68,223.01,342654,0.0
2016-12-29,222.55,223.12,214.75,215.34,510360,0.0
2017-01-02,219.38,220.3,215.63,218.15,623126,0.0
2017-01-03,220,221.19,216.894,218.7,907004,0.0
2017-01-04,219.85,230.71,219.8,229.2,1924420,0.0
2017-01-05,229.42,230.25,225.27,226.96,631771,0.0
2017-01-08,227.81,236.49,227.46,235.11,944075,0.0
2017-01-09,237.95,243.97,236.61,239.96,1034747,0.0
2017-01-10,237.45,241.75,235.63,239.27,510423,0.0
2017-01-11,238.9,239.15,232.14,235.44,814245,0.0
2017-01-12,236.79,239.49,233.6201,237.68,554740,0.0
2017-01-16,239.47,243.96,235.71,243.08,771219,0.0
2017-01-17,241.63,243.95,233.5,235.81,976620,0.0
2017-01-18,236.31,240.39,236.08,238.94,488497,0.0
2017-01-19,239.21,244.4,239.21,242.34,775313,0.0
2017-01-22,242.09,250.11,242.01,248.59,902187,0.0
2017-01-23,252.99,257.68,248.7,254.26,1086537,0.0
2017-01-24,255.99,255.99,250.71,251.53,554017,0.0
2017-01-25,252,252.46,245.83,251.94,528679,0.0
2017-01-26,251.3,253.17,249.28,252.87,271328,0.0
2017-01-29,250.36,251.86,248.29,250.5,308262,0.0
2017-01-30,249.6,254.09,248.32,254.01,324698,0.0
2017-01-31,256.39,256.7599,250.85,253.82,539170,0.0
2017-02-01,252.4,256.31,250.141,255.8,535475,0.0
2017-02-02,256.86,257,253.6655,254.99,445465,0.0
2017-02-05,254.25,263.33,253.01,258.67,882253,0.0
2017-02-06,260.04,260.82,255.51,258,491040,0.0
2017-02-07,259.27,266.15,258.23,265.43,828182,0.0
2017-02-08,265.84,265.84,256.68,257.4,1944807,0.0
2017-02-09,261.23,261.43,256.19,257.42,1074594,0.0
2017-02-12,258.78,261.66,252.545,260.78,822567,0.0
2017-02-13,260.55,261.289,254,256.15,880063,0.0
2017-02-14,258.99,263.05,256.21,261.85,937348,0.0
2017-02-15,283.38,299.68,278.8,298.73,3020077,0.0
2017-02-16,295.74,297.93,289.38,297.22,1674853,0.0
2017-02-20,296.3,297.5,290.02,293.41,1010508,0.0
2017-02-21,293.54,307.79,292.16,304.27,1904445,0.0
2017-02-22,305,305.42,287.51,299,1977183,0.0
2017-02-23,297,306.6199,295.61,299.86,1466733,0.0
2017-02-26,297.56,306.785,297.56,301.77,864847,0.0
2017-02-27,302.92,308.5,302.01,305.03,837491,0.0
2017-02-28,307.52,308.6596,296.21,302.43,1174452,0.0
2017-03-01,298.5,300,284.5,289.44,1926288,0.0
2017-03-02,288.5,294.74,287.2,293.48,814717,0.0
2017-03-05,294,294.05,287.26,292.27,738226,0.0
2017-03-06,290.71,294.5,289.06,292.15,714069,0.0
2017-03-07,294.6,296.5,290.79,291.44,658727,0.0
2017-03-08,290,292.41,288.58,291.23,571107,0.0
2017-03-09,291.12,291.62,288,289.32,543138,0.0
2017-03-12,290.95,290.99,285.884,289.84,802326,0.0
2017-03-13,286.6,289.95,286.13,289.55,622522,0.0
2017-03-14,288.96,289.43,284.4101,286.76,625248,0.0
2017-03-15,288.4,288.44,282.9157,283.27,691164,0.0
2017-03-16,286.17,292,285.01,291.5,1046454,0.0
2017-03-19,291.5,296.75,291.05,294.12,1068635,0.0
2017-03-20,295.95,298.3925,281.64,282.68,866322,0.0
2017-03-21,283.65,287.84,280.3101,286.18,814453,0.0
2017-03-22,286.57,290.2,284.36,286.27,781705,0.0
2017-03-23,287.08,290.88,285.97,288.96,704740,0.0
2017-03-26,285.56,292.63,285.04,289.24,709619,0.0
2017-03-27,291.75,292.81,288.87,289.35,520523,0.0
2017-03-28,289.83,290.17,282.76,283.31,729954,0.0
2017-03-29,284.31,286.5,282.13,282.35,805616,0.0
2017-03-30,282,285.69,280.35,284,588078,0.0
2017-04-02,283.34,286.88,283.301,285.38,703991,0.0
2017-04-03,284.77,286.3,271.57,273.07,1364806,0.0
2017-04-04,275.19,282.35,272.52,276.3,1180433,0.0
2017-04-05,277.63,279.17,273,276.01,641515,0.0
2017-04-06,274.99,280,273.51,277.21,624828,0.0
2017-04-09,277.88,278.91,271.501,272.33,659343,0.0
2017-04-10,272.55,275.8799,267.6101,268,966644,0.0
2017-04-11,268.75,271.89,264.35,265.4,742030,0.0
2017-04-12,265,267.3474,262.72,265.68,763767,0.0
2017-04-16,266.02,268.154,265.31,266.21,428325,0.0
2017-04-17,266.12,268,261.38,264.1,886425,0.0
2017-04-18,263.47,264.99,255.64,262.93,1127342,0.0
2017-04-19,264.5,266.53,262.01,266.14,580232,0.0
2017-04-20,268.11,269.54,265.46,268.98,771385,0.0
2017-04-23,272.69,275.55,271.86,274.14,983373,0.0
2017-04-24,276.18,278.815,274.36,277.82,788578,0.0
2017-04-25,278.58,278.8,265.07,265.3,1358323,0.0
2017-04-26,266.41,271.24,264.7946,265.58,885418,0.0
2017-04-27,266.7,266.8499,261.31,265.21,612966,0.0
2017-04-30,265.36,271.04,265.36,269.93,427338,0.0
2017-05-01,272.03,272.45,264.91,265.59,734797,0.0
2017-05-02,266.04,269.37,265.04,268.33,558556,0.0
2017-05-03,270.99,270.99,264.32,265.19,657237,0.0
2017-05-04,265,266.45,259.06,264.72,856159,0.0
2017-05-07,263.5,269.78,262,268.93,713177,0.0
2017-05-08,270,275.51,270,271.92,975166,0.0
2017-05-09,275.27,281.87,274.32,279.04,1752176,0.0
2017-05-10,287.88,289.7,271.34,276.71,2848787,0.0
2017-05-11,277.25,279.47,270.31,271.1,1316045,0.0
2017-05-14,272.47,286.67,271.29,284.46,1414119,0.0
2017-05-15,284.99,295.33,284,289.82,1507246,0.0
2017-05-16,285.8,286.8,278.5,283,1917540,0.0
2017-05-17,280.97,289.13,276.2,282.69,1329098,0.0
2017-05-18,285,290.965,283.5655,286.84,1109955,0.0
2017-05-21,289.61,296.88,287.92,293.88,1415711,0.0
2017-05-22,296.69,301.82,291.03,292.28,1106733,0.0
2017-05-23,291.82,293.639,283.61,288.61,1092255,0.0
2017-05-24,291.8,296.6124,290,293.26,1138596,0.0
2017-05-25,293.46,297.525,291.9201,292.35,513987,0.0
2017-05-29,292.02,294.25,286.0304,288.46,694068,0.0
2017-05-30,288.52,289.6402,282.245,284.82,849496,0.0
2017-05-31,285.19,288.61,283.79,288.44,591809,0.0
2017-06-01,287.45,291.77,286.15,291.73,458465,0.0
2017-06-04,292.56,299.46,292.01,293.69,775758,0.0
2017-06-05,293.73,305,293.53,302.89,1442209,0.0
2017-06-06,303,314.99,301.01,314.67,1545378,0.0
2017-06-07,320.35,323.1,308.26,313.47,2099031,0.0
2017-06-08,315.09,320.4,297.26,303.62,1701537,0.0
2017-06-11,301.53,309.37,296.5,306.39,1122694,0.0
2017-06-12,309.87,310.53,300.51,301.46,959931,0.0
2017-06-13,305,305.96,291.68,294.585,807431,0.0
2017-06-14,292.19,294.4999,285.43,292.67,847708,0.0
2017-06-15,294,297.08,291.25,296.99,722356,0.0
2017-06-18,299.81,313.43,298.6,313.03,1228703,0.0
2017-06-19,311.18,318,311.07,316.55,1095424,0.0
2017-06-20,316.6,327.26,314.518,323.73,807886,0.0
2017-06-21,321.89,326.6236,318.01,325.39,879367,0.0
2017-06-22,317.92,333.78,317.76,333.53,1120071,0.0
2017-06-25,333.68,337.55,319.21,320.45,1157493,0.0
2017-06-26,321.64,321.64,310,311.44,950830,0.0
2017-06-27,312.61,317.76,308.17,317.56,960271,0.0
2017-06-28,314.49,316.49,299.16,302.11,1104851,0.0
2017-06-29,305.03,307.5899,298.04,300.63,692601,0.0
2017-07-02,302.58,304.32,294.87,296.73,513028,0.0
2017-07-04,294.25,297.73,290.1,294.08,1158261,0.0
2017-07-05,293.01,300.5651,292.28,296.88,926702,0.0
2017-07-06,298.01,299.47,293.74,295.77,575743,0.0
2017-07-09,297.51,301.49,295.35,300.98,721647,0.0
2017-07-10,302.56,308.93,301,308.42,944049,0.0
2017-07-11,310.91,315.55,310,314.46,795859,0.0
2017-07-12,315.3,317.5,306.3,307.16,866997,0.0
2017-07-13,307.47,313,305.26,310.35,637742,0.0
2017-07-16,310,310.415,300.3,301.9,909943,0.0
2017-07-17,302,309.43,300.15,309.21,756060,0.0
2017-07-18,314.64,317.75,305.68,306.9,751144,0.0
2017-07-19,307,310.74,305.86,308.7,618524,0.0
2017-07-20,307.08,310.99,306.45,307.19,554587,0.0
2017-07-23,309.23,313.789,307.59,311.5,482165,0.0
2017-07-24,311.89,312.465,305.34,309,645442,0.0
2017-07-25,310.09,315.5,308.36,312.16,694900,0.0
2017-07-26,316,320.92,305.55,310.14,1242786,0.0
2017-07-27,308.31,316.2475,306.5,313.65,512265,0.0
2017-07-30,316.13,316.8,307,311.26,763653,0.0
2017-07-31,314,314.97,306.8,308.48,572741,0.0
2017-08-01,306.51,307.54,293.75,299.33,1198275,0.0
2017-08-02,300.9,304.6899,297.9,302.1,535045,0.0
2017-08-03,304,307.44,302.2,304.66,516037,0.0
2017-08-06,305.01,308.74,302.51,307.64,948246,0.0
2017-08-07,310,313.15,305.37,309,972668,0.0
2017-08-08,305.95,316.395,302.46,315.26,1298801,0.0
2017-08-09,298.98,301,283.3,284.09,4972612,0.0
2017-08-10,281.4,282.48,273.19,280.96,2223663,0.0
2017-08-13,285.37,287.96,278.0001,278.63,1133545,0.0
2017-08-14,278.85,279.62,274.25,276.07,1148084,0.0
2017-08-15,278.32,283.5,277.66,278.55,977578,0.0
2017-08-16,279.93,282.82,272.821,273.59,1106205,0.0
2017-08-17,273.8,273.92,270,270.16,857445,0.0
2017-08-20,272.13,276.34,270,274.75,861800,0.0
2017-08-21,277.24,279.47,273.17,277.03,752651,0.0
2017-08-22,274.25,278,273.27,276.13,593373,0.0
2017-08-23,278.63,278.71,267.15,270.58,1204402,0.0
2017-08-24,272.23,272.3,266.33,267.35,1095135,0.0
2017-08-27,267.11,267.5,262.6179,266.85,738036,0.0
2017-08-28,260.91,265.95,259.44,265.04,887312,0.0
2017-08-29,266.99,276.42,266.69,275.56,1169345,0.0
2017-08-30,275.86,277.98,274.0603,275.86,911117,0.0
2017-08-31,276.35,276.39,268.27,269.7144,667382,0.0
2017-09-04,268.76,271.86,265.31,269.05,822908,0.0
2017-09-05,270.95,272.64,269.31,271.07,593467,0.0
2017-09-06,273,275.59,270.13,275.1,587602,0.0
2017-09-07,273.6,277.13,272.77,273.02,636127,0.0
2017-09-10,275.99,276.79,270.62,271.8,774337,0.0
2017-09-11,272,272.27,269.76,271.34,747643,0.0
2017-09-12,270.8,273,269.52,270.229,858557,0.0
2017-09-13,269.44,270.99,266.05,268.5,764363,0.0
2017-09-14,267.05,275.31,262.69,272.05,1247754,0.0
2017-09-17,277.5,293.6,276.9,293.45,2545653,0.0
2017-09-18,293.82,295.55,286.005,287.3,1372987,0.0
2017-09-19,288.27,288.89,280.5,283.39,1011021,0.0
2017-09-20,284.34,284.815,275.22,277.61,1187910,0.0
2017-09-21,275.86,277.99,268.02,271.62,1294584,0.0
2017-09-24,268.95,270,259,263.67,1391075,0.0
2017-09-25,265,265.79,258,258.19,1401575,0.0
2017-09-26,262.55,262.55,255.1422,257.75,954838,0.0
2017-09-27,256.16,258.55,253.2,257.35,717204,0.0
2017-09-28,257.15,265.4,256.3201,263.81,1069380,0.0
2017-10-01,265.14,267.195,261.5001,266.59,661050,0.0
2017-10-02,267.95,274.74,266.71,272.17,1381913,0.0
2017-10-03,271.1,271.7,268.45,270.97,1407104,0.0
2017-10-04,270.93,273.83,268.39,273.11,612695,0.0
2017-10-05,271.49,276.83,271.49,276.71,755678,0.0
2017-10-08,276.98,277,272.52,275.62,755974,0.0
2017-10-09,277.84,277.88,266.28,269.33,1225238,0.0
2017-10-10,267.8,269.21,265.42,268.72,819645,0.0
2017-10-11,269.08,274.56,269.08,271.72,635898,0.0
2017-10-12,273.27,279.79,272.82,279.44,722844,0.0
2017-10-15,282,283.4,279.66,282.55,1091138,0.0
2017-10-16,283.2,283.39,277.12,279.97,855438,0.0
2017-10-17,281,281.01,276.41,277.68,826390,0.0
2017-10-18,275,279.78,273.18,276.67,528106,0.0
2017-10-19,279,281.9599,276.28,276.59,453172,0.0
2017-10-22,275.43,278.51,273.01,275.09,659357,0.0
2017-10-23,276,283.78,273.58,280.61,918447,0.0
2017-10-24,279.99,284.13,271.9303,275.13,1128359,0.0
2017-10-25,277,278.31,271.18,276.06,936165,0.0
2017-10-26,276.6,284.37,274.02,283.52,1231592,0.0
2017-10-29,280.84,282.37,275.1,276.52,1030629,0.0
2017-10-30,275,283,274.63,282.09,609644,0.0
2017-10-31,284.08,284.61,275.56,276.02,1266978,0.0
2017-11-01,275.63,282.1,272.14,276.13,671246,0.0
2017-11-02,275.02,285.44,275.01,280.51,1155306,0.0
2017-11-05,300,310,298,309.74,2400622,0.0
2017-11-06,308.5,311.72,305.83,306.59,1116064,0.0
2017-11-07,306,320.67,305.01,314.2,1108141,0.0
2017-11-08,312.53,316.49,307.02,312.85,860808,0.0
2017-11-09,309.61,310.92,302.32,302.88,1685105,0.0
2017-11-12,301.15,308.49,301,302.26,877020,0.0
2017-11-13,300.61,301.87,294.2,298.58,830865,0.0
2017-11-14,297.01,304.29,296,302.855,1213858,0.0
2017-11-15,310.81,332.195,305.095,326.28,2872306,0.0
2017-11-16,340,375.1,340,367.5,4777255,0.0
2017-11-19,362,363,338.52,344.04,2810820,0.0
2017-11-20,348,355.9,343.895,345.01,1759751,0.0
2017-11-21,344.06,355.39,344.06,347.665,1428555,0.0
2017-11-23,342,347,340.75,344.075,525224,0.0
2017-11-26,341,343.08,332.57,333.49,780446,0.0
2017-11-27,332.4,336.58,326.5,331.99,1044640,0.0
2017-11-28,330.63,331.21,318.19,324.43,1332901,0.0
2017-11-29,323.06,330.8099,318.2,328.71,1027799,0.0
2017-11-30,324.63,328.61,318.35,323.97,947028,0.0
2017-12-03,326.01,335.88,323.71,329.03,977681,0.0
2017-12-04,325.64,328,316.26,317.88,1102956,0.0
2017-12-05,312.01,321.5,312,318.28,1158090,0.0
2017-12-06,320.25,323.52,316.54,320.35,812278,0.0
2017-12-07,326.45,329.35,320.14,321.38,841099,0.0
2017-12-10,325.13,344.92,324.185,344.92,1208660,0.0
2017-12-11,341.81,346.7,331.59,344.54,1054654,0.0
2017-12-12,350,364.51,349.51,357.79,1208946,0.0
2017-12-13,355.01,363.7151,354.59,356.3,1010685,0.0
2017-12-14,355.15,356.55,349.12,355.78,872307,0.0
2017-12-17,361.1,369.535,360.11,363.4,1067733,0.0
2017-12-18,362.41,370.35,359,362,1184548,0.0
2017-12-19,361.58,363.29,355.51,362.38,769197,0.0
2017-12-20,371.64,377.64,370.12,371.39,1203900,0.0
2017-12-21,374.86,376.02,363.04,365.37,553538,0.0
2017-12-25,362.85,366,352.33,361.53,567952,0.0
2017-12-26,362.08,363.895,358.07,361.56,434802,0.0
2017-12-27,361.43,362.82,345.21,349.88,1589070,0.0
2017-12-28,348.89,350.12,337.68,345.04,1373384,0.0
2018-01-01,348,355.42,343.99,348.425,1522977,0.0
2018-01-02,349.99,350.57,340.78,342.09,1157958,0.0
2018-01-03,344.75,348.01,336.6,340.09,896993,0.0
2018-01-04,349.75,350,341.23,344.12,1083038,0.0
2018-01-07,345.31,347.97,336.62,344.72,908339,0.0
2018-01-08,348.95,348.99,336.34,338.93,749136,0.0
2018-01-09,337.5,337.79,332.5,334.85,594929,0.0
2018-01-10,335.46,337.96,325.78,327.4,1406347,0.0
2018-01-11,329.59,332.4,324.13,328.55,804154,0.0
2018-01-15,332.38,334.94,320.11,322.08,1256977,0.0
2018-01-16,323.88,327.8,322.22,324.36,747877,0.0
2018-01-17,325.16,325.16,316.7,322.19,935844,0.0
2018-01-18,330.15,331.95,323,325.51,1059501,0.0
2018-01-21,325.77,331.6,321,331.5,734901,0.0
2018-01-22,332.38,337.69,329.005,334.6,907039,0.0
2018-01-23,335.51,343.77,322.12,324.73,1487424,0.0
2018-01-24,327.35,332.46,325.16,329.48,821106,0.0
2018-01-25,330.91,341.04,330.79,335.85,1081138,0.0
2018-01-28,343.01,343.01,326.26,326.64,1421201,0.0
2018-01-29,323.42,326.1,316.8,322.77,850195,0.0
2018-01-30,327.22,328.5326,319.99,320.13,725819,0.0
2018-01-31,318.07,322.1415,313.34,316.02,750675,0.0
2018-02-01,315.01,321.2295,311.66,317.4,878929,0.0
2018-02-04,315,325.9,312.46,312.46,1130641,0.0
2018-02-05,305.48,316.59,304.6,313.83,1199552,0.0
2018-02-06,311.87,314.77,307.09,309.37,1225916,0.0
2018-02-07,294.41,315,289.33,289.78,2370601,0.0
2018-02-08,291.72,296.649,283.84,291.65,1895002,0.0
2018-02-11,293.26,296.44,287.82,294.91,831317,0.0
2018-02-12,291.55,302.27,291.5,300.14,761845,0.0
2018-02-13,299.86,307.62,299.5,306.16,611146,0.0
2018-02-14,309.97,311.27,304.26,309.56,638340,0.0
2018-02-15,309.78,312.1,306.76,307.55,493784,0.0
2018-02-19,304.26,313.2296,303.8,310.62,720177,0.0
2018-02-20,313.56,316.205,306.36,306.76,861771,0.0
2018-02-21,308,313.37,306,309.33,614646,0.0
2018-02-22,312.7,313,305.58,311.63,537820,0.0
2018-02-25,313,316.9,307.695,308.56,558613,0.0
2018-02-26,307.67,308.9,294.27,296.31,944504,0.0
2018-02-27,298.71,300.5,292.72,293.49,836364,0.0
2018-02-28,294,295.21,284,286.66,1108536,0.0
2018-03-01,283.17,289.69,279,288.65,1101756,0.0
2018-03-04,289,296.19,288.71,294.84,809531,0.0
2018-03-05,298.38,301.47,297.07,300.71,660977,0.0
2018-03-06,297.12,307.28,296.7,306.34,710365,0.0
2018-03-07,308.9,314.19,307.15,313.42,867019,0.0
2018-03-08,314.44,318.79,311.28,312.45,737324,0.0
2018-03-11,312.55,317.75,311.96,314.27,527853,0.0
2018-03-12,314.54,317.3,306.02,311.44,648446,0.0
2018-03-13,314.33,318.18,312.21,314.21,663865,0.0
2018-03-14,317.88,329,316.995,325.62,1109889,0.0
2018-03-15,326.01,328.39,323.12,326.51,781821,0.0
2018-03-18,320.07,324.36,310.28,317.98,1078508,0.0
2018-03-19,317.96,320.025,311.22,314.54,485220,0.0
2018-03-20,313.8,321.83,311,319.72,693878,0.0
2018-03-21,312.01,314.76,299.69,302.45,977975,0.0
2018-03-22,301.86,303.9299,295.35,295.67,477146,0.0
2018-03-25,302.69,302.69,289.7977,297.39,768674,0.0
2018-03-26,297.38,297.38,278.94,280.76,1213592,0.0
2018-03-27,282.58,282.58,270.58,274.69,1703260,0.0
2018-03-28,276.68,283.88,274.81,280.38,995982,0.0
2018-04-01,281.99,285.57,272.61,275.79,476956,0.0
2018-04-02,278.22,280.04,269.02,271.15,913383,0.0
2018-04-03,263.98,277.9,261.88,277.07,778096,0.0
2018-04-04,278.46,282.51,276.3501,278.08,616649,0.0
2018-04-05,274.21,279.66,270.49,272.74,449049,0.0
2018-04-08,275.67,287.59,275.2,280.54,766631,0.0
2018-04-09,287.25,289.44,278.18,282.44,661063,0.0
2018-04-10,280.72,287.01,280.01,281.74,355492,0.0
2018-04-11,275.99,278.745,272.21,275.829,888675,0.0
2018-04-12,277,277.75,269.86,272.99,639379,0.0
2018-04-15,271.66,275.58,268.79,272.68,525794,0.0
2018-04-16,272,280,271.27,278.27,502633,0.0
2018-04-17,278.01,281.94,274.19,277.2,607783,0.0
2018-04-18,275.73,276.37,269.75,275.2,698434,0.0
2018-04-19,272.47,272.78,262.02,266.3,1246488,0.0
2018-04-22,264.94,268.2,260.32,260.78,671703,0.0
2018-04-23,261.97,262.42,251.8328,254.1,1206435,0.0
2018-04-24,255.86,256.55,248.45,249.07,884903,0.0
2018-04-25,252.9,255.725,250.14,250.54,623969,0.0
2018-04-26,253.26,256,249.18,253.95,464132,0.0
2018-04-29,255.96,260.899,255.51,257.06,479705,0.0
2018-04-30,257.61,262.57,257.515,260.94,364104,0.0
2018-05-01,260.35,260.5,254,254.68,640017,0.0
2018-05-02,254,256.14,248.75,249.15,885513,0.0
2018-05-03,248,253.31,243.99,251.59,659293,0.0
2018-05-06,253.21,256.69,252.76,255.51,491614,0.0
2018-05-07,255.5,259.36,255.18,258.19,441929,0.0
2018-05-08,257.93,261.58,257.51,259.96,445642,0.0
2018-05-09,261.35,268.07,261.17,266.87,705309,0.0
2018-05-10,269.49,270,264.475,267.74,532890,0.0
2018-05-13,269.14,271.07,266.685,269.395,735236,0.0
2018-05-14,266.85,269.3,261.14,266.35,787801,0.0
2018-05-15,266.53,269.41,263.53,265.99,1448872,0.0
2018-05-16,250.01,252.2,240.07,246.11,3858582,0.0
2018-05-17,243.22,249.19,243.22,246.36,790082,0.0
2018-05-20,246.9,247.86,231.45,233.59,1630197,0.0
2018-05-21,232.47,239.489,232.47,235.38,961254,0.0
2018-05-22,233,237.74,230.88,232.47,853188,0.0
2018-05-23,232.09,232.74,222.3213,223.12,1599186,0.0
2018-05-24,223.93,230.28,223.1,228.54,1236771,0.0
2018-05-28,227.15,232.4,227,230.29,1336661,0.0
2018-05-29,230.38,230.87,224.82,227,913940,0.0
2018-05-30,226.35,228.93,225.66,228.33,610978,0.0
2018-05-31,229.3,234.84,228.1,232.46,739465,0.0
2018-06-03,234.67,238.7,233.53,237.41,978000,0.0
2018-06-04,240,240,235.51,238.35,749151,0.0
2018-06-05,238.09,240.8,234.025,237.92,792822,0.0
2018-06-06,237.47,241.6969,237.05,239.68,715148,0.0
2018-06-07,236.8,243.99,233.55,243.58,787879,0.0
2018-06-10,245.28,256.05,244.92,253.2,1387245,0.0
2018-06-11,255.7,264.35,255.3,257.47,1217624,0.0
2018-06-12,259.01,262.79,252.75,255.21,704417,0.0
2018-06-13,254.45,256.11,251.46,255.05,560950,0.0
2018-06-14,251.89,255.73,250.11,255.11,760084,0.0
2018-06-17,250.74,252.94,248.5828,252.35,632410,0.0
2018-06-18,242.99,252.5,242.72,249.1,717677,0.0
2018-06-19,253.4,256.3,248.25,254.92,698908,0.0
2018-06-20,252.61,257.18,250.581,254.2,475691,0.0
2018-06-21,256.21,260.85,255.07,259.41,609651,0.0
2018-06-24,254.16,256.235,245,248.39,898567,0.0
2018-06-25,249.55,253.5,248.01,249.94,648059,0.0
2018-06-26,251.25,252.08,242.49,243.84,614070,0.0
2018-06-27,242.01,247.66,238.73,246.71,641413,0.0
2018-06-28,249.72,254.42,248.6,252.86,617718,0.0
2018-07-01,249.43,251.97,247.62,250.65,492775,0.0
2018-07-02,258,258.96,249.39,249.58,487550,0.0
2018-07-04,250.12,256.49,249.53,256.28,665180,0.0
2018-07-05,255.3,262.85,255.26,261.16,831569,0.0
2018-07-08,265,269.8,263.73,267.58,809303,0.0
2018-07-09,268,270.46,263,265.22,502531,0.0
2018-07-10,260.22,267.51,259,265.53,609958,0.0
2018-07-11,267.17,268.09,263.8,267.11,493008,0.0
2018-07-12,267.99,267.99,263.88,266.1,249938,0.0
2018-07-15,267.18,269.92,264.5,268.05,314943,0.0
2018-07-16,264.2,269.15,261.52,266.44,377933,0.0
2018-07-17,266.98,266.98,258.15,261.62,548205,0.0
2018-07-18,259.85,265.65,257.82,262.11,448981,0.0
2018-07-19,264.52,265.9995,262.28,264.18,355906,0.0
2018-07-22,262.68,263.645,258.53,261.29,353067,0.0
2018-07-23,264.22,266.47,263.38,263.78,324864,0.0
2018-07-24,265.47,270.64,265.16,270.36,273052,0.0
2018-07-25,266.45,268.79,266.15,267.68,298375,0.0
2018-07-26,266.44,268.4,261.01,265,358109,0.0
2018-07-29,265.6,265.6,257.55,259.65,360753,0.0
2018-07-30,256.31,258.516,249.81,258.01,410739,0.0
2018-07-31,256.48,261.13,255.02,258.71,254757,0.0
2018-08-01,254.54,255.78,252.08,255.03,610746,0.0
2018-08-02,256.5,260.34,254.97,258,402754,0.0
2018-08-05,257.07,259.02,256.28,257.84,417548,0.0
2018-08-06,259.11,266.7995,259.11,261.53,636950,0.0
2018-08-07,260.02,262.62,251.62,252.96,715538,0.0
2018-08-08,238,241.76,223.88,225.19,3414280,0.0
2018-08-09,226,226.05,218.22,224.66,1418079,0.0
2018-08-12,223.97,224.65,213.5943,215.79,1789257,0.0
2018-08-13,213.4,214.99,205.8505,208.21,1715644,0.0
2018-08-14,199.98,204.14,195.37,200.66,1751797,0.0
2018-08-15,200.28,204.7,199.24,200.25,882219,0.0
2018-08-16,199.1,208.04,198.895,206.63,1092304,0.0
2018-08-19,209,212.87,207.8009,209.9,768236,0.0
2018-08-20,210.86,213.77,210.53,211.27,458103,0.0
2018-08-21,210.68,213.2,208.7,211.4,337762,0.0
2018-08-22,211.28,213.17,205.61,205.74,436076,0.0
2018-08-23,207.06,208.469,203.85,207.48,388731,0.0
2018-08-26,210.23,213.125,209.2,211.84,434656,0.0
2018-08-27,213.51,214.81,208.625,211.5699,347992,0.0
2018-08-28,210.93,211.38,207.21,209.46,582353,0.0
2018-08-29,206.5,206.59,191.8182,194.35,2254141,0.0
2018-08-30,190.55,199.05,188.88,197.7399,1306031,0.0
2018-09-03,196.49,199.15,190.01,197.27,982191,0.0
2018-09-04,192.01,193.2289,188.72,189.77,913311,0.0
2018-09-05,189.25,194.46,189.25,191.29,593228,0.0
2018-09-06,189.54,196.47,189.18,193.48,475116,0.0
2018-09-09,191,192,187.68,188.42,497799,0.0
2018-09-10,185.67,189.66,184.6,188.81,470407,0.0
2018-09-11,188,193.55,184.93,191.6,633894,0.0
2018-09-12,195.23,202.45,194.72,201.78,1070873,0.0
2018-09-13,202,203.05,200.442,201.94,691088,0.0
2018-09-16,197.84,201.4542,195.95,198.39,861632,0.0
2018-09-17,198.26,202.61,197.63,198.95,740264,0.0
2018-09-18,199.01,206.5,198.77,204.7,798796,0.0
2018-09-19,206.2,216.89,203.69,213.18,1051810,0.0
2018-09-20,219.69,219.69,214.15,214.78,952120,0.0
2018-09-23,209.53,213.16,208.1,210.05,508008,0.0
2018-09-24,211.54,216.66,210.24,215.57,478331,0.0
2018-09-25,217.45,223.33,216.5,221.62,636919,0.0
2018-09-26,221.37,225.75,218.29,225.6,1150128,0.0
2018-09-27,224.49,229.92,224.37,228.26,951998,0.0
2018-09-30,230.53,237.48,229.4027,233.95,1219237,0.0
2018-10-01,229.27,229.27,216.08,221.78,1657067,0.0
2018-10-02,223.78,225.08,221.21,222.65,373001,0.0
2018-10-03,218.31,218.42,212.54,214.58,681887,0.0
2018-10-04,214.17,217.45,213.825,215.52,674910,0.0
2018-10-07,208.12,218.73,206.9412,216.78,591049,0.0
2018-10-08,215.95,218.34,212.53,217.09,512903,0.0
2018-10-09,213.93,214.88,209.39,210.56,1179097,0.0
2018-10-10,205.62,212.87,205,211.63,1215449,0.0
2018-10-11,218.22,222.37,217.1,220.89,879394,0.0
2018-10-14,215.47,219.45,212.61,217.99,479247,0.0
2018-10-15,220,225.745,219.22,225.2,609719,0.0
2018-10-16,224.8,225,219.2,221,359457,0.0
2018-10-17,217,218.43,210.16,211.97,632912,0.0
2018-10-18,217.19,219.41,208.8,210.13,681612,0.0
2018-10-21,217,220.17,212.19,214.31,640550,0.0
2018-10-22,204.63,212.67,201.35,210.96,548095,0.0
2018-10-23,205.41,207.465,192.89,192.95,942096,0.0
2018-10-24,195.01,199.765,194.01,199.48,656773,0.0
2018-10-25,188.71,205.52,188.05,201.2,778121,0.0
2018-10-28,205.39,205.39,193.35,197.21,520453,0.0
2018-10-29,197.17,201.48,192.03,200.1,433752,0.0
2018-10-30,205.04,209.23,203.42,207.84,436174,0.0
2018-10-31,212,225.62,210.06,220.67,813646,0.0
2018-11-01,225,226.26,218.86,222.58,505683,0.0
2018-11-04,226,232.88,223.7,226.3,802231,0.0
2018-11-05,227.35,233.47,225.36,228.62,492931,0.0
2018-11-06,233.27,237.55,231.97,235.09,707394,0.0
2018-11-07,232.69,238.48,229,231.39,729871,0.0
2018-11-08,224,224.995,216.57,221.86,1166758,0.0
2018-11-11,219.95,219.95,208.632,212.58,623549,0.0
2018-11-12,216.67,220.08,212.58,214.2,641003,0.0
2018-11-13,216.93,221.37,215.39,219.69,825938,0.0
2018-11-14,228.5,242,228.5,231.47,1631927,0.0
2018-11-15,229.83,237.99,229.16,233.41,814873,0.0
2018-11-18,229.26,238.97,229.26,233.29,884093,0.0
2018-11-19,226,231.61,225,226.81,760933,0.0
2018-11-20,229.09,239.47,229.09,233.59,623861,0.0
2018-11-22,230.44,231.04,221.02,225.62,489140,0.0
2018-11-25,228.53,233.22,227.59,229.95,387424,0.0
2018-11-26,229.12,231.23,225.09,230.29,454537,0.0
2018-11-27,233.15,236.71,223.88,233.58,732103,0.0
2018-11-28,228.1,230.47,220.875,223.24,826703,0.0
2018-11-29,223.26,229.61,223.26,227.06,811882,0.0
2018-12-02,234.14,238.47,231.7,235.36,972871,0.0
2018-12-03,234.94,237.5,228.895,229.44,694393,0.0
2018-12-05,223.05,240.4498,220.01,238.48,1072054,0.0
2018-12-06,237.86,243.87,234.64,236.61,953629,0.0
2018-12-09,234.19,240.6212,232.49,236.82,720535,0.0
2018-12-10,240.54,244.88,235.83,237.98,612016,0.0
2018-12-11,244.15,250.93,240.83,247.15,862625,0.0
2018-12-12,250.75,257.15,248.2,253.29,1159406,0.0
2018-12-13,247.65,251.95,246.12,248.02,714229,0.0
2018-12-16,246.01,246.28,236.67,238.44,546142,0.0
2018-12-17,240.21,240.84,231.86,232.57,600957,0.0
2018-12-18,237.83,241.48,230.68,233.39,777596,0.0
2018-12-19,234.99,237.93,229.18,235.83,740051,0.0
2018-12-20,249.9,253,241.29,244.48,2033577,0.0
2018-12-23,241.89,249.84,241.77,245.02,497408,0.0
2018-12-25,246.57,247,236.29,243.2,570480,0.0
2018-12-26,239.21,246.575,237.34,246.49,680372,0.0
2018-12-27,242.26,243.94,232.51,236.98,683306,0.0
2018-12-30,239.11,243.89,233.89,234.72,375396,0.0
2019-01-01,230.81,232.9,226.1,229.46,690812,0.0
2019-01-02,226.53,228.56,218.84,221.13,516901,0.0
2019-01-03,226.21,238.8,225.25,229.64,1031176,0.0
2019-01-06,235,241,230.63,239.665,616569,0.0
2019-01-07,240.76,243.54,237.67,242.54,559921,0.0
2019-01-08,244,258.72,243.0628,258.57,1133951,0.0
2019-01-09,253.8,255.93,248.97,255.1373,758096,0.0
2019-01-10,253.43,254.42,241.5,243.3499,735022,0.0
2019-01-13,242.17,246.385,239.22,240.16,661528,0.0
2019-01-14,243.31,247.582,241.87,246.95,605198,0.0
2019-01-15,248,255.1095,248,254.12,784801,0.0
2019-01-16,252.38,254.99,249.14,252.14,469386,0.0
2019-01-17,254.95,258.6656,251.14,252.295,703361,0.0
2019-01-21,249.1,249.68,242.47,244.875,513895,0.0
2019-01-22,247.05,249.5,243.52,246.255,408194,0.0
2019-01-23,247.38,249.6,237.79,240.24,837989,0.0
2019-01-24,245.95,246.1499,241.35,242.49,885279,0.0
2019-01-27,240.83,244.13,236.42,241.07,497540,0.0
2019-01-28,238.73,240.76,235.005,238,382235,0.0
2019-01-29,241.73,244.045,237.22,242.85,585383,0.0
2019-01-30,244,252.46,244,252.3199,769442,0.0
2019-01-31,249.31,256,247.71,249.59,450796,0.0
2019-02-03,249.79,254.835,249.79,251.51,253579,0.0
2019-02-04,251.86,257,251.86,256.84,273957,0.0
2019-02-05,253.56,253.83,242.9722,243.1,552478,0.0
2019-02-06,242,242.52,235.355,237.67,627012,0.0
2019-02-07,237,240.995,235.32,239.735,321047,0.0
2019-02-10,241.5,245.52,240.05,240.25,395927,0.0
2019-02-11,241.79,245.67,240.58,244.46,408597,0.0
2019-02-12,245.42,247.95,238.6205,240.51,679737,0.0
2019-02-13,239.59,241.6,237.26,241.25,279514,0.0
2019-02-14,241.75,241.75,226.02,227.71,1006694,0.0
2019-02-18,235,238.7,229.21,229.75,1217756,0.0
2019-02-19,231.87,237.595,229.505,232.62,1053879,0.0
2019-02-20,229.3,230,216.31,218.85,2531357,0.0
2019-02-21,221,224.98,220.47,222.65,1208349,0.0
2019-02-24,227.23,229.58,220.7,224.2,1563820,0.0
2019-02-25,221.42,226.38,220.245,224.82,634169,0.0
2019-02-26,224.63,226.76,223.25,225.65,471985,0.0
2019-02-27,225.03,225.91,221,223.22,663327,0.0
2019-02-28,225,225.668,212.34,217.38,1218222,0.0
2019-03-03,219,219.085,213.278,219.05,781473,0.0
2019-03-04,218.3,230.58,218.3,228.97,863560,0.0
2019-03-05,229.21,234.17,227.42,231.94,630473,0.0
2019-03-06,227.24,229.28,223.68,224.44,727662,0.0
2019-03-07,220.61,230.99,218.91,226.57,505844,0.0
2019-03-10,229.26,235.585,228.92,233,519586,0.0
2019-03-11,233.55,234.99,229.95,232.75,481611,0.0
2019-03-12,232.06,243.09,230.0931,240.86,685980,0.0
2019-03-13,237.4,239.52,233.76,238.74,425473,0.0
2019-03-14,240.5,244.08,240.5,242.34,552055,0.0
2019-03-17,244.77,245.95,239.5,243.48,412974,0.0
2019-03-18,245,245.97,241.11,244.07,462347,0.0
2019-03-19,240.68,242.99,235.9252,236.99,621145,0.0
2019-03-20,236.55,241.59,235.94,240.03,648389,0.0
2019-03-21,238.21,239.32,231.86,232.35,443325,0.0
2019-03-24,231.51,234.9,228.89,233.71,477777,0.0
2019-03-25,234.36,239.17,234.25,235.39,376215,0.0
2019-03-26,236.17,238.35,234.775,235.35,477436,0.0
2019-03-27,235.38,236.675,232.3633,236.36,287653,0.0
2019-03-28,239.34,241.73,237.66,241.44,565843,0.0
2019-03-31,244.88,256.62,243.8,256.13,428624,0.0
2019-04-01,254.59,259.13,252.74,258.47,650227,0.0
2019-04-02,259.01,270.15,258.64,267.57,1004655,0.0
2019-04-03,267,270.93,266.56,269.74,727774,0.0
2019-04-04,271.65,282.74,270.0717,279.53,1087547,0.0
2019-04-07,278,278.97,271,278.68,963387,0.0
2019-04-08,277.94,280.84,274.75,276.61,622234,0.0
2019-04-09,276.22,276.59,269.04,272.98,756183,0.0
2019-04-10,273.54,273.87,271.01,273.61,312177,0.0
2019-04-11,275.44,278.1,273.14,274.43,379592,0.0
2019-04-14,273.63,274.4,267.61,270.48,345885,0.0
2019-04-15,272.4,272.87,264.9,265.77,425352,0.0
2019-04-16,267.48,271.2,266.43,268.31,426256,0.0
2019-04-17,268.46,269,263.37,265.8,431717,0.0
2019-04-21,262.9,268.81,262.0116,268.27,296041,0.0
2019-04-22,268,274.55,267.81,274.14,602550,0.0
2019-04-23,271.64,274.47,267.39,274.109,411726,0.0
2019-04-24,273.8,278.94,271.46,277.97,647728,0.0
2019-04-25,277.05,282.95,275.21,280.65,579095,0.0
2019-04-28,281.79,284.92,281.09,283.75,333843,0.0
2019-04-29,283.65,287.32,281.4,284.58,536457,0.0
2019-04-30,286.38,288.5,284.17,285.185,476633,0.0
2019-05-01,281.83,289.19,278.38,280.69,740424,0.0
2019-05-02,280,289.685,278.9,285.3,616424,0.0
2019-05-05,272.12,282.27,271.3,281.58,761098,0.0
2019-05-06,277.87,278.67,260.48,263.99,1617602,0.0
2019-05-07,264.16,265.52,250.2,264.41,920134,0.0
2019-05-08,257.97,262.7,254.35,261.67,781159,0.0
2019-05-09,262.1,265.605,258.22,264.51,907308,0.0
2019-05-12,253,257.03,252.33,254.57,1011721,0.0
2019-05-13,258.55,264.045,255.36,262.36,840830,0.0
2019-05-14,261.49,266.9319,259.02,262.11,656155,0.0
2019-05-15,275,282,272.71,279.11,1470058,0.0
2019-05-16,274.27,274.5,264.125,266.52,949255,0.0
2019-05-19,262,262,254.2043,257.65,902844,0.0
2019-05-20,260.44,264.19,258.3885,262.67,690380,0.0
2019-05-21,261.98,262.65,256.265,260.75,822023,0.0
2019-05-22,256.46,260.86,253.01,260.18,713273,0.0
2019-05-23,260.83,262,254.33,255.98,789788,0.0
2019-05-27,256.35,258.68,250.64,250.85,822966,0.0
2019-05-28,248.25,251.92,246.16,248.31,694495,0.0
2019-05-29,247.96,252.65,246.7671,249.15,623957,0.0
2019-05-30,246.5,253.65,246,248.48,612425,0.0
2019-06-02,249.58,250.92,242.83,244.55,759196,0.0
2019-06-03,247.9,251.23,243.56,250.91,634173,0.0
2019-06-04,253.42,254.44,243.2,245.36,598990,0.0
2019-06-05,246.27,253.74,244.22,252.5,452239,0.0
2019-06-06,253.84,260.44,253.175,258.14,518036,0.0
2019-06-09,260.65,264.29,257.49,262.87,623129,0.0
2019-06-10,267.82,270.38,264.995,270.19,656917,0.0
2019-06-11,266.86,268.62,265.53,267.52,634357,0.0
2019-06-12,268,269.84,266.5565,267.28,1020703,0.0
2019-06-13,265.18,267.3927,264.245,265.97,1822601,0.0
2019-06-16,270,270,262.03,263.73,423921,0.0
2019-06-17,266.2,270.53,265.21,266.13,361296,0.0
2019-06-18,266.2,267.42,258.135,259.81,677130,0.0
2019-06-19,265.06,270.05,263.5,265.07,434028,0.0
2019-06-20,264.7,266.83,261.96,262.4,382927,0.0
2019-06-23,264.18,264.68,261.15,261.82,254854,0.0
2019-06-24,259.76,260,252.67,254.6,384761,0.0
2019-06-25,254.91,259.6028,254.62,256.55,363396,0.0
2019-06-26,258.49,261.94,256.95,261.34,297385,0.0
2019-06-27,263,263,254.5,255.77,315807,0.0
2019-06-30,263.76,265.28,261.36,262.69,450907,0.0
2019-07-01,263.39,266.5,260.51,261.84,416577,0.0
2019-07-02,262.89,265.74,260.41,265.72,336768,0.0
2019-07-04,263.02,266.225,258.62,261.53,327021,0.0
2019-07-07,260.31,260.89,256.8,257.81,348056,0.0
2019-07-08,254.49,258.53,254.08,257.53,281480,0.0
2019-07-09,261.39,264.6,259.14,262.7,336506,0.0
2019-07-10,263.9,264,260.01,263.25,282738,0.0
2019-07-11,264.79,267.1,259.34,259.98,280000,0.0
2019-07-14,261.17,262.2435,256.08,256.27,349967,0.0
2019-07-15,257.22,260.74,256.42,259.37,273120,0.0
2019-07-16,257.07,257.31,250.54,252.73,364867,0.0
2019-07-17,251.86,251.91,247.76,248,590194,0.0
2019-07-18,250.79,252.5,243.43,243.78,599648,0.0
2019-07-21,246.01,246.18,241.8,243.01,354937,0.0
2019-07-22,243.1,246.94,243.1,245.08,341959,0.0
2019-07-23,245.24,247.57,244.04,245.13,297245,0.0
2019-07-24,245.48,245.48,235.31,240.09,481549,0.0
2019-07-25,243.04,243.25,237.88,238.96,357594,0.0
2019-07-28,238.36,238.765,230.36,230.72,823591,0.0
2019-07-29,230.5,236.38,227.1587,232.79,536795,0.0
2019-07-30,232.64,234.18,226.06,230.92,452229,0.0
2019-07-31,232.49,235.96,222.021,224.86,656420,0.0
2019-08-01,221.73,224.74,215.31,219.87,760638,0.0
2019-08-04,212.71,215.22,209.01,211.865,917267,0.0
2019-08-05,216.37,217.61,212.165,212.76,843633,0.0
2019-08-06,211,217.3604,209.4687,215.91,706584,0.0
2019-08-07,230,244.97,227.1473,238.11,1799136,0.0
2019-08-08,237.61,246.11,237.05,243.03,1138021,0.0
2019-08-11,236.87,238.99,235.01,235.15,736099,0.0
2019-08-12,235.51,261.8,235.38,260.96,1720021,0.0
2019-08-13,253,264.735,252.81,262.23,1491962,0.0
2019-08-14,262.23,262.23,250.17,254.61,949786,0.0
2019-08-15,257.62,259.585,252.1138,258.49,597424,0.0
2019-08-18,262.11,262.88,257.35,262.08,538959,0.0
2019-08-19,253.48,257.55,248.91,249.11,693528,0.0
2019-08-20,252.45,256.58,251.04,253.54,451285,0.0
2019-08-21,253.51,253.51,246.67,247,477469,0.0
2019-08-22,245.8,248.71,243.895,247.23,536760,0.0
2019-08-25,249.71,250.39,245.81,248.86,290436,0.0
2019-08-26,251.69,257.26,251.29,256.54,516319,0.0
2019-08-27,255,256,249.66,250.25,438249,0.0
2019-08-28,253.78,256,251.46,253.87,532590,0.0
2019-08-29,254.85,255.79,252.01,254.88,760733,0.0
2019-09-02,253.88,259.67,250.3749,258.44,753178,0.0
2019-09-03,262.33,274.5497,262.16,268.37,977653,0.0
2019-09-04,270.9,273.5,268.52,270.75,620397,0.0
2019-09-05,272,282.2262,271.63,278.82,1167813,0.0
2019-09-08,279,282.15,278.34,280.27,532774,0.0
2019-09-09,278.17,279.98,269.9,272.7,663054,0.0
2019-09-10,273.17,277.71,270.43,275.73,464821,0.0
2019-09-11,277.3,278.16,272.62,273.4,336494,0.0
2019-09-12,274.02,278.29,272.39,275.55,486421,0.0
2019-09-15,272.16,274.42,269.23,270.3,426045,0.0
2019-09-16,270.89,271.95,265.73,270.15,564411,0.0
2019-09-17,271.11,271.93,266.4207,270.09,419826,0.0
2019-09-18,269.48,275.33,269.15,271.275,602692,0.0
2019-09-19,270.16,274.18,268.03,269.04,488601,0.0
2019-09-22,267.15,268.44,265.34,266.86,451645,0.0
2019-09-23,269.1,269.1,260.6,263.1,303772,0.0
2019-09-24,260.96,266.5,258.93,265.11,558914,0.0
2019-09-25,265.91,275.44,265,273.31,475403,0.0
2019-09-26,273.35,277.9,255.6,260.69,1506720,0.0
2019-09-29,263.37,275.67,263.01,265.83,1070394,0.0
2019-09-30,266.04,267.6,255.345,262.75,656848,0.0
2019-10-01,262,263.97,257.19,260,539111,0.0
2019-10-02,261.48,264.85,259.35,262.67,598097,0.0
2019-10-03,263.37,265.67,262.02,263.5,964658,0.0
2019-10-06,263.49,266.44,262.18,264.4,991954,0.0
2019-10-07,260.75,261.88,252.94,254.6,1511332,0.0
2019-10-08,255.72,258.38,253.755,256.35,826597,0.0
2019-10-09,257.34,261.29,255.42,258.92,1031806,0.0
2019-10-10,263.88,274.2,262,268.9,1502518,0.0
2019-10-13,266.44,279.4144,265.5,276.87,1483032,0.0
2019-10-14,277.42,287,277.25,286.16,2193640,0.0
2019-10-15,284.3,295,283.19,294.73,2443546,0.0
2019-10-16,294.07,295,286.51,288.84,1288384,0.0
2019-10-17,288.97,291.31,284.8525,286.04,1228283,0.0
2019-10-20,288.565,289.05,280.98,281.37,490770,0.0
2019-10-21,283.23,285.19,272.895,274.33,701601,0.0
2019-10-22,272.63,274.8606,268.98,270.85,809252,0.0
2019-10-23,273.4,285.985,272.75,282.88,663812,0.0
2019-10-24,282.88,285.8,279.8,281.16,572947,0.0
2019-10-27,282.16,287.78,280.41,283.79,387476,0.0
2019-10-28,283.14,284.56,279.75,283.4,368805,0.0
2019-10-29,284.12,286.64,281.21,285.98,324692,0.0
2019-10-30,286.18,287.99,282.7,285.95,409297,0.0
2019-10-31,288,292.96,285.37,289.76,462878,0.0
2019-11-03,298.23,309.24,298.23,307.83,1052062,0.0
2019-11-04,308.5,309.01,293.14,294.04,794787,0.0
2019-11-05,294.42,303.029,292.68,299.27,586427,0.0
2019-11-06,301.69,303.95,298.36,300.13,411242,0.0
2019-11-07,298.5,299.5,295.65,299.05,210155,0.0
2019-11-10,297.33,297.82,292.69,295.29,276654,0.0
2019-11-11,298.02,298.49,294,296.24,334631,0.0
2019-11-12,290.9,296.725,290.13,294.85,377634,0.0
2019-11-13,295.66,295.66,287.22,289.68,419317,0.0
2019-11-14,291.75,294.71,290.43,291.37,247705,0.0
2019-11-17,290.36,292.5287,288,290.1,297202,0.0
2019-11-18,292.11,292.54,285.83,288.5,480106,0.0
2019-11-19,285,289.43,283.56,287.75,547454,0.0
2019-11-20,295,305.49,288.665,294.29,1359181,0.0
2019-11-21,298.38,311.77,298.38,310.42,1168798,0.0
2019-11-24,305,305.01,298.98,304.6,1244208,0.0
2019-11-25,303.61,315.98,301.94,314.67,986709,0.0
2019-11-26,312.14,320,305.5,319.18,999294,0.0
2019-11-28,313.05,319.07,311.8,315.13,741080,0.0
2019-12-01,315.94,316.9906,312.44,313.66,548462,0.0
2019-12-02,308.4,317.91,305.74,317.32,505177,0.0
2019-12-03,323.35,325,316.65,318.31,609823,0.0
2019-12-04,315.2,320.93,312.92,314.38,595013,0.0
2019-12-05,316.49,316.49,308.69,309.59,397329,0.0
2019-12-08,309,311.25,307.28,308.04,450185,0.0
2019-12-09,309.36,310.93,307.49,309.24,589477,0.0
2019-12-10,312.89,315.5233,310.19,310.37,500624,0.0
2019-12-11,308.18,311.4301,301.515,304.24,725456,0.0
2019-12-12,306,306.36,302.09,303.89,763301,0.0
2019-12-15,306.5,309.03,302.07,304.46,605383,0.0
2019-12-16,304.75,305.75,298.46,304.56,665133,0.0
2019-12-17,305.45,305.692,300.64,301.6,641143,0.0
2019-12-18,303.1,310.6,301.94,307.04,790004,0.0
2019-12-19,308.84,308.86,303.985,305.18,495339,0.0
2019-12-22,304.78,305.99,302.34,303.14,384668,0.0
2019-12-23,304.32,304.32,300.71,300.87,245409,0.0
2019-12-25,302.47,308.3913,302.04,305.82,806037,0.0
2019-12-26,308.13,308.13,303.29,306.05,344123,0.0
2019-12-29,307.25,307.33,302.96,303.91,312611,0.0
2019-12-30,305.63,307.16,302.5799,306.64,295705,0.0
2020-01-01,313.78,337.88,313.59,328.67,1277538,0.0
2020-01-02,323.29,331.86,322.185,325.04,572197,0.0
2020-01-05,323.67,324.535,319.32,324.03,502888,0.0
2020-01-06,324.54,330.74,322.9,328.02,470335,0.0
2020-01-07,326.8,334.06,326.8,331,396068,0.0
2020-01-08,334,339.16,332.57,338.25,609787,0.0
2020-01-09,339.36,342.31,338.22,339.08,526056,0.0
2020-01-12,341.75,350.98,341.75,349.45,750720,0.0
2020-01-13,349.52,351.33,346.06,348.92,612357,0.0
2020-01-14,350,351.4128,345.48,345.68,529008,0.0
2020-01-15,345.3,350.51,341.44,350.13,609284,0.0
2020-01-16,351.94,352,345.43,349.92,717502,0.0
2020-01-20,348.39,348.39,339.18,340.8,1865473,0.0
2020-01-21,342.51,344.585,339.84,340.38,952708,0.0
2020-01-22,335.42,339,332.15,334.88,1505800,0.0
2020-01-23,336.24,339.165,327.04,327.93,1915873,0.0
2020-01-26,317.85,324.51,317.4774,322.11,1077053,0.0
2020-01-27,324.57,328.68,322.67,327.89,640779,0.0
2020-01-28,331.46,333.6,329.07,333.35,431406,0.0
2020-01-29,328.9,332.47,327.155,328.02,484345,0.0
2020-01-30,326.73,326.73,319.72,320.67,557532,0.0
2020-02-02,323.98,332.37,323.2739,329.49,781110,0.0
2020-02-03,338.88,346.22,336.02,342.84,1004275,0.0
2020-02-04,347.18,347.95,335.11,338,559515,0.0
2020-02-05,340.19,347.6699,336.09,346.85,548733,0.0
2020-02-06,346.75,347.29,337.27,339.75,925621,0.0
2020-02-09,341.07,355.48,340.32,352.5,887712,0.0
2020-02-10,356.47,358.245,350.06,351.04,470033,0.0
2020-02-11,352.72,353.5135,347.14,348.68,570709,0.0
2020-02-12,347.67,354.86,345.4649,354.12,605890,0.0
2020-02-13,358.7,358.7,351.55,354.61,424871,0.0
2020-02-17,353.01,356.135,351.26,352.47,453260,0.0
2020-02-18,354.8,361,354.18,356.61,557093,0.0
2020-02-19,353.58,356.74,343.14,349.9,718034,0.0
2020-02-20,350,350.46,343.79,344.85,347616,0.0
2020-02-23,332.82,339.52,328.26,335.06,564737,0.0
2020-02-24,341.06,348.9,335.02,337.91,667944,0.0
2020-02-25,347.9,351.7,340,345.45,838227,0.0
2020-02-26,332.21,336.24,315.41,321.93,1211862,0.0
2020-02-27,313.51,324.61,311.185,318.5,1045633,0.0
2020-03-01,319.33,321.43,306.76,309.97,1335040,0.0
2020-03-02,313.08,322.9799,310.08,319.62,1443320,0.0
2020-03-03,323,338.9,322.01,336.7,757387,0.0
2020-03-04,333,348.46,332.5,341.36,1530087,0.0
2020-03-05,329.28,337.98,327.91,336.21,782236,0.0
2020-03-08,315.58,327.405,315.01,320.2,851630,0.0
2020-03-09,328.49,329.595,319.13,324.71,734059,0.0
2020-03-10,318.79,335.835,318.05,324.19,1661316,0.0
2020-03-11,306.03,313.62,290.55,297.18,1321788,0.0
2020-03-12,314.48,320,302.16,319.9,1032662,0.0
2020-03-15,300,306.66,283.05,283.4,2919088,0.0
2020-03-16,289.03,302,281.49,295.06,982150,0.0
2020-03-17,282.13,289.165,265.855,270.43,1153308,0.0
2020-03-18,270.69,300.0475,270.69,291.4,2285050,0.0
2020-03-19,300.99,313.42,282.94,284.26,1120964,0.0
2020-03-22,291.72,306.84,285.24,299.32,917733,0.0
2020-03-23,308.01,328,303.03,323.74,984658,0.0
2020-03-24,323.38,326.71,307,307,919459,0.0
2020-03-25,313.74,323.64,312.0664,318.18,680255,0.0
2020-03-26,305.1,308,300.01,301.41,651639,0.0
2020-03-29,301.36,311.01,300.93,306.28,1438270,0.0
2020-03-30,311.81,321.49,307.17,320.67,796583,0.0
2020-03-31,311.77,333.14,310.01,323.35,837427,0.0
2020-04-01,320,331.59,320,330.72,475085,0.0
2020-04-02,326.21,337.67,324.04,325,575437,0.0
2020-04-05,335.95,338.62,322.24,337.6,1318790,0.0
2020-04-06,340.11,341.39,326.05,326.97,1740004,0.0
2020-04-07,329.39,331.145,322.19,325.06,532781,0.0
2020-04-08,327.57,331.37,321,327.35,500040,0.0
2020-04-12,326.26,339.8582,325.57,339.31,1364076,0.0
2020-04-13,347.48,350.53,340.42,341.86,1182347,0.0
2020-04-14,338.2,350.77,338.2,349.82,954255,0.0
2020-04-15,351.1,363.4721,350.12,361.89,3128032,0.0
2020-04-16,365,367.52,342.83,348.99,2151241,0.0
2020-04-19,346.06,353.81,345.3973,348.84,1237110,0.0
2020-04-20,345.38,351.38,337.07,344.4,1611302,0.0
2020-04-21,351.18,351.62,345.17,348.74,1085258,0.0
2020-04-22,350.99,350.99,339.6,342.87,1563508,0.0
2020-04-23,347.53,349.32,339.93,348.95,919381,0.0
2020-04-26,356.4,362.8,352.37,359.56,813576,0.0
2020-04-27,360.8,363.95,350.79,353.34,626492,0.0
2020-04-28,352.35,358.7485,347.54,353.79,430574,0.0
2020-04-29,349.6,353.9,339.89,345.14,957730,0.0
2020-04-30,338.685,340.62,324.42,325.34,642685,0.0
2020-05-03,330.75,334.33,327.02,329.57,976724,0.0
2020-05-04,341.79,347.55,337.43,339.6,580740,0.0
2020-05-05,341.02,349.3612,340.2,341.76,619620,0.0
2020-05-06,344.84,349.25,342.92,347.35,761008,0.0
2020-05-07,353.92,361.51,353.86,359.78,392108,0.0
2020-05-10,360.25,365.085,355.26,355.84,832448,0.0
2020-05-11,359.38,367.14,358.2206,360.9,414972,0.0
2020-05-12,364.9,375.98,363.5291,370.5,1698970,0.0
2020-05-13,358.86,372.55,358.86,372.55,1135964,0.0
2020-05-14,368.92,374.87,368.2,374.42,996520,0.0
2020-05-17,385,385.99,373.69,382.28,622159,0.0
2020-05-18,385.01,399.83,380.845,395.75,1197118,0.0
2020-05-19,389,399.49,381.87,390.1251,2899516,0.0
2020-05-20,388.6,402.065,387.88,401.59,750401,0.0
2020-05-21,384.39,385.25,365.4,372.25,1200064,0.0
2020-05-25,382.1,395.4,381.24,386.33,819506,0.0
2020-05-26,386.13,387.58,375,377.59,740067,0.0
2020-05-27,375,375.88,365.61,365.97,1467152,0.0
2020-05-28,368.48,383.75,361.01,383.31,765009,0.0
2020-05-31,389.86,397.83,371.43,396.81,1133114,0.0
2020-06-01,398.9,416.46,392.01,408.39,2945136,0.0
2020-06-02,420.195,425,412.07,414.665,1320150,0.0
2020-06-03,415.22,424.01,401.26,405.04,2889656,0.0
2020-06-04,414.89,427.33,410.18,425,2913724,0.0
2020-06-07,425,425.9746,404.08,409.13,2582640,0.0
2020-06-08,408,414.28,403.23,409.4,1470862,0.0
2020-06-09,413.68,426.88,404.5,424.81,1532379,0.0
2020-06-10,411.18,415.755,403.4,410.89,3638828,0.0
2020-06-11,415.55,418.65,410.4,412.805,461774,0.0
2020-06-14,404.98,415.62,401.78,413.21,895645,0.0
2020-06-15,424.31,424.31,409.7,412.24,838243,0.0
2020-06-16,415.9,417.08,406.15,407.67,952997,0.0
2020-06-17,409.55,414.86,406.88,409.3,932631,0.0
2020-06-18,415.99,418.84,408.2698,413.19,1366722,0.0
2020-06-21,416.5,418.16,410.06,418.16,522341,0.0
2020-06-22,425,437.86,423.22,435,1393390,0.0
2020-06-23,437,441.87,423.5396,437.46,932408,0.0
2020-06-24,432.03,438.6,428.485,436.38,614862,0.0
2020-06-25,436.43,441.8,433.15,438.05,490027,0.0
2020-06-28,435.07,435.07,426.37,433.24,555747,0.0
2020-06-29,434.42,437.78,426.77,429.38,526747,0.0
2020-06-30,428.02,431.77,425.01,428.47,673875,0.0
2020-07-01,436.8,437.69,429.46,430.22,793078,0.0
