Date,Open,High,Low,Close,Volume,OpenInterest
2016-07-13,53.08,53.8,52.62,53.32,6892132,0.0
2016-07-14,52.59,52.935,51.841,52.69,9415622,0.0
2016-07-17,53.35,53.43,52.77,52.98,5450009,0.0
2016-07-18,52.94,53.7293,52.84,53.51,5983479,0.0
2016-07-19,53.7,54.505,53.48,54.22,6489949,0.0
2016-07-20,54.1,54.27,53.04,53.22,7887043,0.0
2016-07-21,53.41,54.67,53.02,54.67,6417882,0.0
2016-07-24,55,55.81,54.76,55.68,6912148,0.0
2016-07-25,56.17,56.92,56.09,56.63,9748273,0.0
2016-07-26,57.12,57.22,55.72,56.06,9545941,0.0
2016-07-27,56.19,56.6,56.0137,56.16,4573290,0.0
2016-07-28,56.39,57.25,55.38,57.1,9012567,0.0
2016-07-31,57.35,57.55,56.36,56.73,6305410,0.0
2016-08-01,57,57.03,55.5,56.04,5431715,0.0
2016-08-02,55.97,56.3,55.66,56.18,6219866,0.0
2016-08-03,56.46,57.49,56.35,57.23,5722722,0.0
2016-08-04,57.89,58.23,57.61,58.2,6395844,0.0
2016-08-07,59,59.14,58.12,58.74,6251989,0.0
2016-08-08,59.03,59.46,58.74,58.89,8270686,0.0
2016-08-09,59.36,59.5,58.3237,58.51,7989190,0.0
2016-08-10,58.82,59.95,58.7,59.73,12782387,0.0
2016-08-11,61.91,63.38,60.63,63.03,31673359,0.0
2016-08-14,63.11,63.4964,62.1302,62.975,11116363,0.0
2016-08-15,62.89,62.99,62.41,62.6,6331531,0.0
2016-08-16,62.6,62.74,60.655,61.13,13110309,0.0
2016-08-17,61.08,62.2,60.82,62.1,6781117,0.0
2016-08-18,62.07,62.73,61.8,62.25,6144647,0.0
2016-08-21,62.45,62.612,61.711,62.52,4933065,0.0
2016-08-22,63.04,63.32,62.73,62.91,6964593,0.0
2016-08-23,63.13,63.16,61.65,61.94,6224108,0.0
2016-08-24,61.96,61.99,60.76,61.53,8035293,0.0
2016-08-25,61.69,62.38,61.2,62.03,6360267,0.0
2016-08-28,62.28,62.53,61.885,61.99,5285852,0.0
2016-08-29,61.91,62.2426,61.46,61.64,5504435,0.0
2016-08-30,61.75,61.92,61.16,61.34,7564381,0.0
2016-08-31,61.39,63.38,61.34,63.14,9487837,0.0
2016-09-01,63.28,63.35,61.82,62.53,7000474,0.0
2016-09-05,62.75,63.12,62.429,63.12,6399728,0.0
2016-09-06,62.92,63.2285,61.83,62.2,6421187,0.0
2016-09-07,62.13,62.74,61.42,62.64,5687128,0.0
2016-09-08,61.95,62.3,59,59.53,15375740,0.0
2016-09-11,58.73,60.865,57.315,60.75,12507615,0.0
2016-09-12,60.6,61.3,59.53,59.8864,8535877,0.0
2016-09-13,60.01,60.6,59.51,60.4,6312874,0.0
2016-09-14,60.5,62.76,60.36,62.69,10654402,0.0
2016-09-15,62.91,63.25,62.12,62.85,11560593,0.0
2016-09-18,63.5,65.26,63.21,63.67,9024186,0.0
2016-09-19,63.88,64.4,62.74,63.1,6577837,0.0
2016-09-20,63.28,64.98,63.27,64.85,7321118,0.0
2016-09-21,65.24,65.44,64.65,65.02,6524888,0.0
2016-09-22,65.1,65.29,64.66,64.97,5684887,0.0
2016-09-25,64.21,64.6,63.53,64.34,4701842,0.0
2016-09-26,64.09,66.64,64.06,66.54,8883725,0.0
2016-09-27,66.64,66.83,65.93,66.78,6861381,0.0
2016-09-28,66.67,67.61,66.0514,67.408,6980916,0.0
2016-09-29,67.77,69.19,67.37,68.51,8514302,0.0
2016-10-02,68.52,69.51,68.331,68.4595,4962645,0.0
2016-10-03,68.81,69.7,67.79,68.3,6053279,0.0
2016-10-04,68.71,69.58,68.02,68.23,6120116,0.0
2016-10-05,67.41,67.83,66.26,67.34,7807786,0.0
2016-10-06,67.79,67.97,66.66,66.84,6262281,0.0
2016-10-09,67.2,67.56,66.47,67.0911,6278642,0.0
2016-10-10,66.88,66.98,65.62,66.12,7130500,0.0
2016-10-11,65.86,66.7791,65.31,66.43,5949826,0.0
2016-10-12,65.65,65.8,63.7,65.35,8482088,0.0
2016-10-13,65.97,66.6,65.6,65.99,5505005,0.0
2016-10-16,65.98,66.6,65.52,65.61,4175767,0.0
2016-10-17,66.49,66.99,66.25,66.6,4832650,0.0
2016-10-18,66.16,66.78,65.82,66.48,3629521,0.0
2016-10-19,67.25,67.95,66.3,67.73,6809839,0.0
2016-10-20,67.49,67.66,66.9,67.54,3945246,0.0
2016-10-23,68,70.79,67.99,70.71,7185898,0.0
2016-10-24,70.59,72.3,70.25,71.87,8362734,0.0
2016-10-25,71.27,72.95,71.2,72.16,7069535,0.0
2016-10-26,72.71,72.85,70.385,70.68,6788720,0.0
2016-10-27,71.02,72.1,70.43,70.56,6106769,0.0
2016-10-30,70.79,71.625,70.75,71.16,5162500,0.0
2016-10-31,71.42,71.81,68.29,69.07,8516647,0.0
2016-11-01,69.58,70.52,68.6355,68.76,6133278,0.0
2016-11-02,69.08,69.14,66.64,67.97,6775836,0.0
2016-11-03,67.51,68.7305,66.575,67.57,7152442,0.0
2016-11-06,69.53,71.72,69.5,71.26,9892346,0.0
2016-11-07,71.54,71.77,70.5,71.16,6531771,0.0
2016-11-08,69.29,70.9,68.72,69.95,9819379,0.0
2016-11-09,71.49,71.5,66.76,67.77,15173472,0.0
2016-11-10,79.51,88.77,78.5,87.97,47055412,0.0
2016-11-13,88.09,88.19,83.62,83.66,19587075,0.0
2016-11-14,84.31,87.45,83.93,86.19,13683953,0.0
2016-11-15,87.34,92.555,86.3452,91.64,21399698,0.0
2016-11-16,92.31,94.7923,90.65,92.39,19016323,0.0
2016-11-17,92.39,94.33,91.8,93.36,12914364,0.0
2016-11-20,94.09,94.35,92.4,92.98,8971761,0.0
2016-11-21,93.3,93.7396,92.38,93.65,6771328,0.0
2016-11-22,93.72,95.2499,92.77,93.96,9319459,0.0
2016-11-24,94.42,95.1,93.41,94.15,4144271,0.0
2016-11-27,93.86,94.74,93.6,94.11,5321294,0.0
2016-11-28,94.09,94.44,92.53,93.25,7533569,0.0
2016-11-29,93.6,94.16,92.1,92.21,7559164,0.0
2016-11-30,92.11,92.17,84.77,87.64,22017045,0.0
2016-12-01,86.25,88.8,85.12,88.45,10465933,0.0
2016-12-04,89.99,92.61,89,91.88,11403847,0.0
2016-12-05,92.22,93.73,91.57,93.39,9736341,0.0
2016-12-06,92.84,95.3,92.1,95.07,10367803,0.0
2016-12-07,95.19,96.62,93.0531,93.47,8364526,0.0
2016-12-08,94.2,94.27,90.71,91.82,8400812,0.0
2016-12-11,89.8,89.95,87.54,89.59,12895855,0.0
2016-12-12,90.09,92.29,90.05,91.17,8229695,0.0
2016-12-13,92.54,97.11,91.57,96.46,21655145,0.0
2016-12-14,96.91,99.94,96.6,98.72,16296291,0.0
2016-12-15,99.83,100.7,97.726,100.4,18484940,0.0
2016-12-18,99.7,102.4499,99,101.65,16680041,0.0
2016-12-19,104.57,106.13,104.12,105.15,18843183,0.0
2016-12-20,105.64,105.95,103.71,105.83,12685888,0.0
2016-12-21,106.82,108.87,106.53,107.11,16337010,0.0
2016-12-22,106.38,109.835,106.27,109.78,14419247,0.0
2016-12-26,112.07,117.36,111.22,117.32,27385050,0.0
2016-12-27,119.6,119.93,108.69,109.25,51748457,0.0
2016-12-28,104.76,111.49,102.8,111.41,47614306,0.0
2016-12-29,111.35,111.9199,106.3,106.74,27348926,0.0
2017-01-02,104.38,106.37,99.38,102,33360000,0.0
2017-01-03,103.4,105.5,101.53,104.39,26101570,0.0
2017-01-04,104.49,105.82,101.05,101.74,21192541,0.0
2017-01-05,102.85,104.25,101.2,103.13,16204950,0.0
2017-01-08,103.5,108,103.5,107.29,20798862,0.0
2017-01-09,107.81,109.19,105.63,106.47,16757499,0.0
2017-01-10,106,106.2,104.15,105.16,10986497,0.0
2017-01-11,104.23,104.7,101.62,103.45,13966747,0.0
2017-01-12,103.6,105,103.06,103.43,9983342,0.0
2017-01-16,103,103.2,100.57,101.09,12154912,0.0
2017-01-17,100.24,103.23,99.11,102.96,12260760,0.0
2017-01-18,103.07,106.46,102.98,105.15,13283099,0.0
2017-01-19,105.84,106.8,103.12,104.01,10738301,0.0
2017-01-22,103.8,105.9,103.69,105.09,7925677,0.0
2017-01-23,105.54,107.58,104.9,107.31,9434204,0.0
2017-01-24,109.05,109.3,106.3346,107.79,11602514,0.0
2017-01-25,107.9,109.95,106.7,109.65,10164442,0.0
2017-01-26,109.93,111.89,108.85,111.77,10232274,0.0
2017-01-29,110.92,111.01,107.9106,110.01,10965117,0.0
2017-01-30,108.95,110.05,108.2,109.17,7514309,0.0
2017-01-31,110.58,114.12,109.86,113.95,13080363,0.0
2017-02-01,113.3,115.74,112.06,115.39,10631557,0.0
2017-02-02,115.45,115.9,113.9,114.38,8199190,0.0
2017-02-05,114,117.3261,114,117.31,10622466,0.0
2017-02-06,118.7,120.92,117.9,119.13,16429185,0.0
2017-02-07,118.4,119.31,116.38,118.63,9713255,0.0
2017-02-08,118.86,119.06,115.6,116.45,14877716,0.0
2017-02-09,119.94,120.7,112.6,113.63,36311378,0.0
2017-02-12,113.39,113.98,108.2,108.37,26309865,0.0
2017-02-13,107.99,110.15,106.29,108.78,18908464,0.0
2017-02-14,108.9,109.8,107.76,108.98,8105233,0.0
2017-02-15,109.39,109.41,105.66,107.24,14056469,0.0
2017-02-16,106.7,107.41,104.79,107.23,12195595,0.0
2017-02-20,108.2,111.23,108.2,111.07,11502846,0.0
2017-02-21,111.42,111.8,109.99,110.76,9143545,0.0
2017-02-22,105.5,106.39,99.68,100.48,35776214,0.0
2017-02-23,97.07,102,95.7,101.3925,21752926,0.0
2017-02-26,102.1,105.02,101.56,104.41,15225483,0.0
2017-02-27,104.8,105.2,100.775,101.48,12808090,0.0
2017-02-28,103.79,104.37,101.11,102.78,10662408,0.0
2017-03-01,102.27,102.84,98.89,99,15729890,0.0
2017-03-02,98.57,98.77,96.22,98.43,19329753,0.0
2017-03-05,97.13,98.1,95.17,97.66,20348205,0.0
2017-03-06,97.67,99.53,97.15,98.73,13515150,0.0
2017-03-07,100.7,101.3,98.47,98.55,13962219,0.0
2017-03-08,97.94,99.45,97.4,98.54,9948765,0.0
2017-03-09,99.64,100.09,98.38,99.1,10612343,0.0
2017-03-12,99.54,102.25,99.54,101.85,16916509,0.0
2017-03-13,102.32,102.75,100.47,101.75,11286896,0.0
2017-03-14,102.23,102.99,100.32,102.55,13566086,0.0
2017-03-15,102.98,103.83,102.41,103.81,11723898,0.0
2017-03-16,104.42,106.12,103.81,106.1,17456475,0.0
2017-03-19,106.78,109.61,106.13,109.45,16911322,0.0
2017-03-20,108.75,109.96,105.585,105.91,20151118,0.0
2017-03-21,105.57,108.26,105.3,108.07,13820200,0.0
2017-03-22,107.8,108.5572,106.7,107.1,11361790,0.0
2017-03-23,108.99,109.29,106.42,107.47,9238961,0.0
2017-03-26,105.58,108.405,103.575,108.24,11016577,0.0
2017-03-27,108.32,108.89,107.27,107.7,9222816,0.0
2017-03-28,107.99,108.49,107.25,107.32,7076497,0.0
2017-03-29,107.63,110,107.4,109.41,11854379,0.0
2017-03-30,109.01,109.89,108.4021,108.93,9583147,0.0
2017-04-02,108.95,109.65,107.42,108.38,9475020,0.0
2017-04-03,103.4,104.42,100.34,100.78,26987837,0.0
2017-04-04,100.06,102.37,99.5,100.01,16781989,0.0
2017-04-05,100.24,101.25,98.41,100.76,14409923,0.0
2017-04-06,101.02,101.73,99.72,100.34,8974445,0.0
2017-04-09,100.36,100.63,97.6,97.77,14177915,0.0
2017-04-10,96.55,98.8999,96.35,98.12,13528985,0.0
2017-04-11,98.12,98.7,97.1,97.29,8678016,0.0
2017-04-12,96.29,97.21,95.49,95.49,11073021,0.0
2017-04-16,96.01,99.24,95.8,99.23,10562482,0.0
2017-04-17,98.64,99.54,97.6,99.28,8202626,0.0
2017-04-18,100,100.98,99.41,99.68,8434126,0.0
2017-04-19,100.27,101.4464,99.41,101.25,8631420,0.0
2017-04-20,100.91,101.79,100.36,101.68,7526044,0.0
2017-04-23,102.94,103.48,102.11,102.95,7787853,0.0
2017-04-24,103.54,105.33,102.67,104.73,8117689,0.0
2017-04-25,105.29,105.39,103.94,104.02,7246672,0.0
2017-04-26,104.32,105.98,103.59,105.63,6346465,0.0
2017-04-27,105.36,105.64,104.07,104.3,6767182,0.0
2017-04-30,104.74,106.85,104.45,106.65,6321174,0.0
2017-05-01,105.55,105.55,102.56,103.48,13430142,0.0
2017-05-02,103.2,104.64,102.6,104.25,7347532,0.0
2017-05-03,104.5,104.95,103.53,103.85,4493126,0.0
2017-05-04,103.38,104.15,102.75,103.86,4724824,0.0
2017-05-07,104.34,104.4,102.31,102.77,7197965,0.0
2017-05-08,103.15,104.93,102.66,102.89,11580790,0.0
2017-05-09,114.29,121.82,114.02,121.3,43302245,0.0
2017-05-10,120.05,130.43,119.91,126.43,43672656,0.0
2017-05-11,126.63,129.6,125.78,127.89,20843681,0.0
2017-05-14,129.56,134.41,129.38,134.31,23914289,0.0
2017-05-15,136.31,137.44,133.3635,136.84,25106499,0.0
2017-05-16,134.1,134.86,127.55,127.78,28060683,0.0
2017-05-17,129.42,133.43,127.05,133.06,25366724,0.0
2017-05-18,137.11,138.22,135.22,136.01,22768002,0.0
2017-05-21,137.77,139.48,137.33,138.9,18981639,0.0
2017-05-22,139.7,139.79,135.71,137.02,14555788,0.0
2017-05-23,140.96,141.07,138.08,138.57,18059805,0.0
2017-05-24,140,140.03,136.44,138.26,13420715,0.0
2017-05-25,137.93,145.28,137.11,141.83,17755775,0.0
2017-05-29,143.73,146.2911,143.05,144.87,19959985,0.0
2017-05-30,146.69,147,142.05,144.35,17901749,0.0
2017-05-31,144.99,145.03,142.52,144.35,10279113,0.0
2017-06-01,144.24,145.3,143.4,143.54,10662918,0.0
2017-06-04,142.97,148.53,142.51,148.01,18593487,0.0
2017-06-05,147.82,149.69,146.8,147.35,15902811,0.0
2017-06-06,148.33,149.88,147.7,149.12,13399184,0.0
2017-06-07,153.65,160,151.79,159.94,24941888,0.0
2017-06-08,164.74,168.5,142.75,149.59,83566077,0.0
2017-06-11,145.88,151.7,142.11,149.97,37121816,0.0
2017-06-12,154.48,154.77,145.65,151.39,35527354,0.0
2017-06-13,151.5,154.06,148.5,151.72,26096212,0.0
2017-06-14,146.96,153.6,146.5,152.37,21403269,0.0
2017-06-15,152.76,154.7,150.24,151.5,17332821,0.0
2017-06-18,153.41,157.53,153.26,157.33,16575855,0.0
2017-06-19,159.03,161.74,156.92,157.1,23941287,0.0
2017-06-20,158.21,159.62,155.7,159.47,15294605,0.0
2017-06-21,159.8,160.34,157.4,158.37,10153744,0.0
2017-06-22,158.68,159.32,153.22,153.84,18267492,0.0
2017-06-25,155.16,156.6,148.33,152.14,24076624,0.0
2017-06-26,151.44,151.79,146.35,146.6,22054542,0.0
2017-06-27,149.32,151.94,145.75,151.75,21049559,0.0
2017-06-28,150.6,150.68,144.08,146.71,22469322,0.0
2017-06-29,147.38,147.93,143.5,144.57,14346532,0.0
2017-07-02,145.05,145.6537,138.58,139.26,15329375,0.0
2017-07-04,141.89,144.22,141.13,143.03,17636427,0.0
2017-07-05,141.87,145.3799,139.76,143.49,16339887,0.0
2017-07-06,145.78,147.5,144.85,146.76,14359291,0.0
2017-07-09,149.67,154,148.6842,153.71,20906655,0.0
2017-07-10,153.85,156.19,152.15,155.88,16174267,0.0
2017-07-11,158.3,163,156.56,162.54,25420391,0.0
2017-07-12,163,166.3,158.75,160.63,30730358,0.0
2017-07-13,161.54,165,161.01,164.935,21262508,0.0
2017-07-16,166.33,167.5,161.75,164.26,20028369,0.0
2017-07-17,161.78,166.55,161.3,165.99,16997011,0.0
2017-07-18,166.36,167.4,164.61,165.1,14435848,0.0
2017-07-19,165.95,167.51,163.9121,167.51,15699254,0.0
2017-07-20,166.86,169.3,166.09,168.03,14085863,0.0
2017-07-23,168.39,168.78,165.72,166.17,14229669,0.0
2017-07-24,165.22,165.93,163.581,165.35,10232432,0.0
2017-07-25,167.68,169.927,165.85,167.21,13596104,0.0
2017-07-26,168.17,168.74,157.56,161.74,16470118,0.0
2017-07-27,160.29,165.38,159.28,164.4,10737737,0.0
2017-07-30,164.94,166.4,160.62,162.51,11492048,0.0
2017-07-31,162.125,164.56,161,164.4826,8895234,0.0
2017-08-01,165.75,165.91,161.27,164.27,10052663,0.0
2017-08-02,164.37,166.63,163.68,166.48,9371502,0.0
2017-08-03,167.4,170.07,166.48,167.163,13045266,0.0
2017-08-06,168.39,172.37,168,172.32,15633528,0.0
2017-08-07,173.89,174.56,168.71,170.28,16098730,0.0
2017-08-08,168.43,172.15,167.67,172.1,11137456,0.0
2017-08-09,172.16,172.66,164.33,164.76,22646251,0.0
2017-08-10,157.14,159,152.91,155.85,30693709,0.0
2017-08-13,159.67,168.55,159.2,168.45,28150593,0.0
2017-08-14,168.61,169.67,165.59,166.96,16703767,0.0
2017-08-15,167.59,168.54,163.84,165.13,12997157,0.0
2017-08-16,164.81,165.5,161.38,161.47,11243245,0.0
2017-08-17,163.62,164.36,159.64,161.58,12914810,0.0
2017-08-20,162.27,162.95,157.37,159.14,13192760,0.0
2017-08-21,160.49,162.79,159.71,162.5,9698314,0.0
2017-08-22,161.17,166.25,160.85,165.78,11371630,0.0
2017-08-23,167.1,167.28,164.12,165.2,10172069,0.0
2017-08-24,166.17,166.58,163.55,163.81,7318603,0.0
2017-08-27,164.58,165.1,162.33,164.96,7667650,0.0
2017-08-28,162.59,165.58,162.261,164.7,6835114,0.0
2017-08-29,165.5,166.13,164.27,165.65,7889349,0.0
2017-08-30,166.5,169.6,166.2,169.44,11679007,0.0
2017-08-31,169.95,171.9,169.6,170.39,9645699,0.0
2017-09-04,168.38,168.5843,163.5625,165.92,15386175,0.0
2017-09-05,167.24,167.8,164.4,165.8,8700835,0.0
2017-09-06,166.45,167.89,164.95,166.59,7767862,0.0
2017-09-07,166.11,166.71,162.71,163.68,10679629,0.0
2017-09-10,165.54,169.4325,165.32,168.93,11785100,0.0
2017-09-11,170,170,166.97,169.61,8763226,0.0
2017-09-12,168.42,171.54,167.28,170.35,11699281,0.0
2017-09-13,168.82,172.56,167.8,169.39,11104820,0.0
2017-09-14,172.63,180.11,172.63,180.1,29258112,0.0
2017-09-17,185.17,191.2,184.86,187.59,36438050,0.0
2017-09-18,185.62,189.85,184.615,187.36,18829562,0.0
2017-09-19,187.42,189.42,184.21,185.83,14435990,0.0
2017-09-20,181.64,182.7,177.61,180.76,22895716,0.0
2017-09-21,180.3,182.31,178.6,178.97,10661045,0.0
2017-09-24,177.67,177.8,170.16,170.95,17249739,0.0
2017-09-25,176.45,178.68,170.35,171.96,23759581,0.0
2017-09-26,175.57,176.27,172.75,175.73,15151359,0.0
2017-09-27,176.02,176.18,173.76,175.66,8667046,0.0
2017-09-28,179.08,179.73,177.25,178.67,12622787,0.0
2017-10-01,180.8,181.98,177,178.93,10601096,0.0
2017-10-02,179.39,180.58,177.58,179.36,8555172,0.0
2017-10-03,179.62,181.77,178.14,180.83,9216796,0.0
2017-10-04,181.86,182,179.56,180.72,9271436,0.0
2017-10-05,179.65,181.84,179,181.3,6730697,0.0
2017-10-08,182.79,186.73,182.03,185.38,11834111,0.0
2017-10-09,191.43,192.95,187.26,188.94,20417357,0.0
2017-10-10,189.6,191,187.74,190.93,11259230,0.0
2017-10-11,191.08,193.09,189.9301,191.03,11121766,0.0
2017-10-12,193.55,195,191.65,194.59,13406646,0.0
2017-10-15,195.65,198.048,193.24,197.91,12080936,0.0
2017-10-16,197.09,198.9,196.35,197.72,10112393,0.0
2017-10-17,198.1,198.14,193.32,197.54,12459872,0.0
2017-10-18,194.44,198,192.4501,197.79,12283460,0.0
2017-10-19,198.49,199.59,196.54,196.86,9450691,0.0
2017-10-22,197.7,198.85,195.8,196.62,9054036,0.0
2017-10-23,196.99,198.74,195.94,198.67,8679881,0.0
2017-10-24,197.08,199.22,191.17,193.64,17900060,0.0
2017-10-25,194.91,196.16,193.81,195.59,6727585,0.0
2017-10-26,197.79,201.87,196.75,201.75,12112237,0.0
2017-10-29,201.86,206.0899,201.22,203.76,10639517,0.0
2017-10-30,205.1,207.89,204.9,206.75,8234024,0.0
2017-10-31,209.35,209.97,204.6,207.2,10623453,0.0
2017-11-01,206,207.81,203.65,205.911,7002386,0.0
2017-11-02,207.1,208.68,205.341,208.68,7313486,0.0
2017-11-05,207.2,209.98,206.7,209.62,8039349,0.0
2017-11-06,210.55,212.9,210.0556,212.01,8839439,0.0
2017-11-07,211.85,212,207.2401,209.1,11006552,0.0
2017-11-08,205.27,206.33,200.37,205.1592,16874352,0.0
2017-11-09,213.08,218.67,211.63,216.14,26394066,0.0
2017-11-12,216.16,217.17,212.01,212.58,12217389,0.0
2017-11-13,213,214.8,211.23,214.18,10728031,0.0
2017-11-14,211.95,212,207.8,209.98,10164281,0.0
2017-11-15,212.98,214.2,211.25,211.59,8387164,0.0
2017-11-16,214.03,215.35,210.75,211.31,10397432,0.0
2017-11-19,211.99,214.57,210.5,214.03,7795890,0.0
2017-11-20,215.65,216.52,214.4,216.01,8180305,0.0
2017-11-21,217,217,213.61,214.93,6770349,0.0
2017-11-23,215.59,217,214.6,216.95,3714405,0.0
2017-11-26,217.31,217.36,214.01,214.13,7142811,0.0
2017-11-27,214.35,214.73,208.24,210.71,9996719,0.0
2017-11-28,210.11,210.15,191.23,196.37,29335169,0.0
2017-11-29,199.2,202.68,196.65,200.6,15991189,0.0
2017-11-30,199.49,200.13,192.47,197.68,13342114,0.0
2017-12-03,200.05,200.3,184.5,186.6577,23582363,0.0
2017-12-04,182.4,192.7,180.58,187.7,18250266,0.0
2017-12-05,185.78,190.14,184.84,189.246,9631154,0.0
2017-12-06,191.79,193.6,190.12,191.98,10212967,0.0
2017-12-07,194.01,194.78,191.15,191.48,9181354,0.0
2017-12-10,192.06,194.78,191.42,194.66,7882936,0.0
2017-12-11,192.9,193.84,189.89,190.81,8849508,0.0
2017-12-12,192.5,192.55,185.88,186.22,11668345,0.0
2017-12-13,185.92,189.34,184.6,186.47,8763735,0.0
2017-12-14,188.251,192.38,185.62,191.6,12474515,0.0
2017-12-17,193.2,198.02,192,197.96,9869011,0.0
2017-12-18,197.52,197.73,194.96,196.1,7665112,0.0
2017-12-19,197.7,198.07,194.55,196.7501,5800637,0.0
2017-12-20,196.94,197.95,195.55,195.88,6047578,0.0
2017-12-21,194.4,195.65,191.25,195.26,10006107,0.0
2017-12-25,193.03,197.75,191.82,197.46,6974465,0.0
2017-12-26,196.9,199.97,196.31,197.1199,6717185,0.0
2017-12-27,198.13,199.38,197.1514,197.34,5060645,0.0
2017-12-28,198.46,198.46,193.5,193.55,5591949,0.0
2018-01-01,195.57,199.5,194.5,199.3,6439712,0.0
2018-01-02,203.98,213.7,203.75,212.5,19135542,0.0
2018-01-03,215.76,218.05,212.69,213.59,11720898,0.0
2018-01-04,214.18,216.91,211.08,215.28,11472481,0.0
2018-01-07,220.4,225,218.58,221.98,16956412,0.0
2018-01-08,222.22,223.82,218.64,221.95,9525021,0.0
2018-01-09,218.2,223.82,216,223.66,11750722,0.0
2018-01-10,224.89,226.27,223.21,224.05,7970668,0.0
2018-01-11,223.6,224.99,221.34,222.69,7108046,0.0
2018-01-15,224.05,227.51,216.69,220.17,14453370,0.0
2018-01-16,220.74,225.12,216.9,224.7,10887885,0.0
2018-01-17,223.94,226.64,222.68,224.44,8268854,0.0
2018-01-18,227.88,231.09,227,230.08,11587118,0.0
2018-01-21,230.43,233.76,228.1,233.67,7881671,0.0
2018-01-22,235.71,239.83,235.101,238.94,8834600,0.0
2018-01-23,238.86,240.4936,233.55,235.84,10986011,0.0
2018-01-24,237.75,239.75,235.75,236.34,7936873,0.0
2018-01-25,238.12,243.34,237.6,243.27,9324717,0.0
2018-01-28,242.74,248.11,240.61,246.78,8006730,0.0
2018-01-29,241.12,246.42,238.41,242.7,10051677,0.0
2018-01-30,245.77,249.27,244.45,245.83,8661912,0.0
2018-01-31,238.57,246.9,238.06,240.48,9679231,0.0
2018-02-01,237,237.97,231.17,233.51,13556600,0.0
2018-02-04,226.9,233.23,205,213.67,23029093,0.0
2018-02-05,204.4,225.7,204,225.56,21643425,0.0
2018-02-06,229.45,234.97,226.7,228.81,16374417,0.0
2018-02-07,233.84,235.22,217.51,217.73,18006819,0.0
2018-02-08,238.25,238.89,217.52,231.46,34315652,0.0
2018-02-11,235.31,235.48,225.0305,228.02,23086698,0.0
2018-02-12,226.56,234.5,225.25,232.69,12773885,0.0
2018-02-13,231,242.5925,230.55,241.42,14776106,0.0
2018-02-14,244.785,248.37,241.52,246.5,14361577,0.0
2018-02-15,245.68,250,243.47,243.84,12728694,0.0
2018-02-19,244.88,251.87,242.2,249.07,13321680,0.0
2018-02-20,251.72,251.9675,241.36,241.51,16505012,0.0
2018-02-21,242.99,245.63,239.5,242.15,10005753,0.0
2018-02-22,244.57,245.93,242.5201,245.93,7889749,0.0
2018-02-25,247.83,247.98,244.06,246.5,8580747,0.0
2018-02-26,245.3,248.91,245.13,246.06,7953948,0.0
2018-02-27,246.73,248.1,241.53,242.01,8991047,0.0
2018-02-28,241.91,244.09,228.1248,232.18,18632709,0.0
2018-03-01,227.86,236.8,221.85,236.54,16782864,0.0
2018-03-04,234.51,237.25,229.521,235.6399,12276048,0.0
2018-03-05,239.1,242.94,237.36,242.16,12029198,0.0
2018-03-06,238,243.95,237.95,241.84,11384793,0.0
2018-03-07,242.95,242.95,239.3907,241.17,7616270,0.0
2018-03-08,242.82,245.85,242.4501,245.33,9829747,0.0
2018-03-11,247.12,253,246.74,249.76,11753213,0.0
2018-03-12,251.49,254.5,246.04,247.71,12350096,0.0
2018-03-13,249.41,250.55,246.22,248.74,8510557,0.0
2018-03-14,249.63,252.62,247.64,249.35,7839279,0.0
2018-03-15,249.97,251.25,248.48,250.48,6352039,0.0
2018-03-18,248.18,249.35,237,240.99,13091536,0.0
2018-03-19,241.35,251.15,241.12,249.58,10521162,0.0
2018-03-20,249.32,252,247.33,248.54,8380866,0.0
2018-03-21,246,247.88,240.341,241.85,9408555,0.0
2018-03-22,242.4,242.67,232.52,232.925,13772199,0.0
2018-03-25,238,244.53,235.9,244.39,9498028,0.0
2018-03-26,247.75,250,219.845,225.51,27629336,0.0
2018-03-27,224.13,229.39,217,221.31,19447828,0.0
2018-03-28,224.105,235.5,220.7002,232.31,17105435,0.0
2018-04-01,228.73,234.65,217.5,221.05,17465960,0.0
2018-04-02,227.8,230.35,221.35,225.35,12956513,0.0
2018-04-03,215.01,226.6606,214,226.18,15141622,0.0
2018-04-04,228.67,229.13,218.49,221.36,13727874,0.0
2018-04-05,217.23,221.6,213.0735,214.17,12267094,0.0
2018-04-08,216.8,221.97,214.6,215.41,9304119,0.0
2018-04-09,224.62,229,222.41,227.91,15044785,0.0
2018-04-10,227.31,228.976,224.921,226.24,8179845,0.0
2018-04-11,230,235.32,228.2149,234.65,11354847,0.0
2018-04-12,237.17,237.51,229.55,231.49,9708791,0.0
2018-04-15,231.772,232.84,227.68,231.47,6416354,0.0
2018-04-16,233.6,238.4,231.35,237.55,8528534,0.0
2018-04-17,235.53,239.25,232.77,236.36,7617620,0.0
2018-04-18,231.77,233.1,226.8,229.05,8816959,0.0
2018-04-19,228.69,232.1,227.45,228.71,6997158,0.0
2018-04-22,229.43,231.5,222.83,223.88,7215400,0.0
2018-04-23,224.92,228.8,218.56,221.24,7986562,0.0
2018-04-24,219.93,221.575,210.3,216.66,10745382,0.0
2018-04-25,223.2,225.55,220.53,225.15,6661067,0.0
2018-04-26,229.5,230.3,224.62,226.34,7539214,0.0
2018-04-29,226.99,229,224.12,224.97,5342532,0.0
2018-04-30,224.57,227.25,222.2,227.1,4446174,0.0
2018-05-01,227,228.8,225.25,226.31,5000451,0.0
2018-05-02,227.6,234.05,225.77,232.99,8436829,0.0
2018-05-03,231.83,239.1889,231.13,239.08,7562379,0.0
2018-05-06,243.2947,250.99,242.89,248.69,13535047,0.0
2018-05-07,248.73,250.51,246.71,250.3969,9776940,0.0
2018-05-08,251.21,255.87,250.11,255.87,11403083,0.0
2018-05-09,258,260.5,257.2,260.24,16208301,0.0
2018-05-10,252.73,259.79,250.54,254.53,24283889,0.0
2018-05-13,256.07,258.49,254.4,255.37,10004279,0.0
2018-05-14,252.71,252.9,241.5,245.51,18814870,0.0
2018-05-15,244,248.52,242.51,246.1,10499220,0.0
2018-05-16,246.03,251.5,245.43,247.71,10569301,0.0
2018-05-17,249.71,252.37,245.74,245.91,9387355,0.0
2018-05-20,249.88,250.03,240.49,244.26,11544770,0.0
2018-05-21,245.18,245.7999,240.25,242.7,9856560,0.0
2018-05-22,240.28,247.59,240.25,247.57,8629808,0.0
2018-05-23,247.39,249.4,245.241,247.74,7778962,0.0
2018-05-24,248.2,249.94,246.76,249.29,5227528,0.0
2018-05-28,248.38,251.34,246.7,248.59,6348610,0.0
2018-05-29,249.87,253.34,248.9515,252.99,7540656,0.0
2018-05-30,251.7,255.2,251.27,252.22,7824648,0.0
2018-05-31,254,257.87,253.65,257.59,8251260,0.0
2018-06-03,259.08,265.74,257.7,264.85,12652247,0.0
2018-06-04,264.83,266.59,263.17,265.091,7370185,0.0
2018-06-05,261.43,265.28,260.77,265.27,6817660,0.0
2018-06-06,265.17,265.4785,259.25,262.9,6673178,0.0
2018-06-07,259.83,264,259.2,262.17,5825844,0.0
2018-06-10,261.77,263.45,260.1,260.6,4843989,0.0
2018-06-11,261.69,263.07,259.66,262.73,5488731,0.0
2018-06-12,262.64,265.67,262.031,262.37,5928463,0.0
2018-06-13,264.22,269.2,263.62,266.9,8157683,0.0
2018-06-14,264.6,267.48,263.3484,265.38,7119868,0.0
2018-06-17,263.48,265.8,262.38,265.08,6312369,0.0
2018-06-18,260.92,263.64,255.02,260.17,9962603,0.0
2018-06-19,261.89,264.45,260.2808,262.29,6646955,0.0
2018-06-20,263.6,264.34,256.8,257.19,6181452,0.0
2018-06-21,257.83,258.49,250.3301,250.76,7504785,0.0
2018-06-24,246.53,246.8,235.54,239.16,11685252,0.0
2018-06-25,243.7,245.65,239.9101,241.97,8161525,0.0
2018-06-26,243.6,246.43,235.5,235.59,8188174,0.0
2018-06-27,235.32,241.34,235,240.86,5898216,0.0
2018-06-28,243.44,244,236.85,236.9,6528423,0.0
2018-07-01,234.3,242.39,233.2649,242.24,6036378,0.0
2018-07-02,243.61,243.88,236.5,236.87,3961742,0.0
2018-07-04,239.07,242.93,237.5,242.74,5361576,0.0
2018-07-05,241.74,247.665,240.88,247.32,5105529,0.0
2018-07-08,250.39,250.72,246.0707,249.25,5284120,0.0
2018-07-09,249.78,254.14,248.12,253.25,6413916,0.0
2018-07-10,249.04,250.9,247.1,247.47,6460174,0.0
2018-07-11,249.25,253.17,248.96,251.23,6412126,0.0
2018-07-12,251.98,251.98,247.62,249.32,4287202,0.0
2018-07-15,248.2,250.34,247.7,248.2,3455016,0.0
2018-07-16,246.21,254.3,245.18,253.68,6353160,0.0
2018-07-17,253.44,253.95,249.64,251.69,4946376,0.0
2018-07-18,250.83,253.39,250.33,252.01,4355236,0.0
2018-07-19,251.5,253.5,250.45,250.89,3750861,0.0
2018-07-22,249.82,249.89,243.28,249.38,5338619,0.0
2018-07-23,251.35,254.85,248.14,248.7,6382889,0.0
2018-07-24,249.09,252.38,246.75,251.89,5690868,0.0
2018-07-25,251.06,256.33,250.38,254.88,5863106,0.0
2018-07-26,256.32,256.6,249.84,251.99,5135112,0.0
2018-07-29,252.49,252.83,242.72,244.14,6238359,0.0
2018-07-30,244.07,247.88,242.1411,244.83,4907654,0.0
2018-07-31,246.13,248.3599,243.886,246.57,4868550,0.0
2018-08-01,243.63,250.78,241.21,250.62,5019621,0.0
2018-08-02,251.61,253.06,250.93,252.12,3825445,0.0
2018-08-05,251.59,254.17,249.7059,254.09,3794672,0.0
2018-08-06,255.61,257.7,254.9201,256.91,4713674,0.0
2018-08-07,257,260.24,255.59,258.4,4155586,0.0
2018-08-08,259.14,259.25,256.15,256.45,3458670,0.0
2018-08-09,253.55,256.1,252.7,254.79,4366416,0.0
2018-08-12,255.14,261,255.07,256.12,6998050,0.0
2018-08-13,260.38,262,257.02,261.46,8864368,0.0
2018-08-14,262.35,263.639,255.9,259.02,10498420,0.0
2018-08-15,261.8,262,255.01,257.53,11880213,0.0
2018-08-16,252.94,252.97,243.73,244.9,21530984,0.0
2018-08-19,243.05,253.2,238.72,247.85,17223281,0.0
2018-08-20,248.5,253.5,247.7,253.32,12787479,0.0
2018-08-21,252,263.02,251.86,262.83,15052084,0.0
2018-08-22,261.26,269.48,260.7012,266.87,13863247,0.0
2018-08-23,267.18,272.81,267,272.28,10551385,0.0
2018-08-26,273.48,278.9,272.145,275.89,9567614,0.0
2018-08-27,275.66,276.58,269.53,274.4,9002381,0.0
2018-08-28,273.92,279.5,273.08,278.49,8212330,0.0
2018-08-29,277.23,281.717,276.32,277.8,6788645,0.0
2018-08-30,277,281.2,276.6,280.71,5752357,0.0
2018-09-03,280.15,285.22,279,283.7,7475648,0.0
2018-09-04,282.99,284.42,275.15,278.44,7121188,0.0
2018-09-05,277.76,277.86,271.391,272.75,5625863,0.0
2018-09-06,269,276.93,267.19,271.88,5170129,0.0
2018-09-09,273.1,275.93,271,274.74,3935754,0.0
2018-09-10,272.86,276.3999,272.02,272.8,3882532,0.0
2018-09-11,271.19,271.98,261.92,268.2,7981950,0.0
2018-09-12,270.86,275,270.161,271.34,5705161,0.0
2018-09-13,274.99,279.1,273.5,276.45,7285348,0.0
2018-09-16,275.4019,277.38,273.15,273.93,3665900,0.0
2018-09-17,274.09,278.24,270.75,271.015,5565627,0.0
2018-09-18,270.25,272.699,268.25,271.89,3592471,0.0
2018-09-19,267.04,268.76,264.1,266.27,7846224,0.0
2018-09-20,266.33,268.6,262.11,263.44,6154039,0.0
2018-09-23,262.18,265.84,258.68,265.71,4684260,0.0
2018-09-24,268.37,269.42,264.91,268.4,4792098,0.0
2018-09-25,268.48,270.24,266.28,266.92,4757175,0.0
2018-09-26,268.34,269.2,266.1295,267.4,3774576,0.0
2018-09-27,272.73,281.9152,271.6,281.12,13306322,0.0
2018-09-30,284.1,292.06,282.6,289.37,11778855,0.0
2018-10-01,288.25,292.76,285.58,286.52,7200470,0.0
2018-10-02,289.23,289.62,282.53,286.73,5121662,0.0
2018-10-03,285.27,286.25,276.18,279.28,6959174,0.0
2018-10-04,279,280.8,267.54,269.86,7659903,0.0
2018-10-07,266.5,271.16,260.08,265.75,7268432,0.0
2018-10-08,264.92,268.76,262.8,265.53,4727288,0.0
2018-10-09,261.26,263.11,245.6,245.71,11852718,0.0
2018-10-10,242.17,247.56,234.261,235.12,13024085,0.0
2018-10-11,245.5066,249.5412,239.65,246.57,10662214,0.0
2018-10-14,246,246,235.34,235.38,8447177,0.0
2018-10-15,239.92,246.28,237.94,245.59,7426573,0.0
2018-10-16,248.34,249.88,241.08,243.06,5547052,0.0
2018-10-17,245.86,247.41,237.09,239.57,9052025,0.0
2018-10-18,241.76,242.55,227.7,229.12,11376634,0.0
2018-10-21,231.28,235.32,227.07,231.14,6788518,0.0
2018-10-22,220.39,224.19,216.71,221.05,11666164,0.0
2018-10-23,219.51,221.39,198.85,199.32,16162204,0.0
2018-10-24,195.47,209.75,193.6815,207.89,19015478,0.0
2018-10-25,198.31,204.842,193.12,198.29,12338821,0.0
2018-10-28,203.99,204.13,176.01,185.61,14595756,0.0
2018-10-29,186.55,203.4,185.62,203.01,16174929,0.0
2018-10-30,209.66,212.59,204.01,210.88,14397798,0.0
2018-10-31,212.3,218.49,207.19,218.06,10909269,0.0
2018-11-01,217.84,222,210.2108,214.87,7900613,0.0
2018-11-04,214.39,215.33,205.28,211.77,7003264,0.0
2018-11-05,211.45,214.85,209.5648,211.06,5476568,0.0
2018-11-06,213.75,217.41,211.18,213.78,8632574,0.0
2018-11-07,211.4,211.43,203.83,205.98,9012988,0.0
2018-11-08,202.4,209.32,201.04,205.6103,7803232,0.0
2018-11-11,202,202.87,188.66,189.44,11735833,0.0
2018-11-12,193.49,204.21,193.2369,199.33,12383130,0.0
2018-11-13,206.3,206.88,192.8302,197.2,12484669,0.0
2018-11-14,196.95,205.3,195.5,202.5546,13027104,0.0
2018-11-15,163.32,170.66,161.61,164.38,46836003,0.0
2018-11-18,161.79,161.82,144.63,144.7,41768297,0.0
2018-11-19,134.06,154.26,133.31,149.074,40752934,0.0
2018-11-20,154.62,155.3,143.61,144.55,24801466,0.0
2018-11-22,143.31,149.59,142.7892,145.11,9872018,0.0
2018-11-25,149.89,153.47,146.56,153.05,19267603,0.0
2018-11-26,152,157.01,150.55,153.78,17605785,0.0
2018-11-27,158.48,160.28,153.125,160.08,19103800,0.0
2018-11-28,160,161.5,156.14,157.3963,13085739,0.0
2018-11-29,157.75,163.8599,155.72,163.66,15651204,0.0
2018-12-02,172.6,174.68,167.34,170.04,20950168,0.0
2018-12-03,168.24,168.44,156.5,157.15,18877112,0.0
2018-12-05,151.44,158.492,150.81,158.3,16202223,0.0
2018-12-06,158.46,158.87,145.616,147.59,16277689,0.0
2018-12-09,145.8,152.8599,145.65,151.88,14841791,0.0
2018-12-10,155.56,155.89,145,148.21,16224714,0.0
2018-12-11,148.42,152.78,144.82,148.84,15672860,0.0
2018-12-12,150.79,153.38,147.44,148.89,11193992,0.0
2018-12-13,147.21,150.59,145.5,146.42,11037155,0.0
2018-12-16,145.24,148.15,141.24,143.5,15463107,0.0
2018-12-17,145.35,150.33,144.25,146.93,13552372,0.0
2018-12-18,145.58,147.7445,136.43,138.49,17831918,0.0
2018-12-19,138.17,141.8,132.688,135.18,17610995,0.0
2018-12-20,136.17,137.5,128.46,129.57,18599607,0.0
2018-12-23,126.49,129.9799,124.5,127.065,10832263,0.0
2018-12-25,128.94,133.14,124.46,133.13,16359079,0.0
2018-12-26,130.99,132.38,125.18,131.23,14526130,0.0
2018-12-27,131.99,137.39,130.31,133.456,14975672,0.0
2018-12-30,135.4,136.71,132.26,132.5385,9822585,0.0
2019-01-01,130.64,138.48,130.05,136,10849501,0.0
2019-01-02,133.79,135.16,127.6932,128.37,15496092,0.0
2019-01-03,130.94,137.73,129.7,135.85,13378304,0.0
2019-01-06,138.5,144.89,136.43,143.61,16318300,0.0
2019-01-07,146.69,146.78,136.9,139.6,18128834,0.0
2019-01-08,141.9,144.49,139.86,142.59,14177005,0.0
2019-01-09,141.8,145.58,139.36,145.3,12170896,0.0
2019-01-10,144.33,149.75,143.21,148.91,20422272,0.0
2019-01-13,146.72,151.46,145.77,150.745,17220809,0.0
2019-01-14,151.76,153.35,149.13,149.5,14502817,0.0
2019-01-15,150.97,152.3,148.615,148.72,10705774,0.0
2019-01-16,147.51,153.33,146.41,151.73,11476816,0.0
2019-01-17,153.73,157.98,151.65,156.91,15317697,0.0
2019-01-21,155.71,156.18,147.5507,148.2887,14970113,0.0
2019-01-22,151,154.58,148.03,149.15,13153571,0.0
2019-01-23,152.7,158.55,152.51,157.75,15793077,0.0
2019-01-24,155.44,160.88,151.3,159.91,28673681,0.0
2019-01-27,136.55,141.64,131,137.88,58162731,0.0
2019-01-28,136.15,138.1,131.01,131.555,26113336,0.0
2019-01-29,134.67,137.97,131.46,137.16,19858426,0.0
2019-01-30,137.06,145.19,136.3832,143.64,19651776,0.0
2019-01-31,144.5,146.79,142.58,144.665,13922774,0.0
2019-02-03,145.37,150.68,144.48,149.01,12236632,0.0
2019-02-04,149.66,151.43,148.3,149.8,12627154,0.0
2019-02-05,151.16,155.6,151.07,152.89,16140176,0.0
2019-02-06,151.128,151.22,145.69,147.19,14512767,0.0
2019-02-07,144.71,148.6,144.13,147.84,10660171,0.0
2019-02-10,146.3,148.58,144.5,146.2564,11091307,0.0
2019-02-11,148,151.8,147.42,150.97,13141848,0.0
2019-02-12,152.36,155.83,151.81,152.83,14245955,0.0
2019-02-13,152.84,155.665,151.1,154.41,14705840,0.0
2019-02-14,162.95,163.87,156.42,157.321,35382303,0.0
2019-02-18,156.91,159.89,156.14,156.57,12589192,0.0
2019-02-19,157.82,161.26,157.37,158.57,12289194,0.0
2019-02-20,159.06,160.05,155.18,155.81,10001513,0.0
2019-02-21,157.86,159.95,157.31,159.22,9065192,0.0
2019-02-24,162.56,165.28,158.34,158.69,14556056,0.0
2019-02-25,158.55,160.76,155.75,157.14,11625133,0.0
2019-02-26,156.6,157.59,153.11,155.4,11434436,0.0
2019-02-27,155,155.9,153.36,154.29,7290316,0.0
2019-02-28,156.27,158.1489,153.92,156.44,7968440,0.0
2019-03-03,158,158.92,154.5,156.8,9610154,0.0
2019-03-04,156.15,158.0571,153.96,156.51,7948464,0.0
2019-03-05,156.16,156.5,151.94,152.04,8905437,0.0
2019-03-06,151.1,151.49,147.4001,149.25,10531043,0.0
2019-03-07,145.66,151.07,144.8,150.67,8921590,0.0
2019-03-10,151.59,162.06,149.69,161.13,19618198,0.0
2019-03-11,162.26,164.39,159.19,162.51,13583987,0.0
2019-03-12,163.81,169.8,163.73,168.62,17991361,0.0
2019-03-13,168.99,169.47,165.25,165.56,11514650,0.0
2019-03-14,170.245,171.4,169.38,169.82,8784375,0.0
2019-03-17,171.08,173.25,167.8577,168.97,11443204,0.0
2019-03-18,172.76,177.5,172.08,175.74,20201970,0.0
2019-03-19,176.88,179.03,173,174.4,16735219,0.0
2019-03-20,175.33,185,175.13,183.9,18324944,0.0
2019-03-21,182.84,184.7997,176.94,177.5,17701920,0.0
2019-03-24,175.86,178.45,171.11,173.78,12200336,0.0
2019-03-25,179.47,181.75,174.5969,176.95,16604415,0.0
2019-03-26,177.95,179.77,173.7,176.59,11150812,0.0
2019-03-27,177.55,179.9,175.11,177.22,10912477,0.0
2019-03-28,179.94,180.54,177.91,179.58,10014449,0.0
2019-03-31,183.26,183.33,180.3745,182.31,5638071,0.0
2019-04-01,183.25,184.7887,181.52,183,10497755,0.0
2019-04-02,185,191,184.8,188.62,18538763,0.0
2019-04-03,188,189.97,185.73,188.285,10528743,0.0
2019-04-04,190,191.65,188.53,190.95,10573311,0.0
2019-04-07,189.72,192.8,188.75,191.78,9843898,0.0
2019-04-08,190.44,190.89,187.56,189.28,10074586,0.0
2019-04-09,189.23,193.14,189,192.149,10338210,0.0
2019-04-10,192.2,193.47,189.55,191.51,8933563,0.0
2019-04-11,193.1,193.26,189.66,190,9963388,0.0
2019-04-14,189.7,189.9,183.1,184.7,9914545,0.0
2019-04-15,186.28,188.97,184.9641,188.28,8421064,0.0
2019-04-16,189.62,190.46,186.39,187.27,7377013,0.0
2019-04-17,187.56,188.93,185.18,186.3,8621013,0.0
2019-04-21,185.35,189.1,184.08,188.45,6046367,0.0
2019-04-22,189,191.93,188.61,190.67,7409773,0.0
2019-04-23,191.09,192.81,188.64,191.17,7074012,0.0
2019-04-24,189.55,190.45,183.7,186.84,10727204,0.0
2019-04-25,180.79,180.8876,173.3,178.09,20542879,0.0
2019-04-28,178.41,180.45,175.5,179.36,8919651,0.0
2019-04-29,178.03,182.03,177.26,181.09,8310874,0.0
2019-04-30,183.11,184.81,180.46,180.47,8264646,0.0
2019-05-01,180.86,184.87,179.115,183.19,9268721,0.0
2019-05-02,183.53,183.93,180.53,183,7697286,0.0
2019-05-05,175.5,180.34,174,179.88,9872771,0.0
2019-05-06,177.9,177.9,171.17,173.2,12958419,0.0
2019-05-07,172,177.15,171.52,173.88,9519496,0.0
2019-05-08,171.14,171.53,165.4,170.2,15210350,0.0
2019-05-09,168.95,171.59,164,168.84,13431157,0.0
2019-05-12,163.5,164.43,157.81,158.4,15237942,0.0
2019-05-13,160.05,163.46,158.4904,162.03,11880961,0.0
2019-05-14,159.8,161.05,157.41,159.58,11795028,0.0
2019-05-15,159.36,161.905,157.65,160.24,14574384,0.0
2019-05-16,158.5,163.71,154.94,156.535,23647437,0.0
2019-05-19,152.52,154.77,150.75,151.67,13328703,0.0
2019-05-20,154.2,155.7,152.64,155.06,8371896,0.0
2019-05-21,153.5,154.55,151.76,152.2,7362146,0.0
2019-05-22,149.69,149.69,144.9112,147.37,12170213,0.0
2019-05-23,148.08,149.5,144.88,145.13,8094214,0.0
2019-05-27,145.86,147.18,143.25,143.3,9185563,0.0
2019-05-28,141.41,142.82,138.94,140.31,13056864,0.0
2019-05-29,140.31,141.7499,137.57,139.11,9231333,0.0
2019-05-30,137.14,139.8548,135.39,135.46,8923463,0.0
2019-06-02,135.91,137.47,132.6,133.78,10726924,0.0
2019-06-03,136.36,143.21,135.4675,143.02,14720697,0.0
2019-06-04,145.97,146.19,139.82,141.33,11895232,0.0
2019-06-05,141.45,144.77,141.35,143.79,9383417,0.0
2019-06-06,144.02,146.88,143.25,145.5,7976292,0.0
2019-06-09,147.76,151.19,147.76,148.45,9003749,0.0
2019-06-10,150.84,152.36,149.16,150.76,8713056,0.0
2019-06-11,149,149.25,145.59,146.165,8124925,0.0
2019-06-12,147.09,149,146.38,148.32,13634789,0.0
2019-06-13,144.51,145.49,142.836,144.58,17918595,0.0
2019-06-16,144.57,146.5206,143.65,145.02,6377529,0.0
2019-06-17,147.5,155.11,147.06,152.89,13119631,0.0
2019-06-18,154.3,154.7568,152.0738,153.11,7599144,0.0
2019-06-19,156.77,157.33,153.5178,154.1,7573840,0.0
2019-06-20,153.5,155.48,151.5,151.76,9198007,0.0
2019-06-23,152.62,153.85,150.72,152.66,5678761,0.0
2019-06-24,152.86,155.88,151.37,151.48,6662915,0.0
2019-06-25,156.61,161.72,156.09,159.25,13319378,0.0
2019-06-26,162.71,164,161.26,163.23,10075642,0.0
2019-06-27,165.02,165.22,162.35,164.16,7509864,0.0
2019-06-30,172.57,173.95,164.66,166.2,16485402,0.0
2019-07-01,165.5,166.3493,161.7,162.2201,9169962,0.0
2019-07-02,163.17,163.4,160.3415,162.76,5730072,0.0
2019-07-04,160.4,160.58,157.68,160.33,9248287,0.0
2019-07-07,157.83,158.59,156,157.26,7704626,0.0
2019-07-08,155.51,158.44,155,157.32,8153060,0.0
2019-07-09,159.06,162.3689,158.5,160.06,10343651,0.0
2019-07-10,163,167.92,161.5,166.28,16098912,0.0
2019-07-11,167.4,170.47,167.4,167.6,11618869,0.0
2019-07-14,168.46,169.1058,166.13,167.31,6702428,0.0
2019-07-15,166.67,168.17,164.8425,167.07,8110870,0.0
2019-07-16,167.15,169.99,165.974,169.69,7984114,0.0
2019-07-17,170.1,172.71,167.85,170.18,9409946,0.0
2019-07-18,171.72,171.98,168.2,168.44,7829676,0.0
2019-07-21,169.3,171.84,169,171.31,7088271,0.0
2019-07-22,172.9,175.74,172.27,175.71,9597794,0.0
2019-07-23,177.4,178.89,174.34,178.7,8568120,0.0
2019-07-24,176.99,177.5,172.44,173.32,8709806,0.0
2019-07-25,174.47,176.95,174.47,175.04,5969515,0.0
2019-07-28,174.78,175.4697,171.27,174.82,5406492,0.0
2019-07-29,172.95,175.94,172.37,175.46,4468984,0.0
2019-07-30,174.18,174.215,167.02,168.72,8071884,0.0
2019-07-31,169.14,172.78,162.8204,164.92,9657385,0.0
2019-08-01,161.19,163.1,159.28,161.17,7916199,0.0
2019-08-04,153.8,153.85,148.9,150.73,13243562,0.0
2019-08-05,153.8,155.63,150.43,152.34,7660459,0.0
2019-08-06,149.9,154.37,149.2,153.97,6955697,0.0
2019-08-07,156.21,158.31,153.9,158.31,6837963,0.0
2019-08-08,156.61,156.75,152.15,154.18,7708864,0.0
2019-08-11,152.08,154.18,150.57,151.45,5769606,0.0
2019-08-12,151.39,157.9,149.8201,156.08,7937036,0.0
2019-08-13,152.5035,152.95,148.3111,150.07,9120867,0.0
2019-08-14,150.83,151.63,147.394,148.7975,10054918,0.0
2019-08-15,159.35,161.54,156.88,159.49,23016994,0.0
2019-08-18,164.12,171.42,163.47,170.77,18993647,0.0
2019-08-19,170.56,170.58,167.02,167.84,10946416,0.0
2019-08-20,170.53,173.45,169.66,171.24,9953267,0.0
2019-08-21,171.62,173.33,169.9045,171.46,7149759,0.0
2019-08-22,168.4,170.59,161.64,162.52,12524582,0.0
2019-08-25,165.61,166.58,163.91,165.46,7257716,0.0
2019-08-26,166.99,167.1,160.62,161.81,6499908,0.0
2019-08-27,160.58,163.34,159,161.21,5920803,0.0
2019-08-28,164.9,168.3,164.76,166.99,8376773,0.0
2019-08-29,168.86,170.86,166.78,167.51,6561156,0.0
2019-09-02,164.58,165.91,163.252,164.16,6605182,0.0
2019-09-03,166.61,169.045,166.61,168.76,5149180,0.0
2019-09-04,172.865,179.99,172.8,179.76,16416874,0.0
2019-09-05,178.8,181.09,177.12,178.65,8770356,0.0
2019-09-08,179.9,183.98,179.84,180.44,9379272,0.0
2019-09-09,179.18,184.25,178.79,183.24,7949496,0.0
2019-09-10,183.77,186.27,182.6006,184.41,8084676,0.0
2019-09-11,186.2,188.4,183.95,184.26,7514491,0.0
2019-09-12,181.59,183.08,180.18,181.92,7349789,0.0
2019-09-15,178.92,181.6,178.5,180.2,5107659,0.0
2019-09-16,180.48,181.2356,178.61,181.02,4795310,0.0
2019-09-17,180.79,181.42,176.5,179.99,5492711,0.0
2019-09-18,180.22,180.96,176.5101,176.91,5480033,0.0
2019-09-19,176.9,177.85,172.28,172.62,8292321,0.0
2019-09-22,172.66,176.67,172.55,174.84,5770656,0.0
2019-09-23,176.37,177.29,171.1,172.56,7378726,0.0
2019-09-24,172.51,179.02,170.71,178.27,7038655,0.0
2019-09-25,177.54,178.19,175.29,177.37,4915413,0.0
2019-09-26,175.66,177.7,169.32,171.79,8413685,0.0
2019-09-29,172.8,174.48,171.5401,174.07,4014598,0.0
2019-09-30,175,181,173.81,173.94,8606387,0.0
2019-10-01,173.12,173.6,170.13,173.12,6677565,0.0
2019-10-02,173.5,181.56,172,181.32,10406851,0.0
2019-10-03,181.4,183.15,178.78,182.04,12265535,0.0
2019-10-06,184.58,188.34,184.23,184.33,22315490,0.0
2019-10-07,180.64,180.64,176.5,177.23,20976567,0.0
2019-10-08,180.32,182.7,179.1601,180.71,13476150,0.0
2019-10-09,180.62,185.08,180.41,183.01,13574513,0.0
2019-10-10,186.42,189.34,185.65,185.95,20274626,0.0
2019-10-13,185.64,187.37,184.385,186.54,8480364,0.0
2019-10-14,190.16,199.29,189.6,196.42,31614317,0.0
2019-10-15,195,199.22,193.75,194.21,19964862,0.0
2019-10-16,195.95,197.8143,192.1,194.29,12524373,0.0
2019-10-17,194.31,195.62,187.5,190.42,14611810,0.0
2019-10-20,193.2021,196.55,192.2,196.0301,5707707,0.0
2019-10-21,198.28,202.53,195.3,195.53,7587478,0.0
2019-10-22,192.31,195.66,191.03,195.1,6403590,0.0
2019-10-23,196.75,198.21,195.38,196.83,5244570,0.0
2019-10-24,200.1,205.3804,199.79,204.54,9813983,0.0
2019-10-27,206.3,208.9,205.1168,206.77,7443919,0.0
2019-10-28,206.23,206.49,202.14,202.9,4714844,0.0
2019-10-29,204,204.23,200.26,203.1,4655125,0.0
2019-10-30,202.16,203,197.81,201.14,4624186,0.0
2019-10-31,199.6,203.89,198.64,202.74,6021239,0.0
2019-11-03,205.85,211,204.9203,210.57,8751356,0.0
2019-11-04,210.49,211.54,207.68,209.63,7083262,0.0
2019-11-05,208.64,209.67,204.11,207.6,6010205,0.0
2019-11-06,211.106,211.7,206.54,208.4,6583265,0.0
2019-11-07,207.55,209.05,206.15,207.77,4336884,0.0
2019-11-10,207.75,209.11,204.2801,208.13,5545901,0.0
2019-11-11,209.72,211.86,208.31,209.61,6546200,0.0
2019-11-12,208.39,209.46,205.9,208.56,7267579,0.0
2019-11-13,208.93,209.88,206.516,209.8,9898658,0.0
2019-11-14,209.7,211.7799,200.6377,204.12,25053376,0.0
2019-11-17,203.76,213.35,203.76,212.27,13695831,0.0
2019-11-18,211.17,211.98,205.65,208,9836312,0.0
2019-11-19,207.07,214.55,206.5643,211.175,11341947,0.0
2019-11-20,211,213.24,209.31,210.19,6865669,0.0
2019-11-21,211.09,212.9633,209.94,210.89,5249484,0.0
2019-11-24,216.04,221.41,215.52,221.23,12011468,0.0
2019-11-25,220.5,220.6897,216.74,217.08,7913538,0.0
2019-11-26,218.67,220.05,217.18,218.24,4948420,0.0
2019-11-28,217,218.14,215.78,216.74,3194256,0.0
2019-12-01,216.46,217,208.64,209.16,8809003,0.0
2019-12-02,201.87,207.82,200.37,207.67,11141074,0.0
2019-12-03,211.14,211.92,208.27,209.41,6475667,0.0
2019-12-04,210.3,210.93,207.5083,208.74,4174637,0.0
2019-12-05,211.52,213.49,211.12,212.18,5289152,0.0
2019-12-08,211.25,214.37,210.9,212.12,4433848,0.0
2019-12-09,213.46,216.06,211.26,213.99,5905576,0.0
2019-12-10,214.4,217.56,214.3,217.35,5145198,0.0
2019-12-11,216.18,224.8,215.82,224.11,9462900,0.0
2019-12-12,224.19,228.98,221.82,223.99,10390811,0.0
2019-12-15,225.9,228.0642,224.77,225.2,7747889,0.0
2019-12-16,225.9,229.2,225.52,228.3,7117490,0.0
2019-12-17,229.69,231.94,229.35,229.42,7296798,0.0
2019-12-18,230.9,236,230.7,235.5,10357629,0.0
2019-12-19,238.13,240.39,237.355,239.39,11476995,0.0
2019-12-22,240.8,241.81,238.39,238.82,7572119,0.0
2019-12-23,238.2,239.31,236.82,238.62,3327083,0.0
2019-12-25,238.76,240.32,238,239.14,4228507,0.0
2019-12-26,239.8,240.34,235.81,236.87,5735838,0.0
2019-12-29,235.99,236.2,231.06,232.31,5500250,0.0
2019-12-30,230.9,235.675,230.13,235.35,4810130,0.0
2020-01-01,238.75,239.91,236.72,239.86,5456281,0.0
2020-01-02,235.1,237.83,234.1,236.04,4713120,0.0
2020-01-05,232.32,237.27,231.27,237.03,5799284,0.0
2020-01-06,238.2,241.77,236.39,239.94,7237217,0.0
2020-01-07,239.76,242.04,238.149,240.49,6260748,0.0
2020-01-08,243.85,245.9297,240.855,243.02,5841549,0.0
2020-01-09,247.33,248.55,243.75,244.33,7623993,0.0
2020-01-12,247.66,252.9884,246.75,251.98,7187129,0.0
2020-01-13,250.26,251.28,246.75,247.29,8102678,0.0
2020-01-14,247.79,248.6891,244.53,245.57,6114053,0.0
2020-01-15,247.72,249.17,246.775,249,6425872,0.0
2020-01-16,249.7,250,247.37,249.27,5358765,0.0
2020-01-20,247.805,249.29,246.5703,247.96,8443287,0.0
2020-01-21,249.63,253.59,249,250.11,10681990,0.0
2020-01-22,251.72,253.2,248.15,252.79,10606146,0.0
2020-01-23,257.5,259.5,248.3,250.55,17890525,0.0
2020-01-26,238.24,242.25,232.23,240.18,10390204,0.0
2020-01-27,242.85,249.27,240.7143,248,6956945,0.0
2020-01-28,247.39,248.84,243.94,245.54,5714269,0.0
2020-01-29,241.61,246.35,239.4,245.81,6837877,0.0
2020-01-30,243.91,244.45,234.75,236.45,8263860,0.0
2020-02-02,235.7,241.1111,235.45,240.33,5804392,0.0
2020-02-03,246,247.9,244.02,247.14,5917343,0.0
2020-02-04,251.99,252.4,247.41,250.7968,4678963,0.0
2020-02-05,252.14,254.25,248.88,254.25,5208915,0.0
2020-02-06,252.23,253.53,250.572,251.68,4244975,0.0
2020-02-09,252.32,263,252.3,262.99,11803883,0.0
2020-02-10,267.32,272.5,264.83,267.91,15355617,0.0
2020-02-11,270.01,272.8,268.4474,272.54,8752194,0.0
2020-02-12,270.21,273.48,269.11,270.81,9853380,0.0
2020-02-13,287.26,294.97,286,289.8,25030458,0.0
2020-02-17,285.6435,297.31,284.86,296.57,13874523,0.0
2020-02-18,301.38,315.41,301.38,314.71,16303485,0.0
2020-02-19,312.765,316.32,296.35,308.58,19289575,0.0
2020-02-20,304.22,305.2,290.66,294.1,18269432,0.0
2020-02-23,270.19,281.8723,268,273.2,20046550,0.0
2020-02-24,276.3035,278.79,257.96,262.05,25287667,0.0
2020-02-25,262.06,275.45,262,267.59,17887340,0.0
2020-02-26,254.9,267,248.89,252.19,21315607,0.0
2020-02-27,242.455,272.46,241.79,270.16,26353659,0.0
2020-03-01,276.9,277.59,261,276.57,20608284,0.0
2020-03-02,278.6665,281.07,262.4601,265.64,15400379,0.0
2020-03-03,270.2,284.89,267.2,284.56,13898597,0.0
2020-03-04,276.5,283.2,271.5,273.29,16273708,0.0
2020-03-05,266.08,268.39,258,266.07,11648362,0.0
2020-03-08,239.78,259.4,238.18,245.01,14140686,0.0
2020-03-09,256.57,261.08,245.99,261.08,13232029,0.0
2020-03-10,255.455,256.6,242.57,246.16,23260658,0.0
2020-03-11,225.46,236.119,215.8,216.035,18564487,0.0
2020-03-12,230.5,241.02,219.61,240.83,14272995,0.0
2020-03-15,211.35,226.1,194,196.59,33636520,0.0
2020-03-16,200.91,220.86,191,217.26,19481679,0.0
2020-03-17,199.61,209.94,180.6807,203.51,18617665,0.0
2020-03-18,202.02,216.73,193.39,212.97,35249244,0.0
2020-03-19,219,230.32,205.13,205.71,19141769,0.0
2020-03-22,205.72,216.48,198.52,212.11,15256839,0.0
2020-03-23,228.95,252.66,228.05,249.47,25936632,0.0
2020-03-24,253.8,261.82,243.66,245.48,18461797,0.0
2020-03-25,253.94,262.22,250,257.24,15951423,0.0
2020-03-26,250.5,263.1177,248.68,252.54,14589385,0.0
2020-03-29,255.36,265.96,253.59,265.625,28169730,0.0
2020-03-30,267.2,275.3999,257.75,263.61,20115899,0.0
2020-03-31,255.65,261.53,241.28,243.01,15516654,0.0
2020-04-01,244.24,256,242.31,255.57,15643824,0.0
2020-04-02,254.05,255.63,238.39,243.91,15828854,0.0
2020-04-05,255.24,269.81,252.93,268.4,33654265,0.0
2020-04-06,277.3,278.25,257.3,258.95,36959406,0.0
2020-04-07,263.41,267.95,260.6,266.8,12636968,0.0
2020-04-08,272,272.92,260.42,262.87,12746520,0.0
2020-04-12,260.67,270.2,257,269.9,18657338,0.0
2020-04-13,275,285.32,273.8893,284.01,24796904,0.0
2020-04-14,277.2,284.1671,275.38,280.85,25049156,0.0
2020-04-15,287.08,299,286.55,294.79,69824259,0.0
2020-04-16,298,298.86,286.94,292.32,36928399,0.0
2020-04-19,287.24,293.5,285.27,286.75,30589302,0.0
2020-04-20,282.31,284.77,267.11,269.16,67507369,0.0
2020-04-21,277.23,287.84,275.4,286.4,31202031,0.0
2020-04-22,287.84,293.1375,283,284.02,38669255,0.0
2020-04-23,283.6,289.67,280.6,289.61,23712152,0.0
2020-04-26,294.99,303.5,294,297.08,21998772,0.0
2020-04-27,303,304.2,291.14,291.54,10246350,0.0
2020-04-28,296.77,300.58,293.75,298.42,8267431,0.0
2020-04-29,296.2926,298.46,291.72,292.05,14900013,0.0
2020-04-30,284.35,288.9,280.8432,282.84,7840411,0.0
2020-05-03,280.88,291.84,280.88,291.28,14505166,0.0
2020-05-04,295.47,300.27,291.29,293.63,8729950,0.0
2020-05-05,296.93,302,295.41,297.75,15249165,0.0
2020-05-06,303.38,307.41,301.323,304.88,17578346,0.0
2020-05-07,307.75,312.75,306.39,312.51,7883402,0.0
2020-05-10,312.3,324.5,311.15,322.53,22308941,0.0
2020-05-11,324.94,326.9,311.71,311.75,11597399,0.0
2020-05-12,316.7,323.14,303.79,311.22,29884218,0.0
2020-05-13,313.665,321.44,307.5,321.34,28465416,0.0
2020-05-14,315.59,340.02,314.96,339.71,47189608,0.0
2020-05-17,350.42,356.66,347.2201,350.02,17966468,0.0
2020-05-18,351.61,363.5,350.51,352.168,17077762,0.0
2020-05-19,359.64,361.72,355.55,358.8,27357792,0.0
2020-05-20,362.06,362.0962,349.5,351.18,16022473,0.0
2020-05-21,353.01,363.72,348.53,361.06,24510192,0.0
2020-05-25,366.27,367.27,346.88,348.78,17690647,0.0
2020-05-26,345,345.31,319.87,341.13,28411380,0.0
2020-05-27,336.49,350.42,335.17,339.31,35425530,0.0
2020-05-28,342.18,354.67,339.4,353.65,15763288,0.0
2020-05-31,353.33,353.63,347.58,352.42,9294538,0.0
2020-06-01,351.85,353.49,346.32,353.28,18266838,0.0
2020-06-02,352.89,354.65,348,350.65,8565018,0.0
2020-06-03,349.12,357.73,347.1,350.68,20177537,0.0
2020-06-04,351.78,359.88,348.3192,356.52,22394100,0.0
2020-06-07,355.09,355.585,347.43,352.28,18167303,0.0
2020-06-08,352,364.3899,350.05,361.9,22101090,0.0
2020-06-09,366.71,380,366.14,374.54,14778340,0.0
2020-06-10,366,370.45,351.44,351.76,26065560,0.0
2020-06-11,366.5,367.49,357.41,357.5434,4252118,0.0
2020-06-14,352.61,367.27,349.75,367.07,8911032,0.0
2020-06-15,369,370.67,353.5501,362.92,12244888,0.0
2020-06-16,364.55,371.96,362.81,369.47,9136293,0.0
2020-06-17,369.08,371.3,364.58,369,11309763,0.0
2020-06-18,369.7,377.8,369.0935,370.38,21290511,0.0
2020-06-21,372,381.18,370.932,381,8934085,0.0
2020-06-22,382.04,385.7,376.3,378.04,8652646,0.0
2020-06-23,379.05,382.2552,365.7802,369.42,10502423,0.0
2020-06-24,374.23,380.2,367.29,379.8,8522986,0.0
2020-06-25,380,380,365,366.44,13084062,0.0
2020-06-28,366.79,368.18,356,368.12,7835848,0.0
2020-06-29,372.5597,381.05,370.6601,379.4455,8129334,0.0
2020-06-30,380.83,383.0269,376.52,380.9,7586340,0.0
2020-07-01,385.56,389.5,383.13,384.76,8246122,0.0
