Date,Open,High,Low,Close,Volume,OpenInterest
2016-07-12,277.13,277.13,274.02,276.21,319002,0.0
2016-07-13,277.13,278,275.5201,277.63,278653,0.0
2016-07-14,279.36,279.46,273.43,273.63,342694,0.0
2016-07-17,274.95,275.93,274.13,274.29,422901,0.0
2016-07-18,270.15,273.73,266.805,273.22,717250,0.0
2016-07-19,273.66,275.47,273.175,274.15,426412,0.0
2016-07-20,273.49,273.95,270.32,271.34,348157,0.0
2016-07-21,272.6,274.26,270.96,273.97,291884,0.0
2016-07-24,273.31,278.78,271.75,278.72,584691,0.0
2016-07-25,278.95,284.66,278.93,281.78,806475,0.0
2016-07-26,281.95,283.31,276.94,277.39,703601,0.0
2016-07-27,278.49,292.84,275.01,288.65,1990114,0.0
2016-07-28,288.66,291.91,286.82,290.57,568325,0.0
2016-07-31,290.63,291.683,288.42,288.99,421357,0.0
2016-08-01,287,288.535,284.19,287.01,498141,0.0
2016-08-02,287.62,288.63,285.41,286.66,509257,0.0
2016-08-03,287.25,289.95,286.82,288.71,356909,0.0
2016-08-04,289.07,291.1799,288.4039,290.42,482712,0.0
2016-08-07,290.63,290.63,287.16,287.63,171879,0.0
2016-08-08,288.52,288.5997,285.96,286.71,223596,0.0
2016-08-09,287.21,289.09,286.4,288.45,344082,0.0
2016-08-10,288.88,291.56,287.85,288.11,448120,0.0
2016-08-11,286.63,287.52,285.15,286.83,300169,0.0
2016-08-14,286.7,287.75,285.9056,287.14,246129,0.0
2016-08-15,285.83,287.38,285.02,285.92,325794,0.0
2016-08-16,285.92,286.06,283.31,285.79,271208,0.0
2016-08-17,286.24,286.32,284.4,286,243466,0.0
2016-08-18,285.38,287.57,284.66,285.75,238208,0.0
2016-08-21,286,288.67,285.975,286.52,314808,0.0
2016-08-22,287.24,287.95,284.77,285.14,269772,0.0
2016-08-23,284.48,286.726,283.71,284.46,258050,0.0
2016-08-24,283.7,285.595,283.11,284.16,261933,0.0
2016-08-25,283.57,283.995,276.9,278.28,684530,0.0
2016-08-28,277.98,281.3199,277.91,280.04,447476,0.0
2016-08-29,280.41,280.63,276.67,277.98,539622,0.0
2016-08-30,278.09,280.49,277.68,279.95,476168,0.0
2016-08-31,280.7,283.505,280,282.11,361528,0.0
2016-09-01,282.34,283.1,281.47,282.58,487390,0.0
2016-09-05,282.53,283.25,281.22,283.07,386486,0.0
2016-09-06,283.32,283.34,281.021,282.74,415131,0.0
2016-09-07,282,283.09,280.775,281.94,624975,0.0
2016-09-08,280.04,281.9,278.1,278.21,1049816,0.0
2016-09-11,277.57,280.49,276.86,279.24,791738,0.0
2016-09-12,277.53,279.32,276.56,278.45,771529,0.0
2016-09-13,278.9,279.55,276.07,276.48,503001,0.0
2016-09-14,276.18,277.05,274.88,276.03,473253,0.0
2016-09-15,274.09,275.44,272.42,272.67,673872,0.0
2016-09-18,273.04,276.06,273.04,275.47,408327,0.0
2016-09-19,276.4,278.22,274.53,275.14,349290,0.0
2016-09-20,280,280,274.99,279.6,560343,0.0
2016-09-21,280.1,285.6,279.65,283.59,927514,0.0
2016-09-22,281.83,283.46,279.581,281.76,452614,0.0
2016-09-25,281.03,283.7,280.03,281.95,434458,0.0
2016-09-26,283.28,285.67,281.89,284.59,479693,0.0
2016-09-27,284.42,284.57,281.32,281.98,418730,0.0
2016-09-28,282.13,283.62,278.7601,278.91,409980,0.0
2016-09-29,279.8,281.23,278.9,280.1,230615,0.0
2016-10-02,279.43,279.99,275.85,276.07,465199,0.0
2016-10-03,276.35,277.94,273.56,274.37,371961,0.0
2016-10-04,275.39,276.55,274.53,274.85,360219,0.0
2016-10-05,274.43,277.78,273.11,277.57,364923,0.0
2016-10-06,278.62,278.62,274.62,275.36,366275,0.0
2016-10-09,275.8,278.49,275.57,277.75,225578,0.0
2016-10-10,277.19,277.3,274.27,274.59,277722,0.0
2016-10-11,273.94,276.98,273.91,276.27,373787,0.0
2016-10-12,274.74,279.01,274.57,278.89,446409,0.0
2016-10-13,280.1,283.205,279.12,279.38,326798,0.0
2016-10-16,279.71,280.41,277.76,277.96,625304,0.0
2016-10-17,279.84,281.11,276.32,278.07,387688,0.0
2016-10-18,276.01,281.48,273.55,278.05,710279,0.0
2016-10-19,277.36,279.79,273.65,273.87,552186,0.0
2016-10-20,272.78,276.25,271.8,275.56,497255,0.0
2016-10-23,277.92,279.53,277.25,279.16,438389,0.0
2016-10-24,278.03,280.39,277.2,280.32,543250,0.0
2016-10-25,279.95,279.95,276.86,277.15,725119,0.0
2016-10-26,270,273.52,251.62,253,2731833,0.0
2016-10-27,253.02,264.26,253.02,263.53,2300717,0.0
2016-10-30,263.68,265.25,261.34,264.45,966308,0.0
2016-10-31,263.9,265.93,262.45,264.27,782190,0.0
2016-11-01,264.09,265.97,262.55,262.71,564691,0.0
2016-11-02,262.71,264.49,261.22,261.86,528607,0.0
2016-11-03,259.67,263.98,259.67,261.2,819058,0.0
2016-11-06,264.75,264.87,258.995,259.61,1030627,0.0
2016-11-07,259.36,261.86,258.33,259.58,773342,0.0
2016-11-08,254.28,265.19,250.069,264.15,815359,0.0
2016-11-09,264,266.44,261.08,262.54,630913,0.0
2016-11-10,261.43,264.51,261.05,262.8,687811,0.0
2016-11-13,263.16,264.17,261.035,262.13,1201790,0.0
2016-11-14,268.11,269.21,263.41,268.05,930952,0.0
2016-11-15,267.14,269.98,265.56,269.9,624835,0.0
2016-11-16,268.38,272.29,267.95,270.98,653028,0.0
2016-11-17,269.75,272.19,264.92,265.77,666359,0.0
2016-11-20,265.75,270.67,265.575,270.01,618641,0.0
2016-11-21,271.68,275.17,270.065,275.02,609768,0.0
2016-11-22,275.29,277.69,273.4,275.47,633120,0.0
2016-11-24,275,279,274.925,276.55,241941,0.0
2016-11-27,276.71,279.36,274.38,274.635,348429,0.0
2016-11-28,274.63,278.205,274.335,275.5,386141,0.0
2016-11-29,275.72,276.44,274.14,274.5,570535,0.0
2016-11-30,273.62,276.19,272.42,273.06,540220,0.0
2016-12-01,273.27,275.36,272.17,273.94,548891,0.0
2016-12-04,274.45,277.81,274.43,276.475,656001,0.0
2016-12-05,277.51,278.7915,276.015,277.67,362446,0.0
2016-12-06,278.23,285.45,278.1,285.2,663592,0.0
2016-12-07,284.39,285.8386,276.68,277.31,743194,0.0
2016-12-08,276.94,277.67,273.69,275.96,419669,0.0
2016-12-11,275.56,276.94,274.3,276.87,333073,0.0
2016-12-12,279.22,283.53,279.08,282.53,510329,0.0
2016-12-13,282.51,283.6853,276.25,276.82,386917,0.0
2016-12-14,276.39,282.57,275.74,278.07,408828,0.0
2016-12-15,279.45,281.13,278.355,279.3,485804,0.0
2016-12-18,279.3,284.16,278.01,283.11,479431,0.0
2016-12-19,284.31,285.71,282.56,285.14,297591,0.0
2016-12-20,285,286.57,283.78,285.54,325752,0.0
2016-12-21,285.28,285.405,282.52,282.89,539818,0.0
2016-12-22,282.88,283.785,282.07,283.22,195120,0.0
2016-12-26,283.01,284.735,283.01,283.59,331161,0.0
2016-12-27,284.3,284.99,280.24,280.67,281455,0.0
2016-12-28,281.3,282.46,280.91,281.64,257559,0.0
2016-12-29,282.56,283.37,277.37,278.28,332018,0.0
2017-01-02,280,281.07,278.06,280.81,718496,0.0
2017-01-03,280.82,282.8,279.3,282.05,340683,0.0
2017-01-04,280.84,283.12,280.22,282.82,422494,0.0
2017-01-05,282.81,283.969,281.34,281.79,324208,0.0
2017-01-08,280.76,281.98,278.79,279.4,361310,0.0
2017-01-09,279.67,283.18,278.72,281.3,274109,0.0
2017-01-10,281.78,283.82,279.27,281.32,307063,0.0
2017-01-11,280.12,281.98,279.21,281.57,324793,0.0
2017-01-12,281.87,282.83,278.88,279.15,327283,0.0
2017-01-16,278.5,281.71,276.273,278.76,447858,0.0
2017-01-17,280.16,281.16,278.5,280.76,344879,0.0
2017-01-18,280.04,281.5,274.8,275.01,392165,0.0
2017-01-19,276.76,277.41,273.37,274,697888,0.0
2017-01-22,269.5,269.5,263.13,264.97,1127653,0.0
2017-01-23,265.56,268.75,265.23,267.39,754090,0.0
2017-01-24,268.33,268.4993,265.72,266.06,724985,0.0
2017-01-25,265.48,267.42,262.83,263,737000,0.0
2017-01-26,263.57,265.28,261.66,263.79,783324,0.0
2017-01-29,262,263.975,259.15,261.87,1125347,0.0
2017-01-30,261.46,263.35,259.19,262.27,636376,0.0
2017-01-31,262.19,263,254.21,254.35,1317239,0.0
2017-02-01,254.19,258.1958,253.54,256.69,768733,0.0
2017-02-02,258.39,261.84,257.16,259.83,706412,0.0
2017-02-05,259.05,261.07,257.8,258.45,943683,0.0
2017-02-06,259.36,263.29,259.09,262.18,1518021,0.0
2017-02-07,263.2,273.84,259.94,271.66,2356677,0.0
2017-02-08,272.19,277.4,271.12,274.77,1472035,0.0
2017-02-09,274.01,275.44,269.58,271.75,1014974,0.0
2017-02-12,272.46,272.63,268.19,268.49,637926,0.0
2017-02-13,268.49,270.26,267.5901,269.52,474739,0.0
2017-02-14,268.72,271.16,268.72,270.61,485752,0.0
2017-02-15,270.67,270.98,266.555,266.84,563016,0.0
2017-02-16,266.85,268.16,264.47,268.13,553526,0.0
2017-02-20,269.11,272.64,267.16,268.69,755357,0.0
2017-02-21,269.1,269.367,266.3,268.08,594778,0.0
2017-02-22,269.18,269.18,265.31,265.95,629538,0.0
2017-02-23,265.74,269.279,264.3741,268.73,532423,0.0
2017-02-26,267.63,269.73,264.56,268.25,403898,0.0
2017-02-27,267.97,271.93,267.3,271.71,1009903,0.0
2017-02-28,273.24,274.4,271.125,271.48,732173,0.0
2017-03-01,270.9,272.27,269.71,271.98,598616,0.0
2017-03-02,272.05,273.03,268.39,270.63,949946,0.0
2017-03-05,270.26,271.49,268.45,268.86,626048,0.0
2017-03-06,269.05,270.17,268.225,269.86,598919,0.0
2017-03-07,269.42,271.9,267.04,271.45,438014,0.0
2017-03-08,271.46,271.86,268.4,269.13,568689,0.0
2017-03-09,270.58,271.35,268.4701,269.66,520257,0.0
2017-03-12,269.47,275.07,268.69,274.43,649655,0.0
2017-03-13,274.43,276.745,274.06,275.4,718806,0.0
2017-03-14,275.72,276.45,268.825,270.71,1208344,0.0
2017-03-15,271,272.92,270.35,271.99,487163,0.0
2017-03-16,274.33,274.92,272.14,274.21,710901,0.0
2017-03-19,274.99,275.94,271.895,273.08,457183,0.0
2017-03-20,273.71,274.87,270.09,270.51,316282,0.0
2017-03-21,271.33,272.8,269.15,271.41,396021,0.0
2017-03-22,271.3,272.95,269.62,271.45,322967,0.0
2017-03-23,272.4,273.03,270.97,271.76,281249,0.0
2017-03-26,270.8,272.03,268.57,269.82,411141,0.0
2017-03-27,269.47,270.62,267.9,269.7,528415,0.0
2017-03-28,275,275.52,271.29,274.79,738104,0.0
2017-03-29,275.15,275.23,270.61,272.44,561889,0.0
2017-03-30,271.55,272.78,269.23,269.84,513547,0.0
2017-04-02,266,266,253.86,258.7,1990069,0.0
2017-04-03,258,260.2,255.12,255.51,1091913,0.0
2017-04-04,255.51,258.07,254.97,255.17,563144,0.0
2017-04-05,255.75,256.67,253.76,254.37,656870,0.0
2017-04-06,255.54,256.1,252.6,253.19,658123,0.0
2017-04-09,253.23,257.4,252.05,254.91,530449,0.0
2017-04-10,254.6,254.9,252.6101,254.74,532600,0.0
2017-04-11,252.63,254.03,250.54,253.02,640083,0.0
2017-04-12,252.94,254.01,251.59,252.02,581633,0.0
2017-04-16,252.69,254.57,252.07,253.95,497929,0.0
2017-04-17,251.95,256.87,251.86,256.06,569890,0.0
2017-04-18,257.66,263.617,257.5,258.87,755768,0.0
2017-04-19,260,263.81,258.5111,263.03,548257,0.0
2017-04-20,263.26,266.08,262.53,265.41,529668,0.0
2017-04-23,267.15,270.1,265.6,269.28,948822,0.0
2017-04-24,265.15,268.32,262.78,263.95,1193281,0.0
2017-04-25,265.12,268.7307,263.31,265.07,999481,0.0
2017-04-26,262.49,268.09,245.01,257.11,2818200,0.0
2017-04-27,257,257,245.74,248.15,2288598,0.0
2017-04-30,248.44,248.75,239.12,241.7,2248951,0.0
2017-05-01,240.34,247.61,240.32,245.82,1398225,0.0
2017-05-02,245.45,247.84,245.21,246.93,780661,0.0
2017-05-03,247.93,250.96,246.56,250.82,964153,0.0
2017-05-04,251.11,252.95,249.6,252.7,944641,0.0
2017-05-07,252.51,254.88,252.19,253.87,771421,0.0
2017-05-08,253.64,255.98,252.52,255.76,977750,0.0
2017-05-09,255.52,258.1899,254.13,257.49,1289264,0.0
2017-05-10,257.65,257.99,254.25,256.28,1510015,0.0
2017-05-11,256.45,258.05,254.72,255.47,983963,0.0
2017-05-14,254.71,260.31,254.71,258.12,827858,0.0
2017-05-15,256.83,257.05,254.42,254.91,1305719,0.0
2017-05-16,253.5,255.255,248.65,249.01,1030472,0.0
2017-05-17,249.16,253.5,248.67,249.77,1268373,0.0
2017-05-18,248.91,251.53,247.16,251.36,910988,0.0
2017-05-21,251.65,251.8,248.26,248.46,1110974,0.0
2017-05-22,239,243,234.14,240.2,2918696,0.0
2017-05-23,239.53,241.38,234.5,240.01,1937653,0.0
2017-05-24,242.26,244.67,241.0818,243.86,761844,0.0
2017-05-25,245,249.01,243.23,248.49,903494,0.0
2017-05-29,246.53,251.94,245.04,247.63,1107699,0.0
2017-05-30,247.67,247.93,239.6,242.08,1126232,0.0
2017-05-31,243.54,246.29,240.06,245.59,762282,0.0
2017-06-01,244.65,246.51,242.47,245.85,626525,0.0
2017-06-04,245.22,245.22,237.5,240.17,1322971,0.0
2017-06-05,240.12,240.12,233.59,235.41,1234640,0.0
2017-06-06,235.72,237.75,234.08,234.88,902404,0.0
2017-06-07,234.23,234.57,230.06,230.63,937506,0.0
2017-06-08,230.8,233.71,228.69,232.84,939062,0.0
2017-06-11,232.66,236.83,232.08,234.72,1015281,0.0
2017-06-12,234.41,235.63,231.745,234.54,619645,0.0
2017-06-13,233.82,235.035,231.67,234.34,690515,0.0
2017-06-14,233.99,234.94,230.64,233.97,750065,0.0
2017-06-15,232.21,234.59,228.43,231.38,1153190,0.0
2017-06-18,233.12,233.7258,226.76,230.38,994489,0.0
2017-06-19,226.51,226.58,220.31,225.01,2178971,0.0
2017-06-20,224.75,224.75,217.99,220.77,1357372,0.0
2017-06-21,221.85,223.06,219.39,220.17,764134,0.0
2017-06-22,220.45,221.82,219.24,220.07,655316,0.0
2017-06-25,220.55,225.3,219.85,222.93,790157,0.0
2017-06-26,222.51,225.27,220.24,221.87,529322,0.0
2017-06-27,220.22,221.82,216.61,217,1012622,0.0
2017-06-28,216.81,219.57,215.76,216.04,883577,0.0
2017-06-29,217.66,219.48,215.76,218.79,869035,0.0
2017-07-02,218.74,220.89,217.38,220.32,348882,0.0
2017-07-04,199.77,200,173.89,178.78,11192410,0.0
2017-07-05,178,181.91,176.13,176.59,4418612,0.0
2017-07-06,172.92,176.06,170.6801,172.89,3604565,0.0
2017-07-09,174.28,174.97,169.43,173.17,2636470,0.0
2017-07-10,173.58,175.23,171.94,174.15,1757328,0.0
2017-07-11,174.97,179.46,174.81,177.1,2226001,0.0
2017-07-12,177.81,186.73,177.331,184.73,2035788,0.0
2017-07-13,185.97,186.75,182.22,184.27,1175373,0.0
2017-07-16,184.49,188,183.7,185.53,1334788,0.0
2017-07-17,188.24,191.2,185.44,187.53,2284537,0.0
2017-07-18,188.02,188.925,185.88,186.94,1695435,0.0
2017-07-19,187.25,190.2,186.92,188.75,978178,0.0
2017-07-20,188.46,189.37,187.15,188.19,1245216,0.0
2017-07-23,188.25,188.78,184.04,184.52,1232538,0.0
2017-07-24,184.33,187.02,183.6,186.87,1508906,0.0
2017-07-25,187.35,190.36,186.05,187.67,1383871,0.0
2017-07-26,196.4,202.17,190.05,201.31,2495252,0.0
2017-07-27,200.37,201.77,198.01,199.99,1072263,0.0
2017-07-30,200.22,205.71,199.3,204.31,1059718,0.0
2017-07-31,204.44,208.839,202.53,208.15,1103689,0.0
2017-08-01,207.88,210.03,206.58,209.695,1515490,0.0
2017-08-02,209.96,211.02,205.42,205.62,2344585,0.0
2017-08-03,206.41,207.27,204.681,205.02,1155988,0.0
2017-08-06,204.49,207.72,203.34,205.07,681592,0.0
2017-08-07,204.04,205.5,202.08,203.08,1017185,0.0
2017-08-08,202.01,204.255,201.5,203.23,893764,0.0
2017-08-09,201.94,202.01,196.72,197.29,989002,0.0
2017-08-10,198.43,201.029,196.32,198.93,673793,0.0
2017-08-13,200.15,201.26,197.94,198.43,673872,0.0
2017-08-14,190.66,198.1,186.82,196,2499433,0.0
2017-08-15,198.99,202.37,196.51,201.58,1336799,0.0
2017-08-16,201.89,205.49,199.72,200.64,1209830,0.0
2017-08-17,200.07,203.74,196.85,197.93,1039858,0.0
2017-08-20,198.85,199.2106,194.73,197.8,722922,0.0
2017-08-21,198.66,199.41,196.9,197.91,600026,0.0
2017-08-22,197.07,198.83,194.92,195.29,846640,0.0
2017-08-23,194.72,197.67,194.72,196.44,1048163,0.0
2017-08-24,196.59,205.41,196.26,202.27,1106326,0.0
2017-08-27,202.49,202.96,197.86,198.09,750111,0.0
2017-08-28,197.39,198.765,195.61,197.02,672791,0.0
2017-08-29,197.07,199.54,196.22,198.07,802476,0.0
2017-08-30,198,199.025,195.1,196.12,973063,0.0
2017-08-31,197.07,199.44,196.64,196.99,1114965,0.0
2017-09-04,197.72,202.389,197.72,200.39,767957,0.0
2017-09-05,201.03,202.5,199.96,202.3,607278,0.0
2017-09-06,202.63,203.42,195.95,200.38,625718,0.0
2017-09-07,200.42,201.42,198.26,199.15,455864,0.0
2017-09-10,199.16,200.74,196.2,196.4,664722,0.0
2017-09-11,196.06,201,194.06,199.28,1307169,0.0
2017-09-12,199.31,209.79,199.25,208.02,1154695,0.0
2017-09-13,207.11,209.24,206.43,207.16,834082,0.0
2017-09-14,207.34,212.09,206.1,209.66,985688,0.0
2017-09-17,210.21,211.35,208.34,210.07,985542,0.0
2017-09-18,213.13,216.61,201.054,202.97,1969506,0.0
2017-09-19,202.25,206.84,201.65,203.29,818939,0.0
2017-09-20,204.17,205.6699,200.27,202.25,806041,0.0
2017-09-21,202.67,209.82,202.58,209.58,726673,0.0
2017-09-24,209.6,219.98,209.46,215.16,1263740,0.0
2017-09-25,216.58,216.58,212.4325,212.94,598290,0.0
2017-09-26,213.02,214.99,211.92,214.51,532391,0.0
2017-09-27,213.6,215.63,212.49,215.27,418124,0.0
2017-09-28,215.09,216.58,214.22,215.32,504768,0.0
2017-10-01,215.98,215.98,214.14,215.34,416537,0.0
2017-10-02,215.23,216.26,213.345,213.96,419761,0.0
2017-10-03,213.94,215.65,209.89,212.16,496546,0.0
2017-10-04,212.79,212.95,209.93,211.19,577197,0.0
2017-10-05,211.32,214.27,210.5,212.88,523082,0.0
2017-10-08,212.41,213.01,207.71,207.79,487714,0.0
2017-10-09,207.82,212.25,207.82,209.91,537937,0.0
2017-10-10,209.32,210.67,207.34,208.41,376559,0.0
2017-10-11,208.99,208.99,205.4688,206.99,528660,0.0
2017-10-12,207.76,210.25,206.89,209.62,679527,0.0
2017-10-15,209.55,211.17,208.4,209.02,422159,0.0
2017-10-16,208.6,213.23,208.21,212.06,562844,0.0
2017-10-17,212.35,214,210.95,212.99,830538,0.0
2017-10-18,209.8,209.99,205.9,209.31,1357475,0.0
2017-10-19,209.65,210.42,205.4696,205.91,913263,0.0
2017-10-22,205.8,208.92,205.06,205.68,639732,0.0
2017-10-23,204.48,207.38,201.1,203.36,946402,0.0
2017-10-24,201.58,204.715,201.08,202.77,1157231,0.0
2017-10-25,192,215.82,190,214,3489381,0.0
2017-10-26,212.29,217.91,209.37,217.02,1119167,0.0
2017-10-29,216.97,216.97,212.92,213.79,584300,0.0
2017-10-30,213.91,215.02,210.53,210.97,593361,0.0
2017-10-31,211.24,212.719,205.65,207.55,725652,0.0
2017-11-01,207.5,214.79,207.5,214.52,799602,0.0
2017-11-02,211.69,213.64,210.52,212.52,718667,0.0
2017-11-05,211.57,212.22,208.45,208.86,511824,0.0
2017-11-06,208.62,210.0299,206.545,208.1,341726,0.0
2017-11-07,208.36,212,207.84,209.65,455048,0.0
2017-11-08,209.11,211.95,207.31,211.09,455686,0.0
2017-11-09,210.57,215.48,210.04,214.41,620258,0.0
2017-11-12,214.16,216.99,212.28,214.17,533186,0.0
2017-11-13,220,223.38,215.1,215.87,840121,0.0
2017-11-14,215.21,216.67,213.72,215.82,441641,0.0
2017-11-15,215.89,219.94,215.02,219.58,491753,0.0
2017-11-16,219.83,221.31,216.1,220.45,538392,0.0
2017-11-19,219.91,222.35,218.565,220.38,525292,0.0
2017-11-20,220.4,220.47,215.09,215.7,617890,0.0
2017-11-21,216.15,220.89,215.1,218.65,442783,0.0
2017-11-23,217.19,219,215.43,216.26,281796,0.0
2017-11-26,217.13,218.81,214.865,216.35,534386,0.0
2017-11-27,217.08,228.88,215.86,228.47,933851,0.0
2017-11-28,227.49,241.49,226.25,236.32,1483267,0.0
2017-11-29,236.59,241.63,235.64,236.13,842866,0.0
2017-11-30,235,237.17,228.34,234.4,596902,0.0
2017-12-03,236.02,252.53,235.59,250.43,1538397,0.0
2017-12-04,259.35,263.63,246.77,250.21,1716598,0.0
2017-12-05,249.53,251.22,245.46,245.84,734859,0.0
2017-12-06,245,247.98,243.14,244.86,482096,0.0
2017-12-07,246.39,251.38,244.595,251.05,419288,0.0
2017-12-10,250.08,250.64,245.37,247.28,415810,0.0
2017-12-11,246.23,247.94,244.65,246.88,682157,0.0
2017-12-12,251.67,253.45,245.625,245.99,742144,0.0
2017-12-13,246.63,247.445,240.63,241.47,593021,0.0
2017-12-14,243.83,244.17,239.58,240.16,692724,0.0
2017-12-17,241.8,246.46,240.68,245.88,947722,0.0
2017-12-18,245.21,245.98,242.33,243.05,645750,0.0
2017-12-19,243.35,244.17,240.541,242.07,645262,0.0
2017-12-20,242.68,243.235,241.08,241.54,735187,0.0
2017-12-21,240.98,243.4,240.15,242.51,724156,0.0
2017-12-25,243.75,246.89,242.235,244.66,369038,0.0
2017-12-26,245,246.02,241.68,242.2,475138,0.0
2017-12-27,242.85,243.54,240.9582,242.35,564342,0.0
2017-12-28,241.34,242.51,240.28,240.54,478086,0.0
2018-01-01,241.34,252.03,241.29,249.24,1063782,0.0
2018-01-02,249.9,255.705,248.82,253.83,748201,0.0
2018-01-03,255.56,261.22,254.215,257.68,557639,0.0
2018-01-04,259.49,262.33,257.51,260.25,368466,0.0
2018-01-07,260.95,266.26,259.21,260.11,411666,0.0
2018-01-08,260.18,262.38,258.01,261.28,370192,0.0
2018-01-09,260.19,261.13,258.06,258.48,463753,0.0
2018-01-10,258.54,260.28,256.96,259.75,640078,0.0
2018-01-11,261.15,261.15,256.13,258.59,823996,0.0
2018-01-15,259.86,260.51,256.35,257.9,556387,0.0
2018-01-16,259.61,265.82,257.5,265.0955,777391,0.0
2018-01-17,264.92,267.13,263.36,266.33,400876,0.0
2018-01-18,268.04,273.17,266.79,273.01,561343,0.0
2018-01-21,273,274.68,268.77,272.3,483475,0.0
2018-01-22,271.49,272.46,268.82,271.21,372763,0.0
2018-01-23,272.49,277.13,269.18,275.92,504864,0.0
2018-01-24,277.57,279.23,272.38,272.89,625333,0.0
2018-01-25,275.14,276.01,272.75,275.47,444490,0.0
2018-01-28,275.14,276.339,272.96,273.95,464100,0.0
2018-01-29,272.87,276.05,267.78,268.31,655985,0.0
2018-01-30,269.13,271.56,263.7,264.72,1037892,0.0
2018-01-31,263.01,266.47,260.67,262.37,655044,0.0
2018-02-01,260.72,263.08,251.84,252.55,982587,0.0
2018-02-04,251.73,258.47,246.46,246.59,985747,0.0
2018-02-05,245.15,255.72,241.68,254.89,982043,0.0
2018-02-06,254.03,258.4,250.51,252.11,1198597,0.0
2018-02-07,256,262.36,248.441,252.21,1912219,0.0
2018-02-08,254.82,256.36,239.82,249.82,1323126,0.0
2018-02-11,250.6,252.89,244.66,248.2,580791,0.0
2018-02-12,247.09,248.87,243.08,245.29,497035,0.0
2018-02-13,244.06,249.52,242.38,247.54,701660,0.0
2018-02-14,248.62,252.29,247.6035,252.29,529443,0.0
2018-02-15,251.99,253.54,249.43,251.13,474101,0.0
2018-02-19,250.05,254.89,247.73,252.38,526729,0.0
2018-02-20,255.05,258.76,247.53,247.65,568178,0.0
2018-02-21,248.48,251.87,246.65,247.38,356138,0.0
2018-02-22,249.08,254.22,249.08,254.09,419037,0.0
2018-02-25,254.4,255.03,251.5,254.98,555029,0.0
2018-02-26,253.4,253.67,238.41,238.57,1412215,0.0
2018-02-27,240.88,250.31,239.01,244.2,762720,0.0
2018-02-28,243.63,248.16,240.54,243.26,635978,0.0
2018-03-01,242.33,244.13,237.7036,240.93,671229,0.0
2018-03-04,240,246.91,240,246.85,473314,0.0
2018-03-05,246.78,252.78,245.64,251.74,449298,0.0
2018-03-06,249.32,250.5,242.43,242.75,626468,0.0
2018-03-07,244.42,244.86,241.665,242.33,455070,0.0
2018-03-08,244.44,250.83,243.25,250.46,413385,0.0
2018-03-11,250.52,251.0081,246.01,249.1,422325,0.0
2018-03-12,250.13,253.44,248.15,250.82,370132,0.0
2018-03-13,251.4,253.145,248.19,249.13,300117,0.0
2018-03-14,249.55,252.48,248.5,248.84,281485,0.0
2018-03-15,250.08,253.342,248.3,251.15,516072,0.0
2018-03-18,250.16,254.11,246.43,248.71,498262,0.0
2018-03-19,249.63,250.57,246.879,247.61,289252,0.0
2018-03-20,247.43,251.895,246.9,247.11,421330,0.0
2018-03-21,244.9,247.4739,240.97,241.16,591580,0.0
2018-03-22,241.37,245.99,239.38,239.47,584378,0.0
2018-03-25,242.94,245.97,241.1,245.45,609798,0.0
2018-03-26,246.66,247.6898,238.26,238.96,499960,0.0
2018-03-27,239.4,245.49,239.26,242.72,462347,0.0
2018-03-28,243.86,249.96,243.86,247.37,438904,0.0
2018-04-01,245.48,247.36,232.335,236.1,834954,0.0
2018-04-02,236.63,240.83,234.2337,237.77,499230,0.0
2018-04-03,234.25,242.92,234.06,241.95,538930,0.0
2018-04-04,243.93,245,239.28,243.82,410255,0.0
2018-04-05,242.64,243.4,234.36,237.18,411298,0.0
2018-04-08,237.08,239.35,231.85,232.28,595832,0.0
2018-04-09,235.24,237.85,232.42,236.66,375317,0.0
2018-04-10,234.68,236.4899,232.3,232.79,488053,0.0
2018-04-11,232.21,234.115,229.79,229.79,576592,0.0
2018-04-12,231.15,232.22,222.65,224.85,1095014,0.0
2018-04-15,226.4,229.36,223.76,226.77,477977,0.0
2018-04-16,226.76,227.34,223.51,224.01,663868,0.0
2018-04-17,225.31,229.1,224.735,226.74,631716,0.0
2018-04-18,225.81,226.58,221.63,222.95,671118,0.0
2018-04-19,222.76,224.0899,217.64,221.49,662522,0.0
2018-04-22,222.24,224.46,220.945,222.56,482283,0.0
2018-04-23,224.33,227.62,223.08,224.62,815385,0.0
2018-04-24,224.4,229.59,224.4,228.22,1080032,0.0
2018-04-25,254.94,262,249.5,257.39,2843693,0.0
2018-04-26,259.23,265,256.53,263.31,1162619,0.0
2018-04-29,263.98,264.57,256.07,256.07,849551,0.0
2018-04-30,254.09,259.745,254.09,258.73,625595,0.0
2018-05-01,258.26,261.98,255.697,259.49,575837,0.0
2018-05-02,258.64,260.9886,255.16,258.9,437833,0.0
2018-05-03,257.18,262.3024,256.19,259.54,422301,0.0
2018-05-06,259.98,264,259.074,263.15,561691,0.0
2018-05-07,262.95,266.2,261.09,265.74,524822,0.0
2018-05-08,266.17,267.89,258.7334,265.35,789252,0.0
2018-05-09,265.55,265.55,261.75,265.2,338785,0.0
2018-05-10,264.96,270.89,262.92,269.65,453476,0.0
2018-05-13,269.67,274.95,267.745,272.93,590089,0.0
2018-05-14,271.81,273.55,266.64,272.51,484206,0.0
2018-05-15,273.38,274.96,269.93,271.27,392169,0.0
2018-05-16,266.39,276.34,266.39,272.89,502714,0.0
2018-05-17,272.99,273.9,270.61,272.11,324593,0.0
2018-05-20,273.85,278.835,272.28,276.14,445887,0.0
2018-05-21,280.02,280.4,264.5,267.43,847905,0.0
2018-05-22,266.58,271.31,266.316,271.26,541850,0.0
2018-05-23,270.29,271.5,265.11,268.67,534288,0.0
2018-05-24,267.99,269.92,267.56,268.25,330691,0.0
2018-05-28,266.4,270.3,265.265,269.15,372385,0.0
2018-05-29,270.1,273.87,267.7401,273.56,459770,0.0
2018-05-30,272.85,272.86,268.35,269.4,482228,0.0
2018-05-31,269.91,274.72,269.2643,272.47,389446,0.0
2018-06-03,273.15,279.34,272.87,277.72,352268,0.0
2018-06-04,277.44,277.705,274.51,275.82,497196,0.0
2018-06-05,276.34,279.65,275.84,279.09,478437,0.0
2018-06-06,279.79,287.66,278.54,282.78,473600,0.0
2018-06-07,281.53,284.16,281.26,283.13,319682,0.0
2018-06-10,282.62,286.51,282.31,284.85,365389,0.0
2018-06-11,284.95,286.86,283.725,284.73,334280,0.0
2018-06-12,284.25,284.86,281.56,281.65,348098,0.0
2018-06-13,282.74,284.26,280.37,281.89,418981,0.0
2018-06-14,280,285.06,279.91,282.91,723174,0.0
2018-06-17,281.86,283.57,280.33,282.1,265519,0.0
2018-06-18,280.17,283.2,278.8535,281.98,390827,0.0
2018-06-19,283.14,287,280.79,284.205,447785,0.0
2018-06-20,284.01,288.34,282.8,287.08,320941,0.0
2018-06-21,288.34,290.35,285.57,285.92,395171,0.0
2018-06-24,281.43,283.54,278.44,280.32,524171,0.0
2018-06-25,280.56,282.23,280.48,281.04,410974,0.0
2018-06-26,281.79,281.98,272.37,272.86,614767,0.0
2018-06-27,272.87,278.625,271.581,276.26,372924,0.0
2018-06-28,277.51,278,273.5,273.53,332465,0.0
2018-07-01,272.45,274.71,270.97,274.55,344763,0.0
2018-07-02,276.24,280.4,275.76,276.68,190589,0.0
2018-07-04,277.64,280.35,273.7425,279.73,259918,0.0
2018-07-05,280.88,283.5,279.32,282.95,243241,0.0
2018-07-08,284.24,290.34,283.64,289.38,592284,0.0
2018-07-09,289.4,290.01,285.68,288.12,284990,0.0
2018-07-10,286.82,286.99,281.18,283.37,249687,0.0
2018-07-11,285.35,287.32,283.58,284.9,293171,0.0
2018-07-12,285.47,289.39,285.47,285.97,237296,0.0
2018-07-15,286.62,287.63,283.39,285.3,431666,0.0
2018-07-16,284.59,289.76,284.11,289.5,460670,0.0
2018-07-17,289.76,290.81,288.21,290.44,354539,0.0
2018-07-18,290.02,300.07,288.43,299.24,681481,0.0
2018-07-19,299.09,299.81,296.58,297.33,398711,0.0
2018-07-22,297.05,301.69,291.54,299.53,431313,0.0
2018-07-23,300.91,300.91,293.01,294.12,510493,0.0
2018-07-24,294.31,297.37,291.1565,297.21,844826,0.0
2018-07-25,305,310,297.825,303.66,1106648,0.0
2018-07-26,303.58,305.045,298.115,300.45,359133,0.0
2018-07-29,299.68,305.76,299,304.63,416225,0.0
2018-07-30,303.09,306.3,301.62,306,322893,0.0
2018-07-31,302.66,305,301.02,302.61,334478,0.0
2018-08-01,301.73,310.11,301.41,308.94,585106,0.0
2018-08-02,309.39,312.99,308.46,311.88,398327,0.0
2018-08-05,312.33,315.86,311.17,315.47,323361,0.0
2018-08-06,315.5,316.57,312.05,315.67,239414,0.0
2018-08-07,316.39,321.01,316.31,318,351140,0.0
2018-08-08,317.66,320.22,316.39,318.75,189346,0.0
2018-08-09,316.1,319.86,315.79,318.98,265586,0.0
2018-08-12,319.96,320,314.085,314.4,350246,0.0
2018-08-13,317.01,325.36,317.01,323.21,449496,0.0
2018-08-14,320.71,327.21,318.3,324.76,409402,0.0
2018-08-15,326.51,329.21,325.4801,328.48,276117,0.0
2018-08-16,328.17,330.21,326.18,329.93,294132,0.0
2018-08-19,330.87,332.2729,326.365,330.11,259776,0.0
2018-08-20,331.48,334.02,328.29,329.97,259626,0.0
2018-08-21,328.85,332.4,328.24,328.66,338221,0.0
2018-08-22,329.13,332.23,327.75,331.8,296407,0.0
2018-08-23,332.15,333.33,328.9,330.68,251592,0.0
2018-08-26,332.22,332.9509,329.278,330.18,224322,0.0
2018-08-27,331.16,332.6049,328.99,332.04,178999,0.0
2018-08-28,332.14,335.3623,330.07,332.77,199244,0.0
2018-08-29,331.82,333.75,329.04,329.56,328885,0.0
2018-08-30,329.63,335.98,329.63,335.51,375803,0.0
2018-09-03,335.52,345.355,335.52,343.79,475947,0.0
2018-09-04,342.84,346.35,340.43,340.86,414619,0.0
2018-09-05,340.87,346.3,340.87,344.73,235921,0.0
2018-09-06,344.09,347.98,344.09,346.24,264973,0.0
2018-09-09,348.07,349.42,345.01,345.88,205816,0.0
2018-09-10,346.04,351.65,346.04,347.71,485897,0.0
2018-09-11,347.97,349.3641,342.78,343.92,356133,0.0
2018-09-12,343.08,345.225,339.77,341.81,525868,0.0
2018-09-13,342.74,343.9853,337.95,338.73,415106,0.0
2018-09-16,340.24,341.4699,334.85,336.64,503757,0.0
2018-09-17,331.15,342.29,329.99,340.48,558094,0.0
2018-09-18,340.73,343.99,340.11,342.92,297029,0.0
2018-09-19,343.65,344.93,340.94,344.52,264576,0.0
2018-09-20,345.5,345.62,342.19,344.51,544097,0.0
2018-09-23,341.59,346.15,338.55,343.05,304403,0.0
2018-09-24,344.41,345.74,342.79,344.36,231860,0.0
2018-09-25,345.65,349.27,345.32,345.86,244634,0.0
2018-09-26,345.12,348.304,344.32,345.81,242176,0.0
2018-09-27,345.99,349.21,345.2,347.31,282945,0.0
2018-09-30,349.38,349.48,344.45,345.8,352389,0.0
2018-10-01,346.85,346.85,342.03,342.07,287124,0.0
2018-10-02,343.57,345.795,342.615,343.5,267116,0.0
2018-10-03,343.74,344.43,338.07,339.36,237975,0.0
2018-10-04,339.6,344.74,338.38,340.8,287531,0.0
2018-10-07,340.61,346.71,340.39,344.31,313133,0.0
2018-10-08,344.52,349.665,344.52,345.55,304318,0.0
2018-10-09,344.47,345.84,336.05,336.58,457944,0.0
2018-10-10,334.66,340.25,328.17,330.35,385604,0.0
2018-10-11,334.12,340.62,332.58,339.55,379220,0.0
2018-10-14,339.72,346.01,338.21,343.49,339783,0.0
2018-10-15,342.33,347.99,337.755,347.26,459413,0.0
2018-10-16,346.77,347.5925,326.45,334.78,690989,0.0
2018-10-17,335,341.73,333.95,338.46,479414,0.0
2018-10-18,344.64,346,339.57,339.87,327334,0.0
2018-10-21,341.15,347.64,341.05,344.82,378546,0.0
2018-10-22,341.68,343.64,337.55,340.33,623138,0.0
2018-10-23,340.8,344.5,320.65,322.46,731168,0.0
2018-10-24,318,334,314.135,324.55,1514489,0.0
2018-10-25,319.4,331.76,315,326.08,665271,0.0
2018-10-28,330.15,333.24,324.77,329.46,336186,0.0
2018-10-29,330.69,335.28,327.32,330.5075,377068,0.0
2018-10-30,332.04,333,319.69,320.75,678172,0.0
2018-10-31,319.11,324.54,318.33,320.61,697539,0.0
2018-11-01,321.34,326.68,319.13,325.22,625851,0.0
2018-11-04,325.45,329.01,324.81,327.25,572243,0.0
2018-11-05,328.59,335,328.59,333.49,499836,0.0
2018-11-06,335.95,342.93,333.5409,342.16,677450,0.0
2018-11-07,341.76,354.48,340.83,353.51,542958,0.0
2018-11-08,354.45,356.26,349.86,354.74,512121,0.0
2018-11-11,353.6,355.27,346.92,349.39,647761,0.0
2018-11-12,355.32,359.06,353.34,357.52,518709,0.0
2018-11-13,359.94,363.2,354.15,354.62,546392,0.0
2018-11-14,352.79,352.827,343.74,346.01,703809,0.0
2018-11-15,343.3,353.09,342.22,352.54,530447,0.0
2018-11-18,352.62,358.42,349.832,354.24,481980,0.0
2018-11-19,350.36,350.96,335.83,336.07,740448,0.0
2018-11-20,337.64,346.285,337.64,345.44,430540,0.0
2018-11-22,343.22,353.38,343,350.77,229155,0.0
2018-11-25,354.52,358.495,350.26,350.99,390457,0.0
2018-11-26,350.08,356,350.08,353.09,525811,0.0
2018-11-27,352.77,359.09,352.1475,358.86,584416,0.0
2018-11-28,357.31,361.57,354.42,354.86,496572,0.0
2018-11-29,355.27,356.73,344.29,346.76,552135,0.0
2018-12-02,350.37,351.43,343.24,346.37,899222,0.0
2018-12-03,346.53,355.97,343,346.64,883606,0.0
2018-12-05,342.38,342.4,330.1,340.41,755717,0.0
2018-12-06,336.62,343.956,330.36,331.45,487193,0.0
2018-12-09,332.86,340.1199,328.41,338.08,491237,0.0
2018-12-10,340.58,346.67,339.52,342.65,533434,0.0
2018-12-11,346.61,355.44,346.49,353.62,612786,0.0
2018-12-12,352.65,355.5,350.43,354.65,563705,0.0
2018-12-13,352.98,356.4,347.81,348.16,585737,0.0
2018-12-16,346.94,347.51,338.81,340.92,563658,0.0
2018-12-17,342,347.34,341.2,344.1,454267,0.0
2018-12-18,343.16,348.915,338.01,340.35,572439,0.0
2018-12-19,340.05,340.87,327.33,332.8,680154,0.0
2018-12-20,330.77,339.97,329.37,330.6,997657,0.0
2018-12-23,330.23,333,326.71,327.22,304997,0.0
2018-12-25,329.26,344.5,329.26,344.5,434609,0.0
2018-12-26,340.57,343.04,331.025,343.04,508019,0.0
2018-12-27,345.31,346.48,338.58,341.96,453256,0.0
2018-12-30,345,346.1021,340.06,342.54,430094,0.0
2019-01-01,335.82,346.71,335.01,340.92,791004,0.0
2019-01-02,338.95,348.96,335.38,346.53,886164,0.0
2019-01-03,348.46,351.88,338.83,341.79,695596,0.0
2019-01-06,341.57,344.72,336.025,339.83,763137,0.0
2019-01-07,342.08,342.41,329.86,335.02,808395,0.0
2019-01-08,336.87,346.5,336.87,343.415,632418,0.0
2019-01-09,337,343.48,337,343.39,369999,0.0
2019-01-10,341.68,343.952,337.07,338.6,476178,0.0
2019-01-13,336.62,343.45,335.31,341.46,466601,0.0
2019-01-14,341.25,346.906,340,343.96,495580,0.0
2019-01-15,344.73,344.73,340,344.08,381358,0.0
2019-01-16,344.31,350.28,341.635,347.92,409175,0.0
2019-01-17,350.73,353.735,345.89,351.185,493416,0.0
2019-01-21,349.16,352.63,343.2582,344.55,434690,0.0
2019-01-22,345,349.18,342.51,347.34,338641,0.0
2019-01-23,348.81,348.82,339.49,339.93,517967,0.0
2019-01-24,341.67,342.8092,331.34,337.39,672320,0.0
2019-01-27,336.16,340.34,333.11,335.44,566184,0.0
2019-01-28,334.73,339.89,333.44,338.93,461489,0.0
2019-01-29,339.42,346.16,337.26,345.38,514238,0.0
2019-01-30,346.91,347.72,340,344.71,517839,0.0
2019-01-31,346.08,348.685,342.7725,346.945,709437,0.0
2019-02-03,348.22,356.48,345.5,355.92,650508,0.0
2019-02-04,356.19,359.77,354.35,358.32,598355,0.0
2019-02-05,356.58,359,352.31,353.975,721914,0.0
2019-02-06,361.6,366.02,353.7,365.975,1578628,0.0
2019-02-07,362.53,365.39,357.76,359.86,935472,0.0
2019-02-10,359.99,368.725,358.89,366.89,739745,0.0
2019-02-11,369.27,378.64,369.06,378.1575,942321,0.0
2019-02-12,379.39,379.91,375.125,377.66,660879,0.0
2019-02-13,376.31,383.68,372.865,382.785,497164,0.0
2019-02-14,386.11,388.51,382.07,387.91,614840,0.0
2019-02-18,388.27,394.42,382.08,384.305,549715,0.0
2019-02-19,383.58,386.49,379,383.49,411065,0.0
2019-02-20,382.39,383.15,378.57,380.44,400283,0.0
2019-02-21,382.41,385.9,380.8617,383.86,419020,0.0
2019-02-24,384.38,384.9999,372.91,375.17,619727,0.0
2019-02-25,381,383.8,376.115,377.9,737215,0.0
2019-02-26,378.28,379.25,366.95,367.97,602240,0.0
2019-02-27,364.28,372.7,363.6,372.02,682613,0.0
2019-02-28,373.1,374.805,366.96,370.99,510480,0.0
2019-03-03,371.46,376,366.79,370.56,573906,0.0
2019-03-04,371.98,377.69,367.24,374.67,421140,0.0
2019-03-05,376.02,376.73,371.2244,372.34,430294,0.0
2019-03-06,371.585,372.63,368.18,369.41,303964,0.0
2019-03-07,368,368.03,362.21,364.1,378841,0.0
2019-03-10,365,367.7073,362.555,366.27,417065,0.0
2019-03-11,367.35,368.36,361.54,365.66,437989,0.0
2019-03-12,366.95,369.6,365.01,367.27,404732,0.0
2019-03-13,366.03,368.48,362.785,368.14,512802,0.0
2019-03-14,364.72,370.68,363.28,370.04,460393,0.0
2019-03-17,369.26,378.33,368.8,375.81,548281,0.0
2019-03-18,375.82,379.39,373.02,374.3,354891,0.0
2019-03-19,372.97,378.02,371.26,375.47,366473,0.0
2019-03-20,375.19,385,373.25,384.61,439661,0.0
2019-03-21,385,385.805,375.98,376.22,391399,0.0
2019-03-24,381.5,387.11,377.36,385.89,421996,0.0
2019-03-25,387.11,387.8009,382.64,384.63,372893,0.0
2019-03-26,385.38,388.23,381.98,386.86,370636,0.0
2019-03-27,388.77,390.36,384.08,388.48,393871,0.0
2019-03-28,389.64,391.78,387.6343,388.67,652603,0.0
2019-03-31,391.4,394.42,388.85,391.75,283593,0.0
2019-04-01,393,395.05,390.54,394.34,433858,0.0
2019-04-02,396.37,398.0743,394.16,396.42,441242,0.0
2019-04-03,397,398.41,394,398.09,282282,0.0
2019-04-04,399.63,403.79,398.17,401,416864,0.0
2019-04-07,400.76,404.16,397.4515,402.01,364569,0.0
2019-04-08,400.67,401.46,397.5512,399.89,318274,0.0
2019-04-09,401.46,405.14,398.88,405.01,383951,0.0
2019-04-10,406.26,409.33,403.19,407.98,448490,0.0
2019-04-11,407.85,408.91,404.11,406.19,433990,0.0
2019-04-14,405.34,409.71,404.2,408.735,405901,0.0
2019-04-15,410.08,414.63,406.29,408.5,525456,0.0
2019-04-16,407.42,408.2,403.12,404.27,457141,0.0
2019-04-17,401,402.61,397.23,399.35,733418,0.0
2019-04-21,397.43,398.6,392.06,393.215,593035,0.0
2019-04-22,393.12,398.9195,392.465,395.78,844233,0.0
2019-04-23,396.75,400.93,394.46,396.75,699268,0.0
2019-04-24,380.43,382.2,367.1208,379.89,2146148,0.0
2019-04-25,380.63,381.01,374.03,380,996876,0.0
2019-04-28,380.95,383.77,373.35,375,647230,0.0
2019-04-29,373.72,378.88,370.5,378.57,708289,0.0
2019-04-30,377.69,381.8,373.28,373.46,579101,0.0
2019-05-01,373,381.605,372.2,381.03,664467,0.0
2019-05-02,382.37,383.11,375.48,375.78,616470,0.0
2019-05-05,372.49,377.06,370.5,375.76,544987,0.0
2019-05-06,373.12,375.7102,366.61,369.03,496108,0.0
2019-05-07,368.28,370.35,364.65,367.88,606542,0.0
2019-05-08,364.38,367.83,361.66,367.39,638479,0.0
2019-05-09,365.55,368.62,358.54,364.65,641940,0.0
2019-05-12,360.66,361.46,353.91,354.59,657410,0.0
2019-05-13,355.03,355.42,349.71,353.79,670219,0.0
2019-05-14,352.78,356.1,351.97,353.33,730353,0.0
2019-05-15,353.8,356.66,351.17,352.69,563213,0.0
2019-05-16,351.44,357.895,350.3625,352.91,553119,0.0
2019-05-19,350.58,355.76,349.84,354.15,477066,0.0
2019-05-20,356.31,363.795,356.31,362.64,802945,0.0
2019-05-21,360.97,369.82,360.1,368.47,842954,0.0
2019-05-22,365.18,367.9,362.12,365.99,588201,0.0
2019-05-23,368.49,372.33,362.24,366.85,624914,0.0
2019-05-27,368.67,376.28,368.58,369.3,581778,0.0
2019-05-28,368.2,370.49,363.44,367.13,499528,0.0
2019-05-29,368.57,373.14,366.44,372.38,389017,0.0
2019-05-30,368.85,372.16,366.29,371.34,447621,0.0
2019-06-03,377.97,380.59,372.95,374.6,594015,0.0
2019-06-04,375.34,381.5089,374.17,380.1,390383,0.0
2019-06-05,379.46,383.57,378.815,381.05,371960,0.0
2019-06-06,383.17,385.18,381.39,382.31,393769,0.0
2019-06-09,382.87,387.64,382.87,384.89,290799,0.0
2019-06-10,387.55,387.59,380.11,380.86,351525,0.0
2019-06-11,381.25,385.43,380.17,384.56,242912,0.0
2019-06-12,386.55,389.81,385.13,387.72,449056,0.0
2019-06-13,389.6,390.0998,386.17,388.02,608799,0.0
2019-06-16,389.18,391.15,383.28,383.86,551457,0.0
2019-06-17,384.77,387.37,382.54,385.33,517344,0.0
2019-06-18,384.65,385.25,369.241,379,587065,0.0
2019-06-19,382.02,383.77,373.0201,375.67,558333,0.0
2019-06-20,375.58,378.52,373.21,376.38,683057,0.0
2019-06-23,376.16,377.93,373.6,375.55,320299,0.0
2019-06-24,375.49,375.73,371.63,374.46,386621,0.0
2019-06-25,369.1,373.15,367.85,368.05,460592,0.0
2019-06-26,365.53,370.85,364.08,367.57,460173,0.0
2019-06-27,368.05,371.21,367.0272,369.31,392571,0.0
2019-06-30,373,376.8,371.1,374.5,463177,0.0
2019-07-01,374.39,386.215,374.39,383.09,575638,0.0
2019-07-02,383,387.67,382.09,386.24,337621,0.0
2019-07-04,385.79,387.49,383.35,386.13,270944,0.0
2019-07-07,385.51,390.45,385.15,386.265,349118,0.0
2019-07-08,386.13,388.972,384.11,385.22,404484,0.0
2019-07-09,388,389.93,384.33,389.2,491430,0.0
2019-07-10,390.81,395.85,386.55,393.5,460528,0.0
2019-07-11,395.46,403.63,394.55,401.97,441722,0.0
2019-07-14,403.46,403.89,399.13,403.3,289855,0.0
2019-07-15,403.22,407.03,402.57,405.69,466945,0.0
2019-07-16,405.58,407.2,398.81,399.65,411831,0.0
2019-07-17,392.47,403.67,385.52,403.13,840563,0.0
2019-07-18,403.61,404.92,396.45,396.69,503692,0.0
2019-07-21,398.12,400.055,393.64,394.71,606359,0.0
2019-07-22,396.76,398,388.81,392.47,534375,0.0
2019-07-23,390.71,397.77,390.27,396.6,492283,0.0
2019-07-24,385.51,400.99,375.22,376,1435497,0.0
2019-07-25,375,385.39,374.7,383.78,486842,0.0
2019-07-28,383.55,390.535,383.41,389.82,595808,0.0
2019-07-29,391.93,391.93,382.89,383.56,388746,0.0
2019-07-30,382.11,385.53,375.55,380.4,515057,0.0
2019-07-31,380.86,381.71,372.28,374.8,767359,0.0
2019-08-01,375.04,375.6002,368,370.05,538089,0.0
2019-08-04,366.41,366.99,359.855,363.6,714034,0.0
2019-08-05,366.67,375.18,362.5,373.42,640173,0.0
2019-08-06,369.37,376.57,368,375.84,610427,0.0
2019-08-07,377.04,382.3,375.55,381.73,437543,0.0
2019-08-08,382.04,384.74,375.43,378.31,444186,0.0
2019-08-11,376.75,377.99,368.78,370.93,598842,0.0
2019-08-12,367.81,381.27,364.58,373.64,653547,0.0
2019-08-13,368.5,374.365,366.64,369.46,606655,0.0
2019-08-14,371.77,378.9965,369.24,375.5,423379,0.0
2019-08-15,378.93,382.66,378.38,381.53,442604,0.0
2019-08-18,384.63,387.57,380.8655,385.78,488149,0.0
2019-08-19,386.66,389.845,382.78,383.18,432315,0.0
2019-08-20,388.02,388.735,382.385,384.15,336504,0.0
2019-08-21,385.36,386.5,380.06,382.02,355726,0.0
2019-08-22,379.36,383.21,375.95,377.67,382374,0.0
2019-08-25,378.43,380.87,375.0201,378.61,394722,0.0
2019-08-26,380.98,382.29,376.72,376.94,482386,0.0
2019-08-27,375.66,385.4,375,383.65,344599,0.0
2019-08-28,388,390.01,384.865,385.35,389207,0.0
2019-08-29,387.7,388.04,382.985,383.6,291784,0.0
2019-09-02,380,385.63,380,383.89,296655,0.0
2019-09-03,387.37,389.13,381.97,388.61,346690,0.0
2019-09-04,391.96,399.45,391.5,396.55,435576,0.0
2019-09-05,398.47,403.75,398.12,399.68,343333,0.0
2019-09-08,401.24,403,398.68,402.74,469186,0.0
2019-09-09,402.05,409.17,398.03,407.68,620749,0.0
2019-09-10,407.72,408.85,402.27,404.74,327808,0.0
2019-09-11,406,406.77,393.73,393.84,530054,0.0
2019-09-12,391,394.655,389.56,390.69,577647,0.0
2019-09-15,389.86,391.53,379.87,380.44,558898,0.0
2019-09-16,379.49,391.77,378.24,391.57,509023,0.0
2019-09-17,392.23,395.59,385.8,390.49,346787,0.0
2019-09-18,390.49,396.83,389.17,389.95,379587,0.0
2019-09-19,392.8,403.5,391.57,398.56,842280,0.0
2019-09-22,397.14,403.65,397.14,397.88,476461,0.0
2019-09-23,399.79,404.17,391.98,394.85,477737,0.0
2019-09-24,395.18,396.06,391.57,394.8,334275,0.0
2019-09-25,394.27,397.99,391.95,396.17,206008,0.0
2019-09-26,397.69,399.5,392.14,394.47,212683,0.0
2019-09-29,394.77,400.24,394.77,398.24,240595,0.0
2019-09-30,400.04,402.57,398.72,400.72,338981,0.0
2019-10-01,398.66,399.415,387.015,390.2,422262,0.0
2019-10-02,391,391.8,385.01,387.35,256355,0.0
2019-10-03,387.41,390.88,385.51,390.62,534513,0.0
2019-10-06,390.04,392.38,387.86,388.95,390167,0.0
2019-10-07,385.4,390.43,383.77,387.85,686374,0.0
2019-10-08,391.35,396.84,386.93,395.15,553926,0.0
2019-10-09,393.73,399.49,390.98,398.93,374244,0.0
2019-10-10,401.65,405.75,400.19,401.27,488298,0.0
2019-10-13,401.97,402.78,399.73,401.3,459209,0.0
2019-10-14,401.66,405.32,400,403.85,672205,0.0
2019-10-15,402.49,410.1,401.41,407.93,801784,0.0
2019-10-16,407.32,409.67,403.125,407.29,621533,0.0
2019-10-17,404.97,404.97,401.36,403.2,831447,0.0
2019-10-20,405.58,406.85,400.225,402.53,397060,0.0
2019-10-21,402.9,405.06,400.15,400.39,374259,0.0
2019-10-22,400,402.05,397.14,400.55,562616,0.0
2019-10-23,420,442.1493,414.87,437.23,1545528,0.0
2019-10-24,436.82,446.78,436.02,438.52,825260,0.0
2019-10-27,438.53,445.14,438.35,442.4,483195,0.0
2019-10-28,438.36,440.875,434.27,434.35,393605,0.0
2019-10-29,434.75,438.62,433.46,436.74,398633,0.0
2019-10-30,437.25,437.66,431.19,435.51,300157,0.0
2019-10-31,437.93,440.07,435.98,436.91,397376,0.0
2019-11-03,438.91,439.71,433.58,436.49,377923,0.0
2019-11-04,435.86,439.86,433,433.91,355303,0.0
2019-11-05,435.02,441.98,432.185,440.83,396025,0.0
2019-11-06,443.1,444.4,438.36,440.13,317931,0.0
2019-11-07,439.24,441.57,436.8,439.19,194684,0.0
2019-11-10,437.01,440.8533,436.8,439.96,239875,0.0
2019-11-11,438.15,442.315,436.2,439.9,362622,0.0
2019-11-12,439.89,443.31,436.73,441.52,210878,0.0
2019-11-13,442.36,443.83,439.36,443.18,205874,0.0
2019-11-14,445.37,445.37,440.585,445.22,348591,0.0
2019-11-17,446.03,454.31,445.87,449.85,394271,0.0
2019-11-18,451.37,453.985,444.22,444.49,288796,0.0
2019-11-19,444.47,447.67,436.7,438.71,536363,0.0
2019-11-20,436.91,441.35,433.37,434.95,368393,0.0
2019-11-21,437.58,438.46,434.2653,438.39,340621,0.0
2019-11-24,439.19,441.12,437.24,437.98,247778,0.0
2019-11-25,439.27,443.435,439.12,442.28,346000,0.0
2019-11-26,442.57,446.74,441.57,445.66,212167,0.0
2019-11-28,438.0035,447.7,438.0035,442.34,169282,0.0
2019-12-01,443.38,447.45,441.01,446.37,262372,0.0
2019-12-02,444.2,444.88,434.5,438.69,472589,0.0
2019-12-03,438.08,443.65,435.505,442,297857,0.0
2019-12-04,442.25,443.145,439.32,441.03,246001,0.0
2019-12-05,444.13,447.21,442.03,445.58,286530,0.0
2019-12-08,441.3,444.31,437.605,439.72,301498,0.0
2019-12-09,448.1,448.1,441.26,441.9,382410,0.0
2019-12-10,439.47,444.8,439.25,444.65,356305,0.0
2019-12-11,444.46,448.5312,440.98,440.98,318473,0.0
2019-12-12,438.56,442.56,436.71,441.35,409624,0.0
2019-12-15,443.65,445.82,440.42,440.51,483394,0.0
2019-12-16,441.21,446.38,441.21,443.66,354048,0.0
2019-12-17,443.69,444.296,439.71,440.53,317609,0.0
2019-12-18,435.47,444.16,433.63,442.79,331179,0.0
2019-12-19,445.66,446.395,439.26,441.16,576315,0.0
2019-12-22,441.86,442.5,435.5,437.38,245332,0.0
2019-12-23,435.9,439.84,435.9,439.83,109759,0.0
2019-12-25,440.72,442.04,436.53,439.28,199284,0.0
2019-12-26,439.65,440.9999,436.05,437.48,204592,0.0
2019-12-29,437.36,439.26,435.425,437.74,216134,0.0
2019-12-30,437.76,440.165,435.97,438.26,229035,0.0
2020-01-01,438.5,439.06,434.44,437.73,696243,0.0
2020-01-02,435.81,439.22,433.04,438.76,401678,0.0
2020-01-05,437.03,437.03,429.22,434.83,719462,0.0
2020-01-06,433.94,434.51,425.28,428.74,519849,0.0
2020-01-07,428.87,437.57,428.87,431.9,376446,0.0
2020-01-08,434.99,439.54,433.45,437.32,394614,0.0
2020-01-09,437.88,438.39,434.9,436.91,436552,0.0
2020-01-12,436.63,437.84,433.07,435.44,482089,0.0
2020-01-13,434.16,438.79,432.5,438.55,365590,0.0
2020-01-14,436.87,440.34,436.78,438.26,294333,0.0
2020-01-15,439.9,443.99,438.45,441.04,711779,0.0
2020-01-16,442.68,442.8,436.16,440.58,460206,0.0
2020-01-20,439.92,446.83,439.81,440.5,891627,0.0
2020-01-21,441.18,443.855,433.52,435.87,1242289,0.0
2020-01-22,432.74,436.91,430.89,436.06,1112766,0.0
2020-01-23,437.46,439.12,429.71,430.77,647093,0.0
2020-01-26,425.88,428.845,425.88,426.81,346435,0.0
2020-01-27,427.35,429.84,425.59,428.07,375181,0.0
2020-01-28,427.7,429.525,423.895,424.13,324968,0.0
2020-01-29,420.7,420.79,417,419.79,534018,0.0
2020-01-30,415.28,417.95,405,405.81,1018744,0.0
2020-02-02,407.84,412.07,405.87,406.22,587789,0.0
2020-02-03,409.78,415.96,407.47,407.62,574572,0.0
2020-02-04,410.53,421.71,409.69,419.88,825736,0.0
2020-02-05,404.28,412.49,388.425,398.13,2024014,0.0
2020-02-06,396.28,397.49,386.18,387.68,1082701,0.0
2020-02-09,385.33,392,385.33,391.32,726751,0.0
2020-02-10,388.13,394.33,387.77,389.7,1152298,0.0
2020-02-11,391.19,393.26,389.325,392.465,767328,0.0
2020-02-12,391.84,396.23,391.84,392.59,637787,0.0
2020-02-13,393.59,396.01,389.77,390.84,812893,0.0
2020-02-17,395.72,399.36,391.3101,396.04,1002325,0.0
2020-02-18,394.96,398.1057,390.5,392.11,655881,0.0
2020-02-19,391.15,395.72,388.69,395.32,1039874,0.0
2020-02-20,393.3,394.21,389.37,391.64,542144,0.0
2020-02-23,386.15,391.29,385.48,387.75,627155,0.0
2020-02-24,389.71,390.9,376.75,377.26,889512,0.0
2020-02-25,379.5,384.21,376.72,377.7,733877,0.0
2020-02-26,371.24,380.93,370.0643,370.43,964265,0.0
2020-02-27,360.91,372.5,358.87,368.6,1495597,0.0
2020-03-01,367.01,378.38,364.45,378.38,1111916,0.0
2020-03-02,368.43,380.48,362.25,364.08,1218837,0.0
2020-03-03,368.02,377.5,363.62,377.19,582860,0.0
2020-03-04,368.87,371.9436,358.45,361.33,999266,0.0
2020-03-05,354.03,369.57,352.235,368.16,742195,0.0
2020-03-08,358.56,380,355.0001,373.62,1384661,0.0
2020-03-09,381.68,394.55,381.13,393.56,1161775,0.0
2020-03-10,385.51,387.47,370.99,374.32,2086484,0.0
2020-03-11,359.89,361.66,330.24,330.24,1243393,0.0
2020-03-12,344,354.92,328.71,354.3,816016,0.0
2020-03-15,325.72,336.0017,298.5301,299.64,2113942,0.0
2020-03-16,307.18,331.29,301.89,328.72,1015090,0.0
2020-03-17,291.21,312.48,274.94,293.91,1017487,0.0
2020-03-18,291.27,306.32,277.36,291.06,1701294,0.0
2020-03-19,290.73,291.5317,261,263.42,1024489,0.0
2020-03-22,255.85,270.8394,251.515,260.93,1794807,0.0
2020-03-23,272.27,294.99,271,277.35,2568154,0.0
2020-03-24,279.51,314.735,274.93,298.98,2017018,0.0
2020-03-25,300,329,300,326.75,1467785,0.0
2020-03-26,315.1,325.52,307.2171,313,825163,0.0
2020-03-29,315.25,320.85,306.56,318.06,1289812,0.0
2020-03-30,309.76,313.61,299.37,300.95,771645,0.0
2020-03-31,288.42,300.97,283.59,287.25,913275,0.0
2020-04-01,288.94,303.94,288.94,303.29,974576,0.0
2020-04-02,300.97,302.97,289.31,294.94,839269,0.0
2020-04-05,311.37,337.8,308.78,333.04,2026974,0.0
2020-04-06,345,348.97,329.19,336.08,1675916,0.0
2020-04-07,338.55,353.855,336.3,340.02,936510,0.0
2020-04-08,342.95,351.96,338.25,342.44,789286,0.0
2020-04-12,341.28,348.94,332.16,347.92,853981,0.0
2020-04-13,352.98,362.94,352.98,356.26,1090696,0.0
2020-04-14,347,356,344.5,354.23,1236850,0.0
2020-04-15,361.77,374.935,357,367.62,3664378,0.0
2020-04-16,377.73,385.545,365.59,373.79,1793681,0.0
2020-04-19,368.39,376.55,365.04,374.03,2048982,0.0
2020-04-20,368.37,373.55,357.62,358.29,3687371,0.0
2020-04-21,362.51,370.77,361.01,366.69,1879571,0.0
2020-04-22,386.45,389.59,366.18,374.54,6014590,0.0
2020-04-23,381.98,390.04,375.865,384.82,1764991,0.0
2020-04-26,385.92,394.65,384.835,389.22,1039696,0.0
2020-04-27,398.59,399.99,383.64,384.5,831007,0.0
2020-04-28,390.9,394.5,387.19,391.02,498498,0.0
2020-04-29,387.19,389.52,382.845,386.34,961469,0.0
2020-04-30,379.39,382.33,373.57,376.36,493076,0.0
2020-05-03,374.74,388.79,373.14,387.85,1049670,0.0
2020-05-04,390,395.41,388.52,390.55,468969,0.0
2020-05-05,394.03,402.95,388.4956,397.4,1590952,0.0
2020-05-06,401,407,384.76,386.97,1514654,0.0
2020-05-07,394.13,405.35,393.51,402.51,582786,0.0
2020-05-10,396.53,402.21,394.36,398.95,884010,0.0
2020-05-11,397.75,400.94,393.76,394.22,439957,0.0
2020-05-12,392.43,398.97,385.13,389.87,1317322,0.0
2020-05-13,386.66,398.93,377.2678,398.26,1066698,0.0
2020-05-14,394.75,408.17,392.07,407.46,2022408,0.0
2020-05-17,416.3,423.31,408.84,409.66,805800,0.0
2020-05-18,410,417,405.95,409.56,609243,0.0
2020-05-19,410,413.92,403.25,407.18,1056442,0.0
2020-05-20,407.88,411.37,400.02,404.45,400656,0.0
2020-05-21,403.33,405.4,398.5,405.03,385357,0.0
2020-05-25,413.08,416.1875,397.69,399.13,750241,0.0
2020-05-26,402.96,416.29,401.95,415.25,588316,0.0
2020-05-27,415,417.79,411.29,413.37,763734,0.0
2020-05-28,414.82,418.9,411.95,417.44,401186,0.0
2020-05-31,418.95,422.76,415.81,417.37,437084,0.0
2020-06-01,420.39,422.5,417.26,419.7,887678,0.0
2020-06-02,419.93,425.82,417.69,420.82,414523,0.0
2020-06-03,420.07,421.72,410.8,413.87,617384,0.0
2020-06-04,417.9,423.645,414.38,422.855,935190,0.0
2020-06-07,419.71,425.46,417.63,419.47,812484,0.0
2020-06-08,417.33,424,416.21,423.14,1346618,0.0
2020-06-09,422.71,423.81,415.72,416.26,458220,0.0
2020-06-10,410.98,418.17,408.81,409.42,943342,0.0
2020-06-11,415,415.61,403.99,405.67,146267,0.0
2020-06-14,403.35,418.38,403,415.85,355498,0.0
2020-06-15,426.99,428.9,415.65,426.011,597434,0.0
2020-06-16,427.47,432,423.7,426.14,706824,0.0
2020-06-17,425.11,427.33,421.51,426.14,657234,0.0
2020-06-18,430.63,430.73,418.96,421.6,1104921,0.0
2020-06-21,421.78,432.3,419.44,430.98,418597,0.0
2020-06-22,432.97,434.37,426.42,427.48,463579,0.0
2020-06-23,425,428.86,412.55,413.85,490462,0.0
2020-06-24,413.22,417.965,409.17,417.66,437635,0.0
2020-06-25,420.73,424.425,411.78,415.47,784455,0.0
2020-06-28,419.89,422.745,414.31,422.44,344918,0.0
2020-06-29,419.76,424.55,415.28,421.1,388783,0.0
2020-06-30,419.94,427.66,416.13,426.15,468922,0.0
2020-07-01,430.64,432.19,424.83,428.2,403378,0.0
