Date,Open,High,Low,Close,Volume,OpenInterest
2016-07-10,52.16,53.13,52.14,53,1658850,0.0
2016-07-11,53.56,54.26,53.08,54.14,2095581,0.0
2016-07-12,54.47,54.48,53.66,53.9,1354860,0.0
2016-07-13,54.62,55,54.07,54.07,1495771,0.0
2016-07-14,54.41,54.42,53.7,53.82,1506902,0.0
2016-07-17,53.77,54.73,53.43,54.55,2011497,0.0
2016-07-18,53.3,54.49,53.21,53.65,1990335,0.0
2016-07-19,53.83,55.26,53.7541,54.96,2453098,0.0
2016-07-20,54.81,55.53,54,54.71,1917601,0.0
2016-07-21,54.98,55.05,54.09,55,1293431,0.0
2016-07-24,54.86,55.91,54.66,55.91,3312800,0.0
2016-07-25,56.2,58.53,56.14,58.36,4406232,0.0
2016-07-26,58.71,59.6,58.36,59.09,2714228,0.0
2016-07-27,58.9,59.03,57.865,58.53,2248336,0.0
2016-07-28,58.57,59.17,57.4,58.97,1547972,0.0
2016-07-31,58.84,59.1,58.13,58.54,1314173,0.0
2016-08-01,58.42,58.6,57.7,57.82,2147528,0.0
2016-08-02,57.46,58.04,57.03,57.74,1929346,0.0
2016-08-03,57.78,58.0599,57.12,57.34,1880812,0.0
2016-08-04,57.56,58.08,57.52,57.96,1302273,0.0
2016-08-07,58.19,58.55,57.97,58.12,790903,0.0
2016-08-08,58.22,58.5899,57.65,57.94,1009394,0.0
2016-08-09,57.94,58.18,57.51,57.72,1087318,0.0
2016-08-10,58,58.18,57.3004,57.91,699234,0.0
2016-08-11,57.67,58.06,57.57,57.71,920855,0.0
2016-08-14,57.65,58.94,57.65,58.83,1893866,0.0
2016-08-15,58.6,59.18,58.42,58.89,2031598,0.0
2016-08-16,58.92,59.13,57.7909,59.08,1150316,0.0
2016-08-17,59.24,59.54,59,59.53,1228064,0.0
2016-08-18,59.44,59.97,59.3,59.92,1862019,0.0
2016-08-21,59.63,60.13,59.56,59.92,1375517,0.0
2016-08-22,60.11,60.49,60.01,60.04,836988,0.0
2016-08-23,59.87,60.18,59.65,59.76,812184,0.0
2016-08-24,59.7,59.94,59.516,59.94,638644,0.0
2016-08-25,60.1,60.75,59.6,59.86,917431,0.0
2016-08-28,59.85,60.52,59.5,60.27,788134,0.0
2016-08-29,60.28,60.57,59.98,60.5,1141450,0.0
2016-08-30,60.21,60.38,59.55,59.84,807540,0.0
2016-08-31,59.99,60.16,58.89,59.53,1468771,0.0
2016-09-01,59.95,60,59.07,59.21,2135824,0.0
2016-09-05,58.92,59.155,57.73,57.84,3506767,0.0
2016-09-06,57.99,57.99,57.35,57.49,4256781,0.0
2016-09-07,57.67,57.67,57.16,57.47,2303157,0.0
2016-09-08,56.95,57.305,56.1,56.11,1706133,0.0
2016-09-11,55.72,57.26,55.54,57.17,1773849,0.0
2016-09-12,56.61,57.17,56.2,56.36,1325481,0.0
2016-09-13,55.19,56.935,55.19,56.74,1216251,0.0
2016-09-14,56.75,57.11,56.34,56.93,2172498,0.0
2016-09-15,56.58,56.96,56.02,56.57,2319003,0.0
2016-09-18,56.96,57.33,56.5499,56.68,1390137,0.0
2016-09-19,57.12,57.51,56.89,57.28,2771607,0.0
2016-09-20,57.4,57.92,57.25,57.77,1635188,0.0
2016-09-21,58.33,58.77,58,58.46,1239858,0.0
2016-09-22,58.42,58.65,57.1,57.92,1038742,0.0
2016-09-25,57.57,57.83,57.14,57.19,943355,0.0
2016-09-26,57.1,57.44,56.77,57.38,1245642,0.0
2016-09-27,57.49,58.55,57.49,58.51,937968,0.0
2016-09-28,58.38,58.875,57.79,57.89,1013580,0.0
2016-09-29,58.4,59.3,57.99,58.76,1407067,0.0
2016-10-02,58.48,58.92,58.36,58.78,703575,0.0
2016-10-03,58.76,59.83,58.675,59.1,1504325,0.0
2016-10-04,59.24,60,58.7,59.82,872596,0.0
2016-10-05,59.64,59.83,59.35,59.76,871001,0.0
2016-10-06,59.51,60.21,58.745,59.03,1174088,0.0
2016-10-09,59.35,59.5,58.42,58.51,840105,0.0
2016-10-10,58.44,58.6089,57.165,57.43,1620604,0.0
2016-10-11,57.35,58.05,56.58,57.45,1941601,0.0
2016-10-12,56.84,57.02,56.29,56.69,1119476,0.0
2016-10-13,57.04,57.41,56.68,56.83,829156,0.0
2016-10-16,56.89,57.19,56.75,56.81,752170,0.0
2016-10-17,57.46,57.7,56.79,56.92,1222874,0.0
2016-10-18,56.79,57.18,56.35,56.94,1087294,0.0
2016-10-19,56.94,56.94,55.93,56.62,1229700,0.0
2016-10-20,55.93,56.69,55.32,56.49,1583816,0.0
2016-10-23,56.88,57.54,56.33,56.35,1789760,0.0
2016-10-24,55.01,56.78,54.25,54.81,3995431,0.0
2016-10-25,54.56,55.495,54.04,55.25,2170992,0.0
2016-10-26,55.42,55.56,54.52,55.28,1837571,0.0
2016-10-27,55.34,55.82,55.104,55.39,2347244,0.0
2016-10-30,55.64,55.85,54.88,54.92,1888872,0.0
2016-10-31,55.03,55.17,54.11,54.6,1240203,0.0
2016-11-01,54.59,55.16,54.35,54.53,1860370,0.0
2016-11-02,54.62,54.95,54,54.13,1612770,0.0
2016-11-03,53.62,55.15,53.62,54.53,1765372,0.0
2016-11-06,55.44,55.885,55.1627,55.76,1222298,0.0
2016-11-07,55.66,55.88,54.81,55.56,1305637,0.0
2016-11-08,53.38,58.25,53.38,57.96,2206426,0.0
2016-11-09,58.12,60.4,58.12,60.33,3356960,0.0
2016-11-10,59.9,60.44,58.38,59.17,1891988,0.0
2016-11-13,59.33,59.89,58.73,59.55,1779837,0.0
2016-11-14,59.48,60.695,59.19,60.63,1759993,0.0
2016-11-15,60.39,60.41,59.79,60.29,1502703,0.0
2016-11-16,59.98,60.37,59.86,60.02,1141757,0.0
2016-11-17,59.8,60.12,59.61,59.77,1037483,0.0
2016-11-20,60.04,60.52,59.89,60.14,816313,0.0
2016-11-21,60.38,60.84,60.15,60.75,1150610,0.0
2016-11-22,60.92,62.22,60.63,61.98,1416998,0.0
2016-11-24,62.19,62.19,61.58,62,486726,0.0
2016-11-27,61.88,62,60.935,61,1087184,0.0
2016-11-28,60.93,61.4599,60.4897,61.27,1286399,0.0
2016-11-29,61.61,62.62,61.61,62.15,1519788,0.0
2016-11-30,58.78,63.3,58.78,63.04,1687471,0.0
2016-12-01,62.77,63.31,62.08,63.1,1252175,0.0
2016-12-04,63.91,65.5,63.65,65.41,2820167,0.0
2016-12-05,65.1,65.355,64.04,64.44,2876524,0.0
2016-12-06,64.71,67.97,64.25,67.63,2719930,0.0
2016-12-07,67.42,68.41,67.03,68.07,2475474,0.0
2016-12-08,68.5,68.5,67.07,67.68,1819412,0.0
2016-12-11,67.67,68.02,66.75,67.11,1580322,0.0
2016-12-12,67.44,67.74,66.78,67.17,1437601,0.0
2016-12-13,66.37,66.9,65.5,65.72,1311025,0.0
2016-12-14,65.72,66.25,65.135,65.37,2348750,0.0
2016-12-15,65.66,65.94,64.99,65.1,1761681,0.0
2016-12-18,64.94,65.8,64.8,65.21,1051187,0.0
2016-12-19,65.27,65.84,65.01,65.7,1101051,0.0
2016-12-20,65.68,66.02,65.14,65.36,1150411,0.0
2016-12-21,65.35,65.37,64.77,65.14,720808,0.0
2016-12-22,65.18,65.83,65.01,65.43,576667,0.0
2016-12-26,65.54,66.01,65.36,65.62,364356,0.0
2016-12-27,65.87,65.975,64.82,64.96,854734,0.0
2016-12-28,64.97,65.3,64.32,64.37,873881,0.0
2016-12-29,64.54,64.96,63.77,63.91,1340374,0.0
2017-01-02,64.62,65.93,64.61,65.27,1636808,0.0
2017-01-03,65.7,66.39,65.65,66.21,1929835,0.0
2017-01-04,65.9,66.23,64.97,65.14,1239601,0.0
2017-01-05,65.55,66.35,64.95,65.88,1376022,0.0
2017-01-08,65.75,65.99,64.76,65.07,989636,0.0
2017-01-09,65.27,66.31,65.11,66.25,1425729,0.0
2017-01-10,66.25,66.82,66.02,66.81,1147002,0.0
2017-01-11,66.8,66.8,65.69,66.33,1093442,0.0
2017-01-12,67.06,67.65,66.775,67.52,1198633,0.0
2017-01-16,67.13,67.46,66.61,66.92,891825,0.0
2017-01-17,66.9,66.91,66.18,66.31,2006077,0.0
2017-01-18,66.54,66.7,65.48,65.74,1693638,0.0
2017-01-19,66,66.31,65.42,66.01,1449452,0.0
2017-01-22,66.01,66.01,65.23,65.47,1415607,0.0
2017-01-23,65.65,66.91,65.65,66.7,1300282,0.0
2017-01-24,67,68.69,66.82,68.4,1790961,0.0
2017-01-25,68.28,68.44,67.7247,68.08,1265593,0.0
2017-01-26,68.17,68.19,67.13,67.59,1285217,0.0
2017-01-29,67.36,67.75,66.4,67.62,3137727,0.0
2017-01-30,65.92,68.64,64.96,67.31,3957997,0.0
2017-01-31,67.64,69.8,67.37,68.63,2525505,0.0
2017-02-01,68.24,68.97,67.38,67.59,1473321,0.0
2017-02-02,67.32,68.87,67.32,68.49,1494934,0.0
2017-02-05,68.05,68.57,67.57,68.06,1131054,0.0
2017-02-06,68.07,68.59,67.53,67.63,877001,0.0
2017-02-07,67.6,67.6,66.67,66.84,1539120,0.0
2017-02-08,67,68.32,66.7,68.19,1571885,0.0
2017-02-09,68.21,68.87,67.88,68.73,1461193,0.0
2017-02-12,69,69.89,68.94,69.87,1467299,0.0
2017-02-13,69.74,70.12,69.53,70.07,1644088,0.0
2017-02-14,69.68,70.07,69.27,69.79,1024959,0.0
2017-02-15,69.88,69.92,68.445,68.72,1126027,0.0
2017-02-16,68.5,68.88,67.65,68.84,1023444,0.0
2017-02-20,68.93,69.18,68.38,68.77,1238418,0.0
2017-02-21,68.4,68.54,67.71,68.04,986947,0.0
2017-02-22,68.2,68.49,67.11,67.44,982178,0.0
2017-02-23,67.34,67.58,66.66,67.41,1264294,0.0
2017-02-26,67.31,67.69,67.01,67.61,1389023,0.0
2017-02-27,67.53,67.65,66.65,66.81,988694,0.0
2017-02-28,67.47,69.51,67.37,69.19,2044577,0.0
2017-03-01,68.94,68.98,67.28,67.38,1891992,0.0
2017-03-02,67.58,68.715,67.41,68.63,1677370,0.0
2017-03-05,68.23,68.76,67.51,68.275,1329134,0.0
2017-03-06,67.91,68.63,67.52,67.57,1240116,0.0
2017-03-07,67.66,67.9731,67.11,67.31,1085165,0.0
2017-03-08,67.02,67.4696,66.23,66.72,1395752,0.0
2017-03-09,66.91,67.85,66.91,67.72,1234134,0.0
2017-03-12,67.76,68.16,67.71,67.88,951479,0.0
2017-03-13,67.67,67.67,66.64,67.38,856666,0.0
2017-03-14,67.81,69.13,67.75,68.86,1221484,0.0
2017-03-15,68.95,69.205,68.69,68.89,1277786,0.0
2017-03-16,69.01,69.61,68.8,69.525,2436991,0.0
2017-03-19,69.44,69.6,68.79,69.11,1317020,0.0
2017-03-20,69.24,69.43,67.35,67.65,2292801,0.0
2017-03-21,67.52,67.9,67.055,67.53,1106624,0.0
2017-03-22,67.55,67.865,67.04,67.58,981181,0.0
2017-03-23,67.74,68.065,67.29,67.62,785390,0.0
2017-03-26,66.99,67.25,65.76,66.48,1316957,0.0
2017-03-27,66.06,67.37,66.06,67.08,873696,0.0
2017-03-28,66.9,67.9377,66.8903,67.66,1050881,0.0
2017-03-29,67.36,67.83,67.2,67.64,649721,0.0
2017-03-30,67.29,67.79,67.03,67.2,872111,0.0
2017-04-02,67.31,67.34,65.84,66.84,1019933,0.0
2017-04-03,66.62,66.96,66.28,66.62,1366295,0.0
2017-04-04,66.95,68.12,66.67,66.75,1771127,0.0
2017-04-05,66.92,67.39,66.7,67.17,892081,0.0
2017-04-06,67.08,67.79,66.83,67.16,1056228,0.0
2017-04-09,66.98,68.03,66.5998,67.66,921281,0.0
2017-04-10,67.33,67.6703,66.65,67.53,1089911,0.0
2017-04-11,67.46,67.52,65.55,65.65,1292603,0.0
2017-04-12,65.62,65.96,64.59,64.63,1410708,0.0
2017-04-16,64.98,65.39,64.43,65.34,1002766,0.0
2017-04-17,64.26,64.98,64.01,64.2,2030972,0.0
2017-04-18,64.55,65,64.3,64.55,1480782,0.0
2017-04-19,64.86,66.08,64.49,65.86,1103462,0.0
2017-04-20,66.09,66.4,65.44,65.765,1576533,0.0
2017-04-23,67.26,68.11,67.1,67.74,2252091,0.0
2017-04-24,66.35,67.21,65,65.76,3373007,0.0
2017-04-25,65.71,66.59,65.14,65.34,2442523,0.0
2017-04-26,65.4,66.44,64.99,66.41,1699867,0.0
2017-04-27,66.46,66.945,65.78,66.73,1434576,0.0
2017-04-30,66.97,66.97,65.92,66.18,1287640,0.0
2017-05-01,67.33,68.16,67.07,68.06,1965490,0.0
2017-05-02,69.17,69.17,67.08,67.36,1056480,0.0
2017-05-03,67.46,67.88,66.4,66.91,1186186,0.0
2017-05-04,67,67.42,66.6,67.04,835943,0.0
2017-05-07,67.05,67.08,65.825,66.27,1671266,0.0
2017-05-08,66.23,66.59,66.03,66.29,911856,0.0
2017-05-09,66.08,66.41,65.69,65.97,1180172,0.0
2017-05-10,64.35,64.89,63.51,64.37,3787756,0.0
2017-05-11,64.14,64.23,63.12,63.37,1916588,0.0
2017-05-14,63.39,63.9,63.39,63.78,1564305,0.0
2017-05-15,64.02,64.46,63.57,64.44,1644815,0.0
2017-05-16,63.75,63.96,63.25,63.38,1539441,0.0
2017-05-17,63.04,63.26,62.094,62.35,1835210,0.0
2017-05-18,62.42,63.275,62.33,62.81,1547523,0.0
2017-05-21,63.06,63.38,62.72,62.88,1006281,0.0
2017-05-22,63.07,63.1,62.28,62.8,858982,0.0
2017-05-23,62.95,63.01,62.23,62.69,1079492,0.0
2017-05-24,62.77,63.12,62.15,62.69,1026513,0.0
2017-05-25,62.69,63,62.44,62.63,766687,0.0
2017-05-29,62.52,62.91,62.39,62.63,655331,0.0
2017-05-30,62.81,62.98,62.01,62.96,982891,0.0
2017-05-31,63.16,64.04,62.646,63.7,1004867,0.0
2017-06-01,63.66,64.43,62.97,63.14,2914640,0.0
2017-06-04,62.92,63,61.93,62.33,1721810,0.0
2017-06-05,64.35,65.14,63.58,64.12,3080757,0.0
2017-06-06,64.21,64.51,62.87,63.45,1305547,0.0
2017-06-07,63.6,64.27,63.41,63.97,1087357,0.0
2017-06-08,64.01,64.47,63.82,63.99,753521,0.0
2017-06-11,63.72,64.93,63.72,64.58,1247873,0.0
2017-06-12,64.73,64.9375,64.2,64.33,1032034,0.0
2017-06-13,64.13,64.28,63.47,63.89,951084,0.0
2017-06-14,64.49,65.25,64.15,65.11,1394849,0.0
2017-06-15,64.9,65.23,64.45,65.21,1485090,0.0
2017-06-18,65.45,65.45,64.8,65.19,900574,0.0
2017-06-19,64.98,65.01,63.97,63.99,743352,0.0
2017-06-20,63.92,63.94,62.585,62.75,942708,0.0
2017-06-21,62.56,63.09,62.32,62.75,793202,0.0
2017-06-22,62.77,63.17,62.49,62.52,636347,0.0
2017-06-25,62.77,63.32,62.5751,63.19,664496,0.0
2017-06-26,63.11,63.77,62.78,62.81,999360,0.0
2017-06-27,63.05,65.505,62.97,65.37,1660204,0.0
2017-06-28,65.35,65.97,64.6893,65.32,2080573,0.0
2017-06-29,66.05,66.395,65.38,66.06,1547226,0.0
2017-07-02,66.41,67.43,66.18,66.99,1102395,0.0
2017-07-04,67.17,67.35,65.84,66.39,1883711,0.0
2017-07-05,66.42,68,66.32,67.2,2349589,0.0
2017-07-06,67.43,68.11,66.845,67.62,1062744,0.0
2017-07-09,67.46,68.94,67.4,68.48,1413670,0.0
2017-07-10,68.4,68.87,68.03,68.51,1135651,0.0
2017-07-11,69.17,69.56,68.48,68.54,1053963,0.0
2017-07-12,68.64,68.81,68.08,68.28,1137787,0.0
2017-07-13,67.87,68.87,67.82,68.64,696903,0.0
2017-07-16,68.65,68.88,68.14,68.24,1120385,0.0
2017-07-17,68.1,68.51,67.88,68.445,884230,0.0
2017-07-18,68.03,68.625,67.76,68.53,1128766,0.0
2017-07-19,68.78,69.36,68.17,68.56,830072,0.0
2017-07-20,68.42,69.04,68.13,68.86,1049857,0.0
2017-07-23,69.07,69.42,68.61,69.2,1870124,0.0
2017-07-24,69.88,70.32,67.25,68.63,3712370,0.0
2017-07-25,68.68,69.36,68.37,68.58,1255498,0.0
2017-07-26,68.27,68.73,67.66,68.16,981040,0.0
2017-07-27,67.9,68.42,67.68,68.17,1045897,0.0
2017-07-30,68.48,69.01,68.2,68.45,681567,0.0
2017-07-31,68.69,68.69,66.5,67.04,1547263,0.0
2017-08-01,66.66,67.48,66.44,67.43,1264971,0.0
2017-08-02,67.58,68.35,67.28,67.61,1219032,0.0
2017-08-03,67.85,68.76,67.83,68.57,1096277,0.0
2017-08-06,68.47,68.89,68.19,68.54,766483,0.0
2017-08-07,68.33,69.04,67.81,67.9,1071251,0.0
2017-08-08,67.75,68,67.03,67.21,991119,0.0
2017-08-09,66.53,66.8983,65.17,65.2,1638298,0.0
2017-08-10,65.46,65.46,64.76,64.82,1121380,0.0
2017-08-13,65.15,65.52,64.825,65.2,941487,0.0
2017-08-14,65.46,65.59,64.66,64.87,953524,0.0
2017-08-15,65.1,65.36,64.34,64.43,626283,0.0
2017-08-16,64.16,64.16,63.01,63.15,1367417,0.0
2017-08-17,63,63.25,62.79,63,1382534,0.0
2017-08-20,63.03,63.585,62.72,63.24,906577,0.0
2017-08-21,63.53,64.5,63.3,64.44,1291281,0.0
2017-08-22,64.04,64.29,63.82,64.01,835123,0.0
2017-08-23,64.1,64.29,63.73,63.8,841475,0.0
2017-08-24,64.21,64.54,63.86,64.02,708234,0.0
2017-08-27,64.45,64.72,64.16,64.4,765076,0.0
2017-08-28,64.2,65.24,64.125,65.16,971507,0.0
2017-08-29,65.11,66.115,64.76,66.09,966844,0.0
2017-08-30,66.34,66.53,66,66.34,686888,0.0
2017-08-31,66.55,66.55,65.85,65.86,654417,0.0
2017-09-04,65.81,65.84,64.95,65.29,1125594,0.0
2017-09-05,65.57,65.9758,65.08,65.25,1441385,0.0
2017-09-06,65.38,66.91,65.31,66.84,1870590,0.0
2017-09-07,66.75,67.82,66.37,67.61,1315780,0.0
2017-09-10,67.84,68.1,67.47,67.71,922177,0.0
2017-09-11,67.69,68.84,67.58,68.74,1015794,0.0
2017-09-12,68.58,69.195,68.41,69.12,860513,0.0
2017-09-13,68.75,69.48,68.73,69.21,838209,0.0
2017-09-14,68.88,69.98,68.72,69.91,1418874,0.0
2017-09-17,70,71.36,69.88,70.85,1337504,0.0
2017-09-18,70.67,71.01,70.31,70.88,933496,0.0
2017-09-19,70.51,71.28,70.51,70.84,1220113,0.0
2017-09-20,71,71.37,70.68,70.71,919385,0.0
2017-09-21,70.48,71.5,70.48,71.41,785828,0.0
2017-09-24,71.37,72.22,71.24,72.06,1345091,0.0
2017-09-25,72.27,72.41,71.8,71.88,724648,0.0
2017-09-26,71.99,73.29,71.99,72.69,1328590,0.0
2017-09-27,71.87,72.65,71.5,72.39,855823,0.0
2017-09-28,72.49,73.01,72.24,72.34,752360,0.0
2017-10-01,72.24,72.98,72.24,72.92,605984,0.0
2017-10-02,73.22,74.19,72.93,73.76,1379479,0.0
2017-10-03,74.25,74.66,73.53,74.36,1555314,0.0
2017-10-04,74.7,74.79,73.68,74.74,1236299,0.0
2017-10-05,74.12,74.2087,72.92,73.28,3422402,0.0
2017-10-08,73.44,73.73,72.86,73.29,1667191,0.0
2017-10-09,73.56,73.59,73.07,73.42,1389112,0.0
2017-10-10,72.88,73.32,72.62,72.85,1174553,0.0
2017-10-11,72.56,73.25,72.34,72.93,2289608,0.0
2017-10-12,73.02,73.17,72.57,72.68,2182511,0.0
2017-10-15,72.9,72.92,72.415,72.7,1980211,0.0
2017-10-16,72.7,72.995,72.48,72.7,1587568,0.0
2017-10-17,72.67,72.85,72.49,72.62,1794770,0.0
2017-10-18,72.49,73.8,72.25,73.76,1991228,0.0
2017-10-19,74.17,75.13,73.9,74.93,1720385,0.0
2017-10-22,75,75.68,74.54,74.66,2150891,0.0
2017-10-23,73.8,74.2,68.86,70.38,6614684,0.0
2017-10-24,69.9,70.89,69.43,70.24,2890413,0.0
2017-10-25,70.79,72.37,70.48,72.07,2289462,0.0
2017-10-26,71.14,71.97,71.01,71.86,1819969,0.0
2017-10-29,71.34,71.39,70.11,70.45,1670937,0.0
2017-10-30,70.65,72.2,70.58,71.73,2233295,0.0
2017-10-31,72.37,72.48,70.58,70.97,1706809,0.0
2017-11-01,70.87,72.24,70.43,71.96,1792752,0.0
2017-11-02,71.83,72.12,70.77,71.31,1833639,0.0
2017-11-05,71.44,71.44,70.55,70.6,1173043,0.0
2017-11-06,70.56,70.87,70.0401,70.48,1319618,0.0
2017-11-07,70.39,70.6,70.01,70.51,724842,0.0
2017-11-08,70.04,70.38,69.07,69.42,1766435,0.0
2017-11-09,69.06,69.8,68.75,69.58,701630,0.0
2017-11-12,69.1,69.39,68.91,69.32,645423,0.0
2017-11-13,68.95,69.24,68.44,68.66,1107630,0.0
2017-11-14,68.59,69.0608,67.67,68.2,907467,0.0
2017-11-15,68.35,69.87,68.2,69.69,1153413,0.0
2017-11-16,68.99,69,66.3301,66.68,4164380,0.0
2017-11-19,66.78,67.99,66.69,67.691,1149076,0.0
2017-11-20,68.07,68.35,67.61,67.7,934590,0.0
2017-11-21,67.82,68.34,67.7,67.86,629885,0.0
2017-11-23,67.6,68.355,66.69,66.94,668886,0.0
2017-11-26,67.03,67.43,66.84,66.89,1733191,0.0
2017-11-27,67.5,68.57,66.92,68.55,1978455,0.0
2017-11-28,67.43,69.63,67.25,69.005,1737804,0.0
2017-11-29,69.04,70.5,68.83,70.32,1548407,0.0
2017-11-30,69.79,70.27,68.32,69.66,1984507,0.0
2017-12-03,69.98,71.77,69.95,70.27,2596666,0.0
2017-12-04,70.27,71.58,69.91,70.17,2017406,0.0
2017-12-05,70.28,70.375,69.67,70.12,1509830,0.0
2017-12-06,70.21,71.68,69.89,71.22,1342785,0.0
2017-12-07,71.69,72.02,71.21,71.95,1025747,0.0
2017-12-10,70.68,71.9,70.68,71.71,1298397,0.0
2017-12-11,71.81,72.31,71.22,71.92,1517116,0.0
2017-12-12,70.8,71,69.93,70.1,1141102,0.0
2017-12-13,70.4,70.51,68.96,69.22,1189659,0.0
2017-12-14,69.69,70,69.045,69.16,1603098,0.0
2017-12-17,69.65,70.99,69.65,70.62,1114835,0.0
2017-12-18,71.58,71.58,70.47,70.89,1110148,0.0
2017-12-19,71.21,71.53,70.7,71.33,1059157,0.0
2017-12-20,71.2,71.48,70.37,71.24,666456,0.0
2017-12-21,71.13,71.17,70.835,71.01,419219,0.0
2017-12-25,71.24,71.575,70.96,71.16,313021,0.0
2017-12-26,71.45,71.45,70.75,70.83,611159,0.0
2017-12-27,70.95,71.55,70.61,71.43,678252,0.0
2017-12-28,71.35,71.68,71.06,71.09,483082,0.0
2018-01-01,72.57,73.565,72.46,73.02,1596309,0.0
2018-01-02,72.65,73.94,72.42,73.89,999281,0.0
2018-01-03,74.19,75.69,74,74.85,2435478,0.0
2018-01-04,75.32,75.3711,74.44,75.07,1255143,0.0
2018-01-07,74.86,75.24,74.72,74.89,1528381,0.0
2018-01-08,74.86,75.099,74.45,74.8,2034462,0.0
2018-01-09,74.83,75.01,73.88,74.11,1740375,0.0
2018-01-10,74.36,75.73,74.19,75.56,2109948,0.0
2018-01-11,75.71,76.6,75.38,76.39,1901928,0.0
2018-01-15,76.52,76.8,75.5,75.96,2296552,0.0
2018-01-16,76.47,76.83,75.77,76.53,1078518,0.0
2018-01-17,76.4,77.43,76.26,76.41,1179403,0.0
2018-01-18,76.67,77.64,76.42,77.5,1379469,0.0
2018-01-21,77.52,77.74,76.82,77.63,1470014,0.0
2018-01-22,77.32,77.63,76.71,77.35,714359,0.0
2018-01-23,77.66,78.38,77.54,78.29,1538649,0.0
2018-01-24,78.41,78.655,77.03,77.22,1822898,0.0
2018-01-25,77.59,78.79,77.13,78.7,1213048,0.0
2018-01-28,78.4,79.69,78.25,79,2644122,0.0
2018-01-29,76.58,76.8,72.06,75.74,5002225,0.0
2018-01-30,76.23,77,73.94,74.58,2445814,0.0
2018-01-31,74.04,75.05,73.91,74.72,1481545,0.0
2018-02-01,74.36,74.57,72.48,72.6,1424185,0.0
2018-02-04,72.61,72.95,69.19,69.2,2125103,0.0
2018-02-05,67.47,70.29,67.32,70.06,2590231,0.0
2018-02-06,69.71,70.66,68.64,68.7,2390353,0.0
2018-02-07,68.57,69.19,67,67,2509067,0.0
2018-02-08,67.55,68.12,65.31,67.5,1741283,0.0
2018-02-11,68,68.98,67.75,68.24,1466921,0.0
2018-02-12,67.74,68.29,67.17,68.15,928710,0.0
2018-02-13,67.5,69.34,67.37,69.11,1187651,0.0
2018-02-14,69.52,69.71,68.03,69,1342626,0.0
2018-02-15,68.71,69.51,68.29,68.78,2139771,0.0
2018-02-19,68.39,69.17,68.16,69.03,1300675,0.0
2018-02-20,69.17,70.51,69.05,69.22,1587717,0.0
2018-02-21,69.71,70.91,69.53,70.42,1753991,0.0
2018-02-22,70.97,71.34,70.43,71.31,1672149,0.0
2018-02-25,71.68,71.87,70.83,71.56,1577004,0.0
2018-02-26,71.54,72.4,71.05,71.21,2886273,0.0
2018-02-27,71.62,72.21,71.02,71.6,4827011,0.0
2018-02-28,71.64,71.64,69,69.04,6446436,0.0
2018-03-01,68.74,69.1,66.47,67.19,2615972,0.0
2018-03-04,66.73,68.97,66.68,68.82,3481192,0.0
2018-03-05,70.09,70.55,69.37,69.92,2166721,0.0
2018-03-06,69.18,69.48,67.95,69.07,1589373,0.0
2018-03-07,68.75,68.98,67.555,68.15,3824061,0.0
2018-03-08,68.54,69.3676,68.18,69.06,5476939,0.0
2018-03-11,69.26,69.26,67.4,67.73,2544016,0.0
2018-03-12,68.09,68.51,67.02,67.37,2105107,0.0
2018-03-13,67.5,67.824,66.13,66.35,1514085,0.0
2018-03-14,66.39,66.9,66.29,66.82,2441209,0.0
2018-03-15,66.85,68.09,66.63,67.72,2656140,0.0
2018-03-18,65.92,66.62,65.46,66.16,2055921,0.0
2018-03-19,66.42,66.98,66.235,66.31,1072484,0.0
2018-03-20,66.3,67.46,66.09,66.82,1122092,0.0
2018-03-21,66.03,66.19,64.29,64.32,1881664,0.0
2018-03-22,64.59,65.19,62.82,62.94,1993622,0.0
2018-03-25,64.17,65.09,63.8,65.02,1691102,0.0
2018-03-26,65.25,65.57,63.57,63.88,1908110,0.0
2018-03-27,64.06,65,63.8,64.51,2141094,0.0
2018-03-28,64.91,66.6,64.6718,66.16,2169817,0.0
2018-04-01,65.96,66,63.35,64.4,2061893,0.0
2018-04-02,64.73,65.8,64.29,65.72,1964664,0.0
2018-04-03,64.47,67.59,64.34,67.3,3072102,0.0
2018-04-04,67.85,69.03,67.46,68.34,2224180,0.0
2018-04-05,67.93,68.6,65.6,66.26,1610763,0.0
2018-04-08,66.83,66.9,65.43,65.54,1802438,0.0
2018-04-09,66.93,68.07,66.4,67.75,1176428,0.0
2018-04-10,67.05,67.67,66.85,67.03,1108732,0.0
2018-04-11,67.33,68.63,67.18,68.18,1248258,0.0
2018-04-12,68.68,68.68,67.54,67.88,1233332,0.0
2018-04-15,68.55,69.78,68.18,69.52,1842241,0.0
2018-04-16,70,70.27,69.44,69.74,1479015,0.0
2018-04-17,70.44,71.58,70.02,70.89,1811328,0.0
2018-04-18,70.42,70.81,69.08,69.64,1947333,0.0
2018-04-19,69.85,70.02,68.78,69.2,1541809,0.0
2018-04-22,69.25,69.91,69.06,69.43,1759743,0.0
2018-04-23,70.11,71.4,63.47,64.91,4912817,0.0
2018-04-24,64.54,65.78,63.82,64.9,3078002,0.0
2018-04-25,65.05,65.08,63.4,64.26,1889906,0.0
2018-04-26,64.19,64.75,63.92,64.41,1108358,0.0
2018-04-29,64.75,64.85,63.65,63.67,1536485,0.0
2018-04-30,63.5,63.76,61.981,63.56,1802166,0.0
2018-05-01,62.25,63.31,61.2,62.16,2611705,0.0
2018-05-02,61.85,62.85,60.36,62.625,1925009,0.0
2018-05-03,62.22,64.17,61.72,63.8,1415698,0.0
2018-05-06,63.94,64.78,63.94,64.49,1436682,0.0
2018-05-07,64.45,64.7,63.745,64.26,1134224,0.0
2018-05-08,64.57,64.74,63.47,64.04,1351835,0.0
2018-05-09,64.3,64.42,63.68,63.75,1608862,0.0
2018-05-10,63.85,64.41,63.16,63.79,1819859,0.0
2018-05-13,63.48,63.93,63.05,63.185,2192651,0.0
2018-05-14,62.81,63.66,62.73,63.51,1469148,0.0
2018-05-15,63.59,64.28,63.43,63.91,891497,0.0
2018-05-16,63.84,64.91,63.6,64.29,787488,0.0
2018-05-17,64.46,65.295,64.115,65.02,1065525,0.0
2018-05-20,65.47,66.51,65.06,66.01,981613,0.0
2018-05-21,66.25,66.75,65.7,65.74,1150885,0.0
2018-05-22,65.24,65.57,64.3033,65.1,945700,0.0
2018-05-23,65.17,65.58,64.53,65.24,875705,0.0
2018-05-24,65.15,65.44,64.3,64.65,611265,0.0
2018-05-28,63.97,64.48,63.0516,63.5,1002881,0.0
2018-05-29,63.77,64.62,63.54,64.28,1117597,0.0
2018-05-30,63.26,63.78,61.64,62.23,2172857,0.0
2018-05-31,62.63,63.4,62.63,62.96,1268418,0.0
2018-06-03,63.05,63.705,62.76,63.08,990344,0.0
2018-06-04,64.3,64.81,63.51,64.41,2091557,0.0
2018-06-05,64.33,65.5,64.16,65.49,1405423,0.0
2018-06-06,65.48,65.67,64.67,64.99,965205,0.0
2018-06-07,65.13,65.4,64.7,65.25,982794,0.0
2018-06-10,65.1,65.72,65.02,65.62,704813,0.0
2018-06-11,65.59,65.9,65.02,65.2,1063856,0.0
2018-06-12,65.34,65.34,63.97,64.02,765837,0.0
2018-06-13,64.22,64.72,63.57,63.76,879327,0.0
2018-06-14,63.85,64.35,62.55,63.99,1749271,0.0
2018-06-17,63.51,64.02,63.07,63.57,994127,0.0
2018-06-18,62.87,63.03,62.07,62.74,1518851,0.0
2018-06-19,62.94,63.03,62.39,62.5,1368134,0.0
2018-06-20,62.33,62.33,60.97,61.51,1054687,0.0
2018-06-21,62.07,62.52,61.59,62.11,1592188,0.0
2018-06-24,61.81,62.88,61.215,62.16,2388356,0.0
2018-06-25,62.16,62.51,61.81,62.17,1708465,0.0
2018-06-26,62.29,63.195,61.74,61.76,836576,0.0
2018-06-27,61.47,62.28,61.275,62.04,975216,0.0
2018-06-28,61.91,63.03,61.82,61.97,978948,0.0
2018-07-01,60.29,60.96,59.82,60.87,1543575,0.0
2018-07-02,61.24,61.56,59.89,59.98,783342,0.0
2018-07-04,60.63,60.81,60.13,60.57,1294142,0.0
2018-07-05,60.68,61.07,60.03,60.9,1373030,0.0
2018-07-08,61.08,61.99,60.83,61.83,1799301,0.0
2018-07-09,62.64,62.89,61.99,62.59,865664,0.0
2018-07-10,61.91,61.94,60.93,61.23,713412,0.0
2018-07-11,61.6,61.91,61.01,61.73,706885,0.0
2018-07-12,61.79,63.709,61.79,63.44,1700694,0.0
2018-07-15,63.5,63.51,62.36,62.58,1057563,0.0
2018-07-16,62.26,63.23,62.13,63.22,1161358,0.0
2018-07-17,62.05,64.14,62.05,63.41,2113726,0.0
2018-07-18,63.37,63.71,62.63,63.45,1355710,0.0
2018-07-19,63.21,63.23,62.59,62.75,1219859,0.0
2018-07-22,62.69,63.49,62.41,62.92,2183549,0.0
2018-07-23,64.3,65.02,61.07,63.25,4038834,0.0
2018-07-24,62.05,64.27,62.05,64.17,3087741,0.0
2018-07-25,64.3,66.04,64.3,65.41,2308716,0.0
2018-07-26,65.38,66.14,65.38,66.06,1824784,0.0
2018-07-29,66.05,66.82,64.9,65,1717563,0.0
2018-07-30,65.38,65.97,65.13,65.73,1856839,0.0
2018-07-31,65.5,65.695,63.63,63.97,1142485,0.0
2018-08-01,63.57,63.95,62.8,63.28,1556840,0.0
2018-08-02,63.31,64.52,63.27,64.42,1709441,0.0
2018-08-05,65.73,66.27,64.88,64.93,1214260,0.0
2018-08-06,63.52,65.86,63.52,65.18,1023524,0.0
2018-08-07,65.05,65.21,64.3,64.43,852488,0.0
2018-08-08,64.53,64.805,63.75,64.32,954115,0.0
2018-08-09,63.88,64.1,63.03,63.56,1089678,0.0
2018-08-12,63.59,64.76,63.59,63.95,1538501,0.0
2018-08-13,64.17,65.12,64.02,64.83,1600159,0.0
2018-08-14,64.15,64.615,63.32,64.55,1504161,0.0
2018-08-15,65.1,66.05,65,65.68,1439104,0.0
2018-08-16,65.86,67.53,65.71,67.16,1958419,0.0
2018-08-19,67.27,68.57,67.27,68.23,1786055,0.0
2018-08-20,68.4,68.7,67.775,67.95,1659186,0.0
2018-08-21,67.85,68.04,67.49,67.78,1389149,0.0
2018-08-22,67.47,67.54,66.1301,66.61,1125791,0.0
2018-08-23,66.55,67.56,66.35,67.42,1441839,0.0
2018-08-26,67.81,69.135,67.53,68.62,1171636,0.0
2018-08-27,68.82,69.115,68.42,68.48,1167213,0.0
2018-08-28,68.47,68.67,67.87,68.42,651071,0.0
2018-08-29,68.25,68.56,67.51,67.87,1292189,0.0
2018-08-30,67.81,68.5,67.57,68.42,1015969,0.0
2018-09-03,68.07,68.42,67.68,68.35,1541055,0.0
2018-09-04,68.05,69.93,67.89,69.91,2217382,0.0
2018-09-05,69.88,70.3,68.99,69.17,1430435,0.0
2018-09-06,68.77,69.265,68.24,69.01,1396237,0.0
2018-09-09,69.44,70.89,69.3573,70,1311052,0.0
2018-09-10,69.75,69.94,68.75,69.07,1594081,0.0
2018-09-11,68.94,69.785,68.32,69.64,1253186,0.0
2018-09-12,69.98,70.35,69.49,69.88,711699,0.0
2018-09-13,69.98,70.65,69.89,70.34,1031404,0.0
2018-09-16,70.61,71.97,70.51,70.64,946353,0.0
2018-09-17,70.88,71.3425,69.825,71.13,870985,0.0
2018-09-18,71.06,71.95,71.06,71.33,974836,0.0
2018-09-19,71.8,72.63,71.6,72.4,1231233,0.0
2018-09-20,72.73,72.89,72.03,72.19,1449508,0.0
2018-09-23,71.84,71.95,70.02,70.37,1190995,0.0
2018-09-24,70.28,70.54,69.1,69.25,1374547,0.0
2018-09-25,69.6,69.69,68.66,68.79,1151318,0.0
2018-09-26,69.14,69.37,68.432,69.06,702770,0.0
2018-09-27,68.94,69.05,67.97,68.18,1253568,0.0
2018-09-30,68.76,69.58,68.58,68.99,1129247,0.0
2018-10-01,68.94,69.87,68.84,69.68,910352,0.0
2018-10-02,69.8,70.76,69.67,70.23,957774,0.0
2018-10-03,70,70.74,69.49,69.87,1085793,0.0
2018-10-04,69.19,69.76,67.4,67.97,1311603,0.0
2018-10-07,67.69,68.2,67.41,68.11,1228081,0.0
2018-10-08,68.26,68.36,66.28,66.37,1071464,0.0
2018-10-09,66.31,66.45,63.79,63.85,1577055,0.0
2018-10-10,63.71,64.691,62.47,62.85,1881125,0.0
2018-10-11,63.77,63.88,61.29,62.12,2050313,0.0
2018-10-14,61.85,62.67,61.79,62.09,1354847,0.0
2018-10-15,62.65,63.09,61.73,62.94,1222103,0.0
2018-10-16,62.86,62.97,61.17,61.74,1114606,0.0
2018-10-17,61.58,61.73,59.65,60.34,1966842,0.0
2018-10-18,60.09,60.97,59.91,60.24,1797506,0.0
2018-10-21,60.29,61.215,60.08,60.5,3877168,0.0
2018-10-22,58,59.05,54.76,57.4,4509175,0.0
2018-10-23,57.53,57.58,54.91,54.99,3256864,0.0
2018-10-24,55.58,56.29,54.78,55.24,2091414,0.0
2018-10-25,54.08,56,53.95,55.29,1905655,0.0
2018-10-28,56.2,57.25,54.87,55.82,1748656,0.0
2018-10-29,56.05,57.44,55.6,56.48,2456745,0.0
2018-10-30,57.11,57.6825,56.68,57.2,1965875,0.0
2018-10-31,57.55,59.51,57.5301,59.14,1634891,0.0
2018-11-01,59.46,59.75,57.76,58.31,1366037,0.0
2018-11-04,58.65,58.95,57.89,58.46,1003837,0.0
2018-11-05,58.51,59.5,58.32,59.36,876425,0.0
2018-11-06,59.78,59.94,58.24,59.92,1797541,0.0
2018-11-07,59.62,60.52,59.36,60.15,1180676,0.0
2018-11-08,59.33,59.89,58.19,58.35,1122472,0.0
2018-11-11,58.4,59.15,58.07,58.38,1028555,0.0
2018-11-12,58.89,60.05,58.63,58.85,1118059,0.0
2018-11-13,59.2,60.25,58.87,59.68,1486607,0.0
2018-11-14,59.18,60.8,58.78,60.57,1359793,0.0
2018-11-15,60.13,61.16,60.01,60.78,1191381,0.0
2018-11-18,60.48,61.42,60.145,60.49,1241012,0.0
2018-11-19,60.2,60.48,59,59.36,1649489,0.0
2018-11-20,59.76,60.76,59.52,59.96,1086698,0.0
2018-11-22,59.35,60.46,58.975,60.05,494458,0.0
2018-11-25,60.48,61.34,60.41,60.67,993010,0.0
2018-11-26,60.48,60.761,59.97,60.57,1420732,0.0
2018-11-27,60.71,62.08,60.04,62.06,1563967,0.0
2018-11-28,61.7,62.06,61.13,61.31,1057085,0.0
2018-11-29,61.38,62.29,61.14,62.18,1951516,0.0
2018-12-02,63.11,63.41,61.04,61.1,2630917,0.0
2018-12-03,60.83,61.01,58.9101,59.32,3876314,0.0
2018-12-05,58.2,58.62,56.11,58.59,4176167,0.0
2018-12-06,58.29,59.13,56.86,57.1,2006043,0.0
2018-12-09,57.1,57.7,55.99,57.57,2523514,0.0
2018-12-10,58.42,58.77,57.39,57.81,3060979,0.0
2018-12-11,58.7,59.92,58.37,58.41,2215507,0.0
2018-12-12,56.88,57.47,56.67,57.34,2475107,0.0
2018-12-13,56.73,57.46,56.52,56.56,1570616,0.0
2018-12-16,56.52,57.55,55.64,56.13,1829073,0.0
2018-12-17,56.52,57.27,55.91,56.19,1876486,0.0
2018-12-18,56.37,57.14,54.61,54.88,1724501,0.0
2018-12-19,54.76,55.92,54.51,55.44,2391478,0.0
2018-12-20,55.79,56.91,54.72,54.9,3111509,0.0
2018-12-23,54.51,54.86,53.51,53.67,965774,0.0
2018-12-25,53.96,56.51,53.43,56.5,2031027,0.0
2018-12-26,55.54,57.5,55.07,57.49,1638250,0.0
2018-12-27,57.76,58.04,56.76,57.0601,1377556,0.0
2018-12-30,57.39,57.62,56.62,56.84,1215263,0.0
2019-01-01,56.27,57.95,55.84,57.77,1379412,0.0
2019-01-02,57.46,57.58,56.11,56.585,1525278,0.0
2019-01-03,57.2,59.06,57,58.97,2110753,0.0
2019-01-06,58.76,59.73,57.82,58.985,2513501,0.0
2019-01-07,59.5,60.19,58.98,59.52,2315258,0.0
2019-01-08,59.81,60.16,58.31,58.56,3335653,0.0
2019-01-09,57.83,59.64,57.57,59.18,2205414,0.0
2019-01-10,59.05,59.71,58.43,59.41,1603595,0.0
2019-01-13,59.11,60.33,58.66,59.995,1743610,0.0
2019-01-14,60.01,60.19,59.28,59.52,1221255,0.0
2019-01-15,59.68,60.41,59.46,60.085,1065249,0.0
2019-01-16,59.81,61.87,59.66,61.36,2013064,0.0
2019-01-17,61.87,63.17,61.42,62.92,2105151,0.0
2019-01-21,62.39,62.58,61.435,61.885,1717002,0.0
2019-01-22,62.54,62.54,61.2289,61.575,1588379,0.0
2019-01-23,61.16,61.93,61.04,61.83,1818705,0.0
2019-01-24,62.56,63.27,62.42,62.68,1889564,0.0
2019-01-27,61.77,61.84,60.96,61.3,3964614,0.0
2019-01-28,63.77,64.97,62.405,64.775,3467770,0.0
2019-01-29,65,65.19,63.63,64.79,2477354,0.0
2019-01-30,64.65,65.53,64.16,65.53,1699540,0.0
2019-01-31,65.51,65.88,64.75,64.965,1535521,0.0
2019-02-03,64.89,65.23,64.18,65.145,1649395,0.0
2019-02-04,65.43,65.61,64.73,65.575,1551343,0.0
2019-02-05,64.97,65.88,64.46,65.56,1715116,0.0
2019-02-06,65.73,66.08,65.11,65.9,2168499,0.0
2019-02-07,65.62,65.88,64.95,65.86,1062466,0.0
2019-02-10,65.85,66.2,65.33,65.34,809065,0.0
2019-02-11,66.04,67.02,65.88,66.74,1353403,0.0
2019-02-12,67.09,67.69,66.81,67.47,849905,0.0
2019-02-13,67.03,67.56,66.68,66.89,1298595,0.0
2019-02-14,67.52,68.24,67,68.11,1653682,0.0
2019-02-20,68.82,69.45,68.6284,69.17,1429457,0.0
2019-02-21,69.46,70.23,69.4,69.89,1449599,0.0
2019-02-24,70.32,70.35,69.429,69.49,1087512,0.0
2019-02-25,69.17,69.875,68.9056,69.33,1144112,0.0
2019-02-26,69.03,69.03,67.87,68.41,1725095,0.0
2019-02-27,68.4,68.4,67.415,67.76,1685344,0.0
2019-02-28,68.25,68.57,67.22,67.76,1794234,0.0
2019-03-03,68.12,68.43,66.66,67.48,2030939,0.0
2019-03-04,67.63,68.15,67.33,67.78,1855460,0.0
2019-03-05,67.66,67.86,67.21,67.27,2213310,0.0
2019-03-06,67.01,67.2345,65.92,67.12,1750570,0.0
2019-03-07,66.5,67.37,66.2,67.31,1590693,0.0
2019-03-10,67.39,68.22,67.15,68.14,1346506,0.0
2019-03-11,68.24,68.31,67.88,68.25,1884012,0.0
2019-03-12,68.59,69.01,68.205,68.74,2341396,0.0
2019-03-13,68.53,68.73,68.095,68.45,2045747,0.0
2019-03-14,68.44,68.51,67.58,67.65,1281797,0.0
2019-03-17,67.58,68.48,67.49,68.41,1447755,0.0
2019-03-18,68.76,68.99,67.83,68.11,1077926,0.0
2019-03-19,67.93,68.4199,67.42,67.73,1126735,0.0
2019-03-20,67.33,68.33,67.33,68.19,1036457,0.0
2019-03-21,67.79,68.09,66.85,67.04,1758699,0.0
2019-03-24,67.435,67.82,67.1,67.41,1056317,0.0
2019-03-25,67.72,68.15,67.155,67.42,1069050,0.0
2019-03-26,67.48,68.06,67.37,67.82,873934,0.0
2019-03-27,67.93,68.86,67.71,68.27,1010922,0.0
2019-03-28,68.79,68.95,68.03,68.14,1749552,0.0
2019-03-31,68.81,69.12,68.34,69.04,886147,0.0
2019-04-01,69.1,69.1,68.2,68.41,4304564,0.0
2019-04-02,68.67,68.95,68.025,68.32,2251921,0.0
2019-04-03,68.25,69.4125,68.01,69.01,3348447,0.0
2019-04-04,69.32,69.43,68.83,69.04,1000931,0.0
2019-04-07,68.84,69.09,68.49,68.93,849205,0.0
2019-04-08,68.52,68.765,67.95,68.39,1106206,0.0
2019-04-09,68.57,68.91,68.17,68.78,840541,0.0
2019-04-10,68.97,69.765,68.622,69.71,1158868,0.0
2019-04-11,70,70.73,69.8,70.5,1091454,0.0
2019-04-14,70.59,70.85,70.2,70.37,983180,0.0
2019-04-15,70.51,71.55,69.91,71.44,1438239,0.0
2019-04-16,71.66,72.21,71.09,71.13,955790,0.0
2019-04-17,71.73,71.95,71.22,71.5,1406725,0.0
2019-04-21,71.08,71.32,70.0782,71.13,824564,0.0
2019-04-22,71.01,71.62,70.5001,71.18,1178900,0.0
2019-04-23,71.08,71.71,70.7,71.49,1107461,0.0
2019-04-24,70.8,70.8,69.96,70.15,1107383,0.0
2019-04-25,70.43,71.03,70.12,70.94,1846572,0.0
2019-04-28,71,71.38,70.72,71.3,1566097,0.0
2019-04-29,72,73,69.84,71.68,3027657,0.0
2019-04-30,71.8,72.28,70.83,70.86,1986648,0.0
2019-05-01,70.88,71.09,69.96,70.19,1857071,0.0
2019-05-02,70.67,71.5,70.41,71.36,1252780,0.0
2019-05-05,70,70.49,68.93,69.42,1815804,0.0
2019-05-06,68.66,69.13,68.07,68.85,1842128,0.0
2019-05-07,68.82,69.38,68.41,68.84,1208028,0.0
2019-05-08,68.32,69.18,67.49,69,1557563,0.0
2019-05-09,68.76,69.685,67.75,69.53,1442410,0.0
2019-05-12,67.88,68.22,67.02,67.65,1805066,0.0
2019-05-13,67.74,68.98,67.52,68.7,1292605,0.0
2019-05-14,68.02,69.455,67.77,69.18,1147657,0.0
2019-05-15,69.47,70.39,69.44,69.9,854377,0.0
2019-05-16,69.49,70.15,68.9,69.26,1299047,0.0
2019-05-19,68.77,70.07,68.31,69.33,1174032,0.0
2019-05-20,69.84,70.235,69.15,70.15,891955,0.0
2019-05-21,69.94,70.05,68.16,68.18,1420030,0.0
2019-05-22,67.49,67.89,66.63,67.06,1976383,0.0
2019-05-23,67.48,67.62,67.02,67.55,957685,0.0
2019-05-27,67.71,68.29,67.09,67.09,1082741,0.0
2019-05-28,66.57,67.59,66.33,67.53,1253990,0.0
2019-05-29,67.62,68.38,67.62,68.03,755896,0.0
2019-05-30,66.49,67.06,65.78,65.82,1473651,0.0
2019-06-03,66.76,68.65,66.61,68.62,1558028,0.0
2019-06-04,68.99,69.65,68.16,69.13,1400576,0.0
2019-06-05,69.09,69.8,68.66,69.76,852299,0.0
2019-06-06,70.13,70.79,69.6,70.21,798503,0.0
2019-06-09,70.48,70.86,69.92,70.19,916828,0.0
2019-06-10,70.75,71.1,69.75,69.78,1023285,0.0
2019-06-11,69.78,70,69.44,69.82,594138,0.0
2019-06-12,69.89,70.2886,69.6,69.97,1300699,0.0
2019-06-13,70,70.295,69.22,70.02,1294379,0.0
2019-06-16,69.93,70.14,69.11,69.25,569583,0.0
2019-06-17,69.82,71.49,69.64,70.99,982256,0.0
2019-06-18,71,71.41,70.5,71.21,894537,0.0
2019-06-19,72.04,72.39,71.58,72.22,1059596,0.0
2019-06-20,72.07,72.47,71.3,71.33,1481207,0.0
2019-06-23,71.23,72.01,71,71.39,670734,0.0
2019-06-24,71.56,71.89,71.06,71.31,760720,0.0
2019-06-25,71.56,71.88,70.76,70.91,805104,0.0
2019-06-26,71,71.33,70.261,70.68,923213,0.0
2019-06-27,71.01,71.8636,70.63,71.67,1569824,0.0
2019-06-30,72.63,72.86,71.36,72.25,1361600,0.0
2019-07-01,71.07,71.81,70.98,71.33,1216970,0.0
2019-07-02,71.51,71.74,70.635,71.18,630835,0.0
2019-07-04,70.92,70.92,69.37,70.61,1024217,0.0
2019-07-07,70.36,70.91,70.23,70.66,871925,0.0
2019-07-08,70.45,70.72,70.13,70.63,1074910,0.0
2019-07-09,70.98,71.48,70.22,70.51,1000360,0.0
2019-07-10,70.55,70.84,69.89,70.76,946450,0.0
2019-07-11,71.09,72.18,71.09,72.12,1054175,0.0
2019-07-14,72.16,72.41,70.71,71.5,1490525,0.0
2019-07-15,71.51,72.68,71.13,72.58,1467463,0.0
2019-07-16,72.53,72.53,70.14,70.14,1752140,0.0
2019-07-17,70.02,70.165,68.26,69.08,2168034,0.0
2019-07-18,69.59,70.25,69.08,69.33,1864299,0.0
2019-07-21,69.53,70.14,68.99,69.17,2063691,0.0
2019-07-22,67.01,69.76,67,69.22,3274853,0.0
2019-07-23,69.36,72.41,69.36,72.16,1954162,0.0
2019-07-24,72.43,72.43,70.97,71.69,1362835,0.0
2019-07-25,71.63,72.035,70.9,71.65,1141964,0.0
2019-07-28,71.71,72.305,71.36,71.51,967274,0.0
2019-07-29,70.54,71.03,69.2,70.98,1130640,0.0
2019-07-30,70.94,71.36,69.4117,70.13,1257889,0.0
2019-07-31,70.04,70.89,67.785,68.15,1570105,0.0
2019-08-01,68.08,68.26,66.33,67.23,1657252,0.0
2019-08-04,66.16,66.55,63.945,64.41,2349405,0.0
2019-08-05,64.71,65.86,64.68,65.5,1526664,0.0
2019-08-06,64.54,65.48,64.01,65.26,1459031,0.0
2019-08-07,65.46,66.54,65.46,66.5,1028361,0.0
2019-08-08,65.97,66.015,64.69,65.19,1034857,0.0
2019-08-11,64.69,65.14,64.32,64.75,1332611,0.0
2019-08-12,64.27,67.45,64.07,66.36,1613017,0.0
2019-08-13,65.15,65.42,63.22,63.34,1386105,0.0
2019-08-14,63.51,64.03,63.09,63.69,999853,0.0
2019-08-15,64.26,64.89,63.91,64.47,1170297,0.0
2019-08-18,65.69,65.97,64.64,64.88,973497,0.0
2019-08-19,64.81,65.08,64.17,64.38,1550171,0.0
2019-08-20,65.04,65.46,64.71,65.06,959256,0.0
2019-08-21,65.23,65.875,64.19,64.44,1018569,0.0
2019-08-22,64.09,64.39,62.13,62.55,1401977,0.0
2019-08-25,63.32,63.55,62.41,63.22,942965,0.0
2019-08-26,63.69,64.18,63.23,63.44,986585,0.0
2019-08-27,63.15,64.28,62.57,63.88,1522751,0.0
2019-08-28,64.75,65.49,64.38,65.36,1842791,0.0
2019-08-29,65.81,66.33,65.26,65.58,1202970,0.0
2019-09-02,65.08,65.45,63.54,64.25,1885324,0.0
2019-09-03,64.94,65.7256,64.72,65.47,1336113,0.0
2019-09-04,66.31,68.6,66.31,68.19,2181196,0.0
2019-09-05,68.67,69.13,68.14,68.35,1231718,0.0
2019-09-08,68.7,70.67,68.425,70.47,1694937,0.0
2019-09-09,70.43,72.03,70.21,71.9,1900193,0.0
2019-09-10,71.57,72.43,70.51,72.32,1700387,0.0
2019-09-11,72,72,70.7,71.18,1586954,0.0
2019-09-12,71.8,72.06,70.38,71.52,902652,0.0
2019-09-15,71.03,71.4,70.75,70.94,697672,0.0
2019-09-16,70.91,71.04,69.89,70.88,1162494,0.0
2019-09-17,70.72,70.855,69.98,70.75,782996,0.0
2019-09-18,71.94,71.94,70.29,70.35,951633,0.0
2019-09-19,70.25,71.35,70.11,70.25,2002718,0.0
2019-09-22,69.75,70.97,69.0569,70.38,973668,0.0
2019-09-23,70.42,70.7,67.805,68.18,2396352,0.0
2019-09-24,68.19,68.66,67.34,68.4,2349631,0.0
2019-09-25,67.78,68.8,67.78,68.77,991616,0.0
2019-09-26,68.85,69.47,68.29,69.02,1048345,0.0
2019-09-29,69.44,70.215,69.02,70.01,1116189,0.0
2019-09-30,70.14,70.88,67.16,67.59,1702925,0.0
2019-10-01,67.18,67.21,65.5901,66.23,1474671,0.0
2019-10-02,66.19,67,65.17,66.97,1182069,0.0
2019-10-03,66.94,67.94,66.84,67.83,1741871,0.0
2019-10-06,67.51,68.67,67.05,67.74,2578895,0.0
2019-10-07,66.82,67.39,66.31,66.55,2261661,0.0
2019-10-08,67.28,67.285,66.18,66.88,2210185,0.0
2019-10-09,67.47,68.09,66.99,67.33,1933289,0.0
2019-10-10,68.51,69.87,68.51,69.1,4490055,0.0
2019-10-13,68.66,69.59,68.28,69.51,2662003,0.0
2019-10-14,69.09,70.71,68.79,70.33,2481101,0.0
2019-10-15,70.13,70.86,69.84,70.07,2759724,0.0
2019-10-16,70.5,70.9,70.07,70.78,3027512,0.0
2019-10-17,70.87,72.42,70.3,72.03,4803404,0.0
2019-10-20,73.185,74.45,72.75,72.95,2944589,0.0
2019-10-21,74.05,76.39,73,76.38,3882696,0.0
2019-10-22,75.36,76,74.3,75.1,2337011,0.0
2019-10-23,75.38,75.62,74.16,75.32,1459169,0.0
2019-10-24,75.3,77.18,75.14,76.9,1611198,0.0
2019-10-27,76.99,77.8,76.93,77.51,1311294,0.0
2019-10-28,77.02,77.66,76.41,77.32,1301596,0.0
2019-10-29,76.25,76.81,75.85,76.46,1622202,0.0
2019-10-30,76.13,76.465,74.77,76.06,1900816,0.0
2019-10-31,76.43,78.07,76.06,78.06,1843943,0.0
2019-11-03,78.39,79.42,78.11,79.29,1589131,0.0
2019-11-04,79.36,80.36,78.59,79.67,1454964,0.0
2019-11-05,79.45,79.79,78.53,79.67,895264,0.0
2019-11-06,80,80.57,79.57,79.87,1671552,0.0
2019-11-07,79.35,80.11,79.12,80.07,893120,0.0
2019-11-10,79.58,80.15,79.43,79.92,765455,0.0
2019-11-11,79.91,79.98,79.28,79.42,984528,0.0
2019-11-12,79.13,79.29,78.24,79.12,1011503,0.0
2019-11-13,80.28,80.28,79.25,79.54,1013642,0.0
2019-11-14,80.25,80.48,79.69,80.21,1079032,0.0
2019-11-17,79.54,80.165,79.2,80.04,890871,0.0
2019-11-18,79.93,80.3,79.01,79.43,789575,0.0
2019-11-19,79,79.46,78.38,78.85,835866,0.0
2019-11-20,79.27,80,78.98,79.78,1330927,0.0
2019-11-21,79.98,80.5,79.74,80.44,897167,0.0
2019-11-24,80.69,81.68,80.18,81.53,1143082,0.0
2019-11-25,81.64,81.83,80.93,81.81,904057,0.0
2019-11-26,81.67,82.25,81,82.18,902234,0.0
2019-11-28,81.6,82.01,81.33,81.37,528176,0.0
2019-12-01,81.75,81.99,80.65,80.71,1111746,0.0
2019-12-02,79.61,80.22,78.88,80.06,1279751,0.0
2019-12-03,80.33,80.99,79.84,79.84,1004721,0.0
2019-12-04,80.03,80.27,79.55,80.1,970907,0.0
2019-12-05,81.07,81.55,80.98,81.13,693168,0.0
2019-12-08,81.08,81.185,80.59,81.06,635079,0.0
2019-12-09,81.08,81.36,80.53,81.21,1001794,0.0
2019-12-10,81.5,81.82,81.03,81.395,956315,0.0
2019-12-11,81.42,83.18,81.19,82.95,1413539,0.0
2019-12-12,82.64,83.265,81.56,82.01,1294760,0.0
2019-12-15,82.75,83.41,82.6,82.81,1550329,0.0
2019-12-16,82.74,83.11,82.06,82.13,1730088,0.0
2019-12-17,82.18,82.75,81.86,82.67,1463593,0.0
2019-12-18,80.65,80.8698,79.4,79.68,1156171,0.0
2019-12-19,80.23,80.26,79.185,80.16,2534742,0.0
2019-12-22,79.96,80.45,79.38,79.54,881048,0.0
2019-12-23,79.59,79.6,79.09,79.48,264112,0.0
2019-12-25,79.61,79.6672,78.89,79.51,384218,0.0
2019-12-26,79.75,79.84,79.2,79.405,566202,0.0
2019-12-29,79.32,79.46,78.6,79,573400,0.0
2019-12-30,79.44,79.525,78.71,79.09,667659,0.0
2020-01-01,79.19,79.66,78.63,79.57,1120599,0.0
2020-01-02,78.31,78.83,77.665,78.68,1286877,0.0
2020-01-05,78.27,78.52,77.42,78.49,1477551,0.0
2020-01-06,77.81,78.105,77.28,77.92,1283739,0.0
2020-01-07,78.24,79.205,77.25,78.97,1478057,0.0
2020-01-08,78.84,79.19,77.58,78.46,1305698,0.0
2020-01-09,78.57,78.74,77.72,77.81,733688,0.0
2020-01-12,77.92,78.1186,77.4,78.05,788870,0.0
2020-01-13,78.71,78.98,78.05,78.21,1003597,0.0
2020-01-14,77.89,78.035,77.254,77.47,1156392,0.0
2020-01-15,77.91,78.57,77.445,78.56,1051623,0.0
2020-01-16,78.79,79.24,78.23,78.53,1105479,0.0
2020-01-20,78.48,78.48,77.26,77.55,2075929,0.0
2020-01-21,77.87,77.9,76.825,76.93,1635506,0.0
2020-01-22,76.72,77.765,75.69,77.61,1699678,0.0
2020-01-23,77.23,77.2575,76.23,76.8,2664143,0.0
2020-01-26,75.32,75.86,74.85,75.16,1974620,0.0
2020-01-27,76.34,77.5416,74.97,76.8,2823269,0.0
2020-01-28,77.6595,78.08,75.97,76.11,2174724,0.0
2020-01-29,75.51,76.15,74.98,76.06,1626524,0.0
2020-01-30,75.47,75.51,73.86,74.21,2955250,0.0
2020-02-02,74.88,75.5,74.13,74.34,1938988,0.0
2020-02-03,75.62,76.32,75.34,76.18,2146325,0.0
2020-02-04,77.24,78.1662,76.97,77.97,1695930,0.0
2020-02-05,78.22,78.5,77.26,77.6,1436208,0.0
2020-02-06,77.1,77.18,75.27,75.43,1816856,0.0
2020-02-09,74.79,75.42,74.645,75.3,1445057,0.0
2020-02-10,75.74,75.9,75.13,75.7,1740247,0.0
2020-02-11,76,76.94,76,76.57,1335768,0.0
2020-02-12,76.01,76.29,74.75,74.83,1652584,0.0
2020-02-13,74.7,74.87,74.09,74.74,2661480,0.0
2020-02-17,74.57,75.06,73.89,74.31,790078,0.0
2020-02-18,74.37,74.61,73.63,74.22,748625,0.0
2020-02-19,74.17,75.65,74.05,75.54,1487319,0.0
2020-02-20,75,75.52,74.56,75.36,1571783,0.0
2020-02-23,73.09,73.72,72.36,72.73,1392656,0.0
2020-02-24,73.1,73.25,69.75,69.98,2242708,0.0
2020-02-25,70.93,71.29,69.13,69.41,1633087,0.0
2020-02-26,71.49,71.49,67.13,67.77,2643736,0.0
2020-02-27,65.58,67.51,65.15,66.9,3335941,0.0
2020-03-01,67.32,69.69,66.26,69.67,2062397,0.0
2020-03-02,69.12,71.08,67.24,67.54,1989199,0.0
2020-03-03,68.48,69.52,67.75,69.46,1189564,0.0
2020-03-04,67.27,67.4104,65.01,65.35,1778779,0.0
2020-03-05,62.36,64.98,62.16,64.57,1986970,0.0
2020-03-08,60.48,61.95,59.7,60.88,5859668,0.0
2020-03-09,62.95,64.66,60.97,64.66,2103290,0.0
2020-03-10,62.44,63.91,61.17,62.5,4025480,0.0
2020-03-11,57.27,62.82,57.27,59.21,7539138,0.0
2020-03-12,61.67,65.17,59.4,65.15,6170926,0.0
2020-03-15,58.01,63.96,58,60.17,5973696,0.0
2020-03-16,60.44,61.57,58.55,59.71,2977899,0.0
2020-03-17,57.25,58.39,53.69,55.75,5250322,0.0
2020-03-18,55.22,58.28,52.63,56.02,2430363,0.0
2020-03-19,55.46,56.38,52.04,52.34,3219590,0.0
2020-03-22,52.78,53.82,49.11,49.9,5502751,0.0
2020-03-23,52.24,57.14,51.8705,57.02,2922658,0.0
2020-03-24,56.56,60.9,55.93,58.95,2394499,0.0
2020-03-25,59.11,60.98,57.68,60.53,4500562,0.0
2020-03-26,58.26,60.915,57.75,59.5,1411208,0.0
2020-03-29,58.66,62.5,58.45,62.18,1873617,0.0
2020-03-30,60.59,62.16,60.02,61.15,3702740,0.0
2020-03-31,59.23,60.53,58.21,60.1,2802726,0.0
2020-04-01,60.26,62.065,59.315,60.85,1980371,0.0
2020-04-02,61.02,62.05,60.475,61.58,3044880,0.0
2020-04-05,64.46,65.24,62.7,64.94,4080100,0.0
2020-04-06,66.21,67.67,65.13,65.53,3531604,0.0
2020-04-07,65.76,66.91,64.97,66.47,3457870,0.0
2020-04-08,67.02,68.15,65.88,67.28,3446372,0.0
2020-04-12,66.82,66.89,65.3,65.94,1844921,0.0
2020-04-13,67.1,67.495,65.8,66.83,1789605,0.0
2020-04-14,65.7,65.7,64.7,65.4,8714245,0.0
2020-04-15,65.28,67.2,64.38,66.2,3515264,0.0
2020-04-16,67.75,68.97,66.81,67.65,5980149,0.0
2020-04-19,66.95,68.5,65.71,67.26,5637633,0.0
2020-04-20,68.61,68.99,64.86,65.72,7845827,0.0
2020-04-21,66.87,67.18,65.13,66.13,4946476,0.0
2020-04-22,66.08,67.5,65.9,65.91,3011979,0.0
2020-04-23,66.65,67.7,66,67.48,3439059,0.0
2020-04-26,67.7,69.155,67.47,68.83,7953272,0.0
2020-04-27,70.28,70.97,69.08,69.15,2006224,0.0
2020-04-28,70.35,70.435,68.95,69.6,1809821,0.0
2020-04-29,68.9,69.48,68.15,69.24,3035360,0.0
2020-04-30,68.1,68.72,67.15,68.34,1779704,0.0
2020-05-03,68,68.46,67.04,68.37,2826117,0.0
2020-05-04,68.54,69.31,68.04,68.06,1261143,0.0
2020-05-05,68.71,68.95,68,68.29,1136385,0.0
2020-05-06,68.96,69.28,68.25,68.6,1157142,0.0
2020-05-07,69.23,69.79,68.78,69.6,2788086,0.0
2020-05-10,69.2,69.34,68.375,68.84,1133651,0.0
2020-05-11,67.36,68.84,66.815,66.84,1984853,0.0
2020-05-12,66.38,67.12,65.67,66,7245938,0.0
2020-05-13,64.85,66.77,64.25,66.62,3739036,0.0
2020-05-14,66.35,67.6,65.96,66.79,1881236,0.0
2020-05-17,69.26,70.14,68.64,69.93,3685000,0.0
2020-05-18,69.72,70.24,68.49,68.55,1473354,0.0
2020-05-19,68.7,69.79,68.62,69.04,1296230,0.0
2020-05-20,69.02,69.205,68.03,68.2,898793,0.0
2020-05-21,67.89,68.52,67.51,68.42,1175076,0.0
2020-05-25,69.93,72.75,69.52,72.6,3684986,0.0
2020-05-26,74.07,75.11,73.16,75.06,1629243,0.0
2020-05-27,75.16,75.52,73.43,74,1704945,0.0
2020-05-28,73.71,74.32,72.71,73.86,3364502,0.0
2020-05-31,74.05,74.49,72.955,73.11,2117464,0.0
2020-06-01,72.77,73.51,72.76,73.4,1390138,0.0
2020-06-02,73.83,74.95,73.8,74.62,2499630,0.0
2020-06-03,74.27,75.72,73.925,75.69,1087521,0.0
2020-06-04,77.05,78.6,76.47,77.95,4148314,0.0
2020-06-07,77.78,79.35,77.51,78.76,3057370,0.0
2020-06-08,77.92,79.48,77.49,78.95,2269754,0.0
2020-06-09,78.53,78.645,76.79,76.79,3171184,0.0
2020-06-10,75.39,75.39,72.52,72.58,1628520,0.0
2020-06-11,74.59,74.61,72.95,72.95,208688,0.0
2020-06-14,71.37,73.9,70.89,73.68,1019445,0.0
2020-06-15,75.94,76.49,73.73,74.53,2423623,0.0
2020-06-16,74.93,75.19,73.9725,74.28,1445680,0.0
2020-06-17,74.63,75.15,73.91,74.5,596877,0.0
2020-06-18,75.39,75.69,73.895,74.95,1468084,0.0
2020-06-21,74.3,75.01,73.48,74.75,642453,0.0
2020-06-22,75.49,75.81,74.59,74.78,748901,0.0
2020-06-23,73.93,73.93,72.19,72.55,969943,0.0
2020-06-24,72.17,73.35,71.61,73.24,1033046,0.0
2020-06-25,72.81,73.35,72.11,72.44,1030131,0.0
2020-06-28,73.5,74.48,72.005,73.69,854764,0.0
2020-06-29,73.04,75.24,72.79,74.83,1539581,0.0
2020-06-30,75.56,75.63,74,74.27,1144210,0.0
2020-07-01,75.39,77.1,74.745,75.69,1130279,0.0
