Date,Open,High,Low,Close,Volume,OpenInterest
2016-07-13,109.83,110.94,109.76,109.93,3656622,0.0
2016-07-14,109.77,110.49,108.97,109.62,3876559,0.0
2016-07-17,109.66,109.7,108.84,109.24,2892419,0.0
2016-07-18,108.86,109.56,108.71,109.51,3193959,0.0
2016-07-19,109.86,109.91,108.68,108.93,2399417,0.0
2016-07-20,108.58,108.87,108.11,108.57,2091121,0.0
2016-07-21,108.78,109.41,108.78,109.18,1912408,0.0
2016-07-24,109.24,109.28,108.38,109.005,1983954,0.0
2016-07-25,109,109.23,108.0301,108.19,2679464,0.0
2016-07-26,107.89,108.04,106.69,107.49,3919868,0.0
2016-07-27,107.55,108.38,107.17,108.15,2667137,0.0
2016-07-28,108.26,109.11,108.121,108.9,2626054,0.0
2016-07-31,108.72,109.09,108.34,108.93,2887227,0.0
2016-08-01,109.25,109.25,108.28,108.73,2785668,0.0
2016-08-02,108.86,108.98,107.675,108,2731351,0.0
2016-08-03,108.17,108.55,107.98,108.45,2459215,0.0
2016-08-04,108.74,109.356,108.37,108.65,2296772,0.0
2016-08-07,108.42,108.62,107.671,108.13,2331575,0.0
2016-08-08,108.25,108.75,108.06,108.3,1867467,0.0
2016-08-09,108.45,108.96,108.45,108.83,1666846,0.0
2016-08-10,109.01,109.18,108.45,108.47,2151879,0.0
2016-08-11,108.64,108.94,108.37,108.58,1928521,0.0
2016-08-14,108.71,108.99,108.64,108.71,1760448,0.0
2016-08-15,108.42,108.69,107.91,107.99,1903795,0.0
2016-08-16,107.95,108.53,107.6,108.43,2322694,0.0
2016-08-17,108.41,108.82,108.2,108.28,1712029,0.0
2016-08-18,108.04,108.26,107.54,108.17,2147549,0.0
2016-08-21,108.08,108.21,107.765,107.98,1532064,0.0
2016-08-22,108.05,108.55,107.7,107.87,1768879,0.0
2016-08-23,107.87,108.29,107.55,108.17,2139089,0.0
2016-08-24,108.09,108.38,107.79,107.89,1612465,0.0
2016-08-25,107.92,108.5,107.33,107.46,2234814,0.0
2016-08-28,107.5,108.01,107.4,108,1941675,0.0
2016-08-29,107.92,108.06,107.03,107.24,2559727,0.0
2016-08-30,106.34,106.88,106.2611,106.72,2727866,0.0
2016-08-31,106.46,107.34,106.29,107.28,3138481,0.0
2016-09-01,107.58,108.25,107.5,107.88,2816873,0.0
2016-09-05,107.79,108.12,107.395,107.93,1795185,0.0
2016-09-06,107.76,107.97,106.78,107.2,2495642,0.0
2016-09-07,107.1,107.335,106.49,106.87,2542960,0.0
2016-09-08,106.42,106.42,104.05,104.07,4339633,0.0
2016-09-11,104.3,106.22,104.3,106.02,3339841,0.0
2016-09-12,105.94,106.02,104.29,104.59,3630283,0.0
2016-09-13,104.82,105.64,104.6,105.04,3098166,0.0
2016-09-14,104.99,105.72,104.7,105.51,2549149,0.0
2016-09-15,105,105.5,104.58,105.28,3714436,0.0
2016-09-18,105.21,106.12,104.92,105.68,2375320,0.0
2016-09-19,106.1,106.71,105.96,106.3,2742877,0.0
2016-09-20,106.16,107.37,105.879,107.14,2756580,0.0
2016-09-21,107.49,107.94,107.31,107.76,2679335,0.0
2016-09-22,107.68,107.99,107.04,107.36,2407122,0.0
2016-09-25,107.24,107.38,106.87,107.08,3417525,0.0
2016-09-26,107.34,107.87,106.73,107.47,2983863,0.0
2016-09-27,107.91,107.91,106.86,107.35,3959817,0.0
2016-09-28,109.495,109.71,107.71,107.77,6016950,0.0
2016-09-29,108.56,109.24,108.37,108.77,5308440,0.0
2016-10-02,108.77,108.83,107.47,108.24,3609641,0.0
2016-10-03,108.48,108.48,106.58,107.1,4515717,0.0
2016-10-04,107.24,107.49,105.69,106,4983279,0.0
2016-10-05,105.73,106.53,105.46,106.39,3926514,0.0
2016-10-06,106.76,106.92,105.65,106,3226212,0.0
2016-10-09,106.45,106.62,105.82,106.23,2111274,0.0
2016-10-10,106.05,106.21,105,105.57,2927287,0.0
2016-10-11,105.87,106.16,105.495,106.05,2665352,0.0
2016-10-12,105.85,106.17,105.29,105.93,2762443,0.0
2016-10-13,106.07,107.06,105.78,106.84,3860308,0.0
2016-10-16,106.83,107.07,106.56,106.85,3164742,0.0
2016-10-17,107.45,108.18,106.94,106.95,3179450,0.0
2016-10-18,106.81,107.01,106.08,106.29,2885108,0.0
2016-10-19,106.11,106.32,105.58,105.85,2728619,0.0
2016-10-20,106.01,106.01,105.27,105.62,2687356,0.0
2016-10-23,106.12,107.9,106.12,107.31,3725969,0.0
2016-10-24,107.39,107.63,106.81,107.24,2702988,0.0
2016-10-25,107.49,107.95,106.95,107.08,2684707,0.0
2016-10-26,107.19,107.54,106.3,106.64,2575135,0.0
2016-10-27,106.9,107.53,106.52,107.08,2294814,0.0
2016-10-30,107.03,107.4299,106.92,107.21,1866727,0.0
2016-10-31,107.14,107.3,106.12,106.7,3287199,0.0
2016-11-01,106.68,107.44,106.61,106.71,2863931,0.0
2016-11-02,107.07,107.14,106.52,106.64,2674664,0.0
2016-11-03,106.56,106.97,105.81,105.82,1937931,0.0
2016-11-06,106.66,107.2,106.38,106.96,3802471,0.0
2016-11-07,106.97,108.93,106.97,108.72,3563287,0.0
2016-11-08,106.45,107.35,105,107.25,5009313,0.0
2016-11-09,106.89,106.89,102.4,103.26,7510888,0.0
2016-11-10,103.02,103.77,102.57,103.14,4520077,0.0
2016-11-13,102.86,103.34,100.45,101.39,5815991,0.0
2016-11-14,101.4,102.05,100.82,101.86,4262657,0.0
2016-11-15,102.36,102.9,101.47,101.73,3165872,0.0
2016-11-16,101.81,101.93,101.175,101.62,3233185,0.0
2016-11-17,101.4,101.8,101.175,101.32,3737324,0.0
2016-11-20,101.48,102.32,101.48,102.28,2574815,0.0
2016-11-21,102.53,103,102.44,102.86,3290480,0.0
2016-11-22,102.52,102.89,101.46,101.52,3737446,0.0
2016-11-24,102,102.9099,101.74,102.2,2154903,0.0
2016-11-27,102.27,103.25,101.9,102.8259,4411962,0.0
2016-11-28,102.79,103.05,102.3,102.56,2854598,0.0
2016-11-29,101.51,101.92,100.15,100.15,4746652,0.0
2016-11-30,100,100.05,98.5,99.05,5848572,0.0
2016-12-01,99.36,100.64,99.36,100.6,3405963,0.0
2016-12-04,100.62,100.91,100.12,100.7,2690763,0.0
2016-12-05,101.08,101.61,100.805,101.56,3733626,0.0
2016-12-06,101.16,102.93,101.16,102.795,3341432,0.0
2016-12-07,102.14,102.61,102,102.13,2884871,0.0
2016-12-08,102.23,104.045,102.045,103.58,3918079,0.0
2016-12-11,103.82,104.87,103.67,104.72,3731558,0.0
2016-12-12,104.81,106.01,104.68,105.64,3365746,0.0
2016-12-13,105.88,106.53,104.21,104.49,3727554,0.0
2016-12-14,104.23,105.57,104.23,105.29,3187911,0.0
2016-12-15,105.55,105.92,105.13,105.84,3448746,0.0
2016-12-18,105.46,105.87,105.13,105.4,2689233,0.0
2016-12-19,104.89,105.04,104.37,104.9,3810383,0.0
2016-12-20,104.82,105.69,104.69,104.71,2433289,0.0
2016-12-21,104.55,105.45,104.251,105.35,1845391,0.0
2016-12-22,104.97,105.25,104.63,105.07,1269526,0.0
2016-12-26,105.11,105.32,104.99,105.12,1004952,0.0
2016-12-27,104.87,105.1,104.52,104.62,1313566,0.0
2016-12-28,104.5,105.1,104.48,105,1852990,0.0
2016-12-29,104.71,105.15,104.33,104.68,2080573,0.0
2017-01-02,104.94,105.09,104.21,104.64,2833964,0.0
2017-01-03,105.11,105.63,104.79,104.86,2254406,0.0
2017-01-04,104.52,105.12,104.1901,104.69,2854568,0.0
2017-01-05,104.98,105.16,104.12,104.57,3231479,0.0
2017-01-08,104.16,104.255,103.25,103.46,3864034,0.0
2017-01-09,103.32,103.32,101.75,102,3854091,0.0
2017-01-10,101.84,102.36,101.41,101.82,3826658,0.0
2017-01-11,101.61,102.52,101.58,101.84,2418370,0.0
2017-01-12,101.88,102.11,101.22,101.55,2589816,0.0
2017-01-16,101.07,102.32,101.06,102.17,2624999,0.0
2017-01-17,102.4,103,102.32,102.74,3338226,0.0
2017-01-18,102.29,103,102.17,102.3501,3073564,0.0
2017-01-19,102.79,103.32,102.4401,103.24,3209905,0.0
2017-01-22,102.9,104.22,102.83,104.02,3532178,0.0
2017-01-23,104,104.93,103.78,104.7,4128100,0.0
2017-01-24,104.71,105.19,104.54,104.63,2183785,0.0
2017-01-25,104.51,104.73,104.07,104.14,2889534,0.0
2017-01-26,104.38,104.41,103.43,103.47,3118168,0.0
2017-01-29,103.01,103.72,103,103.68,2666366,0.0
2017-01-30,103.21,104.17,103.21,103.79,2728528,0.0
2017-01-31,103.61,103.78,102.98,103.02,2678809,0.0
2017-02-01,103.66,104.39,103.29,104.04,2441029,0.0
2017-02-02,104.44,105.765,104.06,105.1,3358609,0.0
2017-02-05,105.02,105.24,104.53,104.58,3051271,0.0
2017-02-06,104.63,105.9,104.63,105.58,2746750,0.0
2017-02-07,105.5,106.23,105.25,105.71,2631006,0.0
2017-02-08,105.42,106.49,105.02,105.97,3266983,0.0
2017-02-09,105.83,106.345,105.5868,106.12,1790032,0.0
2017-02-12,106.45,106.69,105.88,106.53,2149039,0.0
2017-02-13,106.17,107,105.67,106.91,4806856,0.0
2017-02-14,105.35,107.25,104.77,106.7,6350872,0.0
2017-02-15,107.15,108.18,106.32,108.1,4383502,0.0
2017-02-16,107.29,108.3,107.21,108.105,4432073,0.0
2017-02-20,108.04,109.5,107.95,109.32,4080962,0.0
2017-02-21,109.37,109.78,109.165,109.41,2859978,0.0
2017-02-22,109.12,110,109.12,109.56,2473768,0.0
2017-02-23,109.52,109.92,109.33,109.83,3005211,0.0
2017-02-26,109.69,109.88,109.23,109.28,2314427,0.0
2017-02-27,109.05,110.6,109.05,110.39,3234526,0.0
2017-02-28,109.6,110.32,109.17,109.73,3586997,0.0
2017-03-01,109.81,110.32,109.43,110.1,2795367,0.0
2017-03-02,110.1,110.67,109.65,110.56,3315717,0.0
2017-03-05,109.8,110.19,109.43,109.62,3007423,0.0
2017-03-06,109.16,109.77,109,109.31,3200644,0.0
2017-03-07,109.17,109.33,108.47,109.295,3135191,0.0
2017-03-08,109.56,109.61,108.91,109.02,3022145,0.0
2017-03-09,109.58,109.71,109.28,109.64,2476247,0.0
2017-03-12,109.32,109.7951,109.03,109.41,2020005,0.0
2017-03-13,109.28,109.73,109.12,109.32,2320948,0.0
2017-03-14,109.56,111.23,109.5,111.04,3499055,0.0
2017-03-15,111.09,111.2,110.53,111.14,3405116,0.0
2017-03-16,111.479,111.52,110.93,111.13,3668925,0.0
2017-03-19,111.15,111.44,110.81,111.15,2646328,0.0
2017-03-20,111.54,112.31,111.47,111.79,4307726,0.0
2017-03-21,111.84,112.38,111.57,112.01,3053418,0.0
2017-03-22,111.95,112.33,111.67,111.81,2434865,0.0
2017-03-23,111.98,112.245,111.79,112.16,2719363,0.0
2017-03-26,111.87,112.29,111.57,111.85,2441526,0.0
2017-03-27,111.81,112.76,111.64,112.45,3051575,0.0
2017-03-28,112.19,112.535,111.97,112.42,2062536,0.0
2017-03-29,112.29,112.55,112,112.18,1631750,0.0
2017-03-30,112.31,112.47,111.83,111.855,2554897,0.0
2017-04-02,111.95,112.36,111.4599,111.86,2724824,0.0
2017-04-03,112,112.22,111.63,112.07,1760389,0.0
2017-04-04,112.04,112.59,111.69,111.94,2324816,0.0
2017-04-05,112.12,112.28,111.42,111.58,2009162,0.0
2017-04-06,111.7,111.96,111.4409,111.62,2140172,0.0
2017-04-09,111.7,112.145,111.4101,112.02,2061431,0.0
2017-04-10,111.71,112.08,111.35,111.73,2263963,0.0
2017-04-11,112.05,113.765,111.9,113.6,5221214,0.0
2017-04-12,113.25,113.38,112.65,112.7,2615673,0.0
2017-04-16,112.74,113.32,112.68,113.32,2078735,0.0
2017-04-17,113.44,114.605,113.4047,114.32,2892132,0.0
2017-04-18,114.42,114.49,113.48,113.62,2097330,0.0
2017-04-19,113.52,113.97,113.39,113.59,2123556,0.0
2017-04-20,113.55,113.8,113.27,113.46,2961600,0.0
2017-04-23,114.19,114.48,113.91,114.3,2299471,0.0
2017-04-24,114.21,114.57,114,114.16,2825432,0.0
2017-04-25,111.75,113.76,111.34,113.34,4261192,0.0
2017-04-26,113.1,113.44,112.51,112.66,3313531,0.0
2017-04-27,112.34,113.43,112.1908,113.26,3512845,0.0
2017-04-30,112.93,113.11,112.27,112.32,3229355,0.0
2017-05-01,112.75,112.89,112.07,112.21,2335237,0.0
2017-05-02,112.39,112.71,111.7023,111.79,2589099,0.0
2017-05-03,112.17,113,111.81,112.95,2717772,0.0
2017-05-04,113.04,113.28,112.7375,113.26,2384882,0.0
2017-05-07,113.2,113.43,112.78,113.21,2063800,0.0
2017-05-08,113.24,113.41,112.55,112.69,2023672,0.0
2017-05-09,112.7,112.87,112.48,112.81,1591558,0.0
2017-05-10,112.79,113.09,112.53,113.04,1662410,0.0
2017-05-11,112.93,113.3,112.72,112.9,1720291,0.0
2017-05-14,112.9,114,112.77,113.96,2231192,0.0
2017-05-15,114.06,114.66,113.59,113.77,1810759,0.0
2017-05-16,113.46,114.29,113.32,113.75,2161539,0.0
2017-05-17,113.78,114.28,113.288,114.03,2556645,0.0
2017-05-18,114.17,114.5,113.455,113.67,4679936,0.0
2017-05-21,113.69,115,113.69,114.74,2253834,0.0
2017-05-22,114.71,115.44,114.71,115.07,2284186,0.0
2017-05-23,115.31,116.33,115.12,116.07,2107310,0.0
2017-05-24,116.36,117.68,116.15,117.48,2684685,0.0
2017-05-25,117.25,118.0045,117.2,117.89,2404950,0.0
2017-05-29,117.74,118.12,117.5,118.03,2475181,0.0
2017-05-30,116.91,117.94,116.87,116.91,2828266,0.0
2017-05-31,117.02,117.26,116.06,117.22,2932862,0.0
2017-06-01,117.46,117.7,117.04,117.6,2159312,0.0
2017-06-04,117.39,117.97,117.05,117.89,1605039,0.0
2017-06-05,117.78,117.94,117.46,117.69,1684734,0.0
2017-06-06,117.17,117.57,116.82,117.04,2678881,0.0
2017-06-07,116.86,117.08,115.59,115.89,2799883,0.0
2017-06-08,115.66,116.13,115.36,115.92,2308189,0.0
2017-06-11,116.23,116.62,115.92,116.23,2520834,0.0
2017-06-12,115.47,116.59,115.47,116.32,2064850,0.0
2017-06-13,116.91,118.06,116.83,117.37,2534645,0.0
2017-06-14,117,117.48,116.51,117.23,2645119,0.0
2017-06-15,117.369,117.4,116.3,116.85,2909558,0.0
2017-06-18,117.02,117.29,116.23,117.27,1748466,0.0
2017-06-19,117.29,118.1353,117.18,117.93,2613473,0.0
2017-06-20,117.78,118.24,117.24,117.44,2832062,0.0
2017-06-21,117.33,117.41,116.05,116.15,2251113,0.0
2017-06-22,116.21,117.37,116.09,116.96,2015896,0.0
2017-06-25,117.42,117.83,117.06,117.08,2051610,0.0
2017-06-26,117.26,117.38,115.95,115.97,2137942,0.0
2017-06-27,116.52,116.87,116.2,116.32,2360362,0.0
2017-06-28,116.07,116.2,114.8901,115.22,2561631,0.0
2017-06-29,115.53,116.1134,115.3,115.5,2091933,0.0
2017-07-02,115.55,116,115.34,115.44,1692715,0.0
2017-07-04,115.5,115.55,114.88,115.26,2252357,0.0
2017-07-05,114.97,115.42,114.85,115.2,2487773,0.0
2017-07-06,115.41,115.6599,114.83,115.42,2725672,0.0
2017-07-09,115.85,116,114.2,114.27,4854263,0.0
2017-07-10,113.34,113.98,112.25,113.7,4594597,0.0
2017-07-11,114.54,114.98,114.28,114.809,2945173,0.0
2017-07-12,114.95,115.04,113.92,113.97,2151017,0.0
2017-07-13,114.26,115.115,114.25,114.93,2077607,0.0
2017-07-16,114.94,115.16,114.8383,114.95,1598808,0.0
2017-07-17,114.85,115.15,114.39,114.985,1772293,0.0
2017-07-18,115.01,115.35,114.63,115.32,1776567,0.0
2017-07-19,115.34,116.055,115.11,115.58,2306949,0.0
2017-07-20,115.78,116.67,115.38,116.59,2656173,0.0
2017-07-23,116.5,116.67,116.09,116.18,2524562,0.0
2017-07-24,116.63,116.78,116.14,116.46,2098019,0.0
2017-07-25,116.3,117.42,116.15,117.16,2211297,0.0
2017-07-26,117.33,118.06,116.62,117.36,2173328,0.0
2017-07-27,117.31,117.47,116.2,116.61,2430431,0.0
2017-07-30,116.53,116.86,116.18,116.62,1961834,0.0
2017-07-31,116.69,116.78,115.9,115.912,2012236,0.0
2017-08-01,115.73,115.979,115.14,115.59,1882340,0.0
2017-08-02,115.73,116.66,115.68,116.31,2162773,0.0
2017-08-03,116.32,116.49,115.865,116.33,1712063,0.0
2017-08-06,116.45,117.22,116.38,116.94,1794899,0.0
2017-08-07,116.8,116.95,116.37,116.71,1453914,0.0
2017-08-08,116.49,116.7,115.96,116.62,1676765,0.0
2017-08-09,116.35,116.84,116.08,116.4,1464666,0.0
2017-08-10,116.75,117.25,116.35,116.48,1560090,0.0
2017-08-13,117.36,118.18,117.014,117.77,2259614,0.0
2017-08-14,117.88,119.15,117.85,118.98,1979952,0.0
2017-08-15,118.96,119.3645,118.82,119.09,1737896,0.0
2017-08-16,119,119.39,118.25,118.38,1970665,0.0
2017-08-17,118.29,118.43,117.4,117.6,2842241,0.0
2017-08-20,117.8,118.46,117.545,118.25,1359488,0.0
2017-08-21,118.28,118.7,117.65,117.92,1670663,0.0
2017-08-22,117.9,118.12,117.23,117.27,2022723,0.0
2017-08-23,117.26,117.3,116.03,116.2,3861747,0.0
2017-08-24,116.74,116.9,115.8,115.87,2687496,0.0
2017-08-27,116.12,116.29,115.08,115.52,1951259,0.0
2017-08-28,115.55,116.1,115.51,115.86,1713615,0.0
2017-08-29,115.13,115.42,114.91,115.14,1775378,0.0
2017-08-30,115.31,115.84,114.93,115.68,3015665,0.0
2017-08-31,115.38,116.0925,115.15,115.8,1832947,0.0
2017-09-04,115.95,116.06,115.41,115.87,1948641,0.0
2017-09-05,116.17,116.47,115.64,116.33,1776865,0.0
2017-09-06,116.65,117.29,116.39,117.01,1827927,0.0
2017-09-07,116.31,116.48,114.57,114.99,3458711,0.0
2017-09-10,115.08,115.89,114.76,115.69,1856471,0.0
2017-09-11,115.69,115.95,114.86,115,2315977,0.0
2017-09-12,114.87,115.17,114,114.41,4200522,0.0
2017-09-13,114.44,114.55,113.7,114.2,2502208,0.0
2017-09-14,114.74,114.98,114.11,114.84,3765178,0.0
2017-09-17,115.17,115.23,114.68,115.04,1606905,0.0
2017-09-18,115.06,115.12,114.36,114.48,1872361,0.0
2017-09-19,114.34,114.65,112.735,113.58,2482114,0.0
2017-09-20,113.21,113.82,112.54,112.79,2530295,0.0
2017-09-21,112.56,112.87,111.81,111.83,2678492,0.0
2017-09-24,112.04,112.14,111.42,111.94,2908767,0.0
2017-09-25,111.92,112.3,111.73,111.82,2145010,0.0
2017-09-26,111.72,111.875,110.34,111.1,2959416,0.0
2017-09-27,111.37,112.73,111.19,111.81,5874503,0.0
2017-09-28,111.87,112.03,111.21,111.4,3678541,0.0
2017-10-01,109.91,110.52,108.96,109.14,6751190,0.0
2017-10-02,109.42,109.65,108.89,109.15,4272419,0.0
2017-10-03,106.94,110.16,106.19,109.33,7270007,0.0
2017-10-04,109.66,110.99,109.55,110.44,4326148,0.0
2017-10-05,110.17,110.67,109.92,110.4,2112340,0.0
2017-10-08,110.59,110.93,109.79,109.98,1470669,0.0
2017-10-09,110.28,110.86,110.28,110.805,2227644,0.0
2017-10-10,110.9,111.81,110.77,111.5,2827005,0.0
2017-10-11,111.51,112.51,111.38,112.44,2367247,0.0
2017-10-12,112.73,112.98,112.18,112.65,1898243,0.0
2017-10-15,112.93,113.63,112.69,113.56,1861993,0.0
2017-10-16,113.22,113.56,111.66,112.19,2985285,0.0
2017-10-17,111.95,112.44,111.78,111.96,1992867,0.0
2017-10-18,111.62,112.79,111.6,112.68,1894133,0.0
2017-10-19,113.01,113.02,111.38,111.61,2474235,0.0
2017-10-22,111.64,112.45,111.4,111.72,1516009,0.0
2017-10-23,111.84,111.8658,110.28,110.74,2435007,0.0
2017-10-24,110.43,110.529,109.18,110.08,2680214,0.0
2017-10-25,110.67,111.24,110.41,110.72,2090290,0.0
2017-10-26,110.41,110.8475,109.93,110.6,2184443,0.0
2017-10-29,110.36,110.37,109.36,109.64,1572241,0.0
2017-10-30,110.24,110.765,109.95,110.23,2284022,0.0
2017-10-31,109.76,110.68,109.61,110.13,2088519,0.0
2017-11-01,109.91,110.18,109.54,110.02,1444353,0.0
2017-11-02,110.3,110.65,110,110.21,1135092,0.0
2017-11-05,109.97,110,109.19,109.26,2037021,0.0
2017-11-06,109.15,110.58,109.15,110.47,2536566,0.0
2017-11-07,110.57,112.04,110.5,112,2393162,0.0
2017-11-08,111.35,112.44,111.02,111.47,2134385,0.0
2017-11-09,111.44,112.975,111.31,112.7615,2613127,0.0
2017-11-12,112.69,114.19,112.64,114.04,2209488,0.0
2017-11-13,113.69,116.19,113.59,115.77,3862384,0.0
2017-11-14,115.65,115.93,115.03,115.1,2904409,0.0
2017-11-15,115.39,115.835,114.94,115.23,2192792,0.0
2017-11-16,114.73,115.14,114.53,114.71,1894007,0.0
2017-11-19,114.75,115.85,114.71,114.91,2089830,0.0
2017-11-20,114.99,116.33,114.97,116.06,2097315,0.0
2017-11-21,115.77,116,114.28,115.09,2441466,0.0
2017-11-23,115.65,116.3,115.425,115.92,847739,0.0
2017-11-26,116,116.4,115.66,115.87,1903046,0.0
2017-11-27,116.26,116.83,115.3,116.82,1979124,0.0
2017-11-28,116.84,117.38,116.29,116.85,2406667,0.0
2017-11-29,116.52,117.21,116.08,116.54,2989147,0.0
2017-11-30,116.5,116.85,115.04,116.75,3570544,0.0
2017-12-03,117,118.2,116.62,117.4,2680657,0.0
2017-12-04,117.63,117.94,117.18,117.59,2088980,0.0
2017-12-05,117.53,118.91,117.53,118.89,2033622,0.0
2017-12-06,118.52,118.64,116.55,116.73,3043751,0.0
2017-12-07,116.52,116.6,115.9,116.56,2218096,0.0
2017-12-10,116.33,117.435,115.56,117.38,1544325,0.0
2017-12-11,117.6,118.37,117.12,117.41,1820611,0.0
2017-12-12,117.51,118.21,117.48,117.94,1889863,0.0
2017-12-13,117.94,118.6,117.725,118.04,2717471,0.0
2017-12-14,118.57,119.36,118.45,119.18,4343298,0.0
2017-12-17,119.3,119.74,118,118.08,2438432,0.0
2017-12-18,118.75,119.385,118.23,118.64,2348648,0.0
2017-12-19,118.66,119.12,117.56,119.05,2399215,0.0
2017-12-20,119.45,119.57,117.84,118.28,1571914,0.0
2017-12-21,118.6,118.75,118.17,118.65,1242188,0.0
2017-12-25,118.41,119.24,118.41,118.89,1505376,0.0
2017-12-26,118.87,119.4,118.8,119.29,1557329,0.0
2017-12-27,119.42,119.53,119.05,119.34,1412715,0.0
2017-12-28,119.46,120.57,119.42,119.94,1647233,0.0
2018-01-01,119.93,120.18,117.9251,118.06,2888392,0.0
2018-01-02,117.905,118.47,117.64,117.69,3027641,0.0
2018-01-03,117.73,119.11,117.6,118.32,2062927,0.0
2018-01-04,118.41,119.09,118.245,118.56,1635676,0.0
2018-01-07,118.21,118.74,117.67,117.95,3440032,0.0
2018-01-08,118.26,118.98,117.95,118.13,3485128,0.0
2018-01-09,118.13,118.36,116.7,117.455,2030567,0.0
2018-01-10,117.46,117.85,116.38,116.88,2498113,0.0
2018-01-11,116.95,118.01,116.85,117.33,3004497,0.0
2018-01-15,117.2,118.35,117.03,117.89,3341346,0.0
2018-01-16,118.33,120.17,118.21,119.2,3175629,0.0
2018-01-17,119.06,119.62,118.65,119.05,2074698,0.0
2018-01-18,119.48,120.68,118.64,120.2,3643664,0.0
2018-01-21,120.1,121.85,120,121.54,2732491,0.0
2018-01-22,121.01,122.51,120.85,121.3,2539203,0.0
2018-01-23,121.24,121.48,120.82,121.17,1989520,0.0
2018-01-24,120.61,121.4532,120.36,120.9,1833741,0.0
2018-01-25,120.61,121.84,120.61,121.745,2034894,0.0
2018-01-28,121.38,122.16,119.65,119.68,2423023,0.0
2018-01-29,119.68,121.2,119.5,119.89,2787680,0.0
2018-01-30,119.84,120.75,119.51,120.33,2084623,0.0
2018-01-31,119.92,121.01,119.28,120.3,2118016,0.0
2018-02-01,119.91,120.28,118.4,118.61,2185497,0.0
2018-02-04,118.57,119.66,114.4101,114.47,3511786,0.0
2018-02-05,112.44,113.95,110.15,113.63,4637996,0.0
2018-02-06,113.25,115.77,112.75,113.5,3335466,0.0
2018-02-07,113.65,113.72,110.09,110.15,3067782,0.0
2018-02-08,110.81,111.99,108.88,111.18,3772427,0.0
2018-02-11,111.9,112.75,111.06,111.98,3134065,0.0
2018-02-12,112,113.5,110.68,112.14,4213125,0.0
2018-02-13,111.67,111.9,108.76,109.11,5828686,0.0
2018-02-14,109.53,111.04,108.72,111.02,4046680,0.0
2018-02-15,111.06,111.7,109.76,111.06,3482559,0.0
2018-02-19,110.96,110.96,109.34,109.47,2451290,0.0
2018-02-20,109.35,109.8405,107.94,108,2945371,0.0
2018-02-21,108.33,109.97,108.02,109.27,3396037,0.0
2018-02-22,109.36,110.05,108.57,109.68,3161128,0.0
2018-02-25,110.17,111.17,110.03,110.93,3577963,0.0
2018-02-26,111.18,112.08,110.71,110.89,4417098,0.0
2018-02-27,111,111.65,109.68,109.74,2804924,0.0
2018-02-28,109.21,109.88,107.241,108.08,4134130,0.0
2018-03-01,107.91,109.32,107.9,109.01,2871637,0.0
2018-03-04,108.46,109.6,108.02,109.43,2205681,0.0
2018-03-05,109.36,109.62,108.44,109.57,2143514,0.0
2018-03-06,108.89,110.06,108.61,109.85,2438570,0.0
2018-03-07,110.03,112.13,109.58,112.07,3629580,0.0
2018-03-08,112.27,112.57,111.6424,112.53,2392853,0.0
2018-03-11,112.5,113.09,112.075,112.76,3230676,0.0
2018-03-12,113.27,113.9,112.72,113.6,3245659,0.0
2018-03-13,113.57,113.77,112.23,112.63,3246297,0.0
2018-03-14,112.34,113.25,111.66,111.97,2837298,0.0
2018-03-15,112.33,113.2,111.58,111.65,3348374,0.0
2018-03-18,111.65,111.99,110.05,110.36,2660459,0.0
2018-03-19,110.75,111.3,109.83,109.9,2216417,0.0
2018-03-20,109.89,110.08,108.53,108.74,2944901,0.0
2018-03-21,108.45,109.67,107.8,107.96,2880965,0.0
2018-03-22,108.15,108.74,105.938,106.16,3042266,0.0
2018-03-25,106.76,107.47,106.09,106.84,2751893,0.0
2018-03-26,107.23,108.54,106.51,107.61,3295606,0.0
2018-03-27,108.14,110.11,108,109.19,3585039,0.0
2018-03-28,110.12,110.66,108.97,109.161,2449429,0.0
2018-04-01,108.62,109.22,106.44,107.081,2964279,0.0
2018-04-02,107.39,108.53,106.59,108.19,3053105,0.0
2018-04-03,107.78,110.73,107.24,110.18,3124893,0.0
2018-04-04,110.43,111.18,109.75,110.57,1634827,0.0
2018-04-05,110.06,110.98,108.77,109.28,2027497,0.0
2018-04-08,109.54,110.45,108.78,109.4,1356378,0.0
2018-04-09,109.74,110.2,108.92,109.39,1846672,0.0
2018-04-10,108.57,109.47,108.42,108.69,2539518,0.0
2018-04-11,108.95,109.51,108.27,108.3,1972974,0.0
2018-04-12,108.85,109.46,108.52,109.27,1774507,0.0
2018-04-15,109.75,110.64,109.52,109.91,2005394,0.0
2018-04-16,108.63,109.08,107.98,108.8,3489091,0.0
2018-04-17,108.91,109.36,106.46,106.97,4225423,0.0
2018-04-18,106.71,106.94,105.08,105.56,4734747,0.0
2018-04-19,105.45,105.6,102.27,102.49,6647245,0.0
2018-04-22,102.55,102.8,101.84,102.59,4889437,0.0
2018-04-23,102.7,102.85,100.97,101.43,4042333,0.0
2018-04-24,101.21,102.36,100.85,101.14,3630450,0.0
2018-04-25,102.25,104.08,101.15,103.27,4673644,0.0
2018-04-26,102.22,102.99,101.65,101.71,3442420,0.0
2018-04-29,101.85,102.41,100.58,100.94,2671186,0.0
2018-04-30,100.36,100.93,98.57,99.125,3430596,0.0
2018-05-01,99.16,99.3573,97.03,97.24,4626579,0.0
2018-05-02,97.59,98.09,96.7,97.59,5047534,0.0
2018-05-03,97.55,99.77,97.5,98.99,4870335,0.0
2018-05-06,98.98,99.31,98.07,98.22,2281054,0.0
2018-05-07,97.9,97.99,96.43,96.79,3723943,0.0
2018-05-08,97.19,97.52,95.94,96.1649,4676977,0.0
2018-05-09,96.43,97.74,96.4,97.27,2373420,0.0
2018-05-10,97.58,98.26,96.88,97.44,2534335,0.0
2018-05-13,97.69,97.7299,96.73,97.15,2589447,0.0
2018-05-14,96.61,97.24,96.355,96.79,4750857,0.0
2018-05-15,96.64,97.55,96.55,97.18,3436356,0.0
2018-05-16,97.55,97.99,97.15,97.91,3781451,0.0
2018-05-17,98.31,98.45,97.32,97.52,4198970,0.0
2018-05-20,98.22,99.98,98.06,99.51,4950230,0.0
2018-05-21,99.78,100.46,99.43,99.92,5598454,0.0
2018-05-22,99.93,100.6,99.61,100.44,4280185,0.0
2018-05-23,100.31,100.58,99.76,100.19,3457135,0.0
2018-05-24,100.18,101.11,99.9,100.31,3914612,0.0
2018-05-28,100,101.285,100,101.1,4854620,0.0
2018-05-29,101.66,102.24,101.09,101.84,4166144,0.0
2018-05-30,100.92,101.3,99.66,100.24,3844025,0.0
2018-05-31,100.54,100.93,99.65,100.25,3320841,0.0
2018-06-03,100.77,101.09,100.025,100.11,2577498,0.0
2018-06-04,100.46,100.9595,99.88,100.21,3606723,0.0
2018-06-05,100.4,100.86,99.815,100.83,2767991,0.0
2018-06-06,100.51,101.51,100.33,101.15,3586123,0.0
2018-06-07,101.13,102.61,101.13,102.48,3218929,0.0
2018-06-10,102.61,103.41,102.27,103.2,2714394,0.0
2018-06-11,103.23,104.55,102.82,104.47,3854981,0.0
2018-06-12,104.22,105.6,104.16,105.26,5342329,0.0
2018-06-13,105.26,105.36,104.43,105.14,3558354,0.0
2018-06-14,105.03,107.75,104.82,107.61,6114411,0.0
2018-06-17,107.01,107.21,104.83,105.39,3615578,0.0
2018-06-18,105.49,106.68,105.22,105.97,3231766,0.0
2018-06-19,105.73,106.11,105.36,105.81,3451624,0.0
2018-06-20,106.57,107.425,106.3,107.25,4522426,0.0
2018-06-21,107.24,108.67,107.14,108.38,3418988,0.0
2018-06-24,107.96,109.59,107.71,109.01,3792463,0.0
2018-06-25,109.05,109.17,107.47,108.06,3300783,0.0
2018-06-26,108.37,108.955,107.62,108.28,3948580,0.0
2018-06-27,108.42,109.3,108.3,108.68,2870780,0.0
2018-06-28,108.61,109.5,107.8,108.89,2805544,0.0
2018-07-01,108.7,110,108.31,109.51,3487054,0.0
2018-07-02,108.61,109.57,108.055,108.84,2764124,0.0
2018-07-04,108.91,109.615,108,109.54,3096098,0.0
2018-07-05,109.49,110.02,108.97,109.57,3051355,0.0
2018-07-08,109.27,109.3,107.52,107.76,6040686,0.0
2018-07-09,110.53,113,109.68,112.89,12649762,0.0
2018-07-10,112.64,112.94,112.1,112.5362,4079290,0.0
2018-07-11,112.54,112.71,110.97,111.57,4317521,0.0
2018-07-12,111.68,112.79,111.62,112.7,2951023,0.0
2018-07-15,112.56,113.121,111.7511,112.97,2569808,0.0
2018-07-16,113.47,115.03,113.47,114.87,5055457,0.0
2018-07-17,114.92,115,113.89,114.8,3791149,0.0
2018-07-18,114.77,116.59,114.75,115.78,6136106,0.0
2018-07-19,115.75,116.79,115.22,116.04,8801052,0.0
2018-07-22,115.52,115.98,113.58,114.39,4644912,0.0
2018-07-23,114.11,114.92,113.85,114.75,3473407,0.0
2018-07-24,114.94,115.67,114.5,115.21,2879478,0.0
2018-07-25,116.14,116.9,114.88,115,2915600,0.0
2018-07-26,114.77,115.35,114.025,114.29,2874594,0.0
2018-07-29,113.78,114.59,113.67,114.19,2292575,0.0
2018-07-30,114.66,115.49,114.11,115,2599943,0.0
2018-07-31,114.48,114.525,113.225,113.6,2732998,0.0
2018-08-01,113.6,114.93,113.09,114.7,2726068,0.0
2018-08-02,114.68,116.7,114.37,116.3,2640136,0.0
2018-08-05,117.25,118.44,116.9,117.39,5148744,0.0
2018-08-06,116.45,116.46,113.53,114.21,5128881,0.0
2018-08-07,114.52,114.85,113.47,113.49,3692497,0.0
2018-08-08,114.12,114.12,113.38,113.69,2490087,0.0
2018-08-09,113.59,113.97,112.57,112.85,2614243,0.0
2018-08-12,112.81,113.14,112.01,113.02,2431015,0.0
2018-08-13,112.7,113.49,112.11,113.09,2601989,0.0
2018-08-14,112.76,113.74,112.25,113.49,3612509,0.0
2018-08-15,113.74,114.73,113.37,114.29,3163958,0.0
2018-08-16,114,115.09,114,114.99,2162577,0.0
2018-08-19,114.99,115.85,114.6,114.84,2602317,0.0
2018-08-20,115.25,115.25,113.65,113.72,3141264,0.0
2018-08-21,113.7,113.82,111.96,112.24,3024894,0.0
2018-08-22,112.17,112.23,111.51,111.92,2937381,0.0
2018-08-23,111.87,112.5299,111.8,112.14,2035542,0.0
2018-08-26,112.59,112.77,111.83,112.42,1881295,0.0
2018-08-27,112.22,112.445,110.89,111.18,3082358,0.0
2018-08-28,111.3,112.1173,111.22,112.04,1541869,0.0
2018-08-29,111.87,112.23,111.55,111.97,1453990,0.0
2018-08-30,111.77,112.58,111.26,112,2464261,0.0
2018-09-03,111.82,112.09,110.45,111.01,3181328,0.0
2018-09-04,110.76,113.17,110.7,113.14,2789417,0.0
2018-09-05,112,113.53,111.44,113.5,3203500,0.0
2018-09-06,112.85,113.5,111.51,112.75,2515787,0.0
2018-09-09,112.92,113.99,112.7,113.58,2007759,0.0
2018-09-10,111.85,113.745,111.85,113.34,1815149,0.0
2018-09-11,113.31,114.2311,113.04,113.85,2139849,0.0
2018-09-12,114.58,115.01,113.694,114.99,2121066,0.0
2018-09-13,114.89,114.89,113.722,114.56,1751475,0.0
2018-09-16,114.6,115.45,114.22,115.4,1925229,0.0
2018-09-17,115.475,115.475,113.69,114,2697956,0.0
2018-09-18,113.95,114.24,113.46,113.77,2010499,0.0
2018-09-19,114.23,115.51,114.11,115.22,2092726,0.0
2018-09-20,115.26,115.52,114.835,114.88,4099011,0.0
2018-09-23,114.1,114.72,112.2,112.27,1935897,0.0
2018-09-24,112.64,112.75,111.76,111.98,2177489,0.0
2018-09-25,112.27,112.86,111.31,111.54,2281832,0.0
2018-09-26,111.43,112.4,110.91,111.07,2352894,0.0
2018-09-27,111.54,112.05,110.91,111.805,3114456,0.0
2018-09-30,112.15,112.48,110.67,110.83,3316634,0.0
2018-10-01,110.45,111.11,107.7,108.72,5186945,0.0
2018-10-02,109.21,109.71,107.17,107.5,4004644,0.0
2018-10-03,106.85,107.4,105.8,106.63,3349671,0.0
2018-10-04,106.25,107.01,105.98,106.46,2462686,0.0
2018-10-07,106.36,108.34,106.31,108.19,2282548,0.0
2018-10-08,108.68,108.94,107.52,108.14,2987453,0.0
2018-10-09,107.59,109.35,107.2,107.35,3809754,0.0
2018-10-10,108.21,108.48,104.9,105.06,3882400,0.0
2018-10-11,105.38,105.76,104.53,105.27,2776551,0.0
2018-10-14,105.2,106.65,105.17,105.63,1977868,0.0
2018-10-15,106.31,107.69,105.8401,107.39,2523271,0.0
2018-10-16,107.21,108.7785,107.19,108.32,2758782,0.0
2018-10-17,108.48,109.3457,107.55,107.94,2714331,0.0
2018-10-18,108.77,110.6,108.49,110.29,3812736,0.0
2018-10-21,110.09,110.89,109.2438,109.39,3130212,0.0
2018-10-22,108.93,110.53,108.32,110.13,3396374,0.0
2018-10-23,110.2,114.16,109.95,112.96,6355485,0.0
2018-10-24,113.04,113.27,111.4222,112.841,4860405,0.0
2018-10-25,111.6,112.06,109.69,110.46,4043886,0.0
2018-10-28,111.29,113.31,111.1432,113.05,3427704,0.0
2018-10-29,113.75,114.23,112.6,113.77,2994440,0.0
2018-10-30,113.57,113.67,111.19,112.38,3029182,0.0
2018-10-31,112,113.14,110.98,111.47,3542942,0.0
2018-11-01,111.49,112.1,109.63,111.09,4260189,0.0
2018-11-04,111.69,114.44,111.28,114.36,3667964,0.0
2018-11-05,114.03,115.35,113.86,115.21,3036006,0.0
2018-11-06,115.45,115.77,114.44,115.61,3453238,0.0
2018-11-07,115.38,116.5,115.25,116.08,1848360,0.0
2018-11-08,116.08,117.71,116.08,117.47,3674532,0.0
2018-11-11,117,118.32,116.71,116.98,3248987,0.0
2018-11-12,117.75,117.75,116.21,117.139,2365746,0.0
2018-11-13,117.44,117.48,116.27,116.64,3479382,0.0
2018-11-14,116.43,116.99,115.6,116.8,3032323,0.0
2018-11-15,117.05,118.48,116.84,118.38,3557819,0.0
2018-11-18,118.08,119.52,117.965,119.02,3557891,0.0
2018-11-19,119.8,120.28,115.78,116.01,4361552,0.0
2018-11-20,115.89,116.89,114.92,115.27,2626677,0.0
2018-11-22,114.78,116.57,114.78,115.42,1121983,0.0
2018-11-25,115.88,116.4303,114.99,115.82,2272764,0.0
2018-11-26,115.37,116.5269,114.9,116.46,2519144,0.0
2018-11-27,115.98,118.52,115.57,118.49,2965982,0.0
2018-11-28,118.4,119.92,117.44,118.27,2211074,0.0
2018-11-29,118.13,122,118.13,121.9,5070726,0.0
2018-12-02,120.48,120.91,117.51,118.95,5303752,0.0
2018-12-03,119.37,120.61,117.45,117.79,5376257,0.0
2018-12-05,116.31,117.38,114.1,116.83,4224552,0.0
2018-12-06,116.37,116.98,115.38,115.83,3448067,0.0
2018-12-09,116.4,116.6197,114.46,116.18,2589619,0.0
2018-12-10,116.9,118.19,116.68,117.3,3148501,0.0
2018-12-11,118.34,118.59,116.41,117,3606701,0.0
2018-12-12,117.14,118.89,117.11,118.35,5298480,0.0
2018-12-13,117.32,117.55,113.67,114,6071064,0.0
2018-12-16,114.37,115.07,112.2,112.9,4431679,0.0
2018-12-17,113.22,113.53,110.75,111.84,3957193,0.0
2018-12-18,112.63,113.19,109.63,110.05,5133209,0.0
2018-12-19,110.2,111.93,109.2,110.2,6305021,0.0
2018-12-20,110.96,114.16,108.81,109.45,10660293,0.0
2018-12-23,110.13,111.09,105.96,106.04,2815402,0.0
2018-12-25,106.22,108.44,105.03,108.31,3353658,0.0
2018-12-26,107.77,109.47,106.03,109.4,3474552,0.0
2018-12-27,110.09,111.1,109.22,110.02,3459258,0.0
2018-12-30,110.58,111.09,109.32,109.98,3549911,0.0
2019-01-01,109.15,110.0197,108.23,109.09,3146201,0.0
2019-01-02,108.91,110.15,108.08,108.45,4010404,0.0
2019-01-03,109.54,110.58,108.24,110.5,3993537,0.0
2019-01-06,110.01,110.38,108.65,109.575,3679901,0.0
2019-01-07,110.14,110.8,109.42,110.51,4563105,0.0
2019-01-08,110.33,110.87,107.51,107.63,6068155,0.0
2019-01-09,107.41,108.34,107.3565,108.05,5296272,0.0
2019-01-10,107.86,108.5,107.64,108.14,4534159,0.0
2019-01-13,107.85,107.96,106.96,107.41,4150632,0.0
2019-01-14,107.46,109.07,106.73,108.93,3839705,0.0
2019-01-15,108.99,109.05,107.7,108.32,3792588,0.0
2019-01-16,108.14,109.47,108.09,109.13,3078273,0.0
2019-01-17,109.84,110.295,109.17,109.9099,4419156,0.0
2019-01-21,109.86,110.23,108.78,109.77,3439052,0.0
2019-01-22,109.68,110.68,109.51,110.66,3790386,0.0
2019-01-23,110.31,110.31,108.41,109.51,3274144,0.0
2019-01-24,110.15,110.59,109.04,109.3,3754611,0.0
2019-01-27,108.96,109.6,108,108.75,3446019,0.0
2019-01-28,108.93,109.62,108.51,108.96,3320846,0.0
2019-01-29,108.94,111.24,108.54,110.87,4182334,0.0
2019-01-30,110.97,112.88,110.21,112.88,4220603,0.0
2019-01-31,112.95,113.28,111.45,112.16,4159373,0.0
2019-02-03,112.21,113.4,111.85,113.01,2670398,0.0
2019-02-04,113.03,113.54,112.49,112.93,3010661,0.0
2019-02-05,113.41,113.58,112.3,113.1,2871840,0.0
2019-02-06,112.82,113.16,112.16,112.89,2947489,0.0
2019-02-07,112.93,113.03,111.93,112.88,2836707,0.0
2019-02-10,113.16,113.58,112.6443,113,2878519,0.0
2019-02-11,113.23,114.5,112.22,113.76,5465377,0.0
2019-02-12,114.11,114.73,113.63,114.11,4082450,0.0
2019-02-13,113,113,111.88,112.6399,5473923,0.0
2019-02-14,115.85,116.28,114.11,115.88,7564000,0.0
2019-02-18,116.8,116.97,115.2,115.82,4700710,0.0
2019-02-19,115.75,116.64,115.41,115.84,4107780,0.0
2019-02-20,115.5,116.93,115.47,116.08,3710592,0.0
2019-02-21,116.11,116.77,115.59,116.76,3831711,0.0
2019-02-24,117.17,117.3,115.71,116.06,2937628,0.0
2019-02-25,116.37,116.5,115.43,115.98,2760435,0.0
2019-02-26,115.54,115.7,114.41,115.36,3063600,0.0
2019-02-27,114.74,116.22,114.21,115.7,4085470,0.0
2019-02-28,115.7,116.37,115.23,116.19,2814647,0.0
2019-03-03,116.55,116.93,115.5,116.23,2874982,0.0
2019-03-04,115.98,116.82,115.6632,116.03,2814211,0.0
2019-03-05,115.78,116.83,115.58,116.63,3968124,0.0
2019-03-06,116.21,117.33,115.7,116.08,3488960,0.0
2019-03-07,115.83,116.26,114.26,115.22,3869942,0.0
2019-03-10,115.3,116.705,114.98,116.56,3797077,0.0
2019-03-11,116.75,117.21,116.01,116.61,3749136,0.0
2019-03-12,116.88,117.56,116.455,116.59,4267271,0.0
2019-03-13,116.86,116.98,115.45,115.56,6917062,0.0
2019-03-14,116.28,116.53,115.37,115.56,7080530,0.0
2019-03-17,116.17,117.3885,116.05,117.26,5014516,0.0
2019-03-18,117.36,118.745,117.25,118.1,4253814,0.0
2019-03-19,118.07,119.48,117.35,118.32,4746216,0.0
2019-03-20,118.01,119.665,118.01,119.46,3309384,0.0
2019-03-21,119.5,121.29,119.4467,120.73,5315570,0.0
2019-03-24,120.26,121.29,120.08,120.85,3837905,0.0
2019-03-25,121.46,122.16,121.26,122.02,3950939,0.0
2019-03-26,122.46,123.19,121.19,121.88,4193201,0.0
2019-03-27,121.89,122.47,121.585,121.83,2257974,0.0
2019-03-28,122.29,122.755,121.27,122.52,3104183,0.0
2019-03-31,122.59,122.89,121.795,121.93,1681259,0.0
2019-04-01,121.9,122.255,121.56,121.67,2653265,0.0
2019-04-02,121.68,122.23,120.74,121.54,3171308,0.0
2019-04-03,121.81,122.125,121.169,121.47,2415002,0.0
2019-04-04,121.35,121.67,120.82,121.61,2894417,0.0
2019-04-07,121.72,122.04,121.21,121.99,2255602,0.0
2019-04-08,121.74,122.2,120.85,122.19,3259868,0.0
2019-04-09,122.35,122.7,121.66,122.03,2081670,0.0
2019-04-10,122.36,122.75,121.17,121.67,2920231,0.0
2019-04-11,121.53,122.33,121.15,122.24,2842985,0.0
2019-04-14,122.44,124,122.36,123.66,3560739,0.0
2019-04-15,123.22,123.82,121.89,122.39,4437554,0.0
2019-04-16,125,127.11,123.84,126.99,5893313,0.0
2019-04-17,128.23,128.26,126.7282,127.13,6034253,0.0
2019-04-21,126.77,127.24,125.88,126.44,2823811,0.0
2019-04-22,126.68,127.54,126.12,127.09,3201374,0.0
2019-04-23,127.41,127.98,126.67,126.95,2504971,0.0
2019-04-24,125.65,126.3999,125.18,126.09,3671826,0.0
2019-04-25,126.52,127.245,126.115,126.39,2564476,0.0
2019-04-28,126.14,126.96,126.02,126.68,2205241,0.0
2019-04-29,127.05,128.39,126.34,128,3629294,0.0
2019-04-30,127.85,128,127.01,127.22,2873720,0.0
2019-05-01,127.24,127.55,126.17,126.83,2497094,0.0
2019-05-02,127.1,128.18,126.92,127.67,2068268,0.0
2019-05-05,127.3,127.6253,126.76,127.28,1961083,0.0
2019-05-06,126.64,126.95,125.18,125.99,2598316,0.0
2019-05-07,125.8,126.74,124.95,126.05,2257529,0.0
2019-05-08,125.77,126.54,124.85,126.04,2467607,0.0
2019-05-09,126.14,128.28,125.62,128.02,3199647,0.0
2019-05-12,127.02,127.94,126.63,127.16,3521942,0.0
2019-05-13,127.56,128.51,127.285,127.4,3072188,0.0
2019-05-14,127.1,129.87,127.1,129.35,3119734,0.0
2019-05-15,129.37,130.745,128.76,130.27,3044031,0.0
2019-05-16,129.92,130.87,129.65,130.51,3418898,0.0
2019-05-19,130.04,130.45,129.55,129.99,2813761,0.0
2019-05-20,130.58,130.58,128.855,129.07,2846198,0.0
2019-05-21,129.1,130.64,128.9483,130.08,2765063,0.0
2019-05-22,129.6,130.9,129.51,129.96,3116909,0.0
2019-05-23,130.33,130.48,128.96,129.49,2257356,0.0
2019-05-27,129.5,129.9,127.36,127.62,3096683,0.0
2019-05-28,127.58,128.31,126.84,128.11,3827833,0.0
2019-05-29,128.15,128.91,127.78,128.61,2331443,0.0
2019-05-30,128,128.45,126.99,127.97,2633948,0.0
2019-06-02,127.52,129.155,127.49,128.94,2754932,0.0
2019-06-03,129.75,129.81,128.02,129.06,3472047,0.0
2019-06-04,129.22,131.605,128.8625,131.4,4332641,0.0
2019-06-05,131.21,132.2703,130.56,132,3551574,0.0
2019-06-06,132.84,134.71,132.59,133.45,4410242,0.0
2019-06-09,133.18,133.68,132.36,133.58,2356012,0.0
2019-06-10,134.06,134.3392,132.69,133.18,2786518,0.0
2019-06-11,134.01,134.44,132.66,133.15,2733704,0.0
2019-06-12,133.45,133.79,131.85,132.94,4526332,0.0
2019-06-13,133.01,133.54,132.555,132.75,4355891,0.0
2019-06-16,132.72,133.235,131.885,132.51,2105831,0.0
2019-06-17,134.42,134.42,131.8625,132.12,3497433,0.0
2019-06-18,132.06,133.29,131.33,132.85,2885832,0.0
2019-06-19,133.87,134.45,133.34,134.11,2918870,0.0
2019-06-20,134.16,134.56,133.63,133.97,5854070,0.0
2019-06-23,134.65,135.242,133.94,134.16,2469299,0.0
2019-06-24,133.98,134.48,133.54,133.82,2971513,0.0
2019-06-25,133.06,133.77,132.3,132.32,4045769,0.0
2019-06-26,132.25,132.44,131.38,131.67,3003159,0.0
2019-06-27,131.77,132.28,130.76,131.04,3015655,0.0
2019-06-30,131.99,132.29,131.07,131.86,2972588,0.0
2019-07-01,132.09,132.65,131.35,132.43,2726736,0.0
2019-07-02,132.98,134.05,132.77,133.96,2098005,0.0
2019-07-04,132.89,133.4899,131.55,133.03,2580639,0.0
2019-07-07,133.1,133.39,132.04,132.56,4493812,0.0
2019-07-08,133,133.4,130.72,131.73,6788900,0.0
2019-07-09,132.4,134.45,131.87,134.41,5271919,0.0
2019-07-10,134.21,134.74,133.35,134.35,3528967,0.0
2019-07-11,134,134.43,132.61,133.28,3742972,0.0
2019-07-14,133.6,134.16,132.55,134.14,2582528,0.0
2019-07-15,134.08,135.24,133.05,133.81,3565326,0.0
2019-07-16,133.92,134.28,132.47,132.78,2883740,0.0
2019-07-17,132.61,133.2,131.52,132.88,3034862,0.0
2019-07-18,133.17,133.19,130.01,130.13,4355293,0.0
2019-07-21,130.49,130.813,129.63,130.28,2576949,0.0
2019-07-22,131.13,132.24,130.41,130.75,3268102,0.0
2019-07-23,131.2,131.2,128.62,129.21,3413867,0.0
2019-07-24,128.63,129.525,128.39,129.01,2813794,0.0
2019-07-25,129.44,131.42,128.71,131.21,3650523,0.0
2019-07-28,131.5,132.06,131.1755,131.52,3315511,0.0
2019-07-29,131.34,132.08,130.23,130.49,2865819,0.0
2019-07-30,130.31,130.48,126.24,127.81,4323777,0.0
2019-07-31,128.96,129.4,126.79,127.16,4798560,0.0
2019-08-01,127.1,128.82,126.5049,127.95,4019442,0.0
2019-08-04,128.35,129.15,123.88,124.37,4157006,0.0
2019-08-05,124.78,127,124.38,126.45,4418085,0.0
2019-08-06,126.4,128.34,124.63,127.8,4835516,0.0
2019-08-07,127.79,129.75,127.0005,129.5,2571381,0.0
2019-08-08,129.71,129.74,127.32,128.63,2062034,0.0
2019-08-11,128.45,129.15,127.87,128.35,1981429,0.0
2019-08-12,128.28,130.38,127.94,129.96,2842686,0.0
2019-08-13,129.52,130.53,128.8,129.17,4007220,0.0
2019-08-14,129.66,131.22,129.4,130.69,3201748,0.0
2019-08-15,131.42,132.32,130.64,131.71,2497728,0.0
2019-08-18,132.07,132.85,131.94,132.58,2209040,0.0
2019-08-19,132.8,133.1,131.93,132.08,2395681,0.0
2019-08-20,132.91,133.64,131.6236,132.34,2238545,0.0
2019-08-21,131.75,132.93,131.32,132.67,1729201,0.0
2019-08-22,132.45,133.35,129.54,130.4,2891541,0.0
2019-08-25,130.82,133.75,130.586,133.74,2999120,0.0
2019-08-26,134.2,135.3597,133.68,134.75,4818707,0.0
2019-08-27,134.5,135.34,134.28,135.2,3405065,0.0
2019-08-28,135.61,136.44,134.52,136.02,2558873,0.0
2019-08-29,136.39,137.11,135.76,136.75,2617714,0.0
2019-09-02,136.35,137.67,135.88,137.5,2382514,0.0
2019-09-03,137.81,139.18,137.25,139.17,2515431,0.0
2019-09-04,138.8,138.8,135.55,135.99,3966727,0.0
2019-09-05,136.93,137.42,136.02,137.37,2451720,0.0
2019-09-08,136.4,136.68,135.4275,136.41,2787105,0.0
2019-09-09,135.74,136.515,134.68,135.86,3078328,0.0
2019-09-10,135.27,136.79,134.88,136.31,3937163,0.0
2019-09-11,136.74,138.29,136.74,137.29,3131071,0.0
2019-09-12,136.08,136.95,135.68,136.42,2783794,0.0
2019-09-15,136.39,136.5,134.38,134.88,2119571,0.0
2019-09-16,134.96,136.31,134.51,135.68,2233649,0.0
2019-09-17,135.81,135.9999,134.1,135.54,1826950,0.0
2019-09-18,135.41,135.84,135.08,135.45,2062224,0.0
2019-09-19,135,135.76,134.48,134.49,6746423,0.0
2019-09-22,134.96,135.75,134.96,135.47,2201453,0.0
2019-09-23,136.25,136.445,134.58,135.41,3440739,0.0
2019-09-24,135.21,135.66,134.51,135.1,2754756,0.0
2019-09-25,135.87,136.33,135.01,135.74,3008115,0.0
2019-09-26,136.24,136.24,134.67,135.59,2795212,0.0
2019-09-29,136.07,137.73,135.87,137.15,2477175,0.0
2019-09-30,136.93,137.94,136.09,137.38,2937083,0.0
2019-10-01,136.89,137.38,133.485,134.07,4645472,0.0
2019-10-02,138.44,139.75,136.5,137.89,7882275,0.0
2019-10-03,137.84,140.45,137.62,140.25,8498221,0.0
2019-10-06,139.29,139.61,137.97,138.35,7641921,0.0
2019-10-07,138.46,138.46,137.08,137.24,6685593,0.0
2019-10-08,137.32,138.17,136.83,137.85,4944634,0.0
2019-10-09,137.11,138.25,136.64,137.95,3346402,0.0
2019-10-10,138.08,138.7,137.09,137.59,4324956,0.0
2019-10-13,137.84,138.3,137.24,137.45,3650308,0.0
2019-10-14,137.48,137.945,136.16,136.3,5655809,0.0
2019-10-15,136.14,136.49,135.5756,136.41,4103288,0.0
2019-10-16,137.07,137.6153,136.6,136.98,3566489,0.0
2019-10-17,137.27,137.37,136.23,136.25,6480902,0.0
2019-10-20,136.13,136.74,135.66,136.13,1834003,0.0
2019-10-21,136.65,137.35,136.31,136.63,2480172,0.0
2019-10-22,136.61,137.5,136.61,137.43,1817327,0.0
2019-10-23,137.7,138.11,136.79,137.89,1794739,0.0
2019-10-24,137.78,137.92,136.23,136.6,1753822,0.0
2019-10-27,136.55,137.55,136.15,136.56,2729384,0.0
2019-10-28,136.83,137.12,135.94,136.07,1825580,0.0
2019-10-29,135.86,137.285,135.41,136.89,1862550,0.0
2019-10-30,136.8,137.53,136.1,137.19,2170731,0.0
2019-10-31,137.55,138.34,136.7,136.9,2481548,0.0
2019-11-03,136.8,137.1,134.73,135.14,2331238,0.0
2019-11-04,134.83,135.1001,132.6,134.05,3575817,0.0
2019-11-05,134.5,134.88,133.55,134.42,2841923,0.0
2019-11-06,134.41,134.5,133.12,133.31,2371838,0.0
2019-11-07,133.29,134.13,132.57,133.09,1952808,0.0
2019-11-10,133.03,133.03,131.965,132.37,1939927,0.0
2019-11-11,132.68,132.68,131.59,131.98,2329616,0.0
2019-11-12,132.63,133.57,132.01,133.29,2283918,0.0
2019-11-13,133.6,133.91,132.73,133.35,1619578,0.0
2019-11-14,133.66,133.92,132.8,133.83,3033915,0.0
2019-11-17,134,135.69,133.91,134.06,2545842,0.0
2019-11-18,134.65,135.06,134.0692,134.6,2025382,0.0
2019-11-19,134.31,135.2,133.4,133.73,2150352,0.0
2019-11-20,133.43,134.21,133.086,133.91,2487709,0.0
2019-11-21,133.92,134.53,133.02,134.07,1714309,0.0
2019-11-24,134.66,134.78,133.2101,133.81,2145692,0.0
2019-11-25,134.29,135.865,133.8703,135.7,2407920,0.0
2019-11-26,135.7,136.52,135.33,135.91,1741990,0.0
2019-11-28,136.06,136.42,135.26,135.86,1228712,0.0
2019-12-01,136.12,136.65,134.44,135.88,2856095,0.0
2019-12-02,136.66,136.66,134.32,135.445,3636801,0.0
2019-12-03,134.95,137.37,134.54,137.28,3058157,0.0
2019-12-04,136.19,136.54,135.27,136.34,2347669,0.0
2019-12-05,136.67,137.69,136.3397,137.43,2170176,0.0
2019-12-08,137.15,138.04,137,137.15,2117733,0.0
2019-12-09,137.61,137.61,136.17,136.28,2354126,0.0
2019-12-10,137.05,137.54,136.32,137.05,2192699,0.0
2019-12-11,136.8,137.9,136.75,137.18,2456307,0.0
2019-12-12,136.93,138.25,136.19,137.93,2623055,0.0
2019-12-15,136.95,137.52,136.16,137.05,2901795,0.0
2019-12-16,137.05,137.44,135.685,136.13,2836437,0.0
2019-12-17,137.05,137.25,135.625,135.96,2803094,0.0
2019-12-18,136.22,136.74,135.95,136.46,2058392,0.0
2019-12-19,137.41,138.13,135.16,137.95,6951090,0.0
2019-12-22,137.69,138.13,136.84,137.04,2056229,0.0
2019-12-23,137.09,137.38,136.27,136.89,1041659,0.0
2019-12-25,136.86,137.34,136.1,136.67,1440913,0.0
2019-12-26,136.88,137.58,136.63,137.54,1919850,0.0
2019-12-29,137.33,137.97,136.48,136.88,1866646,0.0
2019-12-30,136.69,137.2625,136.03,136.62,1846286,0.0
2020-01-01,136.87,137.23,135.14,135.81,2561080,0.0
2020-01-02,135.46,136.79,135.125,135.68,2756117,0.0
2020-01-05,135.3,136.32,135.2012,136.155,2444550,0.0
2020-01-06,135.97,136,133.95,134.03,3053064,0.0
2020-01-07,134.5,135.36,134.07,134.7,2145505,0.0
2020-01-08,135.29,135.38,134.53,134.8,2240223,0.0
2020-01-09,135.17,135.42,134.39,134.54,2519802,0.0
2020-01-12,134.65,136.59,134.63,136.51,3042282,0.0
2020-01-13,136.18,136.94,135.695,136.86,2350021,0.0
2020-01-14,137.04,139.25,136.8,139.22,3584573,0.0
2020-01-15,139.35,140.16,138.6,139.61,2919429,0.0
2020-01-16,140.1,141.32,139.9,141.27,4771511,0.0
2020-01-20,140.61,142.12,140.34,141.86,5815224,0.0
2020-01-21,141.81,143.57,141.72,143.38,7556684,0.0
2020-01-22,143.08,143.85,142.37,143.65,4942581,0.0
2020-01-23,143.83,144.15,142.45,142.92,4167400,0.0
2020-01-26,141.65,143.36,141.05,142.18,2375063,0.0
2020-01-27,142.13,142.92,141.76,142.44,1834858,0.0
2020-01-28,141.725,142.45,141.17,141.77,2062558,0.0
2020-01-29,142.32,143.96,141.52,143.85,2613116,0.0
2020-01-30,143.81,144.65,141.575,141.99,2740753,0.0
2020-02-02,142.77,143.075,141.84,142.5,2535198,0.0
2020-02-03,143.54,144.06,142.1,143.25,2279853,0.0
2020-02-04,143.68,144.59,143.43,144.31,2478126,0.0
2020-02-05,144.64,145.2977,144.0702,144.32,2412497,0.0
2020-02-06,144.26,145.72,143.83,145.4,2424656,0.0
2020-02-09,145.93,146.42,145.13,145.71,2806654,0.0
2020-02-10,146.21,146.36,144.87,146.07,3154318,0.0
2020-02-11,146.83,146.83,145.35,146.06,3110490,0.0
2020-02-12,145.25,147.13,143.52,146.52,4005577,0.0
2020-02-13,146.57,147.15,145.94,147,2919719,0.0
2020-02-17,147.11,147.2,145.4,145.52,2699400,0.0
2020-02-18,145.62,146.48,145.49,145.53,2118918,0.0
2020-02-19,145.77,145.8,143.95,145.16,2226271,0.0
2020-02-20,145.06,145.92,144.805,145.88,3339100,0.0
2020-02-23,145.86,147.15,142.56,142.64,3954636,0.0
2020-02-24,142.59,144.38,140.57,141.1,4813852,0.0
2020-02-25,142.435,143.75,141.16,141.99,4788415,0.0
2020-02-26,141.41,143.14,136.31,136.31,6615499,0.0
2020-02-27,133.24,133.75,128.35,132.41,11409273,0.0
2020-03-01,132,137.77,131.72,137.61,6436346,0.0
2020-03-02,137.19,139.67,134.74,135.58,6534501,0.0
2020-03-03,136.19,142.71,136.01,142.39,5692619,0.0
2020-03-04,138.81,141.42,136.67,138.1,4600228,0.0
2020-03-05,131.56,138.17,131.4532,137.27,5395583,0.0
2020-03-08,130.18,133.35,128.18,130.15,14096128,0.0
2020-03-09,132.05,134.57,126.86,134.23,6933457,0.0
2020-03-10,130.58,132.54,127.63,129.66,12011444,0.0
2020-03-11,122.1,125,113.59,115.34,21795396,0.0
2020-03-12,120.68,127.59,115.07,127.45,19093902,0.0
2020-03-15,114.69,123.82,112,113.07,17943368,0.0
2020-03-16,116.7,127.86,116.39,127.72,12303332,0.0
2020-03-17,120.84,127.72,113.7701,126.6,23543404,0.0
2020-03-18,121.43,122.09,116.06,117.34,7600780,0.0
2020-03-19,118.24,118.45,101.42,103.94,12483250,0.0
2020-03-22,106,112.87,102.87,105.03,22516241,0.0
2020-03-23,109.93,114.43,109.365,113.84,8496066,0.0
2020-03-24,112.74,116.36,111.04,112.5,7528890,0.0
2020-03-25,112.71,121.8,112.58,120.26,15224382,0.0
2020-03-26,118.57,124.65,117.99,120.35,7479331,0.0
2020-03-29,121.61,125.84,121.51,125.53,4878033,0.0
2020-03-30,124.94,125.695,119.5267,120.09,10060190,0.0
2020-03-31,117.27,122.3,115.665,118.12,5276497,0.0
2020-04-01,117.215,125.177,116.48,123.87,4357618,0.0
2020-04-02,123.19,125.37,122.44,124.67,5864324,0.0
2020-04-05,128.85,132.13,125.29,131.18,11889458,0.0
2020-04-06,132.71,135.08,130.29,130.49,10073350,0.0
2020-04-07,130.04,133.295,129.13,132.6742,8284696,0.0
2020-04-08,132.09,135.08,131.51,133.62,9379480,0.0
2020-04-12,131.69,133.3499,129.43,130.83,2908148,0.0
2020-04-13,133.22,138.63,132.35,138.5,4914960,0.0
2020-04-14,137.14,137.56,133.7,135.09,15848168,0.0
2020-04-15,136.9662,136.9662,133.85,135.71,6082237,0.0
2020-04-16,137.73,138,134.91,137.56,10167652,0.0
2020-04-19,136.9355,137.38,134.51,134.52,9655358,0.0
2020-04-20,132.14,132.94,130.59,130.94,9855680,0.0
2020-04-21,132.44,133.349,131.22,132.54,10763348,0.0
2020-04-22,132.5,134.14,130.03,130.2,8067972,0.0
2020-04-23,130.87,134.82,130.65,134.29,8125413,0.0
2020-04-26,134.42,135.21,133.89,134.54,12791213,0.0
2020-04-27,136.78,137.68,134.66,136.35,4833465,0.0
2020-04-28,136.77,136.98,132.9,133.29,5529113,0.0
2020-04-29,132.41,133.17,130.42,132.1,9184833,0.0
2020-04-30,131.12,132.225,129.52,130.29,3379056,0.0
2020-05-03,130.17,131.35,129.325,130.92,8122379,0.0
2020-05-04,131.64,133.33,130.77,131.72,2855520,0.0
2020-05-05,131.58,132.23,130.69,130.8,2901707,0.0
2020-05-06,131.55,132,130.12,131.56,4187336,0.0
2020-05-07,133.07,135.16,132.46,134.15,7017194,0.0
2020-05-10,133.43,136.2,133.17,134.32,2648945,0.0
2020-05-11,134.755,136.38,132.86,132.87,3080430,0.0
2020-05-12,133.18,134.47,131.45,132.97,8570608,0.0
2020-05-13,132.71,133.56,130.15,133.1,9579436,0.0
2020-05-14,133.77,137.66,132.787,135.93,13203965,0.0
2020-05-17,136.85,137.99,135.06,135.46,12284692,0.0
2020-05-18,134.43,134.76,131.4,131.73,5787308,0.0
2020-05-19,132.54,132.6841,130.34,131.26,7226459,0.0
2020-05-20,130.98,131.44,129.61,130.23,3630732,0.0
2020-05-21,129.61,130.63,129.17,130.48,2904486,0.0
2020-05-25,131.94,132.05,129.4,129.75,8514048,0.0
2020-05-26,129.72,130.84,128.58,130.82,4235616,0.0
2020-05-27,131.21,132.73,130.11,132.36,4194955,0.0
2020-05-28,132.01,132.24,130.32,131.55,11035224,0.0
2020-05-31,131.6,133.9461,131.19,132.99,6995328,0.0
2020-06-01,133.05,133.81,131.12,132.68,4459712,0.0
2020-06-02,133.24,134.275,132.6,132.8,9168040,0.0
2020-06-03,131.59,133.56,130.18,130.6,4479808,0.0
2020-06-04,131,133.52,130.77,132.41,11478068,0.0
2020-06-07,131.38,132.465,131.235,132.21,6953156,0.0
2020-06-08,131.83,133.15,131.05,132.97,9308788,0.0
2020-06-09,133.28,135.16,133.17,134.13,8354588,0.0
2020-06-10,134.22,135.14,127.46,127.84,5885643,0.0
2020-06-11,129.15,129.86,128.42,128.88,1725615,0.0
2020-06-14,128.29,130.96,126.53,130.57,3665427,0.0
2020-06-15,132.68,133.06,130.12,131.8,8297875,0.0
2020-06-16,131.89,133.04,131.51,131.765,4972275,0.0
2020-06-17,131.42,133.13,130.63,132.8,2633424,0.0
2020-06-18,134.41,134.82,131.27,131.32,4974947,0.0
2020-06-21,130.55,131.76,129.95,131.03,2630192,0.0
2020-06-22,131.62,132.68,130.98,131.33,2850924,0.0
2020-06-23,130.52,131.07,128.68,129.6,3636349,0.0
2020-06-24,129.14,131.73,128.05,131.39,3629049,0.0
2020-06-25,131.68,132.37,128.06,128.93,4295068,0.0
2020-06-28,130.18,131.4,129.43,131.16,2490801,0.0
2020-06-29,131.83,132.82,130.855,132.21,3018403,0.0
2020-06-30,132.53,133.62,131.94,132.34,2878189,0.0
2020-07-01,133.54,134.17,132.54,132.86,1913272,0.0
