Date,Open,High,Low,Close,Volume,OpenInterest
2016-07-13,39.69,40.07,39.4,39.96,8761039,0.0
2016-07-14,39.93,40.07,38.98,39.09,7073531,0.0
2016-07-17,39.13,39.22,38.73,38.93,6994260,0.0
2016-07-18,38.97,39.465,38.83,39.37,7326329,0.0
2016-07-19,39.44,40.45,39.12,40.05,9901618,0.0
2016-07-20,40.21,40.33,39.65,40.21,10716726,0.0
2016-07-21,37.25,37.59,36.43,37.42,33297986,0.0
2016-07-24,37.7,38.18,37.62,37.78,15601639,0.0
2016-07-25,37.8,38.27,37.6,37.69,9506058,0.0
2016-07-26,37.69,37.69,37.045,37.21,7590615,0.0
2016-07-27,37.4,37.68,37.101,37.2,4476233,0.0
2016-07-28,37.41,37.48,36.86,37.24,5807665,0.0
2016-07-31,37.43,37.44,36.9,37.06,4765198,0.0
2016-08-01,37.06,37.0852,36.36,36.54,5042151,0.0
2016-08-02,36.59,36.74,36.28,36.58,6621428,0.0
2016-08-03,36.82,37.39,36.73,37.3,6814733,0.0
2016-08-04,37.55,38.15,37.55,38.11,6839056,0.0
2016-08-07,38.19,38.3,37.65,37.91,4899279,0.0
2016-08-08,38.04,38.14,37.88,38.1,4439867,0.0
2016-08-09,38.01,38.245,37.91,38.07,4768547,0.0
2016-08-10,38.19,38.49,38.1,38.46,5036769,0.0
2016-08-11,38.32,38.63,38.1,38.51,5711444,0.0
2016-08-14,38.55,38.65,38.34,38.46,3949056,0.0
2016-08-15,38.29,38.53,38.15,38.38,5534439,0.0
2016-08-16,38.29,38.46,37.88,38.14,4573183,0.0
2016-08-17,38.07,38.375,37.93,38.22,3383166,0.0
2016-08-18,38.02,38.18,37.895,38.09,4049232,0.0
2016-08-21,37.93,38.2,37.66,38.11,10050969,0.0
2016-08-22,38.29,38.43,37.8,37.86,5155301,0.0
2016-08-23,37.81,37.95,37.41,37.54,5195810,0.0
2016-08-24,37.5,37.57,37.25,37.52,4620506,0.0
2016-08-25,37.61,37.84,37.38,37.66,3662407,0.0
2016-08-28,37.62,37.65,37.27,37.29,4148264,0.0
2016-08-29,37.39,37.52,36.985,37,5760234,0.0
2016-08-30,37,37.24,36.84,37.15,6259035,0.0
2016-08-31,37.27,37.32,36.58,36.83,9360346,0.0
2016-09-01,37.01,37.125,36.3,37.07,5973061,0.0
2016-09-05,37.05,37.65,37.02,37.18,5238445,0.0
2016-09-06,37.33,38.58,37.26,38.56,9697934,0.0
2016-09-07,38.65,39.33,38.5007,39.27,10747053,0.0
2016-09-08,38.75,39.02,37.91,38.01,9140267,0.0
2016-09-11,37.64,38.84,37.5401,38.77,7337022,0.0
2016-09-12,38.63,40.33,38.41,39.86,16208923,0.0
2016-09-13,39.98,40.28,39.53,39.96,11555306,0.0
2016-09-14,40.31,41.14,39.8699,40.83,11331618,0.0
2016-09-15,40.71,40.88,40.3248,40.7,8001324,0.0
2016-09-18,40.24,40.46,39.75,40.01,6547703,0.0
2016-09-19,40.3,40.3,39.67,39.69,4716078,0.0
2016-09-20,39.86,40.39,39.7,40.29,4659245,0.0
2016-09-21,40.42,40.66,40.14,40.48,5101353,0.0
2016-09-22,39.6,40.495,39.6,40.07,5023564,0.0
2016-09-25,39.9,40.51,39.38,40.34,8183340,0.0
2016-09-26,40.27,41.23,39.49,41.06,6901034,0.0
2016-09-27,41.15,41.19,40.21,40.98,6043570,0.0
2016-09-28,40.91,41.3,40.36,40.39,7162745,0.0
2016-09-29,40.29,41.05,40.27,40.975,5659220,0.0
2016-10-02,40.87,41.2,40.16,40.59,5810462,0.0
2016-10-03,40.77,41.3,40.44,40.78,4413032,0.0
2016-10-04,40.95,40.95,40.4,40.43,5298419,0.0
2016-10-05,40.32,40.39,39.86,40.18,5604299,0.0
2016-10-06,40.42,40.42,39.62,39.85,5160822,0.0
2016-10-09,40.13,40.17,39.59,39.85,5690238,0.0
2016-10-10,40.03,40.11,38.96,39.18,8549119,0.0
2016-10-11,39.34,39.8,39.3,39.53,6215652,0.0
2016-10-12,39.39,39.4,38.75,39.2,7066072,0.0
2016-10-13,39.46,39.89,39.23,39.25,5428856,0.0
2016-10-16,39.28,39.62,39.16,39.48,4386828,0.0
2016-10-17,40,40.18,39.78,39.83,4679515,0.0
2016-10-18,39.97,40.47,39.84,40.24,5783450,0.0
2016-10-19,40.23,40.29,39.82,40.08,9917749,0.0
2016-10-20,41.86,44.24,41.84,44.16,34714579,0.0
2016-10-23,44,44.52,43.14,43.87,17597104,0.0
2016-10-24,43.66,44.07,43,43.3,8493966,0.0
2016-10-25,43,43.21,42.31,42.32,9906907,0.0
2016-10-26,42.56,42.57,41.621,41.68,8703308,0.0
2016-10-27,41.98,41.98,41.07,41.76,10864216,0.0
2016-10-30,41.78,42,41.36,41.67,6058799,0.0
2016-10-31,41.68,42.295,41.29,41.53,8158074,0.0
2016-11-01,41.47,41.57,41.08,41.35,6653751,0.0
2016-11-02,41.32,41.5,40.92,41.18,5257264,0.0
2016-11-03,40.3,41.485,40.3,40.9,5622658,0.0
2016-11-06,41.55,41.65,41.06,41.28,6979291,0.0
2016-11-07,41.42,42.15,41.09,41.58,6272179,0.0
2016-11-08,40.62,41.47,40.58,41.26,8382682,0.0
2016-11-09,41.9,41.9,39.58,40.45,10818157,0.0
2016-11-10,40.77,40.77,39.8,40.08,9858739,0.0
2016-11-13,40.4,40.4,37.795,38.81,16188799,0.0
2016-11-14,39.04,39.48,38.9,38.94,14996133,0.0
2016-11-15,39.05,39.21,38.71,39.06,11358397,0.0
2016-11-16,39.12,40.055,38.95,39.88,8308274,0.0
2016-11-17,40.08,40.57,39.91,40.08,8231898,0.0
2016-11-20,40.12,40.77,40.12,40.63,5827612,0.0
2016-11-21,40.99,41.1,39.95,40.33,6773604,0.0
2016-11-22,40.31,40.43,39.85,40.05,4342161,0.0
2016-11-24,40.4,40.56,39.99,40.26,1795945,0.0
2016-11-27,40.26,40.49,39.925,39.97,3319858,0.0
2016-11-28,40.07,40.36,39.79,39.89,4155937,0.0
2016-11-29,40.1,40.18,39.18,39.28,6066903,0.0
2016-11-30,39.56,39.68,38.18,38.33,9306087,0.0
2016-12-01,38.34,38.75,38.06,38.63,5450773,0.0
2016-12-04,38.85,39.34,38.65,38.99,3940700,0.0
2016-12-05,39.06,39.26,38.71,38.98,3908936,0.0
2016-12-06,39.08,39.46,38.8,39.45,4832732,0.0
2016-12-07,39.68,40,39.45,39.61,5075234,0.0
2016-12-08,39.7,39.79,39.375,39.65,3137107,0.0
2016-12-11,39.56,39.9,39.35,39.44,3520855,0.0
2016-12-12,39.55,39.745,39.39,39.43,5308688,0.0
2016-12-13,39.46,39.89,39.46,39.55,3698485,0.0
2016-12-14,39.8,40.29,39.35,39.54,5256712,0.0
2016-12-15,39.9,39.9,39.12,39.32,7298861,0.0
2016-12-18,39.4,39.8,39.11,39.45,3436478,0.0
2016-12-19,39.61,39.74,39.26,39.74,2940991,0.0
2016-12-20,39.84,40.74,39.82,40.09,5826704,0.0
2016-12-21,40.04,40.09,39.54,39.68,4338385,0.0
2016-12-22,39.82,39.87,39.48,39.58,2525504,0.0
2016-12-26,39.5,40.08,39.43,39.72,2209080,0.0
2016-12-27,39.76,40.03,39.53,39.58,2721046,0.0
2016-12-28,39.54,40.17,39.54,39.97,3118262,0.0
2016-12-29,39.96,40.07,39.34,39.47,3622222,0.0
2017-01-02,40.29,40.98,40,40.25,6620546,0.0
2017-01-03,40.35,41.03,40.045,41,5790753,0.0
2017-01-04,41.43,41.72,41.0399,41.06,5024495,0.0
2017-01-05,41.24,41.64,40.79,41.44,4561434,0.0
2017-01-08,41.53,41.53,41.11,41.39,3079673,0.0
2017-01-09,41.4,41.55,41.07,41.09,3139301,0.0
2017-01-10,41.23,41.38,40.835,41.27,3589964,0.0
2017-01-11,41.28,41.6052,40.92,41.56,3171153,0.0
2017-01-12,41.65,41.84,41.53,41.6,3142329,0.0
2017-01-16,41.6,41.71,41.2,41.27,4192211,0.0
2017-01-17,41.41,41.49,41.11,41.34,3927767,0.0
2017-01-18,41.25,41.68,41.03,41.27,4134165,0.0
2017-01-19,41.31,41.72,41.3,41.69,5934529,0.0
2017-01-22,41.86,42.11,41.25,41.63,7236939,0.0
2017-01-23,41.95,42.04,41.53,41.96,5218879,0.0
2017-01-24,42.37,42.44,41.66,41.71,7510288,0.0
2017-01-25,42.36,42.5,41.285,41.5,9488929,0.0
2017-01-26,40.99,41.2,39.92,40.27,20780970,0.0
2017-01-29,40.17,40.27,39.42,39.85,10176728,0.0
2017-01-30,39.7,40.01,39.45,39.78,7758619,0.0
2017-01-31,39.96,40,39.11,39.31,7567939,0.0
2017-02-01,39.4,39.84,39.02,39.58,7004668,0.0
2017-02-02,39.79,39.93,39.55,39.59,6191932,0.0
2017-02-05,39.64,39.83,39.34,39.73,5403328,0.0
2017-02-06,40.01,40.34,39.7,40.01,5843228,0.0
2017-02-07,40.18,40.99,39.92,40.88,6340797,0.0
2017-02-08,40.42,40.995,40.3,40.82,5453233,0.0
2017-02-09,40.82,40.86,40.56,40.58,5429444,0.0
2017-02-12,40.83,41.3,40.74,41.18,5401391,0.0
2017-02-13,41.18,41.63,40.94,41.62,5166101,0.0
2017-02-14,41.69,41.93,41.27,41.88,5606687,0.0
2017-02-15,41.87,42.31,41.7,42.16,5055499,0.0
2017-02-16,42.01,42.3,41.8,41.96,4091026,0.0
2017-02-20,41.93,42.56,41.9,42.43,4828872,0.0
2017-02-21,42.27,42.53,42.12,42.41,3553928,0.0
2017-02-22,42.37,42.67,42.16,42.53,4222988,0.0
2017-02-23,42.11,43.07,41.83,43.07,5840644,0.0
2017-02-26,42.89,42.89,42.35,42.63,4323670,0.0
2017-02-27,42.49,42.49,41.99,42,5617896,0.0
2017-02-28,42.31,42.52,41.99,42.43,4930941,0.0
2017-03-01,42.4,42.86,42.2,42.77,3833946,0.0
2017-03-02,42.7,43.04,42.58,43.03,3461901,0.0
2017-03-05,42.98,43.03,42.63,42.87,4710023,0.0
2017-03-06,42.8,43.2,42.71,42.89,3786985,0.0
2017-03-07,42.84,43.18,42.72,42.79,3633366,0.0
2017-03-08,42.66,43,42.45,42.915,2841903,0.0
2017-03-09,43.19,43.28,42.76,43,3394828,0.0
2017-03-12,42.87,42.965,42.45,42.59,4472257,0.0
2017-03-13,42.51,42.64,41.74,42.11,5070759,0.0
2017-03-14,42.31,42.57,41.89,42.38,3278213,0.0
2017-03-15,42.52,42.58,42.14,42.41,3189459,0.0
2017-03-16,42.57,43.3,42.37,43.085,10048937,0.0
2017-03-19,43.1,43.32,42.81,43.16,5829495,0.0
2017-03-20,43.33,43.4,42.46,42.64,6184368,0.0
2017-03-21,42.595,43.24,42.45,43.19,5520524,0.0
2017-03-22,43.13,43.61,43,43.15,5969746,0.0
2017-03-23,43.48,43.495,42.935,43.13,4836724,0.0
2017-03-26,42.69,43.2,42.58,43.08,3115467,0.0
2017-03-27,42.87,43.25,42.84,43.15,3544437,0.0
2017-03-28,43.15,43.3,42.96,43.25,3165497,0.0
2017-03-29,43.15,43.8,43,43.535,4857750,0.0
2017-03-30,43.44,43.48,43.01,43.02,3849688,0.0
2017-04-02,43.2,43.3,42.51,42.63,6339367,0.0
2017-04-03,42.74,42.74,42.26,42.72,3934097,0.0
2017-04-04,42.83,43.3433,42.74,42.89,4384265,0.0
2017-04-05,42.9,43,42.72,42.91,3138212,0.0
2017-04-06,42.89,43.175,42.71,43.04,4026671,0.0
2017-04-09,43.07,43.55,43.01,43.05,3027297,0.0
2017-04-10,42.99,43.09,42.61,42.69,3971083,0.0
2017-04-11,42.1,42.81,42.06,42.49,4783631,0.0
2017-04-12,42.5,42.89,42.32,42.555,2723015,0.0
2017-04-16,42.6,43.14,42.6,43.1,2424616,0.0
2017-04-17,43.2,43.2,42.86,43.09,3202265,0.0
2017-04-18,43.03,43.47,42.9,43.3,3859453,0.0
2017-04-19,43.32,43.8,43.26,43.69,4144363,0.0
2017-04-20,43.86,44,43.6,43.81,4720502,0.0
2017-04-23,44.12,44.28,43.95,44.26,3824487,0.0
2017-04-24,44.49,45.01,44.35,44.715,6722657,0.0
2017-04-25,45.04,45.04,44.25,44.39,7236352,0.0
2017-04-26,47.24,48.1,46.75,47.15,31230454,0.0
2017-04-27,47.03,47.755,46.87,47.72,10111240,0.0
2017-04-30,47.38,47.7125,47.32,47.55,13130684,0.0
2017-05-01,47.41,49.07,47.4,49.05,14692685,0.0
2017-05-02,49.16,49.29,48.625,49.02,10373954,0.0
2017-05-03,48.93,49.38,48.82,48.91,6174093,0.0
2017-05-04,48.62,49.44,48.4,49.295,4192996,0.0
2017-05-07,49.4,49.45,48.81,49.17,4623415,0.0
2017-05-08,49.06,49.37,48.9,49.22,4022769,0.0
2017-05-09,49.18,49.8,49.015,49.79,5547165,0.0
2017-05-10,49.63,49.71,49.11,49.7,4895710,0.0
2017-05-11,49.58,49.75,49.24,49.37,4349125,0.0
2017-05-14,49.31,50,49.25,49.77,3950473,0.0
2017-05-15,49.63,50.35,49.57,50.34,4747859,0.0
2017-05-16,49.87,50.1,49.025,49.05,5488685,0.0
2017-05-17,49.03,49.58,48.89,49.11,7571153,0.0
2017-05-18,49.15,49.71,49.06,49.38,6507998,0.0
2017-05-21,49.45,49.88,49.35,49.77,11230519,0.0
2017-05-22,49.9,50.18,49.77,50.13,5607256,0.0
2017-05-23,50.23,51.08,50.14,51.05,5438298,0.0
2017-05-24,50.77,51.13,50.64,50.94,4085017,0.0
2017-05-25,51.04,51.39,50.89,51.18,4038163,0.0
2017-05-29,50.96,51.28,50.86,51.07,2848992,0.0
2017-05-30,51.08,52.24,50.88,52.21,7388742,0.0
2017-05-31,52.48,53.39,52.475,53.15,12108158,0.0
2017-06-01,53.44,53.64,53.08,53.52,7570390,0.0
2017-06-04,53.72,54.07,53.59,53.8,7081415,0.0
2017-06-05,53.74,53.8,53.16,53.4,4519798,0.0
2017-06-06,53.3,53.94,53.26,53.85,5004338,0.0
2017-06-07,54.03,54.43,53.45,54.39,4661650,0.0
2017-06-08,54.53,55.14,52.85,53.395,9346470,0.0
2017-06-11,52.81,52.9,51.43,52.145,14360285,0.0
2017-06-12,52.29,52.485,51.7,52.06,8766872,0.0
2017-06-13,52,52.505,51.535,51.9,6277167,0.0
2017-06-14,51.47,52.38,50.83,52.31,8945625,0.0
2017-06-15,52.04,52.16,51.58,51.82,8021442,0.0
2017-06-18,52.23,53,52.09,52.92,4333799,0.0
2017-06-19,52.84,53.23,52.43,52.52,3600016,0.0
2017-06-20,52.99,53.58,52.61,53.54,6422623,0.0
2017-06-21,53.71,53.951,52.86,53.87,6879200,0.0
2017-06-22,53.82,54.53,53.69,54.32,4899227,0.0
2017-06-25,54.44,55.1,53.65,53.74,4116845,0.0
2017-06-26,53.6,53.79,52.64,52.73,6372257,0.0
2017-06-27,52.76,54.44,52.65,54.39,6364808,0.0
2017-06-28,54.08,54.1,52.52,53.41,9437138,0.0
2017-06-29,53.55,54.25,53.29,53.67,5453933,0.0
2017-07-02,54.09,54.33,52.83,52.84,4042220,0.0
2017-07-04,53,54.75,52.94,54.62,8056236,0.0
2017-07-05,54.22,54.3506,53.15,53.48,6372976,0.0
2017-07-06,53.7,54.48,53.52,53.96,3729876,0.0
2017-07-09,54.91,55.42,54.7,54.94,8120461,0.0
2017-07-10,54.92,55.2,54.33,54.76,6385569,0.0
2017-07-11,56.57,57.445,55.55,56.55,15214570,0.0
2017-07-12,57.3,57.91,56.8,57.9,11741164,0.0
2017-07-13,58.11,58.63,56.915,57.16,9635685,0.0
2017-07-16,57.53,57.6,57.02,57.57,4476832,0.0
2017-07-17,57.5,58.96,57.31,58.96,8161349,0.0
2017-07-18,58.49,58.62,57.55,58.34,8108019,0.0
2017-07-19,58.77,59.38,58.43,59.09,6620699,0.0
2017-07-20,59.01,59.33,58.59,58.66,6035801,0.0
2017-07-23,58.9,59.07,58.34,58.6,5192916,0.0
2017-07-24,58.83,58.83,58.19,58.27,6872488,0.0
2017-07-25,58.5,58.94,57.9,58.77,10362593,0.0
2017-07-26,60.92,61.3,57.6921,60.16,19796805,0.0
2017-07-27,59.8,60.71,59.04,59.19,8446067,0.0
2017-07-30,59.37,59.64,58.52,58.55,5542952,0.0
2017-07-31,59,59.39,58.79,59.34,7428347,0.0
2017-08-01,59.67,59.71,58.44,59.1,5412019,0.0
2017-08-02,59.17,59.28,58.3676,58.45,5005561,0.0
2017-08-03,58.6,58.93,58.32,58.85,5013489,0.0
2017-08-06,59.18,59.64,58.84,59.61,4231157,0.0
2017-08-07,59.61,59.88,59.25,59.47,5248675,0.0
2017-08-08,58.97,59.73,58.59,59.66,4874425,0.0
2017-08-09,59.24,59.35,57.81,58.02,7366333,0.0
2017-08-10,57.85,58.25,57.58,58.04,5901251,0.0
2017-08-13,58.61,59.2763,58.271,59.05,5300909,0.0
2017-08-14,59.28,59.98,59.23,59.69,5238606,0.0
2017-08-15,59.95,60.7,59.6,60.28,4900927,0.0
2017-08-16,60.15,60.28,59.29,59.29,5593035,0.0
2017-08-17,59.36,59.82,58.94,59.44,3629626,0.0
2017-08-20,59.33,59.65,58.755,59.395,3267020,0.0
2017-08-21,59.72,61,59.44,60.83,4447130,0.0
2017-08-22,60.3,60.51,59.82,60.05,3616264,0.0
2017-08-23,60.23,60.43,59.11,59.99,3134887,0.0
2017-08-24,60.33,60.58,59.61,59.98,3208341,0.0
2017-08-27,60.31,60.53,59.81,60.53,2868872,0.0
2017-08-28,59.82,61.16,59.63,61.01,3637461,0.0
2017-08-29,61.05,61.86,60.89,61.76,4542462,0.0
2017-08-30,62,62.029,61.17,61.67,4656283,0.0
2017-08-31,61.98,62.23,61.3831,61.45,2569156,0.0
2017-09-04,61.26,61.75,60.58,61.27,4462105,0.0
2017-09-05,61.74,61.99,60.9,61.25,4246915,0.0
2017-09-06,61.33,62.13,61.28,62,4141248,0.0
2017-09-07,61.94,62,61.1,61.13,3893906,0.0
2017-09-10,61.71,63.26,61.62,62.64,5970316,0.0
2017-09-11,62.96,63.12,62.15,62.56,4977915,0.0
2017-09-12,62.47,62.75,61.58,62.01,5223003,0.0
2017-09-13,62.04,62.37,61.71,62.24,4543710,0.0
2017-09-14,62.27,62.8,61.96,62.51,6219575,0.0
2017-09-17,62.62,63.5299,62.52,62.91,6134599,0.0
2017-09-18,63.01,63.925,62.96,63.82,6282842,0.0
2017-09-19,63.99,64.87,63.83,64.75,9960076,0.0
2017-09-20,64.68,64.95,63.905,64.62,5221316,0.0
2017-09-21,64.33,65.24,64.11,65.09,5610455,0.0
2017-09-24,65,65,62.365,63.52,11786897,0.0
2017-09-25,63.73,63.7623,62.84,62.94,6812254,0.0
2017-09-26,63.41,63.75,63.1601,63.33,5556259,0.0
2017-09-27,63.62,64.055,63.11,63.93,3164274,0.0
2017-09-28,63.86,64.17,63.5,64.03,5042340,0.0
2017-10-01,64.5,65.12,64.1,64.17,4177460,0.0
2017-10-02,64.51,64.51,63.7607,64.23,4713000,0.0
2017-10-03,64.3,64.3,63.69,64.01,3482808,0.0
2017-10-04,64.38,66,64.22,65.83,5485744,0.0
2017-10-05,66,66.41,65.79,66.04,4394631,0.0
2017-10-08,66.2,66.55,65.9,66.23,3947130,0.0
2017-10-09,66.6,66.67,65.79,66.04,3850567,0.0
2017-10-10,67.25,68.42,66.98,67.78,9437388,0.0
2017-10-11,68.02,68.98,67.8048,68.87,7415058,0.0
2017-10-12,69.49,69.61,68,68.66,6902704,0.0
2017-10-15,69.04,69.2,67.28,67.31,7877684,0.0
2017-10-16,67.65,67.67,66.35,66.68,8656759,0.0
2017-10-17,67.4,67.5,67,67.26,6563431,0.0
2017-10-18,67.3,67.45,66.16,67.27,10191782,0.0
2017-10-19,71.33,71.73,69.69,70.99,29821542,0.0
2017-10-22,71.05,71.33,69.55,69.84,10447036,0.0
2017-10-23,69.72,70.565,69.67,70.2,10228593,0.0
2017-10-24,69.98,71.42,69.85,71.03,9944016,0.0
2017-10-25,71.46,72.07,71.04,71.33,6450816,0.0
2017-10-26,71.72,71.79,70.58,71.06,7277395,0.0
2017-10-29,71.41,71.54,70.53,71.13,4780844,0.0
2017-10-30,71.34,72.74,71.11,72.57,6006649,0.0
2017-10-31,72.88,72.99,71.69,72.38,5423639,0.0
2017-11-01,72.47,72.7755,72.01,72.24,3754749,0.0
2017-11-02,72.33,73.41,71.94,73.38,5585289,0.0
2017-11-05,73.72,74.76,73.42,74.74,6995542,0.0
2017-11-06,75.17,75.45,74.19,74.4,5848166,0.0
2017-11-07,74,75,73.31,74.775,4969617,0.0
2017-11-08,74.02,74.2,72.41,74.1,7248108,0.0
2017-11-09,73.77,74.14,73.56,73.98,4225373,0.0
2017-11-12,73.68,74.29,73.34,74.03,3728766,0.0
2017-11-13,74.1,74.82,73.62,74.49,4503222,0.0
2017-11-14,74.3,74.4,73.1853,73.43,4586013,0.0
2017-11-15,75.5,77.94,75.28,77.7,10171247,0.0
2017-11-16,78.01,78.01,75.8,76.37,9744173,0.0
2017-11-19,76.63,77.32,75.88,76.01,5549583,0.0
2017-11-20,77.09,78.43,76.89,77.77,8328019,0.0
2017-11-21,77.99,77.99,76.62,77.59,6114409,0.0
2017-11-23,77.81,78.9,77.7,78.55,3584542,0.0
2017-11-26,78.63,79.385,77.71,77.84,5298827,0.0
2017-11-27,77.95,78.23,77.2435,77.79,5955326,0.0
2017-11-28,77.95,77.98,71.67,73.2501,22058342,0.0
2017-11-29,73.77,75.87,73.54,75.64,11120784,0.0
2017-11-30,75.22,76.44,74.26,75.3,11455938,0.0
2017-12-03,75.65,75.7439,68.61,70.93,23534387,0.0
2017-12-04,69.81,72.75,69.61,71.17,13591048,0.0
2017-12-05,70.89,73.2,70.83,73.14,6773786,0.0
2017-12-06,73.25,74.069,73.25,73.69,6077927,0.0
2017-12-07,74.71,74.71,72.6,72.91,6651560,0.0
2017-12-10,72.96,73.68,72.68,73.28,4480868,0.0
2017-12-11,73.45,74.31,73,73.62,4808413,0.0
2017-12-12,74.08,75.42,73.77,74.09,5693279,0.0
2017-12-13,74.5,75.53,74.2,74.27,5918906,0.0
2017-12-14,74.51,75.87,73.51,75.53,7647741,0.0
2017-12-17,76.29,76.34,75.2,75.32,6112955,0.0
2017-12-18,75.39,75.39,73.91,74.49,6206748,0.0
2017-12-19,74.64,74.9,73.76,73.97,4819059,0.0
2017-12-20,74.19,74.47,73.8,74.02,3751690,0.0
2017-12-21,73.8,74.04,72.9,73.89,2781920,0.0
2017-12-25,73.29,74.34,72.63,74.28,3840751,0.0
2017-12-26,74.25,74.93,74,74.58,3362284,0.0
2017-12-27,74.96,75,73.86,74.17,2779892,0.0
2017-12-28,73.92,74.53,73.58,73.63,3099939,0.0
2018-01-01,74.235,74.5,73.43,73.83,6009642,0.0
2018-01-02,74.3,76.8499,74.05,76.77,8012610,0.0
2018-01-03,77.33,77.9287,76.2599,76.72,7246995,0.0
2018-01-04,77.11,78.93,77.01,78.64,9758882,0.0
2018-01-07,78.7,79.18,77.773,79.04,5761316,0.0
2018-01-08,80.1,80.39,78.52,79.2,7842819,0.0
2018-01-09,78.5,79.485,77.7,79.36,4837133,0.0
2018-01-10,79.45,79.87,78.91,79.74,4191507,0.0
2018-01-11,80.01,80.77,79.66,80.47,5335253,0.0
2018-01-15,80.91,81.8,79.94,80.42,6742579,0.0
2018-01-16,80.4,82.61,79.96,82.48,5472045,0.0
2018-01-17,82.43,83.44,81.61,82.96,5281111,0.0
2018-01-18,83.2,84.19,83.1283,83.82,5792773,0.0
2018-01-21,84,84.21,83.22,83.95,5663888,0.0
2018-01-22,84.12,84.55,83.45,84.18,6409403,0.0
2018-01-23,84.52,85.29,82.71,83.68,6024333,0.0
2018-01-24,83.95,85.27,83.71,84.34,5889682,0.0
2018-01-25,84.46,85.49,84.04,85.45,6036443,0.0
2018-01-28,85.2,85.35,83.62,84.31,6244165,0.0
2018-01-29,83,84.17,82,83.79,5959077,0.0
2018-01-30,84.34,86.32,84.17,85.385,8941524,0.0
2018-01-31,79.96,80.95,76.7,78.4,37352330,0.0
2018-02-01,78.01,79.62,76.28,76.55,19063799,0.0
2018-02-04,75.99,78.98,74.68,74.7,15685427,0.0
2018-02-05,72.51,76.515,72.25,75.68,16194538,0.0
2018-02-06,75.35,77.58,74.94,75.59,9497980,0.0
2018-02-07,75.63,75.91,72.27,72.32,10658645,0.0
2018-02-08,73.14,75.27,71.63,74.75,11832132,0.0
2018-02-11,75.63,76.28,74.852,75.27,8929513,0.0
2018-02-12,74.81,75.6,74.55,74.97,6306474,0.0
2018-02-13,74.15,77.36,74.13,77.26,7240813,0.0
2018-02-14,78.04,78.3,76.58,78.29,6713599,0.0
2018-02-15,78.2,78.75,77.53,78.31,7636957,0.0
2018-02-19,77.7,78.54,76.66,77.07,5660694,0.0
2018-02-20,77.2,78.496,76.465,76.51,6022247,0.0
2018-02-21,76.8,78.37,76.77,77.72,5471194,0.0
2018-02-22,78.26,79.7,77.391,79.69,6041876,0.0
2018-02-25,80.07,80.07,78.98,79.34,5715450,0.0
2018-02-26,79.11,79.929,78.61,79.47,6758760,0.0
2018-02-27,79.8,82.17,79.39,79.44,8216943,0.0
2018-02-28,79.5,80.44,77.88,78.64,6739042,0.0
2018-03-01,77.5,79.11,76.93,78.85,7720858,0.0
2018-03-04,78.07,79.42,77.09,79.08,5363821,0.0
2018-03-05,79.33,79.95,78.85,79.23,4896498,0.0
2018-03-06,78.65,79.555,78.01,79.52,3723698,0.0
2018-03-07,79.85,80.49,79.53,79.86,5014009,0.0
2018-03-08,80.26,80.85,80.11,80.7,4969084,0.0
2018-03-11,80.75,81.17,80.35,80.6,5111984,0.0
2018-03-12,80.69,80.99,79.27,80.23,5056546,0.0
2018-03-13,80.7,83.5,80.64,83.31,11420740,0.0
2018-03-14,83.76,83.99,81.57,82.58,7558951,0.0
2018-03-15,82.8,83.23,81.27,82.16,5692257,0.0
2018-03-18,80.89,81.44,79.11,80.31,7290113,0.0
2018-03-19,80.18,81.19,80.0535,80.86,5131577,0.0
2018-03-20,80.94,82.35,80.51,81.05,4896010,0.0
2018-03-21,79.81,80.12,78.46,78.56,7406276,0.0
2018-03-22,78.5,79.06,76.35,76.45,7258904,0.0
2018-03-25,77.98,79.17,77.0301,78.96,6374927,0.0
2018-03-26,79.59,79.9,75.65,76.31,6035114,0.0
2018-03-27,75.7,76.75,74.74,75.05,11809850,0.0
2018-03-28,75.28,77.2,74.55,75.95,7724022,0.0
2018-04-01,75.23,76.3001,74.01,75,9103587,0.0
2018-04-02,75.28,75.41,73.35,74.58,7237009,0.0
2018-04-03,73,75.06,72.52,74.79,6870087,0.0
2018-04-04,75.64,77.82,75.48,76.94,7271064,0.0
2018-04-05,75.56,76.4,73.7,73.87,6237628,0.0
2018-04-08,74.51,76.88,74.51,75.17,5117249,0.0
2018-04-09,76.51,77.31,75.8003,76.78,4703466,0.0
2018-04-10,76.2,77.4,76.08,76.5,2985706,0.0
2018-04-11,76.8,77.99,76.61,77.45,3921173,0.0
2018-04-12,78.01,78.63,76.83,77.26,4354888,0.0
2018-04-15,77.88,78.5,77.19,77.8,3838373,0.0
2018-04-16,78.51,80.43,78.5,80.0248,5371219,0.0
2018-04-17,80.1,80.89,79.32,80.34,4458103,0.0
2018-04-18,80.2,80.39,79.19,79.69,5207619,0.0
2018-04-19,79.22,79.87,78.3,78.73,4405200,0.0
2018-04-22,78.86,79.45,77.99,78.21,2866041,0.0
2018-04-23,78.9,79.4,75.08,75.28,7495576,0.0
2018-04-24,75.39,75.575,73.7,74.01,9144215,0.0
2018-04-25,76.32,77.62,75.49,76.03,11520145,0.0
2018-04-26,76.21,76.39,73.635,74.12,7653391,0.0
2018-04-29,74,75.019,73.69,74.61,6082755,0.0
2018-04-30,74.12,74.99,73.6,74.81,4523710,0.0
2018-05-01,75,75.71,71.21,71.74,15830946,0.0
2018-05-02,71.3,73.77,70.22,73.48,14963766,0.0
2018-05-03,73.19,74.44,72.23,73.99,6007688,0.0
2018-05-06,74.24,75.12,74.1,74.64,6045944,0.0
2018-05-07,74.62,75.94,74.44,75.73,4855266,0.0
2018-05-08,76.08,77.05,75.46,77,4640250,0.0
2018-05-09,77.39,79.255,77.25,79.19,9868113,0.0
2018-05-10,79.25,79.39,78.08,79.21,6878949,0.0
2018-05-13,79.14,79.65,78.4402,78.81,3842977,0.0
2018-05-14,77.86,78.2,76.93,77.78,4355716,0.0
2018-05-15,77.5,78.54,77.2801,77.82,3782866,0.0
2018-05-16,77.63,81.16,77.59,79.21,5121793,0.0
2018-05-17,79.9,81.94,79.8247,80.8,11747693,0.0
2018-05-20,81.51,82.32,80.37,81.26,6300464,0.0
2018-05-21,81.42,81.61,80.28,80.62,3726075,0.0
2018-05-22,79.77,81.12,79.405,81.07,3489054,0.0
2018-05-23,80.91,83.06,79.66,81.55,10112663,0.0
2018-05-24,82.51,82.72,80.49,80.95,7864758,0.0
2018-05-28,80.71,81.34,80.2,80.74,5012058,0.0
2018-05-29,81.1613,82.06,80.9,81.61,4103075,0.0
2018-05-30,81.75,82.83,81.55,82.03,5984334,0.0
2018-05-31,82.38,83.46,81.85,83.29,5674211,0.0
2018-06-03,83.23,84.8,82.77,84.56,5358686,0.0
2018-06-04,84.5,85.2,84.01,85.07,5526757,0.0
2018-06-05,85.05,85.61,84.5,85.25,5991996,0.0
2018-06-06,85.21,85.3,82.31,83.27,5727234,0.0
2018-06-07,83.23,84.49,83.15,84.35,5382787,0.0
2018-06-10,84.38,84.59,83.79,83.9,3629247,0.0
2018-06-11,83.93,86.2,83.875,85.01,6759791,0.0
2018-06-12,85.5,86,84.68,85.27,5360898,0.0
2018-06-13,85.5,86.295,85.21,85.6,4671501,0.0
2018-06-14,85.09,85.69,84.1,85.33,5205553,0.0
2018-06-17,84.8,86.2,84.44,85.8575,3735412,0.0
2018-06-18,84.64,84.96,83.43,84.53,4596686,0.0
2018-06-19,84.86,86.97,84.82,85.95,7419209,0.0
2018-06-20,86.5,87.55,85.45,85.97,6109274,0.0
2018-06-21,86.32,86.56,84.61,85.11,3466528,0.0
2018-06-24,84.43,84.47,81.21,82.21,7499784,0.0
2018-06-25,82.73,83.21,81.77,82.35,5281044,0.0
2018-06-26,82.55,82.97,80.4533,80.65,7018836,0.0
2018-06-27,80.43,82.83,80.16,82.47,5994988,0.0
2018-06-28,82.65,83.66,82.61,83.29,4747711,0.0
2018-07-01,82.75,83.96,82.0621,83.88,3642232,0.0
2018-07-02,84.36,84.9,83.15,83.23,2816892,0.0
2018-07-04,83.64,84.64,83.3,84.6,3304223,0.0
2018-07-05,84.41,86,83.94,85.94,3557201,0.0
2018-07-08,86.665,86.9,85.3476,86.24,3978373,0.0
2018-07-09,86.72,86.72,85.794,86.18,2640614,0.0
2018-07-10,85.59,86.86,85.07,86.24,3011495,0.0
2018-07-11,87.2,89.19,86.8,89.14,5687737,0.0
2018-07-12,89,89.1,86.83,87.97,4589080,0.0
2018-07-15,88.26,88.3413,87.48,87.77,3490410,0.0
2018-07-16,87.25,88.72,86.59,88.58,3996905,0.0
2018-07-17,88.7,88.93,87.68,88.22,3556869,0.0
2018-07-18,88,88.59,87.16,87.4,4220916,0.0
2018-07-19,87.29,88,87.14,87.48,6123051,0.0
2018-07-22,87.14,89.6,85.82,89.26,10029240,0.0
2018-07-23,90.58,92.35,90.4133,91.4,10886325,0.0
2018-07-24,91.07,92.35,91.01,91.65,8936543,0.0
2018-07-25,88.51,90.68,87.25,89.14,11886568,0.0
2018-07-26,89.94,90.28,84.75,85.46,11657277,0.0
2018-07-29,85.37,85.5,81.85,82.39,10471403,0.0
2018-07-30,82.51,83.32,81.3,82.15,10477483,0.0
2018-07-31,82.24,83.98,82.0097,83.45,8581105,0.0
2018-08-01,82.95,85.59,82.85,85.54,6656352,0.0
2018-08-02,85.99,86.2,84.15,85.19,4565422,0.0
2018-08-05,85.11,86.1,84.9,85.77,4209689,0.0
2018-08-06,86.3,86.99,85.95,86.29,3555618,0.0
2018-08-07,86.23,87.095,85.86,86.73,2819173,0.0
2018-08-08,86.91,88.09,86.48,87.16,4338863,0.0
2018-08-09,86.55,88.03,86.01,87.01,4403751,0.0
2018-08-12,87.42,88.5,86.96,87.03,4762410,0.0
2018-08-13,87.37,87.83,86.48,87.73,3834087,0.0
2018-08-14,86.78,87.25,84.61,85.21,6826376,0.0
2018-08-15,85.85,85.9,84.87,85.32,4337874,0.0
2018-08-16,85.13,85.77,84.22,85.45,4897196,0.0
2018-08-19,85.74,86,84.9,85.75,2964383,0.0
2018-08-20,85.82,87.38,85.82,86.23,3413031,0.0
2018-08-21,86,87.16,85.63,86.95,2902132,0.0
2018-08-22,86.72,88.175,86.67,87.39,2980418,0.0
2018-08-23,87.95,90.13,87.95,90.1,5931967,0.0
2018-08-26,90.68,91.32,89.78,89.98,4292354,0.0
2018-08-27,90.1,90.85,89.68,90.61,3563865,0.0
2018-08-28,90.78,92.94,90.78,92.6,6128078,0.0
2018-08-29,92.29,93.01,91.71,92.1,5444339,0.0
2018-08-30,91.84,92.74,91.8,92.32,2899945,0.0
2018-09-03,91.94,93.44,91.62,93.07,4653771,0.0
2018-09-04,92.98,93,88.7,89.04,8073156,0.0
2018-09-05,89.18,89.555,88.06,88.98,5125797,0.0
2018-09-06,88.13,89.68,87.39,88.84,4250699,0.0
2018-09-09,89.47,89.99,88.56,89.81,3801917,0.0
2018-09-10,89.83,91.71,89.035,91.44,5512363,0.0
2018-09-11,91.53,92.46,90.21,92.41,5270203,0.0
2018-09-12,92.6,93.7,92.06,92.19,6418067,0.0
2018-09-13,92.25,92.68,90.68,90.77,7334350,0.0
2018-09-16,90.72,91.3,88.51,88.65,6345990,0.0
2018-09-17,88.71,90.09,88.71,89.73,4190702,0.0
2018-09-18,90.1,90.7399,88.2382,89.31,4213852,0.0
2018-09-19,89.84,90.78,89.185,90.59,4956584,0.0
2018-09-20,90.86,92,90.42,90.71,8354659,0.0
2018-09-23,89.95,90.26,88.26,89.63,4597551,0.0
2018-09-24,89.62,90.38,89.2748,90.03,3749833,0.0
2018-09-25,90.34,90.93,89.7,89.85,3150980,0.0
2018-09-26,90.36,90.7,88.86,88.99,5363732,0.0
2018-09-27,88.79,89.045,87.6,87.85,5797734,0.0
2018-09-30,88.13,88.8,87.4,87.54,7632677,0.0
2018-10-01,87.39,87.39,85.83,86.68,4727289,0.0
2018-10-02,87.4,87.95,86.37,87.16,5145102,0.0
2018-10-03,86.39,86.5,83.54,84.34,6902200,0.0
2018-10-04,84.24,84.84,82.32,83.18,8213481,0.0
2018-10-07,82.62,82.89,78.65,80.54,13649887,0.0
2018-10-08,80.65,81.84,79.44,80.04,7534930,0.0
2018-10-09,79.61,79.91,75.32,75.5,13146566,0.0
2018-10-10,76.81,77.785,74.66,75.93,17264682,0.0
2018-10-11,79.12,79.6,77.79,79.04,11259488,0.0
2018-10-14,78.88,79.14,77.22,77.23,6526611,0.0
2018-10-15,78.85,80.91,78.46,80.59,7089770,0.0
2018-10-16,81.19,81.39,79.5,80.1,7854951,0.0
2018-10-17,80.17,80.44,77.36,77.54,13159629,0.0
2018-10-18,83.75,86.17,82.92,84.78,29609085,0.0
2018-10-21,84.86,86.23,83.5711,85.43,9127477,0.0
2018-10-22,83.26,87.8,82.99,87.58,12127983,0.0
2018-10-23,87.04,87.69,83.01,83.08,10812965,0.0
2018-10-24,84.27,86.51,83.56,85.93,6804470,0.0
2018-10-25,83.22,85.66,82.18,83.36,10521190,0.0
2018-10-28,84.82,85.24,78.99,81.2,10603276,0.0
2018-10-29,80.33,81.96,79.42,80.89,10464417,0.0
2018-10-30,82.37,85.35,82.3,84.19,8115494,0.0
2018-10-31,84.18,85.15,83.57,85.03,4427847,0.0
2018-11-01,85.41,86.104,82.65,83.5,4797072,0.0
2018-11-04,83.33,84.25,82.25,84.04,3386891,0.0
2018-11-05,84.1,85.31,83.72,84.68,3095772,0.0
2018-11-06,85.8,88.49,85.73,88.23,6827364,0.0
2018-11-07,87.7,89.06,87.68,89.05,5461183,0.0
2018-11-08,88.26,88.45,85.55,86.78,6953583,0.0
2018-11-11,86.45,86.65,83.3,83.78,4456394,0.0
2018-11-12,84.12,85.229,83.16,83.79,3558829,0.0
2018-11-13,84.98,85.14,83.07,84.07,5337606,0.0
2018-11-14,83.79,87.09,83.6,86.78,8266129,0.0
2018-11-15,86,86.72,84.83,85.05,6994001,0.0
2018-11-18,84.77,85.19,79.9,80.16,10278995,0.0
2018-11-19,77,79.08,75.47,77.7,13257364,0.0
2018-11-20,79.09,79.89,77.635,79.12,7837754,0.0
2018-11-22,78.09,79.71,77.9,77.96,2598922,0.0
2018-11-25,78.97,80.98,78.86,80.86,7402545,0.0
2018-11-26,81,82,80.205,81.98,4816895,0.0
2018-11-27,82.27,86,81.9496,85.99,8269752,0.0
2018-11-28,85.37,85.675,83.79,84.26,5971077,0.0
2018-11-29,84.39,85.7,83.66,85.7,7454734,0.0
2018-12-02,87.29,88.84,87.19,87.98,8880292,0.0
2018-12-03,87.24,88.47,84.02,84.17,6913443,0.0
2018-12-05,81.82,85.83,81.29,85.82,8534001,0.0
2018-12-06,84.96,85.99,81.97,82.78,6339863,0.0
2018-12-09,83.25,85.5,82.76,84.94,8219795,0.0
2018-12-10,86.01,86.9,84.56,85.52,7178513,0.0
2018-12-11,86.84,88.46,86.51,86.56,9656027,0.0
2018-12-12,87.73,88.71,86.41,87.54,7234016,0.0
2018-12-13,86.38,87.94,85.42,85.92,5717076,0.0
2018-12-16,85.69,86.3,83.3508,84.09,6892128,0.0
2018-12-17,84.7,86.37,84.62,85.51,8146331,0.0
2018-12-18,85.63,87.8,82.93,83.98,10061405,0.0
2018-12-19,83.78,84.87,80.82,82.48,11363236,0.0
2018-12-20,82.81,83.77,77.69,78.14,14928926,0.0
2018-12-23,77.48,79.3199,76.7,77.02,6131595,0.0
2018-12-25,77.7,82.79,77.65,82.77,9242171,0.0
2018-12-26,81.33,84.29,80.24,84.29,6727379,0.0
2018-12-27,85,85.23,82.34,83.1699,5956588,0.0
2018-12-30,84.24,84.48,82.55,83.58,5560027,0.0
2019-01-01,82.38,86.2,82.24,85.611,8218119,0.0
2019-01-02,84.36,84.75,82.1,82.22,8009719,0.0
2019-01-03,83.71,86.91,83.37,86.22,7500221,0.0
2019-01-06,86.42,87.55,86.02,86.98,9249110,0.0
2019-01-07,88.11,88.895,87.69,88.67,6928762,0.0
2019-01-08,88.81,90.315,88.5,89.435,8278728,0.0
2019-01-09,89.1,90.79,87.918,90.671,6149148,0.0
2019-01-10,90.11,91.1442,90.1,90.6199,6260174,0.0
2019-01-13,89.95,90.81,89.55,90.4999,5111405,0.0
2019-01-14,90.64,91.91,90.19,91.585,8342791,0.0
2019-01-15,91.72,92.35,90.21,90.51,7318153,0.0
2019-01-16,90.25,90.87,89.81,90.35,9360352,0.0
2019-01-17,91.35,91.44,89.78,91.03,10862714,0.0
2019-01-21,90.33,90.97,89.09,89.7,6116675,0.0
2019-01-22,90.74,91.17,89.57,90.34,4958860,0.0
2019-01-23,90.67,92.99,90.55,92.24,8737531,0.0
2019-01-24,93.05,94.58,92.69,94.01,9709738,0.0
2019-01-27,93.3,93.42,90.69,92.245,6636195,0.0
2019-01-28,92.33,92.85,90.57,91.14,5443658,0.0
2019-01-29,92.02,93.34,90.9,92.3669,8595790,0.0
2019-01-30,89.02,90.09,86.62,88.865,21092303,0.0
2019-01-31,88.36,90.5,88.25,89.9,8789225,0.0
2019-02-03,89.88,92.12,89.71,91.52,6085935,0.0
2019-02-04,91.91,92.35,91.36,92.21,4458905,0.0
2019-02-05,90.8,92.29,90.19,92.19,5334139,0.0
2019-02-06,91.11,91.71,90.01,90.73,5992133,0.0
2019-02-07,90.02,91.75,90,91.72,5894582,0.0
2019-02-10,92.25,93.75,92.15,92.6599,5083952,0.0
2019-02-11,93.44,94.51,93.2,94.405,6118060,0.0
2019-02-12,94.59,96.04,93.844,94.065,6411168,0.0
2019-02-13,93.65,94.99,93.1,94.52,5457463,0.0
2019-02-14,95,95.43,94.45,94.76,5167256,0.0
2019-02-18,94.45,95.3,94.06,95.06,6407321,0.0
2019-02-19,95,95.72,93.98,94.74,5963451,0.0
2019-02-20,94.72,95.51,94.33,94.96,5181871,0.0
2019-02-21,95.24,96,95.07,95.98,4055496,0.0
2019-02-24,96.07,97.3038,96,96.71,6457095,0.0
2019-02-25,96.34,96.82,95.53,96.57,5092104,0.0
2019-02-26,96.11,98.04,95.93,97.86,5064864,0.0
2019-02-27,97.66,98.525,97.08,98.08,4732221,0.0
2019-02-28,98.86,99.45,98.34,98.79,4787085,0.0
2019-03-03,98.03,98.5,95.34,96.56,7350766,0.0
2019-03-04,96.65,97.14,96.15,96.53,4786806,0.0
2019-03-05,96.52,97.28,95.91,96.46,2844969,0.0
2019-03-06,96.17,96.75,95.3,96.21,4917325,0.0
2019-03-07,95.04,95.77,94.51,95.69,3885920,0.0
2019-03-10,96.01,97.57,95.9539,97.43,3371203,0.0
2019-03-11,98,98.08,96.9,97.52,4708800,0.0
2019-03-12,98.11,100.5901,98.11,99.3,7814555,0.0
2019-03-13,99.46,99.67,98.93,99.01,4600458,0.0
2019-03-14,100.33,101.2599,100.33,100.74,4841751,0.0
2019-03-17,101.19,101.83,99.37,100.25,4455610,0.0
2019-03-18,100.6,101.685,100.6,101.56,5906709,0.0
2019-03-19,101.45,103.05,100.84,102.31,5500520,0.0
2019-03-20,102.15,104.56,102.085,104.15,6111719,0.0
2019-03-21,103.87,104,101.25,101.27,6136666,0.0
2019-03-24,100.94,102.18,100.51,101.56,4668951,0.0
2019-03-25,102.34,103.285,101.75,103.15,4032445,0.0
2019-03-26,103.2,104.17,101.74,103.06,4881215,0.0
2019-03-27,103.45,104.01,102.67,103.86,3922074,0.0
2019-03-28,104.52,104.7,103.46,103.84,4276583,0.0
2019-03-31,104.99,105.72,103.855,105.55,2387281,0.0
2019-04-01,105.76,105.76,104.66,105.22,3489030,0.0
2019-04-02,105.91,105.97,104.49,104.66,4402852,0.0
2019-04-03,104.7,104.97,102.65,104.47,7334080,0.0
2019-04-04,104.84,105.8,104.62,105.74,7473329,0.0
2019-04-07,105.66,107,104.67,106.54,7982471,0.0
2019-04-08,106.06,107.51,105.83,106.96,6599608,0.0
2019-04-09,107.15,107.77,106.39,107.52,5952539,0.0
2019-04-10,107.51,107.74,105.91,106.46,7129535,0.0
2019-04-11,107.03,108.54,106.41,108.48,6063807,0.0
2019-04-14,108.58,109,107.31,108.14,3768469,0.0
2019-04-15,108.8,108.8,107.58,108.22,3272370,0.0
2019-04-16,107.805,108.86,107.25,108.81,4280817,0.0
2019-04-17,108.36,108.45,105.08,107.39,9120659,0.0
2019-04-21,106.79,107.18,106.02,106.8,5871827,0.0
2019-04-22,107.1,107.51,106.4401,106.91,7824162,0.0
2019-04-23,107.11,108.39,106.4196,107.26,8236383,0.0
2019-04-24,108.52,110.92,108.52,110.21,9124210,0.0
2019-04-25,109.72,110.57,107.88,110.55,6456270,0.0
2019-04-28,110.7,113,110.44,112.41,6136062,0.0
2019-04-29,112.44,113.22,111.2,112.78,5255315,0.0
2019-04-30,113.21,113.69,110.92,110.94,4865736,0.0
2019-05-01,110.6,111.16,108.91,109.7,4638624,0.0
2019-05-02,110.57,112.12,110.25,111.97,4193606,0.0
2019-05-05,109.44,111.12,108.58,110.85,4240167,0.0
2019-05-06,110.17,110.17,107.64,108.97,5278660,0.0
2019-05-07,108.58,109.88,108.15,109.03,3363468,0.0
2019-05-08,108,110.1325,107.2476,109.72,4190571,0.0
2019-05-09,109.22,110.68,107.46,110.43,3290929,0.0
2019-05-12,107.6,108.63,106.52,106.81,4686662,0.0
2019-05-13,107.56,110.4,107.35,109.09,3832699,0.0
2019-05-14,108.59,111.93,108.31,111.5,4706834,0.0
2019-05-15,111.2,114.66,111.16,113.87,5103852,0.0
2019-05-16,113.07,114.25,112.2421,112.79,3801238,0.0
2019-05-19,112.31,113.31,111.23,112.15,3160944,0.0
2019-05-20,112.67,113.12,111.6855,112.44,3287606,0.0
2019-05-21,112.28,113.96,112.21,112.47,2735669,0.0
2019-05-22,111.47,111.71,109.06,109.9,5982891,0.0
2019-05-23,110.84,111.24,109.46,109.85,4060279,0.0
2019-05-27,110.57,113.14,110.5,111.66,4280495,0.0
2019-05-28,110.75,110.97,109.31,110.11,7193197,0.0
2019-05-29,110.64,111.57,110.09,111.41,3302227,0.0
2019-05-30,110.33,110.8,108.74,109.74,3924116,0.0
2019-06-02,111.09,111.09,103.96,105.52,9925576,0.0
2019-06-03,106.83,108.83,105.78,108.73,6142160,0.0
2019-06-04,110.04,110.88,109.46,110.77,4915098,0.0
2019-06-05,111.11,112.04,110.27,111.78,4278778,0.0
2019-06-06,112.3,115.14,112.08,114.03,4843511,0.0
2019-06-09,115.1,117.35,114.85,115.61,5952437,0.0
2019-06-10,116.97,117.45,113.295,114.61,4226335,0.0
2019-06-11,114.59,114.89,113.4702,114.5,3489849,0.0
2019-06-12,114.82,115.82,114.59,115.73,6841790,0.0
2019-06-13,115.91,116.73,115.27,116.16,6816557,0.0
2019-06-16,116.58,117.335,116.37,117.15,4019986,0.0
2019-06-17,118.6,118.646,115.84,115.98,6027666,0.0
2019-06-18,116,117.34,115.22,117.13,4309926,0.0
2019-06-19,118.85,119.95,117.84,118.79,4158430,0.0
2019-06-20,116.06,117.28,115.97,116.21,8701456,0.0
2019-06-23,116.51,116.7731,115.66,116.5,2799989,0.0
2019-06-24,116.58,116.96,113.39,114.45,4574089,0.0
2019-06-25,115.7,116.38,114.115,114.15,3844428,0.0
2019-06-26,114.51,114.87,113.08,113.67,4458221,0.0
2019-06-27,114.11,114.62,113.33,114.44,4078517,0.0
2019-06-30,116.72,116.75,114.35,115.02,5034592,0.0
2019-07-01,115.18,116.2,114.58,116.19,3712690,0.0
2019-07-02,116.88,117.72,116.06,117.65,2425799,0.0
2019-07-04,116.54,117.4,114.69,117.16,3368580,0.0
2019-07-07,116.34,117.225,115.1401,116.95,3221224,0.0
2019-07-08,116.37,118.62,116.25,118.37,3671217,0.0
2019-07-09,119.11,120.2,118.78,119.64,4667602,0.0
2019-07-10,120.17,120.75,119.24,120.64,4188084,0.0
2019-07-11,120.92,121,119.31,120.13,3765814,0.0
2019-07-14,120.77,121.04,119.8,120.9,3070664,0.0
2019-07-15,121.1,121.48,119.53,119.71,3432192,0.0
2019-07-16,119.5,119.99,118.8,118.8,3882844,0.0
2019-07-17,118.99,120.8,118.63,119.88,3728613,0.0
2019-07-18,120.74,121.36,118.6,118.63,3976561,0.0
2019-07-21,118.99,119.2098,118.12,118.68,4618900,0.0
2019-07-22,119.42,120.27,118.695,120.27,4283440,0.0
2019-07-23,120,121.33,118.93,121.22,6571845,0.0
2019-07-24,116.75,117.55,113.23,115.08,17953109,0.0
2019-07-25,115.71,116.35,114.34,115.49,6984537,0.0
2019-07-28,113.5,114.28,111.22,111.47,12391631,0.0
2019-07-29,110.79,112.29,108.77,112.08,7725232,0.0
2019-07-30,112.2,112.3,109.43,110.42,8618175,0.0
2019-07-31,110.45,112.4496,109.665,110.81,8476684,0.0
2019-08-01,109.47,109.65,105.83,107.08,7795358,0.0
2019-08-04,103.76,105.39,102.41,103.6,9243609,0.0
2019-08-05,105,106,104.48,105,6281566,0.0
2019-08-06,104.06,107.16,103.3,106.63,6530319,0.0
2019-08-07,107.35,108.14,106.08,106.8,6779366,0.0
2019-08-08,106.425,106.52,104.45,104.82,5450932,0.0
2019-08-11,104.01,104.3804,102.21,102.71,6918248,0.0
2019-08-12,103.39,106.7,102.6801,106.06,8380880,0.0
2019-08-13,104.17,105.13,102.44,103.26,8202605,0.0
2019-08-14,103.9,105.79,103.13,104.94,6426810,0.0
2019-08-15,106.08,106.61,105.55,106.12,5041975,0.0
2019-08-18,108,108.44,106.83,107.67,5017893,0.0
2019-08-19,107.91,108.58,107.02,107.38,3526474,0.0
2019-08-20,108.54,110.02,108.3975,109.84,4431977,0.0
2019-08-21,110.08,110.29,107.65,108.76,3330494,0.0
2019-08-22,108.93,110.14,105.51,106.06,5685280,0.0
2019-08-25,107.11,107.83,106.29,107.71,2986999,0.0
2019-08-26,108.3,108.72,106.95,107.44,2912519,0.0
2019-08-27,106.71,107.63,105.35,107.47,2944555,0.0
2019-08-28,108.96,109.76,108.78,109.23,3486567,0.0
2019-08-29,110.13,110.97,108.54,109.1,2855499,0.0
2019-09-02,107.92,108.86,106.46,106.74,3350063,0.0
2019-09-03,107.75,109.235,107.29,108.74,2726078,0.0
2019-09-04,110,111.63,109.51,111.49,4007729,0.0
2019-09-05,111.66,111.67,109.62,110.05,3621727,0.0
2019-09-08,110.62,110.77,103.9,105.44,9678245,0.0
2019-09-09,104.77,104.95,101.31,103.07,11908610,0.0
2019-09-10,104.15,104.48,103.11,104.01,6002740,0.0
2019-09-11,105.71,107.915,105.49,107.1,10047173,0.0
2019-09-12,106.66,107.29,105.25,107,7103468,0.0
2019-09-15,106.13,108.01,105.99,106.52,4087033,0.0
2019-09-16,106.81,107.8945,106.46,107.53,3515617,0.0
2019-09-17,107.37,107.8,103.73,105.61,5725328,0.0
2019-09-18,105.64,107.02,105.6,106.12,4191679,0.0
2019-09-19,104.71,105.46,103.91,104.62,9404661,0.0
2019-09-22,104.73,105.32,104.35,105.11,2598858,0.0
2019-09-23,105.41,106.1,102.73,103.7,5573734,0.0
2019-09-24,103.34,104.4626,101.54,104.14,4857068,0.0
2019-09-25,104.43,104.87,103.22,104.6,3756294,0.0
2019-09-26,104.87,105.17,101.1,102.22,6133737,0.0
2019-09-29,102.68,104.07,101.48,103.64,5194702,0.0
2019-09-30,104,104.6409,102.23,102.52,5007182,0.0
2019-10-01,101.81,101.83,99.3601,99.73,6789009,0.0
2019-10-02,99.54,101.31,98.61,101.02,4337841,0.0
2019-10-03,101.84,102.98,100.84,102.78,8855868,0.0
2019-10-06,102.2,102.607,101.52,101.61,6360892,0.0
2019-10-07,100.85,101.15,99.25,99.31,10763237,0.0
2019-10-08,99.44,100.69,99.385,99.88,8839657,0.0
2019-10-09,99.4,101,99.4,100.56,6808241,0.0
2019-10-10,101.78,103.96,101.47,101.55,8309574,0.0
2019-10-13,101.59,102.35,101.3674,101.77,4158507,0.0
2019-10-14,102.01,103.66,101.9,103.56,6831984,0.0
2019-10-15,103,103.23,101.9,103.13,6949712,0.0
2019-10-16,103.89,104.34,102.84,103.66,6776050,0.0
2019-10-17,103.92,104.32,100.75,101.23,12593357,0.0
2019-10-20,101.25,101.81,100.465,101.45,5713282,0.0
2019-10-21,101.36,101.95,97.115,97.36,10607373,0.0
2019-10-22,97.42,97.6,94.77,96.61,14539976,0.0
2019-10-23,106.075,106.98,103.19,104.91,21071300,0.0
2019-10-24,104.46,107.49,104.42,107.2,10369108,0.0
2019-10-27,107.99,108.46,106.45,106.62,6534965,0.0
2019-10-28,106.84,107.02,104.695,105,5094561,0.0
2019-10-29,105.29,106.6,103.96,106.52,3760859,0.0
2019-10-30,106.47,106.5,103.26,104.05,5946951,0.0
2019-10-31,104.7,105.3,103.93,105,3978039,0.0
2019-11-03,105.72,105.76,102.605,102.79,4885673,0.0
2019-11-04,103.05,103.28,100.285,101,8202861,0.0
2019-11-05,101.2,101.34,100.17,100.62,5612352,0.0
2019-11-06,100.94,101.72,100.29,100.47,7545836,0.0
2019-11-07,100.025,101.71,99.6,101.44,4366262,0.0
2019-11-10,101.04,103.04,100.66,102.69,4777258,0.0
2019-11-11,102.97,103.09,100.92,102.04,6106138,0.0
2019-11-12,102,103.6,101.63,102.11,4263349,0.0
2019-11-13,101.87,103.85,101.37,103.76,4065709,0.0
2019-11-14,104.35,104.48,103.105,104.2,5016103,0.0
2019-11-17,103.85,104.2,102.98,103.69,4152988,0.0
2019-11-18,104.08,106.17,104.0076,104.93,6486608,0.0
2019-11-19,105.22,105.38,103.12,104.17,4846381,0.0
2019-11-20,103,104.47,102.15,102.51,6736310,0.0
2019-11-21,102.92,103.23,100.72,101.82,5860404,0.0
2019-11-24,102.38,104.57,102.06,104.46,6535276,0.0
2019-11-25,104.8,106.78,104.5,106.19,8305358,0.0
2019-11-26,106.89,108.24,106.8,107.75,7055044,0.0
2019-11-28,107.97,108.13,106.9,108.01,3889804,0.0
2019-12-01,107.96,108.49,104.65,106.26,6418343,0.0
2019-12-02,105,106.13,104.51,105.58,7511302,0.0
2019-12-03,106.29,106.29,104.655,104.98,7356202,0.0
2019-12-04,105.45,105.5,104.11,104.6,5082417,0.0
2019-12-05,104.79,105.3435,104.16,104.29,4524432,0.0
2019-12-08,104.6,105.1,103.6,103.78,4794262,0.0
2019-12-09,103.77,104.13,103.26,103.63,4601928,0.0
2019-12-10,103.72,105.87,103.5902,105.45,4566402,0.0
2019-12-11,105.21,106.2199,104.13,105.66,4745753,0.0
2019-12-12,105.83,107.905,105.52,107.67,5420546,0.0
2019-12-15,108.4,109.828,108.35,109.58,6042886,0.0
2019-12-16,109.83,109.83,107.67,108.49,6000485,0.0
2019-12-17,108.86,109.47,107.76,107.79,4632377,0.0
2019-12-18,107.8,108.94,107.46,108.89,4466631,0.0
2019-12-19,109.28,109.62,108.13,108.76,6812121,0.0
2019-12-22,109.05,109.45,108.38,108.59,3352079,0.0
2019-12-23,108.64,109.26,108.38,108.7,1463925,0.0
2019-12-25,109.13,109.75,108.57,109.74,2837114,0.0
2019-12-26,110.1665,110.18,108.9,109.4,2915660,0.0
2019-12-29,109.52,109.6,107.73,107.96,3237041,0.0
2019-12-30,107.54,108.45,107.2,108.21,2749299,0.0
2020-01-01,109.47,111.21,109.275,110.75,5821845,0.0
2020-01-02,109.58,110.42,108.77,108.77,6014509,0.0
2020-01-05,107.57,110.22,107.44,110.16,4918643,0.0
2020-01-06,111.5,111.5599,109.53,109.68,5520606,0.0
2020-01-07,110.4,112.64,109.82,111.83,6735229,0.0
2020-01-08,112.99,113.56,111.59,112.58,5245405,0.0
2020-01-09,113.64,113.71,112.27,112.95,6266146,0.0
2020-01-12,113.97,115.88,113.86,115.28,7809069,0.0
2020-01-13,115.515,115.59,114.12,114.65,5622725,0.0
2020-01-14,115.14,115.95,114.61,114.84,5410360,0.0
2020-01-15,115.92,116,114.85,115.43,4141816,0.0
2020-01-16,116.45,116.7,115.47,116.04,8180252,0.0
2020-01-20,115.31,116.39,115.11,116.16,11028938,0.0
2020-01-21,116.73,117.45,115.47,115.49,9048157,0.0
2020-01-22,117.4,117.9398,115.8,117.895,13650532,0.0
2020-01-23,118.45,119.6,116.51,116.98,13271525,0.0
2020-01-26,113.63,115.9733,112.31,115.24,6126710,0.0
2020-01-27,115.83,117.21,114.7154,116.52,5237608,0.0
2020-01-28,117.47,117.53,115.16,116.6921,7361807,0.0
2020-01-29,112.79,117.2,112.42,117.12,12308936,0.0
2020-01-30,116.75,117.32,113.15,113.87,7961375,0.0
2020-02-02,114.3,117.24,114.05,116.52,6188508,0.0
2020-02-03,118.04,120.34,117.3,120.08,6170843,0.0
2020-02-04,121.2,121.99,118.891,119.75,6596834,0.0
2020-02-05,120.4,120.6,119.47,119.92,3051186,0.0
2020-02-06,119.6,119.67,118.41,118.89,2926785,0.0
2020-02-09,118.56,120.15,118.5,120.06,3495282,0.0
2020-02-10,120.57,121,118.4,118.85,4171801,0.0
2020-02-11,118.85,119.91,117.87,118.59,5225672,0.0
2020-02-12,118.04,121.1,117.8,120.51,5182946,0.0
2020-02-13,120.89,123,120.8,123,5130490,0.0
2020-02-17,122.58,122.99,121.68,122.27,4590346,0.0
2020-02-18,122.63,124.45,122.3,123.91,3911632,0.0
2020-02-19,123.86,124.31,120.4,122.43,6376562,0.0
2020-02-20,121.72,121.85,118.53,119.5,5125554,0.0
2020-02-23,114.29,116.79,113.52,116.44,8850055,0.0
2020-02-24,115.67,116.415,109.33,109.66,12062779,0.0
2020-02-25,109.81,112.63,108.6,109.15,9338868,0.0
2020-02-26,106.3,112.05,106.3,107.82,13637213,0.0
2020-02-27,104.26,108.73,103.72,108.25,14455972,0.0
2020-03-01,107.46,113.05,106.53,112.96,11873890,0.0
2020-03-02,112.82,114.56,108.26,109.72,9936255,0.0
2020-03-03,112.04,115.39,110.62,115.32,6908712,0.0
2020-03-04,112.03,114.9,111.24,112.18,6084628,0.0
2020-03-05,107.95,111.57,107.58,110.9,7396669,0.0
2020-03-08,101.165,106.99,99.71,101.53,20437674,0.0
2020-03-09,105.3,109.74,103.17,109.74,10367387,0.0
2020-03-10,106.65,107.75,101.98,103.86,18527024,0.0
2020-03-11,96.28,104.78,94.5,96.9,36362382,0.0
2020-03-12,100.52,110.6,99.78,110.34,33694640,0.0
2020-03-15,95.91,103.155,91.23,92.17,28500454,0.0
2020-03-16,94.5,101.08,90.52,97.87,16362135,0.0
2020-03-17,91.855,95.1,86.15,91.46,25715310,0.0
2020-03-18,91.56,98.06,87.04,93.63,11119930,0.0
2020-03-19,95.64,96.23,86.21,86.68,13452002,0.0
2020-03-22,86.29,88.15,82.07,85.26,23066419,0.0
2020-03-23,89.4,98,89.4,97.28,12323634,0.0
2020-03-24,97.43,100.42,95.27,95.6,10438524,0.0
2020-03-25,96.89,100.93,95.635,100.62,15193860,0.0
2020-03-26,97,97.105,93.06,93.48,9511901,0.0
2020-03-29,95.5,98.2599,94.37,97.02,7752166,0.0
2020-03-30,96.38,99.4314,94.87,95.82,15972228,0.0
2020-03-31,92.72,94.67,90.38,91.37,8392733,0.0
2020-04-01,91.1,94.6799,90.92,93.52,6089037,0.0
2020-04-02,92.79,92.95,89.88,92.39,9600646,0.0
2020-04-05,97.3,102.5,96.26,101.71,19203482,0.0
2020-04-06,105.255,106.23,99.9,100.28,18091930,0.0
2020-04-07,101.61,105.505,100.75,105.07,16054102,0.0
2020-04-08,105.63,108.7,104.78,105.84,17071736,0.0
2020-04-12,104.85,106.29,102.34,106,6534784,0.0
2020-04-13,109.02,110.98,107.93,109.78,7209317,0.0
2020-04-14,107.46,109.09,106.42,107.95,24167712,0.0
2020-04-15,109.5,109.525,106.57,108.33,16788399,0.0
2020-04-16,110.3,112.12,110.054,111.94,29160010,0.0
2020-04-19,110.9,114.3,110.025,112.18,29504388,0.0
2020-04-20,111.12,112.85,107.41,107.54,29397995,0.0
2020-04-21,110.29,115.9499,109.91,115.29,40065754,0.0
2020-04-22,115.94,118.385,115,115.23,13212579,0.0
2020-04-23,115.47,120.47,115.4,120.2,29194210,0.0
2020-04-26,121.25,122.387,120.055,120.53,23441632,0.0
2020-04-27,121.66,122,115.9029,116.11,8156937,0.0
2020-04-28,119.3,124.03,118.645,123.56,8745984,0.0
2020-04-29,121.35,123.45,120.62,122.99,11873953,0.0
2020-04-30,119.85,122.7,119.43,120.71,4361269,0.0
2020-05-03,121.26,124.18,120.31,123.66,13543935,0.0
2020-05-04,124.94,127.94,124.85,125.48,8298023,0.0
2020-05-05,127.05,129.59,126.12,128.28,10168643,0.0
2020-05-06,139.92,147.2,139.28,146.28,32960613,0.0
2020-05-07,143.25,146.4,142.11,145,23902568,0.0
2020-05-10,142.96,145.27,142.18,143.96,8543614,0.0
2020-05-11,144,145.65,140.91,141,8774628,0.0
2020-05-12,140.2,145.1,139.61,143.78,20331976,0.0
2020-05-13,142.07,144.7,141.43,144.51,16596732,0.0
2020-05-14,142.9,145.89,141.63,145.52,7538862,0.0
2020-05-17,148.125,149.18,145.99,146.18,15152338,0.0
2020-05-18,146.7497,149.72,145.22,145.33,7081125,0.0
2020-05-19,148,151.08,147.9,150.94,6770718,0.0
2020-05-20,150.58,150.74,148.04,148.28,5012130,0.0
2020-05-21,148.26,151,147.36,150.865,4546630,0.0
2020-05-25,154.12,154.55,146.29,147,17801096,0.0
2020-05-26,145.48,146.4,140.02,145.93,8609029,0.0
2020-05-27,144.73,151.945,144.51,148.68,7632350,0.0
2020-05-28,150.5,155.29,148.93,155.24,15377394,0.0
2020-05-31,154.9,155.97,153.05,154.53,9959942,0.0
2020-06-01,156,157.6,154.61,157.51,5399977,0.0
2020-06-02,157.49,158.271,155.12,156.78,11785686,0.0
2020-06-03,156.7,159.4799,153.635,154.58,6849462,0.0
2020-06-04,152.98,156.2,150,156.12,14092327,0.0
2020-06-07,154.28,156.1,153.11,156.05,9170586,0.0
2020-06-08,155.79,158.21,155.5949,157.01,10918671,0.0
2020-06-09,157.6,160.89,157.6,159.879,10056648,0.0
2020-06-10,158.34,159.5,153,153.08,7223988,0.0
2020-06-11,157.06,157.21,154.31,154.31,1879516,0.0
2020-06-14,152.63,157.92,152.22,157.62,4330304,0.0
2020-06-15,160.19,162.83,158.3,161.29,10853250,0.0
2020-06-16,162.84,164.9597,161.66,163.78,9497940,0.0
2020-06-17,164.72,168.83,164.31,168.1,6734045,0.0
2020-06-18,170.6,171.12,164.01,164.431,8364134,0.0
2020-06-21,165.58,170.9,165.55,170.32,6226863,0.0
2020-06-22,172,175.4,170.4,172.71,6657057,0.0
2020-06-23,170.595,173.48,164.29,168.08,7971640,0.0
2020-06-24,169,172.78,168.19,172.51,5728963,0.0
2020-06-25,173.71,173.71,168.6,170.87,5509013,0.0
2020-06-28,171.48,171.48,165.56,168.45,4763187,0.0
2020-06-29,170.7,174.69,169.41,174.2,5239140,0.0
2020-06-30,174.625,178.2348,172.56,177.46,5836704,0.0
2020-07-01,179.69,179.8,176.72,177.23,5099999,0.0
