Date,Open,High,Low,Close,Volume,OpenInterest
2016-07-13,58.24,58.26,57.8,58.01,1455615,0.0
2016-07-14,58.3,58.34,57.89,58.17,1712495,0.0
2016-07-17,58.39,59.37,58.32,58.95,1778428,0.0
2016-07-18,58.89,59.29,58.82,59.21,1802333,0.0
2016-07-19,59.22,59.5,59.06,59.33,1315817,0.0
2016-07-20,59.32,59.5,58.9,59.22,1291355,0.0
2016-07-21,59.6,60.19,59.13,59.97,1607181,0.0
2016-07-24,59.92,61.26,59.83,61.14,2202010,0.0
2016-07-25,61.04,62.02,61.04,61.98,3175357,0.0
2016-07-26,61.83,62.35,61.23,61.38,3003293,0.0
2016-07-27,61.4,61.7,60.9,61.32,1976809,0.0
2016-07-28,61.31,61.89,61.08,61.83,1560492,0.0
2016-07-31,61.72,62.02,61.08,61.58,1514784,0.0
2016-08-01,61.37,61.65,60.33,60.68,1692810,0.0
2016-08-02,60.21,61.32,59.57,61.32,1938686,0.0
2016-08-03,61.44,61.8,61.17,61.49,1702142,0.0
2016-08-04,61.73,62.14,61.4901,61.86,1663397,0.0
2016-08-07,61.82,61.88,61.24,61.51,1839066,0.0
2016-08-08,61.54,61.69,60.58,60.8,2692087,0.0
2016-08-09,61.02,61.33,60.5,61.06,2242119,0.0
2016-08-10,61.72,62.37,61.09,61.96,1953523,0.0
2016-08-11,61.54,63.14,61.3,63.12,2395944,0.0
2016-08-14,63.33,63.62,63.02,63.22,2836898,0.0
2016-08-15,62.33,63.068,61.82,61.88,4007082,0.0
2016-08-16,61.88,62.38,61.68,62.31,2518009,0.0
2016-08-17,62.49,63.65,62.3,62.85,4076807,0.0
2016-08-18,64.5,66.28,64.2,65.06,6479986,0.0
2016-08-21,65.07,65.26,64.37,64.44,3974943,0.0
2016-08-22,64.76,64.97,64.17,64.3,2472961,0.0
2016-08-23,64.17,64.31,63.66,63.88,1971046,0.0
2016-08-24,63.83,64.02,62.9,63.42,3084193,0.0
2016-08-25,63.46,63.9,62.95,63.27,1816998,0.0
2016-08-28,63.23,63.61,62.91,63.11,2154827,0.0
2016-08-29,62.91,63.08,62.08,62.3,1798133,0.0
2016-08-30,62.22,62.415,61.82,62.25,2129089,0.0
2016-08-31,62.46,62.51,61.63,62.38,1286890,0.0
2016-09-01,62.55,62.84,62.13,62.73,1042822,0.0
2016-09-05,62.53,62.75,61.83,62.75,1798056,0.0
2016-09-06,62.1,63.03,62.1,62.87,1554620,0.0
2016-09-07,62.64,63,62.45,62.715,1711575,0.0
2016-09-08,62.2,62.42,60.77,60.78,2360349,0.0
2016-09-11,60.86,61.79,60.79,61.71,1631665,0.0
2016-09-12,61.41,62,60.81,61.16,1849882,0.0
2016-09-13,61.17,61.61,61.04,61.3,1464420,0.0
2016-09-14,61.09,62.09,60.84,61.95,1462558,0.0
2016-09-15,61.81,62.02,61.311,61.91,1760040,0.0
2016-09-18,62.07,62.81,61.93,62.53,1909933,0.0
2016-09-19,62.54,63.01,62.37,62.91,2016967,0.0
2016-09-20,63.46,63.46,62.5,63.35,1663917,0.0
2016-09-21,63.58,64.28,63.4984,63.97,1608747,0.0
2016-09-22,63.58,64.62,63.58,64.26,1420792,0.0
2016-09-25,64.12,64.26,63.48,63.76,1380349,0.0
2016-09-26,63.64,64.6,63.64,64.39,1528487,0.0
2016-09-27,64.49,64.506,63.23,63.43,1644573,0.0
2016-09-28,63.41,63.95,63.19,63.35,1329294,0.0
2016-09-29,63.87,64.53,63.53,64.3,1226676,0.0
2016-10-02,63.97,64.645,63.74,64.21,1620921,0.0
2016-10-03,64.14,64.69,64.02,64.26,1283967,0.0
2016-10-04,64.25,65.4,64.24,64.47,1786435,0.0
2016-10-05,64.24,64.54,63.83,64.37,1386343,0.0
2016-10-06,64.67,65.29,63.95,64.27,1301216,0.0
2016-10-09,64.71,64.99,64.08,64.2,1405376,0.0
2016-10-10,64.15,64.16,63.535,63.755,1385731,0.0
2016-10-11,63.92,64.95,63.851,64.9,1626153,0.0
2016-10-12,64.62,64.83,64.05,64.82,1618610,0.0
2016-10-13,64.94,65.144,64.54,64.65,1290292,0.0
2016-10-16,64.7,65.05,64.28,64.4,1803502,0.0
2016-10-17,64.66,64.9,63.54,63.55,1862126,0.0
2016-10-18,64.6,64.6,63.0301,63.36,2450443,0.0
2016-10-19,63.47,63.995,63.24,63.41,1488391,0.0
2016-10-20,63.19,63.42,62.77,63.4,1388202,0.0
2016-10-23,63.73,63.93,63.14,63.38,1566534,0.0
2016-10-24,63.04,63.33,62.56,63.13,1330913,0.0
2016-10-25,63.06,63.98,62.995,63.5,1621193,0.0
2016-10-26,63.5,63.62,62.08,62.32,1695456,0.0
2016-10-27,62.19,62.55,61.78,62.28,1958924,0.0
2016-10-30,62.43,62.57,61.9,62.54,2222026,0.0
2016-10-31,62.44,62.6905,61.82,62.1,2556331,0.0
2016-11-01,62.18,62.41,61.826,62.11,1375806,0.0
2016-11-02,62.32,62.39,61.2,61.28,1638178,0.0
2016-11-03,61.03,62.14,61.03,61.39,1833106,0.0
2016-11-06,61.91,62.88,61.63,62.59,2438792,0.0
2016-11-07,62.59,63.69,62.285,62.85,2169161,0.0
2016-11-08,61.53,63,61,62.86,2258648,0.0
2016-11-09,63.13,64.64,62.93,63.24,2891000,0.0
2016-11-10,63.13,63.9,62.52,63.63,2799486,0.0
2016-11-13,63.73,64.4675,63.57,63.6,3221165,0.0
2016-11-14,64,64.01,61.98,63.09,3489859,0.0
2016-11-15,63.09,64.09,62.92,63.86,3232906,0.0
2016-11-16,64.11,65.52,63.11,65.52,3256777,0.0
2016-11-17,67.72,68.84,66.6,68,6145817,0.0
2016-11-20,68.02,68.36,67.56,67.94,3330273,0.0
2016-11-21,68.65,69.81,68.5493,68.94,6893168,0.0
2016-11-22,68.81,69.74,68.53,69.25,2278259,0.0
2016-11-24,69.55,69.55,68.86,69.05,780033,0.0
2016-11-27,68.79,69,68.285,68.37,2193874,0.0
2016-11-28,68.6,68.85,68.21,68.565,1674762,0.0
2016-11-29,68.45,68.715,67.58,67.6,3294351,0.0
2016-11-30,67.46,67.95,67.09,67.39,2358466,0.0
2016-12-01,67.45,67.88,67.19,67.36,1695870,0.0
2016-12-04,67.69,67.92,66.87,67.16,1999372,0.0
2016-12-05,67.26,67.5,66.7,67.26,2021956,0.0
2016-12-06,67.38,68.3,67.05,68.25,1661005,0.0
2016-12-07,68.13,68.44,67.47,67.7,1785511,0.0
2016-12-08,67.78,67.78,66.91,67.62,1714512,0.0
2016-12-11,67.45,67.81,67.01,67.39,1338761,0.0
2016-12-12,67.69,68.69,67.44,68.27,1995954,0.0
2016-12-13,68.45,68.46,67.21,67.44,2150284,0.0
2016-12-14,67.68,67.94,67.07,67.26,2465019,0.0
2016-12-15,67.49,69.45,67.29,69.35,6513114,0.0
2016-12-18,69,69.24,68.34,68.42,3415705,0.0
2016-12-19,68.52,69,68.14,68.46,2611690,0.0
2016-12-20,68.45,68.73,67.97,68,1628101,0.0
2016-12-21,67.83,67.96,66.99,67.11,1507606,0.0
2016-12-22,67.15,67.58,67.07,67.11,1063996,0.0
2016-12-26,67.26,67.71,67.14,67.16,889226,0.0
2016-12-27,67.28,67.59,66.475,66.53,1383847,0.0
2016-12-28,66.49,67.14,66.275,66.37,1207115,0.0
2016-12-29,66.69,66.96,65.4932,65.6,1879406,0.0
2017-01-02,66.02,66.97,65.39,65.61,2276057,0.0
2017-01-03,65.66,66.76,65.62,66.55,2357546,0.0
2017-01-04,65.82,66.59,65.55,65.7,2159082,0.0
2017-01-05,65.79,65.985,65.26,65.31,1667878,0.0
2017-01-08,65.27,65.98,65.27,65.45,1641527,0.0
2017-01-09,65.31,67.2,65.26,66.76,2203505,0.0
2017-01-10,66.79,67.21,66.08,66.55,1074890,0.0
2017-01-11,66.35,66.69,65.905,66.59,881823,0.0
2017-01-12,66.51,67.09,66.49,66.925,1060741,0.0
2017-01-16,66.9,68.36,66.81,67.12,1165445,0.0
2017-01-17,67.4,67.4,66.72,66.9,1457575,0.0
2017-01-18,66.77,67,65.83,65.95,1159107,0.0
2017-01-19,66.28,66.44,65.48,66,1228196,0.0
2017-01-22,65.81,66.066,64.885,65.11,1663822,0.0
2017-01-23,65.19,66.22,65.19,66.1,1209495,0.0
2017-01-24,66.34,66.4989,65.71,65.95,1825638,0.0
2017-01-25,66.14,66.35,65.52,65.57,1697306,0.0
2017-01-26,65.82,65.87,64.94,65.33,1606031,0.0
2017-01-29,65.26,65.683,64.68,65.37,1315044,0.0
2017-01-30,65.15,66.13,64.58,66.1,1280014,0.0
2017-01-31,66.02,66.32,65.48,65.88,1725316,0.0
2017-02-01,65.73,66.18,65.46,65.63,1305101,0.0
2017-02-02,65.91,66.58,65.62,65.96,1288490,0.0
2017-02-05,65.81,66.46,65.66,66.34,1262824,0.0
2017-02-06,66.35,66.68,66.08,66.36,1005535,0.0
2017-02-07,66.36,67.865,66.325,67.67,1453211,0.0
2017-02-08,67.8,68.44,67.6973,68.16,1294054,0.0
2017-02-09,68.32,68.96,67.84,68.79,1731263,0.0
2017-02-12,69,69.03,67.99,68.05,1705701,0.0
2017-02-13,68.05,68.72,67.94,68.7,1594386,0.0
2017-02-14,68.51,68.95,68.39,68.91,1868958,0.0
2017-02-15,69.08,69.08,67.97,68.26,2073803,0.0
2017-02-16,68.22,68.59,67.87,68.53,3435319,0.0
2017-02-20,68.99,69.53,68.55,68.81,2099120,0.0
2017-02-21,68.93,69.395,68.72,69.03,2099430,0.0
2017-02-22,68.84,68.93,67.56,67.64,1962967,0.0
2017-02-23,67.75,69.37,67.5204,69,2422306,0.0
2017-02-26,68.98,69.39,68.67,69.14,1876891,0.0
2017-02-27,68.85,68.85,68.05,68.58,2570830,0.0
2017-02-28,68.02,68.25,65.63,66.8,6850694,0.0
2017-03-01,66.73,68.38,66.62,67.8,2730526,0.0
2017-03-02,67.8,67.91,66.55,67.07,2069034,0.0
2017-03-05,67.06,67.54,66.64,67.4,2234359,0.0
2017-03-06,67.16,67.58,66.69,66.87,1886359,0.0
2017-03-07,66.71,67.11,66.43,66.72,1559147,0.0
2017-03-08,66.73,66.83,66.37,66.66,1404266,0.0
2017-03-09,67.11,67.14,66.44,66.97,1364264,0.0
2017-03-12,66.94,67.2,66.54,66.955,1026993,0.0
2017-03-13,66.88,67.46,66.71,67.275,1298068,0.0
2017-03-14,67.23,67.76,66.83,67.54,986975,0.0
2017-03-15,67.23,67.95,67.22,67.31,1452590,0.0
2017-03-16,67.91,67.91,67.09,67.64,2186305,0.0
2017-03-19,67.46,67.64,66.275,66.47,1650796,0.0
2017-03-20,66.71,66.752,65.44,65.77,1881483,0.0
2017-03-21,66,66.49,65.41,66.35,1430787,0.0
2017-03-22,66.33,66.6,65.69,65.77,1331352,0.0
2017-03-23,66.09,66.545,65.69,66.12,1346069,0.0
2017-03-26,65.76,65.908,65.21,65.34,1807628,0.0
2017-03-27,65.27,65.86,64.755,65.77,1593728,0.0
2017-03-28,65.77,66.38,65.46,66.07,1261050,0.0
2017-03-29,65.94,66.63,65.87,66.61,1320183,0.0
2017-03-30,66.4,66.52,65.81,65.88,1097852,0.0
2017-04-02,66.05,66.05,65.02,65.19,1782736,0.0
2017-04-03,65.1,65.2076,63.535,63.66,2329751,0.0
2017-04-04,63.8,63.82,62.46,62.53,4317380,0.0
2017-04-05,62.93,64,62.8675,63.445,3897014,0.0
2017-04-06,63.54,63.58,62.96,63.09,2508185,0.0
2017-04-09,63,63.81,63,63.5,1487905,0.0
2017-04-10,63.46,63.99,63.22,63.91,1600547,0.0
2017-04-11,64.08,64.08,63.645,63.735,1228177,0.0
2017-04-12,63.89,64.02,63.19,63.195,1130382,0.0
2017-04-16,63.56,63.64,63.02,63.28,1496323,0.0
2017-04-17,63.32,63.61,63.17,63.4,1440908,0.0
2017-04-18,63.74,64.08,63.56,63.73,1559381,0.0
2017-04-19,64.08,65.0011,63.79,64.66,2419062,0.0
2017-04-20,64.66,64.93,64.11,64.9,1600370,0.0
2017-04-23,65.42,65.7,64.66,65.06,1706182,0.0
2017-04-24,65.21,65.34,64.52,64.75,1474864,0.0
2017-04-25,65.12,65.51,64.93,65.05,1486855,0.0
2017-04-26,65.14,65.89,65.02,65.54,1994779,0.0
2017-04-27,65.59,65.59,64.65,64.99,1932709,0.0
2017-04-30,65.3,65.43,64.07,64.08,1490755,0.0
2017-05-01,64.07,64.765,63.96,64.72,2008171,0.0
2017-05-02,64.85,65.22,64.66,65.14,1327816,0.0
2017-05-03,65.14,65.39,64.33,64.57,1568681,0.0
2017-05-04,64.64,64.895,64.41,64.7,1596025,0.0
2017-05-07,64.75,64.89,64.43,64.63,1212718,0.0
2017-05-08,64.59,65.59,64.36,65.22,1231281,0.0
2017-05-09,65.27,66.53,64.94,66.05,2652562,0.0
2017-05-10,65.59,65.76,64.57,65.23,2215068,0.0
2017-05-11,64.98,65.12,63.47,63.49,2670612,0.0
2017-05-14,63.45,63.62,62.28,62.35,4825388,0.0
2017-05-15,60.54,61.87,59.67,61.49,6871052,0.0
2017-05-16,61.31,62.43,61.22,61.52,3169479,0.0
2017-05-17,61.85,62.16,61.01,61.04,2802608,0.0
2017-05-18,62.91,63.95,61.2348,62.2,5997331,0.0
2017-05-21,62.3,62.92,61.88,62.45,1927498,0.0
2017-05-22,62.3,62.63,61.75,62.02,3004097,0.0
2017-05-23,62.03,62.51,61.68,61.95,2341449,0.0
2017-05-24,62.35,63.27,62.11,63,1955853,0.0
2017-05-25,63.15,63.69,62.79,63.52,1599874,0.0
2017-05-29,63.56,63.74,63.295,63.43,1548966,0.0
2017-05-30,63.43,63.94,63.16,63.92,2053167,0.0
2017-05-31,63.95,64,63.24,63.67,2297895,0.0
2017-06-01,63.46,63.89,63.31,63.74,1554138,0.0
2017-06-04,63.87,63.88,63.29,63.33,1432641,0.0
2017-06-05,63.1,63.25,61.73,61.84,2764994,0.0
2017-06-06,62.07,62.505,61.86,62.1,2301025,0.0
2017-06-07,62.53,62.63,61.19,61.3,2887883,0.0
2017-06-08,61.42,62.08,60.74,61.95,2007656,0.0
2017-06-11,61.66,62.87,61.66,61.86,2182792,0.0
2017-06-12,61.7,62.28,61.535,62.09,1531280,0.0
2017-06-13,62.35,62.35,60.82,61.1,2216161,0.0
2017-06-14,61.07,61.36,59.53,60.91,2462563,0.0
2017-06-15,60.16,60.23,59.6,60.08,3276848,0.0
2017-06-18,60.19,60.84,59.56,60.64,1902058,0.0
2017-06-19,60.62,60.62,57.66,57.72,4883244,0.0
2017-06-20,57.6,58.15,56.65,56.9,6148877,0.0
2017-06-21,56.94,56.94,55.62,55.97,5843287,0.0
2017-06-22,56.01,56.37,55.22,56.29,3984453,0.0
2017-06-25,56.41,57.27,56.401,56.7,2432432,0.0
2017-06-26,56.62,56.99,56.2,56.55,2128214,0.0
2017-06-27,56.73,58.09,56.345,57.79,2947808,0.0
2017-06-28,57.72,57.93,56.76,57.3,2441522,0.0
2017-06-29,57.93,58.06,57.38,57.73,1958415,0.0
2017-07-02,57.99,58.49,57.96,58.22,1043069,0.0
2017-07-04,58.18,58.25,57,57.38,2825265,0.0
2017-07-05,56.91,57,55.955,56.275,3347768,0.0
2017-07-06,56.27,56.665,56.12,56.15,2791118,0.0
2017-07-09,56.05,56.14,54.73,54.81,3852604,0.0
2017-07-10,54.82,55.02,54.32,54.345,3121411,0.0
2017-07-11,54.68,54.8914,54.08,54.12,3580924,0.0
2017-07-12,54.1,54.6125,53.89,54.41,5301176,0.0
2017-07-13,55.61,56.05,54.68,54.76,2746733,0.0
2017-07-16,54.79,55.26,54.67,54.72,2005766,0.0
2017-07-17,54.79,54.97,54.26,54.32,2311560,0.0
2017-07-18,54.34,54.73,54.21,54.41,1905975,0.0
2017-07-19,54.52,55.08,54.42,54.66,2137294,0.0
2017-07-20,54.73,55.02,54.095,54.3,2329579,0.0
2017-07-23,54.2,54.2,52.91,53.07,4305606,0.0
2017-07-24,53.34,54.48,53.075,54.03,4544375,0.0
2017-07-25,54.09,54.41,53.37,53.95,1978560,0.0
2017-07-26,53.9,55.13,53.79,55.11,2676046,0.0
2017-07-27,55.08,55.35,54.67,54.86,1698985,0.0
2017-07-30,55.1,55.39,54.73,55.32,1659414,0.0
2017-07-31,55.46,55.68,55.03,55.59,1880387,0.0
2017-08-01,55.5,55.9,55.21,55.65,2009849,0.0
2017-08-02,55.63,55.99,54.53,54.86,2645646,0.0
2017-08-03,55.1,55.94,54.86,55.86,2003074,0.0
2017-08-06,55.62,56.02,55.13,55.395,1800893,0.0
2017-08-07,55.52,56.6093,55.52,55.92,2301838,0.0
2017-08-08,55.88,56.07,55.02,56.04,2645100,0.0
2017-08-09,55.7,55.73,54.67,54.81,2439768,0.0
2017-08-10,54.86,55.94,54.8,55.57,2146973,0.0
2017-08-13,55.91,56.24,54.64,54.77,2978611,0.0
2017-08-14,54.67,54.75,52.85,53.04,6608110,0.0
2017-08-15,53.88,54.4508,53.39,54.36,3052371,0.0
2017-08-16,53.92,54.36,53.19,53.33,3632602,0.0
2017-08-17,58.76,59.5,57.99,59.02,12280030,0.0
2017-08-20,58.95,59.14,57.75,58.57,4362642,0.0
2017-08-21,58.8,59.24,58.66,59.18,2811754,0.0
2017-08-22,59.03,59.32,58.67,58.92,2667118,0.0
2017-08-23,59.36,60.8,58.14,58.34,2802480,0.0
2017-08-24,58.39,59.665,58.39,59.39,2453752,0.0
2017-08-27,59.45,59.545,58.7625,59.02,2143668,0.0
2017-08-28,58.61,59.15,57.95,58.69,2142447,0.0
2017-08-29,58.74,58.92,58.05,58.44,2315392,0.0
2017-08-30,58.5,58.87,58.15,58.45,2479914,0.0
2017-08-31,58.65,59.27,58.65,58.91,2361983,0.0
2017-09-04,58.75,59.37,58.7,59,2429892,0.0
2017-09-05,58.84,59.7,58.84,59.16,2026540,0.0
2017-09-06,59.37,59.62,58.12,58.55,2358499,0.0
2017-09-07,58.51,58.72,57.865,58.52,1594024,0.0
2017-09-10,58.6,59.38,58.34,59.27,2039352,0.0
2017-09-11,59.49,61.4,59.19,60.69,2622886,0.0
2017-09-12,60.76,61.9,60.76,61.42,2364855,0.0
2017-09-13,61.28,61.44,60.29,60.59,2206241,0.0
2017-09-14,60.57,60.93,60,60.71,2220694,0.0
2017-09-17,60.81,60.99,59.95,60.8,1822079,0.0
2017-09-18,60.88,61.205,60.69,61.15,2137707,0.0
2017-09-19,61.3,61.43,60.625,60.925,1342186,0.0
2017-09-20,61.1,61.27,60.65,60.9,1251604,0.0
2017-09-21,60.63,61.07,60.31,60.9,1079715,0.0
2017-09-24,62.67,63.58,62.5,62.88,2771214,0.0
2017-09-25,63.01,63.94,62.67,63.79,2966265,0.0
2017-09-26,63.68,65.3,63.64,64.84,3743713,0.0
2017-09-27,64.56,64.85,63.73,64.79,3706079,0.0
2017-09-28,64.92,65.21,64.5,64.56,1851313,0.0
2017-10-01,64.34,64.92,63.73,64.69,1990032,0.0
2017-10-02,64.54,65.15,64.45,64.92,1341686,0.0
2017-10-03,65.01,65.3799,64.34,65.22,2817763,0.0
2017-10-04,65.22,65.65,65.05,65.53,1449878,0.0
2017-10-05,65.38,66.16,65.32,65.98,1813584,0.0
2017-10-08,65.96,65.96,65.07,65.3,948345,0.0
2017-10-09,65.29,65.51,64.6,64.83,1351995,0.0
2017-10-10,64.89,65.23,64.39,64.55,1698007,0.0
2017-10-11,64.55,64.66,63.16,63.28,2428041,0.0
2017-10-12,63.39,63.605,62.91,63.12,1983957,0.0
2017-10-15,63.03,63.39,62.34,62.91,1690853,0.0
2017-10-16,62.94,63.6,62.86,63.24,1280801,0.0
2017-10-17,63.22,63.55,62.86,63.32,1355888,0.0
2017-10-18,63.35,63.615,62.93,63.38,1203587,0.0
2017-10-19,63.7,64.34,63.41,64.23,1765390,0.0
2017-10-22,64.15,64.91,63.965,64.33,1330446,0.0
2017-10-23,64.34,64.76,64.14,64.33,1308487,0.0
2017-10-24,64,64.32,63.3,63.84,1797553,0.0
2017-10-25,64.02,64.71,63.71,64.27,1268721,0.0
2017-10-26,63.64,64.09,63.29,63.81,1496464,0.0
2017-10-29,63.59,63.59,62.59,63.43,1421022,0.0
2017-10-30,63.68,64.87,63.41,63.5,1171477,0.0
2017-10-31,63.74,64.12,63.17,63.48,1524226,0.0
2017-11-01,63.85,64.67,63.55,64.36,1515622,0.0
2017-11-02,64.12,64.55,64.05,64.13,1267644,0.0
2017-11-05,64.11,64.73,63.96,64.15,894251,0.0
2017-11-06,64.21,64.82,64,64.79,2112933,0.0
2017-11-07,64.63,64.88,63.78,63.87,1805466,0.0
2017-11-08,63.56,65.19,63.55,64.57,1975884,0.0
2017-11-09,64.29,65.8,64.29,65.76,2389333,0.0
2017-11-12,65.16,65.89,64.71,64.91,2056474,0.0
2017-11-13,64.02,64.91,63.56,64.47,3196569,0.0
2017-11-14,64.24,65.52,63.91,64.61,2533843,0.0
2017-11-15,64.56,65.99,64.38,65.72,3370314,0.0
2017-11-16,72.13,73.94,71.02,72.25,7098034,0.0
2017-11-19,72.39,72.855,71.67,72.76,3258962,0.0
2017-11-20,72.97,72.9992,71.89,72.68,2351400,0.0
2017-11-21,72.25,72.81,72,72.3,1688651,0.0
2017-11-23,72.27,72.69,71.18,71.32,776451,0.0
2017-11-26,71.6,71.955,71.02,71.33,1791304,0.0
2017-11-27,71.36,72.89,70.84,72.82,2266310,0.0
2017-11-28,72.95,76.33,72.73,75.94,4725268,0.0
2017-11-29,75.97,77.2,74.93,76.02,3591166,0.0
2017-11-30,75.64,76.33,74.28,75.73,2384436,0.0
2017-12-03,76.42,78.81,76.24,78,3837143,0.0
2017-12-04,78.22,78.78,76.99,77.02,1731923,0.0
2017-12-05,77.26,77.97,76.63,76.8,1273866,0.0
2017-12-06,77.09,77.48,76.5,76.7,981096,0.0
2017-12-07,77.01,77.11,76.15,76.885,1400855,0.0
2017-12-10,76.7,77.21,76.02,76.75,1480080,0.0
2017-12-11,76.74,77.19,76.21,76.42,1484706,0.0
2017-12-12,76.68,77.57,76.52,76.96,1352743,0.0
2017-12-13,77.15,77.48,75.2,75.54,1451787,0.0
2017-12-14,76.27,76.77,75.26,75.95,2108960,0.0
2017-12-17,76.35,77.69,76.35,77.56,1258516,0.0
2017-12-18,77.76,78.84,77.19,78.54,1743449,0.0
2017-12-19,78.81,79.805,78.33,79.62,2310212,0.0
2017-12-20,79.72,80.62,79.525,80.14,1925104,0.0
2017-12-21,80.07,80.52,79.42,80.43,1051938,0.0
2017-12-25,80.55,81.13,80.4,80.95,1070973,0.0
2017-12-26,81.24,81.24,80.56,80.73,587489,0.0
2017-12-27,80.92,80.92,80.02,80.6,534292,0.0
2017-12-28,80.56,81.48,80.22,80.27,1208257,0.0
2018-01-01,80.86,81.36,80.43,80.5,1492245,0.0
2018-01-02,80.64,80.66,79.62,80.45,2231682,0.0
2018-01-03,80.46,81.01,79.61,80.89,1723235,0.0
2018-01-04,81.32,82.12,80.97,81.94,1638782,0.0
2018-01-07,81.96,82.12,80.835,81.2,1397255,0.0
2018-01-08,81.11,81.17,79.57,80.5,1195815,0.0
2018-01-09,80.38,81.21,79.92,80.68,1373768,0.0
2018-01-10,80.96,82.62,80.38,82.56,1535542,0.0
2018-01-11,82.92,83.93,82.81,83.53,1613939,0.0
2018-01-15,84.17,84.26,80.6,80.89,1763706,0.0
2018-01-16,81.58,82.22,81.18,81.29,1665526,0.0
2018-01-17,81.51,82.46,81.35,81.65,1553402,0.0
2018-01-18,82.12,83.9,81.735,83.76,1857959,0.0
2018-01-21,83.87,84.559,83.47,84.48,1188219,0.0
2018-01-22,84.22,84.66,83.85,84.57,1000621,0.0
2018-01-23,84.63,85.32,83.45,84.6,1040455,0.0
2018-01-24,85.07,85.11,83.81,84.4,749139,0.0
2018-01-25,84.87,85.51,84.16,85.45,1242461,0.0
2018-01-28,85.05,85.66,84.2389,84.57,1200272,0.0
2018-01-29,84.8,85.2,83.24,83.4,1628549,0.0
2018-01-30,83.51,83.68,81.66,82.38,1817911,0.0
2018-01-31,81.72,83.18,81.6,82.01,1557524,0.0
2018-02-01,81.49,81.93,79,79.08,2430199,0.0
2018-02-04,79.03,80.28,76.89,76.9,2591775,0.0
2018-02-05,75.47,78.86,74,78.33,2219403,0.0
2018-02-06,77.7,79.34,77.2,77.98,1505370,0.0
2018-02-07,77.87,78.7,75.02,75.06,2022826,0.0
2018-02-08,75.53,78.02,74,77.3,2896105,0.0
2018-02-11,77.72,78.15,76.23,77.35,1556616,0.0
2018-02-12,77.13,77.99,76.61,77.83,1005253,0.0
2018-02-13,77.15,79.24,76.94,78.93,1375831,0.0
2018-02-14,79.16,80.63,78.72,80.61,1562517,0.0
2018-02-15,80.48,80.94,79.7,80.14,1731517,0.0
2018-02-19,79.69,79.92,77.94,77.98,1412723,0.0
2018-02-20,78.04,79.64,77.81,77.88,1183583,0.0
2018-02-21,78.22,79.56,78.1575,78.5,821433,0.0
2018-02-22,79.05,79.38,76.88,78.87,2240883,0.0
2018-02-25,79.31,80.02,78.66,79.95,1296553,0.0
2018-02-26,80.22,81.16,77.52,77.54,2198634,0.0
2018-02-27,78.9,80.7,78.08,78.1,2364663,0.0
2018-02-28,77.82,79.31,76.9,77.95,2105653,0.0
2018-03-01,77.18,79.0499,76.6826,78.42,1884357,0.0
2018-03-04,78.36,78.37,76.73,77.97,1957845,0.0
2018-03-05,78.5,80.67,78.155,80.5,3104622,0.0
2018-03-06,76.67,77.31,73.76,75.4,7293327,0.0
2018-03-07,75.95,76.93,74.91,75.21,2903936,0.0
2018-03-08,76.13,77.05,75.22,77.01,2591785,0.0
2018-03-11,76.87,77.15,76.01,76.43,1832198,0.0
2018-03-12,77.18,78.08,76.72,77.01,1736610,0.0
2018-03-13,77.42,77.58,76.68,77.17,1803403,0.0
2018-03-14,77.22,77.55,76.5,76.82,2034419,0.0
2018-03-15,76.77,77.49,76.26,76.75,2240576,0.0
2018-03-18,76.58,77.66,76.5,77.05,1942645,0.0
2018-03-19,77.35,77.66,76.83,77.31,1467105,0.0
2018-03-20,77.11,78.71,77.03,77.4,1555451,0.0
2018-03-21,76.67,77.26,74.87,75.04,1647880,0.0
2018-03-22,75.14,76.43,74.8,74.84,1536138,0.0
2018-03-25,75.6,77.5,75.42,77.33,1399156,0.0
2018-03-26,77.64,77.94,76.48,76.94,2519424,0.0
2018-03-27,77.23,78.47,76.06,76.15,2019236,0.0
2018-03-28,76.66,78.25,76.2,77.93,1683621,0.0
2018-04-01,77.62,77.84,74.53,75.77,2290276,0.0
2018-04-02,75.95,76.72,75.33,76.2,1395246,0.0
2018-04-03,75.54,78.85,75.54,78.63,1897389,0.0
2018-04-04,78.89,80.1,78.17,79.77,1556887,0.0
2018-04-05,79.2,79.6399,76.79,77.43,2129713,0.0
2018-04-08,77.74,78.4,76.86,76.94,1437751,0.0
2018-04-09,77.98,78.65,77.55,78.13,1160220,0.0
2018-04-10,77.41,78.48,77.1,77.31,1640879,0.0
2018-04-11,77.7,78.875,77.49,78.14,1192945,0.0
2018-04-12,78.38,78.64,75.9798,76.17,1595660,0.0
2018-04-15,76.68,77.86,76.37,77.59,1461593,0.0
2018-04-16,78.4,79.21,77.94,78.77,1659224,0.0
2018-04-17,78.83,79.99,78.63,78.9,1747806,0.0
2018-04-18,78.63,79.01,77.88,78.74,1534528,0.0
2018-04-19,78.73,78.77,76.98,77.33,1603164,0.0
2018-04-22,77.46,78.39,77.09,78.14,1172194,0.0
2018-04-23,78.68,78.84,77.22,77.72,1502249,0.0
2018-04-24,77.48,78.66,77.16,78.3,956667,0.0
2018-04-25,78.35,80.48,78.02,80.43,1425981,0.0
2018-04-26,80.33,82.035,80.04,81.68,2024519,0.0
2018-04-29,82.11,82.81,80.74,80.85,1533969,0.0
2018-04-30,80.42,80.62,78.3,79.41,1835949,0.0
2018-05-01,79.27,80.49,78.315,79.7,1508557,0.0
2018-05-02,79.45,80.97,78.89,80.37,1413977,0.0
2018-05-03,80.08,81.11,79.09,80.74,2053264,0.0
2018-05-06,80.85,80.99,78.88,79.45,1899123,0.0
2018-05-07,79.6,81.24,79.21,80.85,1994406,0.0
2018-05-08,80.74,81.86,80,81.85,1516203,0.0
2018-05-09,81.97,82,80.4,81.31,1071633,0.0
2018-05-10,81.44,82.44,81,81.92,1071946,0.0
2018-05-13,82.17,82.91,81.9,82.65,1292171,0.0
2018-05-14,82.25,82.85,81.88,82.77,1895092,0.0
2018-05-15,83.68,84.57,83.06,83.36,1696920,0.0
2018-05-16,83.05,83.98,82.85,83.43,1527949,0.0
2018-05-17,82.71,83.1,82.16,82.47,2683193,0.0
2018-05-20,83.06,83.1,81.53,81.94,2996317,0.0
2018-05-21,82.26,83.6,81.93,82.32,2303806,0.0
2018-05-22,81.58,82.75,81.15,82.61,1749960,0.0
2018-05-23,82.53,83.615,81.82,82.96,2973353,0.0
2018-05-24,79.18,80.459,76.5602,77.33,6442851,0.0
2018-05-28,77.11,77.88,76.43,77.22,4034245,0.0
2018-05-29,77.43,79.18,76.71,78.89,2617597,0.0
2018-05-30,78.85,80.02,78.495,78.89,2171600,0.0
2018-05-31,79.36,81.28,79.04,80.72,2915497,0.0
2018-06-03,81.44,83.53,81.43,83.14,2927384,0.0
2018-06-04,83.26,84.4075,82.97,83.88,2008006,0.0
2018-06-05,84.17,84.55,83.38,84.48,1782377,0.0
2018-06-06,84.81,85.51,84.6,85.1,2212208,0.0
2018-06-07,85.01,85.95,84.675,85.84,1881001,0.0
2018-06-10,85.42,86.33,85.05,85.56,1643071,0.0
2018-06-11,85.94,85.97,84.91,85.72,1479762,0.0
2018-06-12,85.92,86.165,84.28,84.7,1609011,0.0
2018-06-13,84.69,85.75,84.095,84.49,1607309,0.0
2018-06-14,84.22,85.36,83.78,85.13,2059996,0.0
2018-06-17,84.55,85.38,84.16,84.96,1641123,0.0
2018-06-18,84.23,85.27,83.92,84.96,1334957,0.0
2018-06-19,85.93,86.71,84.86,86.595,1777922,0.0
2018-06-20,86.12,86.75,85.69,86.62,1428448,0.0
2018-06-21,86.6,86.96,84.91,85.96,2126485,0.0
2018-06-24,85.82,86.24,84.56,85.24,1576757,0.0
2018-06-25,85.17,85.61,84.71,85.43,1489677,0.0
2018-06-26,85.97,87.22,84.75,84.88,1750758,0.0
2018-06-27,84.93,85.67,84.34,85.1,1327346,0.0
2018-06-28,85.5,86.05,84.69,84.75,1180768,0.0
2018-07-01,84.23,84.6,83.04,84.57,1523217,0.0
2018-07-02,84.9,85.91,84.84,85.16,682432,0.0
2018-07-04,85.56,85.7599,84.49,85.11,854195,0.0
2018-07-05,85.14,86.48,84.88,86.33,1467599,0.0
2018-07-08,86.54,86.96,85.93,86.28,1195155,0.0
2018-07-09,86.32,86.55,85.2,85.91,1094797,0.0
2018-07-10,85.5,85.79,84.71,84.76,1223238,0.0
2018-07-11,85.04,85.43,84.3408,84.83,927186,0.0
2018-07-12,84.76,85.33,84.45,85.16,1485633,0.0
2018-07-15,85.35,85.62,84.12,85.15,1269935,0.0
2018-07-16,84.29,86.96,84.29,86.38,1538301,0.0
2018-07-17,86.33,87.11,85.98,87.01,1386246,0.0
2018-07-18,86.84,88.01,85.62,87.45,1231469,0.0
2018-07-19,87.53,87.7,86.57,86.58,1618570,0.0
2018-07-22,86.46,88.06,86.35,87.54,1535157,0.0
2018-07-23,87.46,87.87,86.01,86.49,1153353,0.0
2018-07-24,86.54,87.59,86.49,87.46,1123573,0.0
2018-07-25,88.31,89.35,87.43,88.06,1057349,0.0
2018-07-26,88.36,88.63,85.71,85.93,1142096,0.0
2018-07-29,85.76,87.13,85.76,86.74,1158430,0.0
2018-07-30,86.89,87.9,86.75,87.43,1612285,0.0
2018-07-31,87.04,87.45,86.07,86.44,2604420,0.0
2018-08-01,85.87,89.855,85.7,89.46,2284520,0.0
2018-08-02,89.7,89.86,88.29,89.03,1636059,0.0
2018-08-05,89.24,89.76,88.83,89.69,885219,0.0
2018-08-06,89.86,91.01,89.74,90.75,1445570,0.0
2018-08-07,90.78,92.186,90.78,91.84,1362126,0.0
2018-08-08,91.96,92.72,91.67,92.16,1308324,0.0
2018-08-09,91.32,92.6,90.93,91.59,1884249,0.0
2018-08-12,91.63,91.8,90.6,91.02,3164785,0.0
2018-08-13,91.41,92.975,90.92,92.84,1620959,0.0
2018-08-14,92.19,92.19,90.68,91.18,2676160,0.0
2018-08-15,91.89,92.315,90.67,91.74,2094780,0.0
2018-08-16,91.85,92.22,91.04,91.86,1842014,0.0
2018-08-19,92.23,92.5,91.32,92.33,2493033,0.0
2018-08-20,93.21,94.11,92.3,92.89,2988330,0.0
2018-08-21,93.14,94.1,92.74,93.41,2458686,0.0
2018-08-22,93.82,95.57,93.49,95.03,4282826,0.0
2018-08-23,91.91,97.85,91.3202,95.04,6012532,0.0
2018-08-26,95.63,96,94.08,94.27,2497602,0.0
2018-08-27,94.35,94.66,93.6769,94.6,1556128,0.0
2018-08-28,94.72,96.235,93.89,96.06,1962538,0.0
2018-08-29,95.44,96.38,94.74,94.92,1732053,0.0
2018-08-30,94.57,95.885,94.57,95.78,1117663,0.0
2018-09-03,96.16,97.76,95.74,97.7,3198147,0.0
2018-09-04,97.7,98.19,96.71,97.47,1707205,0.0
2018-09-05,97.53,98.24,97.1,97.36,1516505,0.0
2018-09-06,97.13,97.64,96.27,96.56,1650620,0.0
2018-09-09,96.99,98.06,96.74,97.92,2010068,0.0
2018-09-10,97.95,98.7,97.59,98.45,1547952,0.0
2018-09-11,98.13,98.65,95.9329,97.26,2003960,0.0
2018-09-12,97.55,98,96.72,97.1,1620080,0.0
2018-09-13,97.09,97.09,96.03,96.79,1576536,0.0
2018-09-16,96.89,97.19,95.88,96.23,1627803,0.0
2018-09-17,96.03,97.44,95.82,96.95,1248765,0.0
2018-09-18,96.69,97.39,96.01,96.96,1423043,0.0
2018-09-19,96.98,97.1,95.605,96.43,2141994,0.0
2018-09-20,96.47,97.87,96.27,97.5,2963042,0.0
2018-09-23,97.09,98.75,97.09,97.29,1722229,0.0
2018-09-24,97.64,98.49,97.17,97.51,1813185,0.0
2018-09-25,97.99,100.585,97.89,99.17,2128611,0.0
2018-09-26,99.37,99.64,98.77,99.46,1363588,0.0
2018-09-27,99.37,100.17,98.745,99.11,1505686,0.0
2018-09-30,99.99,100.48,98.55,98.58,1566054,0.0
2018-10-01,98.45,98.87,96.28,96.32,1482111,0.0
2018-10-02,96.68,97.26,95.72,96.74,1499727,0.0
2018-10-03,96.59,96.98,94.92,95.13,1915188,0.0
2018-10-04,96.45,96.45,93.92,94.63,1714757,0.0
2018-10-07,94.57,96.11,94.53,95.89,1300820,0.0
2018-10-08,96.08,98.06,95.68,97.16,1823719,0.0
2018-10-09,97.16,97.35,94.89,95.02,1917490,0.0
2018-10-10,94.95,96.8579,94.02,94.32,2534593,0.0
2018-10-11,95.05,96.43,94.3,95.86,2307591,0.0
2018-10-14,95.75,97.43,95.52,96.64,1154432,0.0
2018-10-15,97.37,98.53,96.57,98.31,1435487,0.0
2018-10-16,98.06,98.49,95.51,96.97,1601033,0.0
2018-10-17,97.31,97.97,95.21,95.94,1547717,0.0
2018-10-18,96.85,96.85,94.58,94.68,1523067,0.0
2018-10-21,94.95,97.15,94.95,96.67,1146763,0.0
2018-10-22,95.77,96.5,93.86,96.14,1543211,0.0
2018-10-23,95.78,98.35,95.215,95.39,1827445,0.0
2018-10-24,95.71,97.3,94.56,96.4,1456936,0.0
2018-10-25,94.08,97.16,93.6191,96.73,1956167,0.0
2018-10-28,97.87,100.35,96.8,98.29,2091697,0.0
2018-10-29,98.59,100.7982,98.4804,99.78,1809706,0.0
2018-10-30,100.28,101.2,98.6,98.98,1989005,0.0
2018-10-31,99.23,99.75,97.65,98.42,1778476,0.0
2018-11-01,99.24,100.48,98.08,100.03,2191581,0.0
2018-11-04,100.43,101.4,99.22,101.24,1647247,0.0
2018-11-05,101.16,101.7077,100.18,101.47,1587634,0.0
2018-11-06,102.09,102.99,100.42,102.72,1964520,0.0
2018-11-07,102.95,104.35,102.06,103.34,1500253,0.0
2018-11-08,103.27,103.51,101.87,102.75,1392931,0.0
2018-11-11,102.76,103.77,101.34,101.8,1730075,0.0
2018-11-12,101.76,102.25,99.66,100.26,2173339,0.0
2018-11-13,100.98,101.98,97.81,97.86,3322592,0.0
2018-11-14,96.92,97.47,95.21,96.49,3929204,0.0
2018-11-15,95.65,95.93,93.48,95.27,3600449,0.0
2018-11-18,95,95.66,89.62,91.19,5487908,0.0
2018-11-19,84.4,88.83,82.04,82.63,7418791,0.0
2018-11-20,84.5,85,80.76,81.61,4197430,0.0
2018-11-22,81.02,81.42,79.798,80.37,1927724,0.0
2018-11-25,81.47,82.1949,80,80.97,3544319,0.0
2018-11-26,80.74,82.74,80.53,82.74,5687006,0.0
2018-11-27,83.32,86.54,83.23,86.43,5474193,0.0
2018-11-28,86.22,86.72,85.33,85.94,3126061,0.0
2018-11-29,85.8,87.715,85.8,87.62,4542186,0.0
2018-12-02,88.33,88.97,84.6,84.74,4847963,0.0
2018-12-03,84.98,85.42,81.02,81.76,4052154,0.0
2018-12-05,80.68,81.62,78.52,81.62,3383301,0.0
2018-12-06,81.02,81.39,77.9502,78.29,3020271,0.0
2018-12-09,78.37,80.2,77.42,80,3215985,0.0
2018-12-10,80.86,81.35,79.93,80.56,2819179,0.0
2018-12-11,82.2,82.59,80.58,80.91,2615051,0.0
2018-12-12,81.26,81.67,79.84,80.82,2564684,0.0
2018-12-13,80.31,81.66,79.03,79.19,2663721,0.0
2018-12-16,78.98,79.34,77.78,78.34,3081258,0.0
2018-12-17,79.15,79.92,78.65,78.89,2480642,0.0
2018-12-18,79.27,80.78,78.05,78.46,2508101,0.0
2018-12-19,78.23,78.74,76.19,77.16,2278659,0.0
2018-12-20,77.62,80.05,76.765,76.98,5635264,0.0
2018-12-23,77.02,77.67,75.91,76.31,1388600,0.0
2018-12-25,76.55,81.93,76.51,81.79,3369894,0.0
2018-12-26,80.77,81.89,78.74,81.83,2707317,0.0
2018-12-27,82.13,82.83,80.51,81.56,1888554,0.0
2018-12-30,82.06,83.22,81.73,82.89,1705210,0.0
2019-01-01,81.8,83.98,81.8,83.67,2133741,0.0
2019-01-02,82.96,84.32,81.9106,83.24,2578550,0.0
2019-01-03,84.04,86.01,83.37,85.39,2458925,0.0
2019-01-06,84.75,90.01,84.26,89.03,3318206,0.0
2019-01-07,89.41,91.74,88.86,91.53,3989658,0.0
2019-01-08,91.87,91.903,89.89,90.26,2917197,0.0
2019-01-09,88.1,90.75,87.41,90.74,2416392,0.0
2019-01-10,90.59,92.065,90.3801,91.12,1707587,0.0
2019-01-13,90.44,91.68,90.11,90.685,1733236,0.0
2019-01-14,90.61,91.4,90.22,90.92,1778369,0.0
2019-01-15,91,91.7,89.95,90.29,1828234,0.0
2019-01-16,89.67,90.84,89.25,90.835,2141545,0.0
2019-01-17,91.68,93.365,90.8877,92.97,2517718,0.0
2019-01-21,92.18,92.78,90.96,91.46,1897469,0.0
2019-01-22,91.86,91.88,90.66,91.48,1309003,0.0
2019-01-23,91.84,91.84,90.34,91.24,2139609,0.0
2019-01-24,92.23,92.6932,91.72,92.485,1410143,0.0
2019-01-27,92.25,92.25,90.94,91.55,1658859,0.0
2019-01-28,91.54,91.6,90.6,91.47,1340574,0.0
2019-01-29,91.83,92.81,91.31,92.315,1384184,0.0
2019-01-30,92.27,92.63,91.65,92.0525,1728552,0.0
2019-01-31,92.45,92.54,91.06,91.74,1556396,0.0
2019-02-03,91.75,92.31,91.03,92.27,1715520,0.0
2019-02-04,92.3,93.39,92.02,93.09,1209493,0.0
2019-02-05,92.92,93.08,91.71,92.62,1048442,0.0
2019-02-06,92.16,92.71,91.57,92.5,1121290,0.0
2019-02-07,92.33,93.19,92.07,92.81,1320627,0.0
2019-02-10,93.25,94.65,92.97,94.14,1454750,0.0
2019-02-11,94.63,95.13,94.035,94.76,1252955,0.0
2019-02-12,95.13,95.14,93.91,94.67,1827948,0.0
2019-02-13,94.13,94.15,92.36,93.32,1633205,0.0
2019-02-14,94.32,94.69,93.56,93.9825,1787951,0.0
2019-02-18,93.98,93.98,92.8,93.67,1906786,0.0
2019-02-19,93.75,94.35,93.35,94,1667566,0.0
2019-02-20,93.93,94.01,93.15,93.54,1374246,0.0
2019-02-21,93.63,94.42,93.49,94.37,1294897,0.0
2019-02-24,94.7,95.21,93.72,93.84,1561844,0.0
2019-02-25,93.91,94.83,93.6305,94.35,1819313,0.0
2019-02-26,93.82,95.22,93.54,94.77,2174177,0.0
2019-02-27,94.86,95.42,93.97,94.83,1863863,0.0
2019-02-28,95.78,96.21,94.5659,94.85,1728824,0.0
2019-03-03,95.42,95.565,93.17,93.59,1591742,0.0
2019-03-04,95.11,95.47,93.44,94.16,2825592,0.0
2019-03-05,94,96.5,93.5,94.45,4079613,0.0
2019-03-06,93.58,93.8038,91.12,92.43,3167504,0.0
2019-03-07,91.48,91.69,88.645,89.05,2830063,0.0
2019-03-10,89.32,90.94,89,90.73,2026585,0.0
2019-03-11,90.83,91.19,90.03,91.14,1784986,0.0
2019-03-12,91.26,91.579,90.65,90.7,1748526,0.0
2019-03-13,90.46,90.46,88.305,89.26,3046316,0.0
2019-03-14,89.15,90,88.71,89.9,2923807,0.0
2019-03-17,89.65,91.33,89.65,91.13,2411188,0.0
2019-03-18,91.2,92.38,90.865,91.75,2148082,0.0
2019-03-19,91.7,92.02,91.15,91.51,1825288,0.0
2019-03-20,91.35,91.92,91.03,91.51,1172725,0.0
2019-03-21,91.07,91.46,89.46,89.51,2043890,0.0
2019-03-24,89.24,90.6598,89.03,89.83,1474934,0.0
2019-03-25,90.26,91.17,90.043,90.91,1452380,0.0
2019-03-26,91,92.34,90.75,91.66,2143735,0.0
2019-03-27,92.09,93,91.46,91.9,1700894,0.0
2019-03-28,92.46,93.51,92.07,93.11,1532254,0.0
2019-03-31,93.77,94.34,92.94,94.26,690944,0.0
2019-04-01,94.12,94.24,93.45,93.75,1590184,0.0
2019-04-02,94.36,95.11,93.58,94.98,1543395,0.0
2019-04-03,95.06,97.6,94.97,97.47,1801088,0.0
2019-04-04,97.79,98.93,97.49,98.41,1838392,0.0
2019-04-07,98.2,98.99,97.62,98.67,1178579,0.0
2019-04-08,97.97,98.43,97.34,97.56,1046200,0.0
2019-04-09,98.06,98.75,97.68,98.34,1344478,0.0
2019-04-10,98.62,98.95,97.09,97.63,1690758,0.0
2019-04-11,97.82,98.38,97,97.36,1577090,0.0
2019-04-14,97.28,98.35,97,98.01,1236168,0.0
2019-04-15,98.46,99.16,98.055,98.88,1137834,0.0
2019-04-16,99.32,100.12,99.18,99.93,1134096,0.0
2019-04-17,100.45,100.765,99.82,100.02,1545603,0.0
2019-04-21,99.6,100.01,97.13,97.77,1304299,0.0
2019-04-22,98.23,98.36,97.23,97.86,1726805,0.0
2019-04-23,97.94,99.53,97.71,98.55,2016088,0.0
2019-04-24,97.57,98.725,97.19,98.02,1329331,0.0
2019-04-25,98.32,98.63,97.5,98.54,1274884,0.0
2019-04-28,98.43,99.8117,98.14,98.24,1322372,0.0
2019-04-29,98.27,98.43,97.09,97.63,1518633,0.0
2019-04-30,97.5,97.64,95.8,95.89,1509021,0.0
2019-05-01,97.24,97.24,95.9,96.34,1740119,0.0
2019-05-02,96.95,97.24,96.34,97.13,1126410,0.0
2019-05-05,95.73,97.68,95.5525,97.4,873088,0.0
2019-05-06,96.75,96.76,95.12,95.76,1282384,0.0
2019-05-07,95.57,97.48,94.6,96.8,1211148,0.0
2019-05-08,95.92,97.52,95.6,97.02,1263232,0.0
2019-05-09,96.49,98.11,95.05,97.5,1687280,0.0
2019-05-12,95.78,96.475,92.72,93.39,2436471,0.0
2019-05-13,94,95.09,93.47,94.47,2092115,0.0
2019-05-14,93.7,94.88,93.19,94.51,1396785,0.0
2019-05-15,94.93,97,94.93,95.91,1442731,0.0
2019-05-16,95.4,97.39,95.26,97.22,2198379,0.0
2019-05-19,96.77,97.52,96.44,96.62,2323878,0.0
2019-05-20,96.44,97.8,95.31,97.41,2521744,0.0
2019-05-21,96.83,96.83,94.12,94.53,2712297,0.0
2019-05-22,93.94,94.94,92.78,94.57,2723380,0.0
2019-05-23,92.58,94,91.59,92.78,5565435,0.0
2019-05-27,93.69,95.65,91.28,91.29,3099169,0.0
2019-05-28,90.77,91.73,89.55,90.29,2730336,0.0
2019-05-29,90.65,92.95,90.61,92.9,2325019,0.0
2019-05-30,91.84,93.26,91.46,92.98,1793079,0.0
2019-06-02,92.93,93.75,91.54,92.01,2090529,0.0
2019-06-03,92.8,94.74,92.79,94.64,2069059,0.0
2019-06-04,94.93,95.65,94.44,94.99,1550685,0.0
2019-06-05,95.25,96.46,94.7901,96.205,1878882,0.0
2019-06-06,96.85,99.55,96.75,99.16,2796853,0.0
2019-06-09,99.1,100.4,97.81,98.04,2312094,0.0
2019-06-10,98.63,99.16,97.8652,98.47,2085765,0.0
2019-06-11,98.79,99.5,98.24,98.31,1690873,0.0
2019-06-12,98.98,100.57,97.59,100.56,3943925,0.0
2019-06-13,100.77,101.685,100.43,100.95,3622164,0.0
2019-06-16,100.98,102.13,100.41,101.47,1999956,0.0
2019-06-17,102.33,103.85,102.045,102.65,2125283,0.0
2019-06-18,102.83,103.58,101.71,103.42,1415639,0.0
2019-06-19,104.07,105.31,103.63,104.56,1520594,0.0
2019-06-20,104.65,105.15,103.9,103.95,2193690,0.0
2019-06-23,103,104.26,101.9,102.88,1626341,0.0
2019-06-24,102.84,103.09,101.29,101.49,1895225,0.0
2019-06-25,102.07,103.11,101.43,102.4,1676652,0.0
2019-06-26,99.6,100.63,98.84,100.55,3175779,0.0
2019-06-27,100.805,101.46,99.06,99.11,2242033,0.0
2019-06-30,100.53,101.92,98.56,98.99,2266016,0.0
2019-07-01,98.79,99.39,97.53,98.18,1945443,0.0
2019-07-02,98.4,100.04,98.39,99.99,1070108,0.0
2019-07-04,98.86,100.91,98.86,100.91,1397523,0.0
2019-07-07,100.78,101.71,100.2,101.58,1069053,0.0
2019-07-08,101.5,102.56,101.175,101.98,1599080,0.0
2019-07-09,102.59,102.96,101.38,102.61,1209524,0.0
2019-07-10,103,103.25,102.37,102.9,1242233,0.0
2019-07-11,103.51,106.78,103.08,106,3352341,0.0
2019-07-14,106.17,107.24,104.94,106.38,2131491,0.0
2019-07-15,106.55,107.45,106,106.83,1808582,0.0
2019-07-16,106.91,107.93,106.57,107.29,1608887,0.0
2019-07-17,107.38,107.63,106.37,107.06,1790941,0.0
2019-07-18,107.77,108.2,106.51,106.6,2197277,0.0
2019-07-21,107.06,107.48,105.66,105.94,1625609,0.0
2019-07-22,106.11,106.63,105.32,106.12,1180545,0.0
2019-07-23,105.94,106.61,105.5025,105.91,1282685,0.0
2019-07-24,104.28,105.99,104.28,105.52,1442638,0.0
2019-07-25,105.85,107.055,105.09,106.83,1047231,0.0
2019-07-28,106.55,106.92,106,106.5,836976,0.0
2019-07-29,106.15,106.48,105.47,106.35,799844,0.0
2019-07-30,106.19,107.04,104.42,106.02,1035355,0.0
2019-07-31,106.69,107.08,102.49,103.58,1424791,0.0
2019-08-01,103.53,104.45,102.94,103.51,1230429,0.0
2019-08-04,102.32,103.0745,100.16,101.19,1759877,0.0
2019-08-05,101.56,103.61,100.64,103.38,1363786,0.0
2019-08-06,102.07,104.22,101.55,103.89,1471447,0.0
2019-08-07,104.68,107.2333,104.47,107.05,1553173,0.0
2019-08-08,106.9,107.12,104.96,105.495,1325965,0.0
2019-08-11,105.18,105.45,102.92,103.23,1542745,0.0
2019-08-12,103.24,108.04,102.26,106.49,1439769,0.0
2019-08-13,104.54,104.54,102.07,102.17,1575398,0.0
2019-08-14,103.19,103.45,100.68,101.4,1792158,0.0
2019-08-15,102.58,103.65,102.27,103.16,1676981,0.0
2019-08-18,104.885,105.4,103.33,104.09,1475709,0.0
2019-08-19,103.02,105.08,102.6,104.18,1711416,0.0
2019-08-20,105.71,106.62,104.26,105.69,1490378,0.0
2019-08-21,106.87,107.94,105.7,107.5,3250712,0.0
2019-08-22,105.64,106.37,102.41,102.99,3444631,0.0
2019-08-25,103.35,104.76,103.3,104.57,1454276,0.0
2019-08-26,105.11,105.13,102.54,102.55,1669175,0.0
2019-08-27,102.3,104.82,102,104.53,1543830,0.0
2019-08-28,105.99,107.56,105.99,107.12,1756095,0.0
2019-08-29,107.43,108.48,105.78,106.03,1425444,0.0
2019-09-02,105.17,106.09,104.07,104.98,1817236,0.0
2019-09-03,105.48,106,104.805,105.98,1418547,0.0
2019-09-04,107,109.48,106.74,109.37,1929156,0.0
2019-09-05,109.65,110.67,109.04,109.18,1164961,0.0
2019-09-08,109.31,109.69,107.68,108.44,1251332,0.0
2019-09-09,108.55,108.69,106.43,108.16,1812092,0.0
2019-09-10,107.38,108.6,106.67,108.36,1721706,0.0
2019-09-11,109.26,110.88,109,109.34,1931702,0.0
2019-09-12,109.61,110.255,109.02,109.1,1158463,0.0
2019-09-15,108.58,108.58,107.5,107.58,1249962,0.0
2019-09-16,107.81,108.975,107.395,108.14,1512955,0.0
2019-09-17,108.09,108.81,107.32,108.74,1245865,0.0
2019-09-18,108.81,109.64,108.39,108.61,987772,0.0
2019-09-19,108.57,109.54,104.57,104.7,3042811,0.0
2019-09-22,105.36,107.31,105.28,106.99,1731499,0.0
2019-09-23,108.3,109.12,106.77,107.65,1685755,0.0
2019-09-24,107.69,109.13,107.69,108.24,1344291,0.0
2019-09-25,108.71,109,106.99,107.87,1077320,0.0
2019-09-26,108.61,109.43,108.137,109.07,1706646,0.0
2019-09-29,109.14,110.39,109.14,109.84,1212558,0.0
2019-09-30,110.37,111.4199,109.24,109.29,1699324,0.0
2019-10-01,108.87,108.89,106.94,107.52,1301360,0.0
2019-10-02,107.05,107.24,104.82,106.93,1141356,0.0
2019-10-03,107.32,109.27,107.26,108.9,2537552,0.0
2019-10-06,108.21,108.97,107.75,108.12,2517153,0.0
2019-10-07,107.46,109.31,106.8,107.84,2537478,0.0
2019-10-08,108.5,109.43,108.03,109.18,2194097,0.0
2019-10-09,108.87,111.19,108.52,111.01,2571331,0.0
2019-10-10,112,113.51,111.655,112.45,3419442,0.0
2019-10-13,112.09,112.47,111.33,111.36,1422948,0.0
2019-10-14,111.65,112.5,111.64,111.91,2830038,0.0
2019-10-15,111.95,112.675,111.5,112.24,3141419,0.0
2019-10-16,112.98,113.69,112.59,113.02,1741488,0.0
2019-10-17,112.81,114.825,112.5,114.03,2440421,0.0
2019-10-20,112.73,113.22,109.07,110.99,2061692,0.0
2019-10-21,111.28,112.98,111.03,111.905,1202028,0.0
2019-10-22,111.98,112.22,109.67,109.88,1284577,0.0
2019-10-23,110.22,110.69,109.18,110.42,1146533,0.0
2019-10-24,110.1,111.61,109.655,110.68,890870,0.0
2019-10-27,110.62,111.12,109.26,109.44,1300944,0.0
2019-10-28,109.45,110.5,108.745,108.81,1283847,0.0
2019-10-29,108.69,110.39,108.59,110.33,1360403,0.0
2019-10-30,110.49,110.97,109.23,109.67,1293142,0.0
2019-10-31,110.19,111.57,109.74,110.98,1052319,0.0
2019-11-03,111.61,112.02,110.99,111.8,1344441,0.0
2019-11-04,111.49,112.8,111.41,112.06,1362516,0.0
2019-11-05,112.45,112.52,111.32,112.26,1041156,0.0
2019-11-06,112.35,113.72,112.18,113.03,1114271,0.0
2019-11-07,112.77,113.06,111.4,111.84,1013663,0.0
2019-11-10,111.66,112.38,111.11,112.16,932275,0.0
2019-11-11,112.15,112.41,110.84,110.97,1131025,0.0
2019-11-12,111.01,111.94,109.33,111.41,1317743,0.0
2019-11-13,111.76,113,111,112.86,1171205,0.0
2019-11-14,113.66,113.6735,112.24,113.365,1007638,0.0
2019-11-17,112.94,113.34,111.835,112.24,1463696,0.0
2019-11-18,112.72,113.96,111.815,112.43,1660983,0.0
2019-11-19,112.4,112.9082,109.985,110.44,1865521,0.0
2019-11-20,111.17,111.85,110.6,111.8,2048191,0.0
2019-11-21,113.08,113.89,108.41,111.5,3671121,0.0
2019-11-24,112.03,113.99,111.55,113.34,1724945,0.0
2019-11-25,113.38,116.03,112.99,115.21,2564992,0.0
2019-11-26,116.12,116.49,115.2,116.33,1379064,0.0
2019-11-28,116.58,117.24,116.05,116.14,718668,0.0
2019-12-01,116.65,117.58,115.89,116,1961674,0.0
2019-12-02,115.01,115.85,113.58,114.27,1401108,0.0
2019-12-03,114.52,115.1131,113.59,114.15,1453525,0.0
2019-12-04,114.24,114.3,113.2089,113.49,1130349,0.0
2019-12-05,114.84,115.135,113.7,113.84,952096,0.0
2019-12-08,113.76,115.38,113.69,115.09,1497584,0.0
2019-12-09,114.98,115.37,114.2,114.97,1030732,0.0
2019-12-10,115.3,115.3,114.13,114.86,1160070,0.0
2019-12-11,114.88,116.79,114.57,116.43,1241752,0.0
2019-12-12,116.3,116.39,115.24,115.49,1133245,0.0
2019-12-15,116.03,116.53,114.18,114.4,1651028,0.0
2019-12-16,114.71,114.71,113.5,113.74,1459653,0.0
2019-12-17,113.81,114.15,112.58,113.48,1493049,0.0
2019-12-18,113.74,115.2,113.74,115.18,1099777,0.0
2019-12-19,116.13,116.13,114.515,115.24,2122368,0.0
2019-12-22,115.36,115.53,114.1,114.15,957651,0.0
2019-12-23,114.55,115.4,114.275,115.18,474667,0.0
2019-12-25,115.05,115.6,114.27,115.31,853422,0.0
2019-12-26,116.1,116.1,114.53,114.96,705352,0.0
2019-12-29,114.67,117.01,114.16,116.5,1183891,0.0
2019-12-30,116.59,117.04,115.65,116.42,1085871,0.0
2020-01-01,116.48,116.84,115.47,116.84,1431926,0.0
2020-01-02,115.43,117,115.2,116.85,1158288,0.0
2020-01-05,116.25,117.48,115.6407,117.42,1068668,0.0
2020-01-06,117.27,118.88,116.62,118.82,1459185,0.0
2020-01-07,119.11,120.09,118.95,119.11,1302103,0.0
2020-01-08,120.67,122.62,119.54,122.13,1880943,0.0
2020-01-09,122.1,122.375,120.5,120.72,1088603,0.0
2020-01-12,120.68,120.78,119.239,119.97,1184966,0.0
2020-01-13,120.04,120.13,118.81,119.04,1427137,0.0
2020-01-14,118.57,119.37,117.45,117.77,1139530,0.0
2020-01-15,118.28,118.92,117.45,117.96,1642760,0.0
2020-01-16,118.21,118.72,117.45,117.67,1591890,0.0
2020-01-20,117.25,118.22,117.17,117.84,2332411,0.0
2020-01-21,118.13,118.5,117.4,117.46,3013559,0.0
2020-01-22,117.34,118.62,116.04,118.22,2686497,0.0
2020-01-23,118.02,118.4,115.27,115.76,2663353,0.0
2020-01-26,114.07,115.48,113.5,114.85,1943757,0.0
2020-01-27,115.11,115.47,114.36,114.48,1253157,0.0
2020-01-28,114.73,115.42,113.96,114.27,1105318,0.0
2020-01-29,112.89,114.66,112.89,114.19,1264750,0.0
2020-01-30,113.84,114.04,111.48,112.21,1930259,0.0
2020-02-02,112.75,114.72,112.54,113.79,1181611,0.0
2020-02-03,115.78,116.8,115.25,116.36,1189778,0.0
2020-02-04,117.07,119.08,117.07,118.74,1238281,0.0
2020-02-05,119.34,119.65,118.14,118.18,933308,0.0
2020-02-06,118.02,118.03,116.535,117.46,693302,0.0
2020-02-09,116.89,118.4,116.71,118.32,999649,0.0
2020-02-10,119.04,119.93,118.67,119.71,1057015,0.0
2020-02-11,120.48,120.6,119.67,120.07,1173539,0.0
2020-02-12,119.76,120.75,119.48,120.6,845181,0.0
2020-02-13,120.91,121.97,120.68,121.85,882475,0.0
2020-02-17,121.58,123.0082,121.02,122.49,1190131,0.0
2020-02-18,122.96,123.63,122.565,122.94,846755,0.0
2020-02-19,122.84,124.16,121.94,123.81,891883,0.0
2020-02-20,123.26,123.87,122.12,123.25,1020180,0.0
2020-02-23,122,123.18,121.05,121.61,1447209,0.0
2020-02-24,121.99,122.21,116.56,116.74,1832194,0.0
2020-02-25,118.4,121.41,117.96,119.2,2026932,0.0
2020-02-26,117.8,119.02,111.85,111.86,2180077,0.0
2020-02-27,108.62,110.6533,106.76,108.87,3208792,0.0
2020-03-01,109.22,112,105.95,111.99,2638933,0.0
2020-03-02,111,114.314,107.59,109.14,2888189,0.0
2020-03-03,109.38,110.5,105.81,109.55,4403313,0.0
2020-03-04,106.34,107.16,100.7,101.67,2691223,0.0
2020-03-05,97.59,103.42,97.34,102.51,3332615,0.0
2020-03-08,96.99,97.82,94.41,94.53,6749330,0.0
2020-03-09,97.16,101.92,95.78,101.87,3411142,0.0
2020-03-10,99.42,100.97,97.825,98.55,6502974,0.0
2020-03-11,92.61,96.46,91.03,91.31,9145390,0.0
2020-03-12,95.63,97.13,87.48,92.63,7061958,0.0
2020-03-15,84.34,84.34,73.19,73.94,8887144,0.0
2020-03-16,74.43,74.67,67.69,69.56,7216787,0.0
2020-03-17,65.3,65.95,56.3,60,13167742,0.0
2020-03-18,59.46,69.33,57.665,64.98,7402390,0.0
2020-03-19,65.43,70,63.85,63.88,9576481,0.0
2020-03-22,62.69,66.43,60.5,62.75,10793430,0.0
2020-03-23,67.82,71.8,66.07,71.58,7426548,0.0
2020-03-24,73.95,84.856,72.795,81.13,4872426,0.0
2020-03-25,82.34,86.83,81.31,85.71,9027776,0.0
2020-03-26,81.96,85.78,80,82.55,3113291,0.0
2020-03-29,82.59,85.5,80.58,84.87,2516997,0.0
2020-03-30,84.1,88.79,83.74,86.97,8087370,0.0
2020-03-31,82.3,85.37,79.8889,80.98,4139878,0.0
2020-04-01,80,82.27,75.63,79.4,3832028,0.0
2020-04-02,78.58,79.23,74.17,74.7,4323581,0.0
2020-04-05,80,88.06,78.15,87.369,9633216,0.0
2020-04-06,93.66,95.97,84.47,84.86,9743136,0.0
2020-04-07,85.75,91.855,84.7002,89.12,5432342,0.0
2020-04-08,90.38,92.635,87.8918,88.74,5024258,0.0
2020-04-12,89.02,89.02,85.1,86.99,1909588,0.0
2020-04-13,88.51,91.36,88.34,90.92,2157214,0.0
2020-04-14,86.58,89.35,86.2,88.58,7406798,0.0
2020-04-15,88.55,88.82,86.37,87.2,4440556,0.0
2020-04-16,90.06,92.02,88.72,91.73,11530548,0.0
2020-04-19,90.48,90.48,86.46,86.49,8966643,0.0
2020-04-20,83.65,85.51,81.63,82.69,10444051,0.0
2020-04-21,85.07,85.98,81.94,84.08,11380604,0.0
2020-04-22,84.72,85.33,82.32,82.63,5795933,0.0
2020-04-23,83.01,86.3,82.61,85.49,5184998,0.0
2020-04-26,86.91,91.1,86.495,90.83,11099970,0.0
2020-04-27,94.05,101.08,92.16,92.51,4369995,0.0
2020-04-28,97.14,98.7,95.125,97.14,3033487,0.0
2020-04-29,95.43,96.08,91.05,91.36,4513976,0.0
2020-04-30,88.25,89.58,87.37,88.96,1687415,0.0
2020-05-03,87.19,88.8,85.7,88.38,3140475,0.0
2020-05-04,90,90.98,88.08,88.73,2151423,0.0
2020-05-05,89.33,90.285,88.39,88.86,1517043,0.0
2020-05-06,90.64,91.865,89.76,89.85,1992811,0.0
2020-05-07,91.1,91.6,90.46,91.46,2471440,0.0
2020-05-10,90.1,91.41,88.855,90.75,1217218,0.0
2020-05-11,90.85,91.2152,86.12,86.63,1833264,0.0
2020-05-12,85.95,86.35,82.62,83.72,3965542,0.0
2020-05-13,82.26,84.69,79.86,84.52,3878191,0.0
2020-05-14,83.73,86,82.34,85.32,2284289,0.0
2020-05-17,89.9,92.4,88.78,90.63,4590842,0.0
2020-05-18,90.54,91.61,87.94,89.9,2951088,0.0
2020-05-19,90.82,92.3,90,90.89,1943175,0.0
2020-05-20,94.5,99.4,93.5,96.99,4625121,0.0
2020-05-21,92.98,96.69,91.87,93.79,4907439,0.0
2020-05-25,96.73,97.17,94.215,94.56,6780438,0.0
2020-05-26,95.2212,96.6,93.8,96.48,2634808,0.0
2020-05-27,96.56,100.6,94.73,98.27,3715183,0.0
2020-05-28,98.04,98.87,95.48,97.06,5781626,0.0
2020-05-31,97.08,99.11,96.49,97.2,4113366,0.0
2020-06-01,98.56,98.98,95.99,98.81,2025359,0.0
2020-06-02,99.92,100.72,98.82,100.15,3701250,0.0
2020-06-03,99.5,101,98.54,98.965,2218313,0.0
2020-06-04,102.3,104.93,101.3,102.53,4331910,0.0
2020-06-07,102.55,104.05,101.39,102.64,6006662,0.0
2020-06-08,102.1,102.91,100.67,101.6,4459932,0.0
2020-06-09,101.69,101.8175,98.65,100.09,5994936,0.0
2020-06-10,96.68,96.835,93.21,94.57,3256908,0.0
2020-06-11,96.42,96.787,93.02,93.02,439799,0.0
2020-06-14,89.14,91.49,87.86,91.33,3596025,0.0
2020-06-15,97.09,98.05,95.27,97.62,7120493,0.0
2020-06-16,97.74,98.13,96.57,96.65,5997771,0.0
2020-06-17,95.04,96.38,91.98,92.38,2956362,0.0
2020-06-18,95.14,95.15,91.65,93.3,4099673,0.0
2020-06-21,92.67,92.89,90.22,90.7,2328424,0.0
2020-06-22,92.01,93.16,91.32,91.46,3309430,0.0
2020-06-23,89.8035,90.36,86.44,87.04,2727889,0.0
2020-06-24,86.77,86.94,82.49,84.27,4439501,0.0
2020-06-25,83.75,86.689,83.59,83.75,3828377,0.0
2020-06-28,83.93,85.52,81.605,85.25,2460993,0.0
2020-06-29,85.01,85.74,83.78,85.19,3237368,0.0
2020-06-30,85.29,88.6,85.22,87.23,3253231,0.0
2020-07-01,88.74,91.12,88.31,88.58,3116398,0.0
