Date,Open,High,Low,Close,Volume,OpenInterest
2016-07-13,41.68,42.51,41.45,42.01,438721,0.0
2016-07-14,42.1,43.27,42.03,42.97,459948,0.0
2016-07-17,43,43,41.77,42.3,452904,0.0
2016-07-18,42,42.41,41.34,41.55,376636,0.0
2016-07-19,41.97,43.58,41.84,43.39,419411,0.0
2016-07-20,43.69,44.66,43.69,44.4,626974,0.0
2016-07-21,44.31,44.83,43.93,43.99,592264,0.0
2016-07-24,44.14,44.55,43.64,44.48,353252,0.0
2016-07-25,44.18,44.68,43.59,43.77,709885,0.0
2016-07-26,42.65,48.13,42.65,47.98,1125919,0.0
2016-07-27,47.52,47.94,46.75,47.35,407824,0.0
2016-07-28,47.2,48.07,46.32,48.05,404656,0.0
2016-07-31,47.78,49.24,47.78,49.22,764346,0.0
2016-08-01,48.91,49.33,47.29,48.53,649749,0.0
2016-08-02,48.51,49.14,48.02,49,390644,0.0
2016-08-03,49.08,49.45,47.95,48.03,412312,0.0
2016-08-04,48.25,48.74,47.75,47.94,445375,0.0
2016-08-07,48.06,48.25,46.56,46.72,447615,0.0
2016-08-08,46.81,46.81,46.03,46.43,511271,0.0
2016-08-09,46.37,46.37,45.72,45.76,338442,0.0
2016-08-10,46.17,46.62,45.3,46.49,271743,0.0
2016-08-11,46.3,47.08,45.63,46.85,337801,0.0
2016-08-14,46.99,47.69,46.77,47.11,423915,0.0
2016-08-15,47.08,47.08,45.69,45.77,386578,0.0
2016-08-16,45.81,46.06,44.89,45.57,371456,0.0
2016-08-17,45.47,46.5,45.29,45.92,219410,0.0
2016-08-18,45.7,45.81,45.09,45.38,237805,0.0
2016-08-21,45.67,47.08,45.42,47.06,538655,0.0
2016-08-22,47.31,48.66,47.14,47.77,605191,0.0
2016-08-23,47.67,48.57,44.95,45.16,643061,0.0
2016-08-24,45.2,45.945,42.58,43.97,1276848,0.0
2016-08-25,44.14,45.32,43.67,45.3,484895,0.0
2016-08-28,45.36,45.62,44.94,45.37,350191,0.0
2016-08-29,45.23,46.07,45.17,45.34,394739,0.0
2016-08-30,45.14,45.49,44.49,44.55,319261,0.0
2016-08-31,44.72,44.97,44.13,44.9,345068,0.0
2016-09-01,45.14,45.14,44.035,44.78,416768,0.0
2016-09-05,44.99,46.33,44.45,46.16,791401,0.0
2016-09-06,47,49.29,46.925,49.23,804236,0.0
2016-09-07,49.08,50.5,48.81,50.5,1243019,0.0
2016-09-08,50.24,51.31,49.68,50.23,1439722,0.0
2016-09-11,49.8,51.98,49.5038,51.81,772709,0.0
2016-09-12,51.16,51.86,50,51.7,895447,0.0
2016-09-13,52,54.74,51.69,54.01,1238667,0.0
2016-09-14,54.29,55.19,53.21,53.59,998011,0.0
2016-09-15,53.59,54.88,53.49,53.68,829925,0.0
2016-09-18,53.81,54.5956,53.41,54.07,444884,0.0
2016-09-19,54.34,55.73,54.3,54.79,606049,0.0
2016-09-20,55.05,56.48,54.02,56.12,588680,0.0
2016-09-21,56.52,56.97,55.55,56.19,684312,0.0
2016-09-22,56.1,56.45,55.3,55.81,494131,0.0
2016-09-25,55.52,55.91,54.9,55.7,334710,0.0
2016-09-26,55.82,57.23,55.37,56.57,403098,0.0
2016-09-27,56.71,56.88,54.64,55.34,465369,0.0
2016-09-28,55.32,55.8,53.03,53.29,688934,0.0
2016-09-29,53.47,54.27,52.13,54.02,579129,0.0
2016-10-02,53.92,54.38,53.2775,54.24,559319,0.0
2016-10-03,54.32,54.98,53.87,54.55,456968,0.0
2016-10-04,54.6,56.0634,54.23,55.5,480069,0.0
2016-10-05,55.2,55.2,53.92,54.33,528121,0.0
2016-10-06,54.32,55.94,54.2958,55.18,358942,0.0
2016-10-09,55.83,57.5,55.39,57.24,526703,0.0
2016-10-10,57.25,57.83,55.62,55.99,500638,0.0
2016-10-11,56.03,56.36,53.05,53.09,672482,0.0
2016-10-12,51.25,52.69,51.02,52.27,2200758,0.0
2016-10-13,52.68,53.06,50.29,50.31,878630,0.0
2016-10-16,50.26,50.94,48.61,50.15,976731,0.0
2016-10-17,50.84,51.7,50.22,50.73,526436,0.0
2016-10-18,50.69,51.51,50.07,51.27,568982,0.0
2016-10-19,51.18,52.03,51.09,51.6,404493,0.0
2016-10-20,51.63,51.85,50.21,50.83,488512,0.0
2016-10-23,50.74,51.15,49.66,50.36,729108,0.0
2016-10-24,50.41,51.19,49.89,50.37,525270,0.0
2016-10-25,50.58,50.7,49.79,50.33,482206,0.0
2016-10-26,50.97,51.66,49.77,49.96,626124,0.0
2016-10-27,51.48,51.66,47.29,50.84,1255958,0.0
2016-10-30,50.8,52.43,50.8,51.7,648255,0.0
2016-10-31,52.01,55.99,51.55,55.68,1611923,0.0
2016-11-01,55.42,56.61,55.1,56.33,1375096,0.0
2016-11-02,56.3,57.28,55.86,56.98,1158388,0.0
2016-11-03,57.85,58.91,55.87,56.26,1029955,0.0
2016-11-06,56.25,59.82,55.93,59.74,1160346,0.0
2016-11-07,59.21,60.81,58.5001,59.4,1188709,0.0
2016-11-08,62.61,69.53,62.26,69.17,2886437,0.0
2016-11-09,69.5,75.36,64.8,67.94,2455055,0.0
2016-11-10,67.92,68.82,66.05,68.1,1052827,0.0
2016-11-13,67.9,69.66,66.66,69.56,940678,0.0
2016-11-14,69.38,73.14,68.48,72.16,1203220,0.0
2016-11-15,71.96,73.58,70.78,70.79,1485217,0.0
2016-11-16,71.35,73.99,70,73.72,937992,0.0
2016-11-17,73.5,73.91,69.88,70.7,1303682,0.0
2016-11-20,71.1,72.48,70.17,72.14,1029960,0.0
2016-11-21,72.28,72.78,67.72,69.24,686799,0.0
2016-11-22,67.71,70.71,67.04,70.48,809368,0.0
2016-11-24,70.92,71.87,69.84,71.86,447083,0.0
2016-11-27,71.39,71.56,66.88,66.99,953685,0.0
2016-11-28,66.45,67.24,65.41,66.37,1275364,0.0
2016-11-29,66.3,66.49,63.951,64.8,1493788,0.0
2016-11-30,65.26,67.975,64.18,66.71,1215231,0.0
2016-12-01,66.41,67.87,66.27,66.68,524428,0.0
2016-12-04,68.16,68.46,65.66,66.26,720858,0.0
2016-12-05,66.71,67.33,65.21,66.63,534383,0.0
2016-12-06,65.45,66.59,62.806,65.09,745364,0.0
2016-12-07,65,67.07,64.5,66.93,483715,0.0
2016-12-08,67.46,68.8,64.81,64.85,578662,0.0
2016-12-11,64.45,64.8,62.69,63.82,613807,0.0
2016-12-12,64.28,64.82,62.551,63.15,810783,0.0
2016-12-13,63.24,63.82,61.68,62.9,616750,0.0
2016-12-14,63.36,63.78,61.36,63.76,729918,0.0
2016-12-15,63.96,64.87,62.3,62.62,519814,0.0
2016-12-18,62.66,63.18,60.98,61.32,532932,0.0
2016-12-19,61.46,62.4,60.16,62.06,679460,0.0
2016-12-20,62.13,63.3,61.29,61.3801,418948,0.0
2016-12-21,61.57,61.745,59.83,60.67,485359,0.0
2016-12-22,60.43,61.99,60.25,61.86,536485,0.0
2016-12-26,52.89,54.7,51.63,52.35,4759628,0.0
2016-12-27,52.26,54.24,51.65,53.07,1750419,0.0
2016-12-28,53.13,53.99,52.93,53.33,744942,0.0
2016-12-29,53.2,53.82,52.31,52.77,603345,0.0
2017-01-02,53.32,54.45,52.425,53,1055600,0.0
2017-01-03,52.98,55.44,52.56,55.21,1444852,0.0
2017-01-04,55.25,55.8999,50.65,54.86,2697595,0.0
2017-01-05,55.14,59.93,55.14,57.54,1855604,0.0
2017-01-08,58.44,59.21,57.52,58.81,778466,0.0
2017-01-09,58.49,59.3399,58.03,59.01,583900,0.0
2017-01-10,59.12,59.12,55.22,55.8,793486,0.0
2017-01-11,55.35,59.23,55,58.86,843247,0.0
2017-01-12,58.95,59.69,58.26,59.12,549322,0.0
2017-01-16,58.5,59.51,57.13,57.72,647091,0.0
2017-01-17,58.09,59.06,57.4231,59.05,740673,0.0
2017-01-18,59.02,59.41,58.2,59.27,719150,0.0
2017-01-19,59.36,60.26,58.55,58.78,621366,0.0
2017-01-22,58.8,59.57,57.76,58.53,387235,0.0
2017-01-23,58.66,59.08,57.3,58.06,402068,0.0
2017-01-24,58.25,58.6811,57.775,58.44,338830,0.0
2017-01-25,58.82,59.85,58,58.03,397551,0.0
2017-01-26,58.05,58.96,57.87,58.49,258177,0.0
2017-01-29,58.51,58.6683,56.17,57.23,379106,0.0
2017-01-30,56.74,60.43,56.42,60.24,610785,0.0
2017-01-31,60.3,60.545,58.63,59.69,486850,0.0
2017-02-01,59.23,60.57,58.6601,59.99,402552,0.0
2017-02-02,60.31,61.16,59.57,61.11,299147,0.0
2017-02-05,60.73,62.6,60.34,61.54,544119,0.0
2017-02-06,61.54,61.69,60.03,60.79,422219,0.0
2017-02-07,60.23,61.64,59.28,61.53,941318,0.0
2017-02-08,61.76,64.57,61.75,62.73,879388,0.0
2017-02-09,59.5,61.89,59.0001,60.14,2327143,0.0
2017-02-12,60.31,62.97,60.02,61.6,605654,0.0
2017-02-13,61.34,62.9389,60.945,62.88,1129589,0.0
2017-02-14,63.29,65.46,62.83,65.25,745139,0.0
2017-02-15,65.35,66.637,63.95,65.3,683601,0.0
2017-02-16,64.93,65.51,64.285,65.5,400871,0.0
2017-02-20,65.5,65.97,64.88,65.68,457483,0.0
2017-02-21,65.51,65.98,64.255,64.58,743747,0.0
2017-02-22,64.99,64.99,62.8,63.07,648523,0.0
2017-02-23,63.14,63.22,61.5,62.72,644477,0.0
2017-02-26,62.8,66,62.26,65.92,897621,0.0
2017-02-27,65.78,67.86,64.51,65.64,879945,0.0
2017-02-28,66.46,69.23,66.0401,68.91,754633,0.0
2017-03-01,68.85,70.42,67.51,67.8,768743,0.0
2017-03-02,67.55,69.175,67.215,68.91,486626,0.0
2017-03-05,68.62,68.9,66.63,67.99,926708,0.0
2017-03-06,67.04,68.14,66.55,67.12,499656,0.0
2017-03-07,67.21,68.43,65.83,67.43,848681,0.0
2017-03-08,67.43,71.1,65.21,67.06,1012069,0.0
2017-03-09,67.24,68.09,66.66,67.97,492600,0.0
2017-03-12,68,68.86,67.74,68.38,372959,0.0
2017-03-13,67.22,68.1,66.27,67.2,586970,0.0
2017-03-14,67.11,67.55,66.26,67.27,1190388,0.0
2017-03-15,67.26,67.83,66.48,66.74,305730,0.0
2017-03-16,66.46,67.3,65.745,66.72,556561,0.0
2017-03-19,66.78,68.48,66.3504,68.02,461222,0.0
2017-03-20,68.24,68.73,61.8301,61.98,956368,0.0
2017-03-21,62.16,63.75,61.39,63.02,631833,0.0
2017-03-22,62.99,64.06,62.5689,63.22,501436,0.0
2017-03-23,63.45,64.78,63.11,63.68,252320,0.0
2017-03-26,63.27,64.48,62.12,64.38,431052,0.0
2017-03-27,64.54,65.44,64.05,64.47,336412,0.0
2017-03-28,64.72,65.4,63.45,63.53,530726,0.0
2017-03-29,63.73,63.99,62.94,63.06,303045,0.0
2017-03-30,63.02,63.2,62.25,62.86,271214,0.0
2017-04-02,62.54,64.02,62.1,62.87,572269,0.0
2017-04-03,62.63,63.93,62.5195,63.22,570484,0.0
2017-04-04,63.2,63.92,61.65,61.89,472963,0.0
2017-04-05,62.22,63.6,61.57,63.56,437441,0.0
2017-04-06,63.34,64.47,61.85,63.97,829596,0.0
2017-04-09,64.22,64.58,63.12,63.43,236822,0.0
2017-04-10,63.39,63.88,62.11,63.44,296014,0.0
2017-04-11,63.43,65.13,62.91,64.26,646688,0.0
2017-04-12,64.26,66.38,63.9301,66.0399,468186,0.0
2017-04-16,65.9,66.67,65.2,66.56,237934,0.0
2017-04-17,66.24,67.09,65.66,66.65,423294,0.0
2017-04-18,67.28,67.36,65.97,66.55,341639,0.0
2017-04-19,66.97,67.42,66.45,67.05,203996,0.0
2017-04-20,66.82,67.12,65.155,65.34,321350,0.0
2017-04-23,66.27,66.5,65,65.55,401988,0.0
2017-04-24,65.85,67,65.59,66.8,412110,0.0
2017-04-25,67.04,67.65,66.22,66.93,480854,0.0
2017-04-26,67.25,68.72,66.49,68.26,339045,0.0
2017-04-27,68.61,71.315,67.44,68.3,892820,0.0
2017-04-30,68.75,69.12,67.6,68.13,469096,0.0
2017-05-01,67.8,68.35,63.84,64.21,706111,0.0
2017-05-02,63.64,64.245,62.16,62.59,467090,0.0
2017-05-03,62.9,63.87,61.58,63.74,612052,0.0
2017-05-04,63.92,63.92,61.31,61.83,428867,0.0
2017-05-07,61.62,61.81,59.69,60.33,660357,0.0
2017-05-08,60.52,61.76,60.12,61.74,641031,0.0
2017-05-09,61.54,62.83,61.06,62.54,455227,0.0
2017-05-10,62.74,62.89,61.96,62.09,383438,0.0
2017-05-11,62.23,63.355,62.16,63.1,346255,0.0
2017-05-14,63.18,63.38,62.38,62.83,320426,0.0
2017-05-15,62.75,63.49,62.24,63.41,399405,0.0
2017-05-16,62.32,63.21,61.46,62.72,462112,0.0
2017-05-17,62.72,67.155,62.525,66.71,854315,0.0
2017-05-18,66.93,67.94,66.4,66.6,569456,0.0
2017-05-21,66.82,66.95,65.2984,66.51,454738,0.0
2017-05-22,66.56,67.5,65.78,66.68,262653,0.0
2017-05-23,66.62,68.59,66.62,67.45,365332,0.0
2017-05-24,67.86,67.97,65.47,66.02,455685,0.0
2017-05-25,66.07,67.19,65.24,65.57,305727,0.0
2017-05-29,65.59,65.72,63.22,63.32,459668,0.0
2017-05-30,63.57,64,61.8,63.98,570212,0.0
2017-05-31,64,64.85,63.02,63.5,499233,0.0
2017-06-01,63.66,66,63.58,65.95,836921,0.0
2017-06-04,66.19,66.35,64.65,65.24,426174,0.0
2017-06-05,64.69,65.47,64.35,64.84,390783,0.0
2017-06-06,64.97,65.42,63.57,64.21,402173,0.0
2017-06-07,64.11,65.6547,63.705,64.76,429437,0.0
2017-06-08,64.94,65.8,64.05,64.81,616069,0.0
2017-06-11,64.89,65.74,62.99,63.26,610166,0.0
2017-06-12,63.26,63.98,62.55,62.94,355831,0.0
2017-06-13,62.79,65.13,62.33,63.95,253842,0.0
2017-06-14,63.27,64.08,62.34,64.05,786539,0.0
2017-06-15,64.28,64.7,63.625,64.5,341165,0.0
2017-06-18,57.89,63.15,57.4001,61.75,3081399,0.0
2017-06-19,61.32,63.7299,61.32,61.78,839312,0.0
2017-06-20,62.09,63.75,61.81,63.44,928386,0.0
2017-06-21,63.94,64.8,63,63.2,772734,0.0
2017-06-22,62.95,63.32,61.29,61.75,1089339,0.0
2017-06-25,55.9,57.58,53.3,56.5199,7074543,0.0
2017-06-26,56.73,57.1,51.27,51.28,3556857,0.0
2017-06-27,52,55.13,50.65,54.72,2661007,0.0
2017-06-28,54.52,54.73,52.55,53.26,931922,0.0
2017-06-29,53.83,53.83,51.74,51.74,763860,0.0
2017-07-02,51.97,52.58,51.35,52.22,494679,0.0
2017-07-04,52.22,52.65,51.13,52.53,888430,0.0
2017-07-05,52.09,52.89,50.87,51.15,1033044,0.0
2017-07-06,51.37,52.23,50.8,51.37,685789,0.0
2017-07-09,51.39,51.92,50.27,51.28,934009,0.0
2017-07-10,51.26,52.01,50.74,51.77,892423,0.0
2017-07-11,52.3,54,51.97,53.74,1004775,0.0
2017-07-12,53.73,54.84,52.815,54.09,1145265,0.0
2017-07-13,54.24,54.525,53.61,53.76,587187,0.0
2017-07-16,53.89,54.45,53.61,53.77,502633,0.0
2017-07-17,53.44,53.825,53.15,53.36,490957,0.0
2017-07-18,53.95,54.73,53.56,53.99,694047,0.0
2017-07-19,54.17,54.76,53.93,54.11,655152,0.0
2017-07-20,54.19,54.73,53.76,54.39,565138,0.0
2017-07-23,54.53,55.13,54.13,55.02,543487,0.0
2017-07-24,55.43,55.73,54.21,54.51,1037461,0.0
2017-07-25,54.72,55.14,54.42,55.02,436068,0.0
2017-07-26,54.97,55.06,52.56,52.97,963101,0.0
2017-07-27,54,54,50.16,51.14,1301893,0.0
2017-07-30,51.2,51.85,50.4,50.52,662500,0.0
2017-07-31,50.62,50.71,48.65,49.21,1044570,0.0
2017-08-01,49.15,49.665,48.06,48.5,678707,0.0
2017-08-02,48.51,49.21,48.19,49.1,676421,0.0
2017-08-03,49.21,49.6,48.64,49.15,281876,0.0
2017-08-06,49.18,49.42,48.33,48.86,714950,0.0
2017-08-07,48.86,49.87,48.5,49.06,387874,0.0
2017-08-08,48.29,49.27,48.25,48.74,417394,0.0
2017-08-09,48.47,48.5,46.1,46.2,786381,0.0
2017-08-10,45.96,46.56,45.45,46.32,818591,0.0
2017-08-13,46.72,47.33,45.88,45.9,513971,0.0
2017-08-14,45.86,47.17,45.4,46.87,1133300,0.0
2017-08-15,47.02,47.9,46.59,47.17,649688,0.0
2017-08-16,46.7,47.1677,46.2,46.42,570269,0.0
2017-08-17,46.44,47.39,46.06,46.29,442749,0.0
2017-08-20,46.45,46.48,45.31,46.2,435394,0.0
2017-08-21,46.46,47.58,46.46,47.5,401064,0.0
2017-08-22,47.13,48.42,46.99,47.65,507315,0.0
2017-08-23,47.7,47.93,47.24,47.88,440882,0.0
2017-08-24,48.14,48.3,47.17,47.24,501437,0.0
2017-08-27,47.66,48.77,47.33,48.76,579621,0.0
2017-08-28,48.52,49.3506,47.77,49.26,510833,0.0
2017-08-29,49.3,49.79,48.72,49.78,985072,0.0
2017-08-30,49.99,53.4,49.7,52.53,1637925,0.0
2017-08-31,52.53,52.98,51.72,52.52,853229,0.0
2017-09-04,52.37,52.4,51.02,51.9,486134,0.0
2017-09-05,52,52.45,51.4,51.89,633716,0.0
2017-09-06,51.8,54.19,51.46,54.19,827305,0.0
2017-09-07,53.92,53.92,52.29,53.02,635383,0.0
2017-09-10,53.76,54.62,52.91,53.65,764481,0.0
2017-09-11,53.86,53.97,52.85,53.19,651091,0.0
2017-09-12,52.96,53.68,52.73,53.43,711842,0.0
2017-09-13,53.41,53.92,52.721,53.14,517541,0.0
2017-09-14,53.52,53.81,52.6,53.79,544868,0.0
2017-09-17,53.74,53.8,52.31,52.86,1131441,0.0
2017-09-18,53.21,53.21,51.17,51.8,597330,0.0
2017-09-19,51.57,52.95,51.4095,52.85,703493,0.0
2017-09-20,52.87,52.94,51.665,52.36,965395,0.0
2017-09-21,52.4,52.55,51.96,52.47,330317,0.0
2017-09-24,52.5,53.52,52.1,52.97,484948,0.0
2017-09-25,52.8,53.09,51.77,52.55,813917,0.0
2017-09-26,52.78,53.48,52.66,53.37,309552,0.0
2017-09-27,53.5,54.59,53.18,53.94,472700,0.0
2017-09-28,53.89,54.61,53.565,54.42,313714,0.0
2017-10-01,57.01,59.03,55.66,58.72,2735121,0.0
2017-10-02,58.8,58.99,56.955,57.97,1203508,0.0
2017-10-03,58.02,58.273,57.535,58.26,784070,0.0
2017-10-04,58.16,58.68,57.58,58.36,512785,0.0
2017-10-05,58.04,58.46,57.14,57.51,509044,0.0
2017-10-08,57.73,58.2,57.27,57.56,352854,0.0
2017-10-09,57.74,58.09,57.46,57.7,530196,0.0
2017-10-10,57.84,63.35,57.43,61.47,2995411,0.0
2017-10-11,61.63,62.18,60.13,61.77,1635813,0.0
2017-10-12,61.75,63.19,61.3101,63.01,945824,0.0
2017-10-15,63.11,64.07,62.0768,62.93,775772,0.0
2017-10-16,62.79,64.43,62.59,64.07,955864,0.0
2017-10-17,64,64.76,63.25,63.7,737610,0.0
2017-10-18,63.1,64.08,62.9,64,597180,0.0
2017-10-19,65,65.15,63.3,63.86,1070559,0.0
2017-10-22,63.94,64.08,62.27,62.39,718765,0.0
2017-10-23,63.1,63.7,61.88,62.33,846345,0.0
2017-10-24,62.3,63.1876,60.94,61.98,786836,0.0
2017-10-25,61.47,62.1599,60.37,61.29,769110,0.0
2017-10-26,65,65,61.45,62.75,978658,0.0
2017-10-29,62.55,63.88,61.58,62.68,932274,0.0
2017-10-30,62.95,63.3,61.25,61.32,701429,0.0
2017-10-31,61.59,61.59,60.12,60.28,996175,0.0
2017-11-01,60.15,62.47,59.22,60.78,507633,0.0
2017-11-02,60.5,62.2,60.115,61.35,546467,0.0
2017-11-05,61.24,61.58,58.71,58.75,700272,0.0
2017-11-06,58.92,59.3,58.13,58.46,635527,0.0
2017-11-07,58.31,58.43,57.33,57.86,429210,0.0
2017-11-08,57.42,58.16,56.65,57.9,563926,0.0
2017-11-09,57.84,58.67,57.21,57.96,360105,0.0
2017-11-12,57.67,58.15,56.77,57.12,598336,0.0
2017-11-13,56.81,57.28,55.86,57.2,457097,0.0
2017-11-14,56.89,58.47,56.66,57.6,458377,0.0
2017-11-15,57.83,59.39,57.35,59.3,606287,0.0
2017-11-16,58.7,59.86,58.5001,59.77,450025,0.0
2017-11-19,59.62,59.83,58.49,58.7,497120,0.0
2017-11-20,59.01,60.6,58.5501,59.05,675443,0.0
2017-11-21,59.06,59.58,58.32,59.13,310973,0.0
2017-11-23,59.29,59.46,58.54,58.94,165901,0.0
2017-11-26,59.08,59.65,57.81,58.62,631911,0.0
2017-11-27,58.76,59.04,57.53,58.67,735237,0.0
2017-11-28,57.78,59.54,57.35,59.15,686620,0.0
2017-11-29,59.6,62.11,59.33,60.93,831813,0.0
2017-11-30,60.81,61.21,58.15,59.45,751874,0.0
2017-12-03,59.55,60.86,57.72,57.88,373919,0.0
2017-12-04,57.9,58.29,55.93,56.06,660065,0.0
2017-12-05,56.09,57.47,55.325,56.77,599074,0.0
2017-12-06,56.95,57.79,56.05,57.34,374204,0.0
2017-12-07,57.56,59.42,57.52,59.26,543101,0.0
2017-12-10,55,57.15,53.03,55.27,2846526,0.0
2017-12-11,55.01,55.27,53.83,54.605,1229092,0.0
2017-12-12,55.06,56.26,54.2017,55.68,1043021,0.0
2017-12-13,55.87,55.99,51.4,51.83,1134319,0.0
2017-12-14,51.95,53.07,51.06,52.61,1375097,0.0
2017-12-17,52.57,53,51.47,52.44,849412,0.0
2017-12-18,52.23,52.84,51.68,52.58,608891,0.0
2017-12-19,52.98,52.98,51.73,52.38,665743,0.0
2017-12-20,52.24,53.08,51.92,52.77,597988,0.0
2017-12-21,52.78,53.46,52.48,53.44,673974,0.0
2017-12-25,53.54,53.97,52.75,53.58,536754,0.0
2017-12-26,53.76,54.84,53.29,54.68,390149,0.0
2017-12-27,54.94,55.16,54.335,55.02,362260,0.0
2017-12-28,55.17,55.4,53.44,53.52,337910,0.0
2018-01-01,53.64,56.51,53.62,56.12,735111,0.0
2018-01-02,56.3,57.13,55.545,56.6,404905,0.0
2018-01-03,56.74,56.875,55.04,55.53,466299,0.0
2018-01-04,55.98,55.98,54.87,55.06,398305,0.0
2018-01-07,55.12,55.23,54.295,54.67,446210,0.0
2018-01-08,54.86,55.5718,54.685,55.43,386372,0.0
2018-01-09,55.02,55.38,53.07,53.42,1197586,0.0
2018-01-10,53.41,53.41,50.76,51.77,1224368,0.0
2018-01-11,51.71,52.89,51.28,52.3,724727,0.0
2018-01-15,52.64,52.8,50.875,50.95,764538,0.0
2018-01-16,51.48,52.83,50.8,52.56,1142868,0.0
2018-01-17,52.5,53.57,52.27,53.45,794362,0.0
2018-01-18,53.44,53.76,52.63,53.48,739147,0.0
2018-01-21,54.02,56.38,53.7,56.29,836217,0.0
2018-01-22,56.25,57.91,55.79,56.77,1072757,0.0
2018-01-23,56.8,57.06,55.24,55.97,724432,0.0
2018-01-24,56.29,56.51,55.14,55.61,359092,0.0
2018-01-25,55.22,56.37,55.07,56.07,363219,0.0
2018-01-28,55.88,57.18,55.88,56.61,460880,0.0
2018-01-29,55.82,56.17,54.9,55.22,509693,0.0
2018-01-30,53.99,53.99,51.475,52.3,2019452,0.0
2018-01-31,55.32,57.4,52.3,56.15,4350893,0.0
2018-02-01,55.76,56.969,55.3605,56.01,1465196,0.0
2018-02-04,55.58,55.7,53.24,53.27,1807003,0.0
2018-02-05,53.47,54.91,52.19,54.25,2321320,0.0
2018-02-06,53.4,53.6508,51.71,51.9,1928408,0.0
2018-02-07,51.92,52.36,50.54,50.55,1287246,0.0
2018-02-08,50.93,51.11,48.78,50.15,1946533,0.0
2018-02-11,50.71,53.49,50.54,52.31,937808,0.0
2018-02-12,52.11,52.28,50.87,52.14,727476,0.0
2018-02-13,53.62,54.78,53.29,54.1,870034,0.0
2018-02-14,54.53,55.18,53.6,54.85,592575,0.0
2018-02-15,54.8,55.81,54.27,54.49,711364,0.0
2018-02-19,54,55.5,53.86,54.19,452509,0.0
2018-02-20,54.35,55.43,54.07,54.09,446725,0.0
2018-02-21,54.32,55.1,53.54,53.78,591572,0.0
2018-02-22,53.96,55.45,53.44,55.35,453300,0.0
2018-02-25,55.24,55.98,54.31,55.92,446321,0.0
2018-02-26,56,56.72,54.71,55.57,355645,0.0
2018-02-27,55.52,55.63,53.99,54.01,485159,0.0
2018-02-28,54.09,54.82,51.64,52.28,1111064,0.0
2018-03-01,51.73,52.93,50.67,52.79,877763,0.0
2018-03-04,52.71,54.95,51.93,54.71,542161,0.0
2018-03-05,54.66,55.35,53.98,55.26,486410,0.0
2018-03-06,54.99,56.32,54.67,56.25,608454,0.0
2018-03-07,57.04,57.61,55.34,56.99,953530,0.0
2018-03-08,57.48,58,56.56,57.19,475912,0.0
2018-03-11,57.47,59.98,57,58.68,1140301,0.0
2018-03-12,58.71,59.63,58.42,59.32,588253,0.0
2018-03-13,59.81,59.87,57.58,58.59,586986,0.0
2018-03-14,58.86,58.86,57.3,57.68,482644,0.0
2018-03-15,57.8,58.1,57.29,57.7,572506,0.0
2018-03-18,57.25,57.63,55.01,55.74,508229,0.0
2018-03-19,56.1,57.1,54.65,54.84,880588,0.0
2018-03-20,54.79,54.9,53.7,54.12,885912,0.0
2018-03-21,53.94,54.92,53.15,53.21,438031,0.0
2018-03-22,52.89,53.135,50.91,50.95,644226,0.0
2018-03-25,51.62,53.69,50.89,53.56,824683,0.0
2018-03-26,53.57,54.46,51.06,51.2,669333,0.0
2018-03-27,50.98,52.08,49.61,51.66,839302,0.0
2018-03-28,51.77,53.135,51.38,52.31,787872,0.0
2018-04-01,51.83,52.44,49.9,50.95,995086,0.0
2018-04-02,51.19,51.78,49.58,50.27,710175,0.0
2018-04-03,49.75,53.26,49.6375,53.06,550905,0.0
2018-04-04,53.28,53.48,51.685,51.88,486776,0.0
2018-04-05,51.39,51.65,50.01,50.07,809153,0.0
2018-04-08,50.66,51.57,49.976,50.22,417864,0.0
2018-04-09,50.93,51.95,50.52,51.7,399341,0.0
2018-04-10,51.41,53.1,51.29,51.68,357503,0.0
2018-04-11,51.79,52.67,51.5,51.67,302847,0.0
2018-04-12,51.75,52.27,49.73,50.24,563674,0.0
2018-04-15,50.49,50.63,49.56,50.3,445660,0.0
2018-04-16,51.1,52.88,50.636,51.72,487388,0.0
2018-04-17,51.78,52.065,50.7,50.79,436284,0.0
2018-04-18,50.72,50.96,49.48,49.57,591907,0.0
2018-04-19,49.44,49.86,48.965,49.69,758532,0.0
2018-04-22,49.89,50.21,49.2,49.8,475344,0.0
2018-04-23,49.89,50.49,48.61,48.8,760529,0.0
2018-04-24,48.87,49.36,47.75,48.14,767725,0.0
2018-04-25,48.52,49.08,47.98,48.86,846663,0.0
2018-04-26,50.75,54.61,50.52,51.55,1836052,0.0
2018-04-29,51.47,52.28,50.555,51.2,1591393,0.0
2018-04-30,51.32,52.6,51.06,52.52,829933,0.0
2018-05-01,52.21,55.89,51.83,54.43,1511792,0.0
2018-05-02,54.55,55.78,53.725,53.99,892945,0.0
2018-05-03,53.77,54.5,52.25,52.74,1098778,0.0
2018-05-06,52.69,54.32,52.53,54.04,837464,0.0
2018-05-07,53.91,54.84,53.5,54.11,632854,0.0
2018-05-08,54.6,56.13,53.46,55.5,895830,0.0
2018-05-09,55.5,56.26,55.22,55.6,617541,0.0
2018-05-10,55.34,57.19,55.22,56.92,380887,0.0
2018-05-13,56.87,57.86,56.56,57.56,697564,0.0
2018-05-14,57.24,57.35,56.01,57.26,534112,0.0
2018-05-15,57.42,59.095,56.88,58.5,701385,0.0
2018-05-16,58.43,58.67,56.79,57.32,779690,0.0
2018-05-17,57.33,57.61,56.47,56.74,338447,0.0
2018-05-20,56.77,57.16,55.25,55.41,539669,0.0
2018-05-21,55.4,56.17,55.01,55.24,363708,0.0
2018-05-22,55.11,55.92,55.11,55.41,233375,0.0
2018-05-23,55.54,55.99,55.01,55.38,230455,0.0
2018-05-24,55.37,56.03,55.01,55.82,272693,0.0
2018-05-28,55.58,55.99,54.8289,55.55,281787,0.0
2018-05-29,55.9,57.31,55.9,56.79,521436,0.0
2018-05-30,56.96,60.71,56.96,60.5,1279022,0.0
2018-05-31,60.71,62.22,59.685,61.63,1275600,0.0
2018-06-03,61.94,62.24,59.95,61.51,751398,0.0
2018-06-04,61.46,63.37,61.21,63.05,846485,0.0
2018-06-05,63.29,65.41,62.66,65.37,971792,0.0
2018-06-06,65.45,66.94,63.36,65.59,786280,0.0
2018-06-07,65.33,65.78,61.27,65.03,600979,0.0
2018-06-10,66.94,68.28,66.37,66.755,912413,0.0
2018-06-11,66.97,69.705,66.501,69.19,1090460,0.0
2018-06-12,69.12,69.58,67.1756,68.09,554205,0.0
2018-06-13,68.46,68.46,65.34,65.48,954651,0.0
2018-06-14,66,66.79,65.02,65.12,1067923,0.0
2018-06-17,64.34,65.88,63.6114,65.75,527719,0.0
2018-06-18,65.34,66.01,64.53,65.78,547258,0.0
2018-06-19,66.43,67.08,65.52,66.74,506377,0.0
2018-06-20,66.22,66.84,65.61,66.62,347221,0.0
2018-06-21,66.25,67.29,66.25,66.85,506441,0.0
2018-06-24,66.61,67.24,65.8,66.52,963342,0.0
2018-06-25,66.5,66.99,65.51,65.67,480560,0.0
2018-06-26,65.64,66.065,64.78,64.81,425513,0.0
2018-06-27,64.59,65.18,63.381,64.95,547767,0.0
2018-06-28,65.42,67.76,65.41,66.39,492682,0.0
2018-07-01,65.93,67.33,65.93,67.19,363516,0.0
2018-07-02,67.82,68.41,67.095,68.12,494198,0.0
2018-07-04,68.63,68.87,67.88,68.56,461660,0.0
2018-07-05,68.8,69.89,68.48,69.67,430550,0.0
2018-07-08,69.84,70,68.24,68.77,567465,0.0
2018-07-09,69.29,69.86,68.65,69.27,557517,0.0
2018-07-10,68.9,69.93,68.76,69.42,480691,0.0
2018-07-11,70,70.59,69.43,70.52,367659,0.0
2018-07-12,70.23,70.94,70.09,70.43,402257,0.0
2018-07-15,70.52,71.49,68.51,69,757455,0.0
2018-07-16,68.75,69,66.39,67.9,1531565,0.0
2018-07-17,68,68.49,66.51,68.02,965875,0.0
2018-07-18,67.85,70.65,66.56,70.51,909095,0.0
2018-07-19,70.6,71.315,69.87,70.26,604946,0.0
2018-07-22,69.98,70.75,69.5,69.58,395430,0.0
2018-07-23,70.34,70.86,69.15,69.72,622107,0.0
2018-07-24,69.85,72.02,69.15,70.91,763374,0.0
2018-07-25,70.45,71.59,69.83,71.25,518612,0.0
2018-07-26,73,74.68,70.11,73,1377199,0.0
2018-07-29,72.8,72.98,69.155,69.51,597712,0.0
2018-07-30,69.25,70.6,69.22,70.4,845379,0.0
2018-07-31,70.6,70.61,69.3201,69.7,433683,0.0
2018-08-01,69.12,71.99,69.1,71.69,576634,0.0
2018-08-02,71.63,72.5,71.38,71.38,433155,0.0
2018-08-05,71.4,71.72,70.51,71,263809,0.0
2018-08-06,71.45,72.98,69.31,72.96,738729,0.0
2018-08-07,73.04,73.74,72.0101,72.16,588579,0.0
2018-08-08,72.74,73.455,72.03,72.04,351464,0.0
2018-08-09,71.54,73.78,71.54,73.3,364002,0.0
2018-08-12,73.18,74.2523,72.86,73.84,381896,0.0
2018-08-13,74.02,74.72,73.3,74.65,493862,0.0
2018-08-14,73.91,74.23,73.27,73.91,411730,0.0
2018-08-15,74.26,74.74,72.9,74.21,395910,0.0
2018-08-16,74.35,74.76,73.62,74.59,349591,0.0
2018-08-19,74.61,74.87,73.96,74.43,272541,0.0
2018-08-20,74.59,75.42,74.57,75.31,470803,0.0
2018-08-21,75.12,76.48,75.04,75.87,364408,0.0
2018-08-22,75.87,76.1,74.8427,75.67,281125,0.0
2018-08-23,75.6,75.84,73.89,74.59,296357,0.0
2018-08-26,74.7,74.84,73.42,74.79,687755,0.0
2018-08-27,74.75,75.3856,74.43,75.08,406034,0.0
2018-08-28,74.82,76.79,74.38,76.345,393310,0.0
2018-08-29,76.15,77.005,76.1378,76.89,291735,0.0
2018-08-30,76.88,77.41,76.34,76.78,271488,0.0
2018-09-03,76.12,77.29,75.625,77.12,394896,0.0
2018-09-04,77.06,77.33,76.31,76.94,202631,0.0
2018-09-05,76.71,77.3,75.95,76.45,348153,0.0
2018-09-06,76.39,77.91,75.44,77.48,506589,0.0
2018-09-09,77.62,77.94,76.9025,77.84,431368,0.0
2018-09-10,77.44,78.8162,76.935,78.36,410483,0.0
2018-09-11,78.51,78.51,76.57,77.02,354334,0.0
2018-09-12,77.43,77.58,75.44,77.21,373232,0.0
2018-09-13,77.29,78.49,76.9,78.22,378228,0.0
2018-09-16,78.25,78.25,75.74,76.12,935669,0.0
2018-09-17,76.79,77.935,76.23,77.68,558806,0.0
2018-09-18,77.48,78.04,76.78,77.51,568463,0.0
2018-09-19,77.77,79.16,77.46,78.99,510400,0.0
2018-09-20,79.01,79.34,76.8,77.75,719578,0.0
2018-09-23,77.49,78.79,77.12,78.6,411900,0.0
2018-09-24,79.21,80.82,78.57,79.88,461820,0.0
2018-09-25,80.23,81.59,79.66,80.15,802863,0.0
2018-09-26,80.32,80.32,78.05,78.25,906291,0.0
2018-09-27,78.2,79.57,76.94,77.12,863997,0.0
2018-09-30,77.78,81.66,77.26,81.16,945387,0.0
2018-10-01,81.28,84.13,80.74,81.24,759933,0.0
2018-10-02,81.81,84.37,81.24,82.83,959486,0.0
2018-10-03,82.28,82.97,78.78,79.53,800275,0.0
2018-10-04,80.19,80.4825,78.15,78.47,585967,0.0
2018-10-07,78.02,78.26,76.22,77.0525,872766,0.0
2018-10-08,76.9,77.8,74.62,74.84,690596,0.0
2018-10-09,74.87,75.5039,71.47,71.56,816970,0.0
2018-10-10,71.14,71.9,69.2,70.9,1186935,0.0
2018-10-11,72.34,73.38,71.23,72.78,538409,0.0
2018-10-14,72.74,73.98,72.07,73.07,591771,0.0
2018-10-15,73.92,74.83,72.94,74.75,342611,0.0
2018-10-16,74.75,75.1,73.84,74.58,430197,0.0
2018-10-17,74.27,74.54,72.105,73.72,540789,0.0
2018-10-18,74.03,74.15,70.71,71.85,552745,0.0
2018-10-21,71.61,71.63,70,71.205,596406,0.0
2018-10-22,70.21,70.62,67.37,69.5912,634921,0.0
2018-10-23,69.66,69.985,63.54,63.67,795580,0.0
2018-10-24,64.06,66.8,63.9715,65.35,897447,0.0
2018-10-25,51.14,55.67,51.14,55.29,5065082,0.0
2018-10-28,57.02,57.23,52.7501,54.57,2812531,0.0
2018-10-29,54.05,54.495,50.71,54.45,1550618,0.0
2018-10-30,55.14,57.33,54.9,56.13,1079105,0.0
2018-10-31,56.36,58.77,56.145,58.09,824197,0.0
2018-11-01,58.35,59.33,55.14,56.4,674306,0.0
2018-11-04,56.54,57.66,55.09,57.31,531471,0.0
2018-11-05,57.04,58.39,56.51,58.06,590435,0.0
2018-11-06,58.58,61.1,58.02,60.96,565119,0.0
2018-11-07,60.8,62.44,60.53,60.56,569888,0.0
2018-11-08,60.43,60.615,57.27,58.13,496769,0.0
2018-11-11,57.99,58.47,54.51,54.985,567505,0.0
2018-11-12,55.42,56.77,54.75,54.89,808947,0.0
2018-11-13,55.07,55.63,52.175,53.01,1182683,0.0
2018-11-14,53.5,54.72,52.04,54.4,3108796,0.0
2018-11-15,54.63,58.5,54.04,57.4,3243342,0.0
2018-11-18,56.99,57.8189,56.09,57.07,1565868,0.0
2018-11-19,55.65,57.255,55.27,56.19,1033574,0.0
2018-11-20,56.88,57.65,55.79,57.24,634180,0.0
2018-11-22,56.88,58.97,56.83,58.28,239918,0.0
2018-11-25,59.24,59.25,56.6,57.51,1519302,0.0
2018-11-26,57.4,58.65,56.43,58.49,1824777,0.0
2018-11-27,58.79,61.4,58.1,61.35,1121018,0.0
2018-11-28,61.16,63.32,61.16,62.96,990536,0.0
2018-11-29,62.64,63.24,61.59,62.6,963499,0.0
2018-12-02,63.24,64.46,62.4,63.96,1143780,0.0
2018-12-03,63.75,64.39,61.02,61.09,789351,0.0
2018-12-05,60.11,62.79,59.22,62.06,1056211,0.0
2018-12-06,61.64,62.4923,59.65,59.99,546351,0.0
2018-12-09,59.74,60.98,58.51,60.74,617049,0.0
2018-12-10,61.36,62.78,59.69,60.95,508968,0.0
2018-12-11,61.7,62.74,61.08,61.95,313154,0.0
2018-12-12,61.86,62.88,60.29,60.95,478472,0.0
2018-12-13,60.41,61.02,59.66,60.57,373875,0.0
2018-12-16,59.99,60.98,58.15,58.6,644065,0.0
2018-12-17,59.18,59.18,54.73,56,1002702,0.0
2018-12-18,56.44,58.475,54.1,55.05,714986,0.0
2018-12-19,55.09,56.05,52.895,54.31,1012930,0.0
2018-12-20,54.71,54.99,52.25,52.41,972575,0.0
2018-12-23,52,53.39,51.5,52.58,446787,0.0
2018-12-25,52.57,56.82,52.07,56.78,600263,0.0
2018-12-26,56,56.72,54.03,56.53,501216,0.0
2018-12-27,56.85,57.14,55.25,55.79,384825,0.0
2018-12-30,56.47,57.61,55.5,56.36,450529,0.0
2019-01-01,55.45,58.28,54.3,57.43,459276,0.0
2019-01-02,57.73,58.41,56.21,56.475,534487,0.0
2019-01-03,57.41,60.1,56.8428,59.75,619788,0.0
2019-01-06,60.04,63.13,60,62.94,892035,0.0
2019-01-07,63.67,67.53,63.54,67.3,1358798,0.0
2019-01-08,67.84,71.17,67.35,69.4,1075022,0.0
2019-01-09,69.14,71.65,68.64,71.09,521949,0.0
2019-01-10,70.83,71.79,70.35,71.32,465880,0.0
2019-01-13,70.59,71.25,69.67,70.35,708924,0.0
2019-01-14,70.07,72.78,68.71,72.12,744000,0.0
2019-01-15,72.56,73.31,71.04,71.71,571006,0.0
2019-01-16,71.11,72.2,70.5832,71.16,469197,0.0
2019-01-17,72.37,73.51,71.2,73.45,750940,0.0
2019-01-21,72.3,73.26,69.98,70.75,590115,0.0
2019-01-22,69.81,72.08,68.4384,70.52,635679,0.0
2019-01-23,70.64,71.68,69.325,70.94,567552,0.0
2019-01-24,71.69,72.855,70.67,72.66,838689,0.0
2019-01-27,72,72.5,70.74,72.495,527606,0.0
2019-01-28,71.26,74.45,70.47,73.19,828937,0.0
2019-01-29,73.23,75.305,72.2,75.02,486200,0.0
2019-01-30,75.01,76.62,73.57,76.5046,586449,0.0
2019-01-31,75.92,78.06,75.43,77.03,790368,0.0
2019-02-03,75.88,77.19,75.0177,76.39,674950,0.0
2019-02-04,76.86,77.02,74.87,75.75,634534,0.0
2019-02-05,75.04,76.65,74.31,75.69,720914,0.0
2019-02-06,75.01,76.18,73.46,73.66,1086708,0.0
2019-02-07,67.43,67.43,63.69,64.89,3373218,0.0
2019-02-10,65.29,66.955,65.29,66.48,826410,0.0
2019-02-11,66.93,67.76,65.21,66.47,541805,0.0
2019-02-12,66.67,68.54,66.66,68.39,731568,0.0
2019-02-13,68.38,69.24,66.53,68.54,731902,0.0
2019-02-14,69.25,71.65,68.67,71.36,721490,0.0
2019-02-18,71.15,71.97,70.09,70.105,546103,0.0
2019-02-19,70.2,70.38,68.5527,69.81,433841,0.0
2019-02-20,69.66,69.66,68.02,69.1,293891,0.0
2019-02-21,69.25,71.29,68.72,71.28,363668,0.0
2019-02-24,71.9,73.915,71.41,72.66,431215,0.0
2019-02-25,72.34,72.8187,71.4,71.45,366435,0.0
2019-02-26,71,73.985,70.73,73.59,530235,0.0
2019-02-27,73.39,74.715,71.99,74.28,551885,0.0
2019-02-28,74.75,74.87,74.02,74.68,397962,0.0
2019-03-03,74.26,75.22,71.31,72,609598,0.0
2019-03-04,72,73.78,70.81,71.87,600736,0.0
2019-03-05,71.59,71.89,69.05,69.39,420557,0.0
2019-03-06,69.35,69.81,67.81,68.9,307277,0.0
2019-03-07,68.68,70.01,67.99,69.22,426629,0.0
2019-03-10,69.46,71.17,68.48,70.99,559299,0.0
2019-03-11,71.46,71.5,70.235,70.89,374660,0.0
2019-03-12,71.01,73.36,70.825,72.96,545545,0.0
2019-03-13,73.06,74.32,72.66,73.58,324059,0.0
2019-03-14,75.53,75.745,74.01,74.62,547306,0.0
2019-03-17,74.73,75.29,72.7,73.46,395438,0.0
2019-03-18,73.63,73.8963,72.67,72.77,303778,0.0
2019-03-19,72.78,73.8,72.19,72.84,240170,0.0
2019-03-20,72.26,75.47,71.69,75.37,573501,0.0
2019-03-21,74.01,75.31,73.08,74,681838,0.0
2019-03-24,73.67,74.41,71.12,73.88,714472,0.0
2019-03-25,74.44,76.08,73.53,75.28,555739,0.0
2019-03-26,75.74,76.695,73.92,75.17,583941,0.0
2019-03-27,75.87,77.52,69.66,71.75,3049327,0.0
2019-03-28,72.5,74.35,71.5748,73.26,939081,0.0
2019-03-31,73.7,74.54,72.915,73.58,586048,0.0
2019-04-01,73.39,75,72.995,74.52,813189,0.0
2019-04-02,74.82,74.83,72.96,73.71,698518,0.0
2019-04-03,73.68,74.4195,71.73,73.8,867177,0.0
2019-04-04,74.88,79.57,74.88,79.37,1691053,0.0
2019-04-07,78.75,80.16,77.21,80.06,1174228,0.0
2019-04-08,79.86,81.4013,79.22,79.4,804829,0.0
2019-04-09,79.7,81.25,79.15,80.94,755195,0.0
2019-04-10,80.75,80.76,77.89,78.31,634296,0.0
2019-04-11,78.89,79.53,77.765,78.13,662545,0.0
2019-04-14,78.33,79.49,76.51,77.595,486649,0.0
2019-04-15,77.81,78.6,76.06,76.62,648729,0.0
2019-04-16,77.01,77.04,70.56,70.8,1086766,0.0
2019-04-17,70.95,72,68.44,69.1,1540813,0.0
2019-04-21,68.69,69.48,67.97,68.76,798463,0.0
2019-04-22,68.86,70.79,67.93,70.72,1445280,0.0
2019-04-23,70.98,70.98,69.16,69.18,652005,0.0
2019-04-24,70.1,71.53,68.65,71.17,594865,0.0
2019-04-25,69,69.7,66.05,68.49,1542408,0.0
2019-04-28,68.44,69.915,67.75,68.55,664029,0.0
2019-04-29,68.6,69.67,67.51,67.82,762266,0.0
2019-04-30,67.82,68.55,66.815,67,642040,0.0
2019-05-01,66.77,68.19,66,66.9,459055,0.0
2019-05-02,67.33,67.68,66.52,67.2,449010,0.0
2019-05-05,66.11,68.61,66.08,68.43,372178,0.0
2019-05-06,67.7,68.87,66.97,67.61,447374,0.0
2019-05-07,67.29,69.01,66.945,68.185,308431,0.0
2019-05-08,67.64,68.27,66.24,67.86,347752,0.0
2019-05-09,67.38,68.97,65.58,67.75,350618,0.0
2019-05-12,66.08,66.66,63.53,63.93,579504,0.0
2019-05-13,64.16,65.4303,63.47,63.97,429701,0.0
2019-05-14,63.54,64.27,62.9,63.91,420073,0.0
2019-05-15,64.5,66.63,64.21,66.03,359748,0.0
2019-05-16,65.22,67.28,65.22,66.39,474089,0.0
2019-05-19,65.81,66,64.02,64.39,397847,0.0
2019-05-20,64.76,67.25,64.76,67.14,317360,0.0
2019-05-21,66.9,69.34,64.38,68.6,675793,0.0
2019-05-22,67.98,68.47,66.94,68.06,582967,0.0
2019-05-23,68.41,70.17,67.6338,69.16,542469,0.0
2019-05-27,69.38,70.13,68.15,68.41,553799,0.0
2019-05-28,68.23,68.24,66.65,67.3,585259,0.0
2019-05-29,67.5,68.12,66.765,67.61,525084,0.0
2019-05-30,66.6,67.36,64.84,64.95,599615,0.0
2019-06-02,65.55,68.2586,65.07,67.85,585201,0.0
2019-06-03,68.77,69.49,67.455,69.49,465778,0.0
2019-06-04,69.28,70.43,68.95,69.86,409812,0.0
2019-06-05,69.91,70.45,68.945,68.96,459235,0.0
2019-06-06,69.39,70.74,68.9764,70.6,334383,0.0
2019-06-09,70.88,71.68,67.56,67.97,578720,0.0
2019-06-10,68.69,68.96,66.37,66.46,461851,0.0
2019-06-11,66.4,67.07,66.01,66.64,445263,0.0
2019-06-12,67.15,69.01,65.46,69,976821,0.0
2019-06-13,68.96,69.49,67.765,68.49,1079958,0.0
2019-06-16,68.6,72.24,68.6,71.58,663710,0.0
2019-06-17,72.44,73.56,71.67,73.16,568586,0.0
2019-06-18,73.31,73.64,71.78,72.34,329122,0.0
2019-06-19,73.44,74.14,72.2,72.36,370971,0.0
2019-06-20,72.43,73.18,70.82,71.74,518842,0.0
2019-06-23,72.2,72.2,70.11,70.66,488112,0.0
2019-06-24,71.12,71.44,68.88,69.01,558645,0.0
2019-06-25,68.93,70.225,67.52,67.61,453083,0.0
2019-06-26,67.73,68.12,67.25,67.3,738912,0.0
2019-06-27,67.77,69.27,67.5426,69.22,483620,0.0
2019-06-30,70.42,71.14,67.12,68.32,724789,0.0
2019-07-01,68.35,69.41,67.62,68.81,457493,0.0
2019-07-02,68.89,70.98,68.68,70.4,478922,0.0
2019-07-04,70.35,70.51,68.695,69.11,507883,0.0
2019-07-07,68.66,68.66,66.17,67.1,742079,0.0
2019-07-08,67.11,70.66,66.74,69.88,1446032,0.0
2019-07-09,70.12,70.44,66.15,66.26,1130301,0.0
2019-07-10,66.58,67.14,64.515,65.17,955284,0.0
2019-07-11,65.13,65.1528,63.58,63.78,822080,0.0
2019-07-14,63.8,65.03,63.5,63.99,843067,0.0
2019-07-15,64.34,65.37,63.02,63.15,1008569,0.0
2019-07-16,69.89,76.07,69,75.17,5708466,0.0
2019-07-17,74.56,76.89,74.2762,76.7,1894942,0.0
2019-07-18,76.13,77.06,74.69,75.07,1347850,0.0
2019-07-21,75.07,76.43,74.89,76.08,673846,0.0
2019-07-22,76.45,76.96,75.04,75.89,605041,0.0
2019-07-23,69.23,73.72,69,73.58,5843564,0.0
2019-07-24,73.91,74.43,72.49,73.36,2139329,0.0
2019-07-25,73.93,74.69,73.41,74.495,758475,0.0
2019-07-28,74.8,76.065,73.935,76.03,625898,0.0
2019-07-29,75.07,76.13,75,75.53,561485,0.0
2019-07-30,75.64,76.36,74.645,75.72,612730,0.0
2019-07-31,76.11,77.55,74.89,75.31,675431,0.0
2019-08-01,74.87,75.39,74.17,75.28,660812,0.0
2019-08-04,73.92,73.92,72.51,73.04,604988,0.0
2019-08-05,74.03,75.23,73.16,75.15,387915,0.0
2019-08-06,74.58,75.62,73.96,74.81,477592,0.0
2019-08-07,75.37,77.27,74.43,77.01,456366,0.0
2019-08-08,76.91,77.62,75.72,76.74,340223,0.0
2019-08-11,76.74,77.33,75.19,76.09,470516,0.0
2019-08-12,76.45,79.44,76.34,78.76,899232,0.0
2019-08-13,77.52,78.2,76.005,76.97,660125,0.0
2019-08-14,77.11,77.96,76.12,76.7,517469,0.0
2019-08-15,77.67,79.56,77.67,79.09,433131,0.0
2019-08-18,80,80,76.47,79.33,748720,0.0
2019-08-19,79.37,80.15,78.14,78.63,458457,0.0
2019-08-20,79.53,80.29,78.51,80.05,287914,0.0
2019-08-21,79.97,80.06,77.03,78.26,384523,0.0
2019-08-22,78.33,78.82,75.73,76.4,392679,0.0
2019-08-25,76.9,77.02,75.56,76.09,684189,0.0
2019-08-26,76.95,77.76,74.54,74.82,477053,0.0
2019-08-27,74.23,74.28,72.13,73.23,680440,0.0
2019-08-28,73.54,73.98,72.35,73.2,421836,0.0
2019-08-29,73.3,73.485,72.06,72.64,269136,0.0
2019-09-02,72.07,72.78,69.51,70.13,698246,0.0
2019-09-03,70.43,71.45,70.06,71.39,534196,0.0
2019-09-04,72.11,72.11,71.065,71.36,295210,0.0
2019-09-05,71.55,71.93,70.37,70.47,295547,0.0
2019-09-08,70.44,70.44,67.54,67.73,587806,0.0
2019-09-09,67.25,68.82,65.44,68.64,835809,0.0
2019-09-10,68.97,71.41,68.17,70.77,507337,0.0
2019-09-11,72.4,72.625,69.8,70.9,536772,0.0
2019-09-12,70.68,71.68,70.24,70.52,469846,0.0
2019-09-15,69.37,71.75,68.7424,71.12,404836,0.0
2019-09-16,70.8,72.18,69.8922,71.99,508217,0.0
2019-09-17,72.23,73.04,71.7,72.82,455667,0.0
2019-09-18,73.02,73.3488,72.53,72.72,325795,0.0
2019-09-19,73.15,74.39,72.7,74.06,711236,0.0
2019-09-22,73.81,75.69,73.655,74.73,462291,0.0
2019-09-23,75.07,75.95,73.05,73.76,441713,0.0
2019-09-24,73.08,74.68,73.08,73.66,576622,0.0
2019-09-25,73.82,74.68,72.27,72.63,480268,0.0
2019-09-26,76.7,79.21,75.49,76.05,1978298,0.0
2019-09-29,79.17,88.2,78.32,85.4,3604360,0.0
2019-09-30,85.6,87.98,83.74,85.99,1596688,0.0
2019-10-01,85.26,85.74,83.04,84.54,984882,0.0
2019-10-02,83.85,86.25,83.85,84.99,735729,0.0
2019-10-03,84.53,85.87,82.63,84.32,1897139,0.0
2019-10-06,83.97,85.68,83.66,84.44,1885214,0.0
2019-10-07,84.02,84.1,80.82,80.83,1822317,0.0
2019-10-08,81.35,81.74,79.34,79.93,1114726,0.0
2019-10-09,80.42,81.69,80.02,81.49,1617321,0.0
2019-10-10,81.78,83.55,81.78,82.59,1765866,0.0
2019-10-13,82.43,83.61,82.01,82.39,751740,0.0
2019-10-14,82.7,83.4,82.01,83.36,1645409,0.0
2019-10-15,83.26,84.57,82.54,83.85,1583250,0.0
2019-10-16,84.89,86.48,84.21,85.94,1440441,0.0
2019-10-17,86.05,88.68,84.91,87.3,2095636,0.0
2019-10-20,99.305,102.84,98.54,100.85,5103803,0.0
2019-10-21,100.96,102.42,97.61,98.65,1048989,0.0
2019-10-22,97.46,100.31,96.84,99.84,1045174,0.0
2019-10-23,100.69,101.3,99.27,100.27,726819,0.0
2019-10-24,99.32,102.72,99.32,102.6,700311,0.0
2019-10-27,102.54,105.95,101.59,105.82,1116668,0.0
2019-10-28,105.75,108.79,104.43,105.23,852401,0.0
2019-10-29,104.1,106.3899,102.02,104.68,1305894,0.0
2019-10-30,104.13,107.46,103.27,107.3,858779,0.0
2019-10-31,107.48,107.545,105.51,106.5,800649,0.0
2019-11-03,106.9,107.85,106.15,106.42,786951,0.0
2019-11-04,107.07,107.19,105.78,106.34,369285,0.0
2019-11-05,106.32,108.16,105.11,108.06,879760,0.0
2019-11-06,108.25,108.38,103.69,104.06,760136,0.0
2019-11-07,104.13,108.6,103.22,108.34,681576,0.0
2019-11-10,107.8,108.95,106.8447,108.3,552439,0.0
2019-11-11,108.67,111.8,107.68,110.64,1011743,0.0
2019-11-12,110.5,113.12,108.53,112.15,986243,0.0
2019-11-13,112.2,113.43,111.575,113.29,1156395,0.0
2019-11-14,113.96,114.81,113.05,114.71,820555,0.0
2019-11-17,115.1,117,115,115.72,810653,0.0
2019-11-18,116.03,118.31,114.55,117.86,1250858,0.0
2019-11-19,117.47,122.26,117.47,120.73,1210784,0.0
2019-11-20,120.37,120.9163,118.102,119.81,1074657,0.0
2019-11-21,120.44,120.44,117.89,118.82,1012385,0.0
2019-11-24,120.48,122.36,119.71,121.62,801228,0.0
2019-11-25,122.07,122.22,119.77,120.58,1010284,0.0
2019-11-26,120.62,121.53,119.475,121.02,813911,0.0
2019-11-28,120.99,121.35,120.09,120.28,221426,0.0
2019-12-01,120.74,121.34,116.61,117.23,1320719,0.0
2019-12-02,116,119.5,115.95,118.92,1095782,0.0
2019-12-03,119.02,119.7795,118.14,118.32,773345,0.0
2019-12-04,118.64,118.82,116.64,117.18,719812,0.0
2019-12-05,117.89,118.015,116.44,117.44,523890,0.0
2019-12-08,117.75,118.225,113.25,114.2,1086171,0.0
2019-12-09,114,114.67,113.05,113.99,1216650,0.0
2019-12-10,113.66,115.41,111.2,111.35,1221318,0.0
2019-12-11,111.59,112.76,110.4038,112.23,914691,0.0
2019-12-12,112.47,114.86,111.68,113.89,927312,0.0
2019-12-15,114.07,117.49,114,114.8,1159752,0.0
2019-12-16,115.2,115.27,112.8,113.22,743629,0.0
2019-12-17,113.96,115.1599,111.89,112.75,835915,0.0
2019-12-18,118.5,119.3699,112.95,114.88,1268392,0.0
2019-12-19,115,117.8,114.52,117.36,1549865,0.0
2019-12-22,118.32,118.73,114.57,115.18,865292,0.0
2019-12-23,115.21,115.94,115.1575,115.44,464485,0.0
2019-12-25,115.17,116.19,113.32,113.381,360224,0.0
2019-12-26,113.73,114.27,112.51,113.42,422084,0.0
2019-12-29,113.69,114.55,112.14,114.15,420489,0.0
2019-12-30,113.9,114.49,113.17,114.24,395681,0.0
2020-01-01,113.69,114.85,111.35,112.41,774827,0.0
2020-01-02,110.74,113.95,109.95,112.66,486254,0.0
2020-01-05,111.83,112.19,110.22,111,734632,0.0
2020-01-06,111.22,112.6,109.99,111.44,670866,0.0
2020-01-07,111.7,112.42,110.77,111.12,637454,0.0
2020-01-08,112.2,112.64,110.92,111.82,534225,0.0
2020-01-09,111.98,114.48,111.87,112.49,723965,0.0
2020-01-12,112.23,112.23,104.24,105.44,1557734,0.0
2020-01-13,104.85,109.09,104.54,107.72,1048354,0.0
2020-01-14,108.55,108.7839,106.065,106.64,594233,0.0
2020-01-15,107.33,107.74,105.89,107.56,926999,0.0
2020-01-16,108.07,109.03,107.08,109.01,631674,0.0
2020-01-20,108.38,109.795,108.22,108.67,1060492,0.0
2020-01-21,108.86,111.79,108.11,111.73,1117335,0.0
2020-01-22,111.9,115.75,111,115.35,1955855,0.0
2020-01-23,115.18,118.655,112.29,113.57,3547954,0.0
2020-01-26,112.2,112.525,108.87,110.47,793303,0.0
2020-01-27,111.71,113.33,110.69,112.86,746563,0.0
2020-01-28,112.61,112.928,109.54,111.92,529215,0.0
2020-01-29,111.1,111.94,108.82,109.87,584667,0.0
2020-01-30,109.23,111.3005,107.14,108.39,662560,0.0
2020-02-02,108.51,110.46,107.82,108.81,701353,0.0
2020-02-03,110.45,111.66,108,111.47,825473,0.0
2020-02-04,113.45,119.71,113.15,118.26,999663,0.0
2020-02-05,118.73,120.275,117.73,118.63,1037588,0.0
2020-02-06,111.23,118.33,111,117.41,1520715,0.0
2020-02-09,116.7,116.78,112.81,116.49,1245962,0.0
2020-02-10,117.86,124.32,116.92,117.95,974582,0.0
2020-02-11,118.23,119.22,116.59,118.09,699068,0.0
2020-02-12,117.77,119.04,117.47,118.21,363865,0.0
2020-02-13,118.4,118.6,116.28,118.14,530919,0.0
2020-02-17,116.33,120.47,116.12,119.95,960001,0.0
2020-02-18,121,121.74,119.61,119.8,580171,0.0
2020-02-19,119.49,119.91,115.66,118.36,742434,0.0
2020-02-20,118.34,119.82,116.55,117,774587,0.0
2020-02-23,115.25,117.805,110.77,116,1045747,0.0
2020-02-24,116.05,116.8,111.52,112.48,933535,0.0
2020-02-25,113.69,116.81,110.88,112.1,1124733,0.0
2020-02-26,111.36,113.06,106.31,108.23,962381,0.0
2020-02-27,104.52,114.235,104.51,113.86,984785,0.0
2020-03-01,108.17,111.96,102.03,111.84,3118255,0.0
2020-03-02,110.91,112.22,106.57,107.39,989199,0.0
2020-03-03,109.92,115.98,109,115.85,929266,0.0
2020-03-04,112.89,119.69,111.745,118.853,992084,0.0
2020-03-05,114.8,116.47,111.9,114.92,912342,0.0
2020-03-08,108.88,113.25,105.01,106.95,2221822,0.0
2020-03-09,108.69,108.98,102.65,107.44,1589347,0.0
2020-03-10,104.91,107.67,103.54,104.57,2580248,0.0
2020-03-11,95.0035,106.8,93,96.99,2821350,0.0
2020-03-12,101.01,103.45,91,102.72,3654860,0.0
2020-03-15,95.33,101.2,90.57,95.66,3027518,0.0
2020-03-16,97.97,101.61,95.18,100.71,1491034,0.0
2020-03-17,96.88,103.65,91.75,96.36,2070978,0.0
2020-03-18,96.06,103.86,94.315,100,895070,0.0
2020-03-19,100.01,106.57,99.3,99.9,1638211,0.0
2020-03-22,101.75,103.37,94.35,98.95,2245173,0.0
2020-03-23,102.65,105,97.5,101.86,1344815,0.0
2020-03-24,100.9,107.84,98.5,105.4,990567,0.0
2020-03-25,105.52,116.29,104.5,116.135,2106642,0.0
2020-03-26,113.77,115.95,108.23,108.92,860531,0.0
2020-03-29,110.61,115.69,110.61,115.29,589330,0.0
2020-03-30,114.87,117.98,113,115.23,1545686,0.0
2020-03-31,111.63,114.93,110.4,111.23,668848,0.0
2020-04-01,109.4,119,109.4,118.52,1093630,0.0
2020-04-02,117.25,119.44,115.94,116.54,903723,0.0
2020-04-05,121.66,124.76,118.43,124.47,1802952,0.0
2020-04-06,126.16,128,120.655,121.53,1600790,0.0
2020-04-07,122.52,122.52,118.51,119.67,1628280,0.0
2020-04-08,119,121.59,117.99,120.31,1164826,0.0
2020-04-12,119.81,121.14,117.91,120.14,367247,0.0
2020-04-13,123.04,124.49,118.28,123.78,772975,0.0
2020-04-14,124.09,126.98,121.95,125.01,2544747,0.0
2020-04-15,127,133.99,126.5521,133.42,2539224,0.0
2020-04-16,135.75,136.97,131.74,136.95,2954320,0.0
2020-04-19,138.94,145.909,137.5,142.55,2962473,0.0
2020-04-20,141.98,142.9027,137.26,137.37,2559940,0.0
2020-04-21,139.96,140.56,138.5,139.07,2187108,0.0
2020-04-22,139.27,145.94,138.73,140.85,2358171,0.0
2020-04-23,141.01,146.32,139.55,146.04,1497339,0.0
2020-04-26,150,150,146,147.61,2058830,0.0
2020-04-27,147.23,148.4899,142.575,143.36,600321,0.0
2020-04-28,144.19,144.88,137.81,138.01,887405,0.0
2020-04-29,138.99,140.9,136.7027,137.28,3297332,0.0
2020-04-30,141,157,140.05,145.64,2652245,0.0
2020-05-03,145.01,155.89,145.01,155.56,3441292,0.0
2020-05-04,163.119,168.1,160.5,165.46,1865508,0.0
2020-05-05,166.43,167.51,163.0801,164.39,1608484,0.0
2020-05-06,168,168,163.05,163.26,1235723,0.0
2020-05-07,163.48,164,152.85,157.52,6193160,0.0
2020-05-10,155.69,161.8699,154.23,161.04,1601251,0.0
2020-05-11,162.52,166.95,158.6822,161.54,1334446,0.0
2020-05-12,163.72,164.72,156.31,157.84,2390302,0.0
2020-05-13,157.66,162.23,156.04,160.135,1634694,0.0
2020-05-14,158.27,163.52,158.27,160.44,979015,0.0
2020-05-17,162.41,162.76,156.95,158.81,1794112,0.0
2020-05-18,160.47,162.1012,157,157.2,800810,0.0
2020-05-19,158.38,159.01,154.525,155.79,1153886,0.0
2020-05-20,155.9,156.295,152.19,154.3,923935,0.0
2020-05-21,156.38,158,153.93,155.78,1031235,0.0
2020-05-25,159.32,159.96,151.59,151.59,4822670,0.0
2020-05-26,151.49,153.57,143.9481,152.97,1904113,0.0
2020-05-27,151.94,153.49,150.94,151.56,1016952,0.0
2020-05-28,154.92,157.38,150.9,157.27,2159896,0.0
2020-05-31,156.9,162.22,156.19,159.03,2722690,0.0
2020-06-01,159.47,161.15,156.26,160.87,759168,0.0
2020-06-02,159.09,160.25,154.02,155.05,2244852,0.0
2020-06-03,154.05,155.87,148.91,150.34,1214079,0.0
2020-06-04,149.5,151.84,145.625,148.39,2569318,0.0
2020-06-07,146.55,151.765,144.3,150.86,3189692,0.0
2020-06-08,152.82,154.85,148.63,148.95,2271765,0.0
2020-06-09,152.04,157.95,151.975,156.7,2509094,0.0
2020-06-10,154.4,156.21,148.43,148.55,965942,0.0
2020-06-11,150.11,151.52,148.53,148.88,200024,0.0
2020-06-14,149.88,156.1,149.14,155.561,690126,0.0
2020-06-15,157.15,157.48,152.545,156.79,1205330,0.0
2020-06-16,158.05,161,157.3255,158.4,1788333,0.0
2020-06-17,157.69,160.55,157.69,159.87,460308,0.0
2020-06-18,160.66,169.88,160.4135,169.88,1334001,0.0
2020-06-21,171,173.99,167,171.03,979794,0.0
2020-06-22,171.31,175.64,170.36,171.12,844896,0.0
2020-06-23,171.4,173.93,164.56,164.71,976646,0.0
2020-06-24,165.18,168.3,163.7395,167.89,643131,0.0
2020-06-25,169,169,164.12,165.77,724501,0.0
2020-06-28,165.78,166.58,163.23,164.49,851464,0.0
2020-06-29,167.5,170.25,164.09,169.88,1436247,0.0
2020-06-30,170.18,172.88,164.46,167.49,949664,0.0
2020-07-01,167.75,170.36,166.02,169.03,710583,0.0
