Date,Open,High,Low,Close,Volume,OpenInterest
2016-07-13,4.11,4.16,4.1,4.14,44896269,0.0
2016-07-14,4.16,4.16,4.12,4.16,39893859,0.0
2016-07-17,4.15,4.19,4.14,4.175,41808080,0.0
2016-07-18,4.16,4.19,4.14,4.17,48733205,0.0
2016-07-19,4.17,4.2,4.14,4.175,42202496,0.0
2016-07-20,4.17,4.2,4.155,4.16,39208267,0.0
2016-07-21,4.17,4.22,4.15,4.215,31141138,0.0
2016-07-24,4.21,4.23,4.13,4.145,59958836,0.0
2016-07-25,4.28,4.41,4.2,4.345,126884683,0.0
2016-07-26,4.34,4.43,4.32,4.405,59127200,0.0
2016-07-27,4.39,4.42,4.32,4.36,53866754,0.0
2016-07-28,4.34,4.44,4.34,4.38,47884493,0.0
2016-07-31,4.39,4.4,4.33,4.34,60279747,0.0
2016-08-01,4.32,4.325,4.2,4.23,86847758,0.0
2016-08-02,4.22,4.27,4.21,4.23,61673948,0.0
2016-08-03,4.23,4.28,4.2,4.225,67631770,0.0
2016-08-04,4.25,4.29,4.22,4.235,85680778,0.0
2016-08-07,4.25,4.26,4.17,4.225,49905386,0.0
2016-08-08,4.23,4.2363,4.175,4.19,45661684,0.0
2016-08-09,4.19,4.23,4.18,4.215,23182716,0.0
2016-08-10,4.22,4.28,4.21,4.235,24046685,0.0
2016-08-11,4.22,4.25,4.2,4.205,16680088,0.0
2016-08-14,4.22,4.26,4.21,4.235,35031837,0.0
2016-08-15,4.22,4.24,4.2,4.205,52267182,0.0
2016-08-16,4.21,4.24,4.19,4.23,46559800,0.0
2016-08-17,4.24,4.25,4.17,4.185,51147829,0.0
2016-08-18,4.17,4.2,4.15,4.19,38121953,0.0
2016-08-21,4.17,4.2,4.15,4.18,52402105,0.0
2016-08-22,4.19,4.22,4.17,4.18,53059683,0.0
2016-08-23,4.2,4.205,4.12,4.145,48255446,0.0
2016-08-24,4.13,4.2,4.12,4.155,62447651,0.0
2016-08-25,4.19,4.2,4.11,4.17,67727498,0.0
2016-08-28,4.17,4.2,4.15,4.16,62555439,0.0
2016-08-29,4.18,4.19,4.15,4.165,41036980,0.0
2016-08-30,4.17,4.18,4.12,4.15,38014098,0.0
2016-08-31,4.16,4.19,4.12,4.155,58344001,0.0
2016-09-01,4.18,4.19,4.15,4.18,56215252,0.0
2016-09-05,4.17,4.18,4.14,4.155,63913787,0.0
2016-09-06,4.16,4.19,4.15,4.18,58367376,0.0
2016-09-07,4.17,4.21,4.15,4.195,43738744,0.0
2016-09-08,4.19,4.2,4.1,4.105,53553302,0.0
2016-09-11,4.09,4.16,4.07,4.15,45917735,0.0
2016-09-12,4.12,4.15,4.07,4.09,63207335,0.0
2016-09-13,4.09,4.12,4.07,4.095,47559785,0.0
2016-09-14,4.09,4.17,4.07,4.165,55792830,0.0
2016-09-15,4.15,4.15,4.1,4.105,45232271,0.0
2016-09-18,4.12,4.17,4.11,4.14,50786099,0.0
2016-09-19,4.14,4.16,4.11,4.13,39464536,0.0
2016-09-20,4.13,4.19,4.12,4.175,50271919,0.0
2016-09-21,4.19,4.22,4.18,4.205,48512373,0.0
2016-09-22,4.2,4.22,4.18,4.2,41967057,0.0
2016-09-25,4.18,4.19,4.1548,4.16,44056951,0.0
2016-09-26,4.16,4.19,4.15,4.16,21399475,0.0
2016-09-27,4.16,4.18,4.15,4.17,44877175,0.0
2016-09-28,4.16,4.2,4.14,4.14,45420639,0.0
2016-09-29,4.17,4.19,4.15,4.18,34636373,0.0
2016-10-02,4.17,4.21,4.17,4.195,44692660,0.0
2016-10-03,4.2,4.22,4.15,4.175,43770319,0.0
2016-10-04,4.18,4.19,4.16,4.165,30303272,0.0
2016-10-05,4.16,4.17,4.14,4.155,31088311,0.0
2016-10-06,4.17,4.17,4.12,4.155,39084437,0.0
2016-10-09,4.16,4.18,4.13,4.13,32297540,0.0
2016-10-10,4.14,4.14,4.07,4.085,43494150,0.0
2016-10-11,4.09,4.11,4.07,4.105,39886616,0.0
2016-10-12,4.09,4.11,4.05,4.1,40954869,0.0
2016-10-13,4.11,4.14,4.1,4.105,43387925,0.0
2016-10-16,4.11,4.13,4.08,4.1,51384302,0.0
2016-10-17,4.12,4.14,4.1,4.1,30981398,0.0
2016-10-18,4.1,4.15,4.1,4.14,33094932,0.0
2016-10-19,4.14,4.16,4.12,4.125,45332949,0.0
2016-10-20,4.13,4.15,4.11,4.145,25417071,0.0
2016-10-23,4.16,4.19,4.15,4.165,51872888,0.0
2016-10-24,4.16,4.19,4.15,4.185,35037638,0.0
2016-10-25,4.19,4.25,4.17,4.24,62843991,0.0
2016-10-26,4.27,4.27,4.07,4.115,96953852,0.0
2016-10-27,4.09,4.15,4.09,4.105,73229462,0.0
2016-10-30,4.11,4.17,4.1,4.165,48033118,0.0
2016-10-31,4.18,4.19,4.14,4.16,50759289,0.0
2016-11-01,4.16,4.18,4.12,4.13,42238196,0.0
2016-11-02,4.14,4.16,4.12,4.12,46398985,0.0
2016-11-03,4.12,4.18,4.11,4.135,45141159,0.0
2016-11-06,4.16,4.22,4.15,4.21,37318779,0.0
2016-11-07,4.21,4.29,4.21,4.27,48394412,0.0
2016-11-08,4.14,4.33,4.13,4.29,63942660,0.0
2016-11-09,4.3,4.37,4.28,4.31,61149384,0.0
2016-11-10,4.28,4.38,4.27,4.36,45839324,0.0
2016-11-13,4.36,4.56,4.36,4.485,76031398,0.0
2016-11-14,4.49,4.6,4.44,4.575,77826764,0.0
2016-11-15,4.57,4.58,4.51,4.52,42678952,0.0
2016-11-16,4.51,4.59,4.505,4.575,20646505,0.0
2016-11-17,4.56,4.62,4.56,4.56,15951775,0.0
2016-11-20,4.56,4.59,4.55,4.57,28380080,0.0
2016-11-21,4.58,4.65,4.54,4.615,27101092,0.0
2016-11-22,4.63,4.65,4.59,4.59,14102072,0.0
2016-11-24,4.59,4.63,4.58,4.61,9851120,0.0
2016-11-27,4.58,4.61,4.54,4.545,20152334,0.0
2016-11-28,4.56,4.63,4.55,4.61,28558476,0.0
2016-11-29,4.62,4.65,4.56,4.57,23437867,0.0
2016-11-30,4.57,4.61,4.51,4.555,29495455,0.0
2016-12-01,4.53,4.6,4.22,4.3,90882147,0.0
2016-12-04,4.32,4.37,4.285,4.32,46344783,0.0
2016-12-05,4.33,4.42,4.32,4.42,26176301,0.0
2016-12-06,4.4,4.55,4.38,4.505,29099200,0.0
2016-12-07,4.51,4.57,4.48,4.55,21800502,0.0
2016-12-08,4.57,4.58,4.52,4.535,22789044,0.0
2016-12-11,4.51,4.54,4.45,4.47,19563938,0.0
2016-12-12,4.47,4.54,4.47,4.525,29303051,0.0
2016-12-13,4.51,4.59,4.49,4.515,27402233,0.0
2016-12-14,4.52,4.55,4.48,4.495,24756796,0.0
2016-12-15,4.51,4.54,4.48,4.515,24516518,0.0
2016-12-18,4.52,4.54,4.51,4.525,25744192,0.0
2016-12-19,4.52,4.56,4.52,4.535,15640639,0.0
2016-12-20,4.54,4.57,4.52,4.535,14229513,0.0
2016-12-21,4.52,4.55,4.5,4.51,10340244,0.0
2016-12-22,4.51,4.53,4.51,4.51,10496820,0.0
2016-12-26,4.5,4.58,4.5,4.52,19134805,0.0
2016-12-27,4.53,4.55,4.5,4.5,14422323,0.0
2016-12-28,4.49,4.52,4.46,4.475,17881599,0.0
2016-12-29,4.48,4.5,4.42,4.45,33556478,0.0
2017-01-02,4.49,4.509,4.4,4.44,28654328,0.0
2017-01-03,4.46,4.55,4.4533,4.535,25839527,0.0
2017-01-04,4.56,4.64,4.56,4.63,33849156,0.0
2017-01-05,4.65,4.65,4.56,4.56,24530756,0.0
2017-01-08,4.56,4.61,4.535,4.58,31119811,0.0
2017-01-09,4.6,4.665,4.57,4.625,18745763,0.0
2017-01-10,4.62,4.63,4.55,4.575,30489828,0.0
2017-01-11,4.59,4.61,4.52,4.575,18705660,0.0
2017-01-12,4.58,4.64,4.5799,4.6,23902491,0.0
2017-01-16,4.59,4.605,4.56,4.57,11771240,0.0
2017-01-17,4.59,4.6,4.54,4.585,18757817,0.0
2017-01-18,4.58,4.6,4.55,4.575,13351191,0.0
2017-01-19,4.6,4.61,4.57,4.59,13607794,0.0
2017-01-22,4.6,4.62,4.58,4.59,13874337,0.0
2017-01-23,4.58,4.63,4.58,4.62,18641759,0.0
2017-01-24,4.65,4.7,4.645,4.675,15419433,0.0
2017-01-25,4.69,4.76,4.68,4.75,21784000,0.0
2017-01-26,4.79,4.8,4.74,4.75,21569915,0.0
2017-01-29,4.73,4.76,4.69,4.755,22568705,0.0
2017-01-30,4.79,4.79,4.71,4.73,16829866,0.0
2017-01-31,4.74,4.78,4.72,4.765,27512698,0.0
2017-02-01,4.82,4.82,4.73,4.75,26381156,0.0
2017-02-02,4.75,4.8,4.75,4.8,14128432,0.0
2017-02-05,4.81,4.81,4.765,4.77,12387776,0.0
2017-02-06,4.78,4.79,4.71,4.71,17415252,0.0
2017-02-07,4.74,4.74,4.67,4.69,16036178,0.0
2017-02-08,4.72,4.74,4.69,4.705,18158856,0.0
2017-02-09,4.71,4.74,4.69,4.73,16503537,0.0
2017-02-12,4.74,4.76,4.72,4.76,12339449,0.0
2017-02-13,4.77,4.78,4.73,4.74,18869227,0.0
2017-02-14,4.83,4.92,4.76,4.885,35899506,0.0
2017-02-15,4.94,5,4.88,4.91,30337718,0.0
2017-02-16,4.95,4.96,4.92,4.94,22852535,0.0
2017-02-20,4.99,5.07,4.95,5.05,22594760,0.0
2017-02-21,5.19,5.22,5.1,5.145,42183252,0.0
2017-02-22,5.17,5.18,5.05,5.075,20947937,0.0
2017-02-23,5.08,5.13,5.05,5.115,14627206,0.0
2017-02-26,5.13,5.18,5.12,5.17,22219833,0.0
2017-02-27,5.19,5.19,5.08,5.095,28130367,0.0
2017-02-28,5.13,5.18,5.125,5.165,16337335,0.0
2017-03-01,5.15,5.15,5.1,5.125,23250344,0.0
2017-03-02,5.13,5.14,5.08,5.105,14501150,0.0
2017-03-05,5.09,5.1,5.06,5.08,15183808,0.0
2017-03-06,5.09,5.14,5.08,5.13,16174441,0.0
2017-03-07,5.13,5.17,5.12,5.14,17183546,0.0
2017-03-08,5.16,5.18,5.1,5.15,17132937,0.0
2017-03-09,5.14,5.19,5.13,5.18,23388076,0.0
2017-03-12,5.2,5.53,5.185,5.435,58562799,0.0
2017-03-13,5.4,5.44,5.32,5.4,28014334,0.0
2017-03-14,5.41,5.45,5.31,5.31,30230252,0.0
2017-03-15,5.27,5.35,5.24,5.32,17642509,0.0
2017-03-16,5.38,5.39,5.27,5.35,26824592,0.0
2017-03-19,5.34,5.37,5.29,5.305,12747949,0.0
2017-03-20,5.33,5.34,5.17,5.19,32254140,0.0
2017-03-21,5.14,5.15,5.06,5.1,31468292,0.0
2017-03-22,5.08,5.16,5.06,5.12,25382137,0.0
2017-03-23,5.15,5.15,5.06,5.105,24608831,0.0
2017-03-26,5.06,5.14,5.04,5.11,18723029,0.0
2017-03-27,5.12,5.18,5.09,5.11,24479010,0.0
2017-03-28,5.13,5.14,5.09,5.135,16423363,0.0
2017-03-29,5.14,5.22,5.13,5.2,13025537,0.0
2017-03-30,5.19,5.22,5.14,5.145,10279848,0.0
2017-04-02,5.16,5.19,5.05,5.095,18301369,0.0
2017-04-03,5.07,5.145,5.07,5.11,16214959,0.0
2017-04-04,5.14,5.21,5.1,5.105,23300318,0.0
2017-04-05,5.12,5.165,5.1,5.13,12056596,0.0
2017-04-06,5.15,5.18,5.12,5.155,15443537,0.0
2017-04-09,5.16,5.17,5.1,5.11,15438395,0.0
2017-04-10,5.11,5.11,5.05,5.07,18362478,0.0
2017-04-11,5.06,5.12,5.05,5.1,19463876,0.0
2017-04-12,5.12,5.13,5.06,5.1,20648145,0.0
2017-04-16,5.12,5.13,5.04,5.045,15804281,0.0
2017-04-17,5.06,5.1,5.02,5.06,19118308,0.0
2017-04-18,5,5.08,4.95,5.065,48140140,0.0
2017-04-19,5.08,5.12,4.97,5.065,37681154,0.0
2017-04-20,5.08,5.12,5,5.065,77317249,0.0
2017-04-23,5.08,5.13,5.03,5.125,55262438,0.0
2017-04-24,5.14,5.21,5.13,5.205,25299200,0.0
2017-04-25,5.19,5.195,5.07,5.1,32156916,0.0
2017-04-26,5.01,5.05,4.9,5.015,57470753,0.0
2017-04-27,5.03,5.04,4.89,4.9499,35496725,0.0
2017-04-30,4.95,4.98,4.88,4.96,37096243,0.0
2017-05-01,4.97,4.98,4.75,4.845,57506567,0.0
2017-05-02,4.84,4.91,4.81,4.86,27075867,0.0
2017-05-03,4.87,4.87,4.81,4.835,14919785,0.0
2017-05-04,4.86,4.91,4.84,4.9,13758668,0.0
2017-05-07,4.885,4.92,4.855,4.895,19026016,0.0
2017-05-08,4.9,4.945,4.84,4.875,26554318,0.0
2017-05-09,4.86,4.89,4.82,4.84,17453121,0.0
2017-05-10,4.83,4.85,4.78,4.83,18676675,0.0
2017-05-11,4.83,4.85,4.79,4.81,15447695,0.0
2017-05-14,4.79,4.85,4.76,4.77,22144686,0.0
2017-05-15,4.79,4.82,4.78,4.8,12105690,0.0
2017-05-16,4.78,4.79,4.73,4.74,22304408,0.0
2017-05-17,4.74,4.95,4.73,4.855,31666592,0.0
2017-05-18,4.83,4.95,4.83,4.91,16719501,0.0
2017-05-21,4.9,4.98,4.9,4.96,11257871,0.0
2017-05-22,4.97,5.03,4.94,4.975,13972346,0.0
2017-05-23,5,5.12,4.99,5.11,23024264,0.0
2017-05-24,5.11,5.15,5.06,5.11,18642470,0.0
2017-05-25,5.11,5.35,5.11,5.295,39307959,0.0
2017-05-29,5.3,5.365,5.22,5.23,24877593,0.0
2017-05-30,5.25,5.275,5.21,5.235,32426770,0.0
2017-05-31,5.25,5.48,5.21,5.465,51269120,0.0
2017-06-01,5.44,5.5,5.415,5.485,26999281,0.0
2017-06-04,5.49,5.49,5.38,5.385,23555251,0.0
2017-06-05,5.38,5.385,5.19,5.295,40733482,0.0
2017-06-06,5.28,5.365,5.23,5.315,14017859,0.0
2017-06-07,5.29,5.415,5.24,5.395,26399514,0.0
2017-06-08,5.4,5.42,5.13,5.2,36863455,0.0
2017-06-11,5.18,5.27,5.11,5.2,23516670,0.0
2017-06-12,5.18,5.26,5.17,5.245,13838223,0.0
2017-06-13,5.26,5.26,5.15,5.17,15395470,0.0
2017-06-14,5.15,5.18,5.09,5.18,15523440,0.0
2017-06-15,5.15,5.21,5.12,5.175,22456396,0.0
2017-06-18,5.2,5.28,5.18,5.23,16412656,0.0
2017-06-19,5.22,5.27,5.18,5.185,22017825,0.0
2017-06-20,5.18,5.3,5.16,5.24,19890726,0.0
2017-06-21,5.25,5.3,5.21,5.24,13389013,0.0
2017-06-22,5.25,5.39,5.24,5.345,29743804,0.0
2017-06-25,5.37,5.435,5.3,5.3,16864064,0.0
2017-06-26,5.29,5.37,5.26,5.27,17401758,0.0
2017-06-27,5.27,5.41,5.27,5.405,16215734,0.0
2017-06-28,5.4,5.44,5.28,5.385,24416066,0.0
2017-06-29,5.42,5.49,5.345,5.465,29771822,0.0
2017-07-02,5.5,5.5,5.37,5.37,9414686,0.0
2017-07-04,5.37,5.45,5.37,5.43,15658955,0.0
2017-07-05,5.42,5.43,5.34,5.36,13704670,0.0
2017-07-06,5.35,5.42,5.34,5.37,11386940,0.0
2017-07-09,5.36,5.4,5.32,5.35,22429118,0.0
2017-07-10,5.35,5.4,5.32,5.39,11013955,0.0
2017-07-11,5.41,5.44,5.38,5.405,15082760,0.0
2017-07-12,5.39,5.47,5.39,5.44,16782813,0.0
2017-07-13,5.46,5.48,5.43,5.475,11326494,0.0
2017-07-16,5.46,5.48,5.445,5.47,9495049,0.0
2017-07-17,5.45,5.47,5.39,5.42,15437042,0.0
2017-07-18,5.41,5.46,5.39,5.43,15035875,0.0
2017-07-19,5.44,5.49,5.43,5.465,10166229,0.0
2017-07-20,5.45,5.47,5.39,5.47,15545221,0.0
2017-07-23,5.47,5.48,5.37,5.375,21873663,0.0
2017-07-24,5.38,5.45,5.38,5.39,15932292,0.0
2017-07-25,5.42,5.49,5.39,5.39,34962610,0.0
2017-07-26,5.55,5.89,5.55,5.82,69309506,0.0
2017-07-27,5.78,5.87,5.75,5.81,20040232,0.0
2017-07-30,5.86,5.89,5.81,5.86,15437701,0.0
2017-07-31,5.89,5.89,5.72,5.795,24258368,0.0
2017-08-01,5.76,5.78,5.61,5.67,17673203,0.0
2017-08-02,5.66,5.74,5.625,5.645,13348545,0.0
2017-08-03,5.65,5.675,5.55,5.555,17581901,0.0
2017-08-06,5.55,5.61,5.55,5.61,13061391,0.0
2017-08-07,5.58,5.64,5.53,5.56,19072601,0.0
2017-08-08,5.53,5.58,5.48,5.545,17450464,0.0
2017-08-09,5.5,5.54,5.49,5.505,15798399,0.0
2017-08-10,5.47,5.605,5.46,5.575,16593015,0.0
2017-08-13,5.62,5.66,5.59,5.625,13935071,0.0
2017-08-14,5.62,5.635,5.52,5.61,20246019,0.0
2017-08-15,5.61,5.625,5.55,5.585,10250450,0.0
2017-08-16,5.56,5.58,5.47,5.49,17089576,0.0
2017-08-17,5.45,5.52,5.44,5.485,11449768,0.0
2017-08-20,5.49,5.53,5.47,5.525,9890177,0.0
2017-08-21,5.53,5.67,5.53,5.665,19559162,0.0
2017-08-22,5.63,5.66,5.56,5.56,16401166,0.0
2017-08-23,5.57,5.6,5.52,5.575,10056037,0.0
2017-08-24,5.59,5.62,5.56,5.58,9603809,0.0
2017-08-27,5.59,5.61,5.55,5.585,9264438,0.0
2017-08-28,5.54,5.63,5.52,5.63,9797770,0.0
2017-08-29,5.61,5.75,5.61,5.695,15640114,0.0
2017-08-30,5.71,5.75,5.68,5.745,12336114,0.0
2017-08-31,5.74,5.75,5.675,5.695,12421497,0.0
2017-09-04,5.68,5.7,5.565,5.585,18807853,0.0
2017-09-05,5.58,5.63,5.55,5.605,13366009,0.0
2017-09-06,5.6,5.63,5.51,5.55,14947128,0.0
2017-09-07,5.54,5.54,5.4,5.48,22728036,0.0
2017-09-10,5.52,5.54,5.46,5.53,18772362,0.0
2017-09-11,5.52,5.59,5.49,5.585,17946540,0.0
2017-09-12,5.57,5.58,5.37,5.415,25759267,0.0
2017-09-13,5.42,5.46,5.39,5.435,15249924,0.0
2017-09-14,5.43,5.51,5.42,5.495,19884649,0.0
2017-09-17,5.49,5.53,5.45,5.48,17072099,0.0
2017-09-18,5.47,5.51,5.46,5.465,9462732,0.0
2017-09-19,5.46,5.52,5.45,5.505,19673572,0.0
2017-09-20,5.49,5.53,5.47,5.495,6713709,0.0
2017-09-21,5.48,5.54,5.47,5.54,7767078,0.0
2017-09-24,5.53,5.55,5.49,5.5,11857372,0.0
2017-09-25,5.5,5.53,5.42,5.43,13225508,0.0
2017-09-26,5.47,5.54,5.45,5.52,14838349,0.0
2017-09-27,5.5,5.53,5.44,5.445,11038989,0.0
2017-09-28,5.46,5.57,5.45,5.51,14472846,0.0
2017-10-01,5.52,5.55,5.48,5.51,15008449,0.0
2017-10-02,5.5,5.6,5.5,5.595,16693085,0.0
2017-10-03,5.63,5.74,5.6,5.73,21156146,0.0
2017-10-04,5.71,5.79,5.7,5.735,16060212,0.0
2017-10-05,5.75,5.77,5.67,5.73,9170940,0.0
2017-10-08,5.74,5.78,5.71,5.71,6824692,0.0
2017-10-09,5.72,5.73,5.65,5.655,9335434,0.0
2017-10-10,5.67,5.75,5.64,5.725,13309494,0.0
2017-10-11,5.73,5.78,5.64,5.71,19136657,0.0
2017-10-12,5.75,5.75,5.69,5.705,7941690,0.0
2017-10-15,5.71,5.72,5.69,5.695,7175775,0.0
2017-10-16,5.68,5.73,5.67,5.71,8178386,0.0
2017-10-17,5.7,5.77,5.69,5.74,9894785,0.0
2017-10-18,5.72,5.76,5.7,5.745,8327673,0.0
2017-10-19,5.78,5.78,5.73,5.76,7670612,0.0
2017-10-22,5.77,5.78,5.68,5.705,19568008,0.0
2017-10-23,5.69,5.78,5.69,5.73,25890543,0.0
2017-10-24,5.66,5.7,5.46,5.55,27873567,0.0
2017-10-25,5.62,5.62,5.54,5.575,11985003,0.0
2017-10-26,5.55,5.56,5.44,5.53,28801063,0.0
2017-10-29,5.53,5.56,5.46,5.5,18054770,0.0
2017-10-30,5.52,5.521,5.43,5.445,18349920,0.0
2017-10-31,5.47,5.52,5.38,5.435,22350753,0.0
2017-11-01,5.41,5.43,5.3,5.34,19928014,0.0
2017-11-02,5.3,5.34,5.26,5.295,15742521,0.0
2017-11-05,5.29,5.4,5.29,5.36,11636704,0.0
2017-11-06,5.35,5.4,5.31,5.335,11425847,0.0
2017-11-07,5.31,5.38,5.31,5.35,14374431,0.0
2017-11-08,5.35,5.4,5.28,5.315,14624241,0.0
2017-11-09,5.28,5.41,5.28,5.345,17859681,0.0
2017-11-12,5.32,5.5,5.32,5.49,23893970,0.0
2017-11-13,5.48,5.49,5.3,5.34,22766676,0.0
2017-11-14,5.35,5.39,5.3,5.385,13835981,0.0
2017-11-15,5.36,5.44,5.35,5.395,16017880,0.0
2017-11-16,5.42,5.49,5.38,5.455,10937730,0.0
2017-11-19,5.47,5.49,5.415,5.43,11202155,0.0
2017-11-20,5.46,5.51,5.445,5.455,12550686,0.0
2017-11-21,5.46,5.49,5.42,5.43,13002802,0.0
2017-11-23,5.43,5.47,5.415,5.435,7469707,0.0
2017-11-26,5.41,5.47,5.4,5.43,13929308,0.0
2017-11-27,5.43,5.45,5.4,5.43,14246740,0.0
2017-11-28,5.43,5.55,5.43,5.48,18469368,0.0
2017-11-29,5.45,5.55,5.44,5.495,13031553,0.0
2017-11-30,5.46,5.57,5.45,5.535,21567066,0.0
2017-12-03,5.54,5.67,5.53,5.615,19123038,0.0
2017-12-04,5.62,5.74,5.6,5.74,25107514,0.0
2017-12-05,5.73,5.74,5.57,5.61,20081662,0.0
2017-12-06,5.59,5.7,5.57,5.635,16165347,0.0
2017-12-07,5.69,5.69,5.62,5.635,9807335,0.0
2017-12-10,5.64,5.67,5.61,5.63,12996532,0.0
2017-12-11,5.64,5.72,5.62,5.685,11663011,0.0
2017-12-12,5.69,5.73,5.675,5.685,12711024,0.0
2017-12-13,5.69,5.74,5.66,5.66,12355667,0.0
2017-12-14,5.7,5.71,5.2,5.36,91844890,0.0
2017-12-17,5.31,5.48,5.31,5.435,30207037,0.0
2017-12-18,5.42,5.45,5.32,5.33,20587896,0.0
2017-12-19,5.33,5.35,5.25,5.26,18303473,0.0
2017-12-20,5.26,5.3,5.24,5.27,23805262,0.0
2017-12-21,5.26,5.38,5.26,5.37,14652549,0.0
2017-12-25,5.35,5.51,5.35,5.415,14223220,0.0
2017-12-26,5.42,5.44,5.38,5.395,8873613,0.0
2017-12-27,5.39,5.4,5.34,5.38,7966798,0.0
2017-12-28,5.37,5.42,5.35,5.355,9156654,0.0
2018-01-01,5.27,5.31,5.19,5.2,29057172,0.0
2018-01-02,5.19,5.28,5.17,5.195,26947621,0.0
2018-01-03,5.21,5.36,5.21,5.3,25621988,0.0
2018-01-04,5.33,5.35,5.27,5.325,16164942,0.0
2018-01-07,5.29,5.35,5.29,5.31,13887517,0.0
2018-01-08,5.33,5.39,5.3,5.31,18713870,0.0
2018-01-09,5.35,5.58,5.35,5.56,52468949,0.0
2018-01-10,5.57,5.59,5.45,5.49,23443365,0.0
2018-01-11,5.51,5.52,5.47,5.475,14149830,0.0
2018-01-15,5.49,5.49,5.37,5.38,19616789,0.0
2018-01-16,5.41,5.5,5.4,5.45,16828899,0.0
2018-01-17,5.42,5.54,5.42,5.465,12375916,0.0
2018-01-18,5.56,5.64,5.51,5.6,24658699,0.0
2018-01-21,5.55,5.725,5.54,5.645,19352898,0.0
2018-01-22,5.62,5.69,5.58,5.68,16819981,0.0
2018-01-23,5.73,5.76,5.69,5.725,18714807,0.0
2018-01-24,5.77,5.82,5.74,5.77,17324588,0.0
2018-01-25,5.77,6.28,5.76,5.965,40424870,0.0
2018-01-28,6.065,6.08,5.91,5.985,33042436,0.0
2018-01-29,5.99,6.035,5.9,5.965,21260200,0.0
2018-01-30,5.89,6.14,5.85,6.11,23688084,0.0
2018-01-31,6.02,6.18,6.02,6.115,15856531,0.0
2018-02-01,6.1,6.22,6.09,6.12,18038591,0.0
2018-02-04,6.13,6.27,6.02,6.025,28159633,0.0
2018-02-05,5.97,6.1,5.88,6.045,32610271,0.0
2018-02-06,6,6.1,5.97,6,21355252,0.0
2018-02-07,5.99,6.01,5.835,5.85,26010801,0.0
2018-02-08,5.87,5.9,5.68,5.815,31473248,0.0
2018-02-11,5.8,5.93,5.76,5.86,14967031,0.0
2018-02-12,5.81,6,5.805,5.965,16014592,0.0
2018-02-13,5.95,6.11,5.91,6.085,17486742,0.0
2018-02-14,6.07,6.225,6.06,6.145,21105251,0.0
2018-02-15,6.19,6.2,6.08,6.115,20009314,0.0
2018-02-19,6.11,6.13,6.05,6.115,11183973,0.0
2018-02-20,6.13,6.22,6.11,6.135,18941176,0.0
2018-02-21,6.14,6.27,6.13,6.16,22824407,0.0
2018-02-22,6.2,6.3,6.16,6.27,13428964,0.0
2018-02-25,6.29,6.36,6.27,6.33,17481700,0.0
2018-02-26,6.34,6.38,6.27,6.29,15355881,0.0
2018-02-27,6.32,6.35,6.27,6.285,13994062,0.0
2018-02-28,6.2,6.38,6.18,6.3099,34330563,0.0
2018-03-01,6.23,6.32,6.21,6.29,20886145,0.0
2018-03-04,6.26,6.35,6.24,6.33,11323517,0.0
2018-03-05,6.35,6.375,6.27,6.36,13458898,0.0
2018-03-06,6.37,6.54,6.33,6.48,17913960,0.0
2018-03-07,6.51,6.51,6.44,6.475,10225638,0.0
2018-03-08,6.48,6.55,6.47,6.53,11080450,0.0
2018-03-11,6.54,6.61,6.49,6.595,11894666,0.0
2018-03-12,6.62,6.62,6.51,6.535,12272828,0.0
2018-03-13,6.56,6.56,6.4,6.49,16861220,0.0
2018-03-14,6.49,6.5,6.39,6.41,9523852,0.0
2018-03-15,6.46,6.49,6.41,6.465,13544395,0.0
2018-03-18,6.45,6.45,6.3,6.35,12969795,0.0
2018-03-19,6.34,6.38,6.31,6.325,9889228,0.0
2018-03-20,6.32,6.43,6.32,6.37,13419071,0.0
2018-03-21,6.24,6.34,6.24,6.27,12867415,0.0
2018-03-22,6.26,6.325,6.17,6.175,15816347,0.0
2018-03-25,6.265,6.32,6.2,6.31,14244624,0.0
2018-03-26,6.35,6.37,6.16,6.2,18169842,0.0
2018-03-27,6.22,6.27,6.16,6.175,15836991,0.0
2018-03-28,6.21,6.315,6.2,6.24,15697375,0.0
2018-04-01,6.21,6.26,6.08,6.12,14444772,0.0
2018-04-02,6.12,6.23,6.12,6.17,13285483,0.0
2018-04-03,6.14,6.325,6.12,6.28,14098998,0.0
2018-04-04,6.32,6.36,6.28,6.315,8882300,0.0
2018-04-05,6.27,6.34,6.21,6.25,12842477,0.0
2018-04-08,6.29,6.35,6.24,6.26,13581968,0.0
2018-04-09,6.32,6.34,6.245,6.27,15700969,0.0
2018-04-10,6.27,6.3,6.23,6.255,9600884,0.0
2018-04-11,6.26,6.305,6.21,6.225,10847096,0.0
2018-04-12,6.22,6.28,6.158,6.19,11629582,0.0
2018-04-15,6.2,6.21,6.12,6.16,13472294,0.0
2018-04-16,6.22,6.3,6.19,6.25,12207727,0.0
2018-04-17,6.25,6.36,6.25,6.355,7847682,0.0
2018-04-18,6.33,6.5,6.28,6.34,18260291,0.0
2018-04-19,6.35,6.37,6.28,6.315,12746606,0.0
2018-04-22,6.31,6.36,6.28,6.33,15756978,0.0
2018-04-23,6.32,6.4,6.26,6.28,23707084,0.0
2018-04-24,6.3,6.33,6.2,6.25,19929436,0.0
2018-04-25,6.28,6.38,6.24,6.315,13402552,0.0
2018-04-26,6.31,6.4,6.27,6.295,13856677,0.0
2018-04-29,6.34,6.38,6.28,6.325,9371737,0.0
2018-04-30,6.31,6.34,6.21,6.315,10390785,0.0
2018-05-01,6.32,6.4,6.3,6.32,13250574,0.0
2018-05-02,6.31,6.54,6.31,6.49,22783307,0.0
2018-05-03,6.45,6.72,6.44,6.67,29286218,0.0
2018-05-06,6.66,6.75,6.64,6.705,17014474,0.0
2018-05-07,6.68,6.7,6.56,6.62,15614717,0.0
2018-05-08,6.65,6.78,6.58,6.78,17579758,0.0
2018-05-09,6.78,6.92,6.76,6.82,16712327,0.0
2018-05-10,6.83,6.875,6.77,6.8,10468590,0.0
2018-05-13,6.77,6.9,6.77,6.85,8797664,0.0
2018-05-14,6.82,6.9,6.78,6.88,12550052,0.0
2018-05-15,6.9,7.01,6.831,6.925,20495234,0.0
2018-05-16,6.93,7.01,6.87,6.895,12802893,0.0
2018-05-17,6.93,6.99,6.9,6.965,14220339,0.0
2018-05-20,6.99,7.03,6.91,6.995,11186610,0.0
2018-05-21,7.03,7.075,6.93,6.94,13696442,0.0
2018-05-22,6.92,6.96,6.9,6.93,10629609,0.0
2018-05-23,6.95,6.98,6.85,6.915,11688975,0.0
2018-05-24,6.93,6.97,6.91,6.945,7478930,0.0
2018-05-28,6.93,7,6.92,6.975,10218178,0.0
2018-05-29,7.01,7.15,6.96,7.12,23760657,0.0
2018-05-30,7.15,7.23,7.08,7.105,22997348,0.0
2018-05-31,7.13,7.14,7.05,7.05,14239432,0.0
2018-06-03,7.08,7.13,7.03,7.09,12021916,0.0
2018-06-04,7.11,7.13,7.031,7.055,11465847,0.0
2018-06-05,7.05,7.2,7.03,7.16,12234328,0.0
2018-06-06,7.17,7.23,7.13,7.19,9095127,0.0
2018-06-07,7.19,7.24,7.11,7.23,8434651,0.0
2018-06-10,7.23,7.33,7.2129,7.23,11383076,0.0
2018-06-11,7.25,7.345,7.22,7.28,10806912,0.0
2018-06-12,7.3,7.37,7.27,7.3,11021189,0.0
2018-06-13,7.35,7.42,7.32,7.38,13441687,0.0
2018-06-14,7.45,7.59,7.38,7.57,21384075,0.0
2018-06-17,7.6,7.7,7.54,7.635,14856552,0.0
2018-06-18,7.54,7.57,7.41,7.47,20378413,0.0
2018-06-19,7.47,7.52,7.41,7.5,11982758,0.0
2018-06-20,7.28,7.3,7.04,7.16,28334088,0.0
2018-06-21,7.2,7.24,7.13,7.15,20628012,0.0
2018-06-24,7.15,7.19,7.01,7.05,18042013,0.0
2018-06-25,6.88,6.98,6.62,6.92,27916605,0.0
2018-06-26,6.89,6.9,6.61,6.66,38022646,0.0
2018-06-27,6.69,6.83,6.62,6.81,35948694,0.0
2018-06-28,6.92,6.92,6.77,6.77,14211617,0.0
2018-07-01,6.75,6.84,6.72,6.83,10361079,0.0
2018-07-02,6.89,6.94,6.745,6.75,8803884,0.0
2018-07-04,6.79,6.955,6.74,6.895,12210549,0.0
2018-07-05,6.92,7,6.865,7,8242652,0.0
2018-07-08,7.05,7.06,6.96,7.035,10783778,0.0
2018-07-09,7.06,7.08,6.94,7.02,10402872,0.0
2018-07-10,7.03,7.09,6.98,7.045,10715191,0.0
2018-07-11,7.05,7.11,7.02,7.1,9663987,0.0
2018-07-12,7.12,7.15,7.05,7.09,8096835,0.0
2018-07-15,7.1,7.13,7.01,7.05,9687662,0.0
2018-07-16,7,7.1,6.99,7.07,9264759,0.0
2018-07-17,7.08,7.25,7.06,7.13,13476029,0.0
2018-07-18,7.11,7.18,7.085,7.135,10026339,0.0
2018-07-19,7.15,7.15,7.07,7.105,9432066,0.0
2018-07-22,7.08,7.14,7.07,7.13,7514694,0.0
2018-07-23,7.15,7.17,6.97,6.97,16474774,0.0
2018-07-24,7.1,7.2,7.055,7.14,15104945,0.0
2018-07-25,7.18,7.29,7.13,7.21,12949550,0.0
2018-07-26,7.23,7.255,7.04,7.07,14947459,0.0
2018-07-29,7.07,7.11,6.94,7,13760436,0.0
2018-07-30,7,7.09,6.995,7.02,12140894,0.0
2018-07-31,6.99,7.035,6.84,6.86,16531554,0.0
2018-08-01,6.82,6.97,6.81,6.955,12939499,0.0
2018-08-02,6.94,7.01,6.85,6.88,13569342,0.0
2018-08-05,6.87,6.94,6.84,6.89,18333890,0.0
2018-08-06,6.88,6.97,6.85,6.865,11875140,0.0
2018-08-07,6.86,6.96,6.86,6.94,12086556,0.0
2018-08-08,6.95,7.05,6.93,6.99,11538635,0.0
2018-08-09,6.96,7.03,6.9,6.97,9034918,0.0
2018-08-12,6.96,7,6.94,6.95,9071818,0.0
2018-08-13,6.95,7.01,6.95,6.97,10575103,0.0
2018-08-14,6.94,6.96,6.84,6.9,11512171,0.0
2018-08-15,6.93,7.01,6.93,6.94,8752618,0.0
2018-08-16,6.94,7.02,6.91,6.98,10822008,0.0
2018-08-19,6.99,7.01,6.94,6.96,8769400,0.0
2018-08-20,6.98,6.99,6.94,6.94,14673534,0.0
2018-08-21,6.95,7,6.935,7,9429461,0.0
2018-08-22,6.98,7,6.9,6.9,8444013,0.0
2018-08-23,6.91,7,6.9,6.95,10684423,0.0
2018-08-26,6.96,7.065,6.95,7.02,11956883,0.0
2018-08-27,7.01,7.05,6.97,7.01,9464231,0.0
2018-08-28,6.99,7.11,6.99,7.09,9221109,0.0
2018-08-29,7.09,7.11,7.04,7.07,10064724,0.0
2018-08-30,7.04,7.11,7.025,7.09,9050516,0.0
2018-09-03,7.07,7.19,7.03,7.15,12169178,0.0
2018-09-04,7.15,7.16,6.995,7.01,14391658,0.0
2018-09-05,6.99,7.07,6.96,7.025,12408008,0.0
2018-09-06,6.99,7.08,6.96,6.99,15039387,0.0
2018-09-09,7,7.145,6.99,7.14,9924315,0.0
2018-09-10,7.11,7.24,7.1,7.19,13970989,0.0
2018-09-11,7.18,7.19,7.11,7.13,13694279,0.0
2018-09-12,7.15,7.25,7.13,7.19,10909562,0.0
2018-09-13,7.21,7.23,7.13,7.13,12871935,0.0
2018-09-16,7.14,7.15,7.03,7.07,13999350,0.0
2018-09-17,7.09,7.14,7.035,7.045,22666479,0.0
2018-09-18,7.05,7.09,6.95,6.995,17885971,0.0
2018-09-19,7.02,7.05,6.98,7.02,14912583,0.0
2018-09-20,7.02,7.04,6.95,6.97,19898171,0.0
2018-09-23,6.69,6.815,6.23,6.25,102471025,0.0
2018-09-24,6.35,6.36,6.1601,6.265,39550483,0.0
2018-09-25,6.28,6.49,6.26,6.39,43924484,0.0
2018-09-26,6.38,6.41,6.32,6.36,25828762,0.0
2018-09-27,6.37,6.4,6.31,6.32,23605769,0.0
2018-09-30,6.34,6.36,6.23,6.29,21038181,0.0
2018-10-01,6.27,6.31,6.16,6.225,24098303,0.0
2018-10-02,6.25,6.34,6.2,6.27,26404014,0.0
2018-10-03,6.25,6.29,6.15,6.22,28012805,0.0
2018-10-04,6.24,6.33,6.065,6.14,23344040,0.0
2018-10-07,6.13,6.21,6.1,6.19,15227411,0.0
2018-10-08,6.22,6.28,6.16,6.18,16929240,0.0
2018-10-09,6.14,6.185,5.95,5.96,23423098,0.0
2018-10-10,5.97,6.125,5.95,5.98,26800977,0.0
2018-10-11,6.11,6.19,6.05,6.18,32537443,0.0
2018-10-14,6.15,6.23,6.09,6.145,17646288,0.0
2018-10-15,6.19,6.36,6.15,6.31,15117084,0.0
2018-10-16,6.3,6.34,6.23,6.24,16010968,0.0
2018-10-17,6.37,6.375,6.13,6.16,24009868,0.0
2018-10-18,6.23,6.26,6.01,6.02,23094771,0.0
2018-10-21,6.03,6.12,5.96,6.02,22495583,0.0
2018-10-22,6,6.04,5.88,5.95,28101261,0.0
2018-10-23,6.05,6.15,5.65,5.65,39435780,0.0
2018-10-24,5.74,5.88,5.67,5.79,27410665,0.0
2018-10-25,5.62,5.79,5.62,5.67,33940538,0.0
2018-10-28,5.75,5.84,5.55,5.63,25346417,0.0
2018-10-29,5.64,5.87,5.59,5.86,42871907,0.0
2018-10-30,5.89,6.08,5.87,6.02,31904032,0.0
2018-10-31,5.99,6.12,5.93,6.105,20238643,0.0
2018-11-01,6.14,6.17,6.01,6.115,24773892,0.0
2018-11-04,6.14,6.17,6.055,6.1,21789261,0.0
2018-11-05,6.12,6.37,6.0999,6.33,27908985,0.0
2018-11-06,6.37,6.38,6.22,6.3,26317237,0.0
2018-11-07,6.25,6.34,6.165,6.19,19495348,0.0
2018-11-08,6.17,6.24,6.14,6.2,16791859,0.0
2018-11-11,6.22,6.22,6.1,6.11,25726209,0.0
2018-11-12,6.18,6.295,6.11,6.15,32489364,0.0
2018-11-13,6.15,6.3,6.15,6.245,26544951,0.0
2018-11-14,6.22,6.34,6.19,6.32,29555114,0.0
2018-11-15,6.31,6.34,6.19,6.28,30200258,0.0
2018-11-18,6.25,6.26,6.03,6.04,28922399,0.0
2018-11-19,6,6.03,5.83,5.865,30857592,0.0
2018-11-20,5.9,6.07,5.88,6.04,22190522,0.0
2018-11-22,5.99,6.13,5.9701,6.06,9153810,0.0
2018-11-25,6.12,6.21,6.04,6.13,24722517,0.0
2018-11-26,6.12,6.18,6.01,6.1,30552176,0.0
2018-11-27,6.07,6.2,6.07,6.19,21994204,0.0
2018-11-28,6.15,6.34,6.11,6.32,32106733,0.0
2018-11-29,6.34,6.36,6.2,6.23,27972723,0.0
2018-12-02,6.3,6.32,6.15,6.31,24907632,0.0
2018-12-03,6.31,6.38,6.17,6.17,27906873,0.0
2018-12-05,6.13,6.37,6.07,6.33,35264332,0.0
2018-12-06,6.28,6.39,6.21,6.22,27248130,0.0
2018-12-09,6.24,6.29,6.15,6.2,24867133,0.0
2018-12-10,6.28,6.36,6.235,6.27,24258465,0.0
2018-12-11,6.34,6.43,6.29,6.3,26028651,0.0
2018-12-12,6.31,6.375,6.13,6.24,29322650,0.0
2018-12-13,6.16,6.3403,6.15,6.165,27185473,0.0
2018-12-16,6.16,6.24,6.09,6.12,22121600,0.0
2018-12-17,6.15,6.2,6.075,6.14,29846601,0.0
2018-12-18,6.16,6.2,5.97,6.01,27339923,0.0
2018-12-19,6.02,6.07,5.84,5.89,25537584,0.0
2018-12-20,5.91,5.98,5.5401,5.58,32247818,0.0
2018-12-23,5.52,5.62,5.4813,5.51,15641830,0.0
2018-12-25,5.52,5.735,5.48,5.72,19775950,0.0
2018-12-26,5.74,5.76,5.52,5.74,17308534,0.0
2018-12-27,5.76,5.77,5.6313,5.71,11983226,0.0
2018-12-30,5.75,5.765,5.635,5.7051,10843463,0.0
2019-01-01,5.69,5.945,5.69,5.89,19973912,0.0
2019-01-02,5.82,6,5.76,5.94,19130887,0.0
2019-01-03,6.04,6.22,5.995,6.16,21821731,0.0
2019-01-06,6.12,6.29,6.11,6.235,28813092,0.0
2019-01-07,6.26,6.35,6.22,6.35,17844861,0.0
2019-01-08,6.36,6.37,6,6.055,37166464,0.0
2019-01-09,6.06,6.1,5.96,6.065,18183296,0.0
2019-01-10,6.07,6.08,5.98,6.065,14632725,0.0
2019-01-13,6.05,6.06,5.915,5.955,16056276,0.0
2019-01-14,5.95,6,5.91,5.975,14550186,0.0
2019-01-15,5.98,6.06,5.95,6.02,12651486,0.0
2019-01-16,6.02,6.07,5.99,6.0499,12084538,0.0
2019-01-17,6.1,6.16,6.045,6.05,14145167,0.0
2019-01-21,6.04,6.04,5.81,5.85,19890049,0.0
2019-01-22,5.9,5.9,5.69,5.825,20604454,0.0
2019-01-23,5.84,5.85,5.69,5.75,19673877,0.0
2019-01-24,5.8,5.85,5.72,5.805,28692002,0.0
2019-01-27,5.83,5.83,5.7,5.75,22949333,0.0
2019-01-28,5.73,5.82,5.67,5.75,27343298,0.0
2019-01-29,5.9,6.07,5.77,5.92,44792332,0.0
2019-01-30,5.93,6.14,5.82,5.855,59913834,0.0
2019-01-31,5.87,6.04,5.86,5.965,35982267,0.0
2019-02-03,5.95,6.06,5.93,6.03,29150117,0.0
2019-02-04,6.04,6.19,6,6.03,35285365,0.0
2019-02-05,6.05,6.07,5.93,5.95,26654667,0.0
2019-02-06,5.94,5.96,5.81,5.895,24553288,0.0
2019-02-07,5.85,5.95,5.84,5.935,18091224,0.0
2019-02-10,5.93,6,5.86,5.86,15892061,0.0
2019-02-11,5.89,5.93,5.84,5.89,20635340,0.0
2019-02-12,5.92,5.93,5.805,5.895,18637615,0.0
2019-02-13,5.86,5.97,5.85,5.92,24165198,0.0
2019-02-14,5.97,6.04,5.96,6.025,17593002,0.0
2019-02-18,6,6.06,5.96,5.995,20835711,0.0
2019-02-19,5.99,6.09,5.99,6.05,22875468,0.0
2019-02-20,6.05,6.09,5.99,6.09,20266498,0.0
2019-02-21,6.1,6.13,6.03,6.06,19309962,0.0
2019-02-24,6.08,6.1,6,6.02,14443220,0.0
2019-02-25,6,6.02,5.86,5.92,25133835,0.0
2019-02-26,5.88,5.94,5.855,5.92,15903443,0.0
2019-02-27,5.93,6.01,5.91,5.95,23495001,0.0
2019-02-28,5.95,6.02,5.92,5.99,18778236,0.0
2019-03-03,6.04,6.06,5.88,6.01,26588086,0.0
2019-03-04,5.98,6.04,5.96,6.02,20588592,0.0
2019-03-05,6.01,6.045,5.97,6,19214019,0.0
2019-03-06,5.99,6.03,5.94,5.99,28587870,0.0
2019-03-07,5.94,5.98,5.91,5.945,20378826,0.0
2019-03-10,5.92,6,5.9,5.97,18944431,0.0
2019-03-11,5.98,6.17,5.93,6.13,39891442,0.0
2019-03-12,6.1,6.18,6.04,6.09,29344696,0.0
2019-03-13,6.07,6.16,6.06,6.13,19017483,0.0
2019-03-14,6.14,6.18,6.12,6.14,15169069,0.0
2019-03-17,6.14,6.169,6.04,6.05,23673300,0.0
2019-03-18,6.08,6.14,6.03,6.11,19525586,0.0
2019-03-19,6.07,6.09,5.92,6.02,31620345,0.0
2019-03-20,6,6.07,5.96,5.98,25582630,0.0
2019-03-21,5.93,5.95,5.75,5.75,57962175,0.0
2019-03-24,5.75,5.77,5.69,5.74,34146429,0.0
2019-03-25,5.77,5.8,5.695,5.71,34499790,0.0
2019-03-26,5.73,5.76,5.65,5.66,26716761,0.0
2019-03-27,5.65,5.735,5.65,5.69,19330854,0.0
2019-03-28,5.7,5.72,5.63,5.68,26354920,0.0
2019-03-31,5.7,5.82,5.68,5.8,16809737,0.0
2019-04-01,5.79,5.885,5.76,5.87,30183093,0.0
2019-04-02,5.89,5.96,5.88,5.9145,25863622,0.0
2019-04-03,5.93,5.975,5.89,5.96,23514655,0.0
2019-04-04,5.95,5.985,5.87,5.95,26054899,0.0
2019-04-07,5.94,6,5.92,5.98,23886328,0.0
2019-04-08,5.94,5.995,5.88,5.98,21277044,0.0
2019-04-09,5.97,6.005,5.93,6,21542784,0.0
2019-04-10,6,6.06,5.98,6.06,18806513,0.0
2019-04-11,6.07,6.13,6.04,6.1,17709989,0.0
2019-04-14,6.1,6.1,5.9,5.98,23530164,0.0
2019-04-15,5.99,6.01,5.91,5.96,19185300,0.0
2019-04-16,5.96,6.02,5.91,6.01,16953030,0.0
2019-04-17,6.04,6.07,5.97,6.04,24446432,0.0
2019-04-21,6.02,6.14,6,6.11,23361603,0.0
2019-04-22,6.1,6.17,6.1,6.15,26704197,0.0
2019-04-23,5.99,6.1272,5.63,5.71,73733969,0.0
2019-04-24,5.77,5.81,5.66,5.72,32438682,0.0
2019-04-25,5.75,5.9,5.73,5.78,32243769,0.0
2019-04-28,5.83,5.91,5.74,5.875,29593026,0.0
2019-04-29,5.87,5.92,5.79,5.82,29691595,0.0
2019-04-30,5.81,5.91,5.81,5.89,25796454,0.0
2019-05-01,5.89,5.9,5.72,5.77,34373638,0.0
2019-05-02,5.81,5.9,5.8,5.88,24309464,0.0
2019-05-05,5.79,5.86,5.78,5.84,21529146,0.0
2019-05-06,5.79,5.81,5.67,5.73,31150096,0.0
2019-05-07,5.7,5.78,5.68,5.74,22402922,0.0
2019-05-08,5.69,5.74,5.63,5.71,21753416,0.0
2019-05-09,5.7,5.77,5.63,5.74,18759994,0.0
2019-05-12,5.66,5.69,5.57,5.59,22535637,0.0
2019-05-13,5.59,5.745,5.57,5.64,26422686,0.0
2019-05-14,5.62,5.66,5.59,5.61,19625545,0.0
2019-05-15,5.6,5.71,5.6,5.65,15205121,0.0
2019-05-16,5.63,5.71,5.62,5.66,18399864,0.0
2019-05-19,5.62,5.67,5.57,5.58,17970070,0.0
2019-05-20,5.61,5.69,5.6,5.64,14383521,0.0
2019-05-21,5.62,5.65,5.56,5.56,14755997,0.0
2019-05-22,5.53,5.55,5.33,5.395,31119438,0.0
2019-05-23,5.46,5.52,5.38,5.41,21319149,0.0
2019-05-27,5.41,5.46,5.33,5.355,29719808,0.0
2019-05-28,5.33,5.38,5.28,5.34,24389554,0.0
2019-05-29,5.35,5.435,5.35,5.36,22125151,0.0
2019-05-30,5.33,5.33,5.24,5.31,25964801,0.0
2019-06-02,5.31,5.33,5.23,5.27,20168845,0.0
2019-06-03,5.31,5.4,5.31,5.39,21693045,0.0
2019-06-04,5.44,5.44,5.27,5.28,21303799,0.0
2019-06-05,5.29,5.33,5.25,5.31,18407241,0.0
2019-06-06,5.33,5.37,5.28,5.32,17084206,0.0
2019-06-09,5.38,5.49,5.355,5.43,29990600,0.0
2019-06-10,5.47,5.54,5.44,5.49,23439652,0.0
2019-06-11,5.49,5.53,5.47,5.5,14106204,0.0
2019-06-12,5.53,5.61,5.49,5.58,39695996,0.0
2019-06-13,5.57,5.6,5.53,5.56,33125057,0.0
2019-06-16,5.55,5.715,5.515,5.63,24430260,0.0
2019-06-17,5.69,5.78,5.67,5.71,22685303,0.0
2019-06-18,5.72,5.75,5.61,5.67,16926020,0.0
2019-06-19,5.71,5.765,5.67,5.73,16438312,0.0
2019-06-20,5.71,5.74,5.59,5.6,33365632,0.0
2019-06-23,5.62,5.63,5.52,5.58,19619631,0.0
2019-06-24,5.58,5.6,5.5,5.55,22126765,0.0
2019-06-25,5.56,5.61,5.51,5.54,17030579,0.0
2019-06-26,5.56,5.605,5.51,5.56,17107933,0.0
2019-06-27,5.58,5.63,5.56,5.59,15902142,0.0
2019-06-30,5.63,5.71,5.61,5.7,17464938,0.0
2019-07-01,5.69,5.85,5.69,5.82,24770239,0.0
2019-07-02,5.84,5.89,5.82,5.87,10811712,0.0
2019-07-04,5.87,5.94,5.83,5.92,18246724,0.0
2019-07-07,5.88,5.96,5.88,5.92,17445865,0.0
2019-07-08,5.89,5.99,5.89,5.97,25151666,0.0
2019-07-09,5.99,6.03,5.92,6.025,24084260,0.0
2019-07-10,6.03,6.07,5.98,6.03,17128647,0.0
2019-07-11,6.07,6.1,6.035,6.08,19950038,0.0
2019-07-14,6.06,6.07,5.97,6.04,18640683,0.0
2019-07-15,6.03,6.09,6.02,6.06,16408836,0.0
2019-07-16,6.05,6.07,5.98,6.04,13000189,0.0
2019-07-17,6.01,6.07,6,6.05,16349951,0.0
2019-07-18,6.04,6.1,6.01,6.07,13731393,0.0
2019-07-21,6.09,6.12,6.06,6.08,17179216,0.0
2019-07-22,6.09,6.105,6.01,6.04,14323140,0.0
2019-07-23,6.03,6.1,6.025,6.09,12373139,0.0
2019-07-24,6.09,6.23,6.08,6.15,29764001,0.0
2019-07-25,6.16,6.23,6.14,6.215,16019374,0.0
2019-07-28,6.22,6.245,6.1,6.16,29988965,0.0
2019-07-29,6.16,6.25,6.115,6.2,26929689,0.0
2019-07-30,6.16,6.32,6.16,6.265,25402773,0.0
2019-07-31,6.28,6.38,6.26,6.265,24412566,0.0
2019-08-01,6.25,6.37,6.24,6.34,19864131,0.0
2019-08-04,6.27,6.28,5.98,6.06,32018485,0.0
2019-08-05,6.09,6.14,6.04,6.09,16682806,0.0
2019-08-06,6.04,6.125,5.94,6.105,18560600,0.0
2019-08-07,6.13,6.19,6.12,6.18,16100119,0.0
2019-08-08,6.145,6.17,6.07,6.12,14875414,0.0
2019-08-11,6.08,6.115,6.04,6.05,11985501,0.0
2019-08-12,6.04,6.15,6.01,6.08,13656450,0.0
2019-08-13,6.02,6.035,5.97,6.01,18713347,0.0
2019-08-14,6.03,6.05,5.96,5.97,15440091,0.0
2019-08-15,6.03,6.109,6.01,6.09,11487513,0.0
2019-08-18,6.14,6.22,6.12,6.18,17187386,0.0
2019-08-19,6.17,6.2,6.08,6.1,14187777,0.0
2019-08-20,6.12,6.2,6.11,6.16,8411263,0.0
2019-08-21,6.16,6.195,6.115,6.155,9082267,0.0
2019-08-22,6.14,6.18,5.96,5.99,16538380,0.0
2019-08-25,6.05,6.08,6.02,6.08,11080802,0.0
2019-08-26,6.1,6.13,6.02,6.05,16762515,0.0
2019-08-27,6.03,6.17,6.03,6.13,15875709,0.0
2019-08-28,6.17,6.24,6.16,6.21,17483172,0.0
2019-08-29,6.23,6.24,6.16,6.175,10604855,0.0
2019-09-02,6.13,6.18,6.1,6.16,12442433,0.0
2019-09-03,6.22,6.24,6.19,6.22,17383086,0.0
2019-09-04,6.25,6.31,6.22,6.28,16016533,0.0
2019-09-05,6.28,6.31,6.235,6.26,20553802,0.0
2019-09-08,6.26,6.31,6.205,6.3,17206082,0.0
2019-09-09,6.27,6.36,6.26,6.35,14105807,0.0
2019-09-10,6.39,6.5,6.37,6.5,22053233,0.0
2019-09-11,6.5,6.51,6.37,6.445,16764231,0.0
2019-09-12,6.47,6.48,6.35,6.39,13913288,0.0
2019-09-15,6.35,6.38,6.31,6.38,13963450,0.0
2019-09-16,6.35,6.49,6.32,6.47,18872709,0.0
2019-09-17,6.47,6.47,6.32,6.385,17522650,0.0
2019-09-18,6.38,6.39,6.33,6.335,11523492,0.0
2019-09-19,6.36,6.37,6.23,6.24,26936840,0.0
2019-09-22,6.29,6.33,6.28,6.29,10042558,0.0
2019-09-23,6.36,6.3662,6.22,6.235,14115547,0.0
2019-09-24,6.23,6.34,6.23,6.315,11103413,0.0
2019-09-25,6.3,6.33,6.22,6.27,8664582,0.0
2019-09-26,6.29,6.31,6.17,6.2,12627735,0.0
2019-09-29,6.25,6.27,6.22,6.25,10466326,0.0
2019-09-30,6.28,6.34,6.17,6.19,13296255,0.0
2019-10-01,6.18,6.255,6.165,6.23,15363465,0.0
2019-10-02,6.23,6.37,6.18,6.34,18720365,0.0
2019-10-03,6.35,6.45,6.35,6.37,25788560,0.0
2019-10-06,6.36,6.405,6.31,6.325,22984193,0.0
2019-10-07,6.31,6.32,6.23,6.245,30589010,0.0
2019-10-08,6.26,6.28,6.19,6.24,19702279,0.0
2019-10-09,6.23,6.31,6.22,6.245,25204203,0.0
2019-10-10,6.31,6.375,6.3,6.315,24044190,0.0
2019-10-13,6.31,6.36,6.25,6.335,18268971,0.0
2019-10-14,6.34,6.465,6.34,6.435,31427184,0.0
2019-10-15,6.41,6.48,6.37,6.43,28193752,0.0
2019-10-16,6.47,6.5,6.4025,6.49,25957623,0.0
2019-10-17,6.5,6.5,6.41,6.435,24617773,0.0
2019-10-20,6.455,6.485,6.37,6.42,12158687,0.0
2019-10-21,6.42,6.43,6.38,6.405,14458557,0.0
2019-10-22,6.41,6.47,6.4,6.45,10090193,0.0
2019-10-23,6.41,6.47,6.32,6.47,21468497,0.0
2019-10-24,6.44,6.5,6.4,6.43,15372476,0.0
2019-10-27,6.45,6.49,6.44,6.465,9642931,0.0
2019-10-28,6.44,6.47,6.35,6.365,19182492,0.0
2019-10-29,6.4,6.47,6.29,6.47,18925322,0.0
2019-10-30,6.48,6.75,6.48,6.72,37184552,0.0
2019-10-31,6.74,6.835,6.72,6.82,28252580,0.0
2019-11-03,6.85,6.86,6.75,6.76,15355515,0.0
2019-11-04,6.78,6.88,6.75,6.83,15435993,0.0
2019-11-05,6.83,6.85,6.76,6.785,14667393,0.0
2019-11-06,6.79,6.8581,6.78,6.8,16176928,0.0
2019-11-07,6.8,6.88,6.77,6.86,14292258,0.0
2019-11-10,6.82,6.99,6.805,6.965,13464094,0.0
2019-11-11,6.95,6.98,6.9,6.92,17403519,0.0
2019-11-12,6.92,6.98,6.88,6.89,22108836,0.0
2019-11-13,6.89,6.99,6.88,6.975,17835403,0.0
2019-11-14,6.99,7,6.91,6.92,15740462,0.0
2019-11-17,6.92,6.97,6.91,6.94,14308768,0.0
2019-11-18,6.96,6.99,6.91,6.97,13653758,0.0
2019-11-19,6.93,6.97,6.835,6.89,11742682,0.0
2019-11-20,6.94,6.97,6.84,6.965,23311412,0.0
2019-11-21,7,7,6.8,6.805,39756811,0.0
2019-11-24,6.83,6.88,6.77,6.85,21178583,0.0
2019-11-25,6.86,6.9,6.8237,6.9,21720916,0.0
2019-11-26,6.88,6.95,6.88,6.94,18597342,0.0
2019-11-28,6.96,7,6.88,6.98,8262333,0.0
2019-12-01,6.97,6.98,6.88,6.9,16381644,0.0
2019-12-02,6.91,6.92,6.695,6.78,29815260,0.0
2019-12-03,6.8,6.87,6.77,6.86,17822484,0.0
2019-12-04,6.89,6.89,6.825,6.87,18539201,0.0
2019-12-05,6.91,6.92,6.83,6.84,15331894,0.0
2019-12-08,6.83,6.88,6.82,6.86,7870542,0.0
2019-12-09,6.87,6.94,6.845,6.9,12428899,0.0
2019-12-10,6.9,6.91,6.84,6.865,12350173,0.0
2019-12-11,6.87,6.93,6.84,6.87,17535891,0.0
2019-12-12,6.89,6.96,6.85,6.92,20732924,0.0
2019-12-15,6.93,6.97,6.89,6.95,13068061,0.0
2019-12-16,6.96,6.99,6.9,6.98,14451042,0.0
2019-12-17,6.98,7.05,6.9675,7.04,18662025,0.0
2019-12-18,7.04,7.09,7.04,7.08,15696155,0.0
2019-12-19,7.09,7.18,7.08,7.17,26074641,0.0
2019-12-22,7.16,7.18,7.07,7.09,11915191,0.0
2019-12-23,7.12,7.15,7.11,7.135,4800209,0.0
2019-12-25,7.16,7.17,7.14,7.155,8169168,0.0
2019-12-26,7.17,7.2,7.12,7.135,8147792,0.0
2019-12-29,7.14,7.16,7.07,7.09,9259971,0.0
2019-12-30,7.09,7.16,7.08,7.15,9585559,0.0
2020-01-01,7.13,7.19,7.1,7.13,15080741,0.0
2020-01-02,7.05,7.14,7.01,7.09,23527854,0.0
2020-01-05,7.05,7.14,7.035,7.12,17590972,0.0
2020-01-06,7.08,7.155,7.05,7.07,17788582,0.0
2020-01-07,7.06,7.12,7.02,7.06,18762878,0.0
2020-01-08,7.07,7.135,7.03,7.045,14229055,0.0
2020-01-09,7.06,7.06,6.98,6.99,15353070,0.0
2020-01-12,7.01,7.05,6.96,7.05,14921341,0.0
2020-01-13,7.02,7.14,6.98,7.115,19052899,0.0
2020-01-14,7.12,7.2,7.1,7.17,19813136,0.0
2020-01-15,7.19,7.21,7.14,7.2,12724987,0.0
2020-01-16,7.21,7.23,7.16,7.17,13276894,0.0
2020-01-20,7.15,7.18,7.12,7.15,22600491,0.0
2020-01-21,7.18,7.21,7.12,7.2,56295482,0.0
2020-01-22,7.17,7.18,7.08,7.16,32260775,0.0
2020-01-23,7.15,7.18,7.05,7.11,32638368,0.0
2020-01-26,7.06,7.14,7.02,7.115,16858158,0.0
2020-01-27,7.13,7.16,7.1,7.13,15385561,0.0
2020-01-28,7.12,7.13,7.05,7.075,15087103,0.0
2020-01-29,7.05,7.19,7.02,7.19,20910612,0.0
2020-01-30,7.16,7.22,7.05,7.065,16612234,0.0
2020-02-02,7.1,7.2,7.08,7.17,21387605,0.0
2020-02-03,7.22,7.3,7.14,7.22,19149555,0.0
2020-02-04,7.26,7.29,7.17,7.17,17677902,0.0
2020-02-05,7.18,7.25,7.165,7.185,12621359,0.0
2020-02-06,7.14,7.16,7.09,7.115,14539569,0.0
2020-02-09,7.13,7.2,7.1185,7.2,13366626,0.0
2020-02-10,7.2,7.22,7.16,7.17,16029470,0.0
2020-02-11,7.17,7.23,7.17,7.21,12940845,0.0
2020-02-12,7.21,7.245,7.2,7.23,8639445,0.0
2020-02-13,7.23,7.25,7.2,7.21,11486462,0.0
2020-02-17,7.19,7.24,7.18,7.24,13031842,0.0
2020-02-18,7.22,7.31,7.21,7.255,18152623,0.0
2020-02-19,7.28,7.4,7.25,7.33,16776357,0.0
2020-02-20,7.33,7.34,7.23,7.24,15350354,0.0
2020-02-23,7.16,7.22,7.04,7.04,26976265,0.0
2020-02-24,7.08,7.11,6.95,6.97,33762662,0.0
2020-02-25,7,7.04,6.78,6.79,37901202,0.0
2020-02-26,6.7,6.75,6.45,6.45,52262404,0.0
2020-02-27,6.3,6.43,6.2,6.34,51760172,0.0
2020-03-01,6.28,6.55,6.255,6.54,35050107,0.0
2020-03-02,6.48,6.695,6.415,6.48,35579802,0.0
2020-03-03,6.57,6.66,6.56,6.64,18625940,0.0
2020-03-04,6.48,6.68,6.46,6.64,33226039,0.0
2020-03-05,6.36,6.55,6.33,6.45,31836236,0.0
2020-03-08,6.155,6.265,5.97,6.045,76418018,0.0
2020-03-09,6.16,6.34,5.96,6.34,38451649,0.0
2020-03-10,6.12,6.26,5.96,6.05,66105232,0.0
2020-03-11,5.66,5.95,5.28,5.55,74786886,0.0
2020-03-12,5.78,5.9,5.44,5.9,75589204,0.0
2020-03-15,5.24,5.73,4.98,5.01,86982632,0.0
2020-03-16,5.15,5.48,4.89,5.43,42456861,0.0
2020-03-17,5.15,5.23,4.525,4.7401,100671954,0.0
2020-03-18,4.67,4.92,4.51,4.785,39089592,0.0
2020-03-19,4.8,4.93,4.405,4.44,55156456,0.0
2020-03-22,4.38,4.6,4.11,4.52,108722165,0.0
2020-03-23,4.8,4.98,4.7,4.98,46871240,0.0
2020-03-24,4.98,5.32,4.92,5.05,24463954,0.0
2020-03-25,5.07,5.345,5.07,5.2,49909938,0.0
2020-03-26,5.04,5.06,4.9,4.93,22121728,0.0
2020-03-29,4.96,5.08,4.76,4.795,27946483,0.0
2020-03-30,4.84,5.12,4.7998,4.94,53282366,0.0
2020-03-31,4.76,4.91,4.6,4.64,23328926,0.0
2020-04-01,4.59,4.85,4.51,4.74,21128604,0.0
2020-04-02,4.73,4.76,4.41,4.475,29300326,0.0
2020-04-05,4.72,4.85,4.68,4.79,38230982,0.0
2020-04-06,4.92,5.1,4.82,4.9,50983268,0.0
2020-04-07,4.99,5.21,4.92,5.165,31983888,0.0
2020-04-08,5.24,5.38,5.15,5.245,39571936,0.0
2020-04-12,5.22,5.23,4.95,5.12,17114718,0.0
2020-04-13,5.17,5.44,5.14,5.42,21239557,0.0
2020-04-14,5.32,5.34,5.2,5.31,77367185,0.0
2020-04-15,5.32,5.38,5.215,5.3,38462149,0.0
2020-04-16,5.41,5.43,5.2,5.3,50867900,0.0
2020-04-19,5.2,5.33,5.17,5.23,42786884,0.0
2020-04-20,5.13,5.17,4.97,4.99,57048316,0.0
2020-04-21,5.13,5.13,5.03,5.04,46671848,0.0
2020-04-22,5.11,5.57,5.11,5.38,97812535,0.0
2020-04-23,5.46,5.54,5.29,5.505,86272994,0.0
2020-04-26,5.51,5.69,5.5,5.62,81265660,0.0
2020-04-27,5.89,6.02,5.58,5.75,32326753,0.0
2020-04-28,5.92,6.03,5.87,5.92,28985501,0.0
2020-04-29,5.92,6,5.8,5.92,43286988,0.0
2020-04-30,5.8,5.83,5.68,5.82,21900361,0.0
2020-05-03,5.75,5.825,5.61,5.755,45092067,0.0
2020-05-04,5.79,5.8,5.67,5.74,23513454,0.0
2020-05-05,5.76,5.77,5.62,5.68,23904632,0.0
2020-05-06,5.64,5.71,5.5,5.53,34860842,0.0
2020-05-07,5.62,5.75,5.57,5.75,57227912,0.0
2020-05-10,5.7,5.71,5.585,5.68,23224726,0.0
2020-05-11,5.66,5.68,5.41,5.44,29929104,0.0
2020-05-12,5.42,5.48,5.11,5.21,82378622,0.0
2020-05-13,5.16,5.31,5.0101,5.285,111287076,0.0
2020-05-14,5.25,5.34,5.18,5.335,24081094,0.0
2020-05-17,5.49,5.64,5.44,5.5,85457490,0.0
2020-05-18,5.54,5.57,5.42,5.45,34508573,0.0
2020-05-19,5.48,5.51,5.19,5.23,44620964,0.0
2020-05-20,5.23,5.23,5.06,5.195,49819879,0.0
2020-05-21,5.21,5.345,5.1725,5.305,37988993,0.0
2020-05-25,5.44,5.515,5.32,5.48,71034538,0.0
2020-05-26,5.65,5.835,5.64,5.775,45859010,0.0
2020-05-27,5.79,5.79,5.64,5.685,36260445,0.0
2020-05-28,5.66,5.85,5.57,5.85,79093942,0.0
2020-05-31,5.82,6,5.81,5.96,61645566,0.0
2020-06-01,6.04,6.05,5.93,5.98,31276117,0.0
2020-06-02,6.04,6.29,6.02,6.26,75739374,0.0
2020-06-03,6.24,6.5,6.21,6.45,55184328,0.0
2020-06-04,6.68,6.73,6.46,6.51,70513352,0.0
2020-06-07,6.57,6.58,6.46,6.505,58928734,0.0
2020-06-08,6.44,6.46,6.3,6.32,43181622,0.0
2020-06-09,6.34,6.35,6.09,6.21,49078780,0.0
2020-06-10,6.06,6.085,5.81,5.85,27354867,0.0
2020-06-11,6.02,6.06,5.855,5.86,6541914,0.0
2020-06-14,5.81,6.02,5.79,5.985,25871413,0.0
2020-06-15,6.18,6.19,5.92,6.035,48672971,0.0
2020-06-16,6.04,6.1,6,6.015,33778155,0.0
2020-06-17,6.01,6.09,5.97,6.07,19903610,0.0
2020-06-18,6.12,6.17,5.94,5.96,33302846,0.0
2020-06-21,5.95,6,5.87,5.96,22883830,0.0
2020-06-22,6.01,6.07,5.875,5.9,28843809,0.0
2020-06-23,5.89,5.89,5.71,5.78,31233562,0.0
2020-06-24,5.74,5.84,5.66,5.81,26701431,0.0
2020-06-25,5.8,5.81,5.52,5.54,28351518,0.0
2020-06-28,5.57,5.73,5.545,5.7,22052237,0.0
2020-06-29,5.69,5.89,5.65,5.88,35052579,0.0
2020-06-30,5.88,5.9572,5.79,5.89,25490990,0.0
2020-07-01,5.98,5.98,5.83,5.845,23475920,0.0
