Date,Open,High,Low,Close,Volume,OpenInterest
2016-07-13,55.14,55.21,54.78,54.79,564663,0.0
2016-07-14,54.83,54.9,54.38,54.42,666690,0.0
2016-07-17,54.3,54.75,54.165,54.31,983103,0.0
2016-07-18,54.35,54.86,54.09,54.58,776523,0.0
2016-07-19,55,55,54.6,54.88,562012,0.0
2016-07-20,54.75,54.83,54.28,54.45,574786,0.0
2016-07-21,54.56,54.92,54.17,54.81,297760,0.0
2016-07-24,54.9,55,54.54,54.62,623823,0.0
2016-07-25,54.49,54.61,53.98,54.17,897630,0.0
2016-07-26,54.48,54.63,53.87,54.02,931751,0.0
2016-07-27,54.02,54.48,53.8,54.31,528798,0.0
2016-07-28,54.36,54.435,53.86,54.16,846162,0.0
2016-07-31,54.32,54.56,53.53,54.56,481267,0.0
2016-08-01,54.63,54.69,53.94,54.13,509875,0.0
2016-08-02,54.17,54.46,53.925,54.36,783473,0.0
2016-08-03,54.55,54.735,54.27,54.67,436581,0.0
2016-08-04,55,55.17,54.69,55.16,613992,0.0
2016-08-07,55.16,55.319,54.97,55.13,427766,0.0
2016-08-08,55.26,55.68,55.21,55.5,447791,0.0
2016-08-09,55.43,55.785,55.035,55.74,559058,0.0
2016-08-10,55.87,55.94,55.59,55.87,306508,0.0
2016-08-11,55.87,55.95,55.6,55.74,344257,0.0
2016-08-14,55.85,56.29,55.44,56.05,659261,0.0
2016-08-15,56,56.2,55.7571,55.86,572510,0.0
2016-08-16,55.87,56.06,55.53,55.9,967074,0.0
2016-08-17,57.75,58.684,57.15,58.51,1256221,0.0
2016-08-18,58.5,58.67,57.98,58.58,986136,0.0
2016-08-21,58.36,58.87,58.2,58.51,695524,0.0
2016-08-22,58.61,59.04,58.52,58.93,559459,0.0
2016-08-23,58.81,59.03,58.12,58.61,590936,0.0
2016-08-24,58.59,58.825,58.3,58.74,535349,0.0
2016-08-25,58.85,59.29,58.25,59.13,602074,0.0
2016-08-28,59.09,59.52,59.09,59.29,421104,0.0
2016-08-29,59.45,59.59,59.03,59.08,652578,0.0
2016-08-30,59.1,59.43,58.72,59.29,932494,0.0
2016-08-31,58.96,59.41,58.66,59.13,842990,0.0
2016-09-01,59.33,59.8,59.15,59.675,665094,0.0
2016-09-05,59.5,59.815,59.23,59.8,411221,0.0
2016-09-06,59.79,60,59.73,59.93,501235,0.0
2016-09-07,59.88,59.98,59.385,59.715,501429,0.0
2016-09-08,59.38,59.46,58.32,58.32,617169,0.0
2016-09-11,57.98,59.13,57.63,59.09,486242,0.0
2016-09-12,58.53,59.09,57.86,57.93,701836,0.0
2016-09-13,58.14,58.25,57.62,57.72,746155,0.0
2016-09-14,57.7,58.6,57.43,58.4,661157,0.0
2016-09-15,58.34,58.34,57.84,57.98,588048,0.0
2016-09-18,58.09,58.68,57.72,58.53,562882,0.0
2016-09-19,58.91,58.95,58.33,58.34,437546,0.0
2016-09-20,58.51,59,58.42,58.99,633851,0.0
2016-09-21,59.08,59.8,58.87,59.65,567872,0.0
2016-09-22,59.28,59.67,59.28,59.38,501264,0.0
2016-09-25,58.99,59.37,58.81,59.2,492954,0.0
2016-09-26,59.08,59.72,58.8401,59.63,458992,0.0
2016-09-27,59.77,59.935,59.35,59.91,435662,0.0
2016-09-28,59.73,59.94,59.05,59.09,590674,0.0
2016-09-29,59.35,59.61,58.92,59.34,656858,0.0
2016-10-02,59.3,59.51,58.88,58.92,579676,0.0
2016-10-03,58.9,59.18,58.52,58.79,633894,0.0
2016-10-04,59.08,60.02,59.06,59.65,645002,0.0
2016-10-05,59.56,59.98,59.33,59.83,480853,0.0
2016-10-06,59.8,59.88,59.15,59.26,545851,0.0
2016-10-09,59.7,61.36,58.2,60.56,788160,0.0
2016-10-10,60.32,60.55,59.33,59.58,407069,0.0
2016-10-11,59.53,59.94,59.37,59.76,339005,0.0
2016-10-12,59.52,59.82,58.68,59.49,448154,0.0
2016-10-13,59.85,60.58,59.74,59.75,654658,0.0
2016-10-16,59.76,60.2,59.63,59.75,349350,0.0
2016-10-17,60.43,60.43,59.55,59.62,440421,0.0
2016-10-18,60.03,60.035,59.66,59.76,506214,0.0
2016-10-19,59.57,59.815,58.93,59.18,465061,0.0
2016-10-20,59.08,59.39,58.75,59.135,276970,0.0
2016-10-23,59.37,59.95,59.2602,59.45,336973,0.0
2016-10-24,59.3,59.39,58.32,58.61,474945,0.0
2016-10-25,58.56,59.01,58.25,58.55,441689,0.0
2016-10-26,58.79,59,58.15,58.33,399569,0.0
2016-10-27,58.25,58.8307,58.23,58.37,397588,0.0
2016-10-30,58.58,59.44,58.51,59.31,523050,0.0
2016-10-31,59.25,59.37,58.08,58.3,627386,0.0
2016-11-01,58.09,58.54,57.64,57.93,443504,0.0
2016-11-02,57.9,58.39,57.59,57.735,562883,0.0
2016-11-03,57.72,58.47,57.55,57.65,411232,0.0
2016-11-06,58.66,59.41,58.49,59.03,551048,0.0
2016-11-07,58.75,59.83,58.59,59.22,487597,0.0
2016-11-08,58.18,59.15,57.62,59.02,992480,0.0
2016-11-09,59.37,59.6499,58.26,58.62,896539,0.0
2016-11-10,58.67,59.9,58.45,59.63,580488,0.0
2016-11-13,61.9,62,59.76,59.81,1059223,0.0
2016-11-14,60.14,60.33,59.78,60.06,451227,0.0
2016-11-15,59.75,60.82,59.75,60.76,482145,0.0
2016-11-16,60.68,61.69,60.2703,61.49,529562,0.0
2016-11-17,61.71,61.86,61.08,61.11,378086,0.0
2016-11-20,61.28,61.6,61,61.33,437606,0.0
2016-11-21,61.58,61.58,61.07,61.3,491593,0.0
2016-11-22,61.05,61.31,60.84,61.08,346139,0.0
2016-11-24,61.1,61.69,61.1,61.53,278836,0.0
2016-11-27,61.33,61.58,61.11,61.3,355088,0.0
2016-11-28,61.17,61.47,61,61.17,603411,0.0
2016-11-29,61.11,61.2,60.48,60.48,776746,0.0
2016-11-30,58.52,59.45,56.67,56.84,1636307,0.0
2016-12-01,56.09,57.41,56.03,57.11,748248,0.0
2016-12-04,57.4,57.67,57.18,57.42,913569,0.0
2016-12-05,57.98,58.68,57.88,58,966598,0.0
2016-12-06,57.87,59.05,57.8,58.93,625953,0.0
2016-12-07,59.03,59.54,58.82,59.31,637561,0.0
2016-12-08,59.3,59.42,58.85,58.9,679820,0.0
2016-12-11,58.6,59.94,58.575,59.93,752145,0.0
2016-12-12,60.19,60.8,59.91,60.28,732314,0.0
2016-12-13,60.35,60.72,59.72,59.96,547544,0.0
2016-12-14,59.94,61.05,59.77,60.36,770354,0.0
2016-12-15,60.41,60.77,59.83,60.1,812241,0.0
2016-12-18,60.36,60.72,60.18,60.38,300360,0.0
2016-12-19,60.51,60.71,60.13,60.43,391909,0.0
2016-12-20,60.46,60.535,60.07,60.09,371723,0.0
2016-12-21,60,60,59.04,59.41,714518,0.0
2016-12-22,59.51,59.98,59.31,59.76,269226,0.0
2016-12-26,59.73,60.17,59.4,59.85,252552,0.0
2016-12-27,60.03,60.27,59.14,59.22,320540,0.0
2016-12-28,59.36,59.6,59.17,59.42,596265,0.0
2016-12-29,59.4,59.57,58.74,58.85,416577,0.0
2017-01-02,59.27,59.7,59.04,59.37,418999,0.0
2017-01-03,59.37,60.03,59.37,59.58,562868,0.0
2017-01-04,59.61,60.18,59.52,59.79,689745,0.0
2017-01-05,59.73,60.32,59.41,60,485123,0.0
2017-01-08,59.82,60.37,59.6306,60.08,324017,0.0
2017-01-09,60.34,60.94,60.12,60.69,496548,0.0
2017-01-10,60.66,61.21,60.6,60.91,319916,0.0
2017-01-11,60.61,60.93,59.85,60.89,238256,0.0
2017-01-12,61.12,61.44,60.87,61.34,253184,0.0
2017-01-16,61.05,61.24,60.44,60.75,317681,0.0
2017-01-17,60.82,61,60.51,60.75,328993,0.0
2017-01-18,60.77,61.39,60.67,60.91,473036,0.0
2017-01-19,60.89,61.5,60.74,60.77,370486,0.0
2017-01-22,60.58,60.91,60.41,60.83,235929,0.0
2017-01-23,61.1,62.55,61.0583,62.41,640058,0.0
2017-01-24,62.58,62.84,62.4,62.68,357807,0.0
2017-01-25,62.7,62.95,62.01,62.18,382051,0.0
2017-01-26,62.17,62.51,62.1,62.5,182779,0.0
2017-01-29,62.03,62.62,61.56,62.61,412635,0.0
2017-01-30,62.72,62.92,62.12,62.89,555573,0.0
2017-01-31,63.06,63.19,62.24,62.62,394439,0.0
2017-02-01,62.7,64.22,62.7,64.17,699689,0.0
2017-02-02,64.38,65.23,64.25,64.9,631678,0.0
2017-02-05,64.94,65.39,64.5346,65.18,594543,0.0
2017-02-06,65.3,65.57,65.05,65.2,427197,0.0
2017-02-07,65.22,65.28,64.75,64.79,550868,0.0
2017-02-08,65,65.61,64.8621,65.45,536038,0.0
2017-02-09,65.58,65.62,65.075,65.27,518615,0.0
2017-02-12,65.57,66.1899,65.36,65.95,519082,0.0
2017-02-13,65.67,65.98,65.31,65.84,510869,0.0
2017-02-14,65.64,66.47,65.56,66.23,676784,0.0
2017-02-15,71.73,73.08,70.18,70.67,2000666,0.0
2017-02-16,70.03,70.8586,69.18,70.51,1161530,0.0
2017-02-20,70.05,71.04,68.79,70.98,978996,0.0
2017-02-21,70.8,71.35,70.31,71.26,650233,0.0
2017-02-22,71.49,71.72,70.75,71.24,672373,0.0
2017-02-23,70.66,72.08,70.66,72.08,511597,0.0
2017-02-26,71.82,72.63,71.82,72.26,589298,0.0
2017-02-27,72,72.14,71.41,71.435,429432,0.0
2017-02-28,71.44,72.37,71.42,72.25,664678,0.0
2017-03-01,71.87,71.92,70.85,71,835676,0.0
2017-03-02,70.84,71.27,70.5,71.03,606050,0.0
2017-03-05,70.7,71.1075,70.6,70.735,654426,0.0
2017-03-06,70.64,71.36,70.5,71.085,306655,0.0
2017-03-07,70.94,71.72,70.925,71.34,399508,0.0
2017-03-08,71.4,71.61,71.12,71.38,264461,0.0
2017-03-09,71.64,71.89,71.3,71.83,259372,0.0
2017-03-12,71.8,72.28,71.7038,72.09,365080,0.0
2017-03-13,72.05,72.05,70.37,70.76,1809683,0.0
2017-03-14,71.08,71.08,69.42,70.24,2966353,0.0
2017-03-15,70.6,71.49,70.6,70.76,1637256,0.0
2017-03-16,71.36,71.56,70.99,71.12,1351397,0.0
2017-03-19,71.13,71.75,70.96,71.51,714333,0.0
2017-03-20,71.52,72.14,70.42,70.61,1012968,0.0
2017-03-21,70.42,71.16,70.42,71.07,596926,0.0
2017-03-22,71.26,71.65,71.04,71.22,494964,0.0
2017-03-23,71.5,71.76,70.9,71.15,427505,0.0
2017-03-26,70.77,71.61,70.371,71.36,400984,0.0
2017-03-27,71.29,72.21,71.26,71.96,846749,0.0
2017-03-28,71.71,72.35,71.71,72.27,803445,0.0
2017-03-29,72.05,72.28,72.02,72.21,469218,0.0
2017-03-30,72.06,72.42,71.93,72.13,312787,0.0
2017-04-02,72.43,72.74,71.5705,72.2,758478,0.0
2017-04-03,72.07,72.53,71.84,71.99,605187,0.0
2017-04-04,71.93,72.37,71.34,71.44,557781,0.0
2017-04-05,71.57,71.88,71.2,71.34,898897,0.0
2017-04-06,71.25,71.55,71.13,71.46,492468,0.0
2017-04-09,71.38,71.77,71.2,71.34,603685,0.0
2017-04-10,71.25,71.44,70.97,71.44,796966,0.0
2017-04-11,71.83,71.9,70.86,70.97,451837,0.0
2017-04-12,70.93,71.45,70.625,70.93,793305,0.0
2017-04-16,71.11,71.38,70.98,71.13,1037718,0.0
2017-04-17,70.9,71.84,70.85,71.76,920166,0.0
2017-04-18,71.87,72.45,71.77,72.21,701970,0.0
2017-04-19,72.44,72.68,72.22,72.55,881461,0.0
2017-04-20,72.51,72.69,72.3,72.6,451903,0.0
2017-04-23,73.24,74.22,73.15,73.84,907953,0.0
2017-04-24,73.96,74.16,73.28,73.34,874635,0.0
2017-04-25,73.53,73.53,73.09,73.25,655239,0.0
2017-04-26,73.35,74.04,73.35,73.64,588098,0.0
2017-04-27,73.69,73.77,73.34,73.71,1050514,0.0
2017-04-30,73.87,74.06,73.55,73.95,656252,0.0
2017-05-01,74,74.1692,73.61,73.74,603294,0.0
2017-05-02,73.6,73.92,73.46,73.79,685429,0.0
2017-05-03,73.94,74.28,73.79,73.99,638818,0.0
2017-05-04,74.03,74.3,73.88,74.3,550515,0.0
2017-05-07,74.2,74.3,73.485,73.78,483131,0.0
2017-05-08,73.94,74.4077,73.92,74.12,499381,0.0
2017-05-09,74.22,74.56,73.98,74.54,650266,0.0
2017-05-10,74.31,74.63,74.1,74.49,565692,0.0
2017-05-11,74.48,74.76,74.3,74.42,542598,0.0
2017-05-14,74.52,75.09,74.5,74.96,709269,0.0
2017-05-15,75.08,75.19,74.7,75.125,931019,0.0
2017-05-16,74.7,74.8389,73.39,73.39,1350422,0.0
2017-05-17,75,75.34,70.87,70.93,2422573,0.0
2017-05-18,71,71.49,70.55,70.96,1940214,0.0
2017-05-21,71.07,72.32,71.01,72.24,1144200,0.0
2017-05-22,72.48,73.11,72.04,72.6,991043,0.0
2017-05-23,72.96,73.22,72.36,73.01,1147801,0.0
2017-05-24,73.13,73.71,72.91,73.54,828984,0.0
2017-05-25,73.85,74.71,73.62,74.37,1069062,0.0
2017-05-29,74.31,74.74,74,74.69,1049062,0.0
2017-05-30,74.78,75,74.495,74.87,1202931,0.0
2017-05-31,75,75.41,74.53,74.93,924341,0.0
2017-06-01,75.13,75.99,74.99,75.83,988798,0.0
2017-06-04,75.61,76.25,75.61,75.77,688360,0.0
2017-06-05,75.71,76.43,75.41,75.81,649261,0.0
2017-06-06,76.23,76.33,75.58,76.07,644668,0.0
2017-06-07,76.12,76.45,75.72,76.12,593928,0.0
2017-06-08,75.95,76.57,74.43,74.93,948525,0.0
2017-06-11,74.39,74.76,73.05,73.88,1198748,0.0
2017-06-12,74.12,74.67,73.95,74.66,930270,0.0
2017-06-13,74.95,74.96,73.71,74.34,743531,0.0
2017-06-14,74.11,74.11,73.13,74.01,752993,0.0
2017-06-15,73.77,74.325,73.58,73.8,756511,0.0
2017-06-18,73.73,75.175,73.72,74.71,777379,0.0
2017-06-19,74.45,75.27,74.45,74.61,617528,0.0
2017-06-20,74.95,74.98,74.14,74.66,631478,0.0
2017-06-21,74.74,74.92,74.04,74.6,614635,0.0
2017-06-22,74.59,74.87,74.31,74.36,605586,0.0
2017-06-25,74.36,74.935,74.26,74.51,592558,0.0
2017-06-26,74.39,74.815,73.61,73.64,640343,0.0
2017-06-27,73.98,74.46,73.65,74.269,576470,0.0
2017-06-28,74.04,74.25,72.4,72.97,630580,0.0
2017-06-29,73.02,73.35,72.755,72.92,461190,0.0
2017-07-02,73.37,73.44,72.08,72.1,370026,0.0
2017-07-04,72.43,72.99,72.0501,72.74,763103,0.0
2017-07-05,72.48,72.655,71.94,72.53,701144,0.0
2017-07-06,72.67,73.53,72.26,73.17,450820,0.0
2017-07-09,73.22,73.841,73.04,73.52,532889,0.0
2017-07-10,73.51,73.89,73.0358,73.55,459529,0.0
2017-07-11,74,75.25,73.4257,75.16,666615,0.0
2017-07-12,75.16,75.43,74.71,74.9,460306,0.0
2017-07-13,75.04,75.41,74.67,75.26,354176,0.0
2017-07-16,75.3,75.83,75.02,75.64,351748,0.0
2017-07-17,75.49,75.69,75.16,75.66,255743,0.0
2017-07-18,75.85,76.51,75.74,76.41,375854,0.0
2017-07-19,76.48,76.56,75.49,75.84,386808,0.0
2017-07-20,75.59,76.18,75.59,75.9,299264,0.0
2017-07-23,75.95,76.36,75.7276,76.34,216379,0.0
2017-07-24,76.02,76.97,76.02,76.41,585670,0.0
2017-07-25,76.57,77.25,76.47,76.69,262858,0.0
2017-07-26,76.85,77.29,75.61,76.36,520998,0.0
2017-07-27,76.23,76.68,75.98,76.43,226034,0.0
2017-07-30,76.6,76.85,76.08,76.58,325521,0.0
2017-07-31,76.9,76.9,76.37,76.76,379714,0.0
2017-08-01,76.81,76.96,75.63,76.03,446247,0.0
2017-08-02,76.11,76.28,75.53,76.08,517081,0.0
2017-08-03,76.06,76.64,75.82,76.61,251464,0.0
2017-08-06,76.69,77.22,76.48,77.14,341250,0.0
2017-08-07,77.13,77.55,76.75,76.82,540000,0.0
2017-08-08,76.45,77.05,76.2288,76.85,413530,0.0
2017-08-09,76.56,76.6952,75.59,75.64,591999,0.0
2017-08-10,76,76.5,75.63,76.28,425769,0.0
2017-08-13,76.86,77.495,76.83,77.29,337144,0.0
2017-08-14,77.49,78.97,76.95,78.21,721980,0.0
2017-08-15,78.31,79.45,78.06,79.09,704999,0.0
2017-08-16,76.72,79.66,76.6125,76.76,1251831,0.0
2017-08-17,76.83,78.005,76.71,77.22,914489,0.0
2017-08-20,77.32,78.015,77.16,77.95,580231,0.0
2017-08-21,78.22,78.94,77.89,78.84,497099,0.0
2017-08-22,78.57,78.94,78.51,78.53,461829,0.0
2017-08-23,78.68,78.78,77.87,78.55,354724,0.0
2017-08-24,78.75,79.36,78.43,78.49,510363,0.0
2017-08-27,78.83,79.03,78.4454,78.8,594458,0.0
2017-08-28,78.14,78.9889,78,78.82,525082,0.0
2017-08-29,78.71,79.86,78.66,79.6,376553,0.0
2017-08-30,79.75,80.45,79.57,80.41,611274,0.0
2017-08-31,80.05,80.7,80.05,80.41,539163,0.0
2017-09-04,79.99,80.38,79.28,80,458754,0.0
2017-09-05,80.07,80.1901,79.52,80,490135,0.0
2017-09-06,80.12,80.55,79.78,79.79,554164,0.0
2017-09-07,79.78,79.96,79.33,79.54,415330,0.0
2017-09-10,79.93,80.49,79.34,79.6,560200,0.0
2017-09-11,79.62,79.685,78.66,79.57,660992,0.0
2017-09-12,79.37,79.37,78.88,79.11,235534,0.0
2017-09-13,79.01,80.46,78.73,80.2,504178,0.0
2017-09-14,80.13,80.48,79.52,79.8,574624,0.0
2017-09-17,79.94,80.59,79.88,80.43,395253,0.0
2017-09-18,80.6,81.57,80.47,81.15,556229,0.0
2017-09-19,81,81.23,80.1,80.68,449911,0.0
2017-09-20,80.73,80.8,79.76,80.07,276849,0.0
2017-09-21,79.72,80.65,79.72,80.37,282192,0.0
2017-09-24,80.19,80.3499,79.04,79.43,295841,0.0
2017-09-25,79.71,80.02,79,79.16,382382,0.0
2017-09-26,79.5,80.13,79.39,79.82,395226,0.0
2017-09-27,79.63,79.99,79.1501,79.87,246795,0.0
2017-09-28,79.94,80.55,79.69,80.54,520191,0.0
2017-10-01,80.67,81.54,80.67,81.17,777059,0.0
2017-10-02,81.27,81.53,81.04,81.27,416789,0.0
2017-10-03,81.13,81.93,80.94,81.89,300610,0.0
2017-10-04,82,82.16,81.52,82.07,306557,0.0
2017-10-05,82.03,82.545,81.52,82.48,283577,0.0
2017-10-08,82.48,82.84,82.401,82.71,242031,0.0
2017-10-09,82.57,82.74,82.18,82.66,418487,0.0
2017-10-10,82.66,83.41,82.65,82.86,1127335,0.0
2017-10-11,83.1,84.93,83,84.74,761039,0.0
2017-10-12,84.96,85,84.3,84.62,595219,0.0
2017-10-15,84.6,84.995,84.05,84.07,331980,0.0
2017-10-16,83.77,84,83.47,83.74,320705,0.0
2017-10-17,83.7,83.725,82.72,83.18,307287,0.0
2017-10-18,82.69,83.39,82.44,83.38,469871,0.0
2017-10-19,83.72,84.55,83.64,84.32,418094,0.0
2017-10-22,84.53,84.98,84.18,84.28,334252,0.0
2017-10-23,84.31,84.95,83.92,84.79,466884,0.0
2017-10-24,85.45,86.81,85.22,85.69,910782,0.0
2017-10-25,85.99,87,85.74,86.8,750872,0.0
2017-10-26,87.45,87.9,86.13,87.19,517335,0.0
2017-10-29,86.87,87.18,86.05,86.27,586543,0.0
2017-10-30,86.58,86.69,86.14,86.52,376948,0.0
2017-10-31,87.07,87.21,85.71,86.13,479001,0.0
2017-11-01,86.16,87.01,86.05,86.95,439351,0.0
2017-11-02,86.9,87.52,86.56,86.92,432857,0.0
2017-11-05,86.96,87.47,86.02,87.23,455437,0.0
2017-11-06,87.4,87.91,86.75,86.9,774516,0.0
2017-11-07,86.89,87.24,86.8,87.05,636388,0.0
2017-11-08,86.48,86.955,85.68,86.89,452490,0.0
2017-11-09,86.41,87.34,86.28,87.29,1029623,0.0
2017-11-12,87.08,87.94,87.05,87.81,534532,0.0
2017-11-13,87.54,88.08,87.27,87.76,675474,0.0
2017-11-14,87.36,88.08,87.08,87.63,468318,0.0
2017-11-15,88.06,89.23,87.912,89.04,792137,0.0
2017-11-16,88.89,89.4,88.35,88.37,590646,0.0
2017-11-19,88.51,89.03,88.42,88.88,515354,0.0
2017-11-20,89.28,89.81,89.05,89.37,410352,0.0
2017-11-21,89.29,89.56,88.88,89.34,359150,0.0
2017-11-23,89.55,90.33,89.46,90.14,226291,0.0
2017-11-26,90.08,90.08,89.08,89.23,675252,0.0
2017-11-27,89.82,90.31,89.3,89.82,674100,0.0
2017-11-28,89.7,89.74,86.4701,86.66,1159486,0.0
2017-11-29,94.7,94.8,90.36,90.38,1966309,0.0
2017-11-30,90.44,91.19,88.29,90.32,1353054,0.0
2017-12-03,90.62,91.4453,87.71,87.72,843132,0.0
2017-12-04,87.46,89.01,87.01,87.36,761274,0.0
2017-12-05,87.27,88.79,86.77,88.64,733130,0.0
2017-12-06,89.05,90.54,88.55,90.33,848819,0.0
2017-12-07,90.67,91.32,90.32,90.53,755783,0.0
2017-12-10,90.42,91,89.43,89.56,692868,0.0
2017-12-11,87.39,88.53,86.7792,87.59,1037367,0.0
2017-12-12,88.05,89.2,87.88,88.25,750840,0.0
2017-12-13,88.5,89.03,87.53,87.99,654823,0.0
2017-12-14,88.16,88.84,87.51,87.86,1513761,0.0
2017-12-17,88.7,89.54,87.7183,87.93,1037209,0.0
2017-12-18,87.87,88.55,87.41,88.36,896559,0.0
2017-12-19,88.46,88.46,86.94,87.1,491752,0.0
2017-12-20,87.58,87.81,86.23,86.49,418573,0.0
2017-12-21,86.4,86.42,85.34,85.81,625998,0.0
2017-12-25,85.65,85.91,85.225,85.35,625807,0.0
2017-12-26,85.5,86.23,85.05,85.7,734413,0.0
2017-12-27,86,86.24,85.17,85.65,426110,0.0
2017-12-28,85.57,86.16,85.22,85.25,383789,0.0
2018-01-01,85.9,86.13,85.08,86.03,717631,0.0
2018-01-02,85.94,87.25,85.74,87.05,629618,0.0
2018-01-03,87.25,88.7,87.05,87.89,732784,0.0
2018-01-04,88.28,89.4,87.9,88.93,642780,0.0
2018-01-07,88.74,89.92,88.56,89.77,508725,0.0
2018-01-08,89.91,90.47,89.36,89.72,549474,0.0
2018-01-09,89.28,89.6,88.84,89.33,476493,0.0
2018-01-10,89.41,90.41,89.06,89.71,484220,0.0
2018-01-11,89.89,90.6,89.55,90.37,300370,0.0
2018-01-15,90.41,91.29,89.03,89.27,684844,0.0
2018-01-16,89.94,91.29,89.82,91,401875,0.0
2018-01-17,90.75,92.02,90.75,91.47,631633,0.0
2018-01-18,91.88,92.69,91.365,92.6,648167,0.0
2018-01-21,92.47,93.49,92.04,92.95,483377,0.0
2018-01-22,93.02,93.46,92.5,93.38,348541,0.0
2018-01-23,93.83,94.14,92.72,92.84,417032,0.0
2018-01-24,93.16,93.69,91.71,91.91,440429,0.0
2018-01-25,92.43,93.08,92.16,92.95,481715,0.0
2018-01-28,92.52,92.985,91.2,91.26,562426,0.0
2018-01-29,91.23,91.92,90.99,91.34,521933,0.0
2018-01-30,91.51,92.91,91.275,92.61,675904,0.0
2018-01-31,91.89,92.94,90.89,91.38,704784,0.0
2018-02-01,90.83,91.57,90.14,90.17,627868,0.0
2018-02-04,89.92,91.37,87.62,87.62,997727,0.0
2018-02-05,86.6,87.92,83.83,87.45,1240737,0.0
2018-02-06,86.89,87.68,85.82,85.86,1043371,0.0
2018-02-07,85.85,86.25,82.56,82.62,1293598,0.0
2018-02-08,83.32,85.16,82.1,84.35,1201514,0.0
2018-02-11,84.77,85.79,84.38,85.33,672229,0.0
2018-02-12,84.76,85.77,84.36,85.52,532614,0.0
2018-02-13,84.77,86.68,84.56,86.62,1020896,0.0
2018-02-14,87.03,89.13,86.39,88.98,811505,0.0
2018-02-15,88.86,89.76,88.771,89.06,840005,0.0
2018-02-19,88.84,89.99,88.52,89.77,767679,0.0
2018-02-20,89.9,90.39,88.42,88.53,981658,0.0
2018-02-21,91.15,92.88,84.35,84.37,2777581,0.0
2018-02-22,85.2,85.58,84.22,85.25,1152566,0.0
2018-02-25,85.79,86.225,84.89,85.47,634449,0.0
2018-02-26,85.9,86.37,84.87,84.92,724256,0.0
2018-02-27,85.27,86.14,84.67,84.67,614380,0.0
2018-02-28,84.67,85.19,83.62,84.53,1263731,0.0
2018-03-01,83.81,85.95,83.09,85.77,700877,0.0
2018-03-04,85.44,86.39,84.5,86.06,444997,0.0
2018-03-05,86.21,86.8,86.03,86.27,533218,0.0
2018-03-06,85.96,86.82,85.78,86.74,425676,0.0
2018-03-07,87,88.75,86.79,88.64,1099986,0.0
2018-03-08,88.96,89.86,88.14,89.73,603260,0.0
2018-03-11,89.9,89.99,89.06,89.09,369886,0.0
2018-03-12,89.58,90.1,88.17,88.49,488814,0.0
2018-03-13,88.92,89.09,87.29,87.83,372848,0.0
2018-03-14,88.04,88.59,87.415,87.81,376226,0.0
2018-03-15,88.11,88.44,87.49,88.06,525085,0.0
2018-03-18,87.72,87.91,85.76,86.64,520046,0.0
2018-03-19,86.71,87.25,86.52,86.71,319702,0.0
2018-03-20,86.6,87.51,86.14,86.6,439131,0.0
2018-03-21,85.72,86.44,84.74,84.82,557610,0.0
2018-03-22,84.74,85,82.34,82.36,486139,0.0
2018-03-25,83.43,84.32,82.66,84.23,532520,0.0
2018-03-26,84.69,85.41,82.5,82.9,673019,0.0
2018-03-27,82.81,84.01,82.15,82.3,816859,0.0
2018-03-28,82.7,84.49,82.46,83.24,609119,0.0
2018-04-01,83.01,83.4,80.13,80.78,778043,0.0
2018-04-02,81.04,81.86,80.51,81.64,530385,0.0
2018-04-03,80.67,82.94,80.26,82.74,640307,0.0
2018-04-04,83.4,83.78,82.81,82.96,515663,0.0
2018-04-05,82.55,83.03,80.91,81.39,867651,0.0
2018-04-08,81.76,83.41,81.6284,81.76,444996,0.0
2018-04-09,82.53,83.26,81.96,82.63,778007,0.0
2018-04-10,82.22,83.9,82.15,83.15,570537,0.0
2018-04-11,83.28,84.93,82.5828,84.47,374197,0.0
2018-04-12,84.84,84.94,83.55,83.82,518151,0.0
2018-04-15,84.06,84.56,83.37,84.48,623720,0.0
2018-04-16,85,86.27,84.42,86.2,576392,0.0
2018-04-17,85.89,86.2699,85.34,85.69,367727,0.0
2018-04-18,85.42,85.745,83.82,84.14,571483,0.0
2018-04-19,84,84.1684,82.64,83,1124585,0.0
2018-04-22,83.32,83.88,82.555,82.6,639689,0.0
2018-04-23,83.48,85.12,83.02,84.04,1298744,0.0
2018-04-24,83.94,85.27,82.38,83.75,1040924,0.0
2018-04-25,84.08,85.62,83.67,85.41,691930,0.0
2018-04-26,85.47,85.78,84.69,85.2,482921,0.0
2018-04-29,85.5,85.9,85.2443,85.48,700039,0.0
2018-04-30,85.4,86.15,85.17,86.06,446464,0.0
2018-05-01,85.84,86.49,85.4,86.03,651797,0.0
2018-05-02,85.87,86.53,85.14,86.49,842056,0.0
2018-05-03,86.13,88.03,85.55,87.73,328302,0.0
2018-05-06,88.1,89.31,88.02,89,737234,0.0
2018-05-07,88.89,89.62,88.3911,89.06,570573,0.0
2018-05-08,89.26,90.975,88.96,90.83,503019,0.0
2018-05-09,91.03,91.39,90.71,91.19,700695,0.0
2018-05-10,91.05,91.64,90.66,91.01,538933,0.0
2018-05-13,91.15,91.4,89.79,89.81,521781,0.0
2018-05-14,89.18,89.435,88.45,88.69,698769,0.0
2018-05-15,88.71,89.17,88.17,88.97,586461,0.0
2018-05-16,88.76,89.35,88.3144,88.9,334488,0.0
2018-05-17,88.89,89.5,88.67,89.26,653775,0.0
2018-05-20,89.58,89.96,89.04,89.44,474221,0.0
2018-05-21,89.62,90.1599,89.14,89.27,507225,0.0
2018-05-22,88.75,90.34,88.21,90.32,726468,0.0
2018-05-23,88.1,90.33,86.51,88.53,1712643,0.0
2018-05-24,88.81,88.81,87.69,88.35,620833,0.0
2018-05-28,87.98,88.24,87.26,87.77,552951,0.0
2018-05-29,88.11,88.49,87.49,87.49,429785,0.0
2018-05-30,88.07,88.86,87.61,88.09,718690,0.0
2018-05-31,88.49,89.54,88,89.46,551155,0.0
2018-06-03,89.38,89.95,88.77,89.66,385389,0.0
2018-06-04,90,90.43,89.67,90.32,562345,0.0
2018-06-05,90.97,91.53,90.65,91.48,635546,0.0
2018-06-06,91.31,91.67,89.47,90.13,525185,0.0
2018-06-07,89.93,90.54,89.5,90.51,454260,0.0
2018-06-10,90.5,90.66,90.12,90.59,364824,0.0
2018-06-11,90.65,91.05,90.2501,90.79,267978,0.0
2018-06-12,90.79,91.39,90.32,90.5,357712,0.0
2018-06-13,90.86,91.36,90.34,90.87,299223,0.0
2018-06-14,90.9,90.92,89.83,90.56,592224,0.0
2018-06-17,89.56,90.57,89.1874,90.48,635898,0.0
2018-06-18,89.6,89.93,88.945,89.19,765228,0.0
2018-06-19,89.7,90.99,89.38,90.3,709481,0.0
2018-06-20,90.29,90.72,89.14,89.23,429529,0.0
2018-06-21,89.52,89.7,88.05,88.12,468743,0.0
2018-06-24,87.69,88.09,85.97,86.52,722058,0.0
2018-06-25,86.67,87.25,86.31,86.39,531285,0.0
2018-06-26,86.6,87.44,84.45,84.58,817234,0.0
2018-06-27,84.56,85.26,84.01,84.99,474016,0.0
2018-06-28,85.27,86.13,85.157,85.59,814858,0.0
2018-07-01,85.13,86.46,84.75,86.42,483865,0.0
2018-07-02,86.89,87.085,85.87,86.27,332006,0.0
2018-07-04,86.86,87.41,86.4,87.17,424444,0.0
2018-07-05,87.14,88.27,87.13,88.19,517740,0.0
2018-07-08,88.52,88.75,87.75,88.5,510032,0.0
2018-07-09,88.82,89.05,88.26,88.98,716597,0.0
2018-07-10,88.23,89.29,88.23,89.19,618874,0.0
2018-07-11,89.68,91.56,89.17,91.47,635078,0.0
2018-07-12,91.22,91.67,91.09,91.42,411080,0.0
2018-07-15,91.58,91.79,91.21,91.5,605827,0.0
2018-07-16,91,92.449,90.785,92.12,751213,0.0
2018-07-17,92.11,92.62,91.6,91.94,930051,0.0
2018-07-18,91.75,92.34,91.55,91.78,511751,0.0
2018-07-19,91.73,92.5,91.6,91.69,788355,0.0
2018-07-22,91.69,92,91.22,91.83,387650,0.0
2018-07-23,92.25,92.7,91.675,91.97,722882,0.0
2018-07-24,91.84,93.17,91.84,93.17,792598,0.0
2018-07-25,93.1,93.58,92.83,93.15,454407,0.0
2018-07-26,93.23,93.66,91.91,92.58,1389406,0.0
2018-07-29,92.39,92.75,89.27,89.3,1469083,0.0
2018-07-30,89.61,90.04,88.48,89.43,670209,0.0
2018-07-31,89.23,90.44,89.23,89.76,473653,0.0
2018-08-01,89.02,90.7,89.02,90.66,761264,0.0
2018-08-02,90.9,91.23,90.3,91.12,334285,0.0
2018-08-05,91.04,92.38,90.7,92.33,502809,0.0
2018-08-06,92.42,92.89,91.98,92.65,999602,0.0
2018-08-07,92.67,92.99,92.17,92.86,474136,0.0
2018-08-08,92.99,93.74,92.96,93.41,709004,0.0
2018-08-09,92.77,93.87,92.77,93.54,784232,0.0
2018-08-12,93.65,94.105,92.39,92.85,596278,0.0
2018-08-13,92.9,93.47,92.65,93.2,386750,0.0
2018-08-14,92.59,93.1,91.63,92.63,507295,0.0
2018-08-15,93.31,93.54,92.7,93.44,544355,0.0
2018-08-16,93.05,93.5,92.535,93.34,536384,0.0
2018-08-19,93.7,93.98,92.88,93.55,517297,0.0
2018-08-20,93.63,94.22,93.63,93.92,450932,0.0
2018-08-21,93.76,94.8,93.76,94.7,726237,0.0
2018-08-22,98.57,101.76,96.57,100.73,3447066,0.0
2018-08-23,101.1,102.41,100.69,102.13,1264470,0.0
2018-08-26,102.5,102.91,102.02,102.13,815498,0.0
2018-08-27,102.03,102.66,101.36,101.87,531484,0.0
2018-08-28,102.03,102.83,101.58,102.16,547657,0.0
2018-08-29,101.88,102.29,101.65,102.04,495902,0.0
2018-08-30,101.94,102.66,101.88,102.14,420214,0.0
2018-09-03,101.54,102.14,101.19,101.83,496957,0.0
2018-09-04,101.32,101.76,99.8684,100.68,858998,0.0
2018-09-05,100.71,101.95,100.54,101.78,702316,0.0
2018-09-06,101.28,102.23,101,102.07,752226,0.0
2018-09-09,102.5,103,102.19,102.57,991532,0.0
2018-09-10,102.61,102.88,102.11,102.44,992601,0.0
2018-09-11,101.325,102.5,101.325,102.09,687666,0.0
2018-09-12,102.54,103,102.21,102.79,513419,0.0
2018-09-13,103,103.4,102.2562,102.73,462332,0.0
2018-09-16,102.5,102.5,99.92,100.07,841468,0.0
2018-09-17,100.16,100.95,99.56,99.59,604876,0.0
2018-09-18,99.93,99.93,98.16,98.94,671436,0.0
2018-09-19,99.86,100.01,99.2692,99.78,952317,0.0
2018-09-20,100.2,100.5,99.02,99.23,1033020,0.0
2018-09-23,98.6,99.63,98.01,99.42,945661,0.0
2018-09-24,99.32,99.95,98.7,98.82,1123891,0.0
2018-09-25,98.72,99.39,97.9,98.02,987976,0.0
2018-09-26,98.03,99.14,97.98,98.66,762490,0.0
2018-09-27,98.64,98.94,98.12,98.6,808432,0.0
2018-09-30,99.16,99.305,97.68,97.85,680917,0.0
2018-10-01,97.85,98.56,96.65,96.97,801237,0.0
2018-10-02,97.29,97.74,96.75,97.33,584048,0.0
2018-10-03,97.13,97.87,93.9,94.62,1042509,0.0
2018-10-04,94.63,95.22,92.65,93.2,1229196,0.0
2018-10-07,92.97,93.47,89.48,91.29,1338566,0.0
2018-10-08,91.09,92.1594,90.45,90.9,948537,0.0
2018-10-09,90.4,90.73,86.765,86.81,1085215,0.0
2018-10-10,86.7,88.46,85.57,85.76,1013799,0.0
2018-10-11,87.11,88.41,86.12,88.11,1075091,0.0
2018-10-14,87.67,87.8,86.41,86.87,707015,0.0
2018-10-15,87.85,89.44,87.52,89.23,731946,0.0
2018-10-16,89.47,89.72,88.44,89.58,602930,0.0
2018-10-17,89.23,89.29,88.27,88.55,1369769,0.0
2018-10-18,89.11,89.88,87.82,88.1,1264108,0.0
2018-10-21,88.46,89.42,87.83,88.82,666428,0.0
2018-10-22,88.73,92.72,88.27,92.41,1503829,0.0
2018-10-23,91.71,92.39,87.7,87.76,1101775,0.0
2018-10-24,88.56,90.26,87.69,89.64,865539,0.0
2018-10-25,87.3,89.07,86.42,87.5,811580,0.0
2018-10-28,88.9,89.77,85,86.92,949307,0.0
2018-10-29,87.17,88.1899,86.53,87.81,471181,0.0
2018-10-30,88.69,90.33,88.39,89.52,470037,0.0
2018-10-31,89.55,90.29,88.08,90.14,617107,0.0
2018-11-01,90.36,90.83,88.685,89.56,409565,0.0
2018-11-04,89.79,90.12,88.5203,89.98,474724,0.0
2018-11-05,89.84,90.5,88.66,90.27,794003,0.0
2018-11-06,91.22,93.44,91.13,93.21,857491,0.0
2018-11-07,92.96,94.35,92.8,94.35,549012,0.0
2018-11-08,93.86,94.44,92.5,93.35,514193,0.0
2018-11-11,93.09,93.09,89.53,89.73,614023,0.0
2018-11-12,90.07,91.03,89.37,89.9,547708,0.0
2018-11-13,90.69,91.172,89.395,89.59,798573,0.0
2018-11-14,88.535,91.9,88.535,91.56,769546,0.0
2018-11-15,90.63,90.89,89.77,90.05,1362835,0.0
2018-11-18,90.22,90.22,85.44,85.73,1105310,0.0
2018-11-19,84.94,86.01,82.76,85.16,1507382,0.0
2018-11-20,86.39,87.615,84.66,86.65,1341142,0.0
2018-11-22,85.77,86.23,84.9,85.55,479760,0.0
2018-11-25,86.67,88.42,85.84,88.32,1122709,0.0
2018-11-26,88.09,88.87,86.33,86.95,1179612,0.0
2018-11-27,87.33,90.45,86.7,90.45,1308455,0.0
2018-11-28,89.77,90.5,88.58,89.52,838424,0.0
2018-11-29,89.85,91.96,89.235,91.83,1232878,0.0
2018-12-02,92.96,93.85,91.79,92.929,1186238,0.0
2018-12-03,92.27,92.84,89.1,89.46,1123310,0.0
2018-12-05,91.06,93.15,86.99,91.17,2015803,0.0
2018-12-06,90.37,90.4841,87.1,87.81,1209309,0.0
2018-12-09,87.66,89.73,87.1,89.32,1048983,0.0
2018-12-10,90.6,90.97,88.69,89.07,1087326,0.0
2018-12-11,90.93,91.255,89.72,89.76,1110554,0.0
2018-12-12,90.39,90.59,88.5625,89.29,972743,0.0
2018-12-13,88.27,89.2,87.25,87.69,872743,0.0
2018-12-16,87.66,87.85,85.18,85.64,774749,0.0
2018-12-17,86.32,87.23,84.97,85.65,852961,0.0
2018-12-18,85.36,86.5,83.18,84.11,1246758,0.0
2018-12-19,84.17,85.07,82.5,83.71,1094721,0.0
2018-12-20,83.92,85,80.85,80.9,1402826,0.0
2018-12-23,80.47,81.38,79.14,79.23,458481,0.0
2018-12-25,79.8,82.84,79.4,82.78,2772261,0.0
2018-12-26,81.56,83.68,80.72,83.25,899291,0.0
2018-12-27,84.04,84.65,82.44,83.59,666726,0.0
2018-12-30,84.01,84.47,83.43,83.78,559801,0.0
2019-01-01,82.37,84.73,82.31,83.965,736358,0.0
2019-01-02,82.94,83.26,81.08,81.17,634760,0.0
2019-01-03,82.32,84.71,81.97,83.93,842329,0.0
2019-01-06,83.88,86.17,83.59,85.86,642896,0.0
2019-01-07,86.79,87.34,85.65,86.03,856367,0.0
2019-01-08,86.21,87.7,85.9,86.865,887332,0.0
2019-01-09,86.54,88.07,86.2,87.81,680209,0.0
2019-01-10,87.28,87.99,86.76,87.72,914989,0.0
2019-01-13,87.15,87.84,86.53,87.46,771641,0.0
2019-01-14,87.66,88.54,87.55,88.395,996868,0.0
2019-01-15,88.22,89.33,88.22,88.93,563639,0.0
2019-01-16,88.31,89.71,88.3,89.13,660294,0.0
2019-01-17,90.05,91.8424,89.35,91.39,997296,0.0
2019-01-21,90.76,91.39,89.39,89.56,753421,0.0
2019-01-22,89.95,91.22,89.38,89.96,767439,0.0
2019-01-23,90.02,91.46,90,91.45,998961,0.0
2019-01-24,92.44,93.8372,92.12,93.51,1045912,0.0
2019-01-27,92.39,92.39,90.89,91.61,534134,0.0
2019-01-28,91.45,91.53,89.77,90.33,491505,0.0
2019-01-29,90.69,92.5,90.26,92.44,624454,0.0
2019-01-30,92.47,93.81,92.17,93.36,570574,0.0
2019-01-31,93.51,94.88,92.9,94.85,650286,0.0
2019-02-03,95,97.59,94.87,97.53,1097126,0.0
2019-02-04,97.9,98.81,97.71,98.735,1235517,0.0
2019-02-05,98.75,99.82,98.25,99.75,910096,0.0
2019-02-06,98.7,99.1,97.7606,98.4,579335,0.0
2019-02-07,97.78,99.5,97.48,99.3332,424944,0.0
2019-02-10,99.68,99.86,98.72,98.94,577770,0.0
2019-02-11,99.71,101.71,99.1,101.67,794074,0.0
2019-02-12,102,102.28,100.63,100.66,725763,0.0
2019-02-13,100.28,101.33,100.09,100.8,727440,0.0
2019-02-14,101.57,101.74,100.82,101.59,465173,0.0
2019-02-18,101.24,101.88,100.63,101.87,623211,0.0
2019-02-19,102.36,103.73,102.36,103.02,1184217,0.0
2019-02-20,104.06,104.2,98.64,101.45,2876617,0.0
2019-02-21,101.71,102.83,101.03,102.3,1762561,0.0
2019-02-24,103,103.68,102.67,102.92,761203,0.0
2019-02-25,102.43,103.14,102.01,102.6,594771,0.0
2019-02-26,102.14,102.7,101.47,102.63,440400,0.0
2019-02-27,102.57,103.07,101.65,101.68,875219,0.0
2019-02-28,102.17,103.39,101.85,103.19,714267,0.0
2019-03-03,103.32,103.94,101.32,103,1013642,0.0
2019-03-04,102.95,103.52,102.58,103.39,724344,0.0
2019-03-05,103.38,104.18,102.81,103.7,794194,0.0
2019-03-06,103.54,103.8,102.55,103.27,904388,0.0
2019-03-07,100.65,103.3,100.65,103.21,943936,0.0
2019-03-10,103.52,105.5,103.52,105.39,895490,0.0
2019-03-11,105.82,107.26,105.79,106.92,1271781,0.0
2019-03-12,107.35,108.33,107.35,107.625,898791,0.0
2019-03-13,107.5,108.23,107.11,108.01,734163,0.0
2019-03-14,108.05,110.15,108,109.18,1371178,0.0
2019-03-17,109.03,109.69,108.74,109.31,1067971,0.0
2019-03-18,109.97,110.14,108.741,109.2,872176,0.0
2019-03-19,109.17,110.01,108.34,109.26,745601,0.0
2019-03-20,109.13,112.93,109.045,112.91,1166688,0.0
2019-03-21,112.4,112.5,110.29,110.31,1249020,0.0
2019-03-24,109.94,111.38,109.11,111.36,978116,0.0
2019-03-25,112.36,113.07,111.84,112.43,1099413,0.0
2019-03-26,112.52,113,110.9,112.47,1247607,0.0
2019-03-27,112.74,114.08,112.2383,113.92,771338,0.0
2019-03-28,114.71,115.2058,114,115.15,909196,0.0
2019-03-31,116.49,117.78,115.84,117.58,538411,0.0
2019-04-01,117.57,117.66,115.74,117.53,1372401,0.0
2019-04-02,118.45,119.23,116.94,117.45,1143580,0.0
2019-04-03,117.49,117.77,114.48,115.26,1114145,0.0
2019-04-04,115.88,116.74,115.02,116.61,799977,0.0
2019-04-07,116.22,116.67,114.83,116.43,530324,0.0
2019-04-08,116.12,117.01,116.06,116.7,571861,0.0
2019-04-09,116.8,117.73,116.6901,117.27,651072,0.0
2019-04-10,117.58,118.27,116.86,117.76,737387,0.0
2019-04-11,118.69,119.21,117.39,118.14,549072,0.0
2019-04-14,118.31,118.94,117.03,117.57,589997,0.0
2019-04-15,118.08,118.51,116.12,116.7,670948,0.0
2019-04-16,117.45,117.57,115.97,116.02,817759,0.0
2019-04-17,116.55,116.55,113.81,115.98,1014932,0.0
2019-04-21,115.7,117.46,115.01,116.98,421538,0.0
2019-04-22,118.42,120.745,118.03,119.9,1236461,0.0
2019-04-23,120.25,121.37,119.78,119.89,844748,0.0
2019-04-24,119.95,120.43,118.41,119.69,632519,0.0
2019-04-25,119.61,120.12,118.19,120.1,668600,0.0
2019-04-28,120.18,120.98,119.84,119.86,492267,0.0
2019-04-29,119.88,121.18,119.66,121.11,552251,0.0
2019-04-30,121.32,121.45,120.05,120.1,544617,0.0
2019-05-01,120,121,119.19,120.74,687726,0.0
2019-05-02,120.5,122.36,120.26,121.65,601643,0.0
2019-05-05,119.18,121.83,118.37,121.51,600963,0.0
2019-05-06,120.27,120.89,118.59,119.7,689057,0.0
2019-05-07,119.32,120.15,118.3,119.34,537578,0.0
2019-05-08,117.73,119.25,116.89,118.89,621121,0.0
2019-05-09,118.18,120.26,116.61,119.83,568964,0.0
2019-05-12,117.06,118.47,115.66,115.85,735348,0.0
2019-05-13,116.49,118.38,116.37,117.75,643790,0.0
2019-05-14,117.51,120.33,117.17,120.22,561256,0.0
2019-05-15,120.53,124.12,120.53,123.18,1938973,0.0
2019-05-16,123.5,123.8,121.1,121.39,1287354,0.0
2019-05-19,121.51,121.51,113.94,115.01,2043305,0.0
2019-05-20,116.39,117.13,115.05,115.71,1570034,0.0
2019-05-21,114.85,115.42,113.95,115.08,2269244,0.0
2019-05-22,116.4,119.87,115.51,117,2266932,0.0
2019-05-23,117.36,118.47,116.4,116.7,1739944,0.0
2019-05-27,117.1,119.38,117.1,117.84,1215899,0.0
2019-05-28,116.91,117.57,115.84,116.2,782541,0.0
2019-05-29,116.61,117.99,116.605,117,918490,0.0
2019-05-30,115.72,117.1962,115.5526,116.39,879807,0.0
2019-06-02,116.55,117.03,112.7566,113.4,1056990,0.0
2019-06-03,114.51,118.12,113.52,118.02,1399929,0.0
2019-06-04,119.35,120.99,119.01,120.99,1054124,0.0
2019-06-05,121.6,122.23,120.35,122.16,1142847,0.0
2019-06-06,122.9,124.13,122.47,123.97,786889,0.0
2019-06-09,124.86,126.87,124.52,126.25,953321,0.0
2019-06-10,127.45,127.91,124.59,126.14,1019941,0.0
2019-06-11,125.88,127.43,125.44,126.75,574010,0.0
2019-06-12,127.22,127.39,125.5,125.98,1336542,0.0
2019-06-13,126.07,126.145,123.4,124.8,1590412,0.0
2019-06-16,124.82,125.79,124.18,124.53,924473,0.0
2019-06-17,126.11,126.51,125.41,125.9,1053929,0.0
2019-06-18,126.39,128,126,127.65,895208,0.0
2019-06-19,128.58,130.36,128.3448,130.06,932647,0.0
2019-06-20,130.4,130.51,128.75,128.83,938274,0.0
2019-06-23,129.21,129.56,127.88,128.14,498006,0.0
2019-06-24,128.36,128.36,124.56,124.66,937174,0.0
2019-06-25,125.97,126.77,123.58,123.96,1294263,0.0
2019-06-26,124.03,125.86,124.03,125.6,843133,0.0
2019-06-27,126.42,128.84,125.67,128.83,1587076,0.0
2019-06-30,131.4,132.09,130.14,131.43,1295671,0.0
2019-07-01,131.99,133.5,131.6763,133.49,1027926,0.0
2019-07-02,133.07,135.25,133.07,134.88,745346,0.0
2019-07-04,133.78,135.54,132.37,135.42,861440,0.0
2019-07-07,134.66,135.68,134.445,135.63,1137485,0.0
2019-07-08,134.91,135.97,134.555,135.86,925334,0.0
2019-07-09,136.35,137.88,136.11,137.55,900048,0.0
2019-07-10,137.64,137.85,136.33,136.44,1018506,0.0
2019-07-11,137.61,137.73,135.58,137.4,592794,0.0
2019-07-14,137.64,137.69,135.81,137.46,572351,0.0
2019-07-15,137.44,137.52,135.78,135.92,657127,0.0
2019-07-16,136.53,137.1,135.67,135.7,493413,0.0
2019-07-17,135.27,136.52,134.66,136.04,818997,0.0
2019-07-18,136.69,136.86,134.86,134.97,672869,0.0
2019-07-21,135.58,136.41,135.07,135.39,488964,0.0
2019-07-22,135.15,136.29,134.19,136.2,807131,0.0
2019-07-23,135.98,137.78,135.05,137.61,536085,0.0
2019-07-24,136.93,138.25,136.43,137.56,636671,0.0
2019-07-25,138.28,138.72,137.02,137.09,469341,0.0
2019-07-28,137.39,137.39,133.85,136.18,548441,0.0
2019-07-29,135.13,136.36,134.85,135.36,467936,0.0
2019-07-30,135.65,135.65,131.07,132.79,631989,0.0
2019-07-31,133.35,135.67,131.78,132.52,629539,0.0
2019-08-01,132.07,132.07,128.06,129.35,816376,0.0
2019-08-04,125,126.75,123.85,124.73,1143324,0.0
2019-08-05,125.87,127.1974,125.04,126.22,753303,0.0
2019-08-06,126.71,127.575,124.1,127.03,557963,0.0
2019-08-07,127.81,132.36,127.81,132.05,783763,0.0
2019-08-08,131.05,131.71,129.31,130.94,571792,0.0
2019-08-11,129.88,130.5,127.32,128.17,686715,0.0
2019-08-12,127.97,132.86,127,132.15,969030,0.0
2019-08-13,129.18,129.81,125.99,126.71,1020861,0.0
2019-08-14,127.42,128.04,126.18,127.27,485022,0.0
2019-08-15,128.94,130,128.35,128.98,627352,0.0
2019-08-18,130.58,131.37,128.68,129.94,589318,0.0
2019-08-19,129.81,130.98,128.62,129.96,627664,0.0
2019-08-20,131.32,132.43,130.5737,131.76,1045281,0.0
2019-08-21,135,142,134.25,139,2638120,0.0
2019-08-22,137.47,140.82,134.51,135.04,1391860,0.0
2019-08-25,136.63,136.96,134.85,136.62,1158109,0.0
2019-08-26,137.29,137.8,135.7,136.69,986047,0.0
2019-08-27,136.21,137.22,134.79,136.71,936840,0.0
2019-08-28,138.5,142.37,138.5,141.31,950195,0.0
2019-08-29,142.28,142.94,140.69,141.79,631237,0.0
2019-09-02,140.08,141.29,138.47,139.28,787305,0.0
2019-09-03,141.17,143,140.4866,141.51,710972,0.0
2019-09-04,143.4,146.27,143.23,145.96,1085284,0.0
2019-09-05,146,146.66,145.32,145.5,774661,0.0
2019-09-08,146.2,146.5,140.6273,141.29,1152469,0.0
2019-09-09,140.54,140.54,134.39,135.28,1486630,0.0
2019-09-10,134.82,136.77,133.75,134.65,1433271,0.0
2019-09-11,135.13,138.62,135.13,137.4,1115907,0.0
2019-09-12,137.32,138.08,134.13,134.6,907938,0.0
2019-09-15,133.62,134.15,132.53,133.24,1022184,0.0
2019-09-16,133.05,136.88,132.51,136.72,911716,0.0
2019-09-17,136.66,137.07,133.64,136.53,693577,0.0
2019-09-18,136.67,138.73,136.46,137.14,557548,0.0
2019-09-19,137.11,137.9899,135.63,135.69,914930,0.0
2019-09-22,134.92,137.41,133.1175,137.11,561207,0.0
2019-09-23,137.96,139.37,135.15,136.55,843942,0.0
2019-09-24,136.06,139.68,134.55,139.33,815680,0.0
2019-09-25,139.46,141.45,139.03,140.75,660292,0.0
2019-09-26,141,141.31,134.4422,136.28,805971,0.0
2019-09-29,136.54,138.27,136.11,137.26,496859,0.0
2019-09-30,137.53,138.23,135.5101,135.97,562580,0.0
2019-10-01,134.9,135.35,131.59,133.31,865703,0.0
2019-10-02,133.71,136.07,131.5753,135.95,683662,0.0
2019-10-03,136.51,139.2,136.28,138.77,1236524,0.0
2019-10-06,139.96,139.96,137.7,137.89,866047,0.0
2019-10-07,137,137.6,133.79,133.94,1351701,0.0
2019-10-08,135.09,136.615,134.97,135.79,1419047,0.0
2019-10-09,136.35,138.38,135.19,138.22,1620211,0.0
2019-10-10,139.49,141.06,138.51,138.61,1221332,0.0
2019-10-13,139.13,139.765,138.07,138.85,678122,0.0
2019-10-14,139.21,141.9,139.1133,140.67,1246734,0.0
2019-10-15,139.87,140,136.63,138.78,1197884,0.0
2019-10-16,139.08,139.87,136.57,136.84,1299916,0.0
2019-10-17,136.83,137.52,133.49,134.96,1992101,0.0
2019-10-20,135.62,137.36,134.81,136.67,565047,0.0
2019-10-21,138.18,138.25,131.6,132.12,1273771,0.0
2019-10-22,131.73,134.79,131.62,133.96,550860,0.0
2019-10-23,134.45,137.84,134.04,137.72,771511,0.0
2019-10-24,136.65,138.47,136.23,137.14,465279,0.0
2019-10-27,138.48,138.685,136.94,137.33,446209,0.0
2019-10-28,137.48,138.4125,136.6,136.68,646507,0.0
2019-10-29,136.69,137.92,135.89,137.55,904165,0.0
2019-10-30,137.66,137.835,135.13,135.78,855301,0.0
2019-10-31,136.4,138.255,135.6846,136.08,780385,0.0
2019-11-03,137.33,137.58,135.15,135.8,833684,0.0
2019-11-04,135.81,136.41,133.84,135.58,573073,0.0
2019-11-05,135.29,137.05,135,136.57,431460,0.0
2019-11-06,137.06,138.08,134.89,135.22,656530,0.0
2019-11-07,134.83,136.8379,134.22,136.17,649092,0.0
2019-11-10,135.7,138.85,135.31,137.84,573708,0.0
2019-11-11,137.63,140.29,137.59,138.89,559914,0.0
2019-11-12,138.96,139.86,138.345,139.23,513488,0.0
2019-11-13,138.75,138.81,137,138.13,558251,0.0
2019-11-14,139.34,139.71,137.28,139.71,648830,0.0
2019-11-17,139.25,139.87,138.493,139.22,524035,0.0
2019-11-18,139.82,142.1,139.64,141.75,809232,0.0
2019-11-19,141.47,141.78,139.43,140.84,634850,0.0
2019-11-20,140.59,141.14,138.55,138.77,637204,0.0
2019-11-21,139.13,139.2449,134.79,135.38,931597,0.0
2019-11-24,135.95,138.44,135.81,138.19,926019,0.0
2019-11-25,138.57,140.54,138.41,139.84,1032632,0.0
2019-11-26,140.36,141.77,139.63,141.77,766458,0.0
2019-11-28,142.01,143,140.76,141.05,431550,0.0
2019-12-01,141.79,144.24,135.14,135.49,1202489,0.0
2019-12-02,133.91,135.65,132.52,135.21,793025,0.0
2019-12-03,136.4,137.2,135.32,135.96,824720,0.0
2019-12-04,133.5,135.5,131.51,131.88,1732822,0.0
2019-12-05,132.13,134.88,132.13,134.28,1171351,0.0
2019-12-08,134.24,134.93,132.1,132.23,877070,0.0
2019-12-09,132.58,133.29,131.27,131.61,1358972,0.0
2019-12-10,132.21,132.25,130.72,132.05,1053619,0.0
2019-12-11,134.26,136.33,132.09,135.8,1585127,0.0
2019-12-12,135.95,137.55,135.51,136.7,637045,0.0
2019-12-15,137.63,138.86,136.6,136.64,654370,0.0
2019-12-16,137.02,137.38,134.64,136.91,893991,0.0
2019-12-17,137.55,139.24,137.55,138.17,708777,0.0
2019-12-18,138.27,140.22,137.5,139.5,1425203,0.0
2019-12-19,141.01,141.01,138.98,139.92,1567965,0.0
2019-12-22,140,141.28,139.21,139.87,908075,0.0
2019-12-23,139.69,140.26,137.5,138.22,394658,0.0
2019-12-25,138.88,140.3,138.606,140.07,418992,0.0
2019-12-26,140.42,140.795,139.23,140.62,450749,0.0
2019-12-29,140.12,140.29,137.815,139.1,480830,0.0
2019-12-30,138.81,140.235,138.45,139.19,537999,0.0
2020-01-01,140.31,142.93,139.84,142.86,889991,0.0
2020-01-02,141.1,142.09,140.05,141.68,732075,0.0
2020-01-05,140.52,142.16,139.7,141.9,583143,0.0
2020-01-06,141.18,143.48,140.32,142.92,563143,0.0
2020-01-07,143.2,146.6,142.5627,145.86,994876,0.0
2020-01-08,147.04,149.3,146.52,148.71,966670,0.0
2020-01-09,149.77,150.53,147.22,148.46,620594,0.0
2020-01-12,148.96,150.43,148.65,149.93,560490,0.0
2020-01-13,149.59,149.59,147.26,148.18,642184,0.0
2020-01-14,148.78,150.03,147.46,147.98,721608,0.0
2020-01-15,148.49,149.75,148.23,149.66,633195,0.0
2020-01-16,150.31,151.99,149.1138,151.85,1166078,0.0
2020-01-20,151.1,154.07,151,153.59,1660418,0.0
2020-01-21,154.16,155.7,153.31,153.41,1122536,0.0
2020-01-22,153,155.359,152.11,154.96,1236378,0.0
2020-01-23,156.29,156.97,153.3,154.07,1474864,0.0
2020-01-26,150.74,151.45,149.27,150.4,696902,0.0
2020-01-27,151.67,152.71,150.855,152.04,546576,0.0
2020-01-28,153,153.37,150.34,150.46,663426,0.0
2020-01-29,149.66,150.87,148.64,150.79,1239055,0.0
2020-01-30,150.22,150.5,147.2,147.51,774029,0.0
2020-02-02,148.77,150.85,148.5,150.26,706071,0.0
2020-02-03,152.58,155.92,152.02,155.84,913815,0.0
2020-02-04,157.44,158,153.57,154.21,819978,0.0
2020-02-05,154.8,156.13,154.2,154.81,386075,0.0
2020-02-06,154.5,155.18,153.345,154.28,446785,0.0
2020-02-09,153.64,157.11,153.56,156.92,591961,0.0
2020-02-10,157.88,159.53,157.15,158.24,695578,0.0
2020-02-11,158.2,160.02,156.95,159.51,533637,0.0
2020-02-12,158.78,161.93,158.2758,161.4,556745,0.0
2020-02-13,162.01,164.1,162.01,163.37,686107,0.0
2020-02-17,164.01,164.49,162.38,162.9,793986,0.0
2020-02-18,165.24,166.87,164.52,165.12,1517003,0.0
2020-02-19,159.06,160.5,151.05,155.15,4435598,0.0
2020-02-20,153.52,154.24,148.16,149.34,2566328,0.0
2020-02-23,144.97,146.93,141.3,145.97,2283168,0.0
2020-02-24,147.35,148.03,141.56,142.17,1920572,0.0
2020-02-25,142.96,145.83,141.1,142.03,1676276,0.0
2020-02-26,139.84,141.765,136.12,136.81,1665026,0.0
2020-02-27,131.51,138.07,131.51,137.93,2496361,0.0
2020-03-01,137.96,141.73,135.41,141.73,1384829,0.0
2020-03-02,141.22,144.33,138.19,140.09,1822075,0.0
2020-03-03,142.58,146.96,141.62,146.82,1302878,0.0
2020-03-04,142.91,145.32,141.31,142.64,1119254,0.0
2020-03-05,136.88,139.76,133.71,137.85,1263079,0.0
2020-03-08,128.11,132.67,126,127.48,3233052,0.0
2020-03-09,131.39,135.29,128.07,135.27,1434830,0.0
2020-03-10,131.55,135.33,128.82,131.73,3371008,0.0
2020-03-11,123.12,129.04,119.06,119.14,4174466,0.0
2020-03-12,124.91,129.97,116.465,129.89,3550532,0.0
2020-03-15,112.45,125.38,109.13,112.75,3601386,0.0
2020-03-16,115.02,120.65,111.1,119.62,1569450,0.0
2020-03-17,112.89,115.68,108.71,114.23,3070142,0.0
2020-03-18,113.85,117.295,108.79,114.99,1220375,0.0
2020-03-19,116.6,119.56,109.21,109.72,1616017,0.0
2020-03-22,110.35,112.48,104.9,108.14,2660911,0.0
2020-03-23,114.28,121.47,114.01,120.6,1491785,0.0
2020-03-24,119.99,125.63,117.9092,121.14,1297849,0.0
2020-03-25,122.24,128.34,121.56,127.96,2109168,0.0
2020-03-26,123.93,128.35,120.17,124.37,1081218,0.0
2020-03-29,125.7,130.46,124.425,129.23,1170768,0.0
2020-03-30,128.23,131,126.725,129,3017960,0.0
2020-03-31,122.88,127.81,122.5134,125.98,1342193,0.0
2020-04-01,124.68,128.79,124,128.65,1630578,0.0
2020-04-02,127.81,128.64,123.94,124.67,846162,0.0
2020-04-05,130.36,136.56,129.11,135.855,2109412,0.0
2020-04-06,138.195,140.77,135.34,135.51,1877398,0.0
2020-04-07,138.6512,139.63,135.28,138.64,1036738,0.0
2020-04-08,139.68,141.03,136.1,136.56,1933110,0.0
2020-04-12,133.85,140.52,133.268,140.11,802577,0.0
2020-04-13,142.2,147.83,142.0314,147.43,911263,0.0
2020-04-14,145.17,147.89,144.28,146.28,3014440,0.0
2020-04-15,147.09,152.05,147.03,151.95,2191293,0.0
2020-04-16,155.53,156.09,153.07,154.98,3856476,0.0
2020-04-19,151.91,154.67,150.99,151.11,2627997,0.0
2020-04-20,149.43,149.92,142.86,144.96,2944429,0.0
2020-04-21,148.52,151.165,147.01,150.88,2616766,0.0
2020-04-22,149.74,152.78,149.36,151.99,1519995,0.0
2020-04-23,152.99,153.435,150.1489,152.98,1966011,0.0
2020-04-26,155.6048,155.6048,153.53,154.13,1770701,0.0
2020-04-27,155,155.9,151.45,151.83,876224,0.0
2020-04-28,153.44,158.14,152.42,158.01,1085799,0.0
2020-04-29,157.58,158.96,156.64,157.12,2100768,0.0
2020-04-30,153.68,155.49,148.2,149.64,991899,0.0
2020-05-03,148.9,151.85,147.98,151.08,1329181,0.0
2020-05-04,151.88,155.16,151.61,154.25,566417,0.0
2020-05-05,155.01,157.97,154.59,156.78,493968,0.0
2020-05-06,158,160.065,157.28,158.95,706725,0.0
2020-05-07,160.42,161.99,158.685,160.17,1212538,0.0
2020-05-10,158.6285,163.3028,158.34,161.58,554022,0.0
2020-05-11,162.68,162.85,158.51,158.63,530511,0.0
2020-05-12,158.01,160.89,153.98,156.2,1283054,0.0
2020-05-13,155.17,158,153.67,157.83,1494736,0.0
2020-05-14,151.59,159.58,151.52,158.76,1240865,0.0
2020-05-17,159.95,161.9,158.6,159.77,1457917,0.0
2020-05-18,160.67,164.34,160.525,162.07,932540,0.0
2020-05-19,164.26,167.2,164.2,165.75,1042606,0.0
2020-05-20,167,169.44,164.86,168.49,1440755,0.0
2020-05-21,169.68,171.47,167.06,171.21,856056,0.0
2020-05-25,172.08,172.7,168.33,168.61,1764878,0.0
2020-05-26,169.31,170.55,163,170.52,1020816,0.0
2020-05-27,170.56,178.33,169.4366,174.05,1087776,0.0
2020-05-28,175.95,181.97,175.23,180.94,1732800,0.0
2020-05-31,180.91,184.08,180.1,182.71,1791524,0.0
2020-06-01,183.06,183.73,179.83,183.12,706174,0.0
2020-06-02,184,184.54,181.88,184.11,1325312,0.0
2020-06-03,183.31,184.485,180.2,182.46,555830,0.0
2020-06-04,182.09,184.4141,179.01,182.98,2630236,0.0
2020-06-07,180.71,187.59,179.81,186.81,1727832,0.0
2020-06-08,186.91,192.38,186.18,189.66,1472212,0.0
2020-06-09,191.05,192,187.31,189.46,1784074,0.0
2020-06-10,189.1,189.1,179.281,179.66,963252,0.0
2020-06-11,183.35,185.65,182.09,182.09,140914,0.0
2020-06-14,177.24,184.38,176.15,184.05,530562,0.0
2020-06-15,186.77,189.39,184.22,186.2,1724514,0.0
2020-06-16,188,190.5,187.12,188.97,1249068,0.0
2020-06-17,188.73,190.95,188.13,189.88,497368,0.0
2020-06-18,192.38,193.36,184.8,184.9,979024,0.0
2020-06-21,185.69,193.27,184.52,193.27,833229,0.0
2020-06-22,193.35,197.6559,192.27,192.87,939706,0.0
2020-06-23,192.3,193.87,187.35,189.04,870415,0.0
2020-06-24,191.4332,191.4332,185.6,189.78,607293,0.0
2020-06-25,190.31,192.08,187.33,190.44,733030,0.0
2020-06-28,190.63,192.845,186.32,189.87,599518,0.0
2020-06-29,188.83,195.98,188.36,195.02,819548,0.0
2020-06-30,194.74,198.09,193.195,196.83,781088,0.0
2020-07-01,198.55,199.579,196.67,197.66,548654,0.0
