Date,Open,High,Low,Close,Volume,OpenInterest
2016-07-11,56.95,59.16,56.69,59,1520978,0.0
2016-07-12,59.32,59.7,58.1601,58.32,1045406,0.0
2016-07-13,59,59.2,58.325,58.44,897962,0.0
2016-07-14,58.39,58.89,57.03,58.7,856781,0.0
2016-07-17,58.79,59.6492,58,58.02,1097892,0.0
2016-07-18,58.21,58.64,57.765,58.14,877026,0.0
2016-07-19,57.47,60.084,57.17,59.49,1557350,0.0
2016-07-20,59.49,60.54,58.1,58.32,960692,0.0
2016-07-21,58.43,59.49,57.88,59.39,869365,0.0
2016-07-24,59.46,60.2,58.62,59.82,859845,0.0
2016-07-25,59.52,60.4,59.22,59.69,1104893,0.0
2016-07-26,60.14,60.25,59.13,59.51,757546,0.0
2016-07-27,60.87,62.21,59.79,62.13,1558780,0.0
2016-07-28,61.72,62.63,60.31,62.54,1338830,0.0
2016-07-31,62.34,62.99,61.7,62.04,956347,0.0
2016-08-01,62.02,62.18,59.3,59.98,1702080,0.0
2016-08-02,59.65,60.42,58.52,60.09,1465134,0.0
2016-08-03,60.21,60.67,59.43,59.85,923348,0.0
2016-08-04,59.84,60.43,59.68,60.15,991598,0.0
2016-08-07,61.24,62.41,61.0035,61.31,1359065,0.0
2016-08-08,61.17,62.75,60.925,62.58,947980,0.0
2016-08-09,62.54,63.48,61.68,62.17,752694,0.0
2016-08-10,62.27,63.9,62.27,63.43,1072335,0.0
2016-08-11,63.52,64.41,62.96,64.2364,1084402,0.0
2016-08-14,64.38,65.75,64.12,64.91,1411052,0.0
2016-08-15,64.65,64.7689,63.55,63.78,978618,0.0
2016-08-16,64,64.15,62.57,63.12,1306026,0.0
2016-08-17,63.3,64.22,62.68,63.83,909794,0.0
2016-08-18,64.06,65,63.52,64.76,1092528,0.0
2016-08-21,64.77,64.77,63.64,63.86,960257,0.0
2016-08-22,64.44,65.33,64.3,64.83,1637540,0.0
2016-08-23,64.85,65.08,63.92,64.24,972037,0.0
2016-08-24,64.34,65.42,63.9801,65.1,1654417,0.0
2016-08-25,61,61.88,57.58,58.52,9901316,0.0
2016-08-28,58.88,60.57,58.69,59.75,2831912,0.0
2016-08-29,59.77,60.23,58.16,58.76,1641958,0.0
2016-08-30,58.61,58.96,57.81,58.24,1493742,0.0
2016-08-31,57.86,58.29,57.39,58.135,1223363,0.0
2016-09-01,58.5,59.47,58.1,59.39,1726843,0.0
2016-09-05,59.66,61.39,59.57,61.05,1799906,0.0
2016-09-06,61.04,61.73,60.841,61.09,1041580,0.0
2016-09-07,60.83,61.13,60.41,60.92,578625,0.0
2016-09-08,60.2,61.15,59.3,59.64,950738,0.0
2016-09-11,58.96,60.33,58.01,60.19,882100,0.0
2016-09-12,59.28,60.18,57.77,58.2,1580822,0.0
2016-09-13,58.1,59.19,57.921,58.75,820582,0.0
2016-09-14,58.77,59.49,58.328,59.36,698511,0.0
2016-09-15,59.09,59.39,58.49,59.09,604621,0.0
2016-09-18,59.5,60.3799,58.585,58.84,675634,0.0
2016-09-19,59.22,59.61,58.1101,58.37,652310,0.0
2016-09-20,58.34,59.33,58.12,59.21,785536,0.0
2016-09-21,59.7,59.75,58.88,59.13,1056537,0.0
2016-09-22,59.25,59.44,57.84,58.16,949752,0.0
2016-09-25,57.74,58.3,57.53,57.58,718285,0.0
2016-09-26,57.65,58.73,57.4975,58.72,1217526,0.0
2016-09-27,58.85,59.08,57.71,59.02,1034942,0.0
2016-09-28,58.9,59.0804,57.7,57.74,817593,0.0
2016-09-29,57.75,58.89,57.41,58.68,1190160,0.0
2016-10-02,59.11,61.37,59.09,61.16,1976905,0.0
2016-10-03,60.08,60.89,59.76,60.5,1325265,0.0
2016-10-04,60.62,61.52,60.62,60.89,967874,0.0
2016-10-05,60.66,60.8799,59.69,60.2,842948,0.0
2016-10-06,60.12,60.44,59.33,59.95,784424,0.0
2016-10-09,60.64,62,60.41,61.26,863748,0.0
2016-10-10,60.93,61.33,59.563,59.63,1536901,0.0
2016-10-11,59.39,59.71,56.89,57.38,2046348,0.0
2016-10-12,56.96,56.9652,54.45,56.34,2491552,0.0
2016-10-13,56.53,57.79,55.87,56.71,1898933,0.0
2016-10-16,56.51,56.95,55.97,56.91,1422338,0.0
2016-10-17,57.97,58.93,57.41,57.66,1180996,0.0
2016-10-18,57.83,58.78,57.83,58.08,1087080,0.0
2016-10-19,57.69,59.1,57.3,58.9,1041501,0.0
2016-10-20,58.93,59.18,58.35,58.92,851826,0.0
2016-10-23,59.31,60.03,59.07,60,546979,0.0
2016-10-24,59.97,60.04,58.8212,59.14,733946,0.0
2016-10-25,58.78,59.61,58.64,58.86,698339,0.0
2016-10-26,59.77,60.99,59.46,59.72,1341707,0.0
2016-10-27,59.52,61.77,59.36,60.95,1303542,0.0
2016-10-30,61.09,61.26,60.17,60.18,1124409,0.0
2016-10-31,60.42,61.71,60,61.69,1319872,0.0
2016-11-01,60.98,61.01,58.5,58.82,1204096,0.0
2016-11-02,58.88,59.16,57.84,57.94,719170,0.0
2016-11-03,58.36,58.87,57.54,57.64,734449,0.0
2016-11-06,58.92,60.86,58.475,60.77,1132056,0.0
2016-11-07,60.36,60.95,59.39,59.78,937266,0.0
2016-11-08,58.67,60.49,58.29,59.99,1258444,0.0
2016-11-09,60.14,60.63,57.28,57.75,2628963,0.0
2016-11-10,57.22,58.4799,56.42,57.95,3555969,0.0
2016-11-13,57.95,58.98,57.54,58.79,2024656,0.0
2016-11-14,59.27,59.93,58.83,59.78,902915,0.0
2016-11-15,59.25,60.46,58.9915,60.3299,933734,0.0
2016-11-16,60.06,62.5,59.935,62.24,1350688,0.0
2016-11-17,62.85,62.9,59.84,59.87,1426588,0.0
2016-11-20,60.12,60.2418,59.19,59.54,1092577,0.0
2016-11-21,58.81,59.92,58.19,59.78,1720282,0.0
2016-11-22,59.47,59.5,57.18,57.65,1643873,0.0
2016-11-24,58,58.49,57.54,58.33,446787,0.0
2016-11-27,59.15,59.15,56.75,57.42,1555346,0.0
2016-11-28,57.35,58.17,56.87,57.41,2734961,0.0
2016-11-29,62.46,62.88,57.41,57.61,6749787,0.0
2016-11-30,58,58.39,53.015,53.33,4105845,0.0
2016-12-01,52.76,53.95,51.9,53.67,2775930,0.0
2016-12-04,54.03,57.06,54.03,56.07,2344453,0.0
2016-12-05,56.1,56.47,55.08,55.5,1117110,0.0
2016-12-06,55.63,56.63,54.77,56.27,1251703,0.0
2016-12-07,56,57.01,55.25,56.82,1153863,0.0
2016-12-08,56.96,57.95,56.44,56.82,1016735,0.0
2016-12-11,56.63,57.1448,55.55,56.21,1660200,0.0
2016-12-12,56.64,57.75,56.5021,57.03,1078232,0.0
2016-12-13,56.62,56.75,54.96,55.31,1379235,0.0
2016-12-14,55.27,56.34,54.3,55.34,969395,0.0
2016-12-15,54.98,55.88,54.89,55.41,929914,0.0
2016-12-18,55,55.47,54.58,54.77,1249320,0.0
2016-12-19,55,55.21,53.18,53.73,2018199,0.0
2016-12-20,53.48,53.87,52.81,53.44,1092093,0.0
2016-12-21,53.72,53.72,52.1,52.34,1165175,0.0
2016-12-22,52.41,52.735,52.2,52.57,628728,0.0
2016-12-26,52.34,53.62,52.31,53.32,661798,0.0
2016-12-27,53.43,53.46,51.881,52.08,703283,0.0
2016-12-28,52,52.3624,51.27,51.81,593614,0.0
2016-12-29,51.61,51.8,50.64,51.16,1087185,0.0
2017-01-02,51.83,53.09,51.3,52.5,1304112,0.0
2017-01-03,52.95,55.8,52.72,54.84,1950019,0.0
2017-01-04,54.63,55.17,53.75,54.56,623915,0.0
2017-01-05,54.82,56.47,54.67,56.17,985658,0.0
2017-01-08,56.22,56.38,55.04,55.68,1111252,0.0
2017-01-09,55.89,56.61,55.01,56.18,848943,0.0
2017-01-10,56.37,58.06,56.14,57.68,2177956,0.0
2017-01-11,57.52,57.71,54.94,56.32,3755940,0.0
2017-01-12,56.7,57.649,55.36,56.42,2585394,0.0
2017-01-16,56.19,56.361,53.22,53.3,2302985,0.0
2017-01-17,53.64,54.37,53.17,54.3,1408887,0.0
2017-01-18,54.8,55.26,53.63,53.83,1380578,0.0
2017-01-19,53.93,54.51,53.53,53.775,873759,0.0
2017-01-22,53.7,54.16,52.89,53.71,672208,0.0
2017-01-23,54.15,54.72,53.56,54.46,983077,0.0
2017-01-24,57.24,60,56.8,58.59,3320704,0.0
2017-01-25,58.9,59.1,57.35,57.75,1055510,0.0
2017-01-26,57.39,57.6758,56.05,57.31,921287,0.0
2017-01-29,56.77,57.43,55.66,57.4,731627,0.0
2017-01-30,56.92,57.89,55.82,57.86,1116786,0.0
2017-01-31,58.01,58.33,57.05,58.14,1066799,0.0
2017-02-01,57.6,58.44,57,58.19,1561104,0.0
2017-02-02,59.2,60.88,59.2,60.55,1878558,0.0
2017-02-05,60.39,60.54,59.73,60.19,840220,0.0
2017-02-06,60.26,61.34,60.26,61.01,949172,0.0
2017-02-07,60.8,61.36,60.2,61.27,823311,0.0
2017-02-08,61.47,63.23,61.32,62.8,1438807,0.0
2017-02-09,63.1,63.45,62.4,62.63,994434,0.0
2017-02-12,62.92,62.96,61.36,62.08,1030239,0.0
2017-02-13,62.21,62.21,61.61,61.92,1123826,0.0
2017-02-14,61.86,63.23,61.67,63.14,1280342,0.0
2017-02-15,63.24,63.775,62.1,62.85,1380773,0.0
2017-02-16,62.93,64.39,62.7201,64.37,1027870,0.0
2017-02-20,64.5,65.34,64.27,64.95,1556862,0.0
2017-02-21,65.18,66.46,64.38,64.97,2308345,0.0
2017-02-22,64.99,65.36,64.01,64.87,2435413,0.0
2017-02-23,61.47,64.61,61.011,62.8,4126370,0.0
2017-02-26,61.46,63.15,61.37,62.62,1599306,0.0
2017-02-27,62.53,62.6,61.4,61.73,1059800,0.0
2017-02-28,62.47,63.91,61.85,63.7,2231717,0.0
2017-03-01,63.83,63.95,62.54,62.71,1629969,0.0
2017-03-02,62.36,63,61.85,62.67,730838,0.0
2017-03-05,61.99,62.48,61.34,61.76,726497,0.0
2017-03-06,61.78,62.16,60.57,60.7,1235166,0.0
2017-03-07,60.8,61.29,60.39,60.67,938889,0.0
2017-03-08,60.82,61,59.35,60.21,643637,0.0
2017-03-09,60.69,60.97,60.04,60.75,833650,0.0
2017-03-12,60.54,61.75,60.48,61.62,1124890,0.0
2017-03-13,60.83,61.33,60.2,60.99,921646,0.0
2017-03-14,60.93,61.79,60.575,61.65,920692,0.0
2017-03-15,62,62.34,61.58,62.25,750133,0.0
2017-03-16,62.15,62.85,61.97,62.385,841082,0.0
2017-03-19,62.49,62.74,61.89,62.1,471197,0.0
2017-03-20,62.41,62.58,60,60.05,914285,0.0
2017-03-21,60,60.58,59.67,60.52,575359,0.0
2017-03-22,60.36,61.53,60.36,60.77,880452,0.0
2017-03-23,60.98,61.62,60.48,60.9,663595,0.0
2017-03-26,60.21,61.29,59.78,60.94,617184,0.0
2017-03-27,60.96,61.68,60.6299,61.26,629973,0.0
2017-03-28,61.2,62.94,61.08,62.73,1244368,0.0
2017-03-29,62.65,63.52,62.53,62.61,807690,0.0
2017-03-30,62.27,63.1,62.12,62.29,563528,0.0
2017-04-02,62.4,62.8,60.83,61.15,894666,0.0
2017-04-03,61.14,62.04,60.91,61.08,493820,0.0
2017-04-04,61.21,62.48,60.95,61.08,656720,0.0
2017-04-05,61.18,61.3674,60.38,60.92,815468,0.0
2017-04-06,61.01,61.53,60.44,60.95,654757,0.0
2017-04-09,61.23,61.5,60.86,61.13,492049,0.0
2017-04-10,61,61.4699,60.1,61.06,412995,0.0
2017-04-11,60.88,61.58,60.3288,60.72,681313,0.0
2017-04-12,60.68,61.1,59.46,59.49,1554940,0.0
2017-04-16,59.66,60.21,59.24,60.1,1128359,0.0
2017-04-17,60.06,61.36,59.81,61.11,742079,0.0
2017-04-18,61.18,61.93,61.07,61.645,656479,0.0
2017-04-19,61.81,62.3,61.235,62.03,550964,0.0
2017-04-20,62.33,62.95,62.11,62.44,604099,0.0
2017-04-23,63,63.52,62.48,63.4799,701213,0.0
2017-04-24,63.65,64.71,63.06,63.86,934185,0.0
2017-04-25,63.86,63.975,63.3,63.72,712883,0.0
2017-04-26,64.4,65.16,64.11,64.6,759722,0.0
2017-04-27,64.6,64.6,63.3,64.31,722744,0.0
2017-04-30,64.49,65.38,64.19,65.22,794793,0.0
2017-05-01,64.9,65.5,64.608,65.4,695355,0.0
2017-05-02,65.24,65.26,64.37,64.925,707575,0.0
2017-05-03,65.1,66.28,64.81,65.95,742787,0.0
2017-05-04,66.2,67.08,65.89,66.91,794980,0.0
2017-05-07,66.68,67.39,66.05,66.35,545809,0.0
2017-05-08,66.66,66.79,66,66.74,626015,0.0
2017-05-09,66.79,67.77,66.76,67.6,836847,0.0
2017-05-10,67.37,67.735,66.92,67.23,526296,0.0
2017-05-11,67.14,67.75,66.77,67.38,553755,0.0
2017-05-14,67.91,69.23,67.5401,68.2875,1404700,0.0
2017-05-15,68.74,69.1012,68.33,68.83,1518274,0.0
2017-05-16,67.83,68.025,66.09,66.1897,899303,0.0
2017-05-17,65.93,65.93,64.42,65.31,1476025,0.0
2017-05-18,65.98,67.63,65.58,65.93,1261989,0.0
2017-05-21,66.39,66.58,65.64,66.48,1103578,0.0
2017-05-22,66.99,67.3,65.345,66.41,896571,0.0
2017-05-23,66.91,67.09,65.6901,66.175,1537838,0.0
2017-05-24,66.6,67.67,66.35,67.11,2691440,0.0
2017-05-25,63.45,63.9,61.6001,62.39,8984789,0.0
2017-05-29,62.4,63.2,60.5166,61.61,3073579,0.0
2017-05-30,61.84,61.84,60.69,61.24,1253358,0.0
2017-05-31,61.59,62,60.94,61.61,1241190,0.0
2017-06-01,61.46,62.76,61.365,62.49,1252760,0.0
2017-06-04,62.51,63,62.36,62.55,1231617,0.0
2017-06-05,62.38,63.56,62.16,62.85,977330,0.0
2017-06-06,62.78,62.9304,61.05,61.53,1283775,0.0
2017-06-07,61.52,61.69,60.98,61.41,1527523,0.0
2017-06-08,61.47,61.79,57.68,58.27,2610302,0.0
2017-06-11,57.43,57.81,55.21,57.81,3666896,0.0
2017-06-12,58.15,58.89,57.68,58.09,1784438,0.0
2017-06-13,58.31,58.51,56.6401,57.59,1330066,0.0
2017-06-14,54.31,58.08,54.17,57.74,2485376,0.0
2017-06-15,57.68,58.66,57.19,57.51,1450813,0.0
2017-06-18,57.94,58.25,57.27,57.78,1016597,0.0
2017-06-19,57.6,57.8,56.84,56.92,1110315,0.0
2017-06-20,57.24,58.02,56.71,57.13,1329754,0.0
2017-06-21,58.26,59.0803,58.07,58.83,1411675,0.0
2017-06-22,58.78,59.09,58.28,58.43,1089366,0.0
2017-06-25,58.44,59.29,57.67,57.8,964677,0.0
2017-06-26,57.54,57.54,55.92,56.08,1342385,0.0
2017-06-27,56.53,57.5,56.18,57.04,2165157,0.0
2017-06-28,57.01,57.9,56.35,57.79,2904429,0.0
2017-06-29,57.7,57.82,56.86,56.89,1012948,0.0
2017-07-02,57.34,57.53,56.13,56.4,629436,0.0
2017-07-04,56.26,56.98,55.97,56.49,711430,0.0
2017-07-05,56.16,56.84,55.97,56.27,681510,0.0
2017-07-06,56.46,57.37,56.305,57.22,656621,0.0
2017-07-09,57.43,58.14,57.08,57.62,860985,0.0
2017-07-10,57.66,59.05,57.4801,58.51,1186120,0.0
2017-07-11,59.2,61.655,58.65,60.73,2288875,0.0
2017-07-12,60.97,61.21,60.23,60.39,1395627,0.0
2017-07-13,60.2,60.56,59.56,59.84,825596,0.0
2017-07-16,59.94,60.47,59.69,60.07,656808,0.0
2017-07-17,59.98,60.95,59.9,60.84,833713,0.0
2017-07-18,61.16,62.3,61.16,61.95,1515786,0.0
2017-07-19,62.02,62.1331,61.11,61.56,1348990,0.0
2017-07-20,61.22,61.3751,60.72,61.05,518496,0.0
2017-07-23,61.16,61.365,60.82,61.3,634215,0.0
2017-07-24,61.23,61.87,60.55,61.48,421378,0.0
2017-07-25,61.78,62.11,61.3,62.055,613729,0.0
2017-07-26,62.2,62.2,59.05,60.33,843132,0.0
2017-07-27,60.33,60.51,59.76,60.06,569937,0.0
2017-07-30,60.22,60.5,59.45,60.01,872678,0.0
2017-07-31,60.38,60.55,59.8,60.19,543414,0.0
2017-08-01,60.54,60.57,58.385,58.57,894727,0.0
2017-08-02,58.98,59.8,58.76,59.41,919247,0.0
2017-08-03,59.49,60.02,59.1,59.75,487722,0.0
2017-08-06,59.9,59.9,58.91,58.99,730160,0.0
2017-08-07,58.86,59.47,58.46,58.9,732124,0.0
2017-08-08,58.55,59.13,58.46,58.81,522328,0.0
2017-08-09,58.68,58.7999,56.795,56.83,920004,0.0
2017-08-10,56.81,58.36,56.81,58.19,812148,0.0
2017-08-13,58.78,59.38,58.56,58.59,920233,0.0
2017-08-14,58.65,58.93,57.42,58.26,676644,0.0
2017-08-15,58.37,61.05,58.31,60.76,1429045,0.0
2017-08-16,60.62,60.92,59.1,59.16,758374,0.0
2017-08-17,59.04,59.83,58.6,59.33,633582,0.0
2017-08-20,59.2,60.05,59.082,59.95,544413,0.0
2017-08-21,60.17,61.15,60.17,60.34,1362583,0.0
2017-08-22,60.34,60.755,59.85,60.35,1140950,0.0
2017-08-23,60.68,61.36,60.1,60.28,1920647,0.0
2017-08-24,66.56,67.54,64.9,65.38,7386235,0.0
2017-08-27,65,65.5,63.64,64.48,2139381,0.0
2017-08-28,63.35,65.15,63.24,64.37,1242930,0.0
2017-08-29,64.16,65.71,64.095,65.61,883588,0.0
2017-08-30,65.99,67.16,65.68,67.1,1238968,0.0
2017-08-31,67,67.65,66.76,67.41,1120712,0.0
2017-09-04,68.35,68.44,66.61,67.33,1492417,0.0
2017-09-05,67.45,68.08,66.95,67.99,1255965,0.0
2017-09-06,68.14,68.85,67.99,68.42,1170009,0.0
2017-09-07,68.48,68.76,67.12,67.17,833023,0.0
2017-09-10,67.65,68.49,67.4,68.2,1235312,0.0
2017-09-11,68.2,68.2,67.45,67.97,912297,0.0
2017-09-12,67.47,67.94,67,67.36,1282101,0.0
2017-09-13,67,67.98,66.5,67.94,1041121,0.0
2017-09-14,67.53,67.725,66.96,67.21,734689,0.0
2017-09-17,67.47,68.5,67.47,68.49,888249,0.0
2017-09-18,68.59,68.61,68.01,68.26,496197,0.0
2017-09-19,68,69.2,66.85,68.96,2915808,0.0
2017-09-20,68.69,68.82,67.25,68.5,1340725,0.0
2017-09-21,68.49,69.61,68.07,69.525,1430341,0.0
2017-09-24,69.46,69.61,66.88,67.91,1326157,0.0
2017-09-25,68.24,68.3983,66.82,66.99,1095850,0.0
2017-09-26,67.17,68,66.98,67.2101,883130,0.0
2017-09-27,67.37,67.58,66.72,67.03,913845,0.0
2017-09-28,67,67.32,66.25,66.425,1798605,0.0
2017-10-01,64.78,67.36,64.5,66.37,1685816,0.0
2017-10-02,66.18,66.72,65.38,65.53,1698186,0.0
2017-10-03,65.26,66.27,64.64,65.94,1942614,0.0
2017-10-04,66.37,66.53,65.88,66.42,835388,0.0
2017-10-05,66.05,66.9,66.04,66.82,527238,0.0
2017-10-08,67.14,67.14,65.43,65.53,855929,0.0
2017-10-09,65.83,66.31,63.14,63.8138,2947126,0.0
2017-10-10,64.02,64.5,63.28,63.46,1303693,0.0
2017-10-11,63.47,63.75,62.81,63.49,1588698,0.0
2017-10-12,63.59,63.86,63.13,63.555,1611013,0.0
2017-10-15,63.8,64.3,63.465,64.29,1547998,0.0
2017-10-16,64.31,64.975,63.97,63.98,1721422,0.0
2017-10-17,64.03,64.35,63.26,63.27,1030122,0.0
2017-10-18,62.58,63.61,62.39,63.55,1469046,0.0
2017-10-19,63.9,64.58,63.71,64.09,600864,0.0
2017-10-22,64.85,65.2,64.01,64.24,793311,0.0
2017-10-23,64.33,65.7,63.85,65.42,1177766,0.0
2017-10-24,66.19,66.28,64.76,65.14,976151,0.0
2017-10-25,65.24,66.72,65.1,66.665,1104939,0.0
2017-10-26,67.2,67.47,66.5,66.65,1310393,0.0
2017-10-29,66.74,66.83,65.61,66.34,785160,0.0
2017-10-30,66.68,67.8297,66.51,67.29,1265853,0.0
2017-10-31,67.56,67.779,66.52,66.99,1866002,0.0
2017-11-01,66.79,66.96,66.17,66.57,798974,0.0
2017-11-02,65.88,67.67,65.73,67.64,763779,0.0
2017-11-05,67.63,69.11,67.63,68.44,819700,0.0
2017-11-06,68.69,69.24,67.74,68.01,591234,0.0
2017-11-07,68.1,71.31,67.91,71.2,2073238,0.0
2017-11-08,70.33,71.46,69.36,70.78,1213012,0.0
2017-11-09,70.36,70.96,69.71,69.74,1190519,0.0
2017-11-12,69.75,70.25,67.68,67.71,1523309,0.0
2017-11-13,67.51,68.8,67.39,68.34,1415055,0.0
2017-11-14,68,68.45,67.01,67.76,991717,0.0
2017-11-15,68.3,69.89,68.3,69.31,2584599,0.0
2017-11-16,79.04,81.99,78.22,81.76,11313505,0.0
2017-11-19,81.04,81.7,80.39,81.38,3073403,0.0
2017-11-20,81.32,84.88,81.26,83.7972,2913510,0.0
2017-11-21,83.78,84.59,83.16,83.535,1198063,0.0
2017-11-23,83.76,84.47,83.57,84.07,473378,0.0
2017-11-26,83.93,84.52,81.82,82.1,1762231,0.0
2017-11-27,82.57,82.84,81.111,81.42,2123797,0.0
2017-11-28,81.57,82.37,78.42,79.48,2326752,0.0
2017-11-29,79.33,80.58,78.52,80.09,1298837,0.0
2017-11-30,80.29,81.14,78.17,79.69,1296668,0.0
2017-12-03,80.56,81.02,76.89,77.67,2167145,0.0
2017-12-04,77.3,78.62,77.06,78,1305545,0.0
2017-12-05,77.6,80.54,77.44,80.46,1128572,0.0
2017-12-06,81.01,81.71,80.251,80.57,1014269,0.0
2017-12-07,80.94,81.56,79.71,80.4,1374538,0.0
2017-12-10,80.35,81.9,80.11,81.39,1443714,0.0
2017-12-11,81.32,81.53,79.21,80.17,1663868,0.0
2017-12-12,79.78,80.91,79.68,80.425,891922,0.0
2017-12-13,80.5,83.05,80.07,81.19,2164955,0.0
2017-12-14,81.18,83.88,80.61,82.48,1499522,0.0
2017-12-17,82.63,84.44,82.58,83.53,1355215,0.0
2017-12-18,83.5,84.5,82.68,84.2,729100,0.0
2017-12-19,84.27,84.44,81.76,83.63,857122,0.0
2017-12-20,83.92,84.2998,83.29,83.96,851109,0.0
2017-12-21,84,84.1599,82.181,82.72,559057,0.0
2017-12-25,82.35,82.48,81.65,82.25,495257,0.0
2017-12-26,82.3,82.93,81.9,82.58,597801,0.0
2017-12-27,82.66,82.84,81.91,82.26,511449,0.0
2017-12-28,82.26,83.26,82.24,82.81,594650,0.0
2018-01-01,83.34,87.43,82.96,86.68,2006199,0.0
2018-01-02,87.23,88.55,86.14,88.15,1670509,0.0
2018-01-03,88.58,88.7,86.5,87.94,1023577,0.0
2018-01-04,88.69,88.69,87.64,87.85,1135384,0.0
2018-01-07,87.92,90.69,87.92,89.98,1429499,0.0
2018-01-08,90.14,90.46,88.11,89.46,778733,0.0
2018-01-09,89,89.22,88.11,88.97,740668,0.0
2018-01-10,89.01,90.15,88.55,89.43,852176,0.0
2018-01-11,89.9,89.9,88.64,89.67,1141825,0.0
2018-01-15,90.42,90.92,86.33,87.17,1092424,0.0
2018-01-16,87.35,90.9,87.35,90.55,1314087,0.0
2018-01-17,90.97,92.1,90.33,91.42,829900,0.0
2018-01-18,91.63,91.9,89.77,89.95,859482,0.0
2018-01-21,90.14,91.53,89.68,91.41,567182,0.0
2018-01-22,91.18,92.99,91.18,92.42,608549,0.0
2018-01-23,92.7,93.68,91.6933,92.16,1162688,0.0
2018-01-24,93,93.23,91.44,91.86,672587,0.0
2018-01-25,92.79,93.1,91.87,92.45,1012703,0.0
2018-01-28,92.95,93.18,91.12,91.51,680606,0.0
2018-01-29,90.4,91.55,89.37,90.78,1038865,0.0
2018-01-30,91.96,93.06,91.47,92.36,892026,0.0
2018-01-31,92.31,92.81,91.01,92.33,1548075,0.0
2018-02-01,92.25,92.54,90.77,91.19,989545,0.0
2018-02-04,90.11,93.09,87.26,89.59,1298475,0.0
2018-02-05,87.09,91.179,86.32,88.93,2000820,0.0
2018-02-06,88.64,90.8897,88.01,89.11,1174126,0.0
2018-02-07,89.6,90.21,85.3859,85.97,1816396,0.0
2018-02-08,86.5,88.67,82.63,86.81,1749056,0.0
2018-02-11,87.62,89.6002,87.2044,88.67,881363,0.0
2018-02-12,88.24,89.82,88.09,88.81,841307,0.0
2018-02-13,88.69,92.95,88.36,92.33,2004390,0.0
2018-02-14,93.03,97.27,92.78,96.29,2317465,0.0
2018-02-15,95.89,96,92.5743,92.64,1926124,0.0
2018-02-19,92.27,94.8983,92.0483,93.7,1217528,0.0
2018-02-20,93.84,95.09,92.81,92.85,1224615,0.0
2018-02-21,92.86,94.64,92.74,93.23,417087,0.0
2018-02-22,94.08,95.16,93.5,95.13,472584,0.0
2018-02-25,96.01,96.36,93.43,94.68,994852,0.0
2018-02-26,94.46,94.95,93.58,93.76,1098166,0.0
2018-02-27,93.86,95.51,93.13,93.2,1090427,0.0
2018-02-28,94.02,94.76,92.02,93.595,1826626,0.0
2018-03-01,98.01,102.61,95.5,102.34,5771007,0.0
2018-03-04,101.22,102.8,99.82,101.36,3083021,0.0
2018-03-05,101.69,104.69,101.6751,103.88,2250860,0.0
2018-03-06,102,106.39,102,105.64,2721821,0.0
2018-03-07,107.68,107.89,105.56,106.46,1666888,0.0
2018-03-08,108.11,108.89,106.81,107.21,1878839,0.0
2018-03-11,107.6,108.48,105.46,107.89,1755035,0.0
2018-03-12,109.24,109.757,105,106.43,2119227,0.0
2018-03-13,105.47,109.88,105.4,108.66,1561617,0.0
2018-03-14,108.67,109.42,106.281,108.04,1559914,0.0
2018-03-15,107.61,108.38,106.58,106.82,979646,0.0
2018-03-18,106.5,108.12,104.79,106.83,1044310,0.0
2018-03-19,107.04,110.07,107.04,110.01,1800566,0.0
2018-03-20,109.55,112.66,108.23,108.87,1862265,0.0
2018-03-21,107.51,108.77,105.64,105.88,1171565,0.0
2018-03-22,106.07,106.54,102.31,102.46,1532339,0.0
2018-03-25,105.06,105.96,102.9,104.87,2041793,0.0
2018-03-26,106.17,106.19,98.63,99.78,2163899,0.0
2018-03-27,99.11,99.76,94.74,95.93,2835207,0.0
2018-03-28,96.88,99.38,95.17,98.37,1974657,0.0
2018-04-01,97.32,99.1599,96.34,97.35,1235554,0.0
2018-04-02,98.41,99.29,96.845,97.88,842758,0.0
2018-04-03,95.39,99.67,94.39,99.23,995606,0.0
2018-04-04,100,101.15,98.57,99.44,1008696,0.0
2018-04-05,98.46,99.81,96.86,97.48,719391,0.0
2018-04-08,98.19,100.12,97.48,98.01,751465,0.0
2018-04-09,99.73,102.3,97.58,101.78,1669904,0.0
2018-04-10,101.72,103.73,101.06,102.13,1211464,0.0
2018-04-11,102.4,106.57,102.4,106.43,1602809,0.0
2018-04-12,107.02,107.325,102.83,104.15,1355113,0.0
2018-04-15,105,105.44,102.72,103.86,931532,0.0
2018-04-16,105.23,108.01,104.69,107.57,1182304,0.0
2018-04-17,107.15,107.78,105.12,106.82,870359,0.0
2018-04-18,106.15,107.64,105.35,105.91,894271,0.0
2018-04-19,105.77,106.105,103.93,104.48,803089,0.0
2018-04-22,105.03,106.58,104.3,105.03,696264,0.0
2018-04-23,105.75,106.16,99.33,100.35,1233955,0.0
2018-04-24,100.92,101.22,96.28,97.64,1904739,0.0
2018-04-25,98.28,101.49,97.97,100.91,1124332,0.0
2018-04-26,104.16,104.215,100.55,102.15,1139481,0.0
2018-04-29,102.13,103.99,101.81,102.65,638451,0.0
2018-04-30,102.1,103.25,101.2,103.2,562976,0.0
2018-05-01,103.31,104.48,102.72,102.97,518709,0.0
2018-05-02,102.27,106.6835,101.71,105.87,869167,0.0
2018-05-03,106.27,108.8,105.0608,107.24,989359,0.0
2018-05-06,107.99,110.75,107.36,109.93,750671,0.0
2018-05-07,109.32,113.99,109,113.15,1257090,0.0
2018-05-08,113.2,116.43,112.89,114.85,1740459,0.0
2018-05-09,115.05,117.859,115.01,116.81,1026259,0.0
2018-05-10,116.84,117.86,115.71,116.055,801644,0.0
2018-05-13,115.77,117.18,111.13,112.01,1904544,0.0
2018-05-14,111.69,113.535,109.55,113.06,802862,0.0
2018-05-15,113.29,116.15,113.29,115.19,980758,0.0
2018-05-16,115.15,116.88,113.6057,114.85,843270,0.0
2018-05-17,114.86,116.78,114.39,116.73,655144,0.0
2018-05-20,117.37,119,113.621,114.96,1239681,0.0
2018-05-21,115.17,115.49,113.37,114.41,953867,0.0
2018-05-22,114,116.84,113.5,116.63,817921,0.0
2018-05-23,117.08,117.37,114.73,116.29,1904980,0.0
2018-05-24,115.7,117.71,110.14,110.25,4670470,0.0
2018-05-28,110.2,110.38,107.08,108.43,2253786,0.0
2018-05-29,109.62,111.9209,109.24,111.53,1667041,0.0
2018-05-30,111.51,112.71,110.22,110.81,1240330,0.0
2018-05-31,111.31,113.97,111.055,113.96,1056914,0.0
2018-06-03,114.59,115.85,113.0873,115.81,864274,0.0
2018-06-04,116.5,118.65,115.61,116.515,860962,0.0
2018-06-05,116.5,117.92,115.65,117.82,848620,0.0
2018-06-06,118,119.15,112.3,114.65,1725383,0.0
2018-06-07,114.35,117.2,114.01,116.77,853160,0.0
2018-06-10,116.67,118.24,115.55,117.06,812517,0.0
2018-06-11,117.17,119.83,116.33,118.35,1486355,0.0
2018-06-12,117.73,119.3,116.8605,117.64,914046,0.0
2018-06-13,118,121.639,118,119.49,1748905,0.0
2018-06-14,113.89,117.16,112.7,115.87,1974270,0.0
2018-06-17,114.74,117.9255,114.5619,117.22,1103641,0.0
2018-06-18,115.84,117.16,113.73,116.78,868379,0.0
2018-06-19,117,118.37,115.72,115.86,845429,0.0
2018-06-20,116.4,116.94,112.88,113.15,759071,0.0
2018-06-21,111.94,112.15,104.3501,105.16,3491970,0.0
2018-06-24,104,105,97.16,101.18,3778457,0.0
2018-06-25,102.82,103.4,100.8901,101.75,1367001,0.0
2018-06-26,102.55,104.22,96.08,96.4,2574914,0.0
2018-06-27,95.6,98.62,95.1,98.19,2308668,0.0
2018-06-28,98.63,99.87,98.3259,99.11,1504089,0.0
2018-07-01,98.03,101.09,97.02,100.7,964087,0.0
2018-07-02,101.33,103.092,98.86,99.15,629889,0.0
2018-07-04,99.65,100,97.54,98.97,792422,0.0
2018-07-05,99.44,101.8104,98.91,101.37,723024,0.0
2018-07-08,101.69,102.78,99.52,102.16,692415,0.0
2018-07-09,100.29,101.91,99.62,100.2,2537804,0.0
2018-07-10,99.67,102.36,99.45,102.08,1346537,0.0
2018-07-11,103,106.77,102.7401,105.94,2038439,0.0
2018-07-12,106.58,107.38,104.56,105.86,1855712,0.0
2018-07-15,106.1,107.46,105.6,106.2,742006,0.0
2018-07-16,105.52,107.9,104.8367,107.24,828247,0.0
2018-07-17,107.06,108.33,106.31,107.48,1022771,0.0
2018-07-18,107.27,107.8,106.19,106.25,495929,0.0
2018-07-19,106.85,107.37,105.235,105.53,592283,0.0
2018-07-22,105.4,106.09,104.01,105.08,1290882,0.0
2018-07-23,106,107.06,101.15,102.41,1340609,0.0
2018-07-24,102.82,104.73,102,104.05,1375347,0.0
2018-07-25,103.1,104.93,101.9,104.04,1177235,0.0
2018-07-26,104.61,105.39,99.79,101.09,1068293,0.0
2018-07-29,100.62,100.81,93.68,95.37,2457537,0.0
2018-07-30,95.9,98.38,95.3,96.11,1402829,0.0
2018-07-31,96.1,100.2,96.1,99.14,1158946,0.0
2018-08-01,98.3,103.17,97.08,102.93,1471868,0.0
2018-08-02,102.62,102.88,100.13,100.48,763852,0.0
2018-08-05,101.03,103,100.42,102.87,543011,0.0
2018-08-06,103.73,105.32,102.53,103.38,810744,0.0
2018-08-07,103.61,104.64,102.55,103.27,357415,0.0
2018-08-08,104.13,106.61,103.57,105.35,1082727,0.0
2018-08-09,104.99,106.33,104.16,105.76,515450,0.0
2018-08-12,106,107.75,105.57,105.7,1047631,0.0
2018-08-13,106.66,106.99,104.32,105.79,605304,0.0
2018-08-14,105.2,106.27,101.97,102.96,1031379,0.0
2018-08-15,104.73,105.0874,102.88,104.0366,662226,0.0
2018-08-16,104.1,104.4941,102.18,103.4,735279,0.0
2018-08-19,103.87,104.23,102.77,104.17,1367163,0.0
2018-08-20,104.67,106.65,104.05,105.09,768288,0.0
2018-08-21,104.64,107.3,104.64,106.85,903486,0.0
2018-08-22,107.64,108.65,106.56,107.73,1538417,0.0
2018-08-23,114.9,126.43,114.35,123.7,9350953,0.0
2018-08-26,123,123.22,118.33,121.18,3250663,0.0
2018-08-27,120.36,127.5988,120.1,127.47,3156289,0.0
2018-08-28,125.22,130,124.25,127.71,2255031,0.0
2018-08-29,127.7,128.38,125.13,125.76,1085971,0.0
2018-08-30,125.56,129.179,125.5,128.15,1317257,0.0
2018-09-03,128,130,127.52,128.64,1563712,0.0
2018-09-04,128.35,128.59,120.47,121.92,1722789,0.0
2018-09-05,121.93,124.3,120.52,123.43,1045100,0.0
2018-09-06,123.3,127,121.36,125.4,1017881,0.0
2018-09-09,126,126.375,123.63,125.35,854363,0.0
2018-09-10,125,127.41,124.36,125.53,1313366,0.0
2018-09-11,123.67,126.18,122.49,125.86,1265725,0.0
2018-09-12,126.57,129.23,124.54,125.21,1078072,0.0
2018-09-13,125.96,126.945,124.7,125.37,703293,0.0
2018-09-16,124.87,125.69,119.08,119.48,1056748,0.0
2018-09-17,117.52,120.78,116.21,116.31,2084428,0.0
2018-09-18,116.87,117.17,113.73,115.44,2594095,0.0
2018-09-19,116.2,116.91,114.663,115.68,1720387,0.0
2018-09-20,115.29,117.53,115.0101,116.4,1652431,0.0
2018-09-23,115,117.87,113.74,116.11,1334855,0.0
2018-09-24,116.64,117.68,115.98,117.43,2102604,0.0
2018-09-25,118.64,118.953,116.81,117.46,827512,0.0
2018-09-26,118.63,119.4299,118.16,118.49,1113435,0.0
2018-09-27,118.26,121.7,118.19,120.92,2016947,0.0
2018-09-30,121.99,123,116.71,117.56,1680723,0.0
2018-10-01,117.89,118.85,112.15,112.6,2082040,0.0
2018-10-02,113.96,116.23,113.0372,115.06,1602600,0.0
2018-10-03,115.06,115.36,110.61,111.81,1081487,0.0
2018-10-04,111.63,113.8,108.51,110.62,1293715,0.0
2018-10-07,109.47,109.91,101.83,105,3350367,0.0
2018-10-08,104.98,108.24,103.01,104.12,1347882,0.0
2018-10-09,103.51,103.87,98.364,98.48,2375298,0.0
2018-10-10,98.75,103,98.12,99.11,2687875,0.0
2018-10-11,102.25,105.67,101,103.52,2386901,0.0
2018-10-14,102.87,103.25,100.03,100.99,990379,0.0
2018-10-15,102.93,106,102.54,105.92,1146122,0.0
2018-10-16,106,106.73,103.3,105.86,1193737,0.0
2018-10-17,105.51,106.17,100.25,101.25,1458944,0.0
2018-10-18,101.97,102.4,94.57,94.72,2472401,0.0
2018-10-21,97.34,97.34,93.215,97.01,2849993,0.0
2018-10-22,94.33,97.68,93.61,97.09,2338899,0.0
2018-10-23,97.23,97.62,90.72,90.74,2045432,0.0
2018-10-24,91.52,94.34,91.03,93.62,2404327,0.0
2018-10-25,91,92.13,87.39,89.92,2781266,0.0
2018-10-28,94.2,97.32,90.51,93.11,4620818,0.0
2018-10-29,92.73,96.33,91.005,95.44,3125627,0.0
2018-10-30,97.78,101.335,97.25,99.84,3342278,0.0
2018-10-31,101.03,103.35,98.925,103.02,2311300,0.0
2018-11-01,103.41,105.42,101.21,105.42,1740334,0.0
2018-11-04,105.29,105.33,98.92,101.04,3088077,0.0
2018-11-05,95.57,98.48,93.55,94.87,5451982,0.0
2018-11-06,96.8,103.77,96.525,101.74,2637018,0.0
2018-11-07,101.97,103.89,100.55,101.71,1037182,0.0
2018-11-08,100.46,101.72,95.75,98.57,1477037,0.0
2018-11-11,99.36,99.709,95,96.36,1766509,0.0
2018-11-12,96.78,98.83,94.52,97.51,1041123,0.0
2018-11-13,99.59,101.08,97.33,97.81,1360797,0.0
2018-11-14,97.56,102.6,97.56,101.62,1233518,0.0
2018-11-15,100.68,101.19,98.62,100.52,1193581,0.0
2018-11-18,100.32,100.83,88.79,89.25,3177191,0.0
2018-11-19,87.38,90.3,83.69,87.96,3222043,0.0
2018-11-20,90.44,93.37,89.55,92.69,2142102,0.0
2018-11-22,90.82,93.4,90.5,92.57,638436,0.0
2018-11-25,95.45,95.85,93.72,95.65,1963100,0.0
2018-11-26,94.25,95.465,92.29,92.44,1666524,0.0
2018-11-27,95.15,99.46,93.84,99.13,2325181,0.0
2018-11-28,99.25,102.44,97.73,101.77,3607981,0.0
2018-11-29,108.99,112.7,103.8278,111.65,7808645,0.0
2018-12-02,114,114.25,107.79,110.04,3835492,0.0
2018-12-03,107.68,110.5,106.6263,108.18,2341061,0.0
2018-12-05,105.25,111.14,103.5905,111.13,2647754,0.0
2018-12-06,110.88,112.32,103.65,105.65,2472223,0.0
2018-12-09,104.24,109.5,104.24,108.41,1867596,0.0
2018-12-10,110.11,110.6194,105.04,106.26,1943724,0.0
2018-12-11,106.94,111.75,106.8213,109.41,2201095,0.0
2018-12-12,109.39,110.75,106.1,107.79,1390548,0.0
2018-12-13,105.35,107.68,104.2,105.21,1483811,0.0
2018-12-16,104.22,104.3997,99.375,100.67,2198431,0.0
2018-12-17,101.25,103.28,100.75,102.25,1690060,0.0
2018-12-18,102.59,105.64,99.44,100.33,2266127,0.0
2018-12-19,99.27,100.81,92.35,96.61,3190699,0.0
2018-12-20,96.73,97,91.2,91.85,2536594,0.0
2018-12-23,90.1,94.88,90.08,92.71,1520917,0.0
2018-12-25,93.54,99.92,93.51,99.8,1355610,0.0
2018-12-26,97.81,102.84,97.4,102.8,2099172,0.0
2018-12-27,103.26,104.46,99.87,102.64,1867571,0.0
2018-12-30,103.48,105.04,102.3,103.72,1250259,0.0
2019-01-01,102,104.71,101.7067,103.17,1440211,0.0
2019-01-02,101.55,103.31,99.49,100.9499,1923670,0.0
2019-01-03,102.68,109.52,101.56,107.95,2764893,0.0
2019-01-06,109.01,113.46,108.19,113.34,1820283,0.0
2019-01-07,114.48,115.9099,111.25,114.97,2161376,0.0
2019-01-08,115.01,116.59,113.87,115.9,1640852,0.0
2019-01-09,115.04,116.95,113.58,116.6,1360844,0.0
2019-01-10,116,117.8627,115,116.98,1162769,0.0
2019-01-13,115.75,115.9,113.44,114.52,1127523,0.0
2019-01-14,114.37,118.91,114.29,117.77,1363861,0.0
2019-01-15,118.19,118.91,115.06,116.8,1183644,0.0
2019-01-16,116.34,118.86,116,118.53,817641,0.0
2019-01-17,119.41,121.36,119.1,120.64,1826260,0.0
2019-01-21,120,120.36,118.29,118.4,1305923,0.0
2019-01-22,120,121.6532,117.13,119.39,1253044,0.0
2019-01-23,120.99,120.99,117.89,119.8925,761902,0.0
2019-01-24,120.67,122.92,119.56,122.02,1047078,0.0
2019-01-27,120.38,120.7,118.08,119.53,952995,0.0
2019-01-28,119.32,120.5,118.26,118.39,960759,0.0
2019-01-29,119.8,123.75,119.04,122.75,1333904,0.0
2019-01-30,123.41,127.09,123,124.94,1447455,0.0
2019-01-31,124.76,127.54,123.59,127.42,1228121,0.0
2019-02-03,127.46,130.8,126.53,128.855,1412961,0.0
2019-02-04,129.07,131.43,128.59,129.2,1190923,0.0
2019-02-05,129.16,130.38,126.1,128.18,1021083,0.0
2019-02-06,126.77,128.3,124.67,128.27,1209246,0.0
2019-02-07,126.48,131.37,126.48,130.83,1176567,0.0
2019-02-10,132.64,134.38,129.63,131.0399,1259748,0.0
2019-02-11,131.97,134.87,131.62,134.32,1513648,0.0
2019-02-12,135,135,132.5,133.79,840375,0.0
2019-02-13,133.01,136.15,132.16,134.71,1101450,0.0
2019-02-14,134.94,136.0699,133.81,136.0699,890432,0.0
2019-02-20,132.28,133.12,131.52,132.42,1385397,0.0
2019-02-21,132.49,134.65,132.42,134.59,887760,0.0
2019-02-24,136.89,137,134.51,135.38,1170665,0.0
2019-02-25,135.62,137.07,133.61,135.97,1120927,0.0
2019-02-26,136.87,139.04,135.79,138.47,1516689,0.0
2019-02-27,138.95,138.95,135.87,135.89,2857772,0.0
2019-02-28,143,143.7,132.458,134.65,6861603,0.0
2019-03-03,134.44,134.97,124.35,128,4520176,0.0
2019-03-04,127.22,128,123.87,125.36,2415705,0.0
2019-03-05,125,126.69,121.81,122.64,2017834,0.0
2019-03-06,122.5,125.4665,122.0901,123.33,2371486,0.0
2019-03-07,121.21,123.715,119.51,122.43,1676228,0.0
2019-03-10,123,125.84,122.99,125.8,2020675,0.0
2019-03-11,126.75,126.78,124.6346,124.79,1715080,0.0
2019-03-12,124.49,126.34,124.0711,124.25,1335291,0.0
2019-03-13,125.4,128.38,124.43,126.41,1914289,0.0
2019-03-14,126.55,127.61,126.1601,127.32,1194922,0.0
2019-03-17,127.33,129.9,127.33,128.6,1537403,0.0
2019-03-18,129.69,130.38,128.58,129.58,1436657,0.0
2019-03-19,129.5,131,127.6577,130.02,1125262,0.0
2019-03-20,129.5,132.5,129.5,132.48,1165537,0.0
2019-03-21,132.22,132.28,124.55,125.68,2112835,0.0
2019-03-24,125,125.39,122.015,123.54,1884575,0.0
2019-03-25,125.91,125.9999,123.5,124.24,1121621,0.0
2019-03-26,124.2,124.62,118.83,120.43,1509157,0.0
2019-03-27,120.5,122.33,119.5,121.83,1120804,0.0
2019-03-28,123.2,125.565,122.3301,124.71,2038262,0.0
2019-03-31,126.3,128.88,124.525,126.83,725615,0.0
2019-04-01,126.84,127.82,125.48,127.66,1255026,0.0
2019-04-02,128.61,129.9093,127.25,128.85,937049,0.0
2019-04-03,129,130.1595,122.95,125.94,1578697,0.0
2019-04-04,126.08,129.08,126.07,128.7,1413750,0.0
2019-04-07,128.74,129.7,125.9,129.6,889704,0.0
2019-04-08,128.69,130.02,128.17,129.63,1100911,0.0
2019-04-09,130.18,134.32,130.18,133.93,1380578,0.0
2019-04-10,133.62,135.77,133.22,135.37,1290522,0.0
2019-04-11,135.9,135.9,133.9375,134.85,913395,0.0
2019-04-14,135.02,136.49,132.74,134.65,866980,0.0
2019-04-15,135.78,137.25,132.35,133.54,1139121,0.0
2019-04-16,134.59,134.79,128.2,128.925,1348265,0.0
2019-04-17,128.8,129.58,125.25,128.07,1166074,0.0
2019-04-21,127.89,130.37,127.3,130,1179090,0.0
2019-04-22,130.5,133.76,129.64,133.605,1639334,0.0
2019-04-23,134.33,135.74,133.19,133.23,892903,0.0
2019-04-24,135.02,136.76,132.69,135.75,1367891,0.0
2019-04-25,136.1,138.2,135.28,137.74,893959,0.0
2019-04-28,138.11,140.75,138,138.88,935959,0.0
2019-04-29,138.24,139.96,136.9264,138.04,646678,0.0
2019-04-30,138.52,139,134.66,134.8,1075290,0.0
2019-05-01,134.5,136.96,132.73,134.42,1072051,0.0
2019-05-02,135.6,136.59,134,135.21,844905,0.0
2019-05-05,131.01,135.5388,129.2,135.13,667566,0.0
2019-05-06,133.5,134,128.22,131.4,1358590,0.0
2019-05-07,131.29,132.94,130.23,131.74,575671,0.0
2019-05-08,130.06,132.97,127.72,132.41,688848,0.0
2019-05-09,132.04,134.19,129.92,133.41,818902,0.0
2019-05-12,128.86,130.81,126.14,126.9,955985,0.0
2019-05-13,128.26,131.93,127.52,130.99,910550,0.0
2019-05-14,130.21,135.8396,130.21,134.95,1021560,0.0
2019-05-15,135.66,140.66,135.565,139.02,1678838,0.0
2019-05-16,138,138.62,135.59,136.51,918437,0.0
2019-05-19,136.19,136.6,133.51,134.13,1145549,0.0
2019-05-20,135.52,138.55,135.52,138.38,1037547,0.0
2019-05-21,137.07,137.4316,135.24,136.04,1584252,0.0
2019-05-22,134.03,134.16,128.01,128.76,2970538,0.0
2019-05-23,125.79,129.5,115.62,119.3,11289123,0.0
2019-05-27,120.09,124.98,120.07,122.17,3507137,0.0
2019-05-28,120.5,121.99,117.89,118.78,2281274,0.0
2019-05-29,119.96,120.2,117.12,117.6,1464685,0.0
2019-05-30,114.96,116.66,113.19,114.12,2507238,0.0
2019-06-02,113.95,113.95,107.89,108.98,2322662,0.0
2019-06-03,111.25,111.99,109.91,111.72,1836901,0.0
2019-06-04,113.72,114.2,108.91,110.97,1786465,0.0
2019-06-05,110.74,111,107.96,109.49,2443600,0.0
2019-06-06,110.4,112.37,110.13,111.33,2322028,0.0
2019-06-09,115.505,121.5,114.99,118.52,3886082,0.0
2019-06-10,120,120.245,115.32,116.77,1950992,0.0
2019-06-11,115.23,116.49,114.26,116.11,1215311,0.0
2019-06-12,116.13,118.73,115.8008,118.27,2162966,0.0
2019-06-13,117.98,118.96,116.29,118.25,2449361,0.0
2019-06-16,118.37,121.09,118.241,119.32,1089810,0.0
2019-06-17,120.27,122.45,119.88,120.11,1107999,0.0
2019-06-18,120.85,122.16,119.35,122.14,942556,0.0
2019-06-19,124,125.88,122.8589,124.46,1395212,0.0
2019-06-20,124.03,125.1,123.17,124.35,996947,0.0
2019-06-23,125.8,126,122.59,122.93,1061090,0.0
2019-06-24,122.12,122.73,117.78,117.99,1865487,0.0
2019-06-25,119.86,122.58,118.51,120.8,1646110,0.0
2019-06-26,121.24,124.97,120.33,124.26,1217550,0.0
2019-06-27,124.6,126.18,123.17,125.82,1235856,0.0
2019-06-30,129,129.2,124.8,125.33,2029914,0.0
2019-07-01,125.33,128.61,125.059,128.39,1140676,0.0
2019-07-02,128.61,130,127.73,129.31,786226,0.0
2019-07-04,128.69,130.47,127.79,130.34,769449,0.0
2019-07-07,129.88,130.47,128.12,130.4,857361,0.0
2019-07-08,130,132.63,129.745,132.37,1323561,0.0
2019-07-09,132.7,134.38,131.94,132.2,926744,0.0
2019-07-10,133.04,138.09,132.54,137.41,2129379,0.0
2019-07-11,136.6,137.52,134.78,136.855,1572147,0.0
2019-07-14,137.64,139.5393,136.15,138.44,1125344,0.0
2019-07-15,138,138.26,135.92,136.52,1078584,0.0
2019-07-16,137.04,139.25,136.65,138.62,1143395,0.0
2019-07-17,137.58,139.5,137.01,138.41,1163194,0.0
2019-07-18,139.31,140.2788,138.04,138.04,1125344,0.0
2019-07-21,139.06,139.91,138.3,138.66,776877,0.0
2019-07-22,139.08,139.44,136.22,137.77,777738,0.0
2019-07-23,137.35,140.1468,136.625,139.88,849735,0.0
2019-07-24,139.82,139.8872,137.805,138.7,1042106,0.0
2019-07-25,139.77,142.06,139.43,140.73,995731,0.0
2019-07-28,141,141.36,134.71,138.25,870495,0.0
2019-07-29,136.16,139.15,135.14,137.38,836408,0.0
2019-07-30,137.99,139.48,133.36,135.31,1086971,0.0
2019-07-31,135.41,138.87,134.4,135.12,1047724,0.0
2019-08-01,133.73,133.73,123.81,126.49,2350912,0.0
2019-08-04,121.48,123.5,120.17,122.38,1755229,0.0
2019-08-05,124.82,126.33,122.71,124.53,1190777,0.0
2019-08-06,122,124.4,121.0523,122.65,1055863,0.0
2019-08-07,124.39,127.68,123.85,126.88,867624,0.0
2019-08-08,127.06,131.59,126.97,130.18,1439504,0.0
2019-08-11,128.78,129.8,127,129.09,868563,0.0
2019-08-12,129.48,132.42,128.56,131.73,869404,0.0
2019-08-13,129.29,129.37,123.8,125.56,958917,0.0
2019-08-14,125.35,126.25,122.81,123.55,885822,0.0
2019-08-15,124.76,127.69,124.69,124.79,1453471,0.0
2019-08-18,128.41,128.41,124.4,125.56,1525534,0.0
2019-08-19,125.21,128.83,124.78,126.7,1402242,0.0
2019-08-20,128.4,129.565,127.15,128.4833,2294015,0.0
2019-08-21,122.79,125.03,114.23,118.4,14498580,0.0
2019-08-22,116.65,121.6,116.3,118.6,5863787,0.0
2019-08-25,119.5,119.78,111.32,112.495,4384991,0.0
2019-08-26,113.15,115.36,110.88,113.03,3774714,0.0
2019-08-27,112.87,113.57,110.53,110.64,2073533,0.0
2019-08-28,112,112.63,109.66,112.39,2389049,0.0
2019-08-29,113.26,113.7,110.18,111.87,1414933,0.0
2019-09-02,110.54,111.62,107.16,108.1999,2055011,0.0
2019-09-03,109.17,109.97,107.39,109.75,1703634,0.0
2019-09-04,111,111.9,109.2,110.68,1724543,0.0
2019-09-05,111.04,112.28,110.1,110.35,949519,0.0
2019-09-08,111.73,111.89,107.45,109.48,1651854,0.0
2019-09-09,109.43,113.09,108.705,112.71,2236046,0.0
2019-09-10,112.71,116.09,110.71,113.97,2513112,0.0
2019-09-11,116.13,116.59,113.67,113.9,1717470,0.0
2019-09-12,114.11,114.53,112.2411,113.64,1095067,0.0
2019-09-15,112.8,115.45,112.1728,114.84,896336,0.0
2019-09-16,117.5,119.1767,116.08,118.7742,2240427,0.0
2019-09-17,118,118,114.08,116.94,1199819,0.0
2019-09-18,119.31,123.75,119.0918,121.884,2884804,0.0
2019-09-19,121.97,121.98,118.67,121.72,1294659,0.0
2019-09-22,121.35,123.41,120.26,122.7,1166155,0.0
2019-09-23,123,123.76,117.7953,118.89,1852440,0.0
2019-09-24,118.59,118.7999,115.1,117.51,1441379,0.0
2019-09-25,117.75,120.17,117.35,119.54,780270,0.0
2019-09-26,120.27,120.28,116.16,118.07,1282099,0.0
2019-09-29,118,118.5915,116.05,117.86,1003824,0.0
2019-09-30,118.69,119.58,116.63,117.07,990623,0.0
2019-10-01,116.48,116.55,113.38,115.595,1224567,0.0
2019-10-02,116.78,119.55,113.81,119.05,1005423,0.0
2019-10-03,119.39,123,118.72,122.87,2769209,0.0
2019-10-06,122.03,122.71,121,121.27,1784667,0.0
2019-10-07,120.97,121.425,116.74,117.63,3134814,0.0
2019-10-08,118.1,119.8668,117.76,119.04,1327595,0.0
2019-10-09,118.95,119.78,117.69,118.15,1570568,0.0
2019-10-10,120.18,121.63,119.51,120.8,2736243,0.0
2019-10-13,121.5479,121.76,119.42,119.66,1200430,0.0
2019-10-14,119.94,121.1,119.66,119.79,1488003,0.0
2019-10-15,116.12,117,111.67,113.6,5188603,0.0
2019-10-16,114.24,114.785,112.7,113.18,2000513,0.0
2019-10-17,113.15,113.44,108.43,110.98,3030266,0.0
2019-10-20,111.4095,112.15,110.45,111.1,845603,0.0
2019-10-21,112.25,113.15,110.375,110.41,1264492,0.0
2019-10-22,111.87,118.38,111.3697,115,2905667,0.0
2019-10-23,116.44,119.75,115.57,119.69,1597975,0.0
2019-10-24,118.18,119.72,116.87,119.53,978499,0.0
2019-10-27,120.22,120.75,118.9473,120.02,877898,0.0
2019-10-28,119.86,120.64,119,119.24,793477,0.0
2019-10-29,120.29,120.74,118.56,120.44,812628,0.0
2019-10-30,120.78,120.78,117.64,119.9,749469,0.0
2019-10-31,120.62,123.16,119.737,123.11,1177897,0.0
2019-11-03,124.01,124.43,120.335,121.03,885676,0.0
2019-11-04,122.39,123.91,121.21,123.3531,1373569,0.0
2019-11-05,123.12,123.46,121.291,123.4,1041566,0.0
2019-11-06,123.45,124,121.87,122.8,796032,0.0
2019-11-07,123.21,125.47,122.03,125.02,934801,0.0
2019-11-10,124.85,125.9,124.1,124.67,846551,0.0
2019-11-11,124.94,125.7,123.71,124.77,828498,0.0
2019-11-12,124.87,125.18,123.66,124.71,707386,0.0
2019-11-13,120.99,120.99,116.57,116.99,3006588,0.0
2019-11-14,118.39,119.9,115.33,119.16,2031084,0.0
2019-11-17,122.81,123.43,120.58,122.79,2015275,0.0
2019-11-18,124,125.12,121.89,124.66,1316534,0.0
2019-11-19,124,127.74,123.6066,126.81,1725161,0.0
2019-11-20,127.12,127.23,125.105,126.85,2334793,0.0
2019-11-21,135.01,140.8,133.61,140.535,12011862,0.0
2019-11-24,139.64,148.18,139.53,147.63,5673846,0.0
2019-11-25,145.8,149.7,145.6,147.46,2585123,0.0
2019-11-26,147,151.26,146.35,151,2072757,0.0
2019-11-28,150,150.89,148.9725,149.24,948990,0.0
2019-12-01,152.39,152.676,146.21,148.04,2209541,0.0
2019-12-02,144,148.64,142.5,148.08,1672182,0.0
2019-12-03,148.19,149.28,145.91,146.6,1254882,0.0
2019-12-04,146.81,147.81,144.76,146.13,771246,0.0
2019-12-05,147.16,148.68,145.77,147.92,890131,0.0
2019-12-08,147.18,150.71,146.9997,149.75,1720169,0.0
2019-12-09,149.85,150.3,148.38,149.08,1157263,0.0
2019-12-10,148.29,148.6053,145.46,145.96,1832707,0.0
2019-12-11,145.5,146.2,143.41,143.65,1643386,0.0
2019-12-12,144.08,144.75,141.93,143.51,2177768,0.0
2019-12-15,143.53,147.76,143.21,146.31,1984217,0.0
2019-12-16,146.35,147.1,144.71,145.1,1077037,0.0
2019-12-17,144.73,149.2429,144.61,148.1,1468985,0.0
2019-12-18,149.36,151.1,148.64,150.04,1496789,0.0
2019-12-19,150.15,151.61,148.89,150.98,2144676,0.0
2019-12-22,151.5,151.5,149.58,150.04,788156,0.0
2019-12-23,150.23,150.77,149.79,150.39,425725,0.0
2019-12-25,150.63,153.66,150.01,151.92,796974,0.0
2019-12-26,152.66,152.66,149.26,151.54,802847,0.0
2019-12-29,151.3,151.3,147.0001,149,817040,0.0
2019-12-30,148.41,150.03,148.1728,149.81,667270,0.0
2020-01-01,150.97,153.44,150.4748,151.97,1007271,0.0
2020-01-02,148.61,152.5,148.4,151.97,798804,0.0
2020-01-05,149.8,154.62,148.13,154.6,1239121,0.0
2020-01-06,154.76,155.72,153.14,153.37,1047655,0.0
2020-01-07,153.64,156.75,152.75,155.74,1548508,0.0
2020-01-08,157.2,157.655,153.59,154.52,1228058,0.0
2020-01-09,156.84,156.84,153.97,155.84,842336,0.0
2020-01-12,157,157.7165,155.92,156.52,812621,0.0
2020-01-13,155.71,158.7,155.37,157.06,1268901,0.0
2020-01-14,157.57,158.37,155.53,156.02,1083778,0.0
2020-01-15,157.71,160.43,156.74,160.3,1330127,0.0
2020-01-16,161.49,161.49,156,157.87,1406897,0.0
2020-01-20,157.83,159.25,156.74,157.1,1681731,0.0
2020-01-21,158.24,159.235,156.1801,156.53,1628751,0.0
2020-01-22,156.55,158.42,155,157.78,2614370,0.0
2020-01-23,159.41,160.98,156.41,156.96,1560961,0.0
2020-01-26,153.53,154.99,151.04,153.6,1144364,0.0
2020-01-27,153.85,156.46,153.09,155.55,1204580,0.0
2020-01-28,156.79,156.79,154.646,155.62,859545,0.0
2020-01-29,154.43,158.9819,154.43,158.72,1208538,0.0
2020-01-30,158.67,159.55,154.4,155.2,1016701,0.0
2020-02-02,156.11,160.33,155.2,159.87,1109813,0.0
2020-02-03,162.01,168.42,161.3316,167.81,1704720,0.0
2020-02-04,170.51,170.74,163.07,163.9,2317359,0.0
2020-02-05,164.6,164.95,161.2,162.68,1007186,0.0
2020-02-06,162.33,165.44,160.69,162.55,874242,0.0
2020-02-09,162.74,167.76,162.17,167.09,921065,0.0
2020-02-10,169.48,171.17,166.4,168.095,1477265,0.0
2020-02-11,169.8,170.42,165.41,169.84,1109514,0.0
2020-02-12,168.73,172.245,168.54,170.94,859498,0.0
2020-02-13,171.4,173.84,170.96,172.53,834083,0.0
2020-02-17,172.41,174.075,170.52,172.92,762221,0.0
2020-02-18,174.19,176.31,173.66,174.24,989791,0.0
2020-02-19,173.96,175.26,168.12,173.4,1359185,0.0
2020-02-20,171.92,172,164.12,166.985,1675680,0.0
2020-02-23,160.18,162.23,154.25,160.08,1834681,0.0
2020-02-24,164.21,164.24,154.61,155.62,2155417,0.0
2020-02-25,155.66,161.32,155.12,156.51,1343816,0.0
2020-02-26,151.79,153.97,146.79,146.79,2645808,0.0
2020-02-27,143.11,148.56,141.75,147.37,2472179,0.0
2020-03-01,151.05,152.2,145.945,152.05,1862846,0.0
2020-03-02,152.12,156.51,144.84,148.5,2869426,0.0
2020-03-03,151.53,155.5,148.63,155.4,2097912,0.0
2020-03-04,149.01,151.41,138.86,141.25,8499204,0.0
2020-03-05,136,140.4818,134.06,138.825,4113966,0.0
2020-03-08,129.26,132.8,126.11,128.12,6118356,0.0
2020-03-09,132.27,134.395,127.1,132.29,2802242,0.0
2020-03-10,128,128.44,118.2,120.72,6326132,0.0
2020-03-11,110.99,113.48,105,105.02,7450384,0.0
2020-03-12,113.69,118.66,108,115.07,5912650,0.0
2020-03-15,98.03,107.49,93.92,95.71,5900086,0.0
2020-03-16,98,112.04,95,109.39,3355258,0.0
2020-03-17,101.63,107.55,96.22,105.78,3873976,0.0
2020-03-18,105,113.42,98.22,107.51,2291119,0.0
2020-03-19,108.78,120.93,108,110.3,3297472,0.0
2020-03-22,112,116.76,105.39,113.45,3499261,0.0
2020-03-23,121.5265,125.37,118.5,121,1945419,0.0
2020-03-24,122.33,128.87,119.67,122.04,1684527,0.0
2020-03-25,122.91,132,122.5101,129.13,3205380,0.0
2020-03-26,122.91,126.95,122.16,124.8,1416720,0.0
2020-03-29,125.68,128.9,124.52,127.22,1560329,0.0
2020-03-30,126.13,129.63,123.52,126.22,3400760,0.0
2020-03-31,120.44,120.7588,108.88,109.68,2680915,0.0
2020-04-01,109.01,110.99,103.01,105.28,2390203,0.0
2020-04-02,104.09,106.85,101.1,102.08,2335551,0.0
2020-04-05,107.55,119.78,105.11,118.32,6282588,0.0
2020-04-06,123.01,124,118.62,120.12,3924064,0.0
2020-04-07,121.28,125.45,120.84,125.1,2302046,0.0
2020-04-08,125.99,128.4,120.58,123.13,3062004,0.0
2020-04-12,123.62,126.67,122.815,125.95,871310,0.0
2020-04-13,129.75,134.34,129.01,132.92,1710580,0.0
2020-04-14,132.02,132.945,129.31,130.59,4954374,0.0
2020-04-15,132.97,136.1086,131.12,131.57,2587915,0.0
2020-04-16,137.24,137.4,133.67,135.14,3159024,0.0
2020-04-19,134.12,136.91,133.011,133.35,3121849,0.0
2020-04-20,132.19,132.32,123.51,127.14,4229243,0.0
2020-04-21,131.61,132.15,128.18,131.47,3076578,0.0
2020-04-22,130.96,134.28,130.31,131.79,1535870,0.0
2020-04-23,128.39,130.29,125,128.63,4947963,0.0
2020-04-26,131.65,132.75,129.42,132.62,3215066,0.0
2020-04-27,134.86,135.55,128.31,130.09,783776,0.0
2020-04-28,133.27,142.16,131.91,140.85,1609636,0.0
2020-04-29,140.93,144.49,139.66,140.36,2676645,0.0
2020-04-30,136.99,137.995,131.375,134.03,1036995,0.0
2020-05-03,132.45,134.96,131.34,134.94,1507089,0.0
2020-05-04,140.86,146.46,140.7,143.61,1730168,0.0
2020-05-05,144.16,148.14,143.265,145.04,1122935,0.0
2020-05-06,147.56,152.08,146.7002,150.63,1609734,0.0
2020-05-07,153.38,153.95,149.51,153.28,3008914,0.0
2020-05-10,154,161.23,153.42,158.76,1720198,0.0
2020-05-11,160,161.8,155.89,156.32,1368403,0.0
2020-05-12,155.32,156.9299,145.93,149.08,4322352,0.0
2020-05-13,147.36,151.53,143.3,151.42,2892994,0.0
2020-05-14,151,157.75,150.255,156.17,1132631,0.0
2020-05-17,159.68,161.54,154.58,154.9,2446372,0.0
2020-05-18,157.6,162.125,157.04,159.1907,1226124,0.0
2020-05-19,161.77,163.9449,160.5028,163.28,1206054,0.0
2020-05-20,163.28,167.3,163.02,163.61,2373391,0.0
2020-05-21,171.83,185.26,170,184.26,8317112,0.0
2020-05-25,184.89,186.47,177.18,181.2,7039214,0.0
2020-05-26,180.29,182,171.16,181.69,2737836,0.0
2020-05-27,178.41,186.15,178,180,1619448,0.0
2020-05-28,180.31,187.1094,180.06,185.84,3324270,0.0
2020-05-31,184.53,188.76,182.4501,186.7399,2585268,0.0
2020-06-01,189.2,192.2166,185.17,188.7,3188006,0.0
2020-06-02,190.44,192.75,187.08,188.73,6532688,0.0
2020-06-03,184.25,188.17,180.52,181.57,1897308,0.0
2020-06-04,179.09,184.93,175.24,183.13,2871232,0.0
2020-06-07,182.32,187.73,181.03,186.23,2835130,0.0
2020-06-08,186,187.08,183.45,183.93,1534642,0.0
2020-06-09,186.43,188.3,184.28,187.22,2023184,0.0
2020-06-10,183,183.345,173.5,173.75,2399392,0.0
2020-06-11,179.61,181.28,177.69,177.7,405219,0.0
2020-06-14,172.85,181.8401,171.28,181.5,1538734,0.0
2020-06-15,184.28,185.41,180.2,184.26,3013813,0.0
2020-06-16,183.41,187.5,183.16,183.7,1955888,0.0
2020-06-17,184.5,186.98,183.64,186.195,698779,0.0
2020-06-18,188,189.935,185.25,187.21,1204117,0.0
2020-06-21,191,196.32,190.23,193.08,1815528,0.0
2020-06-22,195.21,197.22,192.155,193.09,1326984,0.0
2020-06-23,193.04,195.336,188.33,190.58,1448902,0.0
2020-06-24,191.81,194.16,189,193.05,733076,0.0
2020-06-25,193.66,197.7,190.17,196.87,1827964,0.0
2020-06-28,198.96,198.96,190.99,194.51,1502952,0.0
2020-06-29,194.92,199.32,194.1864,198.52,1443297,0.0
2020-06-30,195.58,204.95,195.5,203.61,1852473,0.0
2020-07-01,203.97,204.5,199.085,199.9,1908650,0.0
