Date,Open,High,Low,Close,Volume,OpenInterest
2016-07-13,66.31,67.6,65.48,67.4,1706028,0.0
2016-07-14,67.72,67.74,67.02,67.38,1278405,0.0
2016-07-17,68.18,68.95,67.71,68.69,1673991,0.0
2016-07-18,68.33,68.55,67.81,68.33,1187510,0.0
2016-07-19,68.47,69.8,67.96,69.49,2690542,0.0
2016-07-20,70,71.33,69.76,70.92,4401773,0.0
2016-07-21,66.74,67.15,62.4001,64.805,11839908,0.0
2016-07-24,64.99,65.52,64.68,64.94,3748059,0.0
2016-07-25,65.36,66.38,64.05,65.87,3723027,0.0
2016-07-26,68.11,68.19,66.22,66.47,4119357,0.0
2016-07-27,66.17,66.59,65.2,66.47,1926092,0.0
2016-07-28,66.48,66.7,65.5,66.03,1213778,0.0
2016-07-31,65.92,66.8724,65.8,66.14,1694109,0.0
2016-08-01,65.57,65.96,64.431,65.04,1789710,0.0
2016-08-02,63.33,65.03,63.3,64.37,2949225,0.0
2016-08-03,64.45,65.26,64.02,65.16,1993418,0.0
2016-08-04,65.59,66.57,65.14,66.55,1782959,0.0
2016-08-07,66.57,67.22,65.72,65.94,1002352,0.0
2016-08-08,66.45,67.64,66.33,67,1424622,0.0
2016-08-09,67.03,67.04,65.7,66.41,1080261,0.0
2016-08-10,66.38,67.58,66.22,67.415,1273349,0.0
2016-08-11,67.51,67.85,67.0101,67.54,1145594,0.0
2016-08-14,67.61,69.59,67.55,69.5,1860369,0.0
2016-08-15,69.35,69.81,68.6001,69.6,2014521,0.0
2016-08-16,69.7,70.42,69.2,70.19,2517811,0.0
2016-08-17,70.48,72.06,70.29,71.8,3111166,0.0
2016-08-18,71.56,73.4,71.56,72.29,2609649,0.0
2016-08-21,72.34,72.889,71.94,72.63,1457519,0.0
2016-08-22,73.1,73.8999,72.885,73.78,1382605,0.0
2016-08-23,73.95,74.309,72.98,73.3,1752689,0.0
2016-08-24,73.16,74.75,73.11,74.33,2404033,0.0
2016-08-25,74.35,75,73.74,74.85,2209553,0.0
2016-08-28,74.79,75.65,74.5,75.22,1710648,0.0
2016-08-29,74.4,75.79,73.84,74.2,3401833,0.0
2016-08-30,74.13,75.24,73.9,74.86,1566997,0.0
2016-08-31,74.79,75.19,74.21,75.08,1760480,0.0
2016-09-01,75.25,75.43,74.21,74.63,1200856,0.0
2016-09-05,74.29,74.515,72.25,73.01,3568330,0.0
2016-09-06,73.18,73.765,71.572,72.05,2938903,0.0
2016-09-07,71.93,71.93,70.84,71.43,2588099,0.0
2016-09-08,70.51,70.69,66.06,66.77,6555184,0.0
2016-09-11,66,68.5825,65.76,68.34,3745871,0.0
2016-09-12,68.5,70.45,68.25,69.36,4193502,0.0
2016-09-13,69.73,72.43,69.51,72.4,4638248,0.0
2016-09-14,73.01,77.25,72.98,77.02,6860997,0.0
2016-09-15,77.15,77.24,75,76.08,4318641,0.0
2016-09-18,76.74,77.88,75.79,76.08,2145772,0.0
2016-09-19,76.3,76.365,75.02,75.72,2356246,0.0
2016-09-20,76.19,77,75.7,76.74,2086868,0.0
2016-09-21,77.28,77.44,76.37,76.9,1285050,0.0
2016-09-22,76.69,76.91,74.06,74.77,3095718,0.0
2016-09-25,73.94,74.42,72.73,72.82,2400672,0.0
2016-09-26,72.95,73.97,72.35,73.91,1949009,0.0
2016-09-27,74.84,75.64,73.85,74.27,1587527,0.0
2016-09-28,73.79,74.43,72.06,73.27,2928890,0.0
2016-09-29,73.91,76.32,73.88,76.14,3317008,0.0
2016-10-02,75.76,76.77,75.1612,75.33,1642381,0.0
2016-10-03,75.4,77.17,75.4,76.59,2541689,0.0
2016-10-04,77.15,78.19,76.81,77.75,1657007,0.0
2016-10-05,78.18,79.42,77.71,79.35,2086896,0.0
2016-10-06,79.36,79.57,77.63,79.37,2440896,0.0
2016-10-09,79.78,81.19,79.61,80.15,1914766,0.0
2016-10-10,80.71,82.275,78.66,79.43,4315614,0.0
2016-10-11,79.46,79.51,78.15,78.8,1668580,0.0
2016-10-12,77.98,78.025,76.2,77.41,1742311,0.0
2016-10-13,77.86,79.49,77.44,77.63,1645325,0.0
2016-10-16,77.63,78.14,76.48,76.7,1291187,0.0
2016-10-17,78.1,78.3733,77.53,77.65,820773,0.0
2016-10-18,77.19,78.03,76.77,77.91,799193,0.0
2016-10-19,77.72,78.5,77.05,78.07,941110,0.0
2016-10-20,77.75,78.09,76.87,77.46,1528708,0.0
2016-10-23,78.01,79.19,78.01,78.49,1381427,0.0
2016-10-24,78.18,79.14,77.91,78.08,1298927,0.0
2016-10-25,77.39,78.69,77.19,77.53,1789112,0.0
2016-10-26,78.18,78.58,77.05,77.265,1100477,0.0
2016-10-27,77.95,77.99,75.62,75.72,2227021,0.0
2016-10-30,75.95,77.26,75.02,76.94,1366334,0.0
2016-10-31,76.92,77.76,74.76,75.81,1383392,0.0
2016-11-01,75.65,76.37,74.82,75.03,1319020,0.0
2016-11-02,74.65,76.82,74.39,74.63,2944595,0.0
2016-11-03,72.6,76.865,72.5,75.07,4877478,0.0
2016-11-06,76.67,77.3,75.3,77.25,1984879,0.0
2016-11-07,76.86,78.02,76.01,77.33,1821122,0.0
2016-11-08,74.79,78.24,74.5,77.67,2827087,0.0
2016-11-09,77.89,79.49,74.77,75.91,2580424,0.0
2016-11-10,76,77.89,74.2,74.51,3270385,0.0
2016-11-13,74.79,74.82,73.59,74.04,2042388,0.0
2016-11-14,74.18,76.25,73.725,75.93,1650684,0.0
2016-11-15,75.36,76.48,75,76.12,1241814,0.0
2016-11-16,76.15,77.975,75.688,77.95,1277074,0.0
2016-11-17,77.82,78.94,76.915,78.24,1716433,0.0
2016-11-20,78.46,79.13,78.2,78.93,1147892,0.0
2016-11-21,79.23,80.14,78.99,79.36,910016,0.0
2016-11-22,79.21,79.51,78.02,78.3,1275741,0.0
2016-11-24,78.27,78.31,76.49,77.01,976604,0.0
2016-11-27,77.06,77.84,75.82,77.3,1349214,0.0
2016-11-28,77.09,77.72,76.28,77.22,1332515,0.0
2016-11-29,77.49,77.79,76.4383,76.85,1059525,0.0
2016-11-30,76.92,77.07,71.65,71.77,3295446,0.0
2016-12-01,71.69,73.445,71.65,73.33,1472931,0.0
2016-12-04,73.72,74.98,73.49,74.82,1970026,0.0
2016-12-05,75.33,76.55,74.82,76.17,2301932,0.0
2016-12-06,75.78,77.66,74.25,77.34,1913681,0.0
2016-12-07,77.3,79.74,76.98,79.52,2217229,0.0
2016-12-08,80.6,81.04,75.65,76.93,4007983,0.0
2016-12-11,76.36,77.08,75.37,76.26,1637181,0.0
2016-12-12,76.8,77.63,75.95,76.88,1370841,0.0
2016-12-13,76.49,77,74.62,75.14,2129264,0.0
2016-12-14,75.3,77.83,74.63,77.22,1611321,0.0
2016-12-15,77.51,78.59,76.67,76.81,1286431,0.0
2016-12-18,76.95,78.33,76.91,77.44,854852,0.0
2016-12-19,77.52,77.79,76.3198,76.61,1070576,0.0
2016-12-20,76.66,77.15,76.01,77.07,1085891,0.0
2016-12-21,77.93,78.33,77,78.16,1259681,0.0
2016-12-22,78.22,78.45,77.62,78.03,638141,0.0
2016-12-26,78.01,78.83,77.66,78.32,550571,0.0
2016-12-27,78.47,78.6,76.91,77.03,794640,0.0
2016-12-28,76.74,77.12,75.63,76.58,949499,0.0
2016-12-29,76.83,76.83,74.32,74.66,1414535,0.0
2017-01-02,75.22,76.24,74.4,75.15,2112477,0.0
2017-01-03,75.46,75.655,74.5,74.99,1294933,0.0
2017-01-04,74.79,75.38,73.94,74.57,1378323,0.0
2017-01-05,74.82,75.48,74.32,74.96,1264812,0.0
2017-01-08,75.96,76.96,75.23,75.65,1853470,0.0
2017-01-09,75.69,77.52,75.66,77.33,1436140,0.0
2017-01-10,77.33,78.72,76.51,78.41,1605209,0.0
2017-01-11,76.2,76.91,74.67,76.76,3591875,0.0
2017-01-12,76.91,78.49,76.69,78.34,1600864,0.0
2017-01-16,77.74,78.43,76.485,76.89,1946262,0.0
2017-01-17,77.39,79.27,77.16,79.27,2555842,0.0
2017-01-18,78.87,79.45,78.1805,78.46,2668295,0.0
2017-01-19,84.96,88.9,84.69,88.68,14125796,0.0
2017-01-22,88.87,91.07,87.72,90.17,5590757,0.0
2017-01-23,90.31,92.74,90.31,92.27,3879634,0.0
2017-01-24,92.98,93.78,91.32,91.87,2644998,0.0
2017-01-25,92,92.64,90.94,91.01,1822483,0.0
2017-01-26,91.55,92.44,91.25,92.01,1374853,0.0
2017-01-29,91.43,93.08,90.22,92.99,2074717,0.0
2017-01-30,92.32,92.479,90.28,91.74,2004441,0.0
2017-01-31,93.54,94.49,91.31,91.75,3230070,0.0
2017-02-01,90.8,91.535,90.06,91.11,2129549,0.0
2017-02-02,91.32,91.91,90.88,91.56,979783,0.0
2017-02-05,91.45,91.58,90.71,91.379,940450,0.0
2017-02-06,91.4,92.2,91.17,91.78,988138,0.0
2017-02-07,91.61,92.34,90.94,91.69,1499517,0.0
2017-02-08,92.07,93.1299,91.24,92.47,2319104,0.0
2017-02-09,92.73,92.75,91.41,92.21,1592286,0.0
2017-02-12,92.69,93.3,92.27,92.63,1044857,0.0
2017-02-13,92.32,92.48,90.53,91.81,1308437,0.0
2017-02-14,92.02,92.61,91.25,92.12,1255946,0.0
2017-02-15,92.34,92.56,91.6,92.43,1007717,0.0
2017-02-16,92.24,96.67,91.92,96.35,4741869,0.0
2017-02-20,96.63,97.51,95.7,96.57,2124134,0.0
2017-02-21,96.49,97.17,96.04,96.69,1025379,0.0
2017-02-22,96.86,96.94,94.3,95.31,1319780,0.0
2017-02-23,94.24,95,93.02,94.7,1081648,0.0
2017-02-26,94.54,95.68,93.85,95.63,907536,0.0
2017-02-27,95.61,95.85,94,94.81,1250511,0.0
2017-02-28,95.97,97.15,94.37,96.74,1838052,0.0
2017-03-01,96.98,97.57,94.71,94.76,1786186,0.0
2017-03-02,95.03,95.32,94.16,94.91,1205011,0.0
2017-03-05,94.21,95.71,93.425,95.45,1401340,0.0
2017-03-06,95.22,95.49,94.207,95.06,1199238,0.0
2017-03-07,96.36,96.91,95.39,96.69,3646230,0.0
2017-03-08,96.21,97.67,95.06,97.14,2011992,0.0
2017-03-09,97.74,98.7,97.5,98.18,1785827,0.0
2017-03-12,98.48,99.34,98.06,99.04,1372317,0.0
2017-03-13,98.74,98.94,97.95,98.79,898956,0.0
2017-03-14,98.71,99.38,98.12,99.1,1121705,0.0
2017-03-15,99.22,99.22,98,98.11,1454680,0.0
2017-03-16,98.51,98.61,97.51,97.93,1531212,0.0
2017-03-19,97.95,98.81,97.15,98.18,979761,0.0
2017-03-20,98.37,98.64,95.34,95.53,1382089,0.0
2017-03-21,95.47,96.78,94.59,96.74,1383310,0.0
2017-03-22,96.54,97.29,96.0278,96.5,809669,0.0
2017-03-23,97.36,98.35,96.88,97.3,986228,0.0
2017-03-26,96.41,97.714,95.33,97.19,791760,0.0
2017-03-27,97.31,98.7,96.55,97.93,862811,0.0
2017-03-28,97.85,97.85,97,97.23,818166,0.0
2017-03-29,97.29,98.5,97.06,98.14,941586,0.0
2017-03-30,98.18,98.49,97.71,97.98,766096,0.0
2017-04-02,98.15,98.48,96.95,97.72,799500,0.0
2017-04-03,98.68,100.7,98.14,99.35,2396938,0.0
2017-04-04,99.56,100.58,98.6101,98.89,1508957,0.0
2017-04-05,98.97,99.81,97.7313,99.42,1073949,0.0
2017-04-06,99.43,102.64,99.11,101.83,2638476,0.0
2017-04-09,101.9,102.54,100.66,101.53,1528547,0.0
2017-04-10,100.5,100.815,99.11,100.16,2380909,0.0
2017-04-11,100.23,100.4,96.98,97.58,2561714,0.0
2017-04-12,96.82,99.44,96.15,97.47,1731645,0.0
2017-04-16,97.92,98.88,97.92,98.77,619607,0.0
2017-04-17,98.18,99.596,98.05,99.03,1291986,0.0
2017-04-18,99.8,100.6,99.09,99.24,1351222,0.0
2017-04-19,99.5,101.88,99.35,101.63,1490164,0.0
2017-04-20,101.56,101.76,100.35,101.6,1156661,0.0
2017-04-23,103,105.34,102.9,103.91,2532173,0.0
2017-04-24,104.26,104.79,103.96,103.99,2341364,0.0
2017-04-25,104.3,104.3,102.07,102.96,1349707,0.0
2017-04-26,103.42,104.38,103.05,104.17,2203627,0.0
2017-04-27,102.91,104.33,99.57,99.75,3732176,0.0
2017-04-30,100.26,100.81,98.51,99.82,1893448,0.0
2017-05-01,100,100.73,99.33,100.67,1280471,0.0
2017-05-02,100.18,101.78,99.6,101.43,1349391,0.0
2017-05-03,101.32,102.435,100.88,100.92,1203803,0.0
2017-05-04,101.35,101.68,100.31,101.47,884485,0.0
2017-05-07,101.57,101.81,100.6,101.02,854963,0.0
2017-05-08,101.33,102.34,101.11,101.93,833040,0.0
2017-05-09,102.65,103.07,101.66,102.49,940335,0.0
2017-05-10,102.2,102.92,101.35,102.6,775771,0.0
2017-05-11,102.6,102.88,101.9,102.52,788736,0.0
2017-05-14,102.99,104.23,102.63,103.77,763374,0.0
2017-05-15,104.05,105.51,103.46,105.5,1305884,0.0
2017-05-16,104.5,104.72,100.47,100.55,1518669,0.0
2017-05-17,100.63,103.87,100.22,103.2,1415176,0.0
2017-05-18,103.65,104.315,103.31,103.87,904333,0.0
2017-05-21,104.45,105.1,104.121,104.96,837796,0.0
2017-05-22,105.02,105.38,103.56,105.17,684795,0.0
2017-05-23,105.49,105.98,104.7,105.42,655281,0.0
2017-05-24,105.65,107.18,105.1338,106.04,967775,0.0
2017-05-25,106,106.34,104.5,105.89,759017,0.0
2017-05-29,105.8,107.25,105.77,106.36,525187,0.0
2017-05-30,106.98,107,105.43,106.43,851283,0.0
2017-05-31,106.74,107.68,106.25,107.68,1201139,0.0
2017-06-01,108.35,108.67,106.51,108.42,1163532,0.0
2017-06-04,108.2,109.2,107.75,108.12,927242,0.0
2017-06-05,107.5,109.43,107.3,107.86,793812,0.0
2017-06-06,108,109.8,107.71,109.48,1100835,0.0
2017-06-07,109.82,111.06,108.82,111.01,1099013,0.0
2017-06-08,111.4,112.11,104.29,107,2281718,0.0
2017-06-11,105.26,105.85,101,103.76,3292129,0.0
2017-06-12,104.67,105.69,103.47,104.84,1348411,0.0
2017-06-13,105.27,105.555,101.02,102.47,1208297,0.0
2017-06-14,100.74,102.64,100.56,102.29,1238768,0.0
2017-06-15,102.12,103.61,101.085,101.89,1199101,0.0
2017-06-18,102.72,104.55,102.72,104.05,857244,0.0
2017-06-19,103.9,104.59,101.61,101.81,976934,0.0
2017-06-20,102.32,103.57,101.61,103.3,813909,0.0
2017-06-21,103.37,103.65,101.38,103.24,983196,0.0
2017-06-22,103.25,104.51,102.57,104.46,1461941,0.0
2017-06-25,104.47,105.25,101.26,101.3228,1479824,0.0
2017-06-26,100.5,100.62,97.71,97.87,2235657,0.0
2017-06-27,98.85,98.88,96.37,98.35,1878052,0.0
2017-06-28,97.96,98.42,94.35,96.12,2007260,0.0
2017-06-29,96.64,97.27,95.11,95.95,1194299,0.0
2017-07-02,96.44,97.48,95.145,95.37,862617,0.0
2017-07-04,95.79,97.82,95.76,97.53,1692317,0.0
2017-07-05,97.14,99.04,96.61,97.79,1675118,0.0
2017-07-06,98.19,100.42,98.06,99.74,1118510,0.0
2017-07-09,99.93,100.3,98.42,100.05,906598,0.0
2017-07-10,99.94,101.07,99.69,100.73,982209,0.0
2017-07-11,101.45,102.29,101.14,101.75,1121794,0.0
2017-07-12,102,103.18,101.48,102.75,1026301,0.0
2017-07-13,103.42,104.03,103.17,103.99,929387,0.0
2017-07-16,104.02,104.42,103.18,103.32,1246921,0.0
2017-07-17,103.05,103.87,101.87,103.82,928487,0.0
2017-07-18,104.44,105.4975,104.06,105.38,1307690,0.0
2017-07-19,106.18,108.21,105.5,107.68,3101415,0.0
2017-07-20,106.73,107.98,105.23,107.47,3101814,0.0
2017-07-23,107.65,107.73,105.37,105.89,2388657,0.0
2017-07-24,106.39,106.74,104.71,106.4,1320806,0.0
2017-07-25,107,107.94,106.3,107.35,914882,0.0
2017-07-26,107.61,108.555,105.55,107,2242310,0.0
2017-07-27,106.64,107.15,105.42,105.75,1012769,0.0
2017-07-30,106.37,106.51,104.39,104.88,813333,0.0
2017-07-31,105.11,105.38,103.5,104.28,1507499,0.0
2017-08-01,106.82,106.98,103.35,104.41,1500235,0.0
2017-08-02,104.43,104.53,101.29,101.78,1626403,0.0
2017-08-03,101.67,103.65,101,102.55,1323483,0.0
2017-08-06,102.29,104.7,102.29,104.53,910739,0.0
2017-08-07,104.5,105.98,104.25,104.73,905741,0.0
2017-08-08,103.7,105.07,103.5101,104.74,681679,0.0
2017-08-09,103.6,103.99,101.49,101.6,1239576,0.0
2017-08-10,101.71,103.59,101.45,103.2,784194,0.0
2017-08-13,104.04,105.66,103.81,105.47,928413,0.0
2017-08-14,105.69,106.11,104.83,105.8,576100,0.0
2017-08-15,106.1,106.1,105.09,105.91,629559,0.0
2017-08-16,105.48,105.56,102.11,102.21,1201823,0.0
2017-08-17,102.57,102.93,101.17,102.2,889981,0.0
2017-08-20,102.58,102.62,100.06,101.01,830473,0.0
2017-08-21,101.64,103.38,101.39,103,614756,0.0
2017-08-22,102.53,103.03,102.21,102.72,446437,0.0
2017-08-23,102.93,103.31,101.94,102.53,761779,0.0
2017-08-24,102.74,103.1268,101.5501,101.99,760380,0.0
2017-08-27,102.09,102.29,99.771,100.7,1471436,0.0
2017-08-28,99.98,101.97,99.11,101.53,813075,0.0
2017-08-29,101.8,104.08,101.24,103.93,866865,0.0
2017-08-30,104.01,105.6,103.67,105.36,999096,0.0
2017-08-31,105.56,106.38,105.43,105.57,745299,0.0
2017-09-04,106.79,108.94,105.33,106.94,1649118,0.0
2017-09-05,107.63,107.99,105.8,106.17,982901,0.0
2017-09-06,106.43,107.3,105.94,106.44,1110359,0.0
2017-09-07,106.05,106.35,104.31,104.65,583333,0.0
2017-09-10,105.75,107.4325,105.25,107.19,962204,0.0
2017-09-11,107.6,107.7499,106.6501,106.86,770301,0.0
2017-09-12,106.45,106.86,105.58,106.8,598883,0.0
2017-09-13,105.78,108.11,105.77,107.08,759522,0.0
2017-09-14,106.98,109.7252,106.71,109.54,1666590,0.0
2017-09-17,109.99,110.6068,107.375,107.49,1850529,0.0
2017-09-18,107.89,108.6639,107.22,107.93,769763,0.0
2017-09-19,108.24,108.28,101.76,103.51,2785031,0.0
2017-09-20,103.28,103.85,101.23,102.1,1415072,0.0
2017-09-21,101.71,103.52,101.5001,103.03,996610,0.0
2017-09-24,102.17,102.17,98.7,99.59,1832346,0.0
2017-09-25,100.36,100.75,98.97,99.351,1562131,0.0
2017-09-26,100.49,101.97,99.88,101.59,1145057,0.0
2017-09-27,101.31,101.94,100.52,101.23,737263,0.0
2017-09-28,101.34,102,100.82,101.89,776585,0.0
2017-10-01,102.11,102.86,101.25,102.28,889876,0.0
2017-10-02,102.28,103.05,101.39,101.67,554402,0.0
2017-10-03,102.2,103.38,101.8,103.32,1018764,0.0
2017-10-04,103.77,104.2,102.96,103.85,738628,0.0
2017-10-05,103.37,105.07,103.18,104.96,838129,0.0
2017-10-08,105.09,105.245,104.43,104.73,623294,0.0
2017-10-09,105,105.15,103.33,104.35,773312,0.0
2017-10-10,104.06,105.68,104.06,105.47,813926,0.0
2017-10-11,105.23,106.035,104.92,105.05,722487,0.0
2017-10-12,105.53,107.13,105.15,106.68,910254,0.0
2017-10-15,107.16,107.295,106.11,106.98,638672,0.0
2017-10-16,106.58,107.45,106.15,107.35,727070,0.0
2017-10-17,107.56,107.82,105.72,107.34,828255,0.0
2017-10-18,105.4,105.445,101.67,103.33,2612918,0.0
2017-10-19,104.47,105.31,103.85,105.12,1298135,0.0
2017-10-22,105.66,106.1,104.47,104.79,1005043,0.0
2017-10-23,104.67,106.04,104.25,105.2,1155895,0.0
2017-10-24,104.91,105.99,103.38,104.57,842876,0.0
2017-10-25,104.99,105.74,104.75,105.5,775935,0.0
2017-10-26,106.29,108.37,105.75,107.9,1789773,0.0
2017-10-29,108.4,112.3,108.13,112.01,2271079,0.0
2017-10-30,112.41,114.8,111.4367,113.86,2317772,0.0
2017-10-31,114.52,114.5999,110.5884,111.315,1905572,0.0
2017-11-01,111.21,111.9,108.6,111.75,1743401,0.0
2017-11-02,113.64,114.44,111.15,113.19,2199644,0.0
2017-11-05,115.24,117.65,114.3,116.6099,4692807,0.0
2017-11-06,109.87,113.24,107.75,111.21,6781083,0.0
2017-11-07,111.33,113.25,110.87,113.16,2037439,0.0
2017-11-08,111.71,112.6,109.53,111.14,1626244,0.0
2017-11-09,110.54,111.48,109.95,110.41,1511747,0.0
2017-11-12,109.29,110.9,108.57,110.34,809656,0.0
2017-11-13,109.92,111.739,109.74,111.22,989325,0.0
2017-11-14,110.17,110.57,107.14,108.9,1333161,0.0
2017-11-15,109.86,110.67,109.54,110.04,1077834,0.0
2017-11-16,110.35,110.62,108.89,110,983898,0.0
2017-11-19,109.63,110.54,109.4,109.79,849694,0.0
2017-11-20,110.3,111.08,109.81,110.23,1166625,0.0
2017-11-21,110.19,110.25,108.48,108.55,1197753,0.0
2017-11-23,108.67,109.85,108.42,109.73,415826,0.0
2017-11-26,109.2,109.21,107.14,107.21,1142300,0.0
2017-11-27,107.43,107.88,106.2325,107.56,1251063,0.0
2017-11-28,107.2,107.422,103.3813,105.34,2081772,0.0
2017-11-29,105.47,106.27,104.2819,104.72,1831492,0.0
2017-11-30,103.7,103.99,99.72,102.23,2395307,0.0
2017-12-03,102.95,102.95,98.23,98.27,2725736,0.0
2017-12-04,97.71,99.58,95.36,97.6,2160068,0.0
2017-12-05,95.19,97.12,93.05,96.47,4328329,0.0
2017-12-06,98.15,98.3,95.13,96.68,2679796,0.0
2017-12-07,97.94,98.3,95.79,96.28,1803069,0.0
2017-12-10,96.16,97.02,95.88,96.98,1144097,0.0
2017-12-11,96.24,97.22,95.01,96.48,2018632,0.0
2017-12-12,97.07,97.5,95.59,95.86,1371666,0.0
2017-12-13,95.74,96,93.6,94.09,2602052,0.0
2017-12-14,94.51,95.49,93.58,94.63,2292978,0.0
2017-12-17,95,96.24,94.63,95.85,1866021,0.0
2017-12-18,95.83,96.5234,95.3,95.67,1309663,0.0
2017-12-19,96.46,97.93,95.88,97.42,1658419,0.0
2017-12-20,98,98.95,97.32,97.49,1370646,0.0
2017-12-21,97.64,97.97,96.8,97.11,921612,0.0
2017-12-25,94.19,95.29,93.6,95.23,1852752,0.0
2017-12-26,95.27,96.51,95.13,95.81,835830,0.0
2017-12-27,96.45,96.72,95.97,96.53,651485,0.0
2017-12-28,96.49,96.71,94.93,94.97,1089768,0.0
2018-01-01,96.09,98.5,95.12,98.42,1595162,0.0
2018-01-02,98.73,100.49,98.54,99.95,1807458,0.0
2018-01-03,100.61,100.96,99.1,100.76,1282450,0.0
2018-01-04,101.12,102.08,100.15,101.2,1286717,0.0
2018-01-07,100.85,101.755,100.09,101.23,1142071,0.0
2018-01-08,101.54,101.8046,100.39,100.68,1156817,0.0
2018-01-09,100.09,100.48,97.57,98.6,1569526,0.0
2018-01-10,98.83,100.43,98.1,99.92,1128545,0.0
2018-01-11,100.2,101.62,99.77,101.2,1300999,0.0
2018-01-15,102.19,103.11,99.31,99.87,1712071,0.0
2018-01-16,100.78,102.51,100.28,102.19,1504803,0.0
2018-01-17,102.23,103.71,101.54,102.31,1344138,0.0
2018-01-18,102.35,102.47,98.05,99.17,2628783,0.0
2018-01-21,99.05,99.14,96.97,98.71,1614448,0.0
2018-01-22,98.53,100.73,98.131,99.37,2446358,0.0
2018-01-23,99.13,100.15,96.84,97.13,2514447,0.0
2018-01-24,98.1,98.32,95.02,95.05,2181495,0.0
2018-01-25,95.66,97.41,95.14,97.325,2004785,0.0
2018-01-28,96.68,97.57,96.08,97.1,2265184,0.0
2018-01-29,96.1,99.96,95.51,97.21,2388643,0.0
2018-01-30,98.75,99.1,96.26,97.21,2299183,0.0
2018-01-31,98.54,103.91,98.5,103.16,4066607,0.0
2018-02-01,102.28,102.49,98.93,98.98,2470565,0.0
2018-02-04,97.95,99.72,94.331,94.69,3957889,0.0
2018-02-05,101.04,106.74,100.75,104.56,6832009,0.0
2018-02-06,103.5,104.39,101.35,101.37,2416783,0.0
2018-02-07,101.51,103.31,99.03,99.04,2103927,0.0
2018-02-08,100.06,103.33,98.61,102.65,2371130,0.0
2018-02-11,103.11,105,102.48,104.12,1921106,0.0
2018-02-12,103.33,104.2,102.67,103.59,1111727,0.0
2018-02-13,102.82,105.1,102.79,104.63,1544723,0.0
2018-02-14,104.98,104.98,102.28,104.37,1690496,0.0
2018-02-15,103.63,105.17,103.6,104.12,1444843,0.0
2018-02-19,104.42,107.79,103.75,106.41,2032546,0.0
2018-02-20,106.6,107.399,105.73,106.01,1025890,0.0
2018-02-21,106.6,107.5,105.97,107.25,1836744,0.0
2018-02-22,108,108.35,107.01,108.23,1147893,0.0
2018-02-25,108.65,110.45,108.265,110.39,1341821,0.0
2018-02-26,110.01,112.28,110.01,110.3,1359379,0.0
2018-02-27,110.62,111.18,108.94,109.26,1117428,0.0
2018-02-28,109.55,109.62,106.29,106.59,1534372,0.0
2018-03-01,105.72,109.72,105.6,109.14,1337116,0.0
2018-03-04,109.22,111.56,108.3,111.48,1361666,0.0
2018-03-05,112,112.1,110.27,111.86,1419768,0.0
2018-03-06,110.9,112.33,110.64,111.53,869468,0.0
2018-03-07,111.95,111.95,110.16,111.45,916538,0.0
2018-03-08,112.22,114.05,111.88,113.56,1230946,0.0
2018-03-11,114.52,115.98,113.81,115.15,1909507,0.0
2018-03-12,115.4,115.8,111.3792,112,1941478,0.0
2018-03-13,112.1,112.2,110.41,111.96,1007661,0.0
2018-03-14,111.86,112.16,110.5,111.28,866655,0.0
2018-03-15,111.45,111.91,110.45,110.62,1113046,0.0
2018-03-18,110.33,110.98,107.5,109.35,1325092,0.0
2018-03-19,109.16,109.33,107.69,109.06,870817,0.0
2018-03-20,109,110.32,107.73,108.47,1158151,0.0
2018-03-21,106.87,108.575,105.18,105.26,1149857,0.0
2018-03-22,105.32,105.55,101.37,101.42,1831690,0.0
2018-03-25,104.03,105,102.35,104.92,1339885,0.0
2018-03-26,105.5,105.54,100.85,101.51,957292,0.0
2018-03-27,100.85,102.69,98.39,98.83,1486352,0.0
2018-03-28,99.72,101.24,98.85,100.25,1390318,0.0
2018-04-01,99.88,99.88,95.6873,96.53,1308802,0.0
2018-04-02,97.02,98.14,95.95,97.64,1467669,0.0
2018-04-03,95.62,99.88,95.59,99.64,1561948,0.0
2018-04-04,99.9,100.84,98.0863,98.8,779075,0.0
2018-04-05,97.66,98.565,95.22,95.56,1187224,0.0
2018-04-08,96.53,98.75,95.97,96.01,875274,0.0
2018-04-09,98.13,98.75,96.53,98,818567,0.0
2018-04-10,97.55,98.95,97.22,98.35,791018,0.0
2018-04-11,98.83,100.19,98.51,99.92,878326,0.0
2018-04-12,100.55,100.98,98.15,98.47,797205,0.0
2018-04-15,98.86,99.5,97.27,97.72,1310392,0.0
2018-04-16,98.34,99.86,97.88,99.44,969807,0.0
2018-04-17,99.21,99.73,97.92,98.97,868867,0.0
2018-04-18,97.22,97.2399,93.73,93.88,2243802,0.0
2018-04-19,93.37,93.7,90.38,91.18,3962336,0.0
2018-04-22,91.5,91.78,88.47,88.64,2055687,0.0
2018-04-23,88.46,89.66,86.86,87.76,1950470,0.0
2018-04-24,87.8997,88.74,86.31,87.81,1577706,0.0
2018-04-25,88.9,89.65,87.92,88.4,1577953,0.0
2018-04-26,88.77,89.03,86.94,87.07,974915,0.0
2018-04-29,87.09,88.46,86.13,86.75,1589514,0.0
2018-04-30,86.85,91.03,86.75,90.91,3131075,0.0
2018-05-01,93.1,93.75,90.66,91.37,2324018,0.0
2018-05-02,90.5,92.98,89.53,92.26,2591585,0.0
2018-05-03,89.83,96.28,88,96.2,3960964,0.0
2018-05-06,96.27,96.4475,92.47,95.34,2950600,0.0
2018-05-07,95.42,96.799,95.3,96.63,1433112,0.0
2018-05-08,96.71,96.98,94.4955,95.54,1589141,0.0
2018-05-09,95.91,97.17,95.8,97.06,1336119,0.0
2018-05-10,96.88,97.73,96.57,97.03,1194194,0.0
2018-05-13,98.1,100.2,97.65,99.02,1112662,0.0
2018-05-14,98.31,98.328,97.13,97.9,1704672,0.0
2018-05-15,98.42,98.88,97.93,98.84,960393,0.0
2018-05-16,98.42,100.1,98.3,99.71,1031360,0.0
2018-05-17,98.31,99.1799,97.85,98.5,1432083,0.0
2018-05-20,99.65,100.37,98.2,98.835,1382808,0.0
2018-05-21,99.41,101.29,99.1633,100.04,1106278,0.0
2018-05-22,99.1,100.08,98.84,100.07,1095598,0.0
2018-05-23,100.18,100.48,99.08,99.59,1067809,0.0
2018-05-24,99.54,100.71,99.54,100.37,685556,0.0
2018-05-28,99.67,100.7,98.59,99.44,1294579,0.0
2018-05-29,100.01,100.55,98.7,99.79,964603,0.0
2018-05-30,99.38,99.65,98.54,98.62,1295610,0.0
2018-05-31,99.28,101,98.6,100.97,897624,0.0
2018-06-03,100.72,100.96,99.5,100.34,1218221,0.0
2018-06-04,100.73,101.26,99.07,99.54,925775,0.0
2018-06-05,99.79,100.38,98.82,100.34,1184684,0.0
2018-06-06,100.47,104.1998,100.21,102.5,1757973,0.0
2018-06-07,99.07,100.35,98.18,99.8,2216941,0.0
2018-06-10,99.81,100.255,99.11,99.68,788175,0.0
2018-06-11,99.62,101.13,99.3,100.88,899028,0.0
2018-06-12,101.1,101.63,100.311,100.45,700713,0.0
2018-06-13,100.82,102.28,100.535,101.97,808987,0.0
2018-06-14,101.86,102.78,100.3852,102.7,1069123,0.0
2018-06-17,102.1,102.31,100.3604,101.1,921647,0.0
2018-06-18,99.19,100.6,98.42,99.45,1120992,0.0
2018-06-19,100.23,100.86,99.93,100.02,925567,0.0
2018-06-20,100.35,100.57,98.79,98.86,648082,0.0
2018-06-21,99.76,100.03,98.07,98.56,705979,0.0
2018-06-24,97.96,98.15,95.811,97.4,1262726,0.0
2018-06-25,97.49,98.86,96.87,97.81,1044574,0.0
2018-06-26,98.29,98.9197,95.94,95.98,953192,0.0
2018-06-27,95.99,97.04,95.33,96.55,794282,0.0
2018-06-28,96.81,97.81,96.59,96.66,833354,0.0
2018-07-01,95.46,97.195,95.05,97.06,1132114,0.0
2018-07-02,97.2,97.86,95.3,95.46,792072,0.0
2018-07-04,96.5,99.75,96.5,99.67,1318569,0.0
2018-07-05,99.45,100.45,98.59,100.13,800586,0.0
2018-07-08,100.51,100.64,99.27,100.44,532800,0.0
2018-07-09,100.46,102.1,100.135,101.64,696960,0.0
2018-07-10,100.38,101.02,98.39,98.56,838036,0.0
2018-07-11,99.65,100.26,97.89,99.82,1248622,0.0
2018-07-12,99.65,100.23,99.02,99.6,636507,0.0
2018-07-15,99.9,100.625,99.11,99.76,1023844,0.0
2018-07-16,98.94,101.73,98.91,101.69,1142927,0.0
2018-07-17,101.97,102.9,101.35,102.04,1533468,0.0
2018-07-18,101.92,102.89,100.72,102.5,1526854,0.0
2018-07-19,103.25,103.95,96.5,97.01,5930637,0.0
2018-07-22,96.5,96.93,93.81,96.44,2670136,0.0
2018-07-23,97.32,97.399,94.3,94.45,1761813,0.0
2018-07-24,94.24,95.21,92.72,94.82,1817237,0.0
2018-07-25,94.71,95.57,94,95.475,1170308,0.0
2018-07-26,96,96.6,94.6941,95.2,705013,0.0
2018-07-29,95.16,95.41,93.9152,94.43,611620,0.0
2018-07-30,95.09,95.71,94.035,94.57,686678,0.0
2018-07-31,95.36,95.8983,94.315,94.68,795352,0.0
2018-08-01,93.65,95.8111,92.8999,95.62,815598,0.0
2018-08-02,95.66,95.92,94.96,95.6,788870,0.0
2018-08-05,93.9,95.14,93,95.1,1323366,0.0
2018-08-06,95.42,96.11,95.04,96.08,778743,0.0
2018-08-07,96.06,96.25,95.39,95.42,675949,0.0
2018-08-08,95.19,95.22,94.16,94.33,1141844,0.0
2018-08-09,93.47,93.74,92.24,93.09,1421468,0.0
2018-08-12,93.58,94.3,93.07,93.83,1063593,0.0
2018-08-13,94.03,94.25,92.62,92.71,801753,0.0
2018-08-14,91.95,92.12,90.58,91.61,1147336,0.0
2018-08-15,92.3,92.49,91.06,91.42,825858,0.0
2018-08-16,90.66,92.03,89.1,91.85,1202227,0.0
2018-08-19,91.91,91.9661,90.58,90.97,743462,0.0
2018-08-20,91.16,92.91,91.1434,92.69,797500,0.0
2018-08-21,92.28,92.885,91.51,92.73,614958,0.0
2018-08-22,92.52,93.47,92.16,92.3,588777,0.0
2018-08-23,92.85,93.285,92.34,93.01,989976,0.0
2018-08-26,93.21,94.38,92.82,93.62,779130,0.0
2018-08-27,93.94,94.32,92.84,93.59,722110,0.0
2018-08-28,93.77,93.77,92.795,93.02,788046,0.0
2018-08-29,92.87,93.1,91.49,91.5,931298,0.0
2018-08-30,91.35,91.93,90.98,91.28,986869,0.0
2018-09-03,91.12,91.6104,89.6872,90,1483809,0.0
2018-09-04,89.8,89.96,88.901,89.75,1721736,0.0
2018-09-05,89.79,90.93,88.445,88.66,1620898,0.0
2018-09-06,88.51,89.27,87.325,87.49,1816136,0.0
2018-09-09,87.55,88,86.66,87.16,1592083,0.0
2018-09-10,86.76,86.96,84.7,85.84,1754838,0.0
2018-09-11,85.09,85.31,83.05,84.38,1665136,0.0
2018-09-12,85,87.6,84.87,87.2,2079144,0.0
2018-09-13,87.54,89.23,87.13,87.73,1474081,0.0
2018-09-16,87.09,88.06,86.08,86.23,1145926,0.0
2018-09-17,86.26,87.19,86.26,86.8,989343,0.0
2018-09-18,87.5,89.21,86.9,88.86,1627183,0.0
2018-09-19,89.6,92.11,89.45,91.6,2420857,0.0
2018-09-20,91.27,92.535,90.77,92.16,1770533,0.0
2018-09-23,91.74,93.62,90.7,93.18,1176574,0.0
2018-09-24,93.04,93.3,91.25,91.72,1337000,0.0
2018-09-25,90.75,91.41,89.8,90.04,1299161,0.0
2018-09-26,90.28,90.73,89.6205,89.94,630741,0.0
2018-09-27,89.7,90.82,88.91,90.72,663009,0.0
2018-09-30,91.28,92.155,90.8,91.45,779352,0.0
2018-10-01,91.26,93.02,91.26,91.88,702277,0.0
2018-10-02,92.32,93.07,91.03,92.45,1093585,0.0
2018-10-03,92,92.01,90.09,91.05,854172,0.0
2018-10-04,90.65,90.8705,86.61,87.55,1544885,0.0
2018-10-07,87.24,87.94,86.36,87.57,731654,0.0
2018-10-08,87.7,88.7,87.3,88.53,783324,0.0
2018-10-09,87.29,87.35,84.79,84.79,1356638,0.0
2018-10-10,84.67,87.11,84.43,85.26,1102360,0.0
2018-10-11,87.24,87.73,85.91,87.21,1190537,0.0
2018-10-14,86.75,88.07,86.25,87.04,1106014,0.0
2018-10-15,87.78,88.97,87.46,88.7,1231424,0.0
2018-10-16,89.06,89.27,87.4,88.37,804790,0.0
2018-10-17,87.82,88,85.8755,86.24,872831,0.0
2018-10-18,86.59,87.47,84.7708,85.15,892824,0.0
2018-10-21,85.82,86.5,84.535,85.22,960718,0.0
2018-10-22,82.94,84.89,80.56,84.32,1602247,0.0
2018-10-23,83.42,83.42,79.27,79.36,1257859,0.0
2018-10-24,80.66,82.43,80.02,81.86,1073604,0.0
2018-10-25,80.13,82.17,79.465,81.07,1017196,0.0
2018-10-28,82.35,83.6,80.58,81.91,1141444,0.0
2018-10-29,82.12,84.86,81.9,84.67,1217152,0.0
2018-10-30,85.83,87.43,84.44,86.77,1669589,0.0
2018-10-31,87.23,90.41,87,89.49,1262911,0.0
2018-11-01,87.43,87.98,84.32,85.23,1930576,0.0
2018-11-04,84.26,84.34,81.2,83.01,1913022,0.0
2018-11-05,82.75,84.12,82.33,82.64,1567176,0.0
2018-11-06,83.4,83.57,81.68,82.65,2542102,0.0
2018-11-07,82.21,84.31,81.4356,83.37,2021811,0.0
2018-11-08,77.43,79.89,75.15,76.65,7103045,0.0
2018-11-11,73.93,75.8,72.63,72.81,3490666,0.0
2018-11-12,73.49,74.65,71.6305,72.08,2587792,0.0
2018-11-13,73,73.383,70.72,71.29,3298575,0.0
2018-11-14,71.1,73.38,70.89,73.14,3569398,0.0
2018-11-15,72.3,73.58,72.09,72.95,2361642,0.0
2018-11-18,72.17,72.71,70.57,70.73,2019502,0.0
2018-11-19,68.8,70.08,68.45,69.42,3624237,0.0
2018-11-20,70.33,70.96,69.54,70.33,2135595,0.0
2018-11-22,69.57,71.225,69.52,70.6,905255,0.0
2018-11-25,71.37,71.91,70,70.97,2139019,0.0
2018-11-26,70.25,71.6,69.825,70.68,1907898,0.0
2018-11-27,71.66,72.22,70.061,72.18,2036977,0.0
2018-11-28,71.69,72.75,71.14,71.23,2035666,0.0
2018-11-29,71.38,72.9,70.465,72.75,2239200,0.0
2018-12-02,74.93,74.95,73.23,73.45,2202602,0.0
2018-12-03,72.81,73.42,70.69,70.78,2298826,0.0
2018-12-05,69.11,70.69,69.02,70.62,2224250,0.0
2018-12-06,70.32,70.79,67.38,67.55,1735461,0.0
2018-12-09,66.2,67.75,65.81,67.47,2354273,0.0
2018-12-10,68.77,70.015,68.02,68.53,2256939,0.0
2018-12-11,69.55,70.465,68.7,69.3,1972221,0.0
2018-12-12,69.91,70.43,69.28,69.63,1498770,0.0
2018-12-13,68.76,70,68.39,68.69,1333230,0.0
2018-12-16,68.5,70.395,68.05,68.44,1387281,0.0
2018-12-17,68.92,70.53,68.5701,68.79,1409678,0.0
2018-12-18,68.37,69.33,65.7601,66.35,1703370,0.0
2018-12-19,66,67.41,64.47,65.65,1897765,0.0
2018-12-20,66.3,67.5,63.91,64.44,2568765,0.0
2018-12-23,63.82,65.51,62.71,62.77,1171717,0.0
2018-12-25,63.49,66.8,62.74,66.7,1554436,0.0
2018-12-26,65.49,67.75,65.39,67.75,1223007,0.0
2018-12-27,67.87,68.405,66.81,67.13,1325119,0.0
2018-12-30,67.8,68.06,66.38,66.57,967982,0.0
2019-01-01,65.86,68.95,65.75,67.91,1645700,0.0
2019-01-02,64.8,65.26,60.115,60.885,4163658,0.0
2019-01-03,61.16,64.65,61.16,63.635,3519774,0.0
2019-01-06,63.05,65.65,62.91,64.51,1903483,0.0
2019-01-07,64.95,65.5,63.76,65.17,1589626,0.0
2019-01-08,65.91,68.5,65.8,67.59,3026180,0.0
2019-01-09,67.5,69.4,67.3,68.58,1832923,0.0
2019-01-10,68.31,70.9212,68.01,69.93,2176563,0.0
2019-01-13,69.66,69.66,68.34,68.41,1181145,0.0
2019-01-14,68.66,69.11,68.13,68.41,984828,0.0
2019-01-15,68.45,69.81,68.3338,68.82,1186721,0.0
2019-01-16,68.28,69.71,67.12,68.95,1261990,0.0
2019-01-17,69.3,70.66,68.8,69.89,2076265,0.0
2019-01-21,69.72,69.82,68.43,68.75,1313239,0.0
2019-01-22,69.13,69.47,67.59,68.29,994997,0.0
2019-01-23,69.16,70.8,68.5,70.06,1448620,0.0
2019-01-24,71.39,73.09,70.68,72.445,1746770,0.0
2019-01-27,71.26,72.95,70.69,72.81,1437834,0.0
2019-01-28,72.49,72.79,71.29,71.535,1257067,0.0
2019-01-29,72.96,74.08,71.981,73.85,1627225,0.0
2019-01-30,73.65,73.9,72.62,73.05,1373248,0.0
2019-01-31,73.32,74.4497,73.2,73.955,1565649,0.0
2019-02-03,74.1,74.9,73,74.87,1452935,0.0
2019-02-04,75.26,76.15,74.9,75.9,2225162,0.0
2019-02-05,81.93,87.48,81.75,84.78,8236401,0.0
2019-02-06,85.05,85.15,81.43,81.5499,3230733,0.0
2019-02-07,80.47,81.72,79.88,81.565,2394503,0.0
2019-02-10,81.83,82.25,80.61,81.74,1454993,0.0
2019-02-11,82.66,84.14,82.45,83.655,1660064,0.0
2019-02-12,83.91,84.13,82.89,83.01,1252552,0.0
2019-02-13,82.2,83.99,82.2,83.69,2190076,0.0
2019-02-14,84.38,84.47,83.15,83.39,1056431,0.0
2019-02-18,83.11,83.35,82.53,82.7,1077180,0.0
2019-02-19,83.19,83.57,82.17,82.32,1879209,0.0
2019-02-20,82.26,82.93,81.06,81.76,1675542,0.0
2019-02-21,82.46,82.78,81.86,82.42,2147532,0.0
2019-02-24,83.51,84.06,82.29,82.39,1783643,0.0
2019-02-25,82.3,82.93,82,82.01,995351,0.0
2019-02-26,81.6,81.68,79.74,81.21,1302762,0.0
2019-02-27,80.81,82.08,80.67,81.67,1228006,0.0
2019-02-28,82.3,82.76,80.91,81.99,1209395,0.0
2019-03-03,82.79,82.98,81.26,82.22,1381123,0.0
2019-03-04,82,82.702,81.36,81.86,1290848,0.0
2019-03-05,81.94,82.4405,80.96,80.99,1054600,0.0
2019-03-06,80.72,80.95,79.15,79.47,1269923,0.0
2019-03-07,78.39,80.37,78.04,80.13,976300,0.0
2019-03-10,80.59,82.1456,80.5713,81.48,942597,0.0
2019-03-11,81.74,82.77,81.19,82.25,1147071,0.0
2019-03-12,82.81,82.9,81.61,81.73,1441904,0.0
2019-03-13,81.88,82.85,81.01,81.4,1602181,0.0
2019-03-14,85.055,85.34,83.72,83.73,1687226,0.0
2019-03-17,83.87,84.09,81.99,82.59,1233630,0.0
2019-03-18,83.21,84.605,83.1025,83.41,1231686,0.0
2019-03-19,83.38,83.52,81.2,81.75,1703804,0.0
2019-03-20,81.76,86.89,81.76,86.06,2097076,0.0
2019-03-21,85.63,85.84,82.42,82.59,1851929,0.0
2019-03-24,82.27,82.75,80.13,81.48,1720650,0.0
2019-03-25,82.1,82.78,81.37,82.13,968214,0.0
2019-03-26,82.12,82.6,79.89,80.59,1065456,0.0
2019-03-27,80.76,81.63,79.96,80.53,783389,0.0
2019-03-28,81.44,82.77,80.99,82.46,1338633,0.0
2019-03-31,83.34,84.4,83.25,83.85,550648,0.0
2019-04-01,83.94,84.54,83.75,84.16,574271,0.0
2019-04-02,85.12,86.72,84.77,85.36,1542765,0.0
2019-04-03,85.17,86.54,85.05,85.52,1117313,0.0
2019-04-04,85.74,86.97,85.7322,86.81,911470,0.0
2019-04-07,86.6,87.81,86.04,87.64,1191824,0.0
2019-04-08,87.16,87.3904,86.47,87.1,967922,0.0
2019-04-09,86.76,88.23,86.51,88.08,870325,0.0
2019-04-10,88.23,89.71,87.71,88.25,1192347,0.0
2019-04-11,89.05,90.69,88.67,90.66,1385891,0.0
2019-04-14,90.8,91,89.34,90.29,1101206,0.0
2019-04-15,91,93.59,90.6599,93.57,1922273,0.0
2019-04-16,93.35,94.39,90.38,91.19,2856836,0.0
2019-04-17,91.6,91.855,89.775,90,1310598,0.0
2019-04-21,89.5,89.68,88.15,88.3,1048906,0.0
2019-04-22,88.27,89.54,87.91,89.24,1349227,0.0
2019-04-23,89.23,90.64,89.01,89.87,974391,0.0
2019-04-24,89.61,89.725,87.15,88.53,954315,0.0
2019-04-25,87.37,87.67,85.5,87,2045608,0.0
2019-04-28,86.69,87.74,86.57,86.79,1453679,0.0
2019-04-29,87.02,88.28,86.52,88.19,1500237,0.0
2019-04-30,90.19,91.2,88.46,88.48,1993762,0.0
2019-05-01,88.52,91.34,88.38,90.8,3082823,0.0
2019-05-02,88.61,89.95,84.04,87.56,5677308,0.0
2019-05-05,84.04,86.79,83.76,86.5,2162078,0.0
2019-05-06,85.09,85.5,82.64,83.6,2367999,0.0
2019-05-07,83.45,85.16,82.99,84.02,1587645,0.0
2019-05-08,83,83.98,81.56,83.64,1604972,0.0
2019-05-09,83.13,83.63,80.6,82.57,1530462,0.0
2019-05-12,80,80.39,76.07,76.62,2630197,0.0
2019-05-13,77.95,78.57,77.42,78.11,1460907,0.0
2019-05-14,77.43,79.39,77.1744,78.75,1190508,0.0
2019-05-15,76.25,76.94,73.11,73.98,4044997,0.0
2019-05-16,72.12,73.16,69.91,70.4,3918188,0.0
2019-05-19,67.68,69.87,67.11,68.03,3937759,0.0
2019-05-20,70.01,71.44,68.8,69.75,3261948,0.0
2019-05-21,68.91,69.56,68.3,68.54,1621791,0.0
2019-05-22,67.28,68.56,66.35,68.4634,2357598,0.0
2019-05-23,69.17,70.95,68.89,69.54,3298374,0.0
2019-05-27,69.95,70.355,67.94,68.01,1452955,0.0
2019-05-28,67.54,68.7197,67.13,68.54,1523951,0.0
2019-05-29,68.51,70.13,67.79,68.26,1584714,0.0
2019-05-30,67.23,68.6355,66.61,66.6149,1259633,0.0
2019-06-02,67.26,68.07,66.29,66.9,1237629,0.0
2019-06-03,67.97,69.47,67.53,69.4,1371739,0.0
2019-06-04,69.5,70.69,66.57,67.96,2182393,0.0
2019-06-05,68.05,69.77,67.79,69.47,2311859,0.0
2019-06-06,69.33,70.38,68.68,70.17,1843682,0.0
2019-06-09,70.89,73.4695,70.75,73.11,2427610,0.0
2019-06-10,74.21,74.73,73.37,73.97,2537607,0.0
2019-06-11,73.36,73.458,72.34,72.66,1183508,0.0
2019-06-12,72.97,73.74,72.68,73.33,2134506,0.0
2019-06-13,71.58,72.2711,70.31,71.81,3682356,0.0
2019-06-16,71.65,72.59,70.94,72.44,1791094,0.0
2019-06-17,73.18,76.42,72.79,75.73,2471055,0.0
2019-06-18,75.95,76.38,74.8,75.53,1317386,0.0
2019-06-19,77.22,77.51,75.12,75.87,1455932,0.0
2019-06-20,75.5,75.79,74.7411,75.22,2102932,0.0
2019-06-23,75.16,76.3898,75,75.94,1122204,0.0
2019-06-24,75.96,76.16,74.24,74.33,1354704,0.0
2019-06-25,76.14,77.16,75.73,75.83,1596167,0.0
2019-06-26,76.58,77.84,76.3612,76.94,1230274,0.0
2019-06-27,77.56,77.87,77.035,77.28,1193950,0.0
2019-06-30,83.26,84.5,80.96,81.92,3678250,0.0
2019-07-01,81.61,81.77,80.19,80.84,1510812,0.0
2019-07-02,81.41,81.67,79.54,80.67,828127,0.0
2019-07-04,79.95,80.7,79.79,80.35,640191,0.0
2019-07-07,79.44,80.055,78.9,79.36,996424,0.0
2019-07-08,78.68,79.84,78.16,79.775,1126488,0.0
2019-07-09,80.7,81.38,79.85,79.9,1001863,0.0
2019-07-10,80.13,80.35,78.555,79.18,1075466,0.0
2019-07-11,79.34,81.04,79.34,81.01,1013656,0.0
2019-07-14,81.4,82.34,81.2,82.04,1098553,0.0
2019-07-15,82,82.08,80.93,81.32,1495742,0.0
2019-07-16,81.99,81.99,80.09,80.1,1468864,0.0
2019-07-17,80.65,81.7767,79.88,81.46,1898313,0.0
2019-07-18,81.85,81.85,81.03,81.34,1717581,0.0
2019-07-21,81.78,83.41,81.73,83.27,1759218,0.0
2019-07-22,83.92,84.83,83.47,84.54,1910207,0.0
2019-07-23,85,86.97,84.81,86.35,2429470,0.0
2019-07-24,86.02,86.17,85.11,85.68,1460167,0.0
2019-07-25,86.13,86.36,85.47,85.98,871738,0.0
2019-07-28,85.98,87.1499,85.38,86.81,1088874,0.0
2019-07-29,86.08,87.83,85.84,87.75,1109407,0.0
2019-07-30,88.77,88.77,84.5,85.26,1256672,0.0
2019-07-31,85,87.7,81.4645,82.77,2860246,0.0
2019-08-01,81.91,82,78.79,79.31,2670079,0.0
2019-08-04,77.08,77.63,75.15,75.81,2575242,0.0
2019-08-05,76.81,77.86,76.395,77.65,2108442,0.0
2019-08-06,76.33,79.99,76.33,79.88,2888336,0.0
2019-08-07,76.74,80.4,75.72,80.29,4510040,0.0
2019-08-08,78.52,79.39,76.36,77.5,2537825,0.0
2019-08-11,77.04,77.48,75.88,76.27,1648910,0.0
2019-08-12,75.94,79.73,75.5412,78.44,1812216,0.0
2019-08-13,76.51,77.685,75.7248,75.99,1691777,0.0
2019-08-14,76.33,76.47,75.31,75.54,1295370,0.0
2019-08-15,76.45,77.02,76,76.62,1347496,0.0
2019-08-18,78.25,78.65,76.9,77.09,1008422,0.0
2019-08-19,76.49,77.34,76.1,76.74,1199582,0.0
2019-08-20,78.06,78.19,76.975,77.6,1172147,0.0
2019-08-21,77.79,78,76.5,76.91,980676,0.0
2019-08-22,76.16,76.545,73.33,73.54,2065425,0.0
2019-08-25,74.39,74.49,73.505,73.76,1061096,0.0
2019-08-26,74.23,74.68,72.81,72.84,1096005,0.0
2019-08-27,72.33,73.56,71.51,73.37,1110837,0.0
2019-08-28,74.51,75.53,74.03,74.93,1106774,0.0
2019-08-29,75.48,75.63,74.31,75.27,1059824,0.0
2019-09-02,74.86,75.24,73.625,74.18,1140171,0.0
2019-09-03,75.45,76.28,75.33,76.03,965438,0.0
2019-09-04,77.58,79.34,77.56,79.33,2083606,0.0
2019-09-05,79.28,80.14,79,79.88,1315518,0.0
2019-09-08,80.18,80.8293,79.08,79.73,1183030,0.0
2019-09-09,79.5,80.3,78.59,80.3,1178858,0.0
2019-09-10,81,83.5949,80.62,83.5,2023923,0.0
2019-09-11,83.87,84,81.74,82.34,1807001,0.0
2019-09-12,82.15,83.11,82.07,82.13,1521394,0.0
2019-09-15,81.78,82.54,80.61,81.97,1049576,0.0
2019-09-16,81.16,81.6099,79.62,80.96,1447056,0.0
2019-09-17,80.82,80.82,78.87,80.23,1188605,0.0
2019-09-18,80.3,81.48,79.23,79.24,1342418,0.0
2019-09-19,79.85,80.96,79.32,79.68,1673471,0.0
2019-09-22,79.68,80.97,79.4,79.82,796250,0.0
2019-09-23,80.09,80.74,78.96,79.75,1323977,0.0
2019-09-24,79.23,81.02,78.81,81,1101977,0.0
2019-09-25,79.7,80.73,79.39,80.37,2159074,0.0
2019-09-26,80.09,80.74,77.2,77.46,2588395,0.0
2019-09-29,78.19,79.335,77.88,79.26,1594432,0.0
2019-09-30,79.81,81.005,77.35,77.36,1795267,0.0
2019-10-01,76.73,76.9833,75.03,75.43,1866626,0.0
2019-10-02,75.75,77.44,74.42,77.3,1232640,0.0
2019-10-03,79,80.7,78.8,80.64,3191296,0.0
2019-10-06,80.56,81.71,80.24,80.88,2568479,0.0
2019-10-07,80.3,80.6,78.93,79.01,3263334,0.0
2019-10-08,80.1,81.13,79.58,80.7,2333018,0.0
2019-10-09,83.11,85.49,83.05,84.88,5362786,0.0
2019-10-10,86.05,86.47,83.61,85.41,4734799,0.0
2019-10-13,85,85.32,84.6,84.97,2358113,0.0
2019-10-14,85.6,87.08,84.94,86.64,2907981,0.0
2019-10-15,86.47,86.62,85.23,85.66,2361259,0.0
2019-10-16,86.5,87.64,85.88,87.56,3403330,0.0
2019-10-17,87.29,88.27,86.74,87.8,3613922,0.0
2019-10-20,88.58,90.01,88.575,89.9,1263626,0.0
2019-10-21,89.65,89.84,88.94,88.95,1057899,0.0
2019-10-22,87.63,89.66,87.31,89.29,1235124,0.0
2019-10-23,90.3,90.9,89.07,89.68,1371833,0.0
2019-10-24,90.01,90.59,89.69,90.05,1146753,0.0
2019-10-27,90.98,91.94,90.8,91.65,1103341,0.0
2019-10-28,91.5,91.62,90.5,91.22,1092264,0.0
2019-10-29,91.52,91.52,89.95,90.96,935826,0.0
2019-10-30,90.59,91.06,89.29,91.06,1429958,0.0
2019-10-31,94.65,98.57,94.59,98.31,3489949,0.0
2019-11-03,99.14,99.27,98.23,98.45,1757181,0.0
2019-11-04,98.75,99.95,98.58,98.74,1785508,0.0
2019-11-05,98.12,98.5599,97.2,98.16,1352484,0.0
2019-11-06,99.2,99.51,97.93,98.63,1348134,0.0
2019-11-07,98.6,100.81,98.48,100.43,1637935,0.0
2019-11-10,100.05,100.56,99.25,100.37,1387884,0.0
2019-11-11,101.93,102.87,100.43,101.5972,3678996,0.0
2019-11-12,95.6,101.99,95.55,101.14,7014005,0.0
2019-11-13,100,100.42,98.37,98.69,2521256,0.0
2019-11-14,99.68,100.1,98.54,99.41,2528572,0.0
2019-11-17,98.9,99.21,97.17,97.39,2430450,0.0
2019-11-18,98.08,98.1,95.3,96.56,2323416,0.0
2019-11-19,95.63,97.65,95.6,96.01,1658086,0.0
2019-11-20,96.4,97,95.58,96.47,1122826,0.0
2019-11-21,96.9,97.87,96.39,97.85,1648041,0.0
2019-11-24,98.45,101.12,98.14,100.85,1944619,0.0
2019-11-25,100.5,100.705,98.78,99.15,1782905,0.0
2019-11-26,99.55,100.13,99.11,99.63,852821,0.0
2019-11-28,98.9,99.88,98.1,98.31,763354,0.0
2019-12-01,98.1,99.05,97.55,98.35,1529363,0.0
2019-12-02,96.38,97.58,95.63,97.45,1864446,0.0
2019-12-03,98.64,100.11,98.64,98.82,1036844,0.0
2019-12-04,99.64,100.3335,99.19,99.97,1063034,0.0
2019-12-05,100.55,102.09,100.5,101.36,1454724,0.0
2019-12-08,103.92,105.42,103.15,103.23,2670370,0.0
2019-12-09,103.65,105,101.53,104.41,1699690,0.0
2019-12-10,104.78,109.77,104.65,109.3,3786683,0.0
2019-12-11,108,112.77,107.5,111.5,3083538,0.0
2019-12-12,111.61,112.861,110.61,111.9,2055060,0.0
2019-12-15,112.86,114.42,112.79,113.13,1844971,0.0
2019-12-16,113.48,113.72,112.3,113.09,2006641,0.0
2019-12-17,113.4,116.14,112.98,115.91,2412628,0.0
2019-12-18,116.1,118.22,115.1758,117.87,2385702,0.0
2019-12-19,118.53,119.1999,117.01,118.94,2012284,0.0
2019-12-22,119.41,121.36,119.12,119.96,1998703,0.0
2019-12-23,120.34,122.24,120.01,122.19,1055408,0.0
2019-12-25,122.4,122.89,120.75,122.28,1334510,0.0
2019-12-26,122.64,122.68,120.69,122.29,1318012,0.0
2019-12-29,121.8,121.93,120.42,121.07,1158472,0.0
2019-12-30,120.48,121.24,119.21,120.87,975601,0.0
2020-01-01,122.01,122.4,119.7096,121.62,2098391,0.0
2020-01-02,119.84,120.89,117.65,118.61,2120938,0.0
2020-01-05,117.04,117.46,115.08,116.56,2542149,0.0
2020-01-06,117.17,118.4799,116.31,117.67,1842499,0.0
2020-01-07,118.08,120.8697,117.59,119.53,1798155,0.0
2020-01-08,120.9,121.23,117.6,119.65,1637238,0.0
2020-01-09,121.25,121.5,119.64,120.08,2249451,0.0
2020-01-12,121.19,125.2255,121.06,124.53,2474512,0.0
2020-01-13,125.27,125.75,122.61,123.33,1838670,0.0
2020-01-14,123,123.2542,119.92,120.44,1884199,0.0
2020-01-15,121.72,123.34,121.45,123.09,1451255,0.0
2020-01-16,123.94,124.75,123.0187,124.16,1593862,0.0
2020-01-20,124.01,125.47,123.6,123.8,3643318,0.0
2020-01-21,124.68,126.93,124.55,124.9,4381740,0.0
2020-01-22,125.43,128.3284,124.405,128.21,6687718,0.0
2020-01-23,126.5,128.48,120.79,122.29,13766250,0.0
2020-01-26,118.47,118.5,116.2,116.88,2642447,0.0
2020-01-27,118.11,121.07,117.8,119.8,1926696,0.0
2020-01-28,120,120.335,117.8,117.8565,1345350,0.0
2020-01-29,116.57,118.5,114.1,116.24,2727979,0.0
2020-01-30,115.5,115.74,112.72,113.1,2096053,0.0
2020-02-02,113.12,115.49,112.7,115.08,1555633,0.0
2020-02-03,117.89,118.74,116.655,118.02,1397109,0.0
2020-02-04,119.82,120.53,118.14,119.68,1089913,0.0
2020-02-05,119.66,120.32,116.52,117.67,1587835,0.0
2020-02-06,116.42,116.84,113.94,113.94,2366139,0.0
2020-02-09,112.46,116.27,111.45,116.26,1468810,0.0
2020-02-10,117.38,120.29,117.13,119.11,1452482,0.0
2020-02-11,120.61,123.28,120.435,123.08,1699505,0.0
2020-02-12,121.84,124.515,121.0506,122.63,1799553,0.0
2020-02-13,122.84,123.63,118.25,118.98,1692100,0.0
2020-02-17,116.07,118.785,115.6,116.77,2208567,0.0
2020-02-18,118.08,120.41,117.75,119.15,1475762,0.0
2020-02-19,118.78,119.5,115.97,117.5,1202450,0.0
2020-02-20,116.85,117,113.47,114.6,1722166,0.0
2020-02-23,110.28,112.89,108.8,111.18,2685601,0.0
2020-02-24,111.98,112.68,105.8,106.16,2568907,0.0
2020-02-25,106.97,109.44,103.73,103.81,2390215,0.0
2020-02-26,100.5,101.68,97.33,97.53,3140129,0.0
2020-02-27,91.96,100.22,91.8,100.21,4227049,0.0
2020-03-01,101.29,104.33,98.7501,104.28,2467881,0.0
2020-03-02,104.29,106.75,99.45,99.58,2166439,0.0
2020-03-03,102.01,103.37,100.12,103.35,4085584,0.0
2020-03-04,100.96,101.269,97.92,98.59,2765829,0.0
2020-03-05,94.74,97.9,93.335,95.71,5444548,0.0
2020-03-08,87.3252,93.15,86.26,88.09,3463289,0.0
2020-03-09,91.98,95.79,89.63,95.71,3277852,0.0
2020-03-10,93.14,93.76,88.68,89.78,2538109,0.0
2020-03-11,83.24,90.357,80.16,80.45,3530076,0.0
2020-03-12,85.65,87,78.82,82.99,4043890,0.0
2020-03-15,72.19,79.82,67.9,67.9,7128356,0.0
2020-03-16,70,80.71,69.47,77.78,4498211,0.0
2020-03-17,71.13,77.67,69.31,72.1,5243924,0.0
2020-03-18,72.66,79.72,72.14,77.27,2608559,0.0
2020-03-19,80,81.49,73.45,73.64,2769941,0.0
2020-03-22,74.17,76.08,71,75.13,3201500,0.0
2020-03-23,79.69,87.61,78.77,87.32,3375552,0.0
2020-03-24,87.47,92.5099,84.7919,85.25,3509568,0.0
2020-03-25,86.6,93.07,85.8301,92.99,3716359,0.0
2020-03-26,90.27,90.27,86.22,87.07,3058982,0.0
2020-03-29,88.52,90.55,86.14,90.07,1810928,0.0
2020-03-30,89.97,94.2838,88.92,89.46,2324982,0.0
2020-03-31,86.33,89.2,81.33,82.43,2565179,0.0
2020-04-01,81.84,84.1,81.1,83.37,1865636,0.0
2020-04-02,82.75,83.725,79.51,80.24,1753791,0.0
2020-04-05,83.91,90.22,83.68,89.721,4302638,0.0
2020-04-06,93.15,93.88,89.56,89.89,1970933,0.0
2020-04-07,91.6,94.4,89.14,92.98,4261728,0.0
2020-04-08,94.85,95.3,88.79,89.94,2453399,0.0
2020-04-12,90,90.87,88.66,90.43,1592198,0.0
2020-04-13,95.51,95.87,91.63,95.61,5137943,0.0
2020-04-14,93.4555,93.94,90.11,92.88,3363384,0.0
2020-04-15,93.7,95.56,92.245,95,3673080,0.0
2020-04-16,96.936,97.63,93.5,95.33,3485117,0.0
2020-04-19,93.84,94.91,92.25,92.53,2436003,0.0
2020-04-20,91.49,92.14,88.08,88.2,4602380,0.0
2020-04-21,91.01,93.24,90.71,93.07,5250947,0.0
2020-04-22,93.15,94.6,92.39,92.85,3790363,0.0
2020-04-23,93.38,96.78,92.45,96.48,2297773,0.0
2020-04-26,97.8,99.45,97.557,98.41,5273726,0.0
2020-04-27,101,103.85,100.23,100.68,2035885,0.0
2020-04-28,102.34,106.85,102.34,106.21,1555140,0.0
2020-04-29,105.81,105.96,103.13,103.76,3418557,0.0
2020-04-30,100.79,101.71,98.4,98.85,1997552,0.0
2020-05-03,98.2,100.25,96.73,99.61,5650562,0.0
2020-05-04,104.05,108.53,103.24,104.72,5077054,0.0
2020-05-05,106.58,108.15,105.41,105.9,4864354,0.0
2020-05-06,107.4671,108.29,105.78,106.22,1373743,0.0
2020-05-07,108.2,111.29,107.01,111.15,3925475,0.0
2020-05-10,109.94,111.6,108.61,110.47,3948968,0.0
2020-05-11,111.5,112.7362,108.15,108.16,1646378,0.0
2020-05-12,108.57,109.36,104.17,106.16,1882975,0.0
2020-05-13,104.9,108.46,102.32,108.32,1926114,0.0
2020-05-14,104.5,106.56,103.7,106.24,3444098,0.0
2020-05-17,109.34,113.52,108.98,112.65,1806816,0.0
2020-05-18,112.36,115.52,112.35,112.59,1457268,0.0
2020-05-19,114.44,117.54,113.62,117.38,3158004,0.0
2020-05-20,117.01,118.18,113.92,114.12,2221230,0.0
2020-05-21,114.83,117.72,113.141,117.02,2681970,0.0
2020-05-25,120,121.38,117.39,117.71,1414518,0.0
2020-05-26,118.13,119.185,114.59,119.03,1721364,0.0
2020-05-27,118.8,120.255,114.7301,115.57,1748529,0.0
2020-05-28,115.87,119.43,114.79,118.67,1888149,0.0
2020-05-31,118.15,119.62,116.81,119.09,1010432,0.0
2020-06-01,119.61,123.91,118.68,123.79,1802390,0.0
2020-06-02,125,128.5,124.76,127.22,3987020,0.0
2020-06-03,126.16,128.77,126.16,128.68,1835278,0.0
2020-06-04,130.61,137.875,130.5,136.05,3167354,0.0
2020-06-07,137.05,138.22,132.76,134.75,4712608,0.0
2020-06-08,133.6,136.115,132.11,134.62,3537766,0.0
2020-06-09,135.07,135.4,131.64,131.91,1989730,0.0
2020-06-10,127.69,128.77,123.06,123.48,4910798,0.0
2020-06-11,127.16,128.2199,125.49,125.59,636607,0.0
2020-06-14,123.38,127.3088,122.83,127.3,2036014,0.0
2020-06-15,131.83,133.365,125.79,128.38,4352426,0.0
2020-06-16,129.84,131.98,129.18,130.69,1343360,0.0
2020-06-17,130.23,130.97,128.32,129.14,2313385,0.0
2020-06-18,132.84,132.84,126.51,127.26,2028194,0.0
2020-06-21,127.16,128.21,125.32,127.65,1260037,0.0
2020-06-22,128.764,129.73,127.59,128.37,1238625,0.0
2020-06-23,128.31,129.38,125.02,126.41,1804157,0.0
2020-06-24,126.67,127.565,124.8,127.3,1083497,0.0
2020-06-25,126.6,128.14,124.9,125.85,1296697,0.0
2020-06-28,126.1357,126.4,123.41,126.01,884356,0.0
2020-06-29,125.94,128.39,125.42,127.79,1546711,0.0
2020-06-30,127.7,127.7,125.8,125.84,1234052,0.0
2020-07-01,127.52,130.05,127.285,128.44,1412264,0.0
