Date,Open,High,Low,Close,Volume,OpenInterest
2016-07-13,44.5,44.6,43.97,44.02,2277444,0.0
2016-07-14,44.34,44.93,44.115,44.4,2634125,0.0
2016-07-17,44.64,44.7,44,44.37,1660123,0.0
2016-07-18,44.31,44.56,44.13,44.38,1091412,0.0
2016-07-19,44.29,44.56,43.84,44.54,1413454,0.0
2016-07-20,44.65,44.88,43.96,44.68,2704554,0.0
2016-07-21,44.93,45.555,44.8282,45.44,2065345,0.0
2016-07-24,45.5,45.64,44.875,45.03,3478628,0.0
2016-07-25,45,45.1,44.43,44.98,2930759,0.0
2016-07-26,45.85,45.94,44.29,45.63,5765636,0.0
2016-07-27,45.61,46.25,45.411,46.22,2690341,0.0
2016-07-28,46.23,46.96,46.12,46.34,2801286,0.0
2016-07-31,46.54,47.4,46.5,47.07,2901956,0.0
2016-08-01,46.91,47.15,46.21,46.81,1869681,0.0
2016-08-02,46.8,47.23,46.48,47.2,2280396,0.0
2016-08-03,47.23,47.36,46.85,47.33,1181137,0.0
2016-08-04,47.4,47.87,47.12,47.78,2017702,0.0
2016-08-07,47.73,48.11,47.46,47.61,2590655,0.0
2016-08-08,47.84,48.01,47.46,47.65,1537404,0.0
2016-08-09,47.75,47.78,47.08,47.2,1382499,0.0
2016-08-10,47.11,47.43,46.695,46.83,2221371,0.0
2016-08-11,46.61,47.59,46.61,46.94,1441785,0.0
2016-08-14,47.13,47.41,46.715,46.75,1445392,0.0
2016-08-15,46.74,46.95,46.24,46.24,1388534,0.0
2016-08-16,46.34,47.06,45.67,46.38,3278064,0.0
2016-08-17,46.35,47.03,46.13,46.96,2597720,0.0
2016-08-18,46.8,46.85,46.06,46.27,1364549,0.0
2016-08-21,46.27,46.74,46.1,46.71,1120684,0.0
2016-08-22,46.96,47.31,46.72,46.83,1201315,0.0
2016-08-23,46.66,47.05,46.09,46.21,1316618,0.0
2016-08-24,46.31,46.6,46.12,46.29,938201,0.0
2016-08-25,46.42,46.49,45.45,45.96,1773920,0.0
2016-08-28,46.64,47.18,46.5,46.74,2220278,0.0
2016-08-29,46.81,46.99,45.98,46.1,2084873,0.0
2016-08-30,46,46.4625,45.82,46.36,1667956,0.0
2016-08-31,46.41,46.94,46.21,46.26,1944731,0.0
2016-09-01,46.75,47.3,46.71,47.28,2247125,0.0
2016-09-05,47.15,47.38,46.8,47.21,1651063,0.0
2016-09-06,46.98,47.07,46.44,46.72,2394204,0.0
2016-09-07,46.64,46.95,46.42,46.7,1986699,0.0
2016-09-08,46.09,46.44,44.62,44.64,3008309,0.0
2016-09-11,44.5,46.13,44.35,45.94,2896724,0.0
2016-09-12,45.7,45.95,44.74,45.34,3283246,0.0
2016-09-13,45.35,46.285,45.32,45.88,3420184,0.0
2016-09-14,46,47.46,45.89,47.18,2547986,0.0
2016-09-15,47.06,47.67,46.32,46.53,3848009,0.0
2016-09-18,46.61,46.73,45.73,45.93,1633904,0.0
2016-09-19,46.25,46.25,44.49,44.5,4667606,0.0
2016-09-20,45.01,46.04,44.6,45.88,3383237,0.0
2016-09-21,46.14,47.11,45.72,47.035,2797335,0.0
2016-09-22,46.98,47.44,46.85,47.29,2310964,0.0
2016-09-25,46.77,47.115,46.645,46.92,1718249,0.0
2016-09-26,46.89,47.27,46.68,46.9,1303271,0.0
2016-09-27,46.78,46.96,46.41,46.81,1248738,0.0
2016-09-28,46.71,46.84,46.22,46.45,1991855,0.0
2016-09-29,46.46,47.22,46.19,46.72,2891887,0.0
2016-10-02,46.54,47.105,46.29,46.89,1767443,0.0
2016-10-03,46.77,47.25,46.63,46.75,2960929,0.0
2016-10-04,46.94,46.94,46.02,46.07,1919099,0.0
2016-10-05,45.9,46.1,45.255,45.51,2644315,0.0
2016-10-06,45.74,45.74,44.91,45.275,2562202,0.0
2016-10-09,45.3,46.23,45.2,46.15,1725449,0.0
2016-10-10,46.18,46.18,45.22,45.61,1353608,0.0
2016-10-11,45.61,46.15,45.515,46.04,1116515,0.0
2016-10-12,45.59,46.03,45.07,46.01,2512748,0.0
2016-10-13,46.05,47,45.9,46.23,1952717,0.0
2016-10-16,46.09,46.54,46.04,46.51,1063410,0.0
2016-10-17,46.91,47.515,46.85,47.35,2477687,0.0
2016-10-18,47.09,47.39,46.77,47.33,2700591,0.0
2016-10-19,47.03,47.15,46.49,47.04,1754840,0.0
2016-10-20,46.86,47.28,46.58,46.75,5231396,0.0
2016-10-23,48.32,51.345,48.32,51.17,20096411,0.0
2016-10-24,51.17,51.65,49.43,49.6,11022338,0.0
2016-10-25,49.68,50.4,49.35,49.47,9097780,0.0
2016-10-26,49.55,49.75,48.945,49.49,3755145,0.0
2016-10-27,49.24,49.97,49.08,49.36,2834929,0.0
2016-10-30,49.63,50.005,49.32,49.72,2722286,0.0
2016-10-31,49.68,49.82,48.83,49.29,2311455,0.0
2016-11-01,49.25,49.77,48.76,49.17,2866545,0.0
2016-11-02,49.27,49.905,49.21,49.52,3676444,0.0
2016-11-03,48.79,50.59,48.79,49.35,2744363,0.0
2016-11-06,50.39,50.88,50,50.35,3267009,0.0
2016-11-07,50.46,50.75,50.15,50.45,1560692,0.0
2016-11-08,49.19,53.085,49.05,53.01,6650751,0.0
2016-11-09,53,53.145,51,52.2,5535283,0.0
2016-11-10,52.02,52.91,51.54,52.54,2889222,0.0
2016-11-13,51.87,53.91,51.87,52.92,5713202,0.0
2016-11-14,52.94,53.62,52.41,53.46,3366520,0.0
2016-11-15,52.99,52.99,52.13,52.73,3538453,0.0
2016-11-16,52.62,53.51,52.49,53.39,2429482,0.0
2016-11-17,53.13,53.75,53.09,53.59,1382809,0.0
2016-11-20,53.5,53.97,53.1,53.72,2733541,0.0
2016-11-21,53.65,54.66,53.65,54.23,3326968,0.0
2016-11-22,54.19,54.69,53.3,54.34,3090222,0.0
2016-11-24,54.3,54.93,54.12,54.62,1106759,0.0
2016-11-27,54.68,55.03,54.02,54.98,3525108,0.0
2016-11-28,54.98,55.84,54.78,55.39,3271280,0.0
2016-11-29,55.46,56.0918,54.21,54.23,4207764,0.0
2016-11-30,54.11,54.53,53.7801,54.26,3927130,0.0
2016-12-01,54.62,54.82,53.83,54.43,2642484,0.0
2016-12-04,54.6,55.2,54.55,55.02,1646133,0.0
2016-12-05,55.02,56.69,54.52,55.99,6595874,0.0
2016-12-06,56.69,58.47,55.95,58.38,6581538,0.0
2016-12-07,58.4,59.19,57.98,58.55,3580802,0.0
2016-12-08,58.58,58.645,56.59,56.74,2948248,0.0
2016-12-11,56.65,56.8,55.871,56.12,3443541,0.0
2016-12-12,56.56,57.08,56.43,56.65,2866685,0.0
2016-12-13,56.75,57.18,56.251,56.56,2670280,0.0
2016-12-14,56.85,57.75,56.31,57.25,2633166,0.0
2016-12-15,57.53,57.66,56.625,57.01,2553851,0.0
2016-12-18,57.23,58.25,57.05,57.8,1157357,0.0
2016-12-19,57.82,58.295,57.8,58.07,1098119,0.0
2016-12-20,58.48,58.48,57.72,57.815,1260390,0.0
2016-12-21,58.42,58.42,57.46,58.08,897243,0.0
2016-12-22,57.76,58.31,57.6033,58.02,981098,0.0
2016-12-26,58.14,58.55,58.03,58.32,1376790,0.0
2016-12-27,58.43,58.43,57.95,58,1162000,0.0
2016-12-28,58.07,58.69,57.96,58.05,1179723,0.0
2016-12-29,57.86,58.01,57.08,57.53,1597609,0.0
2017-01-02,58.1,58.91,57.75,58.32,2375770,0.0
2017-01-03,58.36,59.46,58.035,58.82,4994816,0.0
2017-01-04,58.77,59.42,57.08,57.6,4560088,0.0
2017-01-05,57.87,58.1399,56.64,56.78,4102345,0.0
2017-01-08,56.57,56.99,56.27,56.67,2838999,0.0
2017-01-09,55.72,58.84,55.3,58.74,4797132,0.0
2017-01-10,58.54,58.94,57.28,57.47,3982439,0.0
2017-01-11,57.4,57.5,56.57,57.14,1925605,0.0
2017-01-12,57.25,57.85,56.69,57.19,1560139,0.0
2017-01-16,57.25,58.14,56.8901,57.05,3531918,0.0
2017-01-17,57.54,58.85,57.39,58.67,4801982,0.0
2017-01-18,58.52,60.64,58.44,60.07,5167737,0.0
2017-01-19,60.54,60.73,59.51,59.6,3172724,0.0
2017-01-22,60.77,60.86,60.11,60.24,3051137,0.0
2017-01-23,60.01,60.57,59.62,60.22,3420249,0.0
2017-01-24,60.2,60.99,59.84,60.73,2475045,0.0
2017-01-25,61.11,63.64,61.1,63.38,9985399,0.0
2017-01-26,63.68,63.68,61.68,62.42,5372950,0.0
2017-01-29,61.91,62.08,60.59,61.13,4531482,0.0
2017-01-30,61.25,62.62,61.19,62.29,3654099,0.0
2017-01-31,62.26,63.65,62.24,63.26,7729720,0.0
2017-02-01,62.89,62.96,60.42,61.15,4999909,0.0
2017-02-02,61.25,61.71,60.81,61.36,2830261,0.0
2017-02-05,61.13,61.38,60.89,60.94,1458706,0.0
2017-02-06,61.03,62.05,60.61,61.88,2954899,0.0
2017-02-07,61.5,62.62,61.33,61.89,4389237,0.0
2017-02-08,61.71,62.42,61.71,62.24,2747108,0.0
2017-02-09,62.16,62.535,61.4,62.38,3178298,0.0
2017-02-12,60.59,61,60.032,60.9,10486587,0.0
2017-02-13,61.24,62.84,59.51,61.58,15450937,0.0
2017-02-14,61.47,61.8,60.725,61.3,5924519,0.0
2017-02-15,61.19,61.4,60.32,60.62,2967837,0.0
2017-02-16,60.54,65.41,59.89,63.91,10765513,0.0
2017-02-20,63.56,63.6,62.33,63.17,4341617,0.0
2017-02-21,63.27,63.47,62.62,63.09,2044371,0.0
2017-02-22,63.22,63.35,61.95,62.07,4596762,0.0
2017-02-23,62.1,62.58,61.72,62.18,3625163,0.0
2017-02-26,61.31,62.18,60.791,62.17,3828097,0.0
2017-02-27,62.25,62.89,61.7,62.53,3245212,0.0
2017-02-28,62.66,62.97,62.185,62.33,3108417,0.0
2017-03-01,62.2,62.86,61.67,62.54,2636786,0.0
2017-03-02,62.22,63.61,62,63.54,3722217,0.0
2017-03-05,63.16,63.5,62.51,62.83,2635289,0.0
2017-03-06,62.53,62.87,61.375,61.63,2977081,0.0
2017-03-07,61.42,62.1991,61.36,61.41,3483592,0.0
2017-03-08,61.48,61.68,60.83,61.14,3934258,0.0
2017-03-09,61.58,61.865,60.88,61.47,3361376,0.0
2017-03-12,61.51,61.98,61.12,61.82,2218060,0.0
2017-03-13,61.8,62.04,61.14,61.35,1818226,0.0
2017-03-14,61.61,63.08,61.44,62.98,4396494,0.0
2017-03-15,63.09,63.19,62.07,62.39,2493592,0.0
2017-03-16,62.99,63.79,62.65,63.49,3279415,0.0
2017-03-19,63.39,63.55,62.75,63.1,1541663,0.0
2017-03-20,62.98,63.43,62.34,62.47,2619217,0.0
2017-03-21,62.68,63.58,62.49,63.27,2971503,0.0
2017-03-22,63.14,63.7,62.89,63.13,1684743,0.0
2017-03-23,63.54,64.76,63.26,64.17,3764740,0.0
2017-03-26,63.92,64.28,63.65,64.22,1950301,0.0
2017-03-27,64,64.42,63.64,64.23,2753006,0.0
2017-03-28,64.39,65.08,63.97,64.74,2986421,0.0
2017-03-29,64.75,65.21,64.29,65.12,2584547,0.0
2017-03-30,64.95,65.35,64.1825,64.59,2934549,0.0
2017-04-02,64.2,64.32,62.97,63.55,3329433,0.0
2017-04-03,63.32,63.94,63.2606,63.68,2165742,0.0
2017-04-04,63.76,64,63.38,63.5,2172750,0.0
2017-04-05,62.35,63.33,62.2232,63.24,4143848,0.0
2017-04-06,63.27,64.145,63.14,63.57,2049468,0.0
2017-04-09,63.89,64.26,62.38,63.89,1827753,0.0
2017-04-10,63.84,64.02,63.45,63.95,2099688,0.0
2017-04-11,63.77,64,63.5,63.92,1297334,0.0
2017-04-12,64.15,64.36,63.7,64.04,1953091,0.0
2017-04-16,64.5,64.97,64.21,64.95,1965924,0.0
2017-04-17,64.82,65.33,64.575,64.6,1597045,0.0
2017-04-18,65.05,65.51,64.82,65.13,2894628,0.0
2017-04-19,65.21,65.41,64.78,64.8,1915302,0.0
2017-04-20,65.24,65.24,64.53,64.7,4268189,0.0
2017-04-23,65.03,65.97,64.97,65.89,4656716,0.0
2017-04-24,66,67.45,65.26,67.35,5535126,0.0
2017-04-25,67.69,67.7609,67.14,67.58,3006886,0.0
2017-04-26,67.64,68.19,67.53,67.73,2336199,0.0
2017-04-27,67.79,67.87,66.97,67.26,3015539,0.0
2017-04-30,67.83,68.4,67.45,68.3,2887462,0.0
2017-05-01,68.56,68.88,66.57,66.94,3004505,0.0
2017-05-02,66.82,67.14,65.09,65.35,5441437,0.0
2017-05-03,65.48,65.63,64.91,65.48,2673238,0.0
2017-05-04,65.79,66.49,65.32,66.49,1528844,0.0
2017-05-07,66.84,67.072,65.83,66.14,3079429,0.0
2017-05-08,65.98,66.06,65.16,65.49,2931765,0.0
2017-05-09,66.94,67.63,65.94,66,3181353,0.0
2017-05-10,66.06,66.31,65.17,65.82,2550225,0.0
2017-05-11,66.83,66.86,65.25,65.55,3299022,0.0
2017-05-14,65.61,65.85,65.01,65.68,2710252,0.0
2017-05-15,65.65,66.28,65.5,65.9,2748210,0.0
2017-05-16,65.44,66.44,63.81,63.89,5125572,0.0
2017-05-17,63.75,66.27,63.63,65.73,4123716,0.0
2017-05-18,66.71,67.07,66,66.36,3638476,0.0
2017-05-21,66.33,67.24,66.25,67.23,2271963,0.0
2017-05-22,67.53,67.88,67.1,67.62,1748247,0.0
2017-05-23,67.82,67.94,67.05,67.89,2061716,0.0
2017-05-24,67.83,68.44,67.72,67.87,1824862,0.0
2017-05-25,67.88,68.045,67.52,67.8,1961063,0.0
2017-05-29,67.61,68.075,66.95,67.08,2433038,0.0
2017-05-30,67.08,67.56,66.776,67.42,3404647,0.0
2017-05-31,67.42,67.93,66.98,67.9,1554854,0.0
2017-06-01,67.93,68.42,67.77,68.33,1424208,0.0
2017-06-04,68.31,68.5,67.2903,67.4,2441144,0.0
2017-06-05,67.2,67.49,66.025,66.1,3669597,0.0
2017-06-06,66.35,66.43,65.4997,65.92,2440635,0.0
2017-06-07,66.04,66.25,65,65.69,4212146,0.0
2017-06-08,65.71,65.71,62.75,63.84,4353292,0.0
2017-06-11,63.56,64.78,63.52,64.67,2939581,0.0
2017-06-12,64.75,65.1,63.7,64,3884708,0.0
2017-06-13,63.91,64.1,62.85,63.27,2488729,0.0
2017-06-14,62.77,63.73,62.46,63.6,2840821,0.0
2017-06-15,63.27,63.81,62.47,63.13,4188596,0.0
2017-06-18,63.6,64.025,63.3,64.01,1596895,0.0
2017-06-19,63.8,64.53,62.76,63.98,4814943,0.0
2017-06-20,63.85,64.07,63.25,63.57,2593093,0.0
2017-06-21,63.63,63.96,63.26,63.57,1603911,0.0
2017-06-22,63.48,63.81,63.34,63.41,1192780,0.0
2017-06-25,63.6,63.79,63.12,63.16,1279368,0.0
2017-06-26,61.25,62.5399,60.72,61.06,8338036,0.0
2017-06-27,61.07,61.5377,60.84,61.47,2459581,0.0
2017-06-28,61.19,61.255,59.59,60.295,6406603,0.0
2017-06-29,60.96,61,59.94,60.61,3252868,0.0
2017-07-02,60.74,60.85,59.9,59.98,1083849,0.0
2017-07-04,59.88,60.32,59.38,59.945,4849924,0.0
2017-07-05,59.56,59.89,59.13,59.45,2760078,0.0
2017-07-06,59.45,60.16,59.26,60,2301895,0.0
2017-07-09,60.07,60.89,59.685,60.8,2986833,0.0
2017-07-10,60.74,61.47,60.665,61.24,2307171,0.0
2017-07-11,61.7,61.88,60.89,61.52,2144100,0.0
2017-07-12,61.5,61.73,60.745,60.9,1814139,0.0
2017-07-13,61.21,61.72,60.62,61.24,4066467,0.0
2017-07-16,61.04,61.735,60.75,61.39,2663037,0.0
2017-07-17,61.66,61.75,60.91,61.42,3062014,0.0
2017-07-18,61.51,62.08,61.13,62,4196704,0.0
2017-07-19,63.85,64.03,61.08,61.11,10869542,0.0
2017-07-20,61.28,62.73,61.08,62.59,5807331,0.0
2017-07-23,62.39,63.06,62.25,62.52,2776217,0.0
2017-07-24,62.5,62.82,62.25,62.36,2101771,0.0
2017-07-25,62.34,62.88,62.285,62.38,1773454,0.0
2017-07-26,62.39,62.75,61.43,61.61,2645501,0.0
2017-07-27,61.41,61.85,61.11,61.78,2115102,0.0
2017-07-30,62.25,62.51,61.09,61.65,2956922,0.0
2017-07-31,62.1,63.465,61.61,63.08,4752111,0.0
2017-08-01,63.22,63.725,62.75,63.62,2712631,0.0
2017-08-02,63.72,63.93,63.15,63.76,2201722,0.0
2017-08-03,63.94,64.53,63.56,64.51,2868839,0.0
2017-08-06,64.85,65,64.15,64.27,2418125,0.0
2017-08-07,64.04,64.37,63.65,63.89,1504777,0.0
2017-08-08,63.63,63.9499,63.19,63.8,1621174,0.0
2017-08-09,63.31,63.94,62.12,62.47,2473290,0.0
2017-08-10,62.45,63.65,62.24,63.61,1954029,0.0
2017-08-13,64.19,64.19,63.67,63.77,1493448,0.0
2017-08-14,63.79,64,63.41,63.88,2042722,0.0
2017-08-15,63.75,64.48,63.55,64.27,1680188,0.0
2017-08-16,64,64.12,62.975,62.99,1886900,0.0
2017-08-17,62.87,63.47,62.71,63,1104240,0.0
2017-08-20,63.49,63.49,62.56,62.84,1245673,0.0
2017-08-21,63.21,64.5,63.05,64.36,1672256,0.0
2017-08-22,64.2,64.36,63.881,64,1390278,0.0
2017-08-23,63.96,64.32,63.73,63.98,1471626,0.0
2017-08-24,64.12,64.45,63.72,63.75,1427798,0.0
2017-08-27,64,64,63.57,63.73,822574,0.0
2017-08-28,63.31,63.74,63.08,63.48,864990,0.0
2017-08-29,63.47,64.37,63.43,64.25,1081885,0.0
2017-08-30,64.25,64.76,64.15,64.71,1589167,0.0
2017-08-31,64.78,64.86,64.04,64.16,1171943,0.0
2017-09-04,64.17,64.46,63.27,63.64,1647883,0.0
2017-09-05,63.81,64.15,63.14,63.77,2066537,0.0
2017-09-06,64.01,64.16,63.14,63.339,1479112,0.0
2017-09-07,63.4,63.54,62.585,62.73,1570186,0.0
2017-09-10,63.16,63.5,62.76,63.03,1306286,0.0
2017-09-11,63.01,63.76,62.59,62.98,1175491,0.0
2017-09-12,62.93,63.43,62.59,62.79,1675627,0.0
2017-09-13,62.47,62.61,61.08,61.17,3824939,0.0
2017-09-14,61.33,61.89,60.73,61.03,4234631,0.0
2017-09-17,60.95,61.99,60.75,61.78,3951444,0.0
2017-09-18,62.01,65.46,61.33,65.42,10551643,0.0
2017-09-19,65.32,65.47,63.09,63.521,3901896,0.0
2017-09-20,63.74,63.99,63.22,63.38,1479354,0.0
2017-09-21,63.85,64.53,63.41,64.07,5250210,0.0
2017-09-24,64.11,64.469,62.8,62.89,4711768,0.0
2017-09-25,63.06,63.36,62.77,63.04,2582343,0.0
2017-09-26,63.03,63.17,62.38,62.39,3203877,0.0
2017-09-27,62.12,62.25,61.69,61.92,3376760,0.0
2017-09-28,62.13,62.44,61.4,61.68,4351275,0.0
2017-10-01,61.34,61.78,61.07,61.51,3089850,0.0
2017-10-02,61.56,61.99,61.4,61.68,2941320,0.0
2017-10-03,61.42,62.25,61.28,61.51,4866724,0.0
2017-10-04,61.51,62.09,61.32,61.55,3250125,0.0
2017-10-05,61.63,62.63,61.6,62.41,3531389,0.0
2017-10-08,62.31,62.61,61.18,61.56,2614726,0.0
2017-10-09,61.69,61.78,61.11,61.25,2713938,0.0
2017-10-10,61.15,61.74,59.42,61.18,3054706,0.0
2017-10-11,61.07,61.665,60.71,61.28,2041194,0.0
2017-10-12,61.29,61.55,60.74,61.39,2013619,0.0
2017-10-15,61.52,61.6,60.9,60.97,1164950,0.0
2017-10-16,60.93,61.04,60.56,60.93,1048253,0.0
2017-10-17,60.87,60.91,60.25,60.69,2712778,0.0
2017-10-18,60.49,61.97,60.31,61.52,3239235,0.0
2017-10-19,61.97,61.98,60.28,60.47,3124831,0.0
2017-10-22,61.09,62,60.3,61.46,5139192,0.0
2017-10-23,61.74,62.4,61.54,62.28,2947278,0.0
2017-10-24,61.95,62.26,61.37,61.92,2415044,0.0
2017-10-25,62.18,62.32,61.51,61.735,2367258,0.0
2017-10-26,61.48,63,61.47,62.95,2502648,0.0
2017-10-29,62.67,63.075,59.21,59.58,13061467,0.0
2017-10-30,59.64,60.25,59.32,59.76,6436033,0.0
2017-10-31,60.14,60.4,59.36,59.75,2750829,0.0
2017-11-01,59.76,60.11,58.13,58.3,5253701,0.0
2017-11-02,59.01,59.44,58.575,58.9,3028259,0.0
2017-11-05,56.2,56.5,54.93,55.55,14561471,0.0
2017-11-06,55.78,56.03,54.6,55.35,7331936,0.0
2017-11-07,55.36,56.415,55.24,56.22,4987608,0.0
2017-11-08,56.5,56.569,55.63,56,4349437,0.0
2017-11-09,55.69,57.04,55.54,56.8,4814386,0.0
2017-11-12,56.8,56.89,55.91,56.43,2688757,0.0
2017-11-13,56.38,56.96,55.96,56.54,4644433,0.0
2017-11-14,56.8,56.99,56.18,56.7,3145787,0.0
2017-11-15,56.81,59.975,56.81,59.8,8655792,0.0
2017-11-16,59.55,60.07,58.96,60.04,5645651,0.0
2017-11-19,59.62,60.45,59.58,60.3,3310435,0.0
2017-11-20,61.1,61.25,60.23,60.42,4429190,0.0
2017-11-21,60.41,61.4297,60.41,61.35,3633050,0.0
2017-11-23,60.81,62.09,60.76,61.68,1798086,0.0
2017-11-26,62.2,62.93,61.29,62.75,3986189,0.0
2017-11-27,62.34,62.4125,61,61.38,4683523,0.0
2017-11-28,61.56,62.66,61.42,61.83,2988681,0.0
2017-11-29,61.89,62.4,60.75,61.07,5157355,0.0
2017-11-30,60.35,61.255,60.15,60.91,4093091,0.0
2017-12-03,61.2,61.78,60.2,60.22,3362849,0.0
2017-12-04,60.5,61.34,60.3,60.95,3042472,0.0
2017-12-05,60.53,62.25,59.96,62.13,4363412,0.0
2017-12-06,61.58,62.92,61.42,61.94,3602877,0.0
2017-12-07,62.47,62.98,62.34,62.54,3010849,0.0
2017-12-10,62.56,63.47,62.56,63.07,2748612,0.0
2017-12-11,63.05,63.94,63.05,63.48,3201779,0.0
2017-12-12,63.74,64.47,63.65,63.83,3931550,0.0
2017-12-13,64.05,64.05,62.38,62.55,5380945,0.0
2017-12-14,62.47,63.48,62.15,62.66,5597549,0.0
2017-12-17,62.67,63.63,62.58,63.46,2670520,0.0
2017-12-18,63.52,64.64,63.49,63.64,4540711,0.0
2017-12-19,63.92,64,62.8,62.91,4872786,0.0
2017-12-20,63.35,63.67,63.11,63.52,2482966,0.0
2017-12-21,63.49,63.84,63.23,63.61,1527692,0.0
2017-12-25,62.95,64.12,62.93,63.79,967915,0.0
2017-12-26,64.01,64.2,63.71,64.1,1273478,0.0
2017-12-27,64.24,64.64,64.06,64.34,1347948,0.0
2017-12-28,64.1,64.43,63.46,63.52,1400248,0.0
2018-01-01,63.79,64.52,63.54,64.04,1806190,0.0
2018-01-02,63.89,64.13,63.25,63.6,2189925,0.0
2018-01-03,63.89,64,62.88,62.99,1825323,0.0
2018-01-04,63.54,64.81,63.26,64.59,2892024,0.0
2018-01-07,64.46,65.98,64.31,65.09,3043347,0.0
2018-01-08,66,66.52,65.52,65.61,4508960,0.0
2018-01-09,65.18,65.19,63.61,63.89,3025024,0.0
2018-01-10,63.94,64.19,63.23,63.84,2598496,0.0
2018-01-11,64.16,64.26,63.51,63.67,2537496,0.0
2018-01-15,64.14,64.14,62.555,62.95,4031389,0.0
2018-01-16,63.4,64.45,62.93,63.76,2352270,0.0
2018-01-17,63.84,64.055,62.44,62.88,3260739,0.0
2018-01-18,62.75,63.83,62.75,63.71,3853678,0.0
2018-01-21,63.75,63.99,63.48,63.94,1894014,0.0
2018-01-22,64.02,64.8,63.66,64.51,1826221,0.0
2018-01-23,64.59,65.34,64.55,65.02,2301545,0.0
2018-01-24,65.4,65.45,64.33,64.39,2106052,0.0
2018-01-25,64.6,65.4,64.4,65.26,1589575,0.0
2018-01-28,64.75,64.97,64.35,64.6,2012286,0.0
2018-01-29,64.8,64.97,64.39,64.75,1633952,0.0
2018-01-30,64.54,65.32,64.27,65.109,1473307,0.0
2018-01-31,64.7,65.11,63.55,63.79,3329741,0.0
2018-02-01,63.84,64.32,63.32,63.59,2137618,0.0
2018-02-04,63.46,63.81,61.53,61.53,2924671,0.0
2018-02-05,60.03,61.98,60,60.85,4929017,0.0
2018-02-06,60.96,62.91,60.96,62.06,6066286,0.0
2018-02-07,61,62.5,58.86,58.88,7082589,0.0
2018-02-08,60.1,60.45,57.65,59.22,4279052,0.0
2018-02-11,59.66,60.06,58.07,58.13,4185591,0.0
2018-02-12,57.68,58.275,57.22,57.69,4547248,0.0
2018-02-13,57.35,58.8,57.06,58.6,5027994,0.0
2018-02-14,59.32,60.6097,58.19,60.449,5166201,0.0
2018-02-15,60.63,60.87,59.79,60.05,3854691,0.0
2018-02-19,60,60.83,59.6601,60.5,2500480,0.0
2018-02-20,61.09,61.09,59.39,59.42,2233009,0.0
2018-02-21,59.75,59.98,58.59,58.75,2325554,0.0
2018-02-22,59.39,60.08,58.64,60.05,3257123,0.0
2018-02-25,60.02,61.15,58.74,61.12,3538153,0.0
2018-02-26,61.04,61.17,59.93,59.94,3206631,0.0
2018-02-27,60.52,61.39,59.96,60.61,3028451,0.0
2018-02-28,60.78,62.4,60.48,61.92,4274489,0.0
2018-03-01,61.58,62.67,61.28,62.44,4234089,0.0
2018-03-04,62.01,63.12,62.01,62.96,2663710,0.0
2018-03-05,63.3,63.91,62.65,63.56,3129533,0.0
2018-03-06,63.57,64.995,63.21,64.56,5503171,0.0
2018-03-07,65,65.28,64.25,65.06,2410541,0.0
2018-03-08,65.3,65.78,65.12,65.26,3107149,0.0
2018-03-11,65.51,65.73,64.4275,64.555,2569741,0.0
2018-03-12,65.1,65.76,64.8,64.98,3930155,0.0
2018-03-13,65.23,65.64,64.5,64.76,2755072,0.0
2018-03-14,64.71,65.52,64.6101,64.72,2203253,0.0
2018-03-15,64.44,65,64.36,64.76,3702079,0.0
2018-03-18,64.68,64.8602,63.05,63.23,2936486,0.0
2018-03-19,63.32,64.11,62.69,62.77,2098991,0.0
2018-03-20,62.6,63.21,62.52,62.58,2052450,0.0
2018-03-21,61.84,62.07,61.21,61.26,3516615,0.0
2018-03-22,61.42,61.765,59.73,59.74,3918200,0.0
2018-03-25,60.7,61.63,60.18,61.38,2448436,0.0
2018-03-26,61.66,62.02,60.08,60.35,1732275,0.0
2018-03-27,60.55,61.71,60.36,60.87,2147911,0.0
2018-03-28,60.95,61.29,60.41,61.04,2096261,0.0
2018-04-01,60.4,60.83,59.29,59.62,1920388,0.0
2018-04-02,60.06,60.18,59.29,59.59,2714623,0.0
2018-04-03,59.05,60.09,58.91,59.74,4935946,0.0
2018-04-04,60.13,60.4475,59.5,59.81,4785204,0.0
2018-04-05,59.5,60.3,59.35,59.64,2882266,0.0
2018-04-08,59.77,60.4099,59.69,59.73,3531224,0.0
2018-04-09,60.38,64.56,60.2,63.13,18883517,0.0
2018-04-10,62.72,63.61,62.71,62.92,4242350,0.0
2018-04-11,63.09,63.48,62.93,63.02,2067295,0.0
2018-04-12,63.13,63.2,61.785,61.95,1958511,0.0
2018-04-15,62.35,63.035,61.81,62.74,1550430,0.0
2018-04-16,63,63.63,62.57,63.01,1654351,0.0
2018-04-17,63.08,63.36,62.59,62.89,1838124,0.0
2018-04-18,62.79,63.61,62.65,63.26,2132098,0.0
2018-04-19,63.27,63.57,62.93,63.1,2203865,0.0
2018-04-22,63.15,63.36,62.15,62.29,1588063,0.0
2018-04-23,62.82,62.98,62.1,62.6,2069187,0.0
2018-04-24,62.48,64.32,62.32,63.93,4349262,0.0
2018-04-25,63.87,64.375,63.44,64.09,2988552,0.0
2018-04-26,64.35,65.68,63.99,64.51,8112785,0.0
2018-04-29,62.79,62.99,59.29,60.51,22428740,0.0
2018-04-30,60.77,61.19,58.17,59.48,10977950,0.0
2018-05-01,59.81,60.2,55.55,57.04,13506118,0.0
2018-05-02,56.64,57.08,55.09,55.92,8922188,0.0
2018-05-03,55.87,57.74,55.83,57.26,5353456,0.0
2018-05-06,57.32,58,56.03,56.53,5132500,0.0
2018-05-07,56.7,56.94,55.43,55.58,3369351,0.0
2018-05-08,55.9,56.43,55.57,56.31,4269446,0.0
2018-05-09,56.17,57.289,56.17,56.83,4861341,0.0
2018-05-10,57.05,57.34,56.24,56.39,2369295,0.0
2018-05-13,56.39,56.66,56.12,56.47,3079849,0.0
2018-05-14,56.06,57.03,56,56.36,2274694,0.0
2018-05-15,56.88,56.9,56.26,56.55,1736125,0.0
2018-05-16,56.52,56.7699,56.4,56.68,1662041,0.0
2018-05-17,56.75,57.5,56.51,56.93,3565873,0.0
2018-05-20,57.19,57.32,56.56,57.21,1636109,0.0
2018-05-21,57.36,57.6,56.91,57.19,2314519,0.0
2018-05-22,56.94,57.28,56.459,57.04,2179791,0.0
2018-05-23,57.16,57.37,56.86,56.97,2146400,0.0
2018-05-24,57.1,57.215,56.58,56.58,1687107,0.0
2018-05-28,56.36,57.15,55.98,56.61,2096750,0.0
2018-05-29,56.66,57.06,56.2,56.33,3556809,0.0
2018-05-30,56.23,56.26,55.23,55.7,3116324,0.0
2018-05-31,56,57.05,55.9,56.89,2720430,0.0
2018-06-03,56.8,57.4433,56.615,57.11,1758461,0.0
2018-06-04,56.91,57.59,56.88,57.16,1422138,0.0
2018-06-05,57.34,57.63,56.9,57.63,2090221,0.0
2018-06-06,57.5,58.2,57.5,57.82,2117450,0.0
2018-06-07,57.34,57.97,56.98,57.8,2049718,0.0
2018-06-10,57.6,58.18,57.41,57.98,1988506,0.0
2018-06-11,57.91,58.23,57.76,58.1,1483953,0.0
2018-06-12,59,59.09,58.38,58.69,4038621,0.0
2018-06-13,58.81,59.695,58.6001,59.53,2361349,0.0
2018-06-14,59.63,60.08,59.37,60,2604038,0.0
2018-06-17,59.59,60.47,59.2301,60.35,3309298,0.0
2018-06-18,59.79,60.88,59.43,60.54,2660174,0.0
2018-06-19,60.65,60.73,60.07,60.33,2265117,0.0
2018-06-20,60.24,60.6969,59.46,60.04,1903140,0.0
2018-06-21,60.32,61.16,60.07,60.78,2298627,0.0
2018-06-24,60.53,60.9,59.47,59.72,2968136,0.0
2018-06-25,59.71,59.76,58.8201,59.71,1919640,0.0
2018-06-26,59.58,60.47,59.18,59.36,1999683,0.0
2018-06-27,59.94,60.2,58.68,59.86,3537309,0.0
2018-06-28,59.88,60.04,59.47,59.75,1896193,0.0
2018-07-01,59.46,59.96,59.04,59.9,1672032,0.0
2018-07-02,59.68,59.855,58.91,59.14,2544555,0.0
2018-07-04,59.45,60.12,59.23,60.07,2782457,0.0
2018-07-05,60.07,61.37,59.9,61.15,2228884,0.0
2018-07-08,61,61.61,60.6515,61.34,1607458,0.0
2018-07-09,61.41,61.51,60.98,61.17,1160107,0.0
2018-07-10,60.29,60.96,59.805,60.19,1987522,0.0
2018-07-11,60.28,61.62,60.01,61.59,3056648,0.0
2018-07-12,61.24,61.81,60.97,61.68,2125516,0.0
2018-07-15,61.51,62.09,61.51,61.62,1314986,0.0
2018-07-16,61.44,61.99,61.1,61.21,1079321,0.0
2018-07-17,61.42,61.49,60.49,60.51,1306742,0.0
2018-07-18,60.26,60.3848,59.23,59.42,2198989,0.0
2018-07-19,59.4,59.61,59.0702,59.25,1522921,0.0
2018-07-22,59.13,59.23,58.32,58.36,2080178,0.0
2018-07-23,58.48,59.1,57.89,58.79,2152480,0.0
2018-07-24,58.78,59.315,58.51,58.83,1508627,0.0
2018-07-25,59.1,59.8,58.89,59.36,1988737,0.0
2018-07-26,59.47,60.67,59.29,59.59,1827290,0.0
2018-07-29,59.5,60.735,59.5,59.83,1714710,0.0
2018-07-30,59.87,60.1972,59.482,60.01,1762761,0.0
2018-07-31,59.95,60.165,59.1449,59.34,3327209,0.0
2018-08-01,61.11,62.24,60,62.18,5317832,0.0
2018-08-02,62.16,62.26,61.24,61.55,2225390,0.0
2018-08-05,61.59,66.4,61.58,66.39,12964590,0.0
2018-08-06,66.31,66.34,65.13,65.31,3832350,0.0
2018-08-07,65.31,65.65,64.46,65.5,2400446,0.0
2018-08-08,65.52,65.74,64.84,64.97,1553475,0.0
2018-08-09,64.64,65.2,64.06,64.98,1854906,0.0
2018-08-12,64.94,65.8,64.525,65.71,2234898,0.0
2018-08-13,65.78,66.44,65.66,65.97,2442182,0.0
2018-08-14,65.52,65.9,65.04,65.43,1907289,0.0
2018-08-15,65.68,66.21,65.55,65.98,1912995,0.0
2018-08-16,65.87,66.06,65.55,65.9,1978872,0.0
2018-08-19,65.74,66.24,65.495,65.81,1908771,0.0
2018-08-20,65.77,66.6377,65.77,66.54,1445079,0.0
2018-08-21,66.28,66.41,65.521,65.82,1315693,0.0
2018-08-22,65.5,65.9,65.18,65.22,1154898,0.0
2018-08-23,65.38,65.93,65.17,65.4,1434095,0.0
2018-08-26,65.2,65.94,65.2,65.8,1041712,0.0
2018-08-27,65.85,66.09,65.4115,65.59,1227867,0.0
2018-08-28,65.74,66.49,65.51,65.97,1974876,0.0
2018-08-29,65.57,66.36,65.33,66,1590107,0.0
2018-08-30,66.13,66.38,65.7,66.05,1384211,0.0
2018-09-03,65.74,66.295,65.53,65.77,1661401,0.0
2018-09-04,65.63,66.03,65.43,65.72,1971036,0.0
2018-09-05,65.5,65.96,65.37,65.51,1701759,0.0
2018-09-06,65.33,65.64,64.07,64.42,2173774,0.0
2018-09-09,64.98,65.8,64.59,65.57,1561403,0.0
2018-09-10,65.56,66.02,65.24,65.91,1007121,0.0
2018-09-11,66,68.32,65.62,67.92,4160295,0.0
2018-09-12,68,68.71,67.37,68.47,2470669,0.0
2018-09-13,68.58,68.65,67.9,68.24,1937452,0.0
2018-09-16,68.03,68.18,67.32,67.42,2046903,0.0
2018-09-17,67.43,68.58,67.08,68.5,3453502,0.0
2018-09-18,68.61,68.87,67.72,68.36,1804254,0.0
2018-09-19,68.78,69.15,68.34,69.14,1349307,0.0
2018-09-20,69.34,69.77,68.89,69.07,2110120,0.0
2018-09-23,68.7,69.34,68.5,68.92,1849807,0.0
2018-09-24,69.51,69.545,68.56,69.45,1896588,0.0
2018-09-25,69.47,69.49,68.69,68.79,1773459,0.0
2018-09-26,69.08,70.63,68.87,70.49,2943252,0.0
2018-09-27,70.45,70.88,69.98,70.18,2653283,0.0
2018-09-30,70.71,70.94,69.97,70.26,2096396,0.0
2018-10-01,70.16,70.58,69.57,69.72,1857128,0.0
2018-10-02,69.82,69.98,68.75,68.97,2266736,0.0
2018-10-03,68.53,68.99,68.26,68.95,2042121,0.0
2018-10-04,68.95,69.73,68.12,68.57,2196111,0.0
2018-10-07,68.59,69.24,68.03,68.81,1769992,0.0
2018-10-08,68.77,69.35,68.24,68.45,2672750,0.0
2018-10-09,68.54,69.05,66.55,66.6,4543280,0.0
2018-10-10,66.75,67.71,66.01,66.22,3886432,0.0
2018-10-11,67.27,68.6,66.84,68.38,3109429,0.0
2018-10-14,68.12,68.66,67.575,67.62,2151736,0.0
2018-10-15,67.68,69.13,67.56,68.94,1900807,0.0
2018-10-16,69.4,69.655,68.58,69.07,1805846,0.0
2018-10-17,69.23,69.69,68.33,68.77,2072481,0.0
2018-10-18,69.53,70.14,69.21,69.75,3632380,0.0
2018-10-21,69.85,70.21,69.42,69.51,2118589,0.0
2018-10-22,69.08,69.77,67.79,69.28,2537796,0.0
2018-10-23,69.05,69.37,65.59,65.74,4901903,0.0
2018-10-24,66.34,67,65.1,66.3,5934767,0.0
2018-10-25,64.55,65.56,64.2755,65.11,5849281,0.0
2018-10-28,66.14,66.66,63.48,64.89,3643986,0.0
2018-10-29,64.53,65.49,63.61,64.14,4888442,0.0
2018-10-30,67.37,69.6,67.25,68.55,7808223,0.0
2018-10-31,68.96,69.6,68.615,68.86,3565590,0.0
2018-11-01,69.39,69.45,67.55,68.47,1777224,0.0
2018-11-04,68.96,69.67,68.57,68.9,1827752,0.0
2018-11-05,68.85,69.281,68.27,68.78,2730351,0.0
2018-11-06,69.24,70.78,69.05,70.36,2793585,0.0
2018-11-07,70.07,70.75,69.515,69.74,2088109,0.0
2018-11-08,69.42,69.7,67.98,68.7,1743692,0.0
2018-11-11,68.69,69.16,67.78,67.9,1937904,0.0
2018-11-12,68.54,69.41,68.26,68.41,3046125,0.0
2018-11-13,68.66,69.22,67.55,68.12,3075557,0.0
2018-11-14,67.86,68.36,67.55,68.09,2453516,0.0
2018-11-15,67.23,69.7,67,69.13,4356930,0.0
2018-11-18,68.53,69.6,67.92,67.98,2236942,0.0
2018-11-19,67.74,67.78,66.2104,66.55,4614785,0.0
2018-11-20,66.79,67.51,66.63,66.77,3042358,0.0
2018-11-22,66.39,67.46,66.08,67.02,1093502,0.0
2018-11-25,67.76,67.89,67.18,67.48,2685988,0.0
2018-11-26,67.24,68.12,66.94,67.48,2023670,0.0
2018-11-27,67.75,68.98,67.51,68.8601,2695713,0.0
2018-11-28,68.4,68.94,68.08,68.67,2603805,0.0
2018-11-29,68.88,69.21,68.08,68.41,2684082,0.0
2018-12-02,68.5,69.02,66.97,67.81,3314274,0.0
2018-12-03,67.46,68.54,65.47,66.57,3900886,0.0
2018-12-05,65.68,67.37,65.02,67.321,4455757,0.0
2018-12-06,66.68,68.47,65.37,65.67,2714813,0.0
2018-12-09,65.67,65.96,64.34,65.76,2796286,0.0
2018-12-10,66.62,67.34,65.44,65.47,2195623,0.0
2018-12-11,66.77,67.075,66.06,66.08,2898119,0.0
2018-12-12,66.21,66.85,65.47,66.34,2725113,0.0
2018-12-13,65.83,66.69,65.39,65.65,2528473,0.0
2018-12-16,65.73,65.94,64.28,64.82,2908497,0.0
2018-12-17,64.81,65.63,63.95,64.71,2983602,0.0
2018-12-18,64.64,66.57,64.48,64.87,3568080,0.0
2018-12-19,64.62,65.31,63.41,64.25,4781154,0.0
2018-12-20,64.58,65.37,61.7,61.93,5595516,0.0
2018-12-23,61.51,61.72,59.96,60.81,1937958,0.0
2018-12-25,60.92,63.01,59.96,62.97,4409179,0.0
2018-12-26,62.35,62.66,60.89,62.65,3668030,0.0
2018-12-27,62.7,63.75,62.61,63.21,3727323,0.0
2018-12-30,63.32,63.625,62.41,63.405,1982332,0.0
2019-01-01,62.87,65.31,62.5492,65.2,3246767,0.0
2019-01-02,64.55,66.24,64.11,65.12,2954656,0.0
2019-01-03,65.88,67.56,65.55,67.54,3927583,0.0
2019-01-06,67.37,68.61,67.01,68.505,2579752,0.0
2019-01-07,68.67,69,67.37,67.915,4630633,0.0
2019-01-08,68.65,68.67,67.12,67.63,3986840,0.0
2019-01-09,67.44,68.86,67.22,68,2778282,0.0
2019-01-10,67.83,69.06,67.4,68.975,3731216,0.0
2019-01-13,68.41,68.54,67.42,67.925,1982998,0.0
2019-01-14,67.81,68.56,66.7,66.95,4356883,0.0
2019-01-15,67.51,67.61,66.38,66.62,2633358,0.0
2019-01-16,66.72,66.75,65.64,66.18,2489317,0.0
2019-01-17,67.11,68.05,66.37,66.93,3440291,0.0
2019-01-21,66.75,67.19,66.2,66.68,1968842,0.0
2019-01-22,66.8,67.8,66.57,67.765,1609086,0.0
2019-01-23,67.72,68.66,67.22,68.61,2402732,0.0
2019-01-24,68.93,69.27,68.2,68.445,3447842,0.0
2019-01-27,67.87,68.49,67.06,67.555,1982118,0.0
2019-01-28,67.66,67.94,66.63,67.715,2015442,0.0
2019-01-29,67.74,68.69,67.09,68.295,1993393,0.0
2019-01-30,68.41,70.12,68.03,69.71,4576298,0.0
2019-01-31,69.46,69.78,69.08,69.6,2757955,0.0
2019-02-03,69.41,69.63,68.88,69.36,1397011,0.0
2019-02-04,69.7,69.7,66.82,66.85,4353620,0.0
2019-02-05,66.8,67.2972,66.54,66.87,3196945,0.0
2019-02-06,68,68.42,65.56,68.39,5253519,0.0
2019-02-07,67.64,68.47,66.95,68.385,3687660,0.0
2019-02-10,68.17,69.18,68,68.4,2102179,0.0
2019-02-11,69,69.67,68.5,69.61,2258259,0.0
2019-02-12,69.61,69.96,68.86,69.045,4004186,0.0
2019-02-13,69.1,70.45,69.01,70.44,1883371,0.0
2019-02-14,70.65,72.06,70.43,72.03,5116827,0.0
2019-02-18,72.01,72.8597,71.76,72.5001,3230251,0.0
2019-02-19,72.46,73.08,72.17,72.77,3743812,0.0
2019-02-20,72.57,73.76,72.39,73.41,4150097,0.0
2019-02-21,73.8,74.06,72.97,73.2,2205921,0.0
2019-02-24,73.37,73.53,72.62,73.06,1985392,0.0
2019-02-25,71.44,72.965,71.2538,72.53,2685928,0.0
2019-02-26,72.13,72.53,71.77,72.1425,2512100,0.0
2019-02-27,72.08,72.7,71.92,72.22,2279073,0.0
2019-02-28,72.39,72.6,71.7774,72.33,1542067,0.0
2019-03-03,72.24,72.34,71.28,71.65,2207711,0.0
2019-03-04,71.75,71.98,71.28,71.42,1480586,0.0
2019-03-05,71.41,71.6,69.99,70.78,4094249,0.0
2019-03-06,70.62,71.38,70.52,71.34,1829609,0.0
2019-03-07,70.93,71.25,70.18,70.65,2951746,0.0
2019-03-10,70.83,71.58,70.41,71.44,2006055,0.0
2019-03-11,71.47,72.13,71.25,71.7,2342827,0.0
2019-03-12,72.12,72.48,71.68,72.27,1792782,0.0
2019-03-13,72.25,72.44,71.94,72.35,1226294,0.0
2019-03-14,72.92,73.5,72.73,73.43,1469343,0.0
2019-03-17,73.28,73.91,72.9507,73.67,2342696,0.0
2019-03-18,74,74.06,72.41,72.58,3509055,0.0
2019-03-19,72.8,72.93,72.01,72.05,2783817,0.0
2019-03-20,72.08,72.74,71.99,72.27,1752229,0.0
2019-03-21,71.93,72.47,71.81,71.9,2851680,0.0
2019-03-24,71.85,72.41,71.64,72.32,1557391,0.0
2019-03-25,72.5,73.36,72.37,73.36,2466662,0.0
2019-03-26,73.39,73.79,71.96,72.22,4735805,0.0
2019-03-27,71.98,72.2548,68.92,69.14,5002114,0.0
2019-03-28,69.33,69.485,68.16,69.13,4391329,0.0
2019-03-31,69.54,70.04,69.32,70,1663404,0.0
2019-04-01,69.81,70.16,69.22,69.71,3173198,0.0
2019-04-02,69.82,70.02,68.696,68.95,2619990,0.0
2019-04-03,69.08,70.13,69,70.05,2730048,0.0
2019-04-04,70.48,70.75,70.05,70.35,2994080,0.0
2019-04-07,70.14,71.24,69.77,71.235,2086931,0.0
2019-04-08,70.96,71.66,70.27,71.42,2134308,0.0
2019-04-09,71.55,72.335,71.19,72.16,2059571,0.0
2019-04-10,72.15,73.01,71.84,73.01,2149032,0.0
2019-04-11,73.19,73.88,72.87,73.72,2624528,0.0
2019-04-14,73.71,73.86,73.19,73.79,1959641,0.0
2019-04-15,74,74.27,73.5203,74.11,2363348,0.0
2019-04-16,72.72,74.31,71.3,72.44,6991368,0.0
2019-04-17,73.22,73.78,72.57,73.76,2456834,0.0
2019-04-21,73.76,73.86,73.01,73.71,1667667,0.0
2019-04-22,73.56,74,73.05,73.75,1998461,0.0
2019-04-23,73.39,73.87,72.72,73.35,1946734,0.0
2019-04-24,72.7,73.585,72.51,72.71,3004599,0.0
2019-04-25,74.73,74.73,72.595,72.96,3273011,0.0
2019-04-28,72.94,73.82,72.5,73.6,2336258,0.0
2019-04-29,73.47,73.74,72.55,72.95,2584445,0.0
2019-04-30,73.14,74.11,73.04,73.59,2659146,0.0
2019-05-01,73.78,73.95,72.66,73.62,1986240,0.0
2019-05-02,73.71,74.78,73.4,74.75,2143526,0.0
2019-05-05,73.88,74.51,73.34,74.49,1430561,0.0
2019-05-06,73.8,74.45,73.54,74.02,2181769,0.0
2019-05-07,73.96,73.96,72.5,72.62,2413730,0.0
2019-05-08,72.3,74.4,72.25,74.28,3010381,0.0
2019-05-09,74,75.32,73.54,75.24,2883933,0.0
2019-05-12,74.38,74.74,73.25,73.37,2946167,0.0
2019-05-13,73.42,73.87,73.04,73.57,1628901,0.0
2019-05-14,73.37,74.78,73.05,74.63,2838299,0.0
2019-05-15,74.48,77.13,74.25,75.37,4315873,0.0
2019-05-16,75.39,76.32,75.02,75.38,3168182,0.0
2019-05-19,79.87,80.93,75.72,78.26,16604738,0.0
2019-05-20,78.16,78.29,76.78,77.22,5619359,0.0
2019-05-21,76.49,77.13,76.14,76.3,3029761,0.0
2019-05-22,76.26,77,75.25,76.01,3235541,0.0
2019-05-23,76.5,77.45,75.63,77.26,2432566,0.0
2019-05-27,77.55,77.98,75.89,75.89,1940006,0.0
2019-05-28,75.82,76.65,75.29,76.13,2876344,0.0
2019-05-29,76.04,76.57,75.02,76.03,3909950,0.0
2019-05-30,74.81,75.25,73.28,73.41,4390086,0.0
2019-06-02,73.62,74.64,73.37,74.19,1912583,0.0
2019-06-03,74.63,75.74,74.52,75.71,2663305,0.0
2019-06-04,75.94,76.55,75.67,76.3,1612954,0.0
2019-06-05,76.14,76.445,74.61,75.93,2151378,0.0
2019-06-06,76.55,77.14,76.31,77.04,1962524,0.0
2019-06-09,77.06,77.38,76.38,76.71,1213079,0.0
2019-06-10,77.13,77.46,74.63,75.47,3217280,0.0
2019-06-11,75.83,75.9,74.65,75.35,2714105,0.0
2019-06-12,75.17,75.28,74.01,74.42,7908351,0.0
2019-06-13,74.67,78,74.28,74.9,8766157,0.0
2019-06-16,75.08,75.43,74.54,75.27,2158779,0.0
2019-06-17,75.94,77.125,75.55,76.51,4417032,0.0
2019-06-18,76.34,78.5,76.34,78.26,2995648,0.0
2019-06-19,79.11,79.26,77.15,77.9,2853787,0.0
2019-06-20,77.71,77.75,75.2,75.69,4305579,0.0
2019-06-23,76.02,76.55,75.38,75.54,1466172,0.0
2019-06-24,75.47,75.5,74.45,74.6,2234552,0.0
2019-06-25,74.28,74.4,72.765,73,3471524,0.0
2019-06-26,73.45,73.72,72.92,73.29,1952980,0.0
2019-06-27,73.21,74.49,72.9,74.06,2344707,0.0
2019-06-30,74.67,74.67,73.92,74.14,1629696,0.0
2019-07-01,74.4,75.78,73.92,75.48,2536875,0.0
2019-07-02,75.89,77.03,75.595,75.79,1434504,0.0
2019-07-04,75.83,76.43,75.63,76.23,1175787,0.0
2019-07-07,76.37,76.39,75.43,75.63,1236255,0.0
2019-07-08,75.35,75.825,75.075,75.15,3017226,0.0
2019-07-09,77.96,78.95,77.57,78.65,13220137,0.0
2019-07-10,78.73,78.88,76.95,78.25,9343928,0.0
2019-07-11,78.2,79.73,78.01,79.45,15059583,0.0
2019-07-14,79.67,80,78.59,79.32,5196754,0.0
2019-07-15,79.35,79.59,78.83,79.03,4579403,0.0
2019-07-16,79.23,79.455,78.9,78.93,2570334,0.0
2019-07-17,78.78,79.07,77.2687,77.97,5215462,0.0
2019-07-18,77.99,77.99,76.935,77.43,4679425,0.0
2019-07-21,77.8,78.66,77.27,77.61,3797538,0.0
2019-07-22,77.74,78.16,76.95,78.14,3109018,0.0
2019-07-23,79.2,81.57,78.8281,80.6,8773884,0.0
2019-07-24,81.36,81.41,79.71,79.93,4962469,0.0
2019-07-25,81.1,85.22,80.95,84.25,11583585,0.0
2019-07-28,84.63,84.79,81.92,82.38,5021999,0.0
2019-07-29,81.7,82.33,81.02,81.3,4692363,0.0
2019-07-30,81.22,81.65,78.95,79.71,3771231,0.0
2019-07-31,79.99,80.31,78.77,79.3,3907358,0.0
2019-08-01,79.39,79.39,76.79,77.73,4426491,0.0
2019-08-04,76.85,77,75.62,76.16,3515682,0.0
2019-08-05,76.51,77.32,75.97,77.28,2806469,0.0
2019-08-06,76.49,76.8,75.27,76.48,2935550,0.0
2019-08-07,76.94,78.06,76.83,77.92,2404694,0.0
2019-08-08,77.43,78.21,77.24,77.5,2305884,0.0
2019-08-11,77.07,77.615,76.77,76.91,1509359,0.0
2019-08-12,76.93,78.26,76.78,77.64,1492019,0.0
2019-08-13,76.77,77.38,76.1125,76.89,2360001,0.0
2019-08-14,76.47,77.8,76.2,77.27,2236179,0.0
2019-08-15,77.99,78.25,77.46,77.76,2190102,0.0
2019-08-18,78.26,78.5,77.72,78.23,1113405,0.0
2019-08-19,77.98,78.24,77.64,77.6975,799188,0.0
2019-08-20,78.07,78.31,77.77,78.19,725642,0.0
2019-08-21,78.31,78.42,77.51,77.79,1218713,0.0
2019-08-22,77.64,78.25,76.12,76.49,2117353,0.0
2019-08-25,77,78.07,76.68,78.07,1287113,0.0
2019-08-26,77.7,78.1,77.02,77.11,1384565,0.0
2019-08-27,76.93,77.37,76.28,77.04,1516797,0.0
2019-08-28,77.87,78.41,77.4,77.99,1169576,0.0
2019-08-29,78.38,78.38,77.79,78.01,1036682,0.0
2019-09-02,77.9,77.94,77,77.1,1512667,0.0
2019-09-03,77.51,77.84,77.02,77.6,1423022,0.0
2019-09-04,78.22,78.57,77.555,77.83,1594135,0.0
2019-09-05,77.96,79.15,77.85,79.15,2176324,0.0
2019-09-08,79.33,79.47,78.59,79.12,2033650,0.0
2019-09-09,78.78,78.78,77.94,78.38,1868754,0.0
2019-09-10,78.39,79.76,78.21,79.75,1962683,0.0
2019-09-11,79.88,80.6,79.39,79.65,1705960,0.0
2019-09-12,80.09,80.09,79.03,79.39,1497452,0.0
2019-09-15,78.96,79.64,78.74,79.56,1669337,0.0
2019-09-16,79.73,80.545,79.06,80.21,1792716,0.0
2019-09-17,80.21,80.547,79.58,80.12,1564357,0.0
2019-09-18,80.72,81.15,80.54,81.02,1501467,0.0
2019-09-19,80.56,80.85,79.08,80.59,4440329,0.0
2019-09-22,80.02,80.78,79.81,79.96,1703997,0.0
2019-09-23,80.49,80.4904,79.03,79.37,3109214,0.0
2019-09-24,79.53,80.03,78.86,79.8,1641136,0.0
2019-09-25,79.97,80.01,78.96,78.99,1546999,0.0
2019-09-26,79.06,79.15,76.765,77.57,2896435,0.0
2019-09-29,77.87,79.09,77.62,78.77,1794353,0.0
2019-09-30,78.88,79.37,78,78.205,2439038,0.0
2019-10-01,77.6,77.9,75.82,76.44,2845913,0.0
2019-10-02,76.6,77.41,76.02,77.025,2066067,0.0
2019-10-03,76.96,78.07,76.96,78.01,3044485,0.0
2019-10-06,77.63,78.68,77.63,78.49,3198269,0.0
2019-10-07,77.78,78.14,77.36,77.61,4143262,0.0
2019-10-08,78.47,78.47,77.31,77.78,3410404,0.0
2019-10-09,77.72,78.485,77.03,78.31,4405362,0.0
2019-10-10,78.69,80.03,78.55,79.54,3517822,0.0
2019-10-13,79.53,79.53,78.57,78.62,2329197,0.0
2019-10-14,78.95,79.94,78.8,79.75,3238000,0.0
2019-10-15,79.74,80.18,79.6,80,2814719,0.0
2019-10-16,80.45,81.18,79.17,81.06,6398264,0.0
2019-10-17,81.14,82.33,80.78,81.6,5589983,0.0
2019-10-20,81.92,82.53,81.77,82.09,2139347,0.0
2019-10-21,82.53,82.57,81.65,81.66,1578437,0.0
2019-10-22,81.44,81.75,81.0702,81.38,861637,0.0
2019-10-23,81.25,81.63,81.0202,81.5,1605083,0.0
2019-10-24,81.68,82.18,81.51,81.61,1369429,0.0
2019-10-27,82.01,83.12,81.76,82.37,2667995,0.0
2019-10-28,81.24,82.37,79.72,81.75,3743244,0.0
2019-10-29,81.57,83.85,81.54,83.27,3810390,0.0
2019-10-30,83.35,83.5,81.78,82.67,2088970,0.0
2019-10-31,83.06,83.09,82,82.47,2233663,0.0
2019-11-03,82.7,82.805,80.45,80.92,2692878,0.0
2019-11-04,81.06,81.85,80.85,81.47,1462670,0.0
2019-11-05,81.6,81.945,81.29,81.87,1731389,0.0
2019-11-06,82.4,83.03,81.565,81.86,2428096,0.0
2019-11-07,81.8,81.84,80.83,80.93,1415565,0.0
2019-11-10,80.59,81.14,77.55,79.57,6255864,0.0
2019-11-11,79.62,79.645,77.2,77.42,3994213,0.0
2019-11-12,77.63,78.07,76.8,77.98,2471553,0.0
2019-11-13,77.38,77.82,76.49,76.85,2639002,0.0
2019-11-14,77.56,79.5,77.33,78.05,3754191,0.0
2019-11-17,76.87,78.45,76.33,78.22,3197307,0.0
2019-11-18,78.2,78.3,76.915,77.17,2123411,0.0
2019-11-19,76.85,77.675,76.72,77.67,2260188,0.0
2019-11-20,77.84,77.94,77.36,77.71,1321579,0.0
2019-11-21,77.95,78.78,77.79,78.59,2418303,0.0
2019-11-24,78.74,78.87,77.59,78.01,2364522,0.0
2019-11-25,78,78.695,77.59,78.46,1934057,0.0
2019-11-26,78.47,79.3,78.45,78.99,1457103,0.0
2019-11-28,78.88,79.28,78.5,78.6,680804,0.0
2019-12-01,78.58,78.84,76.86,77.66,2423996,0.0
2019-12-02,77.45,78.06,76.81,78,1724937,0.0
2019-12-03,78.05,78.53,77.44,78.34,1451691,0.0
2019-12-04,78.07,78.2,76.895,76.98,2469747,0.0
2019-12-05,77.54,78,76.63,77.77,2512135,0.0
2019-12-08,77.7,77.9,75.3,75.88,3862139,0.0
2019-12-09,75.79,75.905,74.93,75.04,2815940,0.0
2019-12-10,75.26,75.41,74.31,74.63,2755264,0.0
2019-12-11,75.23,75.25,74.46,74.89,2515426,0.0
2019-12-12,74.97,75.54,74.65,75.48,2335366,0.0
2019-12-15,75.53,75.85,75.23,75.48,3003377,0.0
2019-12-16,75.45,75.7,75.02,75.49,2620223,0.0
2019-12-17,75.62,76.42,75.46,76.36,3144710,0.0
2019-12-18,76.04,77.55,76,77.22,2257862,0.0
2019-12-19,77.93,77.93,77.02,77.41,4103940,0.0
2019-12-22,77.47,77.56,76.92,76.95,1231360,0.0
2019-12-23,77.05,77.41,76.92,77.32,395727,0.0
2019-12-25,77.46,77.54,77.305,77.39,954818,0.0
2019-12-26,77.32,77.5,77.01,77.25,890124,0.0
2019-12-29,77.47,78.1,77.18,78.1,1713677,0.0
2019-12-30,77.94,78.44,77.78,78.41,1238852,0.0
2020-01-01,78.88,78.89,77.93,78.56,2459748,0.0
2020-01-02,78.06,78.43,77.47,78.2,1622447,0.0
2020-01-05,78.13,78.85,77.97,78.62,1327184,0.0
2020-01-06,78.57,79.51,78.25,78.92,2603250,0.0
2020-01-07,79.22,79.79,78.08,79.44,2385058,0.0
2020-01-08,79.77,80.33,79.4,79.805,2454139,0.0
2020-01-09,80.21,80.21,78.845,79,1645103,0.0
2020-01-12,79.17,79.56,78.89,79.4,1533379,0.0
2020-01-13,79.17,79.95,78.86,79.82,1584214,0.0
2020-01-14,79.86,80.48,79.62,80.31,1273805,0.0
2020-01-15,80.27,81.515,80.27,81.44,2204822,0.0
2020-01-16,81.95,82.24,81.57,82.16,2770729,0.0
2020-01-20,81.99,82.95,81.8,82.07,4900042,0.0
2020-01-21,82.14,83.03,82.07,82.49,2672600,0.0
2020-01-22,82.3,82.37,81.95,82.18,2903834,0.0
2020-01-23,82.29,82.59,81.33,81.58,2770014,0.0
2020-01-26,80.89,81.55,80.38,80.74,1525993,0.0
2020-01-27,81.08,82.3,80.93,81.65,1726296,0.0
2020-01-28,81.87,81.89,80.09,80.26,2259883,0.0
2020-01-29,79.59,81.05,79.58,80.95,2012524,0.0
2020-01-30,80.59,80.7917,79.16,79.18,2276292,0.0
2020-02-02,80.36,80.76,79.33,79.47,2121360,0.0
2020-02-03,80.15,81.89,79.23,81.52,4000058,0.0
2020-02-04,82.11,82.71,81.745,81.79,2111643,0.0
2020-02-05,82.13,83.08,82,82.79,2563650,0.0
2020-02-06,83.37,85.79,82.26,85.54,5451385,0.0
2020-02-09,85.41,85.65,84.38,84.56,2481894,0.0
2020-02-10,93.7,95.23,92.66,94.45,22050847,0.0
2020-02-11,94,96.27,93.9201,95.67,8354385,0.0
2020-02-12,95.39,96.15,94.7971,95.14,4940817,0.0
2020-02-13,95.26,96.615,95.02,96.5,2764390,0.0
2020-02-17,96.85,100.02,96.28,99.9,6251965,0.0
2020-02-18,101.15,101.35,99.64,100.47,5779376,0.0
2020-02-19,100.1,100.42,98.23,99.47,5526676,0.0
2020-02-20,98.97,99.49,96.62,98.57,9029481,0.0
2020-02-23,96.125,97.31,95.88,96.34,3890416,0.0
2020-02-24,96.56,97,94.45,94.54,4606387,0.0
2020-02-25,94.68,95.66,93.44,93.65,3995993,0.0
2020-02-26,92.83,93.32,91.16,91.17,5297407,0.0
2020-02-27,89.44,90.5,87.48,90.19,5921712,0.0
2020-03-01,90.28,93.36,88.98,93.32,4405545,0.0
2020-03-02,92.63,93.92,88.77,89.35,4929194,0.0
2020-03-03,90.43,93.96,90.25,93.87,4334089,0.0
2020-03-04,91.61,93.16,89.19,89.84,4203166,0.0
2020-03-05,86.1,88.275,85.42,87.85,10600588,0.0
2020-03-08,83.27,84.89,79.58,79.61,7074480,0.0
2020-03-09,81.98,85.01,80.205,84.95,6234216,0.0
2020-03-10,82.86,87.83,82.845,86.42,8100407,0.0
2020-03-11,82.02,85,76.41,76.765,8228929,0.0
2020-03-12,80.15,85.52,76.61,85.385,6449889,0.0
2020-03-15,78.34,80.55,74.84,76.53,11957122,0.0
2020-03-16,77.6,80.4,75.45,78.35,6953544,0.0
2020-03-17,74.6,76.1,63.5,75.91,18709666,0.0
2020-03-18,74.77,81.99,73.61,79.45,8159807,0.0
2020-03-19,80,82,73.16,74.57,6661389,0.0
2020-03-22,74.98,76.66,70.83,75.69,7406910,0.0
2020-03-23,78.5,79.71,75.83,78.71,5185104,0.0
2020-03-24,77.77,85.4699,77.75,79.16,5558544,0.0
2020-03-25,80,84.99,79.73,84.63,4254839,0.0
2020-03-26,82.54,83.9,81.02,81.72,3491558,0.0
2020-03-29,82.29,83.86,81.24,83.12,4545884,0.0
2020-03-30,83.04,84.75,81.98,83.91,4790783,0.0
2020-03-31,82.99,86.71,82.7,85.13,9490993,0.0
2020-04-01,85.05,88.52,84.02,84.24,10777296,0.0
2020-04-02,84.56,84.99,81.0406,81.93,5465263,0.0
2020-04-05,84.49,86.49,82.99,86.09,8346396,0.0
2020-04-06,87.66,87.91,85.17,86.37,3159637,0.0
2020-04-07,86.6,87.64,86,86.78,5128928,0.0
2020-04-08,86.88,87.75,84.93,85.91,4372896,0.0
2020-04-12,84.59,87.28,84.47,86.17,3166096,0.0
2020-04-13,87.35,89.94,86.4,89.62,6748782,0.0
2020-04-14,87.92,89.39,87.1,88.58,6767641,0.0
2020-04-15,89.11,90.58,88.07,90.34,9087545,0.0
2020-04-16,92.75,93.3,89.86,91,5675275,0.0
2020-04-19,89.58,91.73,89.05,89.95,4285603,0.0
2020-04-20,89.25,89.89,86.1,87.22,8421615,0.0
2020-04-21,89.88,90.62,88.28,90.18,7272870,0.0
2020-04-22,90.68,91.88,89.29,90.32,9971941,0.0
2020-04-23,90.39,91,89.01,90.8,4255851,0.0
2020-04-26,91.32,91.38,89.02,90.91,8422999,0.0
2020-04-27,91.24,91.41,87.8928,87.92,2548975,0.0
2020-04-28,89.04,90.03,87.97,89.29,2599352,0.0
2020-04-29,88.9,89.02,87.3,87.79,4467899,0.0
2020-04-30,87.74,88.11,85.81,86.21,2531526,0.0
2020-05-03,86.77,88.97,86.06,88.96,6618005,0.0
2020-05-04,88.78,89.77,88.44,88.97,2549758,0.0
2020-05-05,89.22,89.73,86.41,86.63,6305929,0.0
2020-05-06,90.35,95.4,90.2324,95.29,9827668,0.0
2020-05-07,96.64,98.77,95.03,98.58,8483540,0.0
2020-05-10,96.48,97.46,95.98,96.66,5666598,0.0
2020-05-11,96.18,96.665,94.55,94.63,2865945,0.0
2020-05-12,94.39,94.53,91.5,92.78,2949367,0.0
2020-05-13,92.54,95.07,92.16,94.9,3686065,0.0
2020-05-14,95.02,97.67,93.73,97.35,9224812,0.0
2020-05-17,98.16,102.73,98.07,101.89,5826026,0.0
2020-05-18,98.41,99.76,96.15,98.59,11395914,0.0
2020-05-19,99.14,99.8,97.8,98.11,8820488,0.0
2020-05-20,98.75,98.75,93,94.39,10295518,0.0
2020-05-21,94.54,96.72,94.35,95.8,9036968,0.0
2020-05-25,96.92,97.24,94.46,95.64,3326803,0.0
2020-05-26,95.66,98.17,95.06,97.2,3541357,0.0
2020-05-27,97.52,99.999,97.15,99.23,4658333,0.0
2020-05-28,99.27,100.4,97.32,100.02,5176021,0.0
2020-05-31,99.96,101,99.315,99.68,2275562,0.0
2020-06-01,98.66,100.5,98.51,100.45,2744849,0.0
2020-06-02,100.91,102.35,100.44,101.27,4427994,0.0
2020-06-03,101.54,101.6914,99.79,100.18,2129818,0.0
2020-06-04,101.3,102.965,100.5,101.22,3233203,0.0
2020-06-07,100.74,105.11,100.44,104.47,7433688,0.0
2020-06-08,102.18,103.54,101.77,103.19,7499938,0.0
2020-06-09,102.81,106.72,102.81,105.79,5339027,0.0
2020-06-10,104.51,105.31,100.74,100.88,12992540,0.0
2020-06-11,104.25,105.05,102.33,102.43,1088326,0.0
2020-06-14,101.32,105.19,100.727,104.68,2916745,0.0
2020-06-15,104,104,100.11,102.97,10274411,0.0
2020-06-16,103,104.8,102.34,102.62,2927284,0.0
2020-06-17,103.82,106.84,103.25,106.38,8162988,0.0
2020-06-18,107.34,109,106.39,107,5630639,0.0
2020-06-21,106.86,108.7,106.03,106.51,4405728,0.0
2020-06-22,103.7,110.46,103.5,107.17,18559928,0.0
2020-06-23,105.46,109.14,104.57,108.38,50554586,0.0
2020-06-24,109.78,111.58,108.51,110.17,28212971,0.0
2020-06-25,109.15,109.85,104.73,105.27,13865090,0.0
2020-06-28,105.79,106.26,103.95,105.98,8084376,0.0
2020-06-29,105.9,106.2,104,104.15,8239113,0.0
2020-06-30,105.68,106.25,103.85,106.14,8551280,0.0
2020-07-01,106.95,107.34,105.35,106.01,5841697,0.0
