Date,Open,High,Low,Close,Volume,OpenInterest
2016-07-13,223.13,224.94,221.05,221.43,2122291,0.0
2016-07-14,222.46,222.7499,219.64,220.39,1775149,0.0
2016-07-17,219.64,227.09,218.3,226.31,2789807,0.0
2016-07-18,225.01,229.1,224.75,225.26,2269268,0.0
2016-07-19,226.47,229.8,225,228.1191,2051631,0.0
2016-07-20,226,227.847,219.1,220.35,3567274,0.0
2016-07-21,221.99,224.5,218.88,222.26,2141372,0.0
2016-07-24,222.3,231.39,221.3715,230.13,3790758,0.0
2016-07-25,227.69,230,225.3,229.4,2535826,0.0
2016-07-26,229.33,233.36,226.92,228.46,2313094,0.0
2016-07-27,227.95,230.76,226.6,230.38,1842114,0.0
2016-07-28,230.7,235.28,230.24,234.725,2446427,0.0
2016-07-31,235.5,236.63,229.38,229.63,3346375,0.0
2016-08-01,229.37,229.87,221.4,227.14,3115823,0.0
2016-08-02,227.37,229.699,224.21,225.58,2719741,0.0
2016-08-03,225.69,230.86,222.05,230.62,3347420,0.0
2016-08-04,230,232,227.4,229.99,2468636,0.0
2016-08-07,228,229.6,226.09,226.17,1727448,0.0
2016-08-08,226.82,231.5375,226.65,229.03,1656670,0.0
2016-08-09,228.24,229.87,224.62,225.64,1815557,0.0
2016-08-10,226.17,227.57,223.41,224.9,1449490,0.0
2016-08-11,225.38,226.65,224.04,225.6,1248689,0.0
2016-08-14,226.03,229.5,224.93,225.59,1610710,0.0
2016-08-15,225.49,227.19,223.4101,223.71,1555817,0.0
2016-08-16,224.33,224.83,222.8,223.24,1405084,0.0
2016-08-17,223.82,225.66,222.29,223.52,1340265,0.0
2016-08-18,223.54,225.169,222.53,224.99,1235791,0.0
2016-08-21,224.17,225.11,222.68,222.99,1295704,0.0
2016-08-22,224.32,228.49,222.8,224.54,4054644,0.0
2016-08-23,227,227.15,222.22,222.71,1935123,0.0
2016-08-24,223.11,223.8,220.77,220.91,1401679,0.0
2016-08-25,222.03,222.855,218.82,220,1825075,0.0
2016-08-28,220.15,220.4,215,215.2,2698396,0.0
2016-08-29,215.31,216.11,210.52,211.34,2533617,0.0
2016-08-30,211.31,212.6,208.65,211.95,2217048,0.0
2016-08-31,209.01,211.0999,200.5,200.77,6685294,0.0
2016-09-01,203,203.2,196.2,197.78,4832382,0.0
2016-09-05,199.02,203.25,199,202.82,3442023,0.0
2016-09-06,205.5,206.4968,200.71,201.7,2614992,0.0
2016-09-07,199.73,199.89,196.36,197.49,2614970,0.0
2016-09-08,198.61,199.92,193.7,194.47,3031990,0.0
2016-09-11,195.39,201.369,194.1,198.28,2873818,0.0
2016-09-12,197.06,198.49,193.45,196.05,2916758,0.0
2016-09-13,195.99,197.9248,194.8562,196.49,1567008,0.0
2016-09-14,196.48,202.5193,196.4,200.24,2185735,0.0
2016-09-15,200.15,205.7,199,205.4,2161229,0.0
2016-09-18,207,209.43,205,206.34,1830197,0.0
2016-09-19,206.85,207.75,203.91,204.52,1629068,0.0
2016-09-20,206.24,207,201.56,205.2,2030694,0.0
2016-09-21,206.4,207.28,203,206.28,1907075,0.0
2016-09-22,205.99,210.18,205.67,207.45,2136818,0.0
2016-09-25,206.5,211,206.5,209.03,1658334,0.0
2016-09-26,209.65,209.9818,204.6093,205.89,2295358,0.0
2016-09-27,207.58,208.25,205.26,206.27,1353461,0.0
2016-09-28,205.6,207.33,200.58,200.7,2182820,0.0
2016-09-29,202.42,204.98,199.55,204.01,1963389,0.0
2016-10-02,212.3,215.6688,208.25,213.6575,5086498,0.0
2016-10-03,213.1,213.32,208.82,211.4,2967767,0.0
2016-10-04,212.24,213.15,208.12,208.45,1539157,0.0
2016-10-05,202.46,204.2099,200.21,201.09,3888771,0.0
2016-10-06,201,201.32,195.8,196.59,2877131,0.0
2016-10-09,201.35,204.14,199.66,200.92,2753023,0.0
2016-10-10,201.85,202.2,198.31,200.06,1935879,0.0
2016-10-11,200.95,203.88,200.42,201.5,1623741,0.0
2016-10-12,200.5,200.895,197.05,200.215,1812418,0.0
2016-10-13,200.66,201.43,196.3,196.51,3144844,0.0
2016-10-16,197.05,198.39,192,194.08,3265028,0.0
2016-10-17,195.99,199.47,193.26,199.1,4446415,0.0
2016-10-18,199.74,206.66,198.06,203.66,5548344,0.0
2016-10-19,202.12,203,197.05,199.12,4164688,0.0
2016-10-20,198.6,201.57,197.41,200.09,2189476,0.0
2016-10-23,201,203.9452,200.25,202.76,2269753,0.0
2016-10-24,202.9,204.69,201.2,202.37,1862938,0.0
2016-10-25,201,203.19,200.1,202.34,2623373,0.0
2016-10-26,211.34,213.7,201.65,204.01,11240917,0.0
2016-10-27,204,205.32,199.83,200.08,3694654,0.0
2016-10-30,202.49,202.49,195.81,197.72,3630341,0.0
2016-10-31,198.04,198.5,188.105,190.82,5760928,0.0
2016-11-01,190.05,192.6951,187.505,188.03,3498961,0.0
2016-11-02,189.01,191.47,187.0401,187.42,2113497,0.0
2016-11-03,189,193.46,185.96,190.56,4269185,0.0
2016-11-06,193.59,194.29,190.05,193.19,3219145,0.0
2016-11-07,193.51,197.49,191.26,194.93,2699201,0.0
2016-11-08,186.94,192,183.95,190.07,6623183,0.0
2016-11-09,191.05,191.61,180.42,185.35,5556171,0.0
2016-11-10,184.24,188.88,183,188.57,3375200,0.0
2016-11-13,188,188.25,178.19,181.42,5560643,0.0
2016-11-14,182.78,186.43,182.05,183.77,3302754,0.0
2016-11-15,182.65,184.73,181.21,183.93,2699732,0.0
2016-11-16,183.49,189.49,182.1101,188.73,3527119,0.0
2016-11-17,190.63,193,185,185.02,4366508,0.0
2016-11-20,185.04,188.89,184.41,184.7,3268089,0.0
2016-11-21,185.84,191.47,183.71,191.16,4600001,0.0
2016-11-22,190.61,195.644,189,193.2013,4062465,0.0
2016-11-24,193.64,197.2372,193.64,196.5455,1974473,0.0
2016-11-27,195.48,199.35,194.55,196.12,3801913,0.0
2016-11-28,195.56,196.73,189.5,189.57,3721885,0.0
2016-11-29,191,191.89,187.5,189.39,2834260,0.0
2016-11-30,188.25,188.53,181,181.87,4253608,0.0
2016-12-01,182.88,184.88,180,181.45,3307965,0.0
2016-12-04,182.51,188.89,182.51,186.71,3288285,0.0
2016-12-05,185.52,186.58,182.6825,185.83,2863731,0.0
2016-12-06,186.19,193.4,185,193.14,4597789,0.0
2016-12-07,192.05,192.5,189.54,192.28,2639562,0.0
2016-12-08,190.87,193.836,190.81,192.18,2166361,0.0
2016-12-11,192.8,194.42,191.04,192.42,2023870,0.0
2016-12-12,193.18,201.28,193,198.15,5822131,0.0
2016-12-13,198.74,203,196.76,198.69,3567950,0.0
2016-12-14,198.41,200.74,197.39,197.58,2684751,0.0
2016-12-15,198.08,202.59,197.6,202.49,2989588,0.0
2016-12-18,202.47,204.45,199.84,202.73,2943402,0.0
2016-12-19,203.05,209,202.5,208.77,4027564,0.0
2016-12-20,208.45,212.23,207.41,207.71,4576777,0.0
2016-12-21,208.23,209.99,206.5,208.44,2654471,0.0
2016-12-22,208,213.45,207.71,213.35,3769106,0.0
2016-12-26,214.88,222.25,214.42,219.53,4840248,0.0
2016-12-27,221.53,223.8,217.2,219.73,3163216,0.0
2016-12-28,218.56,219.2,214.1225,214.65,3488636,0.0
2016-12-29,216.3,217.5,211.68,213.72,3943927,0.0
2017-01-02,215.3,220.33,210.96,216.98,4802025,0.0
2017-01-03,214.75,228,214.31,226.98,9642856,0.0
2017-01-04,226.42,227.48,221.95,226.75,5099844,0.0
2017-01-05,226.93,230.31,225.45,229.01,4744632,0.0
2017-01-08,228.97,231.92,228,231.25,3298611,0.0
2017-01-09,232,232,226.89,229.75,3098465,0.0
2017-01-10,229.07,229.98,226.68,229.74,3005942,0.0
2017-01-11,229.06,230.7,225.58,229.58,3144888,0.0
2017-01-12,230,237.85,229.59,237.75,5291841,0.0
2017-01-16,236.7,239.96,234.37,235.75,3910024,0.0
2017-01-17,236.65,239.71,235.58,238.35,3183542,0.0
2017-01-18,247.25,248.68,240.75,243.76,6440125,0.0
2017-01-19,245.46,246,243.01,244.67,3056313,0.0
2017-01-22,245.85,250.8899,245.5,248.92,5090026,0.0
2017-01-23,250,254.8,249.65,254.59,4048868,0.0
2017-01-24,257.31,258.46,251.8,254.35,4231772,0.0
2017-01-25,254.29,255.74,250.75,252.49,2568741,0.0
2017-01-26,251.45,253,248.52,252.96,2550746,0.0
2017-01-29,252.53,255.2899,247.1,250.62,3133290,0.0
2017-01-30,249.24,255.89,247.7,251.99,3418345,0.0
2017-01-31,253.05,253.2,249.05,249.23,3328153,0.0
2017-02-01,248.34,252.42,247.71,251.54,2069074,0.0
2017-02-02,251.91,252.15,249.68,251.33,1602109,0.0
2017-02-05,251,257.82,250.63,257.77,2964419,0.0
2017-02-06,258.19,260,256.42,257.46,3407375,0.0
2017-02-07,257.35,263.36,256.2,261.98,3255029,0.0
2017-02-08,266.25,271.18,266.15,269.2,6386079,0.0
2017-02-09,269.79,270.95,266.11,269.19,3031517,0.0
2017-02-12,270.74,280.7899,270.51,280.6,6027207,0.0
2017-02-13,279.03,287.39,278.61,280.7657,6223028,0.0
2017-02-14,280,282.24,276.44,279.71,4107302,0.0
2017-02-15,277.52,280,268.5,268.95,5812719,0.0
2017-02-16,265.8,272.89,264.15,272.23,5261749,0.0
2017-02-20,275.45,281.4,274.0101,277.38,4607159,0.0
2017-02-21,280.31,283.45,272.6,273.49,6341796,0.0
2017-02-22,264,264.66,255.56,256,12171991,0.0
2017-02-23,252.25,258.25,250.2,257,6944383,0.0
2017-02-26,248.17,248.36,242.01,246.15,9576535,0.0
2017-02-27,244.02,251,243.9,249.99,5029562,0.0
2017-02-28,254.11,254.85,249.11,250.01,3928600,0.0
2017-03-01,249.71,253.28,248.27,250.47,2875091,0.0
2017-03-02,250.74,251.9,249,251.55,2477498,0.0
2017-03-05,248.49,251.7,247.51,251.29,2843497,0.0
2017-03-06,251.92,253.89,248.32,248.64,2826170,0.0
2017-03-07,246.92,250.07,245.32,246.83,3110900,0.0
2017-03-08,247.92,248.66,243,244.9,3288383,0.0
2017-03-09,246.21,246.5,243,243.69,2593997,0.0
2017-03-12,244.37,246.85,242.781,246.16,2399338,0.0
2017-03-13,246.11,258.12,246.02,258.05,6604991,0.0
2017-03-14,257.03,261,254.27,255.77,4058131,0.0
2017-03-15,262.4,265.75,259.06,262.08,5812109,0.0
2017-03-16,263.73,265.33,261.2,261.29,4845199,0.0
2017-03-19,260.6,264.55,258.821,261.92,3022377,0.0
2017-03-20,262.83,264.8,250.24,250.68,5939466,0.0
2017-03-21,251.56,255.07,250.51,255.02,3214367,0.0
2017-03-22,255.35,257.672,253.3,254.78,2740089,0.0
2017-03-23,255.7,263.89,255.01,263.16,4837083,0.0
2017-03-26,260.6,270.57,259.75,270.22,5209819,0.0
2017-03-27,277.02,280.68,275,277.41,6371172,0.0
2017-03-28,278.5,279.6,275.54,277.37,3024587,0.0
2017-03-29,278.02,282,277.21,277.78,3517594,0.0
2017-03-30,278.73,279.68,276.3197,278.31,2643446,0.0
2017-04-02,286.9,299,284.58,298.52,11595010,0.0
2017-04-03,297.28,304.81,294.53,303.68,8426564,0.0
2017-04-04,302,304.88,294.2,295,6446102,0.0
2017-04-05,296.8,301.94,294.1,298.69,4587516,0.0
2017-04-06,297.5,302.69,297.15,302.54,3642579,0.0
2017-04-09,309.15,313.7299,308.71,312.39,6270234,0.0
2017-04-10,313.38,313.47,305.5,308.67,4728639,0.0
2017-04-11,306.34,308.4481,296.32,296.84,5027726,0.0
2017-04-12,296.7,307.39,295.3,304.28,8088452,0.0
2017-04-16,302.7,304,298.68,301.38,3419332,0.0
2017-04-17,299.7,300.8399,297.9,300.26,2454117,0.0
2017-04-18,302.46,306.62,302.11,305.54,3144593,0.0
2017-04-19,306.58,309.15,300.23,302.51,5132214,0.0
2017-04-20,302,306.4,300.42,305.6,3723039,0.0
2017-04-23,309.3,310.55,306.0215,307.93,4233184,0.0
2017-04-24,308,313.98,305.86,313.8,5538025,0.0
2017-04-25,312.35,314.5,309,310.17,3523245,0.0
2017-04-26,311.69,313.09,307.5,308.65,2900610,0.0
2017-04-27,309.49,314.8,308,314,3791221,0.0
2017-04-30,314.88,327.25,314.81,322.84,6816155,0.0
2017-05-01,324.01,327.6599,316.5601,318.9,4308795,0.0
2017-05-02,317.67,321.53,310.45,310.78,5152573,0.0
2017-05-03,307.435,307.77,290.7601,295.36,11653966,0.0
2017-05-04,298,308.55,296.8,308.35,6695227,0.0
2017-05-07,310.6,313.79,305.82,307.2,5969091,0.0
2017-05-08,309.38,321.99,309.1,321.27,8158739,0.0
2017-05-09,321.56,325.4,318.12,325.22,4754047,0.0
2017-05-10,323.4,326,319.6,323.07,3902094,0.0
2017-05-11,325.48,327,321.53,324.81,3451569,0.0
2017-05-14,318.12,320.2,312.53,315.88,6216856,0.0
2017-05-15,317.59,320.06,315.14,317.01,3414800,0.0
2017-05-16,314.54,314.62,305.5,306,5504493,0.0
2017-05-17,307,313.94,305.31,313.0599,4717688,0.0
2017-05-18,315.5,316.5,310.2,310.74,3815323,0.0
2017-05-21,312.64,314.37,306.8,310.3,3496532,0.0
2017-05-22,310.46,310.73,303.48,303.86,3480878,0.0
2017-05-23,306.51,311,305.4,310.22,4143315,0.0
2017-05-24,311.02,316.97,307.81,316.83,3997385,0.0
2017-05-25,317.28,325.49,316.31,325.05,6515433,0.0
2017-05-29,326,336.28,325.76,335.12,6499423,0.0
2017-05-30,337.69,342.89,335.16,341.01,8326954,0.0
2017-05-31,344,344.88,337.29,340.29,6057650,0.0
2017-06-01,339.77,342.88,335.93,339.85,4500624,0.0
2017-06-04,338.5,348.44,334.21,347.32,5684288,0.0
2017-06-05,344.95,359.4929,344.66,352.8,9465968,0.0
2017-06-06,356.3,360.5,355.14,359.55,7850542,0.0
2017-06-07,363.75,371.9,360.22,370.01,7489685,0.0
2017-06-08,374.42,376.87,354.8,357.45,14323526,0.0
2017-06-11,357.99,364.5,350.62,358.99,8528936,0.0
2017-06-12,367.67,376,366.61,375.95,9720070,0.0
2017-06-13,381.085,384.25,376.31,380.6599,10303555,0.0
2017-06-14,372.5,375.46,366.49,375.34,8585072,0.0
2017-06-15,377.78,378.01,370.1,371.4,4691654,0.0
2017-06-18,375,376.7,367.8,369.8,5034089,0.0
2017-06-19,376.67,378.88,369.73,372.24,5606828,0.0
2017-06-20,374.35,376.99,368.02,376.4,3870166,0.0
2017-06-21,377.99,385,373.57,382.61,6198923,0.0
2017-06-22,382.45,386.99,379.345,383.23,4952152,0.0
2017-06-25,386.49,386.95,373.1,377.47,5351853,0.0
2017-06-26,376.4,376.4,362.02,362.36,5478243,0.0
2017-06-27,367.56,371.74,362.52,371.01,5088420,0.0
2017-06-28,370.61,371,354.1,360.8899,6701532,0.0
2017-06-29,363.71,366.7674,359.6187,361.73,4439325,0.0
2017-07-02,370.24,371.35,351.5,352.52,5096067,0.0
2017-07-04,347.2,347.24,326.33,327,13537640,0.0
2017-07-05,317.31,320.7899,306.3,308.72,15183238,0.0
2017-07-06,313.5,317,307.38,313.15,11077477,0.0
2017-07-09,312.9,317.94,303.13,315.97,11334414,0.0
2017-07-10,316,327.28,314.3,327.19,9402281,0.0
2017-07-11,330.4,333.1,324.5,329.4,8253022,0.0
2017-07-12,330.11,331.6,319.97,323.29,6894041,0.0
2017-07-13,323.19,328.42,321.22,327.67,4544717,0.0
2017-07-16,325.57,327.1,313.45,319.4,7931645,0.0
2017-07-17,317.41,329.13,315.66,328.22,5080361,0.0
2017-07-18,328.23,331.65,323.2193,325.25,5001769,0.0
2017-07-19,326.9,330.22,324.2,329.8,4041558,0.0
2017-07-20,329.68,331.2575,325.8,328.24,3841524,0.0
2017-07-23,330.24,343.399,330.01,342.14,7036023,0.0
2017-07-24,345,345.6,334.15,339.58,5583746,0.0
2017-07-25,340.36,345.5,338.12,343.75,3895849,0.0
2017-07-26,346,347.5,326.29,334.4,6579454,0.0
2017-07-27,336.89,339.6,332.51,334.88,3811165,0.0
2017-07-30,335.5,341.49,321.04,323.34,6902577,0.0
2017-07-31,323,324.45,316.13,319.55,6852941,0.0
2017-08-01,318.94,327.12,311.22,325.83,7918504,0.0
2017-08-02,346.78,350,343.15,347.0772,10612835,0.0
2017-08-03,347,357.27,343.3,357.0026,7720898,0.0
2017-08-06,357.35,359.48,352.75,355.17,4863457,0.0
2017-08-07,357.53,368.58,357.4,365.27,5944586,0.0
2017-08-08,361,370,358.95,363.64,5538957,0.0
2017-08-09,362,366.6504,354.66,355.4,5778816,0.0
2017-08-10,356.97,361.26,353.62,357.87,3447797,0.0
2017-08-13,364.63,367.66,362.6,363.8,3538601,0.0
2017-08-14,365.2,365.49,359.37,362.23,2333895,0.0
2017-08-15,363,366.5,362.52,362.91,2514861,0.0
2017-08-16,361.21,363.3,351.59,351.85,3857611,0.0
2017-08-17,352.91,354,345.8,347.51,4183304,0.0
2017-08-20,345.82,345.82,331.85,337.87,5296598,0.0
2017-08-21,341.13,342.24,337.3725,341.27,3452022,0.0
2017-08-22,338.99,353.49,338.3041,352.75,3877048,0.0
2017-08-23,352.52,356.66,349.74,352.94,3443495,0.0
2017-08-24,354.24,355.69,347.3,347.99,2725329,0.0
2017-08-27,347.28,347.35,339.72,345.66,2803519,0.0
2017-08-28,339.48,349.05,338.75,347.24,3011443,0.0
2017-08-29,349.5,353.47,347,353.13,2532388,0.0
2017-08-30,353.55,358.44,352.82,355.89,3003526,0.0
2017-08-31,356.12,357.59,353.6902,355.22,2348531,0.0
2017-09-04,353.8,355.49,345.89,349.5,2988355,0.0
2017-09-05,349.5,350.979,341.56,344.66,3169161,0.0
2017-09-06,345.98,352.48,343.45,350.61,3315135,0.0
2017-09-07,348.99,349.78,342.3,343.3,2507714,0.0
2017-09-10,351.35,363.71,350,363.68,6066237,0.0
2017-09-11,364.49,368.76,360.4,362.71,4620028,0.0
2017-09-12,363.82,368.07,359.59,366.0601,3257417,0.0
2017-09-13,364.33,377.96,362.63,377.44,5637380,0.0
2017-09-14,374.51,380,372.7,379.81,4064278,0.0
2017-09-17,380.25,389.61,377.68,384.61,5719442,0.0
2017-09-18,380,382.39,373.57,374.82,4812570,0.0
2017-09-19,373.01,378.249,371.07,373.9,3923400,0.0
2017-09-20,374.9,376.83,364.51,366.43,3801248,0.0
2017-09-21,366.49,369.8999,350.88,351,6565305,0.0
2017-09-24,353.15,357.469,342.88,344.88,6161128,0.0
2017-09-25,350.93,351.24,340.9,345.25,5200640,0.0
2017-09-26,349.1,351.489,340.5,340.99,4774927,0.0
2017-09-27,339.88,342.75,335.4,339.52,4054450,0.0
2017-09-28,341.86,344.68,338.601,341.02,4033082,0.0
2017-10-01,342.66,343.7,335.51,341.45,3857224,0.0
2017-10-02,335.9,348.55,331.28,348.14,8114832,0.0
2017-10-03,351.25,358.62,349.6,354.9887,6556064,0.0
2017-10-04,356,357.435,351.35,355.14,3177266,0.0
2017-10-05,353.1,360.0992,352.25,356.834,3304223,0.0
2017-10-08,349.65,351.75,342.67,342.84,5908251,0.0
2017-10-09,346.8,355.63,345.5305,355.6,5503068,0.0
2017-10-10,353.89,357.6,351.15,354.6,3524960,0.0
2017-10-11,352.95,359.78,352.64,355.65,3171755,0.0
2017-10-12,356.98,358.49,353.68,355.49,2760249,0.0
2017-10-15,353.76,354.48,347.16,350.46,3721305,0.0
2017-10-16,350.91,356.22,350.07,355.73,2562294,0.0
2017-10-17,355.97,363,354.13,359.72,3851708,0.0
2017-10-18,355.56,357.1465,348.2,351.81,3929322,0.0
2017-10-19,352.36,354.55,344.34,345.1,3819329,0.0
2017-10-22,349.88,349.95,336.25,337.06,4452792,0.0
2017-10-23,338.8,342.8,336.16,337.33,3214375,0.0
2017-10-24,336.7,337.5,323.56,325.76,5530087,0.0
2017-10-25,327.78,330.23,323.2,326.1,3888568,0.0
2017-10-26,319.75,324.59,316.66,320.8726,5212502,0.0
2017-10-29,319.18,323.78,317.25,320.035,3268148,0.0
2017-10-30,320.23,331.95,320.18,331.52,4257246,0.0
2017-10-31,332.25,332.6089,320.26,321.1,5354564,0.0
2017-11-01,300.04,308.69,292.63,299.24,15307224,0.0
2017-11-02,299.34,306.25,295.13,306.09,7020744,0.0
2017-11-05,307,307.5,299.01,302.7,4871851,0.0
2017-11-06,300.46,306.5,300.03,306.03,4112299,0.0
2017-11-07,305.08,306.89,301.3001,304.31,3819535,0.0
2017-11-08,302.5,304.46,296.3,302.98,4251953,0.0
2017-11-09,302.5,308.36,301.85,302.92,3603353,0.0
2017-11-12,300.13,316.8,299.11,315.4,6019636,0.0
2017-11-13,314.43,316.35,306.9,308.7,4567972,0.0
2017-11-14,306.01,312.49,301.5,311.25,4800540,0.0
2017-11-15,313.99,318.14,311.3,312.5,4394695,0.0
2017-11-16,325.85,326.67,313.15,314.97,10617355,0.0
2017-11-19,313.79,315.5,304.75,308.72,6763053,0.0
2017-11-20,310.85,318.23,308.71,317.8,5932102,0.0
2017-11-21,316.77,317.42,311.84,312.63,4056694,0.0
2017-11-23,313.79,316.41,311,315.54,2542006,0.0
2017-11-26,313.25,317.34,309.51,316.74,3647104,0.0
2017-11-27,316.36,320,313.92,317.61,3892462,0.0
2017-11-28,317.3,318,301.23,307.55,6661572,0.0
2017-11-29,308.56,310.7,304.54,308.95,3399245,0.0
2017-11-30,305.44,310.32,305.05,306.53,3411656,0.0
2017-12-03,306.51,308.265,300.61,305.23,4799442,0.0
2017-12-04,302,308,301,303.7,3214323,0.0
2017-12-05,300.1,313.39,300,313.27,5068966,0.0
2017-12-06,312,318.6341,311.05,311.26,3613123,0.0
2017-12-07,314.6,316.98,311.26,315.06,2716500,0.0
2017-12-10,314.4,329.01,313.75,328.9,6211418,0.0
2017-12-11,328.91,341.44,328.91,340.94,6942459,0.0
2017-12-12,340.89,344.22,336.5,339.03,4866385,0.0
2017-12-13,341.01,347.44,336.9,337.88,4593703,0.0
2017-12-14,342.04,343.9,335.76,343.43,4773155,0.0
2017-12-17,344.9,346.73,337.58,338.81,4347227,0.0
2017-12-18,340.26,341.4925,330.3,330.99,4798681,0.0
2017-12-19,332.69,333.1,325.04,328.903,4733693,0.0
2017-12-20,329.59,333.74,327.21,331.6,3257662,0.0
2017-12-21,329.51,330.9214,324.82,325.19,3338119,0.0
2017-12-25,323.83,323.84,316.58,317.29,3409752,0.0
2017-12-26,316.39,317.5,310.75,311.63,3715413,0.0
2017-12-27,311.91,315.82,309.54,315.36,3508181,0.0
2017-12-28,316.18,316.41,310,311.4,2971236,0.0
2018-01-01,312.18,322.1099,311,320.29,3322648,0.0
2018-01-02,321,325.25,315.55,317.01,3232166,0.0
2018-01-03,312.87,318.55,305.68,314.62,7428996,0.0
2018-01-04,316.62,317.24,312,316.55,3563882,0.0
2018-01-07,316,337.0199,315.5,336.41,7721537,0.0
2018-01-08,335.16,338.8,327.405,333.69,5589529,0.0
2018-01-09,332.2,337,330,334.72,2989825,0.0
2018-01-10,335.24,344.8099,333.26,337.93,5333809,0.0
2018-01-11,338.63,340.41,333.67,336.22,3787311,0.0
2018-01-15,337.54,345,334.8,340.04,4636745,0.0
2018-01-16,340.47,349,339.75,347.1,5127104,0.0
2018-01-17,345.67,352.3,343.74,344.51,4323708,0.0
2018-01-18,345,350.5899,342.6,349.965,3720984,0.0
2018-01-21,349.44,357.83,349.2,351.6,4720515,0.0
2018-01-22,359.99,360.5,351,352.8,4165448,0.0
2018-01-23,354.58,354.75,343.52,345.92,4076622,0.0
2018-01-24,348.27,349.2,336.4,337.55,5265180,0.0
2018-01-25,341.5,344,335.71,342.7001,3376888,0.0
2018-01-28,339.85,350.85,338.28,349.339,3565674,0.0
2018-01-29,345.14,348.27,342.17,345.82,3087924,0.0
2018-01-30,347.51,356.19,345.19,354.46,4046230,0.0
2018-01-31,351,359.66,348.63,349.25,3065835,0.0
2018-02-01,348.44,351.95,340.51,343.75,2730271,0.0
2018-02-04,337.97,344.47,333,333.15,3124163,0.0
2018-02-05,325.21,336.22,323.5,333.97,3703402,0.0
2018-02-06,338.83,346,335.66,344.77,4422730,0.0
2018-02-07,343.31,348.62,314.6,315.45,7979932,0.0
2018-02-08,319.93,320.9845,294.76,310.42,10347220,0.0
2018-02-11,316.13,318.08,306.25,315.71,4772388,0.0
2018-02-12,315.25,324.19,312.5105,323.5,3494490,0.0
2018-02-13,320.84,326.17,318.52,322.2229,2944477,0.0
2018-02-14,324.5,334.12,322.4,334.12,4555687,0.0
2018-02-15,332.5,343.12,331.64,335.49,4446403,0.0
2018-02-19,334.47,340.84,331.5,334.76,3094086,0.0
2018-02-20,336,339.6929,333.17,333.38,2440745,0.0
2018-02-21,336.26,347.44,334.7501,346.32,5347283,0.0
2018-02-22,347.83,354.99,347.1,352.04,4492472,0.0
2018-02-25,353.5,359,352.355,357.35,3420794,0.0
2018-02-26,356.25,359.99,350.01,350.97,3646245,0.0
2018-02-27,352.57,355.24,342.22,343.1,4904777,0.0
2018-02-28,345.05,348.67,330.07,330.93,5382106,0.0
2018-03-01,326.98,335.22,322.97,335.12,3920878,0.0
2018-03-04,332.39,337.75,329.2929,333.3,2935723,0.0
2018-03-05,333.75,336.37,327.03,328.22,3302920,0.0
2018-03-06,325.44,332.5,321.74,332.32,3861616,0.0
2018-03-07,332.86,333.3,326.274,328.92,2666859,0.0
2018-03-08,324.11,328.49,322.37,327.22,4085896,0.0
2018-03-11,328.61,347.21,326.5,345.41,6269377,0.0
2018-03-12,344.92,345.12,336.2635,341.84,4635102,0.0
2018-03-13,336.76,339.81,323.93,326.65,6121576,0.0
2018-03-14,329.38,332.85,321.1,325.6,4890545,0.0
2018-03-15,325.96,327.4,319.07,321.3,4791833,0.0
2018-03-18,316.5,320.75,309.67,313.57,5808312,0.0
2018-03-19,314.87,316.25,308.76,310.55,3510966,0.0
2018-03-20,310.25,322.44,310.19,316.53,4703751,0.0
2018-03-21,313.89,318.82,308.18,309.0766,3470601,0.0
2018-03-22,311.25,311.61,300.45,301.55,4974345,0.0
2018-03-25,307.34,307.59,291.36,304.15,6332061,0.0
2018-03-26,304,304.27,277.18,279.22,10483456,0.0
2018-03-27,264.58,268.68,252.1,257.79,15762642,0.0
2018-03-28,256.49,270.9599,248.21,266.14,11508578,0.0
2018-04-01,256.26,260.3318,244.5901,252.52,12608082,0.0
2018-04-02,269.82,273.35,254.49,267.53,14345220,0.0
2018-04-03,253.12,288.37,252,286.97,15846298,0.0
2018-04-04,288.51,306.26,288.2,305.71,14901287,0.0
2018-04-05,301,309.28,295.5,299.58,10551547,0.0
2018-04-08,300.84,309.5,289.21,289.7105,8014709,0.0
2018-04-09,298.79,307.1,293.68,304.7,8414253,0.0
2018-04-10,300.7403,308.98,299.66,301.02,5393338,0.0
2018-04-11,302.32,303.95,293.68,294.06,5615534,0.0
2018-04-12,303.6,303.9499,295.98,300.3,5409837,0.0
2018-04-15,299,299.66,289.01,291.26,4965629,0.0
2018-04-16,288.87,292.17,282.51,287.69,5369769,0.0
2018-04-17,291.08,300.24,288.16,293.35,5167869,0.0
2018-04-18,291.08,301.01,288.55,300.09,4610764,0.0
2018-04-19,294.9,299.98,289.75,290.24,4202631,0.0
2018-04-22,291.29,291.62,282.33,283.34,3850712,0.0
2018-04-23,285,287.09,278.46,283.69,4369135,0.0
2018-04-24,283.5,285.16,277.25,280.79,2985097,0.0
2018-04-25,278.75,285.79,276.5,285.49,3344842,0.0
2018-04-26,285.37,294.47,283.83,294.1499,3274534,0.0
2018-04-29,293.61,298.73,292.5,293.9,3189144,0.0
2018-04-30,293.51,300.82,293.22,299.32,3115134,0.0
2018-05-01,298.52,306.85,297.7844,301.22,5594548,0.0
2018-05-02,278.79,288.04,275.23,284.44,12470042,0.0
2018-05-03,283,296.86,279.52,293.98,6445350,0.0
2018-05-06,297.5,305.9588,295.17,302.75,6529636,0.0
2018-05-07,300.7953,307.75,299,302,4629558,0.0
2018-05-08,300.41,307.01,300.05,306.9042,4343251,0.0
2018-05-09,307.4997,312.99,304.1119,304.95,4336497,0.0
2018-05-10,307.7,308.88,299.08,301.03,3445070,0.0
2018-05-13,303.32,304.94,291.62,291.89,5465499,0.0
2018-05-14,285.01,286.96,280.5,284.25,7097869,0.0
2018-05-15,283.83,288.81,281.56,286.47,4294590,0.0
2018-05-16,286.2,289.1873,283.97,284.46,3350982,0.0
2018-05-17,284.65,284.65,274,276.89,5495237,0.0
2018-05-20,281.33,291.49,281.3,284.47,6748639,0.0
2018-05-21,287.75,288,273.422,275.01,6935133,0.0
2018-05-22,277.76,279.9099,274,279.06,4492951,0.0
2018-05-23,278.4,281.11,274.89,277.85,3200888,0.0
2018-05-24,277.58,279.64,275.61,278.8707,2934960,0.0
2018-05-28,278.51,286.5,276.15,283.68,4525548,0.0
2018-05-29,283.29,295.005,281.6,291.81,5748874,0.0
2018-05-30,287.21,290.37,282.93,284.72,4258536,0.0
2018-05-31,285.86,291.95,283.839,291.7284,3961006,0.0
2018-06-03,294.34,299,293.548,296.67,3636954,0.0
2018-06-04,297.7,297.8,286.74,291.13,4360845,0.0
2018-06-05,300.5,322.17,297.48,319.44,14504077,0.0
2018-06-06,316.09,330,313.58,316.02,11477605,0.0
2018-06-07,318.82,324.48,317.15,317.66,6378664,0.0
2018-06-10,322.51,334.66,322.5,332.11,10510399,0.0
2018-06-11,344.7,354.97,338,342.73,17456707,0.0
2018-06-12,346.18,347.2,339.8,344.76,7154803,0.0
2018-06-13,347.63,358.75,346.6,357.72,8583390,0.0
2018-06-14,353.84,364.67,351.25,358.12,7852316,0.0
2018-06-17,355.4,373.73,354.5,370.83,9148207,0.0
2018-06-18,365.16,370,346.25,352.58,10086894,0.0
2018-06-19,358.37,364.38,352,361.85,6380117,0.0
2018-06-20,362,366.2139,346.27,347.5,6148690,0.0
2018-06-21,351.54,352.25,332,333.63,7561927,0.0
2018-06-24,330.12,338.47,327.5,333.19,5159101,0.0
2018-06-25,336.054,343.55,325.799,342,5703308,0.0
2018-06-26,345,350.79,339.5,344.55,6573386,0.0
2018-06-27,348.66,357.02,346.11,349.98,6494636,0.0
2018-06-28,353.33,353.86,342.41,342.89,4863522,0.0
2018-07-01,360.28,364.78,329.85,335.07,14936701,0.0
2018-07-02,331.91,332.49,309.69,310.9247,9605990,0.0
2018-07-04,313.76,314.39,296.22,309.11,13989015,0.0
2018-07-05,304.9545,312.07,302,308.91,7097253,0.0
2018-07-08,311.8553,318.52,308,318.29,5743049,0.0
2018-07-09,324.56,327.6771,319.2,322.37,7098726,0.0
2018-07-10,315.8,321.94,315.07,318.9,3737257,0.0
2018-07-11,321.43,323.23,312.77,316.72,4399037,0.0
2018-07-12,315.58,319.5849,309.25,318.8,4785549,0.0
2018-07-15,311.71,315.16,306.25,310.19,6151554,0.0
2018-07-16,308.81,324.74,308.5,322.67,5459321,0.0
2018-07-17,325,325.5,316.25,324,4352952,0.0
2018-07-18,316.33,323.54,314.01,320.23,4659445,0.0
2018-07-19,321.23,323.24,311.7093,313.57,4065299,0.0
2018-07-22,301.84,305.5,292.8601,303.2,8204781,0.0
2018-07-23,304.4209,307.7171,292.5452,297.42,7452588,0.0
2018-07-24,296.74,309.62,294.5025,308.73,5567873,0.0
2018-07-25,304.85,310.7,303.6411,306.35,3519786,0.0
2018-07-26,307.25,307.6933,295.3404,297.19,4277023,0.0
2018-07-29,295.9,296.1,286.13,290.18,5158301,0.0
2018-07-30,292.25,298.32,289.07,298.15,3748147,0.0
2018-07-31,297.99,303,293,301.489,5542797,0.0
2018-08-01,328.49,349.99,323.16,349.3898,17674152,0.0
2018-08-02,347.81,355,342.53,348.3,10354676,0.0
2018-08-05,345.46,354.98,341.82,342,6660981,0.0
2018-08-06,343.84,387.46,339.1501,379.58,24571707,0.0
2018-08-07,368.8,382.64,367.12,370.38,17610717,0.0
2018-08-08,365.83,367.01,345.73,352.26,12517790,0.0
2018-08-09,354,360,346,355.529,8902416,0.0
2018-08-12,361.13,363.19,349.02,356.41,7572106,0.0
2018-08-13,358.45,359.1995,347.1,347.64,5255790,0.0
2018-08-14,341.9059,344.49,332.14,338.76,6835061,0.0
2018-08-15,339.91,342.28,333.82,335.45,4291063,0.0
2018-08-16,323.5,326.77,303.53,305.51,14358488,0.0
2018-08-19,291.7035,308.5,288.2,308.44,12242447,0.0
2018-08-20,310.61,324.79,309,321.9,10077506,0.0
2018-08-21,320.87,323.88,314.67,321.52,4813931,0.0
2018-08-22,319.14,327.32,318.1,320.11,3955535,0.0
2018-08-23,320.7,323.85,319.4,322.81,2749357,0.0
2018-08-26,318.01,322.435,308.81,319.54,10187976,0.0
2018-08-27,318.41,318.88,311.19,311.85,6176933,0.0
2018-08-28,310.27,311.85,303.69,304.88,5849149,0.0
2018-08-29,302.26,304.6,297.72,303.135,5689793,0.0
2018-08-30,302,305.3082,298.6,301.65,4138251,0.0
2018-09-03,296.94,298.19,288,288.99,6422883,0.0
2018-09-04,285.08,286.78,277.18,280.6987,5655214,0.0
2018-09-05,284.8,291.17,278.88,281.0095,5679908,0.0
2018-09-06,260.25,268.35,252.2548,263.24,16242828,0.0
2018-09-09,273.26,286.03,271,285.46,11348654,0.0
2018-09-10,279.31,282,273.55,279.43,6899938,0.0
2018-09-11,281.44,292.5,278.6463,290.56,7594078,0.0
2018-09-12,288.27,295,285.18,289.42,4758415,0.0
2018-09-13,288.74,297.3256,286.52,295.11,5120958,0.0
2018-09-16,290.04,300.87,288.13,294.79,5176019,0.0
2018-09-17,296.3,302.64,275.5,284.93,12923352,0.0
2018-09-18,280.77,300,280.5,299.04,6156658,0.0
2018-09-19,303.56,305.98,293.33,298.32,5573331,0.0
2018-09-20,297.7,300.58,295.37,299.01,3408179,0.0
2018-09-23,298.48,302.9993,293.58,299.73,3638324,0.0
2018-09-24,300,304.6,296.5,301.05,3401297,0.0
2018-09-25,301.65,313.89,301.1093,309.5664,5964409,0.0
2018-09-26,312.9,314.96,306.91,307.46,3303572,0.0
2018-09-27,270.26,278,260.555,264.72,25167046,0.0
2018-09-30,305.49,311.44,301.05,310.3446,15258287,0.0
2018-10-01,314,316.84,299.15,300.9,8518600,0.0
2018-10-02,303.33,304.6,291.57,295.03,6300641,0.0
2018-10-03,293.95,294,277.67,281.84,7147210,0.0
2018-10-04,274.61,274.88,260,261.99,13362410,0.0
2018-10-07,264.26,267.7599,249,250.54,9900147,0.0
2018-10-08,255.25,266.77,253.3,262.81,9143892,0.0
2018-10-09,264.61,265.51,247.77,256.89,9657608,0.0
2018-10-10,257.53,262.25,249.03,252.33,6000952,0.0
2018-10-11,260.98,261.99,252.01,259.15,5270938,0.0
2018-10-14,259.06,263.28,254.5367,259.56,4827381,0.0
2018-10-15,265.7,277.375,262.24,276.54,6957925,0.0
2018-10-16,282.4,282.7,265.8032,271.8,6442088,0.0
2018-10-17,269.29,271,263,263.95,3977473,0.0
2018-10-18,267.39,269.66,253.5,260.04,7016215,0.0
2018-10-21,260.68,261.86,252.59,260.94,3968574,0.0
2018-10-22,263.87,297.93,262.1,294.26,13890784,0.0
2018-10-23,301.05,304.44,285.73,288.84,11916320,0.0
2018-10-24,317.22,321,301.01,314.81,15526936,0.0
2018-10-25,308.25,339.9,306.65,330.63,21526599,0.0
2018-10-28,337.47,347.16,326.5,336.79,11398720,0.0
2018-10-29,328.39,337.8999,322.26,329.81,7257990,0.0
2018-10-30,332.54,342,329.1,337.28,5723763,0.0
2018-10-31,338.26,347.84,334.725,344.12,6385290,0.0
2018-11-01,343.74,349.2,340.91,346.45,6174655,0.0
2018-11-04,340.5,343.955,330.14,341.27,7692268,0.0
2018-11-05,339.07,348.8,336.09,341.06,6590767,0.0
2018-11-06,343.34,351.18,340.8,348.027,7426352,0.0
2018-11-07,349,357.5755,348.44,351.29,5411948,0.0
2018-11-08,349,354,345.23,350.53,4012945,0.0
2018-11-11,348.37,349.78,330.34,331.15,5557138,0.0
2018-11-12,333.16,344.7,332.2,338.61,3903430,0.0
2018-11-13,342.7,347.11,337.15,344.15,4905646,0.0
2018-11-14,342.33,348.58,339.04,348.41,4458230,0.0
2018-11-15,345.19,355.7,345.1201,354.29,7149187,0.0
2018-11-18,356.34,366.75,352.88,353.4801,9512859,0.0
2018-11-19,341.75,349.8,333.55,347.73,7777405,0.0
2018-11-20,352,353.1,337.3995,338.16,4608419,0.0
2018-11-22,334.345,337.5,325.55,326,4047411,0.0
2018-11-25,325,346.22,325,345.94,7715078,0.0
2018-11-26,340.05,346.96,335.5,343.91,5982784,0.0
2018-11-27,345.99,348.28,342.21,347.87,3992192,0.0
2018-11-28,347,347.5,339.55,341.17,3002799,0.0
2018-11-29,341.83,351.6,338.2648,350.39,5361189,0.0
2018-12-02,360,366,352,358.64,8040529,0.0
2018-12-03,356.05,368.68,352,359.5934,8251172,0.0
2018-12-05,356.01,367.38,350.76,363.06,7709571,0.0
2018-12-06,369,379.49,357.65,357.8701,11198666,0.0
2018-12-09,360,365.98,353.12,365.14,6349458,0.0
2018-12-10,369.91,372.1689,360.23,366.69,6099449,0.0
2018-12-11,369.42,371.91,365.16,366.72,4889259,0.0
2018-12-12,370.15,377.44,366.75,376.89,7093864,0.0
2018-12-13,375,377.87,364.33,365.61,6215126,0.0
2018-12-16,362,365.7,343.88,348.29,7364321,0.0
2018-12-17,350.54,351.55,333.69,336.83,6896291,0.0
2018-12-18,337.6,347.01,329.74,332.98,8083353,0.0
2018-12-19,327.0535,330.29,311.869,315.315,8519343,0.0
2018-12-20,317.4,323.47,312.44,319.91,7570973,0.0
2018-12-23,313.5,314.5,295.195,295.69,5350960,0.0
2018-12-25,300,326.97,294.09,326.08,7928079,0.0
2018-12-26,319.84,322.1717,301.5,315.9188,8310934,0.0
2018-12-27,323.1,336.24,318.41,333.86,8973702,0.0
2018-12-30,337.79,339.21,325.26,331.4531,5898332,0.0
2019-01-01,306.5,315.13,298.8,309.8699,10751296,0.0
2019-01-02,307,309.4,297.38,300.31,6672221,0.0
2019-01-03,306,318,302.73,317.54,6983846,0.0
2019-01-06,321.66,336.74,317.7508,334.986,7193888,0.0
2019-01-07,341.98,344.01,327.02,335.49,6567180,0.0
2019-01-08,335.5,343.5025,331.47,338.52,5199244,0.0
2019-01-09,334.4,345.39,331.79,344.91,5719942,0.0
2019-01-10,342.09,348.41,338.77,347.35,4796324,0.0
2019-01-13,342.5,342.5,334,334.7,5009149,0.0
2019-01-14,335,348.8,334.5,344.345,5803044,0.0
2019-01-15,344.78,352,343.5,345.89,4500918,0.0
2019-01-16,346.21,351.5,344.15,347.15,3488578,0.0
2019-01-17,323.06,327.1297,299.7301,302.22,22317439,0.0
2019-01-21,304.82,308,295.5,298.18,11524285,0.0
2019-01-22,292.5,294.5,281.69,287.18,11633895,0.0
2019-01-23,283.47,293.68,279.2831,291.855,7588695,0.0
2019-01-24,294.39,298.5195,289.55,297,6831199,0.0
2019-01-27,292.91,297.46,287.75,296.38,6123573,0.0
2019-01-28,295.27,298.5566,291.8,297.18,4359468,0.0
2019-01-29,300.45,308.8531,298.49,308.705,7828001,0.0
2019-01-30,301,311.5636,294,307.0679,11706783,0.0
2019-01-31,305.42,316.1,303.5,312.1801,6978985,0.0
2019-02-03,312.98,315.3,301.88,312.465,7019206,0.0
2019-02-04,312.37,322.44,312.2494,321.37,6415638,0.0
2019-02-05,319.59,324.24,315.624,317.77,4744608,0.0
2019-02-06,313.3,314.7,303,307.5999,6189747,0.0
2019-02-07,306.98,307.445,298.5,305.34,5560662,0.0
2019-02-10,311.6,318.6,310.5,313.02,6697977,0.0
2019-02-11,316.2,318.19,309.62,311.99,5151145,0.0
2019-02-12,312.45,312.75,305.57,308.34,4918601,0.0
2019-02-13,303.38,306.77,301,303.98,4875188,0.0
2019-02-14,304.5,308,303.9,307.8181,3655601,0.0
2019-02-18,306.56,311.5442,305.59,305.59,3928167,0.0
2019-02-19,304.41,306.3,299,302.53,6413092,0.0
2019-02-20,301.81,303.2399,290.5,291.24,8521093,0.0
2019-02-21,294.49,296.5,292.1,294.69,5459428,0.0
2019-02-24,297.91,302.9044,297.0005,298.7,5893761,0.0
2019-02-25,292.22,302.01,288.7701,297.81,8096676,0.0
2019-02-26,301.42,316.295,300.55,314.795,10618216,0.0
2019-02-27,318.92,320,310.81,319.81,8869984,0.0
2019-02-28,306.88,307.13,291.9,294.66,21624319,0.0
2019-03-03,298.12,298.78,282.78,285.3,16306926,0.0
2019-03-04,282,284,270.1,276.64,17966785,0.0
2019-03-05,276.54,281.5058,274.39,276.23,10154076,0.0
2019-03-06,278.84,284.7,274.25,276.6,8865853,0.0
2019-03-07,276.91,285.59,275.89,284.13,8457763,0.0
2019-03-10,283.52,291.28,280.5,290.86,6980280,0.0
2019-03-11,286.49,288.07,281.06,283.37,7127257,0.0
2019-03-12,283.9,291.99,282.7,288.91,6554342,0.0
2019-03-13,292.45,295.39,288.29,289.96,6699809,0.0
2019-03-14,277.7671,280.19,274.4,275.5492,8870978,0.0
2019-03-17,275.94,278.05,267.3,269.52,9780738,0.0
2019-03-18,267.5,273.3,263.46,267.38,11314236,0.0
2019-03-19,269.69,274.97,266.3,273.5,6668734,0.0
2019-03-20,272,276.45,268.45,274.045,5664291,0.0
2019-03-21,272.58,272.8,264,264.64,8299079,0.0
2019-03-24,259.71,263.18,254.46,260.49,9687165,0.0
2019-03-25,264.44,270.26,264.43,267.7602,7062104,0.0
2019-03-26,268.75,275.36,268.1838,274.9,8402247,0.0
2019-03-27,277.16,280.33,275.1,278.58,6404454,0.0
2019-03-28,278.7,280.16,274.5,279.75,5650129,0.0
2019-03-31,282.62,289.2,281.281,289.18,3667993,0.0
2019-04-01,288.3,289.44,283.88,285.85,5150050,0.0
2019-04-02,287.32,296.17,287.17,291.76,7566626,0.0
2019-04-03,261.69,271.2,260.59,267.8,21128569,0.0
2019-04-04,269.86,276.1,266.11,274.96,12356211,0.0
2019-04-07,277.69,281.16,270.44,273.15,9847191,0.0
2019-04-08,271.65,275,269.61,272.4,5631504,0.0
2019-04-09,276.74,278.38,272.8925,276.05,6371614,0.0
2019-04-10,268.3,270.5,265.6,268.4498,8812029,0.0
2019-04-11,270.22,271.95,266.83,267.68,6514945,0.0
2019-04-14,268.63,268.88,258.63,266.38,9569374,0.0
2019-04-15,265.75,275,264.72,273.31,6865386,0.0
2019-04-16,274.75,274.79,268.535,271.219,4932059,0.0
2019-04-17,271.23,274.84,269.75,273.26,5644604,0.0
2019-04-21,269,269.68,262.48,262.8943,11419980,0.0
2019-04-22,260.15,265.6,255.75,263.98,10233659,0.0
2019-04-23,263.85,265.32,258,258.6906,8333946,0.0
2019-04-24,255.03,259,246.07,247.573,20585363,0.0
2019-04-25,246.5,246.68,231.13,235.04,21168499,0.0
2019-04-28,235.86,243.98,232.17,241.4375,15899607,0.0
2019-04-29,242,244.21,237,238.69,9026387,0.0
2019-04-30,239,240,231.5,234.01,10324457,0.0
2019-05-01,245.52,247.13,237.72,244.08,14881930,0.0
2019-05-02,243.86,256.61,243.49,255.04,21063497,0.0
2019-05-05,250.1,258.3499,248.5,255.335,9546203,0.0
2019-05-06,256.8,257.21,245.1,247.06,9542822,0.0
2019-05-07,246.94,250.599,244.2,244.76,5757805,0.0
2019-05-08,242,243.68,236.9434,241.98,6455536,0.0
2019-05-09,239.75,241.99,236.02,239.51,6716345,0.0
2019-05-12,232.01,232.47,224.5,227.01,10159046,0.0
2019-05-13,229.3,234.5,228,232.12,6820595,0.0
2019-05-14,229.32,232.44,225.25,231.92,6908252,0.0
2019-05-15,229.49,231,226.5,228.245,7023216,0.0
2019-05-16,221.96,222.24,208.92,211.0731,16740523,0.0
2019-05-19,202.8,206,195.25,205.34,19451274,0.0
2019-05-20,197.76,207.4,196.04,204.97,16693973,0.0
2019-05-21,199.1,203.94,191.78,192.69,17656779,0.0
2019-05-22,194.34,199.465,186.22,195.48,23374971,0.0
2019-05-23,199.83,199.98,188.7505,190.7257,13302938,0.0
2019-05-27,191.2,195,187.85,188.72,9777919,0.0
2019-05-28,187.1,192.39,185.0401,189.89,11256907,0.0
2019-05-29,188.75,192.255,187.02,188.18,7409500,0.0
2019-05-30,185.1,189.9204,184.1,185.48,9599948,0.0
2019-06-02,185.51,186.68,176.9919,179.01,12380263,0.0
2019-06-03,181.1,193.98,179.61,193.91,13115692,0.0
2019-06-04,198.47,201.2782,191.8486,196.677,12570739,0.0
2019-06-05,204.25,211,201.8,206.08,19472101,0.0
2019-06-06,205,210.8438,203.499,204.39,14897026,0.0
2019-06-09,210.47,216.94,209.01,212.88,9978622,0.0
2019-06-10,219.38,220.9,213.5,217.1,10591156,0.0
2019-06-11,222.95,223.38,209,209.2173,14335584,0.0
2019-06-12,210.38,214.9,207.5103,213.89,15620124,0.0
2019-06-13,211.29,216.65,210.4,214.92,14191322,0.0
2019-06-16,214.73,227,214.27,225.03,11895515,0.0
2019-06-17,228.72,234.74,222.58,224.74,12016691,0.0
2019-06-18,225.11,227.77,221.06,226.33,6207071,0.0
2019-06-19,223,226.9,216.35,219.59,11132022,0.0
2019-06-20,216.22,222.18,215.5,221.89,7632727,0.0
2019-06-23,223.24,225.86,221.02,223.64,5459384,0.0
2019-06-24,224.39,225.34,219.49,219.77,5882114,0.0
2019-06-25,220.31,227.23,218.1,219.18,8076589,0.0
2019-06-26,219.45,222.9,217.35,222.81,5927800,0.0
2019-06-27,221.68,225.17,221.31,223.46,5732666,0.0
2019-06-30,230.21,233.0995,226.29,227.16,7727451,0.0
2019-07-01,228.89,229.15,222.22,224.62,6739925,0.0
2019-07-02,239.39,241.57,234.51,234.9,13233097,0.0
2019-07-04,234.57,235.45,230.8,233.15,6653090,0.0
2019-07-07,231.24,232.25,228.66,230.38,5647103,0.0
2019-07-08,228.97,231,227.28,230.06,6001968,0.0
2019-07-09,234.15,238.94,233.14,238.92,8477126,0.0
2019-07-10,238.14,241.5,235.8,238.6,7262861,0.0
2019-07-11,239.75,245.38,239.71,245.06,8720374,0.0
2019-07-14,248,254.42,244.86,253.48,10516336,0.0
2019-07-15,249.3,253.53,247.9325,252.4,7718769,0.0
2019-07-16,255.6,258.31,253.35,254.83,9338786,0.0
2019-07-17,255.05,255.75,251.885,253.59,4502229,0.0
2019-07-18,255.69,259.96,254.62,258.0789,6785285,0.0
2019-07-21,258.75,262.155,254.1911,255.65,6489574,0.0
2019-07-22,256.71,260.48,254.5,260.1,4851377,0.0
2019-07-23,259.17,266.07,258.1601,265.0288,7366736,0.0
2019-07-24,233.5,234.5,225.5501,228.8102,20548751,0.0
2019-07-25,226.92,230.26,222.25,228,9703872,0.0
2019-07-28,227.09,235.94,226.0325,235.792,8922968,0.0
2019-07-29,232.9,243.36,232.18,242.26,7862017,0.0
2019-07-30,243,246.68,236.6501,241.62,8812185,0.0
2019-07-31,242.65,244.51,231.77,233.94,7976109,0.0
2019-08-01,231.35,236.27,229.23,234.2784,5014277,0.0
2019-08-04,229.6,231.3673,225.775,228.48,6526882,0.0
2019-08-05,231.88,232.5,225.75,230.63,5256223,0.0
2019-08-06,226.51,233.5688,225.8,233.47,4574805,0.0
2019-08-07,234.45,239.8,232.65,238.29,5027207,0.0
2019-08-08,236.0535,238.96,233.81,235,3678950,0.0
2019-08-11,232.99,235.77,228.75,229.02,4435506,0.0
2019-08-12,228.81,236,227.55,234.97,4659970,0.0
2019-08-13,231.21,231.5,216.69,219.59,8733756,0.0
2019-08-14,220.86,221.56,211.55,215.52,7836075,0.0
2019-08-15,216.75,222.24,216.02,219.92,4820433,0.0
2019-08-18,224.21,227.83,221.7,226.81,5067001,0.0
2019-08-19,227.62,229.09,224.54,225.65,3763018,0.0
2019-08-20,222.01,223.22,217.6,220.79,7342403,0.0
2019-08-21,222.8,225.4,218.22,222.05,5473992,0.0
2019-08-22,219.97,221.17,211,211.39,8015679,0.0
2019-08-25,213.6,215.02,211.54,214.98,4696205,0.0
2019-08-26,215.74,218.8,212.03,214.16,4999917,0.0
2019-08-27,213.69,217.25,212.31,215.59,3093685,0.0
2019-08-28,218.95,223.4,218,221.7,4868685,0.0
2019-08-29,229.15,232.44,224.213,225.6,8258412,0.0
2019-09-02,224.08,228.95,223.16,225.11,5080361,0.0
2019-09-03,226.89,228.46,219.205,220.71,5480727,0.0
2019-09-04,222.5,229.8,220.85,229.48,7033497,0.0
2019-09-05,227.85,229.64,225.17,227.49,4102982,0.0
2019-09-08,229.97,233.76,229.23,231.78,4609862,0.0
2019-09-09,230.8,235.54,228.94,235.54,4654579,0.0
2019-09-10,237.38,248.1741,236,247.23,9601813,0.0
2019-09-11,247.7,253.5,244.4,245.86,8043768,0.0
2019-09-12,246.96,248.45,244.865,245.27,5075640,0.0
2019-09-15,246,247.43,241.17,242.7,4459981,0.0
2019-09-16,242.47,245.6,240.37,244.79,3690146,0.0
2019-09-17,245,248.1685,242.37,243.43,3992199,0.0
2019-09-18,246,247.94,244.84,246.58,4454220,0.0
2019-09-19,246.49,246.946,238.16,240.59,5996334,0.0
2019-09-22,240,245.1794,239.22,241.25,4157878,0.0
2019-09-23,241.52,241.99,222.61,223.2817,12393973,0.0
2019-09-24,224.56,228.98,218.36,228.7,8944825,0.0
2019-09-25,230.66,243.31,227.4,242.52,11445264,0.0
2019-09-26,242,248.71,238.73,242.13,10663930,0.0
2019-09-29,243,243.98,236.1111,240.84,5556374,0.0
2019-09-30,241.5,245.95,239.13,244.69,5903470,0.0
2019-10-01,243.03,244.65,239.43,243.24,5099506,0.0
2019-10-02,231.86,234.32,224.28,232.92,13775674,0.0
2019-10-03,231.61,234.77,228.07,231.4159,15272408,0.0
2019-10-06,229.8,238.56,228.55,237.72,15351711,0.0
2019-10-07,235.87,243.94,234.5,240,16599013,0.0
2019-10-08,241.52,247.295,240.65,244.53,13116148,0.0
2019-10-09,245.28,249.28,241.58,244.74,12090722,0.0
2019-10-10,247.15,251.08,246.81,247.77,15990158,0.0
2019-10-13,247.9,258.55,247.13,256.92,19430374,0.0
2019-10-14,257.7,260,254.12,257.86,12362512,0.0
2019-10-15,257.39,262.1,256.92,259.6902,12800343,0.0
2019-10-16,262.5,264.78,260.17,261.98,9112414,0.0
2019-10-17,260.7,262.8,255.1,256.9899,11065826,0.0
2019-10-20,258.2,259.5,250.18,253.43,4429730,0.0
2019-10-21,254.32,258.33,250.85,255.52,4386182,0.0
2019-10-22,254.5,256.14,251.35,254.889,5005641,0.0
2019-10-23,298.37,304,289.2,299.62,26049521,0.0
2019-10-24,297.72,330,296.11,328.19,28673217,0.0
2019-10-27,327.54,340.84,322.6,327.51,18510525,0.0
2019-10-28,319.99,324.3,314.75,316.2,12356755,0.0
2019-10-29,313,318.79,309.97,314.86,9042272,0.0
2019-10-30,313.1,319,313,315.09,4954986,0.0
2019-10-31,316.32,316.48,309.8,313.21,6118298,0.0
2019-11-03,314.8,321.94,309.26,317.425,8579754,0.0
2019-11-04,319.62,323.51,316.118,317.16,6308975,0.0
2019-11-05,318,326.72,314.5,326.7,7748529,0.0
2019-11-06,329.14,341.5,328.02,335.39,14148570,0.0
2019-11-07,334.5,337.46,332.5,337.12,5966814,0.0
2019-11-10,343.8,349.19,342,345.1,9715763,0.0
2019-11-11,346.94,350.37,344.04,349.95,7177557,0.0
2019-11-12,355,356.33,345.18,345.99,8029488,0.0
2019-11-13,346.11,353.84,342.91,349.36,5966623,0.0
2019-11-14,350.64,352.8,348.36,352.24,4591478,0.0
2019-11-17,352.9165,353.15,346.1,349.98,4287780,0.0
2019-11-18,351.75,359.99,347.8,359.52,7442184,0.0
2019-11-19,360,361.2,349.57,352.4,6143861,0.0
2019-11-20,354.51,360.84,354.0039,354.9697,5644325,0.0
2019-11-21,340.16,341,330,332.99,16189232,0.0
2019-11-24,344.47,344.57,334.46,336.3009,11454970,0.0
2019-11-25,335.27,335.5,327.1,328.93,7428918,0.0
2019-11-26,331.12,333.93,328.57,331.05,5331554,0.0
2019-11-28,331.11,331.26,327.5,330.04,2279549,0.0
2019-12-01,329.4,336.3827,328.687,334.86,5922892,0.0
2019-12-02,332.62,337.91,332.186,336.08,6380944,0.0
2019-12-03,337.75,337.86,332.85,332.99,5249592,0.0
2019-12-04,333,334.4227,327.25,330.34,3453427,0.0
2019-12-05,335,338.86,334.77,335.85,7446599,0.0
2019-12-08,336.59,344.45,335.08,339.4,8270305,0.0
2019-12-09,339.96,350.73,339.31,348.83,8530007,0.0
2019-12-10,351.8765,357.1899,351.09,352.5,6649961,0.0
2019-12-11,354.92,362.74,353.23,359.67,7650921,0.0
2019-12-12,361.05,365.21,354.64,358.37,6236035,0.0
2019-12-15,362.55,383.61,362.5,381.51,17336420,0.0
2019-12-16,378.77,385.5,375.9,378.9101,8043941,0.0
2019-12-17,380.73,395.22,380.58,393.1,13233307,0.0
2019-12-18,397.09,406.85,396.5,404.02,17366642,0.0
2019-12-19,410.29,413,400.185,405.55,13344703,0.0
2019-12-22,411.78,422.01,410,419.18,12734119,0.0
2019-12-23,418.84,425.47,412.6875,425.18,7833308,0.0
2019-12-25,427.91,433.48,426.35,430.8202,10131052,0.0
2019-12-26,435.25,435.31,426.11,430.23,9209880,0.0
2019-12-29,428.81,429,409.2589,414.62,12082466,0.0
2019-12-30,405.0003,421.29,402.08,418.17,9761539,0.0
2020-01-01,424.95,430.6957,421.71,430.24,9113793,0.0
2020-01-02,440.5,454,436.92,442.75,16409329,0.0
2020-01-05,440.47,451.56,440,451.4001,9807049,0.0
2020-01-06,461.4,471.63,453.355,469.17,16859537,0.0
2020-01-07,473.7,498.49,468.23,492.09,29804104,0.0
2020-01-08,497.1,498.8,472.87,481.49,26901507,0.0
2020-01-09,481.79,484.94,473.7,477.96,12365563,0.0
2020-01-12,493.5,525.63,492,524.85,25531104,0.0
2020-01-13,544.255,547.41,524.9,538,27042937,0.0
2020-01-14,529.76,537.84,516.7853,518.505,16462639,0.0
2020-01-15,494.08,514.46,492.17,513.49,20068904,0.0
2020-01-16,507.61,515.6699,503.16,510.19,12517514,0.0
2020-01-20,530.23,548.58,528.41,547.3007,33002168,0.0
2020-01-21,571.51,594.5,559.1,569.43,59686356,0.0
2020-01-22,564.08,582,555.6027,571.9422,37423500,0.0
2020-01-23,570.63,573.86,554.26,564.96,27306834,0.0
2020-01-26,541.99,564.44,539.28,557.54,12311739,0.0
2020-01-27,568.44,576.81,558.08,566.82,11093082,0.0
2020-01-28,575.69,589.7999,567.43,581,13250284,0.0
2020-01-29,632.42,650.88,618,640.93,26845261,0.0
2020-01-30,638.68,653,632.52,650.48,15067058,0.0
2020-02-02,673.69,786.14,673.52,780.28,45229406,0.0
2020-02-03,882.96,968.9899,833.88,887.72,53837004,0.0
2020-02-04,822.8,845.98,704.1106,734.72,44703541,0.0
2020-02-05,699.92,795.83,687,748.5,38382071,0.0
2020-02-06,731,769.75,730,747.9808,16311618,0.0
2020-02-09,800.41,819.99,752.4,770.8467,23238209,0.0
2020-02-10,768.5,783.5061,758,774.02,11177954,0.0
2020-02-11,778,789.75,763.37,767.44,11193209,0.0
2020-02-12,741.84,818,735,803.86,24953651,0.0
2020-02-13,787.22,812.97,785.5,799.9724,14271351,0.0
2020-02-17,841.6,860,832.36,858.66,14593786,0.0
2020-02-18,923.5,944.78,901.02,916.96,23657004,0.0
2020-02-19,911.81,912,859.94,899.18,16797173,0.0
2020-02-20,906.74,913.06,880.45,901,13379998,0.0
2020-02-23,839,863.5,822.2,833.16,14109712,0.0
2020-02-24,849.18,856.6,787,799.11,16703593,0.0
2020-02-25,783,813.31,776.11,778.8,13266973,0.0
2020-02-26,730,739.77,669,678.85,22838989,0.0
2020-02-27,629.7,690.52,611.52,667.43,23087454,0.0
2020-03-01,711.26,743.69,686.67,743.69,18641901,0.0
2020-03-02,805.5,806.98,716.1106,745.51,23727404,0.0
2020-03-03,763.9603,766.52,724.7345,749.5,13975877,0.0
2020-03-04,723.5,745.75,718.07,723.62,10164674,0.0
2020-03-05,693,707,684.27,703.39,23777510,0.0
2020-03-08,605.39,662.998,605,606.46,15637810,0.0
2020-03-09,659.43,668,608,645,14714548,0.0
2020-03-10,640.2,653.58,613,633.905,12845088,0.0
2020-03-11,580,594.5,546.25,556.01,17650406,0.0
2020-03-12,595,607.57,502,546.2,21281778,0.0
2020-03-15,469.4997,494.8699,442.17,444.9801,38445545,0.0
2020-03-16,440.01,471.85,396,430,23150951,0.0
2020-03-17,389,404.86,350.51,361.6,39969144,0.0
2020-03-18,374.6965,452,358.46,427.295,28716890,0.0
2020-03-19,438.2,477,425.79,427.53,27182628,0.0
2020-03-22,433.55,441.9999,410.5,434.29,15611610,0.0
2020-03-23,476.3,513.69,474,504.3,21685259,0.0
2020-03-24,545.25,557,511.11,539.175,19706795,0.0
2020-03-25,547.39,560,512.25,528.05,16688863,0.0
2020-03-26,505,525.8,494.03,514.56,13608376,0.0
2020-03-29,510.26,516.6471,491.23,502.1,11162231,0.0
2020-03-30,501.25,542.96,497,524.48,16421035,0.0
2020-03-31,504,513.9548,475.1,481.58,12570750,0.0
2020-04-01,481.03,494.2599,446.4,454.47,15413671,0.0
2020-04-02,509.5,515.49,468.3901,480,21274333,0.0
2020-04-05,511.16,521,497.96,516.24,27631958,0.0
2020-04-06,545,565,532.34,545.47,17334969,0.0
2020-04-07,554.2,557.2081,533.33,548.7,24384936,0.0
2020-04-08,562.09,575.1818,557.11,573.01,12745268,0.0
2020-04-12,591,652,580.53,650.9899,21175579,0.0
2020-04-13,698.97,741.88,692.43,709.755,57451900,0.0
2020-04-14,742,753.13,710,729.5254,43359242,0.0
2020-04-15,716.94,759.45,706.715,745.6545,57474573,0.0
2020-04-16,772.28,774.95,747.66,753.65,24322747,0.0
2020-04-19,732.7,765.57,712.21,746.35,28421310,0.0
2020-04-20,730.12,753.33,673.79,686.72,58529442,0.0
2020-04-21,703.98,733.89,688.71,732.15,38252230,0.0
2020-04-22,727.6,734,703.13,705.63,38120713,0.0
2020-04-23,710.81,730.73,698.18,725,25102459,0.0
2020-04-26,737.61,799.49,735,798.92,58450139,0.0
2020-04-27,795.64,805,756.69,769.11,14526538,0.0
2020-04-28,790.17,803.1999,783.16,799.84,12096180,0.0
2020-04-29,855.19,869.82,763.5,781.06,53718332,0.0
2020-04-30,755,772.77,683.04,701.31,31742479,0.0
2020-05-03,701,762,698,761.21,36511504,0.0
2020-05-04,789.79,798.92,762.18,768.06,16328797,0.0
2020-05-05,776.5,789.8,761.11,782.45,21416699,0.0
2020-05-06,777.21,796.4,772.35,780.215,11124597,0.0
2020-05-07,793.77,824,787.01,819.25,31166079,0.0
2020-05-10,790.51,824,785,810.48,31241342,0.0
2020-05-11,827,843.29,808,809.21,15080918,0.0
2020-05-12,820.83,826,763.3,790.62,18430885,0.0
2020-05-13,780,803.36,764,803.04,13077331,0.0
2020-05-14,790.35,805.0486,786.552,799.034,20204818,0.0
2020-05-17,827.78,834.7201,803.88,813.51,10969747,0.0
2020-05-18,815.17,822.07,806.08,808,9331427,0.0
2020-05-19,820.5,826,811.8,815.46,13799592,0.0
2020-05-20,816,832.5,796,827.75,23543511,0.0
2020-05-21,822.1735,831.78,812,816.4,19439642,0.0
2020-05-25,834.5,834.6,815.705,818.74,7532731,0.0
2020-05-26,820.86,827.71,785,819.955,11092116,0.0
2020-05-27,813.51,824.75,801.69,805.975,7013890,0.0
2020-05-28,808.75,835,804.21,834.1905,10523947,0.0
2020-05-31,858,899,854.1,897.875,13962296,0.0
2020-06-01,894.7,908.66,871,881.4,13049927,0.0
2020-06-02,888.12,897.94,880.1,882.51,15342518,0.0
2020-06-03,889.88,895.75,858.44,864.27,8667226,0.0
2020-06-04,877.84,886.52,866.2,885.335,7366347,0.0
2020-06-07,919,950,909.16,948.45,26318875,0.0
2020-06-08,940.01,954.4399,923.931,941.5524,21496458,0.0
2020-06-09,991.88,1027.48,982.5,1024.974,17023324,0.0
2020-06-10,990.2,1018.9599,972.11,972.41,29440376,0.0
2020-06-11,980,987.98,936.25,936.25,5885153,0.0
2020-06-14,917.79,998.84,908.5,990.75,14933856,0.0
2020-06-15,1011.85,1012.88,962.39,981.51,26814330,0.0
2020-06-16,987.71,1005,982.571,990.56,9026154,0.0
2020-06-17,1003,1019.2,994.4708,1004.02,18626163,0.0
2020-06-18,1012.78,1015.9699,991.34,1000.57,7941809,0.0
2020-06-21,999.95,1008.88,990.02,994.54,6108565,0.0
2020-06-22,998.88,1012,994.0101,1001.66,6015204,0.0
2020-06-23,994.11,1000.8846,953.1414,960.85,10724665,0.0
2020-06-24,954.27,985.98,937.15,985.98,8834648,0.0
2020-06-25,994.78,995,954.87,960.76,7736337,0.0
2020-06-28,969.01,1010,948.5201,1009.89,8732336,0.0
2020-06-29,1006.5,1087.69,1003.73,1079,16212153,0.0
2020-06-30,1083,1135.33,1080.5,1119.54,12887738,0.0
2020-07-01,1221.48,1228,1185.6,1208.8,15501212,0.0
