Date,Open,High,Low,Close,Volume,OpenInterest
2016-07-11,253.88,254.655,251.3,253.27,334835,0.0
2016-07-12,252.99,253.765,250.05,250.12,327516,0.0
2016-07-13,251.95,255.3,251.3,255.11,622658,0.0
2016-07-14,256.83,256.88,255.2101,255.77,484491,0.0
2016-07-17,256.02,256.84,255.1,256.08,378159,0.0
2016-07-18,256,256.91,254.53,256.86,252714,0.0
2016-07-19,257.42,257.54,255.68,255.8,353711,0.0
2016-07-20,255.15,256.78,254.62,254.88,331930,0.0
2016-07-21,255.03,258.7799,254.9,258.6,240386,0.0
2016-07-24,258.96,260,258.41,259.56,232651,0.0
2016-07-25,260.09,261.42,258.47,258.9,277629,0.0
2016-07-26,258.81,259.99,256.82,257.75,306335,0.0
2016-07-27,257.42,260.66,257.04,260.46,307655,0.0
2016-07-28,260.76,262.12,260.13,261.22,309415,0.0
2016-07-31,262.19,262.81,258.71,260.57,575977,0.0
2016-08-01,261.51,262,255.067,256.95,484989,0.0
2016-08-02,256.76,258.96,255.06,258.92,287506,0.0
2016-08-03,258.33,260.69,256.638,260.68,350327,0.0
2016-08-04,261.34,262.7772,260.71,262.35,292997,0.0
2016-08-07,263.16,263.56,260.66,261.33,214941,0.0
2016-08-08,261.44,262.8975,260.789,261.91,173944,0.0
2016-08-09,262.39,263.48,261.78,263.09,187089,0.0
2016-08-10,264,266.19,262.78,265.95,298280,0.0
2016-08-11,265.05,266.98,265.05,266.87,296530,0.0
2016-08-14,268.76,269.82,266.84,266.97,314979,0.0
2016-08-15,266,267.37,265.33,265.91,349169,0.0
2016-08-16,265.48,266,263.02,265.76,316654,0.0
2016-08-17,266.34,271.96,266.34,271.53,630254,0.0
2016-08-18,270.93,276.1999,268.74,274.55,624564,0.0
2016-08-21,275.78,275.86,270.35,270.68,986244,0.0
2016-08-22,272.95,276.225,272.02,275.85,570642,0.0
2016-08-23,278.29,278.626,271.28,274,837483,0.0
2016-08-24,272.6,274.5,269.71,271.31,1476071,0.0
2016-08-25,270.11,270.5,250.2422,254.85,4897565,0.0
2016-08-28,254.6,256.52,252.5,253.93,948108,0.0
2016-08-29,252.51,253.169,244.5,244.86,1400335,0.0
2016-08-30,244.03,248.88,242.96,247.21,1101896,0.0
2016-08-31,246.67,248.442,244.68,245.51,495120,0.0
2016-09-01,246.59,249.51,244.875,246.45,566585,0.0
2016-09-05,246.82,249.76,246.37,249.64,611805,0.0
2016-09-06,249.96,250,245.83,246.71,427648,0.0
2016-09-07,244.93,245.9,243.001,243.53,709740,0.0
2016-09-08,243.32,243.56,238.74,238.74,948495,0.0
2016-09-11,236.66,243.33,235.19,242.4,909336,0.0
2016-09-12,241.45,241.455,235.42,236.73,629684,0.0
2016-09-13,237.31,239.23,236.12,237.13,404819,0.0
2016-09-14,232.74,234.55,230.1,232.93,1136539,0.0
2016-09-15,232.9,235.639,232.05,233.78,645449,0.0
2016-09-18,233.78,236.24,233.0701,234.55,513279,0.0
2016-09-19,234.55,235.83,233,233.2,426366,0.0
2016-09-20,235.09,240.26,234.3,239.71,869000,0.0
2016-09-21,240.95,241.12,237.405,238.41,496475,0.0
2016-09-22,237.23,239.22,236.24,237.01,345843,0.0
2016-09-25,236,238.71,235.4,237.81,357212,0.0
2016-09-26,238.37,244.09,238.05,243.67,981159,0.0
2016-09-27,243.7,243.9261,239.33,240.2,525734,0.0
2016-09-28,240.2,240.395,236.89,237.14,411020,0.0
2016-09-29,238.87,240.61,237.32,237.93,385107,0.0
2016-10-02,236.81,238.51,236.6,237.61,416026,0.0
2016-10-03,237.73,239.22,236.77,238.55,619103,0.0
2016-10-04,237.84,239.6,235.54,235.6,411273,0.0
2016-10-05,235.6,242.7,235.1,241.57,661408,0.0
2016-10-06,242.61,242.62,237.86,239.12,473340,0.0
2016-10-09,241.65,242,239.34,240.37,328132,0.0
2016-10-10,240.21,240.5836,235.59,236.65,419194,0.0
2016-10-11,237.18,240.49,236.63,238.96,369805,0.0
2016-10-12,246.35,266.74,245.25,266.14,4017068,0.0
2016-10-13,268.03,268.78,262.59,262.75,1384592,0.0
2016-10-16,262.5,263.33,257.54,258.72,951381,0.0
2016-10-17,260.62,261.49,255.72,255.95,536861,0.0
2016-10-18,255.84,256.67,252.84,256.44,341755,0.0
2016-10-19,255.45,257.55,254,254.38,300242,0.0
2016-10-20,253.18,253.6,251.55,252.31,359282,0.0
2016-10-23,253.23,253.66,251.09,252.26,571056,0.0
2016-10-24,250.67,250.69,246.7,246.99,600249,0.0
2016-10-25,246.59,248.86,245.76,245.87,484751,0.0
2016-10-26,245.89,248.14,239.44,239.86,488094,0.0
2016-10-27,239.86,244.35,239.415,242.3,436012,0.0
2016-10-30,243.49,244.29,240.72,243.42,322861,0.0
2016-10-31,242.82,243.68,238.76,240.18,322751,0.0
2016-11-01,239.8,241.8199,239,239.24,256740,0.0
2016-11-02,238.82,239.554,229.76,231.62,719410,0.0
2016-11-03,229.94,233.53,227.33,228.18,687892,0.0
2016-11-06,231.76,232.9,225.13,232.59,938499,0.0
2016-11-07,233.27,233.71,230.02,232.62,484244,0.0
2016-11-08,226.64,237.31,226.51,236.34,812792,0.0
2016-11-09,238.27,240.79,234.87,236.67,804190,0.0
2016-11-10,235.4,239.84,234.56,238.87,510238,0.0
2016-11-13,240.35,244.51,239.31,240.41,1026649,0.0
2016-11-14,241.38,245.21,239.75,244.46,689745,0.0
2016-11-15,244.48,248.09,242.57,246.62,567009,0.0
2016-11-16,247.78,251.31,246.12,251.18,640898,0.0
2016-11-17,251.05,252.65,248.4301,250.09,330564,0.0
2016-11-20,251.09,252.09,249.05,251,548145,0.0
2016-11-21,252.54,259.81,252.54,258.39,959412,0.0
2016-11-22,259.29,262.92,258.06,262.03,618605,0.0
2016-11-24,263.56,264.67,261.0025,263.62,279940,0.0
2016-11-27,263.57,265.375,261,261.6,592290,0.0
2016-11-28,261.33,262.37,260,260.36,538023,0.0
2016-11-29,259.68,262.27,256.54,259.5,703562,0.0
2016-11-30,259.85,261.42,257.12,257.28,945413,0.0
2016-12-01,271.7,273.99,244.75,253.35,3672261,0.0
2016-12-04,253.49,260.95,252.4,257.6,1269914,0.0
2016-12-05,256.93,257.15,251.74,254.23,562406,0.0
2016-12-06,254.01,255.65,251.0837,253.94,514123,0.0
2016-12-07,254.57,256.63,253.17,253.29,575002,0.0
2016-12-08,252.68,253.45,249.83,251.15,462816,0.0
2016-12-11,250.02,251.6,248.5457,251.6,552589,0.0
2016-12-12,252,257.21,251.58,255.02,519292,0.0
2016-12-13,254.42,254.9,251.25,253.02,456099,0.0
2016-12-14,253.2,258.185,252.425,256.74,436853,0.0
2016-12-15,257.8,266.57,257.8,262.13,1128641,0.0
2016-12-18,262.13,263.87,259.04,259.97,580619,0.0
2016-12-19,259.8,262.55,259.12,260.88,355532,0.0
2016-12-20,260.29,263.3499,258.2,262.95,455378,0.0
2016-12-21,263.1,264,256.36,257.3,538233,0.0
2016-12-22,257.25,258.84,255.831,256.86,253027,0.0
2016-12-26,257.99,260.4,257.685,258.73,309218,0.0
2016-12-27,258.9,259.47,254.25,255.75,336985,0.0
2016-12-28,254.91,258.21,254.91,257.39,248557,0.0
2016-12-29,258.16,258.16,253.62,254.94,264277,0.0
2017-01-02,256.4,260.58,255.61,256.66,481550,0.0
2017-01-03,257.08,261.83,257.08,260.92,503068,0.0
2017-01-04,259.84,266.06,258.416,264.14,1076963,0.0
2017-01-05,264.64,266.8008,262.281,263.31,552430,0.0
2017-01-08,263.18,265.31,259.53,260.79,286335,0.0
2017-01-09,260.98,264.14,260.69,262.53,319014,0.0
2017-01-10,262.5,264.38,260.4244,262.13,282897,0.0
2017-01-11,262.03,262.07,259,260.94,290734,0.0
2017-01-12,260.74,262.25,259.71,261.4,296034,0.0
2017-01-16,260.95,264.875,259.5,263.07,300668,0.0
2017-01-17,264.04,265.71,261.75,265.52,366142,0.0
2017-01-18,265.76,267.96,264.975,266.13,676038,0.0
2017-01-19,267.13,267.22,265.34,266.23,490413,0.0
2017-01-22,265.9,266.4175,263.81,266.08,341733,0.0
2017-01-23,266.43,269.1155,265.0601,268.86,381222,0.0
2017-01-24,269.97,272.52,268.73,272.05,495786,0.0
2017-01-25,271.89,273.99,271.18,272.41,384536,0.0
2017-01-26,272.36,272.36,270.115,271.44,259240,0.0
2017-01-29,270.76,271.42,267.25,270.18,533931,0.0
2017-01-30,270.17,273.17,266.4,272.23,582442,0.0
2017-01-31,272.38,273.75,269.24,269.52,297492,0.0
2017-02-01,268.85,271.12,267.2501,270.73,321868,0.0
2017-02-02,272,274.75,270.6,272.07,309259,0.0
2017-02-05,272.31,274.75,271.22,273.07,342161,0.0
2017-02-06,273.05,274.28,271.63,272.44,303316,0.0
2017-02-07,272.54,272.99,271.08,272.74,321097,0.0
2017-02-08,273.75,273.95,272.08,272.81,354441,0.0
2017-02-09,273.04,273.47,269.31,269.84,491604,0.0
2017-02-12,270.8,271.3,267.75,268.13,462120,0.0
2017-02-13,268.2,271.49,267.77,271.45,463506,0.0
2017-02-14,270.99,273.87,270.45,273.66,395847,0.0
2017-02-15,273.6,273.98,271,272.08,273382,0.0
2017-02-16,271.96,276.33,270.71,275.14,300251,0.0
2017-02-20,275.95,278.45,275.58,277.25,324518,0.0
2017-02-21,277.53,278.06,276.01,277.2,209515,0.0
2017-02-22,277.82,277.99,273.735,274.6,357752,0.0
2017-02-23,274.19,277.255,272.52,276.35,347395,0.0
2017-02-26,277,277.61,275.5875,275.68,293588,0.0
2017-02-27,275.35,276.35,272.73,273.42,264831,0.0
2017-02-28,276.59,277.7792,274.46,274.82,404863,0.0
2017-03-01,274.83,277.75,274.83,277.46,355229,0.0
2017-03-02,277.38,278.34,275.28,278.08,328733,0.0
2017-03-05,280.21,281.165,273.49,275.58,862681,0.0
2017-03-06,274.75,275.16,268.23,269.91,1208884,0.0
2017-03-07,270.5,275.86,270.5,275.47,601925,0.0
2017-03-08,276.5,277.25,272.65,273.69,1089098,0.0
2017-03-09,270.76,287.19,270.5,286.44,3661575,0.0
2017-03-12,286.47,288.59,283.71,286.91,766494,0.0
2017-03-13,285.21,286.69,283.8,285.42,348835,0.0
2017-03-14,286,288.55,284.45,287.78,370812,0.0
2017-03-15,287.73,289.13,285.09,286.32,329851,0.0
2017-03-16,287.54,289.27,286.075,288.81,436320,0.0
2017-03-19,288.8,288.9799,284.2715,285.71,330638,0.0
2017-03-20,286.2,286.43,280.93,281.28,390776,0.0
2017-03-21,281.28,284.05,280,283.24,474055,0.0
2017-03-22,283.01,284.775,280.95,281.23,319768,0.0
2017-03-23,281.78,282.92,279.83,281.58,235190,0.0
2017-03-26,279.64,281.88,277.09,280.14,363669,0.0
2017-03-27,279.79,283.65,279.71,282.85,268283,0.0
2017-03-28,283.17,283.99,281.57,283.43,295029,0.0
2017-03-29,283.06,285.54,281.72,285.51,394120,0.0
2017-03-30,285.24,285.96,283.76,285.23,277301,0.0
2017-04-02,285.51,285.98,281.915,282.02,483491,0.0
2017-04-03,282,284.04,280.85,281.57,277727,0.0
2017-04-04,281.69,284.41,280.49,281.6,285027,0.0
2017-04-05,282.65,285.02,282.21,284.97,368148,0.0
2017-04-06,285.21,286.99,283.75,284.5,238289,0.0
2017-04-09,287.46,287.46,285.3,286.58,249059,0.0
2017-04-10,286.74,287.08,283.225,286.65,234228,0.0
2017-04-11,285.71,286.26,283.03,283.78,224480,0.0
2017-04-12,284.21,285.8292,282.68,282.68,240448,0.0
2017-04-16,283.49,284.76,282.21,283.18,204922,0.0
2017-04-17,282.75,284.18,282,282.86,202337,0.0
2017-04-18,282,282.425,276.0201,279.44,815772,0.0
2017-04-19,279.87,281.3888,277.97,278.74,402011,0.0
2017-04-20,278.78,281.03,277.55,279.4942,320411,0.0
2017-04-23,282.48,283,276.4,278.21,519392,0.0
2017-04-24,279.47,281.19,276.64,277.99,341412,0.0
2017-04-25,278.11,280.98,277.03,279.69,341612,0.0
2017-04-26,279.71,283.665,277.945,281.68,457142,0.0
2017-04-27,282.44,282.8,279.54,281.46,223385,0.0
2017-04-30,281.78,283.84,281.2,283.21,323643,0.0
2017-05-01,283.28,288.72,283.28,288.6,336779,0.0
2017-05-02,288.83,291.5,288.22,290.37,282293,0.0
2017-05-03,290.01,292.385,289.48,292.21,217729,0.0
2017-05-04,292.92,296.17,291.65,295.47,323764,0.0
2017-05-07,296,298.13,294.04,297.39,332868,0.0
2017-05-08,298.06,301.4,297.62,299.56,390932,0.0
2017-05-09,299.42,299.9187,297.55,299.47,289606,0.0
2017-05-10,298.54,300.4249,296.02,299.86,311865,0.0
2017-05-11,299.65,299.65,296.185,297.51,331759,0.0
2017-05-14,298.41,299.88,295.18,295.41,403992,0.0
2017-05-15,295.49,295.99,293.2,293.33,506688,0.0
2017-05-16,292.11,293.2,289.67,292.09,556510,0.0
2017-05-17,293.11,299.7,292.27,297.82,663119,0.0
2017-05-18,298.01,299.66,292.91,294.06,504534,0.0
2017-05-21,295.32,298.84,294.08,294.93,452960,0.0
2017-05-22,296.39,296.4,290,290.57,644208,0.0
2017-05-23,290.5,290.98,277.68,280.51,1543092,0.0
2017-05-24,282.26,293.84,282.26,293.17,1506772,0.0
2017-05-25,305.48,310,301.36,302.44,1925639,0.0
2017-05-29,302.02,306.87,302,303,588328,0.0
2017-05-30,304.11,304.97,301.3,304.85,356587,0.0
2017-05-31,304.45,307.19,304.265,306.71,344150,0.0
2017-06-01,309.99,311.78,307.7,311.43,496437,0.0
2017-06-04,313.14,314.86,311.54,313.75,492456,0.0
2017-06-05,313.21,314.08,306.01,306.96,690458,0.0
2017-06-06,307.93,309.63,306.88,307.95,327027,0.0
2017-06-07,309,310,305.52,307.28,381607,0.0
2017-06-08,308.33,310.19,306.8401,307.8,348625,0.0
2017-06-11,305.88,307.49,300.48,301.02,504371,0.0
2017-06-12,301.68,303.02,299.02,302.69,368429,0.0
2017-06-13,302.44,303.5083,299.45,302.21,334814,0.0
2017-06-14,300.73,300.74,296.94,300.13,276813,0.0
2017-06-15,298.42,299.6,294.41,295.97,511363,0.0
2017-06-18,296.69,297,291.04,294.12,653342,0.0
2017-06-19,294.85,299.9699,294.85,296.5,782391,0.0
2017-06-20,295.67,296.89,288.22,288.84,742748,0.0
2017-06-21,288.8,290.51,283.1,284.15,824005,0.0
2017-06-22,282.21,286.19,280.95,284.71,582382,0.0
2017-06-25,285,291.56,285,289.72,499392,0.0
2017-06-26,289.44,289.5,280.98,282.75,613792,0.0
2017-06-27,283.28,286.965,280.32,285.28,359330,0.0
2017-06-28,284.9,286.5,281.37,285.95,468297,0.0
2017-06-29,287.51,289.8499,284.341,287.41,490053,0.0
2017-07-02,287.7,288.34,282.78,283.24,214494,0.0
2017-07-04,281,283.97,276.115,279.03,952007,0.0
2017-07-05,276.51,277.72,271.43,273.23,768852,0.0
2017-07-06,273.92,278.952,272.04,276.92,398037,0.0
2017-07-09,276.64,276.89,267.52,268.83,743721,0.0
2017-07-10,268.57,269.25,253.09,255.98,2641883,0.0
2017-07-11,258.68,265.31,257.17,261.88,1503166,0.0
2017-07-12,265.5,265.5,257.19,257.4,596329,0.0
2017-07-13,264.7,267.48,260.7,261.74,1225502,0.0
2017-07-16,261.75,262.48,253.69,253.9,1065096,0.0
2017-07-17,253.15,259.78,253.15,258.75,1221948,0.0
2017-07-18,259.17,260.7879,255.14,256.68,917578,0.0
2017-07-19,256.67,256.94,254.89,255.77,569061,0.0
2017-07-20,255.66,256.485,250.44,253.4,770431,0.0
2017-07-23,253.3,256.1309,250.88,252.03,545462,0.0
2017-07-24,252.49,257.11,250.53,256.6,625486,0.0
2017-07-25,245.78,249.98,243.61,247.22,1639563,0.0
2017-07-26,247.24,251.5,245.801,249.46,760631,0.0
2017-07-27,247.05,252.57,246,248.59,433565,0.0
2017-07-30,243.88,251.915,243.28,251.21,655250,0.0
2017-07-31,253.14,257.06,252.45,255.29,782348,0.0
2017-08-01,255,255.35,246.1,247.98,889581,0.0
2017-08-02,246.94,251.98,246.57,251.27,497205,0.0
2017-08-03,252.15,254.59,250.01,250.13,304625,0.0
2017-08-06,249.56,251.92,248.53,248.81,339581,0.0
2017-08-07,248.89,252.87,247.23,250.64,337687,0.0
2017-08-08,249.85,254.42,249.177,253.12,448314,0.0
2017-08-09,252.09,252.202,246.69,246.89,467043,0.0
2017-08-10,247.95,251.98,247.95,251.05,260815,0.0
2017-08-13,251.8,252.88,247.45,248.43,467223,0.0
2017-08-14,248.81,248.93,237.36,237.61,1205299,0.0
2017-08-15,238.02,245.1,236,243.43,797190,0.0
2017-08-16,241.83,245.25,240.96,241.43,481582,0.0
2017-08-17,240.85,247.3569,240.85,244.2,599969,0.0
2017-08-20,236.67,240,233.02,234.2,1322233,0.0
2017-08-21,236.37,239.98,231.16,231.65,1525401,0.0
2017-08-22,231,233.44,228.5,232.02,2181329,0.0
2017-08-23,240,247.3,233.02,233.7,1757080,0.0
2017-08-24,215.44,217.8,208.25,212.36,6449006,0.0
2017-08-27,210.2,211.384,207,207.75,2158229,0.0
2017-08-28,205.14,212.73,204.01,211.79,1343571,0.0
2017-08-29,211.38,213.88,210.59,213.6,1107324,0.0
2017-08-30,214.82,221.15,214.4653,221.09,1582600,0.0
2017-08-31,221.12,222.27,218.76,221.73,1298218,0.0
2017-09-04,221,223.94,220.01,223.9,1250567,0.0
2017-09-05,224.29,228.09,223.77,228.02,1178414,0.0
2017-09-06,228.52,231.28,228.25,230.53,1259920,0.0
2017-09-07,229.66,229.66,226,226.96,834643,0.0
2017-09-10,227.87,228.88,227.12,228.61,524977,0.0
2017-09-11,229.54,229.56,225.52,226.88,809567,0.0
2017-09-12,225.98,227.69,225.71,226.41,544430,0.0
2017-09-13,225.34,226.025,221.69,223.93,1190871,0.0
2017-09-14,223.49,224.88,222.81,224.66,534052,0.0
2017-09-17,225.73,228.69,225.335,227.08,703816,0.0
2017-09-18,227.38,227.55,222.63,224.45,513455,0.0
2017-09-19,223.89,226.92,221.884,223.841,452063,0.0
2017-09-20,224.72,224.72,219.7,219.73,575959,0.0
2017-09-21,219.01,221.69,218.36,219.16,588052,0.0
2017-09-24,219.64,220.63,218.13,218.9,383532,0.0
2017-09-25,219,220.755,218.67,219,653775,0.0
2017-09-26,219.28,228.8,219.28,227.66,820698,0.0
2017-09-27,227.44,228.59,226.031,226.9,381231,0.0
2017-09-28,226.3,227.91,224.62,226.07,349049,0.0
2017-10-01,226.93,226.99,218.3254,223.74,781721,0.0
2017-10-02,222.47,227.79,221.76,227.61,641450,0.0
2017-10-03,226.76,227.4196,222.85,223.51,419969,0.0
2017-10-04,223.53,224.99,220.62,220.63,514313,0.0
2017-10-05,219.42,221.33,219.1,219.86,459299,0.0
2017-10-08,220.1,220.9,215.61,217.29,498891,0.0
2017-10-09,217.15,217.84,212.69,212.69,616957,0.0
2017-10-10,212.19,212.68,207.6704,207.86,1661036,0.0
2017-10-11,201.52,201.78,189.5,190.16,4703594,0.0
2017-10-12,191.98,200.9,187.96,198.56,3258835,0.0
2017-10-15,196.12,197.4,192.105,193.71,1478744,0.0
2017-10-16,196.44,202.66,195.27,202.28,1632782,0.0
2017-10-17,197.81,201.16,196.61,198.371,2025451,0.0
2017-10-18,198.06,208.69,197.12,204.64,2300178,0.0
2017-10-19,205.72,207.64,203.17,204.72,796736,0.0
2017-10-22,204.84,204.965,202.105,202.38,597124,0.0
2017-10-23,201.96,203.77,201.365,203.32,511566,0.0
2017-10-24,202.6,203.43,199.5614,201.34,492271,0.0
2017-10-25,201.23,202.26,199.4,200.52,395620,0.0
2017-10-26,200,200.15,196.01,198.93,694776,0.0
2017-10-29,197.86,204.95,196.78,201.69,609134,0.0
2017-10-30,202.18,203.88,200.29,201.81,521875,0.0
2017-10-31,202.49,212.35,202.14,204.83,1012536,0.0
2017-11-01,204.77,208.54,201.3,202.85,635196,0.0
2017-11-02,203.03,205.2,201.15,201.97,590136,0.0
2017-11-05,201.18,202.645,198.51,201.32,417793,0.0
2017-11-06,201.64,202.96,196.54,198,485203,0.0
2017-11-07,198.26,199.4,194.13,195.9,817710,0.0
2017-11-08,194.07,201.28,191.8,199.14,737649,0.0
2017-11-09,198.42,204.66,198.196,200.76,502114,0.0
2017-11-12,200.55,202.01,196.11,198.02,614893,0.0
2017-11-13,197.82,201.24,197.82,199.08,409702,0.0
2017-11-14,198.15,200.6,196.56,200.05,438664,0.0
2017-11-15,200.82,207.61,198.605,205.89,756513,0.0
2017-11-16,208.02,215.68,206.61,215.1,1230584,0.0
2017-11-19,215.77,216.05,208.745,209.15,832254,0.0
2017-11-20,207.06,211.9,203.09,209.96,1241893,0.0
2017-11-21,210.16,215.41,209.72,212.29,879979,0.0
2017-11-23,212.69,214.08,209.27,210.42,286062,0.0
2017-11-26,210.95,212,205.84,206.69,858450,0.0
2017-11-27,208.35,217.27,206.64,217.065,1414843,0.0
2017-11-28,218.98,227.4,218.82,223.07,1504368,0.0
2017-11-29,224.61,226.899,218.58,221.71,1658364,0.0
2017-11-30,208.07,217.61,201,212.62,5455698,0.0
2017-12-03,212.74,226.92,212.74,221.65,2052647,0.0
2017-12-04,223.77,226.14,219.7975,223.97,1138377,0.0
2017-12-05,222.68,225.26,219.53,223.17,927572,0.0
2017-12-06,223.96,227.52,221.15,221.6,668072,0.0
2017-12-07,222.41,225.309,219.1301,224.54,870382,0.0
2017-12-10,224.16,224.43,215.5638,216.14,838444,0.0
2017-12-11,216.25,217.225,210.72,214.86,1091004,0.0
2017-12-12,215.76,217.47,213.23,215.03,696914,0.0
2017-12-13,216.08,218.2624,214.75,217.19,638308,0.0
2017-12-14,218.37,220.1,216.01,218.3,960671,0.0
2017-12-17,219.68,224.44,219.32,222.66,563877,0.0
2017-12-18,227.41,230.8,223.92,227.47,882350,0.0
2017-12-19,228.49,230.89,224.21,226,707643,0.0
2017-12-20,226.29,229.58,225.775,228.58,1198044,0.0
2017-12-21,229.29,229.5599,224.73,226.26,903337,0.0
2017-12-25,227.74,229.97,224.34,226.63,1145365,0.0
2017-12-26,226.49,227.6507,224.6,225.65,327646,0.0
2017-12-27,225.27,226.01,223,225.31,354521,0.0
2017-12-28,224.98,225.14,222.35,223.67,491389,0.0
2018-01-01,224.44,231,224.44,229.66,699586,0.0
2018-01-02,235.77,246.52,234.38,245.13,1500515,0.0
2018-01-03,248.01,249.3,240.25,244.97,870700,0.0
2018-01-04,244.44,244.75,235.02,237.87,1054393,0.0
2018-01-07,237.25,238.9913,230.18,231.21,844287,0.0
2018-01-08,231.2,233.54,227.818,232.97,681031,0.0
2018-01-09,231.17,233.16,229.15,230.45,363385,0.0
2018-01-10,231.4,233.5,228.01,233.14,510348,0.0
2018-01-11,233.54,237.72,233.49,237.32,549302,0.0
2018-01-15,238.29,238.68,234.68,237.13,535344,0.0
2018-01-16,245.19,245.73,237.6,238.76,1001518,0.0
2018-01-17,238.82,243.96,238.255,243.17,790489,0.0
2018-01-18,244.9,247.3,241.6575,244.03,945859,0.0
2018-01-21,240.88,241.785,232.74,235.01,1345324,0.0
2018-01-22,233.85,234.78,227.88,228.77,1387794,0.0
2018-01-23,228.33,228.33,220.67,224.29,1250922,0.0
2018-01-24,224.87,228.74,223,227.28,823692,0.0
2018-01-25,226.88,229.35,223.41,227.67,718239,0.0
2018-01-28,227.53,230.9,225.38,229.15,542487,0.0
2018-01-29,225.84,228.785,223.065,226.03,514014,0.0
2018-01-30,226.46,226.89,221.02,222.13,593854,0.0
2018-01-31,220.61,222.02,217.53,219.41,560727,0.0
2018-02-01,219.18,221.96,216.2,219.45,727279,0.0
2018-02-04,218.51,224.39,213,213,832803,0.0
2018-02-05,210.66,222.13,207.605,218.69,1078537,0.0
2018-02-06,217.99,221.67,216.91,218.07,539712,0.0
2018-02-07,218.88,219.94,209.01,209.16,616904,0.0
2018-02-08,211,220.44,205.5,218.55,1003226,0.0
2018-02-11,219.97,222.22,204.75,209.53,2002833,0.0
2018-02-12,208.44,211.25,206.26,206.8,754474,0.0
2018-02-13,204.74,208.64,204.7,206.76,1001536,0.0
2018-02-14,207.24,208.25,203.38,204,970715,0.0
2018-02-15,204.5,205.7305,201.63,203.16,805983,0.0
2018-02-19,200.15,205,199.5,201.06,696537,0.0
2018-02-20,202.21,204.8399,199.83,201.14,506776,0.0
2018-02-21,201.26,204.84,199.54,204.03,527410,0.0
2018-02-22,205,207.21,203.77,207.14,478034,0.0
2018-02-25,206.9,207.04,198.32,198.91,1264533,0.0
2018-02-26,198.9,204.89,198.29,203.03,911758,0.0
2018-02-27,204.49,208.98,203.33,203.35,642212,0.0
2018-02-28,203.62,204.84,199.54,200.64,579493,0.0
2018-03-01,198.08,199.08,191.701,193.87,1742039,0.0
2018-03-04,194,198.34,192.5,197.91,892663,0.0
2018-03-05,198.4,202.89,198.4,200.23,754176,0.0
2018-03-06,197.76,202.13,196.07,201.06,653245,0.0
2018-03-07,202.35,206.96,200.13,206.51,750874,0.0
2018-03-08,207.47,208.75,202.81,205.92,746543,0.0
2018-03-11,205.69,208.31,203.02,207.61,586818,0.0
2018-03-12,208.49,213.3,207.6,208.4,1083744,0.0
2018-03-13,208.84,209.49,201.25,202,868920,0.0
2018-03-14,202.39,206.5,201,206.14,1643295,0.0
2018-03-15,210.35,223.5,207.54,221.88,4453808,0.0
2018-03-18,221.75,222.98,215.2,215.6,893412,0.0
2018-03-19,216.89,219,214.22,215.64,760384,0.0
2018-03-20,215.79,217.54,212.9,212.99,640017,0.0
2018-03-21,212.55,215.6145,207.21,207.3601,903426,0.0
2018-03-22,207.6,207.99,202.17,202.3,854293,0.0
2018-03-25,205.07,208.31,204.78,207.9,667831,0.0
2018-03-26,209.21,209.68,203.5,204.93,682899,0.0
2018-03-27,204.64,208.7799,204.2,205.12,570371,0.0
2018-03-28,206.01,207.865,203.31,204.26,856526,0.0
2018-04-01,204.28,206.55,199.15,203.12,627386,0.0
2018-04-02,204.51,205.88,203.06,204.34,507145,0.0
2018-04-03,202.73,207.19,202.73,206.31,697675,0.0
2018-04-04,207.84,208.37,204.87,206.92,681751,0.0
2018-04-05,206.31,213.31,205.48,208.26,893330,0.0
2018-04-08,208.29,214.59,206.165,212.15,937209,0.0
2018-04-09,217.5,221.725,216.67,221.07,1314306,0.0
2018-04-10,219.2,221.44,213,213.3,876555,0.0
2018-04-11,214.17,218.78,212.39,217.81,775374,0.0
2018-04-12,219.75,223.14,218.25,220.87,1094444,0.0
2018-04-15,226.68,230.59,224.35,227.96,1100225,0.0
2018-04-16,228.09,233.91,228.02,233.58,981950,0.0
2018-04-17,233.89,237.88,231.11,233.01,898424,0.0
2018-04-18,232.99,234.96,231.611,234.16,709812,0.0
2018-04-19,234.77,235.9,231.581,235.06,864713,0.0
2018-04-22,236.19,240.08,235.2501,238.66,850768,0.0
2018-04-23,238.75,239.42,232.64,233.93,919738,0.0
2018-04-24,234.82,238.34,234.39,236.19,520760,0.0
2018-04-25,237.61,244.65,236.36,243.62,672671,0.0
2018-04-26,243.59,249.51,242.3,248.85,766673,0.0
2018-04-29,250.14,257.63,249.43,250.91,891598,0.0
2018-04-30,252.06,254.34,248.42,250.6,634216,0.0
2018-05-01,248.91,250.5299,243.66,248.41,551687,0.0
2018-05-02,246.49,247.98,242.6,246.865,413226,0.0
2018-05-03,246.1,255.4,245.18,253.745,665270,0.0
2018-05-06,255,257.24,252.36,252.86,531125,0.0
2018-05-07,251.85,254.29,247.38,249.24,374652,0.0
2018-05-08,250.41,250.9196,244.46,248.86,557871,0.0
2018-05-09,249.79,250.45,245.19,247.49,387718,0.0
2018-05-10,247.26,250.12,246.1,250.02,360953,0.0
2018-05-13,250.49,250.98,246.2,247.09,372430,0.0
2018-05-14,251.5,252.49,246.01,250.39,670948,0.0
2018-05-15,251.89,253.49,251.11,252.04,614327,0.0
2018-05-16,251.5,258.57,251.5,257.59,601735,0.0
2018-05-17,257.19,257.19,255.015,255.6,560894,0.0
2018-05-20,258.35,261.4,253.95,254.78,508410,0.0
2018-05-21,255.39,257.03,252.27,252.67,433180,0.0
2018-05-22,252.07,258.49,251.47,252.97,622575,0.0
2018-05-23,252.45,253.215,245.45,251.72,679255,0.0
2018-05-24,253.32,255.39,250.05,250.99,568300,0.0
2018-05-28,249.56,254.13,248.25,253.69,584122,0.0
2018-05-29,255.43,256.39,250.21,253.48,881144,0.0
2018-05-30,256.14,256.89,246.01,246.91,1474162,0.0
2018-05-31,235.99,251.97,234.81,244.97,3067747,0.0
2018-06-03,245.81,257.33,244.43,256.57,1074622,0.0
2018-06-04,252.44,254.98,249.44,253.87,834999,0.0
2018-06-05,254.6,258.8,251.7,255.86,699284,0.0
2018-06-06,255.5,259.62,252,256.97,884350,0.0
2018-06-07,255.23,256.59,248.13,253.06,780859,0.0
2018-06-10,253.31,254.2397,250.53,251.84,527101,0.0
2018-06-11,251.28,252.7405,247.45,248.28,809248,0.0
2018-06-12,249,251.805,246.93,247.58,675247,0.0
2018-06-13,247.7,247.775,243.681,246.59,1117992,0.0
2018-06-14,246.21,248.54,244.08,247.88,623783,0.0
2018-06-17,245.92,249.8,245.92,247.23,462278,0.0
2018-06-18,246.44,248.56,242.76,246.23,592242,0.0
2018-06-19,248.05,252.51,246.41,251.27,696496,0.0
2018-06-20,250.13,252.05,247.53,250.34,418866,0.0
2018-06-21,251.52,251.925,247.85,249.76,446547,0.0
2018-06-24,248.42,248.42,239.36,241.72,736353,0.0
2018-06-25,242.36,243.77,237.08,238.76,433725,0.0
2018-06-26,239.5,240.72,235.66,236,457898,0.0
2018-06-27,236.5,240.92,235.62,239.67,558261,0.0
2018-06-28,242.05,242.71,233.22,233.46,634732,0.0
2018-07-01,231.12,232.71,228.38,232.57,696796,0.0
2018-07-02,233.85,235.9,233.3201,235.14,316830,0.0
2018-07-04,235.81,237.87,232.865,237.84,474693,0.0
2018-07-05,238,244.19,237.87,242.59,667779,0.0
2018-07-08,243.28,252.42,243.18,250.7,578901,0.0
2018-07-09,250.7,254.88,248.621,254.58,473907,0.0
2018-07-10,253.41,253.4137,249.8,252.2,336436,0.0
2018-07-11,253.21,254.3,251.71,252.87,261121,0.0
2018-07-12,253.63,260.42,253.45,259.84,588859,0.0
2018-07-15,260.33,260.5,253.95,255.52,588447,0.0
2018-07-16,254.35,256.67,252.71,253.09,434670,0.0
2018-07-17,252.08,259.98,248.28,250.64,526922,0.0
2018-07-18,250.87,258.7,250.24,257.39,581692,0.0
2018-07-19,256.74,259.3,253.46,254.52,436206,0.0
2018-07-22,254.51,257.47,252.93,255.09,324345,0.0
2018-07-23,255.29,255.53,245.765,249.24,533573,0.0
2018-07-24,249.24,254.1,248,253.4,535504,0.0
2018-07-25,254.03,257.41,251.17,251.88,277790,0.0
2018-07-26,251.39,253.81,248.66,250,305117,0.0
2018-07-29,247.89,249.27,242.185,243.54,417847,0.0
2018-07-30,245.03,246.43,243.66,244.39,228668,0.0
2018-07-31,243.92,245.66,237.71,237.99,507866,0.0
2018-08-01,233.65,236.3,229.62,234.78,794595,0.0
2018-08-02,235.6,237.51,232.9,234.89,408474,0.0
2018-08-05,234.84,236.28,232.63,236.16,373774,0.0
2018-08-06,236.27,239.89,236.01,239.02,275948,0.0
2018-08-07,238.66,239.4671,235.77,235.98,308574,0.0
2018-08-08,236.51,237.74,230.56,236.14,644319,0.0
2018-08-09,234.25,237.49,232.52,236.51,373440,0.0
2018-08-12,236.5,239.77,231.53,233.46,471786,0.0
2018-08-13,233.95,237.94,233.465,236.02,431510,0.0
2018-08-14,234.5,235.98,231.81,231.9,742171,0.0
2018-08-15,233.9,235.61,232.48,233.2,557159,0.0
2018-08-16,234.43,235.47,231.66,234.96,519420,0.0
2018-08-19,236,239.79,235.81,239.34,366645,0.0
2018-08-20,239.85,243.82,239.32,242.17,533639,0.0
2018-08-21,240.06,241.71,233.17,234.71,680002,0.0
2018-08-22,236.11,240.53,234.62,239.4,560988,0.0
2018-08-23,240.1,242.0699,237.65,241.67,425533,0.0
2018-08-26,242,245.17,239.64,240.84,534684,0.0
2018-08-27,241.67,245.374,239.44,242.54,558997,0.0
2018-08-28,241.77,242.92,240.16,241.73,722736,0.0
2018-08-29,240.73,246.21,240.57,244.42,1293463,0.0
2018-08-30,247.21,268.875,247.21,259.98,4211776,0.0
2018-09-03,260,274.98,258.27,274.4,1708328,0.0
2018-09-04,272.95,276.78,269.6344,274.92,1072922,0.0
2018-09-05,274.99,276.58,270.16,275.67,633770,0.0
2018-09-06,276.41,288.9666,276.35,285.8,1652894,0.0
2018-09-09,287.06,287.44,284.27,285.97,681880,0.0
2018-09-10,285.44,290.295,283.16,286.73,725250,0.0
2018-09-11,287.41,289.65,282.55,283.62,670026,0.0
2018-09-12,284.3,284.99,279.47,280.54,549487,0.0
2018-09-13,280.11,283,278.94,279.01,560262,0.0
2018-09-16,278.71,282.41,276.41,281.43,515560,0.0
2018-09-17,281.05,285.1,278.67,282.87,537878,0.0
2018-09-18,284.87,287.61,280.9,287.16,603611,0.0
2018-09-19,288.14,289.14,284.22,284.76,591803,0.0
2018-09-20,285.83,286.53,280.73,280.76,681728,0.0
2018-09-23,280.55,282.95,277.3,280.99,601052,0.0
2018-09-24,281.1,281.95,276.35,277.47,476894,0.0
2018-09-25,278.39,282.92,277.22,278.25,681605,0.0
2018-09-26,279.21,281.0608,276.69,279.22,480197,0.0
2018-09-27,278.97,285.51,278.95,282.03,493142,0.0
2018-09-30,284.12,285.24,281.7741,282.98,543521,0.0
2018-10-01,283.58,283.58,279.69,279.96,414628,0.0
2018-10-02,280.24,282.62,276.68,278.91,393901,0.0
2018-10-03,277.74,281.98,272.6,275.05,489376,0.0
2018-10-04,273.73,274.695,265,269.85,889232,0.0
2018-10-07,270.37,275.89,270.1135,273.42,440647,0.0
2018-10-08,274.32,278,272.67,275.7,446512,0.0
2018-10-09,275.27,275.71,267.81,268.15,509520,0.0
2018-10-10,268.76,274.32,264.71,267.59,515271,0.0
2018-10-11,272.08,277.93,272,275.67,761251,0.0
2018-10-14,276.15,285.01,275.08,281.73,596458,0.0
2018-10-15,283.66,286.55,278.23,285.39,538766,0.0
2018-10-16,286.33,287.05,278.96,281.91,397358,0.0
2018-10-17,280.63,283.17,271.26,273.44,612977,0.0
2018-10-18,275.5,277.858,270.62,270.74,664376,0.0
2018-10-21,271.91,275.15,270.925,274.62,510972,0.0
2018-10-22,270.5,272.42,263.005,272.04,481912,0.0
2018-10-23,271.72,275.245,266.78,267.09,507314,0.0
2018-10-24,267.73,273.605,266.34,272.24,408324,0.0
2018-10-25,268.02,276.07,266,274.91,532089,0.0
2018-10-28,278.43,285.43,275.4,278.49,710705,0.0
2018-10-29,278.6,279.5325,263.94,266.92,1032012,0.0
2018-10-30,271.42,277.65,271.41,274.53,540628,0.0
2018-10-31,275.9,277.73,272.21,272.75,472115,0.0
2018-11-01,275.36,282.24,275.04,281.84,645337,0.0
2018-11-04,283.34,288.65,282.54,285.13,942565,0.0
2018-11-05,286.2,292.3748,285.34,291.79,1050891,0.0
2018-11-06,295.01,297.76,287,290.51,1523487,0.0
2018-11-07,281.76,308.88,275.11,304.51,1461446,0.0
2018-11-08,303.7,312.2,302.15,308.14,1037786,0.0
2018-11-11,308.5,312.38,305.5,309.09,789328,0.0
2018-11-12,308.88,314.29,305.5133,314.26,550921,0.0
2018-11-13,315.15,321.73,309,313.14,1125915,0.0
2018-11-14,312.13,312.52,306.23,311.82,784970,0.0
2018-11-15,311.01,316.64,306.015,313.44,768160,0.0
2018-11-18,315.38,322.4899,311.1866,313.27,962463,0.0
2018-11-19,304.97,310.2522,301.01,302.14,1060660,0.0
2018-11-20,304.15,305.9848,301.31,303.75,502281,0.0
2018-11-22,302.77,307.38,302.3324,303.39,313136,0.0
2018-11-25,306.99,309.22,299.6,301.31,906609,0.0
2018-11-26,296.43,298.63,293.88,296.8,1504712,0.0
2018-11-27,299.19,302.2906,292.565,295.19,1483258,0.0
2018-11-28,298,302.71,297.02,300.36,910324,0.0
2018-11-29,300.05,301.95,296.42,297.78,671836,0.0
2018-12-02,303.88,311.3,302.47,306.53,1255425,0.0
2018-12-03,304.78,308.4,289.21,291.15,1438268,0.0
2018-12-05,285,293.545,281.78,292.72,1547976,0.0
2018-12-06,271.45,276.11,252,254.48,4146199,0.0
2018-12-09,251.93,254.1,242.74,251.42,2525650,0.0
2018-12-10,255,256.93,246.56,247.86,1051481,0.0
2018-12-11,251.46,257.49,248.5446,255.155,960226,0.0
2018-12-12,255.73,256.235,250.528,251.52,757660,0.0
2018-12-13,249.2,251.68,246.04,246.87,754814,0.0
2018-12-16,245.56,248.5104,240.5,241.95,790669,0.0
2018-12-17,244.86,248.945,237.55,241.02,915087,0.0
2018-12-18,243.86,247.14,237.75,239.17,1044343,0.0
2018-12-19,237.85,241.1,230.209,234.01,901921,0.0
2018-12-20,235.19,238.15,229.26,230.46,1324471,0.0
2018-12-23,228.65,234.29,224.4301,229.09,629829,0.0
2018-12-25,230.74,242.42,229.4885,242.38,850147,0.0
2018-12-26,238.77,242.495,233.85,242.48,584379,0.0
2018-12-27,243.5,247.09,238.17,239.4,523004,0.0
2018-12-30,240.35,244.845,239.5648,243.71,613858,0.0
2019-01-01,239.96,249.4,239.31,247.91,721990,0.0
2019-01-02,245.83,247,240.13,243.59,742777,0.0
2019-01-03,247.08,258.48,246,255.03,732410,0.0
2019-01-06,256.97,271.15,256.97,271.02,959840,0.0
2019-01-07,271.92,276.5,267.43,276.15,815087,0.0
2019-01-08,275.82,282.1,274.915,281.4,628250,0.0
2019-01-09,274.8,277.71,269.29,277,839561,0.0
2019-01-10,276.81,284.38,275.87,284.2,691943,0.0
2019-01-13,282.06,282.93,275.05,275.325,582192,0.0
2019-01-14,274.97,280.52,273.312,278.51,465982,0.0
2019-01-15,277.76,282.18,277.505,282.05,402618,0.0
2019-01-16,280.19,284.33,280,284.25,565865,0.0
2019-01-17,286.28,292.22,286.06,291.32,822732,0.0
2019-01-21,288.1,294.44,285.8198,288.36,638847,0.0
2019-01-22,289.41,292.0349,286.13,288.135,389397,0.0
2019-01-23,289.61,289.7,286.12,287.91,288571,0.0
2019-01-24,291.1,293.66,287.63,290.53,473331,0.0
2019-01-27,291,291.5,286.33,290.17,487091,0.0
2019-01-28,290.37,290.4,286.13,288.585,456369,0.0
2019-01-29,290.28,290.99,286.4,288.46,478700,0.0
2019-01-30,288.66,294.07,286.04,291.88,413941,0.0
2019-01-31,292.38,293.39,288.01,291.47,439603,0.0
2019-02-03,289.76,289.76,282.9,288.8275,624039,0.0
2019-02-04,290.5,296.5552,288.68,294.08,896687,0.0
2019-02-05,293.57,295.95,288.05,293.28,416196,0.0
2019-02-06,291.18,294.57,288.09,293.65,373748,0.0
2019-02-07,291.58,296.48,289.25,295.89,673267,0.0
2019-02-10,296.25,302.33,296.25,298.245,604996,0.0
2019-02-11,301.23,305,300.73,302.49,462046,0.0
2019-02-12,304.16,304.83,299.72,304.21,551771,0.0
2019-02-13,302.68,307.59,300.92,305.77,526238,0.0
2019-02-14,307.42,308.525,305.44,306.39,503984,0.0
2019-02-20,306.28,309.7,304.115,307.955,637695,0.0
2019-02-21,309.63,310.93,308,310.69,536791,0.0
2019-02-24,311.54,313.6299,308.03,308.88,482623,0.0
2019-02-25,308.65,311.02,308.18,309.92,404155,0.0
2019-02-26,307.48,309.47,305.12,307.11,594878,0.0
2019-02-27,306.02,315.16,304.3,312.54,615421,0.0
2019-02-28,315.61,318.779,313.82,315.2,457602,0.0
2019-03-03,316.97,317.78,308.03,311.68,738867,0.0
2019-03-04,312.98,314.3,310.3,312.23,706999,0.0
2019-03-05,312.11,313.21,308.98,312.52,554088,0.0
2019-03-06,312.01,312.2,304.48,305.43,773851,0.0
2019-03-07,302.87,306.99,294,306.42,794863,0.0
2019-03-10,308,310.34,306.565,309.69,719389,0.0
2019-03-11,310.69,312,304.32,311.41,694670,0.0
2019-03-12,312.05,316.98,311.06,315.45,697050,0.0
2019-03-13,315.73,315.73,311.61,312.51,890896,0.0
2019-03-14,339.6704,344.75,336.35,338.39,2291415,0.0
2019-03-17,338.6,344.53,336.87,342.29,868341,0.0
2019-03-18,342.97,343.919,331.32,334.45,1354254,0.0
2019-03-19,335,337.5,330.51,330.79,832719,0.0
2019-03-20,329.22,336.55,328.829,334.99,709272,0.0
2019-03-21,334.18,336.07,328.6343,330.52,579661,0.0
2019-03-24,330.88,338.25,330.88,336.68,683440,0.0
2019-03-25,339.62,345.63,337.45,342.89,734348,0.0
2019-03-26,343.7,348.39,343.19,346.06,671058,0.0
2019-03-27,347.89,351.434,343.3041,345.21,571108,0.0
2019-03-28,347.6,350,344.95,348.59,357370,0.0
2019-03-31,351.5,353.775,350.74,352.41,184745,0.0
2019-04-01,353.37,354.09,346.59,347.39,449402,0.0
2019-04-02,349.47,354.44,347.63,350.43,450375,0.0
2019-04-03,350.53,352.5005,347.75,349.87,331160,0.0
2019-04-04,351.73,354,348.74,353.74,482835,0.0
2019-04-07,353.56,355.725,351.29,354.51,356595,0.0
2019-04-08,352.36,355.2807,347.3,348.2,480915,0.0
2019-04-09,349.76,350.85,345.3825,350.28,481074,0.0
2019-04-10,350.88,351.87,348.0025,350.23,480692,0.0
2019-04-11,350.65,351.88,344.27,344.83,440961,0.0
2019-04-14,346.76,354.67,345.99,353.94,617541,0.0
2019-04-15,354.78,356.8022,349.45,355.08,570392,0.0
2019-04-16,355.08,359.69,353.93,354.39,442387,0.0
2019-04-17,356.63,359.095,350.25,350.9,532409,0.0
2019-04-21,350.33,351.47,344.26,347.42,451115,0.0
2019-04-22,347.72,355.855,347.49,351.67,483265,0.0
2019-04-23,351.33,357.91,351.33,355.84,361694,0.0
2019-04-24,355.32,355.3424,348.54,353.82,340891,0.0
2019-04-25,356.86,358.435,350.01,357.91,498158,0.0
2019-04-28,356.97,357.895,350.65,351.04,508366,0.0
2019-04-29,351.12,352.16,346.99,348.99,520537,0.0
2019-04-30,347.81,348.33,334.65,334.92,1088894,0.0
2019-05-01,335.01,344.11,335.01,343.48,757485,0.0
2019-05-02,344.27,346.12,339.98,341.96,632246,0.0
2019-05-05,336.53,347.61,335.78,346.77,665249,0.0
2019-05-06,344.29,347.31,338.8946,342.71,601344,0.0
2019-05-07,341.82,350.55,340.03,348.19,421672,0.0
2019-05-08,344.52,349.13,343.28,347.98,381847,0.0
2019-05-09,347.01,347.01,337.01,343.24,608641,0.0
2019-05-12,337.21,338.98,328.34,330.23,751940,0.0
2019-05-13,332,336.8,325.6186,335.25,837472,0.0
2019-05-14,335.06,340.95,333.47,340.73,563846,0.0
2019-05-15,341.31,348.46,341.31,343.24,420046,0.0
2019-05-16,340,349.56,340,342.27,494971,0.0
2019-05-19,340.5,348.31,339.0328,347.89,772611,0.0
2019-05-20,348.61,354.54,347.9,353.09,493902,0.0
2019-05-21,351.8,354.62,348.89,348.99,334563,0.0
2019-05-22,347.03,347.1398,336.07,338.06,891531,0.0
2019-05-23,338.81,340.84,330.43,335.09,563831,0.0
2019-05-27,336.22,338.5,333.01,334.74,689385,0.0
2019-05-28,332.37,334.59,321.82,322.02,967500,0.0
2019-05-29,327.64,334.0253,321.18,328.25,1106766,0.0
2019-05-30,315.33,335.1263,304.04,333.39,2919542,0.0
2019-06-02,333.89,337.36,327.85,330.84,837828,0.0
2019-06-03,332.3,340.55,331.6,335.53,717329,0.0
2019-06-04,338.01,338.64,331.26,337.48,464344,0.0
2019-06-05,339.85,341.96,336.38,340.12,521695,0.0
2019-06-06,340.69,343.96,337.68,338.07,439405,0.0
2019-06-09,339.11,344.49,335.63,336.92,462872,0.0
2019-06-10,341.22,341.89,334.56,339.93,384250,0.0
2019-06-11,341.88,343.88,339.14,342.82,440496,0.0
2019-06-12,344.62,350.2,344.5,349.81,1308636,0.0
2019-06-13,349.34,355.61,349.0271,354.73,1184239,0.0
2019-06-16,355.61,357.54,349.56,350.19,537206,0.0
2019-06-17,352.58,354.09,345.9,347.28,554032,0.0
2019-06-18,346.77,358.43,343.628,357.83,479192,0.0
2019-06-19,360.42,365.535,355.165,358.42,642719,0.0
2019-06-20,359.28,360.47,355.28,355.71,553749,0.0
2019-06-23,357.73,358.69,340.26,346.54,1503121,0.0
2019-06-24,345.1,348.92,340.8745,348.84,561956,0.0
2019-06-25,350.58,352.65,344.27,344.81,416259,0.0
2019-06-26,346.5,347.425,339.5305,344.22,407159,0.0
2019-06-27,344.95,347.38,343.89,346.91,452866,0.0
2019-06-30,350.55,353.76,339.88,340.37,679409,0.0
2019-07-01,340.76,345.78,338.25,341.28,477096,0.0
2019-07-02,343.65,346,341.21,345.2,296693,0.0
2019-07-04,343.33,348.49,343.33,345.06,411762,0.0
2019-07-07,343.61,353.08,343.43,352.96,515295,0.0
2019-07-08,351.2,353.19,347,348.43,645917,0.0
2019-07-09,349.38,349.91,342.78,347.21,533108,0.0
2019-07-10,348,349.95,346.155,346.98,481278,0.0
2019-07-11,348,357.275,347.27,356.32,575081,0.0
2019-07-14,356.97,361.27,354.3001,355.71,632175,0.0
2019-07-15,356.57,361.85,355.61,360.68,1342996,0.0
2019-07-16,361.52,368.83,361.52,366.31,661553,0.0
2019-07-17,363.55,368.72,363.55,366.19,455042,0.0
2019-07-18,365.19,367.01,356.45,356.94,476224,0.0
2019-07-21,357.79,359.8,351.09,352.94,423123,0.0
2019-07-22,354,354.11,349.98,351.99,480415,0.0
2019-07-23,351.99,353.17,348.75,352.94,453408,0.0
2019-07-24,353.73,359.74,352,354.76,397618,0.0
2019-07-25,355.72,356.045,349.56,353.89,447803,0.0
2019-07-28,352.67,353.195,341.4,346.24,760221,0.0
2019-07-29,345.03,350.45,342.1516,348.675,508338,0.0
2019-07-30,347.62,354,344.365,349.24,434831,0.0
2019-07-31,348.73,352.08,341.895,345.76,506224,0.0
2019-08-01,345.45,348.355,334.16,336.86,619064,0.0
2019-08-04,331.98,331.98,326.34,330.06,593174,0.0
2019-08-05,330.37,340.95,329,340.08,528827,0.0
2019-08-06,337.22,344.36,336.7,343.68,667678,0.0
2019-08-07,345.18,355.36,344.76,353.06,497294,0.0
2019-08-08,351.49,353.3994,345,346.595,470066,0.0
2019-08-11,345.91,345.91,332.68,336.52,665835,0.0
2019-08-12,334.31,348.315,333.3344,341.22,495339,0.0
2019-08-13,330.06,332.2,320.165,321.07,1148590,0.0
2019-08-14,320.74,324.865,315.49,320.38,939307,0.0
2019-08-15,323.52,327.89,319.26,321.89,473619,0.0
2019-08-18,327.43,328.765,322.45,325.25,640634,0.0
2019-08-19,325.17,328.28,320.51,322.9615,409480,0.0
2019-08-20,327.24,331.486,326.81,328.12,463070,0.0
2019-08-21,328.54,338.5,328.54,334.73,654433,0.0
2019-08-22,330.64,332.37,321.2425,322.31,977303,0.0
2019-08-25,327,331.99,324.54,330.24,837960,0.0
2019-08-26,333.16,334.7999,323.6,323.78,746281,0.0
2019-08-27,323.77,331.45,321.16,330.38,601558,0.0
2019-08-28,337.5,342,333.09,337.74,1492053,0.0
2019-08-29,252.81,254.499,235.76,237.6508,14878135,0.0
2019-09-02,234.05,244.21,231.02,237.39,5236485,0.0
2019-09-03,238,239.86,228.2,228.66,3740021,0.0
2019-09-04,229.03,237.85,227.71,236.71,3050842,0.0
2019-09-05,237.9,239.24,233.03,233.1,1807116,0.0
2019-09-08,233.74,234.17,226.03,226.08,1838738,0.0
2019-09-09,225.5,233.17,225.28,231.241,1980162,0.0
2019-09-10,231.68,233.88,227.26,228.14,1358904,0.0
2019-09-11,229.06,229.3599,225.12,226.15,1771322,0.0
2019-09-12,227.6,227.95,225.53,226.9,1044546,0.0
2019-09-15,226.26,230.12,224.6557,225.47,1143254,0.0
2019-09-16,225.69,235.09,225.15,233.89,1977008,0.0
2019-09-17,233.74,233.74,227.38,229.35,1568950,0.0
2019-09-18,229.6,232.7,228.61,230.07,950776,0.0
2019-09-19,229.79,232.26,227.65,228.73,1332507,0.0
2019-09-22,229.55,239.92,229.27,237.225,2222405,0.0
2019-09-23,237.89,241.3,235.2949,239.44,2237956,0.0
2019-09-24,238.75,239.425,233.2786,235.45,1204726,0.0
2019-09-25,236.4,238.53,234.75,236.33,912735,0.0
2019-09-26,238.14,246.46,237.4,244.39,1992182,0.0
2019-09-29,245.58,251.76,245,250.75,1998565,0.0
2019-09-30,253.45,267.25,253.01,265.91,4164820,0.0
2019-10-01,263.31,264,256.89,262.84,2097909,0.0
2019-10-02,263.37,265.21,250.65,257.47,1966222,0.0
2019-10-03,257.71,258.0937,250.26,250.59,3267205,0.0
2019-10-06,250.25,250.96,242.32,242.81,4085137,0.0
2019-10-07,240.06,240.99,235.2,237.05,6253734,0.0
2019-10-08,238.14,240.67,235.6701,238.05,2791021,0.0
2019-10-09,237.65,242.3,237.0228,241.75,2032742,0.0
2019-10-10,245.41,249.55,244.115,248.39,2298823,0.0
2019-10-13,247.25,249.39,245.8,246.57,1173382,0.0
2019-10-14,247.01,249.19,244.25,245.32,1324734,0.0
2019-10-15,245.71,247.7299,243.51,244.98,1336109,0.0
2019-10-16,244.86,251.67,244.86,248.08,2154470,0.0
2019-10-17,246.8,247.2385,239.8,239.88,2292503,0.0
2019-10-20,237.679,239.6704,235.24,235.29,1140332,0.0
2019-10-21,236.26,240.38,236.26,236.91,881397,0.0
2019-10-22,237.41,238.24,231.08,237.88,833001,0.0
2019-10-23,237.77,240.85,236.27,238.89,723705,0.0
2019-10-24,238.38,242.475,237.73,240.9,610717,0.0
2019-10-27,240,246.6,240,241.58,1121085,0.0
2019-10-28,242.08,243.98,237.37,242.11,869503,0.0
2019-10-29,241.76,241.77,238.18,240.26,542530,0.0
2019-10-30,239.96,240.25,229.79,233.17,2309475,0.0
2019-10-31,235.16,235.45,232.9,233.1,1446917,0.0
2019-11-03,233.95,237.5799,232.09,237.14,1809368,0.0
2019-11-04,237.51,247.64,237.51,245.43,1408855,0.0
2019-11-05,246.11,246.75,241.35,243.94,577810,0.0
2019-11-06,246.59,248.88,243.45,243.78,686499,0.0
2019-11-07,242.23,243.2,238.3,239.28,796472,0.0
2019-11-10,238.78,243.68,238.78,242.06,581060,0.0
2019-11-11,241.16,246.1,239.74,243.92,839326,0.0
2019-11-12,241.99,245.14,238.6429,244,538416,0.0
2019-11-13,244.95,245.6647,241.35,242.81,655906,0.0
2019-11-14,243.14,246.73,240.13,246.27,832224,0.0
2019-11-17,245.47,245.99,242.76,244.31,724242,0.0
2019-11-18,243.79,243.85,238.28,239.64,1054725,0.0
2019-11-19,236.83,236.95,231.97,234.29,1685561,0.0
2019-11-20,234.35,237.635,226.71,228.49,2315361,0.0
2019-11-21,229,231.95,227.13,228.85,1785759,0.0
2019-11-24,227.81,231.5123,222,231.21,1750008,0.0
2019-11-25,231.13,236.8522,231.13,235.98,1036697,0.0
2019-11-26,237.47,242.43,233.475,233.9974,1339263,0.0
2019-11-28,234.36,236.51,232.821,233.95,610735,0.0
2019-12-01,233.37,237.185,232.617,236.31,1051855,0.0
2019-12-02,235.24,238.11,234.26,237.09,1027236,0.0
2019-12-03,238.49,242.45,237.51,239.43,1226247,0.0
2019-12-04,241.1,244.2764,234.69,236.1331,2032646,0.0
2019-12-05,256.86,269.89,254.4,262.1934,6601549,0.0
2019-12-08,260.49,260.84,252.52,252.61,2540477,0.0
2019-12-09,251.7,252.73,248.58,250.34,1557178,0.0
2019-12-10,250.27,251.79,245.92,251.64,1015297,0.0
2019-12-11,252.51,259.62,250.91,258.88,1143712,0.0
2019-12-12,259.4,260.22,253.4,253.5,918916,0.0
2019-12-15,254.53,255.84,248.35,249.06,924324,0.0
2019-12-16,249,256.08,248.8,255.96,944302,0.0
2019-12-17,256.22,256.35,249,250.08,1010952,0.0
2019-12-18,251.42,251.8794,247.05,250.62,1009933,0.0
2019-12-19,251.18,251.18,247.56,250.53,1186952,0.0
2019-12-22,252.05,253.5499,250.84,253.02,844019,0.0
2019-12-23,253.22,257.69,252.22,252.48,489708,0.0
2019-12-25,253,255.49,248.7818,251.34,701471,0.0
2019-12-26,252.62,255.62,251.75,253.17,692304,0.0
2019-12-29,253.18,254.05,249.7098,251.3,605239,0.0
2019-12-30,251.29,253.7,250.31,253.08,690547,0.0
2020-01-01,254.32,254.8289,250.6456,254.55,861542,0.0
2020-01-02,252.28,252.48,249.22,250.06,812112,0.0
2020-01-05,248.71,251.09,246.74,250.94,770213,0.0
2020-01-06,250.41,254.84,250,253.09,1037446,0.0
2020-01-07,252.45,259.1759,252.45,258,964190,0.0
2020-01-08,259.67,266.3218,259.26,263.51,1404241,0.0
2020-01-09,264.18,267.3,262.44,267.28,1239615,0.0
2020-01-12,269.24,279.45,269.05,275.735,1711638,0.0
2020-01-13,276.35,283.16,276.1718,282.73,1243615,0.0
2020-01-14,282.63,284.06,275.8001,276.29,1355825,0.0
2020-01-15,277.99,280.16,276.35,277,629805,0.0
2020-01-16,277.5,278.19,271.18,272.82,742638,0.0
2020-01-20,272.89,276.84,269.75,271.87,1730748,0.0
2020-01-21,273.38,276.19,272.5,273.94,2011674,0.0
2020-01-22,273.73,274.39,268.93,272.19,1650426,0.0
2020-01-23,272.26,275.24,270.87,272.93,1441100,0.0
2020-01-26,267.36,276.51,266.21,273.71,743643,0.0
2020-01-27,275,277.26,271.78,273.87,553257,0.0
2020-01-28,274.5,275.69,271.11,274,432796,0.0
2020-01-29,270.55,275,270.15,274.52,584382,0.0
2020-01-30,274.27,274.27,266.7375,267.93,660671,0.0
2020-02-02,273,280,272.3,274.94,858562,0.0
2020-02-03,277.52,279.88,272.86,273.52,799628,0.0
2020-02-04,275.55,280.06,274.44,278.24,589985,0.0
2020-02-05,279.81,293.39,279.505,293.03,1514393,0.0
2020-02-06,292.16,297.34,290.25,296.08,1192777,0.0
2020-02-09,295,297.42,291.73,293.24,727003,0.0
2020-02-10,294.89,295.38,290.03,293.75,631762,0.0
2020-02-11,294.16,304.65,294,299.22,792792,0.0
2020-02-12,298.03,300.99,295.5,297.09,401188,0.0
2020-02-13,297.3,299.03,293.435,294.6,391257,0.0
2020-02-17,295.46,300.05,294.19,298.56,458679,0.0
2020-02-18,299.9,300.95,296.71,296.88,401541,0.0
2020-02-19,296.05,301.9766,294.31,301.43,468554,0.0
2020-02-20,299.76,302.89,298,299.3975,603218,0.0
2020-02-23,290.15,294.73,283.59,285.57,828906,0.0
2020-02-24,287.53,288.75,277.15,278,899049,0.0
2020-02-25,279.87,280.7,272.3519,272.84,667749,0.0
2020-02-26,266.7,271.84,261.88,265.34,984977,0.0
2020-02-27,257.52,262.47,252.09,256.96,1263578,0.0
2020-03-01,256.345,261,249.01,260.98,1041383,0.0
2020-03-02,259.33,267,255.68,256.88,982353,0.0
2020-03-03,260.32,269.3,258.76,268.78,775312,0.0
2020-03-04,260.96,263.67,252.97,257.1,1024242,0.0
2020-03-05,252.41,258.09,248.15,256.78,2242662,0.0
2020-03-08,236,244.14,230,235.695,1739501,0.0
2020-03-09,245.71,248.52,224.31,239.05,1017343,0.0
2020-03-10,232.57,234.61,218.4,221.21,1321464,0.0
2020-03-11,198.92,214.14,190.83,196.045,2188675,0.0
2020-03-12,227.19,229.252,193.65,207.06,2358597,0.0
2020-03-15,183.02,187.99,160,161.48,3657708,0.0
2020-03-16,164.16,164.83,141.27,154.6,2118904,0.0
2020-03-17,144.72,149.06,124.05,128.52,4107884,0.0
2020-03-18,128.81,153.65,124.33,146.95,2577646,0.0
2020-03-19,156.35,164.9499,143.9,148.06,2803304,0.0
2020-03-22,149.45,155,140.335,142.87,1514133,0.0
2020-03-23,157.98,179.15,154.05,177.59,1870715,0.0
2020-03-24,180,201.3,180,191.88,2098356,0.0
2020-03-25,194.87,201.75,184.56,188.84,1816511,0.0
2020-03-26,178.01,182.31,171.47,174.43,1554626,0.0
2020-03-29,179.51,182.68,166.6,179.71,1111619,0.0
2020-03-30,175.29,181,174.01,175.69,954889,0.0
2020-03-31,167.94,172.73,159.86,161.45,1131537,0.0
2020-04-01,158.2,164.801,153.29,161.12,1171581,0.0
2020-04-02,160.34,163.4277,154.96,156.57,1026538,0.0
2020-04-05,168.11,189.79,168.11,188.55,3679808,0.0
2020-04-06,204.91,210,185.15,187.55,1766189,0.0
2020-04-07,189.25,202.75,187.49,200.57,3684348,0.0
2020-04-08,210,215.55,199.01,202.48,1298517,0.0
2020-04-12,202.75,203.53,195.489,202.56,888381,0.0
2020-04-13,206.27,210.9399,203.3,205,1708124,0.0
2020-04-14,195.58,202,194.33,201.78,1755886,0.0
2020-04-15,204.76,209.741,201.493,208.92,2716945,0.0
2020-04-16,220.8,222.94,208.26,215.51,2020156,0.0
2020-04-19,209.19,213.03,207,208.07,1583906,0.0
2020-04-20,201,206.0161,200.1,201.57,2188431,0.0
2020-04-21,205.52,210.75,203.5,209.09,1764653,0.0
2020-04-22,210.56,217.77,210.23,210.62,2168531,0.0
2020-04-23,211.08,212.96,203.06,210.63,1949264,0.0
2020-04-26,212.9,214.27,207.33,208.2,2280412,0.0
2020-04-27,212.3,221.61,210.66,218.58,1099693,0.0
2020-04-28,224,230.6667,223.01,226.16,1005262,0.0
2020-04-29,220.74,226.35,216.42,217.9,1730633,0.0
2020-04-30,212.9,217.82,209.12,214.63,510146,0.0
2020-05-03,211.68,216.0025,206.6,215.58,1730173,0.0
2020-05-04,219.22,220.797,216,218.32,719287,0.0
2020-05-05,220.65,221.88,217.48,218.15,890924,0.0
2020-05-06,222.28,226.76,221.365,222.23,590601,0.0
2020-05-07,225.64,230.37,223.44,230,1147340,0.0
2020-05-10,227.47,234.6,226.6901,230.21,1387002,0.0
2020-05-11,228.65,228.65,211.58,211.87,1457442,0.0
2020-05-12,211.92,211.9999,195.06,197.81,1866446,0.0
2020-05-13,194,201.81,188.1,200.96,1498081,0.0
2020-05-14,199.77,205.45,197.51,200.44,1960098,0.0
2020-05-17,210.6,218.46,210.6,212.57,1099396,0.0
2020-05-18,213.01,213.01,204.33,210.22,912034,0.0
2020-05-19,213,215.26,210,213.56,1797232,0.0
2020-05-20,213.36,224.48,210.74,222.77,3481828,0.0
2020-05-21,223.29,223.64,216.29,220.71,1973254,0.0
2020-05-25,230.36,239.09,228.41,238.07,1578001,0.0
2020-05-26,244.43,252.38,239.26,251.72,1548881,0.0
2020-05-27,251.66,252.89,241,243.27,1420016,0.0
2020-05-28,240.61,246.41,231.51,244,2292044,0.0
2020-05-31,246.49,250.57,236.01,238.959,1366005,0.0
2020-06-01,242.16,242.95,237.05,241.22,1217288,0.0
2020-06-02,244.47,254.365,242,252.3,1948526,0.0
2020-06-03,250.5,255.8324,244.28,247.74,1412034,0.0
2020-06-04,256.86,258.18,249.74,252.08,1046286,0.0
2020-06-07,255.91,256.79,250.44,254.56,1686706,0.0
2020-06-08,248.44,249,244.1844,244.71,1313290,0.0
2020-06-09,245.67,246.84,236.47,238.41,966734,0.0
2020-06-10,225.28,230.78,223.0597,225.88,2588720,0.0
2020-06-11,232.4,236.31,227.335,227.335,275608,0.0
2020-06-14,218.71,225.8,214.5,225.57,1000067,0.0
2020-06-15,235,236.16,225,225.79,2275201,0.0
2020-06-16,226.87,229.84,222.4196,223.55,1109263,0.0
2020-06-17,221.57,224.09,217.51,219.17,1927256,0.0
2020-06-18,227.62,229.3,208.51,212.21,2005714,0.0
2020-06-21,214,214.11,205.08,205.51,1622211,0.0
2020-06-22,208.24,209.7728,205.69,206.72,1455050,0.0
2020-06-23,205,206.43,194.12,200.11,1929946,0.0
2020-06-24,198.33,198.8,191.66,194.28,2019902,0.0
2020-06-25,193.63,193.96,188.9,190,1694321,0.0
2020-06-28,191,200.33,186.01,198.75,1898927,0.0
2020-06-29,198.5,204.15,196.1,203.28,1337014,0.0
2020-06-30,202.62,209.8476,200.83,203.7,1176469,0.0
2020-07-01,207.84,208.43,202.1,203.81,725362,0.0
