Date,Open,High,Low,Close,Volume,OpenInterest
2016-07-11,84.5,84.62,83.85,84.5,394693,0.0
2016-07-12,85,85,84.35,84.74,325992,0.0
2016-07-13,85.18,85.71,84.9591,85.59,391353,0.0
2016-07-14,86,86,85.08,85.24,332282,0.0
2016-07-17,85.47,85.54,84.97,85.06,291344,0.0
2016-07-18,84.75,85.555,84.66,85.54,258337,0.0
2016-07-19,85.6,85.88,85.31,85.4,258956,0.0
2016-07-20,85.17,85.35,84.54,84.8,311338,0.0
2016-07-21,85.15,85.89,84.84,85.72,310804,0.0
2016-07-24,85.72,85.75,85.16,85.52,212008,0.0
2016-07-25,85.44,85.73,85.02,85.36,223568,0.0
2016-07-26,85.26,85.42,84.84,85.17,254630,0.0
2016-07-27,85.2,85.71,84.59,85.54,226452,0.0
2016-07-28,85.58,85.61,84.946,85.29,379118,0.0
2016-07-31,85.15,85.45,84.76,84.87,401472,0.0
2016-08-01,84.83,84.96,83.71,83.72,549195,0.0
2016-08-02,81.6,81.94,78.27,79.44,1624843,0.0
2016-08-03,79.65,81.31,79.595,81.13,876290,0.0
2016-08-04,81.27,82.63,81.19,82.16,641614,0.0
2016-08-07,82.2,82.52,81.32,81.5,371974,0.0
2016-08-08,81.68,82.15,81.2,81.73,255199,0.0
2016-08-09,81.6,81.6,81.02,81.45,300931,0.0
2016-08-10,81.73,82.07,81.51,81.56,181689,0.0
2016-08-11,81.26,81.62,80.65,81.41,247677,0.0
2016-08-14,81.77,81.77,81.28,81.63,382493,0.0
2016-08-15,81.6,81.79,81.05,81.59,478334,0.0
2016-08-16,81.89,81.9,80.98,81.77,722637,0.0
2016-08-17,81.75,81.99,81.225,81.69,447568,0.0
2016-08-18,81.42,81.96,81.15,81.94,309110,0.0
2016-08-21,81.46,82.63,81.44,82.26,411584,0.0
2016-08-22,82.47,82.47,82.03,82.3,306895,0.0
2016-08-23,82.22,82.71,82,82.12,298300,0.0
2016-08-24,82.12,83.05,82,83.03,627797,0.0
2016-08-25,83.3,84.04,82.8,83.14,472933,0.0
2016-08-28,83.07,83.44,83,83.1,328601,0.0
2016-08-29,82.94,83.49,82.8,82.99,401096,0.0
2016-08-30,83.1,83.28,82.79,83.05,579480,0.0
2016-08-31,83.27,83.57,82.84,83.3,573509,0.0
2016-09-01,83.94,84.22,83.05,83.84,418467,0.0
2016-09-05,83.7,84.08,83.39,84.05,354123,0.0
2016-09-06,83.92,84.16,83.52,83.62,395659,0.0
2016-09-07,83.44,83.72,82.82,82.83,362194,0.0
2016-09-08,82.03,82.83,81.95,81.99,779844,0.0
2016-09-11,81.98,83.98,81.49,82.76,567105,0.0
2016-09-12,81.99,82.75,81.26,81.79,630936,0.0
2016-09-13,81.84,82.18,80.96,81.14,310158,0.0
2016-09-14,81.12,81.76,80.6901,81.49,442289,0.0
2016-09-15,80.99,81.32,80.4275,80.64,747069,0.0
2016-09-18,80.98,81.35,80.42,80.72,269507,0.0
2016-09-19,81.06,81.3195,80.53,80.55,373848,0.0
2016-09-20,80.73,81.14,80.15,80.86,295378,0.0
2016-09-21,81.21,81.31,80.81,81.03,760514,0.0
2016-09-22,81.08,81.66,80.57,81.32,1404275,0.0
2016-09-25,80.78,81.47,80.34,81.11,437049,0.0
2016-09-26,80.99,81.73,80.92,81.4,579834,0.0
2016-09-27,81.55,81.9,81.005,81.86,607078,0.0
2016-09-28,81.89,82.18,80.84,81.05,394290,0.0
2016-09-29,81.48,81.72,81.22,81.27,560506,0.0
2016-10-02,80.93,81.5,80.5427,81.245,453638,0.0
2016-10-03,81.24,81.31,80.56,80.65,662806,0.0
2016-10-04,80.88,81.06,80.19,80.29,402591,0.0
2016-10-05,80.32,80.5,79.27,79.76,540115,0.0
2016-10-06,79.71,79.96,79.24,79.61,348887,0.0
2016-10-09,79.8,80.42,79.8,80.08,225832,0.0
2016-10-10,79.82,80.07,79.16,79.41,457686,0.0
2016-10-11,79.25,79.8,79.05,79.52,433732,0.0
2016-10-12,79.05,79.66,78.604,79.35,418971,0.0
2016-10-13,79.47,80.14,79.3,79.39,422686,0.0
2016-10-16,79.42,79.82,79.32,79.46,268422,0.0
2016-10-17,79.97,81.4899,79.71,80.34,727568,0.0
2016-10-18,80.18,81.25,80.18,80.44,547808,0.0
2016-10-19,80.5,80.92,79.75,80.08,488747,0.0
2016-10-20,79.84,81.28,79.31,81.26,637939,0.0
2016-10-23,81.82,82.43,81.76,82.2,649959,0.0
2016-10-24,82.23,82.28,81.76,82.1,529977,0.0
2016-10-25,82.02,82.585,81.4,81.43,1040918,0.0
2016-10-26,81.58,81.93,81.05,81.23,1088523,0.0
2016-10-27,81.43,82.19,81.26,81.34,564819,0.0
2016-10-30,81.68,82.1003,81.54,81.55,487131,0.0
2016-10-31,81.68,81.68,80.67,80.94,905689,0.0
2016-11-01,81.4,83.29,81.12,82.21,1530396,0.0
2016-11-02,82.57,82.99,82.08,82.41,858230,0.0
2016-11-03,81.83,82.85,81.73,81.77,575730,0.0
2016-11-06,82.86,83.2,82.48,83.09,1015582,0.0
2016-11-07,82.95,83.23,82.58,82.89,501294,0.0
2016-11-08,80.88,83.4,80.88,83.33,688014,0.0
2016-11-09,83.58,84.29,82.65,83.135,644593,0.0
2016-11-10,82.83,83.71,82.83,83.11,927340,0.0
2016-11-13,83.39,83.6,82.73,82.84,1040132,0.0
2016-11-14,83.01,83.58,82.5,82.7,1875693,0.0
2016-11-15,82.68,83.06,82.06,82.31,637307,0.0
2016-11-16,82.5,83.025,82.44,83,1024597,0.0
2016-11-17,82.83,83.53,82.82,83.17,817654,0.0
2016-11-20,83.4,83.91,83.16,83.75,556830,0.0
2016-11-21,84,84.005,83.595,83.95,669793,0.0
2016-11-22,83.79,84.76,82.5,83.89,485972,0.0
2016-11-24,83.96,84.3,83.35,84.11,379320,0.0
2016-11-27,84.17,84.85,84.07,84.15,537551,0.0
2016-11-28,84.2,84.4,83.62,83.89,525582,0.0
2016-11-29,84.19,84.415,83.03,83.08,679091,0.0
2016-11-30,83.23,83.52,81.95,82.38,701371,0.0
2016-12-01,82.42,82.66,81.6475,82.2,660252,0.0
2016-12-04,82.69,83.28,82.66,82.91,648280,0.0
2016-12-05,82.89,83.15,82.34,83.04,984123,0.0
2016-12-06,83.04,83.14,82.18,83.12,952925,0.0
2016-12-07,83.19,83.52,82.77,83.19,456650,0.0
2016-12-08,83.35,83.53,82.88,82.93,712598,0.0
2016-12-11,82.7,83.13,82.44,83.04,641525,0.0
2016-12-12,83.28,83.95,82.975,83.57,893155,0.0
2016-12-13,83.74,83.8,81.95,82.05,581882,0.0
2016-12-14,82.01,82.25,81.24,81.28,454742,0.0
2016-12-15,81.4,82.19,80.9,81.77,973957,0.0
2016-12-18,81.85,82.66,81.8401,82.11,305031,0.0
2016-12-19,82.36,82.49,82.1,82.37,215226,0.0
2016-12-20,82.37,82.985,82.37,82.43,265391,0.0
2016-12-21,82.27,82.48,81.75,82.08,205225,0.0
2016-12-22,82.01,82.41,81.87,82.11,180363,0.0
2016-12-26,82.41,82.97,81.995,82.14,213466,0.0
2016-12-27,82.42,82.53,81.53,81.67,221792,0.0
2016-12-28,81.52,82.01,81.52,81.69,241975,0.0
2016-12-29,81.99,81.99,80.96,81.17,276137,0.0
2017-01-02,81.59,82.08,81.05,81.31,326158,0.0
2017-01-03,81.28,82.01,81.23,81.97,436316,0.0
2017-01-04,81.69,82.25,81.51,81.67,266481,0.0
2017-01-05,81.52,82.4,81.43,82.38,331233,0.0
2017-01-08,82.03,82.248,81.55,81.74,266040,0.0
2017-01-09,81.72,82.33,81.42,82.26,410407,0.0
2017-01-10,82.06,82.75,81.89,82.75,307879,0.0
2017-01-11,82.76,82.76,81.63,82.31,399404,0.0
2017-01-12,82.45,82.71,82.18,82.63,188332,0.0
2017-01-16,82.45,82.45,81.41,81.55,356247,0.0
2017-01-17,81,81.16,80.21,81.07,502656,0.0
2017-01-18,80.95,81.48,80.1965,80.91,412771,0.0
2017-01-19,81.27,81.52,80.76,81.36,281735,0.0
2017-01-22,81.23,81.48,80.85,81.18,234157,0.0
2017-01-23,81.38,82.21,81.25,82.15,294071,0.0
2017-01-24,82.5,83.02,82.42,82.69,277784,0.0
2017-01-25,82.63,82.96,82.25,82.55,198518,0.0
2017-01-26,82.21,82.8099,82.13,82.68,258536,0.0
2017-01-29,82.63,82.76,82.23,82.74,194332,0.0
2017-01-30,83,83,81.95,82.65,462833,0.0
2017-01-31,82.63,82.92,81.43,81.76,370263,0.0
2017-02-01,81.53,82.2099,81.31,82.16,333216,0.0
2017-02-02,82.8,83.52,82.48,83.52,384212,0.0
2017-02-05,83.18,83.32,82.95,83.26,232693,0.0
2017-02-06,83.27,83.31,82.9,83.01,283095,0.0
2017-02-07,82.88,83.76,82.81,83.62,228125,0.0
2017-02-08,82.15,84.11,82.15,84.07,416243,0.0
2017-02-09,84.28,84.69,83.721,84.53,231598,0.0
2017-02-12,84.99,85.24,84.63,84.96,265059,0.0
2017-02-13,84.8,85.1,84.69,85.09,308723,0.0
2017-02-14,84.14,84.49,83.39,83.77,559670,0.0
2017-02-15,84.08,84.99,83.53,84.26,371964,0.0
2017-02-16,84.28,84.9,84.07,84.9,367414,0.0
2017-02-20,84.8,85.42,84.16,85.17,918012,0.0
2017-02-21,85.44,87.4,81.9,82.2,1880578,0.0
2017-02-22,82.47,83.71,82.4,82.84,906258,0.0
2017-02-23,82.93,84,82.8,83.96,820996,0.0
2017-02-26,83.62,83.84,83.27,83.8,420516,0.0
2017-02-27,83.72,83.81,82.78,82.92,492834,0.0
2017-02-28,83.55,84.49,83.2572,84.33,495833,0.0
2017-03-01,84.18,84.46,83.37,83.67,295097,0.0
2017-03-02,83.84,84.15,83.33,83.94,363563,0.0
2017-03-05,83.68,83.93,82.84,82.87,753590,0.0
2017-03-06,82.78,83.15,81.5263,81.84,631120,0.0
2017-03-07,81.59,82,80.52,80.7,908817,0.0
2017-03-08,80.84,80.87,79.71,80.04,788868,0.0
2017-03-09,80.36,80.43,79.76,79.94,735252,0.0
2017-03-12,80.1,80.2,79.36,79.75,642917,0.0
2017-03-13,79.51,79.66,79.09,79.34,587244,0.0
2017-03-14,79.59,80.19,79.385,80.07,680233,0.0
2017-03-15,79.9,80.66,79.9,80.35,1242628,0.0
2017-03-16,80.65,81.27,80.09,81.18,801358,0.0
2017-03-19,80.94,81.1,80.48,80.95,882826,0.0
2017-03-20,81.08,81.39,79.59,79.65,582364,0.0
2017-03-21,79.86,80.61,79.43,80.04,819726,0.0
2017-03-22,80.27,80.56,79.69,79.96,508859,0.0
2017-03-23,80.18,80.49,79.7,79.72,743537,0.0
2017-03-26,79.36,79.9657,79.17,79.68,567210,0.0
2017-03-27,79.39,80.37,79.24,80.06,417775,0.0
2017-03-28,79.78,80.47,79.61,80.47,543522,0.0
2017-03-29,80.41,80.95,80.04,80.78,1134610,0.0
2017-03-30,80.82,81.605,80.5925,81.14,587530,0.0
2017-04-02,81.06,81.29,79.36,79.84,724931,0.0
2017-04-03,80.01,80.64,79.63,79.95,493990,0.0
2017-04-04,79.98,80.34,79.43,79.45,887961,0.0
2017-04-05,79.46,79.82,79.13,79.5,699372,0.0
2017-04-06,79.41,79.79,79.25,79.29,521016,0.0
2017-04-09,79.31,79.87,79.31,79.47,344381,0.0
2017-04-10,79.27,79.64,78.8125,79.63,703909,0.0
2017-04-11,79.17,79.74,78.69,79.23,375001,0.0
2017-04-12,79.25,79.65,79.11,79.11,327316,0.0
2017-04-16,79.48,80.08,79.48,80.07,327961,0.0
2017-04-17,79.71,80.8,79.71,80.63,366050,0.0
2017-04-18,80.98,81.27,80.55,80.77,380106,0.0
2017-04-19,81.1,81.62,81.01,81.37,451469,0.0
2017-04-20,81.44,81.9,81.31,81.64,313803,0.0
2017-04-23,82.42,82.81,82.14,82.65,423687,0.0
2017-04-24,82.87,83.29,82.5775,82.98,387543,0.0
2017-04-25,82.86,83.69,82.84,83.18,536840,0.0
2017-04-26,83.23,83.68,82.88,83.15,407051,0.0
2017-04-27,83.15,83.15,82.55,82.8,507078,0.0
2017-04-30,83,83.25,82.44,82.77,861030,0.0
2017-05-01,82.87,83.28,82.06,82.18,949114,0.0
2017-05-02,76.55,79.01,76.5,76.75,3521690,0.0
2017-05-03,76.69,78.43,75.6,77.99,2095934,0.0
2017-05-04,78.81,79.77,78.445,79.77,1046053,0.0
2017-05-07,79.77,80.08,79.13,79.32,869242,0.0
2017-05-08,79.04,79.5,79.04,79.26,651877,0.0
2017-05-09,79.06,79.24,78.43,78.71,722552,0.0
2017-05-10,78.34,78.64,77.72,78.3,509621,0.0
2017-05-11,78.07,79.99,77.92,78.09,560715,0.0
2017-05-14,78.15,79.04,78.15,78.97,498792,0.0
2017-05-15,79,79.12,78.59,78.83,584506,0.0
2017-05-16,78.48,79.01,78.41,78.52,1224774,0.0
2017-05-17,78.63,79.215,78.22,78.52,663742,0.0
2017-05-18,78.63,79.57,78.29,79.4,597448,0.0
2017-05-21,79.39,79.94,79.13,79.91,454111,0.0
2017-05-22,80,80.02,79.34,79.52,437291,0.0
2017-05-23,79.77,80.44,79.69,80.41,754911,0.0
2017-05-24,80.58,81.61,80.26,81.19,777382,0.0
2017-05-25,81.2,81.52,80.52,80.55,648108,0.0
2017-05-29,80.21,81.24,80.085,81.05,535871,0.0
2017-05-30,81.26,81.5,80.38,80.89,480882,0.0
2017-05-31,81.05,81.5,80.82,81.17,649366,0.0
2017-06-01,81.42,81.89,80.9,81.86,692866,0.0
2017-06-04,81.83,82.21,81.45,81.47,606761,0.0
2017-06-05,81.21,81.4597,80.545,80.67,297051,0.0
2017-06-06,81.05,81.065,80.0201,80.74,419660,0.0
2017-06-07,80.58,80.89,80.07,80.39,338977,0.0
2017-06-08,80.39,80.51,79.89,80.07,326190,0.0
2017-06-11,79.86,81.54,79.86,81.5,556967,0.0
2017-06-12,81.42,82.6,81.42,82.42,698551,0.0
2017-06-13,82.57,83.02,82.44,82.98,540885,0.0
2017-06-14,82.61,83.62,82.61,83.25,689873,0.0
2017-06-15,82.51,83.42,82.28,83.14,716071,0.0
2017-06-18,83.35,83.91,83.12,83.77,428753,0.0
2017-06-19,83.47,83.92,83.24,83.9,589128,0.0
2017-06-20,83.91,84.18,83.545,84.06,839642,0.0
2017-06-21,84.11,84.12,83.01,83.04,714852,0.0
2017-06-22,83.09,83.09,82.1441,82.36,1046497,0.0
2017-06-25,82.68,83.55,82.62,83.18,464268,0.0
2017-06-26,83.02,83.15,82.3,82.84,670166,0.0
2017-06-27,83.03,84,82.68,83.96,564748,0.0
2017-06-28,83.82,83.8567,82.99,83.36,761134,0.0
2017-06-29,83.91,84.68,83.54,84.38,687991,0.0
2017-07-02,84.87,84.96,84.15,84.21,320689,0.0
2017-07-04,84.22,84.54,83.92,84.3,555968,0.0
2017-07-05,83.74,83.855,83.375,83.48,573048,0.0
2017-07-06,83.48,83.86,83.38,83.64,729394,0.0
2017-07-09,83.63,83.69,83.325,83.459,426975,0.0
2017-07-10,83.48,83.51,82.94,83.48,279031,0.0
2017-07-11,84.01,84.62,83.85,84.55,398282,0.0
2017-07-12,84.4,84.52,83.56,84.41,309535,0.0
2017-07-13,84.76,85.53,84.43,85.44,451726,0.0
2017-07-16,85.45,85.75,84.71,85.24,437521,0.0
2017-07-17,85.07,85.94,84.73,85.87,655543,0.0
2017-07-18,85.86,86.01,84.96,85.99,442508,0.0
2017-07-19,86.05,86.35,85,86.29,258269,0.0
2017-07-20,86.14,86.96,86.1365,86.49,647071,0.0
2017-07-23,86.48,87.21,85.95,87.12,667017,0.0
2017-07-24,87.3,87.42,86.66,86.89,352817,0.0
2017-07-25,86.97,87.18,86.77,87.07,247753,0.0
2017-07-26,87.03,87.47,86.58,87.14,513829,0.0
2017-07-27,87.12,87.62,86.77,87.32,363178,0.0
2017-07-30,87.32,88,87,87.24,419214,0.0
2017-07-31,85.475,88.17,85.475,87.21,819186,0.0
2017-08-01,85.43,85.43,82.55,83.83,1676575,0.0
2017-08-02,83.45,83.7441,82.12,82.3,1045554,0.0
2017-08-03,82.56,82.98,82.0301,82.86,699899,0.0
2017-08-06,82.99,83.28,82.15,82.51,538864,0.0
2017-08-07,82.33,82.76,81.86,81.9,348910,0.0
2017-08-08,81.91,82.03,81.41,81.52,522034,0.0
2017-08-09,81.23,81.41,80.56,80.59,560803,0.0
2017-08-10,80.96,81.2,80.59,80.63,369613,0.0
2017-08-13,81.15,81.7,80.94,81.43,264736,0.0
2017-08-14,81.48,81.67,81.2,81.4,332546,0.0
2017-08-15,81.61,81.89,81.275,81.66,389970,0.0
2017-08-16,81.51,81.9,80.82,80.9,740368,0.0
2017-08-17,80.39,80.96,80.12,80.65,467747,0.0
2017-08-20,80.8,81.3,80.431,81.08,312409,0.0
2017-08-21,81.21,82.36,80.9601,82.04,420673,0.0
2017-08-22,81.87,81.87,81.18,81.19,461895,0.0
2017-08-23,81.3,81.3,79.87,80.26,525294,0.0
2017-08-24,80.75,80.75,79.59,79.67,713353,0.0
2017-08-27,80,80.15,79.08,79.24,484682,0.0
2017-08-28,79.29,79.61,78.97,79.52,614376,0.0
2017-08-29,79.62,80.35,79.2,80.16,781042,0.0
2017-08-30,80.25,81.19,80.16,81.04,418362,0.0
2017-08-31,81.38,81.38,80.81,80.95,432524,0.0
2017-09-04,80.82,81.24,80.42,80.62,640122,0.0
2017-09-05,80.72,81.18,80.59,81.07,529711,0.0
2017-09-06,81.16,82.35,81.16,82.01,620798,0.0
2017-09-07,81.73,82.8,80.89,82.46,435707,0.0
2017-09-10,82.92,82.93,81.87,82.02,522717,0.0
2017-09-11,82.02,83,81.5,82.92,421891,0.0
2017-09-12,82.64,82.65,81.33,81.45,377125,0.0
2017-09-13,81.25,81.4879,80.32,80.69,514604,0.0
2017-09-14,80.39,81.4,80.39,81.03,686033,0.0
2017-09-17,81.1,81.81,80.915,81.76,343592,0.0
2017-09-18,81.81,81.81,81.38,81.71,228352,0.0
2017-09-19,81.7,82.49,81.45,82.12,329921,0.0
2017-09-20,82.01,82.32,81.7,81.96,294414,0.0
2017-09-21,81.58,82.38,81.58,82.3,269158,0.0
2017-09-24,82.21,82.4,81.8202,82.03,322340,0.0
2017-09-25,82.5,82.5,81.7,81.9,805051,0.0
2017-09-26,82.03,82.26,81.69,81.98,491393,0.0
2017-09-27,81.58,82.435,81.49,82.4,637115,0.0
2017-09-28,82.28,83.84,82.27,83.19,605422,0.0
2017-10-01,83.4,84.09,83.01,83.52,522981,0.0
2017-10-02,83.57,84.05,83.1,83.75,373797,0.0
2017-10-03,83.74,84,83.11,83.85,317186,0.0
2017-10-04,83.88,84.05,83.58,83.79,298580,0.0
2017-10-05,83.64,83.875,83.21,83.5,364393,0.0
2017-10-08,83.36,83.68,83.03,83.33,310635,0.0
2017-10-09,83.37,83.86,83.33,83.76,266614,0.0
2017-10-10,83.72,84.01,83.161,83.35,321023,0.0
2017-10-11,83.39,83.99,83.21,83.83,333994,0.0
2017-10-12,84.27,84.6,83.91,84,287175,0.0
2017-10-15,83.96,84.26,83.74,84.07,191126,0.0
2017-10-16,84.01,84.44,83.77,84.32,201669,0.0
2017-10-17,84.26,84.9,84.26,84.8,264654,0.0
2017-10-18,84.8,84.92,84.12,84.9,346573,0.0
2017-10-19,85,85.37,84.76,84.83,427327,0.0
2017-10-22,84.88,85.07,84.355,84.78,340134,0.0
2017-10-23,84.73,85.15,84.365,84.88,293155,0.0
2017-10-24,84.53,84.93,83.96,84.2,313270,0.0
2017-10-25,84.48,85.16,84.29,84.81,554020,0.0
2017-10-26,84.53,85.35,84.365,84.93,533953,0.0
2017-10-29,84.92,85.16,84.4,84.68,517960,0.0
2017-10-30,84.81,85.42,84.66,85.06,952376,0.0
2017-10-31,86,91.34,86,89.77,1978883,0.0
2017-11-01,90.3,91.31,89.93,91.01,1285284,0.0
2017-11-02,91.02,91.41,90.15,91.02,654955,0.0
2017-11-05,90.94,91.73,90.31,91.105,563145,0.0
2017-11-06,91.7,92.92,91.7,92.29,686837,0.0
2017-11-07,92.14,92.86,91.85,92.59,714569,0.0
2017-11-08,92.16,92.78,90.67,90.83,508028,0.0
2017-11-09,90.72,90.72,89.95,90.22,610161,0.0
2017-11-12,90.03,90.43,89.65,90.14,634310,0.0
2017-11-13,89.99,91.59,89.97,91.11,760106,0.0
2017-11-14,91.1,91.32,90.39,90.84,422734,0.0
2017-11-15,91.13,91.41,90.63,90.82,818061,0.0
2017-11-16,90.7,92.21,90.6,91.86,1351075,0.0
2017-11-19,91.74,92.56,91.62,92.53,676371,0.0
2017-11-20,92.72,94.1,92.65,93.57,917309,0.0
2017-11-21,93.52,94.26,93.21,93.83,678204,0.0
2017-11-23,93.8,94.13,93.52,93.86,128984,0.0
2017-11-26,93.88,94.51,93.87,94.21,404681,0.0
2017-11-27,94.41,95.25,94.13,95.24,490992,0.0
2017-11-28,95.29,95.92,94.81,94.95,465695,0.0
2017-11-29,95.2,96.915,94.84,96.43,462271,0.0
2017-11-30,98.05,98.6,94.18,95.66,618143,0.0
2017-12-03,95.82,96.71,95.79,96.02,523955,0.0
2017-12-04,96.34,96.65,95.88,95.94,495658,0.0
2017-12-05,96.08,96.35,95.62,95.89,368219,0.0
2017-12-06,96.25,96.41,95.35,95.44,355312,0.0
2017-12-07,96.01,96.38,95.35,96.15,353446,0.0
2017-12-10,95.96,95.96,94.23,94.33,721849,0.0
2017-12-11,94.48,94.85,93.73,94.6,713510,0.0
2017-12-12,94.79,95.1,94.25,94.41,617712,0.0
2017-12-13,94.56,95.76,94.5,94.74,784666,0.0
2017-12-14,94.79,95.62,94.39,95.09,1306103,0.0
2017-12-17,95.41,96.36,95.32,95.92,460002,0.0
2017-12-18,95.77,96.7625,95.46,96.01,806210,0.0
2017-12-19,96.38,97.09,96.08,96.32,505834,0.0
2017-12-20,96.83,96.83,95.32,95.6,407873,0.0
2017-12-21,95.59,95.74,94.93,95.34,373444,0.0
2017-12-25,95.46,96.17,95.28,95.66,322543,0.0
2017-12-26,95.96,96.05,95.44,95.75,241382,0.0
2017-12-27,95.54,96.52,95.54,96.45,394373,0.0
2017-12-28,96.41,97,95.93,96.01,243311,0.0
2018-01-01,96.48,96.74,95.38,95.81,420116,0.0
2018-01-02,95.76,95.97,95.26,95.51,507302,0.0
2018-01-03,95.96,96.29,95.58,96.02,608504,0.0
2018-01-04,96.5,96.96,95.92,96.86,623724,0.0
2018-01-07,96.58,97.56,96.335,96.94,534374,0.0
2018-01-08,97.02,97.19,96.33,96.72,374013,0.0
2018-01-09,97.13,97.13,96.07,96.32,277826,0.0
2018-01-10,96.39,96.73,96.03,96.67,221525,0.0
2018-01-11,96.78,97.59,96.43,97.48,473183,0.0
2018-01-15,97.37,97.89,97.1,97.19,502257,0.0
2018-01-16,97.75,98.27,97.26,98.01,404199,0.0
2018-01-17,98.09,98.719,96.2862,98.23,490881,0.0
2018-01-18,98.5,99.09,97.9724,98.91,843972,0.0
2018-01-21,99.01,99.55,98.34,99.53,417204,0.0
2018-01-22,99.08,99.3,97.33,99.25,655188,0.0
2018-01-23,99.25,99.92,98.89,99,379110,0.0
2018-01-24,99.48,99.71,98.53,98.59,491001,0.0
2018-01-25,98.96,98.96,97.87,98.31,1199962,0.0
2018-01-28,98,98.86,97.54,98.25,787793,0.0
2018-01-29,98.29,99.4,97.875,99.11,962263,0.0
2018-01-30,99.17,100.54,98.26,100.09,846968,0.0
2018-01-31,99.23,100.34,98,100.31,1216846,0.0
2018-02-01,99.84,100.26,98.8,98.82,798217,0.0
2018-02-04,98.88,99.31,94.85,94.89,774834,0.0
2018-02-05,93.53,95.44,92.401,95.03,791312,0.0
2018-02-06,94.61,96.4,94.52,94.7,575238,0.0
2018-02-07,94.7,95.49,92.24,92.27,663716,0.0
2018-02-08,92.98,93.54,90.6,92.91,831903,0.0
2018-02-11,93.58,95.13,92.89,94.33,596199,0.0
2018-02-12,93.94,95.0799,92.6181,94.89,460499,0.0
2018-02-13,94.37,96.78,93.21,96.62,584585,0.0
2018-02-14,97.4,98.23,96.51,98.23,538565,0.0
2018-02-15,98.17,99.68,98.17,98.73,751930,0.0
2018-02-19,98.51,98.51,96.59,97.03,1126772,0.0
2018-02-20,100,102,99,99.22,1538857,0.0
2018-02-21,100.62,101.76,98.99,99.62,1289557,0.0
2018-02-22,100,101.57,99.18,101.54,572750,0.0
2018-02-25,101.83,103.62,101.67,103.59,640544,0.0
2018-02-26,103.79,103.86,103.04,103.059,721830,0.0
2018-02-27,103.66,103.72,102.16,102.19,430682,0.0
2018-02-28,102,102.675,100,101.07,653927,0.0
2018-03-01,100.57,101.59,99.3,101.37,780685,0.0
2018-03-04,101.27,103.34,100.86,103.09,514068,0.0
2018-03-05,103.31,104.55,103.075,104.26,737945,0.0
2018-03-06,103.63,104.3,103.08,104.14,321462,0.0
2018-03-07,104.33,104.68,103.76,104.39,463476,0.0
2018-03-08,104.95,106.01,104.65,105.84,767827,0.0
2018-03-11,105.82,106.07,104.68,104.86,450818,0.0
2018-03-12,105.29,105.54,104.13,104.48,387700,0.0
2018-03-13,104.91,105,103.91,104.11,302162,0.0
2018-03-14,104.25,104.705,103.58,104.25,378243,0.0
2018-03-15,104.3,105.38,104.16,104.74,458928,0.0
2018-03-18,104.49,104.56,103.1,103.95,351172,0.0
2018-03-19,104.25,105.59,104.25,105.24,394252,0.0
2018-03-20,105.07,105.87,104.8,105.05,268466,0.0
2018-03-21,104.02,105.37,103.06,103.98,812000,0.0
2018-03-22,104.07,104.27,102.05,102.11,418566,0.0
2018-03-25,103.55,103.72,101.74,103.59,361763,0.0
2018-03-26,103.84,104.39,101.05,101.69,460419,0.0
2018-03-27,101.91,102.8,101.35,101.76,298819,0.0
2018-03-28,102.42,104.6,101.61,103.98,666548,0.0
2018-04-01,103.31,103.41,100.32,101.58,632866,0.0
2018-04-02,101.82,103.959,101.46,103.5,502663,0.0
2018-04-03,102.34,104.8,102.34,104.52,506536,0.0
2018-04-04,104.84,105.745,104.61,105.45,538814,0.0
2018-04-05,104.57,105.62,103.375,104.11,886406,0.0
2018-04-08,104.56,106.0755,104.32,104.78,518174,0.0
2018-04-09,106.24,106.89,105.39,106.47,695585,0.0
2018-04-10,105.91,106.77,105.72,106.06,409730,0.0
2018-04-11,106.41,106.925,105.395,106.35,379689,0.0
2018-04-12,106.6,106.79,105.18,105.41,482654,0.0
2018-04-15,106.34,107.13,105.94,106.89,299798,0.0
2018-04-16,107.71,108.45,106.91,107.36,621476,0.0
2018-04-17,107.75,108.12,106.28,108,459716,0.0
2018-04-18,107.95,108.21,106.9,107.57,435793,0.0
2018-04-19,107.82,108.58,107.02,107.37,373647,0.0
2018-04-22,107.73,107.99,107.2,107.64,391240,0.0
2018-04-23,108.32,108.33,106.59,106.98,753019,0.0
2018-04-24,106.01,107.01,106.01,106.62,411213,0.0
2018-04-25,106.86,107.09,105.74,106.65,617378,0.0
2018-04-26,106.7,107.5,106.55,107.11,480711,0.0
2018-04-29,107.18,107.76,106.43,106.43,536357,0.0
2018-04-30,107.74,107.74,105.58,106.69,1022989,0.0
2018-05-01,105.5,105.5,99.86,99.99,2531431,0.0
2018-05-02,99.87,101,95.21,100.61,1744545,0.0
2018-05-03,100.5,103.49,100.26,102.36,805037,0.0
2018-05-06,102.63,104.33,102.48,103.7,616172,0.0
2018-05-07,102.67,103.89,102.01,103.62,750190,0.0
2018-05-08,103.93,105.29,102.2151,104.78,604175,0.0
2018-05-09,105.35,106.6,105.095,105.9,523691,0.0
2018-05-10,106,106.58,105.32,105.88,521259,0.0
2018-05-13,105.77,106.17,104.92,105.24,366873,0.0
2018-05-14,104.58,105.16,104.55,105.04,475432,0.0
2018-05-15,105.12,105.38,104.45,104.69,471918,0.0
2018-05-16,104.49,105.76,104.13,104.58,501715,0.0
2018-05-17,104.9,106.35,104.5,106.33,875300,0.0
2018-05-20,106.42,107.34,106.42,107.14,347175,0.0
2018-05-21,107.34,107.42,105.375,105.67,380009,0.0
2018-05-22,104.95,105.7406,104.45,105.67,285202,0.0
2018-05-23,105.53,106.77,105.31,106.46,413233,0.0
2018-05-24,106.46,106.71,105.85,106.1,323593,0.0
2018-05-28,105.56,106.095,104.46,105.46,370383,0.0
2018-05-29,105.72,107.595,105.72,107.08,553069,0.0
2018-05-30,107.22,109.33,106,106.24,446866,0.0
2018-05-31,106.83,107.32,106.19,107.27,474706,0.0
2018-06-03,106.7,108.15,106.035,108.01,718258,0.0
2018-06-04,108.28,109.12,108.09,109.01,371548,0.0
2018-06-05,108.94,109.47,108.8,109.42,682669,0.0
2018-06-06,109.59,109.59,108.615,109.12,542243,0.0
2018-06-07,109.11,109.45,108.84,109.06,766446,0.0
2018-06-10,109.02,109.32,108.8,108.94,497958,0.0
2018-06-11,109.19,109.6,109.025,109.43,618813,0.0
2018-06-12,109.57,110.27,109.445,109.71,350031,0.0
2018-06-13,110,110.32,109.06,109.96,293748,0.0
2018-06-14,109.83,110,108.625,109.91,505587,0.0
2018-06-17,109.13,109.995,108.88,109.59,367533,0.0
2018-06-18,108.87,109.35,108.35,109.2,390448,0.0
2018-06-19,109.14,109.49,108.56,108.64,327082,0.0
2018-06-20,108.88,108.88,107.33,107.58,249102,0.0
2018-06-21,108.09,108.51,107.47,107.92,608658,0.0
2018-06-24,107.16,107.52,106.17,106.64,498968,0.0
2018-06-25,106.76,107.17,106.055,106.25,452151,0.0
2018-06-26,106.62,107.93,106.06,106.07,627317,0.0
2018-06-27,105.98,106.8,105.43,106.43,486937,0.0
2018-06-28,106.74,108.14,106.15,107.64,339889,0.0
2018-07-01,106.99,108.14,106.55,108.13,342805,0.0
2018-07-02,108.74,108.81,107.63,107.75,149355,0.0
2018-07-04,108.2,109.36,107.81,109.25,380791,0.0
2018-07-05,109.5,110.84,109.5,110.6,449244,0.0
2018-07-08,110.89,111.62,110.7737,111.58,412118,0.0
2018-07-09,111.5,112,110.55,111.54,562946,0.0
2018-07-10,111.15,112.02,110.65,111.81,468359,0.0
2018-07-11,112,113.05,111.87,112.99,457550,0.0
2018-07-12,113.2,113.3,112.38,113.03,258717,0.0
2018-07-15,112.97,113.17,111.84,112.02,586380,0.0
2018-07-16,111.97,112.6,111.37,112.48,272181,0.0
2018-07-17,112.2,112.56,111.46,112.45,300489,0.0
2018-07-18,112.17,112.67,111.74,112.26,211484,0.0
2018-07-19,111.84,112.65,110.481,112.59,423729,0.0
2018-07-22,112.51,113.04,111.125,112.71,345523,0.0
2018-07-23,113.24,113.31,112.25,112.81,482180,0.0
2018-07-24,112.87,114.61,112.14,114.47,331754,0.0
2018-07-25,114.89,115.095,113.43,113.64,736457,0.0
2018-07-26,113.9,113.9,111.22,111.46,702290,0.0
2018-07-29,111.11,111.472,109.25,109.43,728667,0.0
2018-07-30,109.86,110.7,109.34,110.57,773174,0.0
2018-07-31,112.63,115.05,111.16,114.81,1105912,0.0
2018-08-01,113.71,115.13,113.05,114.66,754482,0.0
2018-08-02,114.4,114.93,112.74,114.38,517403,0.0
2018-08-05,114.29,115.404,113.48,114.57,348372,0.0
2018-08-06,114.81,116.255,114.5,116.17,487493,0.0
2018-08-07,115.92,116.76,115.9,116.385,409157,0.0
2018-08-08,116.92,118.13,116.25,116.69,457971,0.0
2018-08-09,116.25,117.46,116,116.93,263612,0.0
2018-08-12,116.91,117.7,116.2,116.36,369447,0.0
2018-08-13,116.8,118.11,116.64,117.74,271375,0.0
2018-08-14,116.75,117.14,116.16,116.88,451833,0.0
2018-08-15,117.46,117.72,116.82,117.05,288497,0.0
2018-08-16,117.06,117.61,116.89,117.42,379567,0.0
2018-08-19,117.43,118.12,117.16,117.62,309969,0.0
2018-08-20,117.73,118.21,117.2,117.44,337718,0.0
2018-08-21,117.27,117.855,117.065,117.54,143053,0.0
2018-08-22,117.5,117.83,117.06,117.38,211267,0.0
2018-08-23,117.46,118.29,117.41,117.93,194196,0.0
2018-08-26,118.23,118.75,117.66,118.08,287155,0.0
2018-08-27,117.47,118.965,117.47,118.24,280263,0.0
2018-08-28,118.09,119.34,117.71,118.95,507575,0.0
2018-08-29,118.89,119.56,118.56,118.88,293711,0.0
2018-08-30,118.6,119.36,118.33,119.1,306540,0.0
2018-09-03,118.94,120.69,118.51,120.46,660741,0.0
2018-09-04,120.06,120.3858,118.7,120.06,482841,0.0
2018-09-05,119.9,120.79,119.71,120.37,518759,0.0
2018-09-06,120.06,121.82,119.58,120.45,429029,0.0
2018-09-09,121,121.9,120.19,120.93,580051,0.0
2018-09-10,120.72,121.67,120.59,120.7,486115,0.0
2018-09-11,120.75,121.75,120.72,121.51,461154,0.0
2018-09-12,122.14,122.8,121.9,122.63,385432,0.0
2018-09-13,122.7,122.7,121.235,121.62,365428,0.0
2018-09-16,121.57,121.81,120.27,120.57,350509,0.0
2018-09-17,120.47,122.57,120.47,122.205,387123,0.0
2018-09-18,121.97,122.24,119.58,119.84,361046,0.0
2018-09-19,120.61,121.43,119.9,120.785,372370,0.0
2018-09-20,121.19,121.47,119.79,120.04,808621,0.0
2018-09-23,119.66,120.27,118.81,120.06,383191,0.0
2018-09-24,120.37,121.43,119.93,120.77,387362,0.0
2018-09-25,120.95,121.6471,120.15,120.67,371894,0.0
2018-09-26,120.68,121.365,119.91,120.78,302645,0.0
2018-09-27,120.88,121.29,120.08,120.57,431787,0.0
2018-09-30,121.52,121.65,120.0258,120.38,431248,0.0
2018-10-01,120.51,120.78,120.15,120.47,476808,0.0
2018-10-02,120.86,121.44,120.37,120.97,444498,0.0
2018-10-03,120.78,120.83,117.62,118.36,639760,0.0
2018-10-04,118.58,120.24,118.3,119.46,467576,0.0
2018-10-07,119.42,120.12,118.26,119.16,592996,0.0
2018-10-08,119.32,121.18,119.32,120.58,589616,0.0
2018-10-09,119.98,119.985,115,115.12,592402,0.0
2018-10-10,115.6,117.26,112.65,113.33,836164,0.0
2018-10-11,114.21,115.46,113.53,114.78,587353,0.0
2018-10-14,114.58,115.04,113.23,113.23,465038,0.0
2018-10-15,114.03,116.67,113.675,116.22,350161,0.0
2018-10-16,116.17,117.58,115.37,117.08,573331,0.0
2018-10-17,116.68,117.585,114.98,115.69,429640,0.0
2018-10-18,116.41,117.25,115.67,116.14,427956,0.0
2018-10-21,116.53,117.22,115.87,116.71,432967,0.0
2018-10-22,115.16,115.81,113.435,115.45,525551,0.0
2018-10-23,115.56,116.61,113.22,113.39,432709,0.0
2018-10-24,114.25,115.84,113.27,114.88,559318,0.0
2018-10-25,112.81,114.97,111.5209,113.83,601869,0.0
2018-10-28,115.26,116.8,112.73,114.5,960042,0.0
2018-10-29,115.05,117.28,114.8,116.89,845611,0.0
2018-10-30,116.91,121.96,113.83,119.82,1409807,0.0
2018-10-31,119.48,120.11,115.62,115.64,1051680,0.0
2018-11-01,116.09,117.45,114.82,115.53,784211,0.0
2018-11-04,116.05,117.3,114.19,116.95,640177,0.0
2018-11-05,117.12,119.12,116.93,118.9,607309,0.0
2018-11-06,119.95,121.68,119.65,120.93,673360,0.0
2018-11-07,120.41,122.73,120.41,122.73,301133,0.0
2018-11-08,122.79,123.81,121.87,123.38,828793,0.0
2018-11-11,123.47,124.01,122.17,122.25,847674,0.0
2018-11-12,123,123.25,120.85,120.92,950298,0.0
2018-11-13,121.73,122.155,120.01,121.09,568474,0.0
2018-11-14,120.47,124.23,120.47,123.89,939383,0.0
2018-11-15,123.28,124.32,122.605,123.85,972170,0.0
2018-11-18,123.48,124.5,122.28,122.44,1230077,0.0
2018-11-19,122.07,122.54,120.13,120.27,740057,0.0
2018-11-20,121.62,121.79,119.96,120.13,821658,0.0
2018-11-22,119.59,120.72,119.06,120.07,230245,0.0
2018-11-25,121.18,122,120.19,120.93,557094,0.0
2018-11-26,121.05,121.76,120.46,121.69,617714,0.0
2018-11-27,121.83,124.35,121.83,123.8,760436,0.0
2018-11-28,123.14,124.83,122.995,123.86,606588,0.0
2018-11-29,123.94,124.5,122.9,123.3,857158,0.0
2018-12-02,123.49,124.7,121.95,124.69,1399864,0.0
2018-12-03,124.86,125.99,120,120.41,975772,0.0
2018-12-05,119.03,119.73,114.6,117.99,1265084,0.0
2018-12-06,117.25,118.31,113.9774,114.48,670157,0.0
2018-12-09,114.72,115.53,112.8,114.37,989900,0.0
2018-12-10,115.81,116.61,114.26,114.68,952282,0.0
2018-12-11,116.1,117.77,115.755,116.18,998300,0.0
2018-12-12,115.91,116.65,114.74,115.46,626312,0.0
2018-12-13,114.74,114.87,112.95,113.81,983116,0.0
2018-12-16,113.84,113.84,110.38,111.06,822344,0.0
2018-12-17,111.71,112.45,110.13,111.16,725082,0.0
2018-12-18,110.97,113.8,109.91,110.23,1002360,0.0
2018-12-19,110.11,110.86,107.58,108.47,691096,0.0
2018-12-20,108.41,109.88,105.9358,106.01,1453843,0.0
2018-12-23,105.7,106.05,103.04,103.12,393909,0.0
2018-12-25,103.79,107.61,102.74,107.47,629504,0.0
2018-12-26,106.2,109.13,104.96,109.13,597385,0.0
2018-12-27,109.58,109.93,107.07,108.06,622901,0.0
2018-12-30,108.56,109.06,107.845,108.6201,430941,0.0
2019-01-01,107.05,108.72,106.85,108.51,581862,0.0
2019-01-02,107.4,108.73,104.92,105.465,858459,0.0
2019-01-03,106.98,110.35,106.46,110.03,521666,0.0
2019-01-06,109.97,110.94,109.51,110.14,484049,0.0
2019-01-07,110.22,111.16,109.12,111.1,475605,0.0
2019-01-08,111.12,111.92,110.5,111.37,384271,0.0
2019-01-09,111.17,112.86,110.815,112.65,404345,0.0
2019-01-10,111.82,112.77,111.15,112.04,424523,0.0
2019-01-13,111.38,112.25,111.05,111.28,492118,0.0
2019-01-14,111.15,112.81,111.15,112.56,343962,0.0
2019-01-15,112.47,113.2,112.06,113.02,352217,0.0
2019-01-16,112.66,113.83,112.32,113.16,471666,0.0
2019-01-17,114.09,115.72,113.63,115.59,526182,0.0
2019-01-21,114.85,116.48,114.85,115.97,1059949,0.0
2019-01-22,116.39,117.26,115.72,116.68,451817,0.0
2019-01-23,116.85,117.12,115.61,116.18,427006,0.0
2019-01-24,117.05,117.78,116.905,117.21,400861,0.0
2019-01-27,116.66,116.66,115.31,116.21,334491,0.0
2019-01-28,116.41,117.06,115.24,116.23,259058,0.0
2019-01-29,116.58,118.48,116.07,117.42,371085,0.0
2019-01-30,117.48,117.62,116.23,117.56,644883,0.0
2019-01-31,117.51,119.61,117.51,118.81,664097,0.0
2019-02-03,118.61,119.5,117.63,119.27,322032,0.0
2019-02-04,119.01,119.96,118.23,119.94,424950,0.0
2019-02-05,119.75,119.86,118.4627,119.61,360080,0.0
2019-02-06,119.05,120.14,118.73,120.1,468897,0.0
2019-02-07,119.52,121.8,119.49,121.78,464639,0.0
2019-02-10,122.44,122.92,121.78,122.1,418340,0.0
2019-02-11,123.05,124.01,122.25,123.7,573604,0.0
2019-02-12,124.16,124.61,123.6903,123.955,661390,0.0
2019-02-13,123.47,124.41,123.21,123.91,460192,0.0
2019-02-14,124.56,125.4,123.24,125.295,508845,0.0
2019-02-20,122.96,125.3,122.58,124.52,818439,0.0
2019-02-21,124.96,125.67,124.45,125.02,654598,0.0
2019-02-24,125.68,126.27,125.13,125.2,414667,0.0
2019-02-25,125.15,125.67,125.04,125.38,538140,0.0
2019-02-26,124.95,126.07,122.4404,125.74,351704,0.0
2019-02-27,125.52,126.79,125.52,126.44,352876,0.0
2019-02-28,126.76,127.22,126.03,126.7,474747,0.0
2019-03-03,127.3,127.55,125.25,125.95,622200,0.0
2019-03-04,126.01,127.16,125.85,126.47,461439,0.0
2019-03-05,126.36,126.97,126.16,126.64,286570,0.0
2019-03-06,126.61,127.12,125.8,126.581,357471,0.0
2019-03-07,125.95,126.71,125.1038,126.03,367477,0.0
2019-03-10,125.9,127.55,125.52,127.27,405907,0.0
2019-03-11,127.49,128.48,126.67,128.26,530852,0.0
2019-03-12,128.77,129.3,128.01,128.76,686290,0.0
2019-03-13,128.21,128.795,127.83,128.14,643881,0.0
2019-03-14,128.51,129.07,128.14,128.43,581914,0.0
2019-03-17,128.15,129,128.1,128.67,485549,0.0
2019-03-18,128.82,129.34,128.37,128.87,709287,0.0
2019-03-19,128.88,129.49,128.22,128.275,528984,0.0
2019-03-20,128.15,129.92,128.15,129.75,474646,0.0
2019-03-21,129.3,129.65,128.625,128.9,506819,0.0
2019-03-24,129.17,129.94,128.36,129.79,561456,0.0
2019-03-25,130.36,131.77,130.28,131.71,504629,0.0
2019-03-26,131.72,132.35,130.85,131.82,1173313,0.0
2019-03-27,132.02,133.39,130.95,132.78,1249727,0.0
2019-03-28,133,133.28,132.36,132.99,661816,0.0
2019-03-31,133.67,134.42,132.72,134.21,309905,0.0
2019-04-01,134.22,135.03,133.57,134.91,514417,0.0
2019-04-02,135.43,136.99,135.04,136.32,1069190,0.0
2019-04-03,136.32,136.7,135.37,135.71,358615,0.0
2019-04-04,135.85,136.69,135.17,135.46,345614,0.0
2019-04-07,134.88,135.64,134.25,135.34,420530,0.0
2019-04-08,134.95,135.5125,134.49,135.2,286801,0.0
2019-04-09,135.21,135.56,134.46,134.77,721790,0.0
2019-04-10,134.96,135.84,134.305,135.77,395820,0.0
2019-04-11,136.29,137,135.51,136.97,364656,0.0
2019-04-14,136.9,137.92,136.1816,137.85,331043,0.0
2019-04-15,138.64,138.93,136.38,136.52,546292,0.0
2019-04-16,137.2,137.2,136.17,136.94,461165,0.0
2019-04-17,137.34,138.47,136.34,137.99,363099,0.0
2019-04-21,137.6,137.915,137,137.64,426971,0.0
2019-04-22,137.97,139.52,136.69,139.47,411155,0.0
2019-04-23,139.47,140.41,139.09,139.51,377919,0.0
2019-04-24,139.09,139.48,138.05,138.79,531007,0.0
2019-04-25,139.14,140.005,138.76,139.84,348217,0.0
2019-04-28,140.14,140.45,139.6,140.37,275176,0.0
2019-04-29,140.61,141.3,140.06,141.049,679718,0.0
2019-04-30,140.56,142.47,137.9067,139.86,641118,0.0
2019-05-01,139.55,140.89,139.18,140.351,577197,0.0
2019-05-02,140.84,143.27,140.83,143.21,424017,0.0
2019-05-05,141.21,143.67,141.13,143.39,395387,0.0
2019-05-06,142.2,142.53,139.69,140.48,684142,0.0
2019-05-07,140.5,141.61,139.73,140.55,585754,0.0
2019-05-08,139.44,141.09,138.94,140.49,789046,0.0
2019-05-09,140,140.84,137.84,140.68,911280,0.0
2019-05-12,138.67,138.9,137.74,138.48,947598,0.0
2019-05-13,138.61,140.22,138.61,139.32,1052801,0.0
2019-05-14,138.53,141.52,138.5,140.79,615686,0.0
2019-05-15,140.96,142.93,140.72,142.09,662184,0.0
2019-05-16,141.29,142.93,141.24,141.99,500440,0.0
2019-05-19,140.63,142.8,140.63,141.3,442004,0.0
2019-05-20,142.13,143.34,141.6,143.19,475795,0.0
2019-05-21,143.16,144.48,142.99,143.85,323210,0.0
2019-05-22,142.57,143.515,141.71,142.24,409478,0.0
2019-05-23,143.06,143.54,141.96,142.21,333845,0.0
2019-05-27,142.69,144.38,141.71,141.97,701189,0.0
2019-05-28,140.9,141.55,139.19,139.72,862882,0.0
2019-05-29,140.4,141.3,139.54,140.48,1892102,0.0
2019-05-30,139.26,140.37,139.25,139.94,1011763,0.0
2019-06-02,140.45,141.46,139.41,140.23,1284660,0.0
2019-06-03,141.29,141.91,139.68,141.85,1580466,0.0
2019-06-04,142.23,144.425,142.23,144.35,1489035,0.0
2019-06-05,144.5,144.82,143.42,144.74,842311,0.0
2019-06-06,145,147.03,144.99,146.51,778947,0.0
2019-06-09,147.19,147.5,146.31,146.93,536092,0.0
2019-06-10,147.57,147.94,144.97,145.55,406322,0.0
2019-06-11,145.75,146.53,145.65,145.97,607668,0.0
2019-06-12,145.97,146.19,144.9,145.34,537543,0.0
2019-06-13,145.47,146.18,144.88,145.9,705007,0.0
2019-06-16,146.09,146.75,144.9,145.02,299163,0.0
2019-06-17,146.1,146.47,144.4,144.52,807294,0.0
2019-06-18,144.44,145.665,144.08,145.39,436333,0.0
2019-06-19,146.86,147.305,145.055,145.97,708248,0.0
2019-06-20,146.13,147.44,141.72,145.03,1413098,0.0
2019-06-23,145.17,145.87,144.6,145.41,528492,0.0
2019-06-24,145.96,146.88,143.94,144.41,505434,0.0
2019-06-25,144.34,145.6,142.61,142.65,551480,0.0
2019-06-26,143.16,144.84,142.77,144.62,763779,0.0
2019-06-27,144.77,146.91,143.91,146.45,637668,0.0
2019-06-30,147.52,148.22,146.535,147.59,603742,0.0
2019-07-01,148.18,149.11,147.32,148.62,616180,0.0
2019-07-02,148.71,151.09,148.71,150.62,359629,0.0
2019-07-04,149.83,149.83,147.05,148.9,391389,0.0
2019-07-07,148.82,149.51,148.36,148.88,355678,0.0
2019-07-08,148.52,149.89,148.1,149.62,528853,0.0
2019-07-09,149.87,150.94,149.78,150.01,391627,0.0
2019-07-10,150.26,151.27,149.47,151.19,447672,0.0
2019-07-11,151.65,152.1,150.55,151.8,401143,0.0
2019-07-14,152.3,152.4,151.22,152.22,414852,0.0
2019-07-15,152.25,153.37,151.52,151.77,398440,0.0
2019-07-16,152.22,152.9,151.45,151.46,392079,0.0
2019-07-17,151.22,153,151,152.93,548515,0.0
2019-07-18,153.82,153.82,151.29,151.42,568299,0.0
2019-07-21,151.75,152.44,150.51,150.51,437969,0.0
2019-07-22,151.26,151.64,149.87,150.81,607754,0.0
2019-07-23,150.84,152.005,149.66,150.7,551775,0.0
2019-07-24,151.73,151.8,149.82,150.25,552219,0.0
2019-07-25,150.6,152.69,150.285,152.51,530599,0.0
2019-07-28,152.69,153.27,152.14,152.58,424181,0.0
2019-07-29,151.94,153.11,151.55,152.05,533038,0.0
2019-07-30,152.04,153.47,150.02,151.75,713098,0.0
2019-07-31,151.21,155.495,150.51,152.92,722676,0.0
2019-08-01,152.31,154.15,151.11,153.23,702791,0.0
2019-08-04,151.93,152.365,148.43,149.42,788468,0.0
2019-08-05,150.16,152.62,149.77,152.33,638752,0.0
2019-08-06,150.73,154.5,149.08,153.92,498671,0.0
2019-08-07,154.49,156.31,153.96,156.18,777388,0.0
2019-08-08,155.88,157.24,154.7901,156.46,460474,0.0
2019-08-11,156.28,156.99,155.27,155.47,398706,0.0
2019-08-12,155.5,157.6,154.85,155.93,578605,0.0
2019-08-13,154.87,155.87,152.7,153.1,510838,0.0
2019-08-14,153.72,155.62,153.49,155.11,411121,0.0
2019-08-15,156.11,157.16,155.2501,156.89,406446,0.0
2019-08-18,158,158.64,157.46,158.29,359569,0.0
2019-08-19,158.17,158.57,156.7,158.22,313599,0.0
2019-08-20,159.14,159.7197,158.39,158.71,375862,0.0
2019-08-21,159.36,159.63,157.375,158.03,452101,0.0
2019-08-22,157.58,158.5,153.91,154.76,488559,0.0
2019-08-25,155.9724,159.38,155.7,157.36,470706,0.0
2019-08-26,158.36,159.55,157.87,158.82,415106,0.0
2019-08-27,158.32,159.91,157.435,159.77,381568,0.0
2019-08-28,160.45,161.79,159.35,160.78,381761,0.0
2019-08-29,161.85,162.13,160.47,161.5,464105,0.0
2019-09-02,161.86,163.98,160.42,161.73,540030,0.0
2019-09-03,162.41,164,162.18,162.83,414993,0.0
2019-09-04,164.06,164.91,163.095,163.54,587287,0.0
2019-09-05,163.97,164.97,163.55,164.62,484619,0.0
2019-09-08,164.33,164.54,159.925,160.21,708210,0.0
2019-09-09,159.17,159.44,153.69,155.12,1002351,0.0
2019-09-10,155.02,156.19,153.03,155.09,1045667,0.0
2019-09-11,157.12,159.17,156.58,157.39,596137,0.0
2019-09-12,157.13,158.15,155.3,155.78,708664,0.0
2019-09-15,154.88,157.06,153.5227,156.53,518921,0.0
2019-09-16,157.56,158.92,156.52,158.65,521454,0.0
2019-09-17,158.13,159.5,157.05,159.33,459481,0.0
2019-09-18,158.93,159.94,158.45,158.68,329673,0.0
2019-09-19,158.24,159.14,157.53,158.41,893910,0.0
2019-09-22,158.78,158.97,157,157.36,400385,0.0
2019-09-23,158.04,160.28,156.77,157.47,489293,0.0
2019-09-24,157.96,158.06,156.26,157.73,511952,0.0
2019-09-25,158.06,160.09,157.42,159.36,515346,0.0
2019-09-26,159.89,160.56,154.4,155.61,715729,0.0
2019-09-29,155.59,158.735,155.1802,158.08,554240,0.0
2019-09-30,158.33,158.62,156.3,156.42,496289,0.0
2019-10-01,155.25,155.94,152.72,153.34,668469,0.0
2019-10-02,153.64,154.4,151.88,154.26,722123,0.0
2019-10-03,154.73,158,154.625,157.53,860332,0.0
2019-10-06,157.55,157.83,156.3,157.17,455798,0.0
2019-10-07,156.43,156.92,154.79,154.92,623027,0.0
2019-10-08,155.95,157.97,155.47,157.13,716504,0.0
2019-10-09,156.81,158.515,156.13,157.86,703566,0.0
2019-10-10,158.88,159.57,156.99,157.03,1186634,0.0
2019-10-13,157.44,157.85,155.26,155.39,859558,0.0
2019-10-14,156.11,156.8,155.38,155.98,1105079,0.0
2019-10-15,155.19,155.73,152.96,155.59,1776417,0.0
2019-10-16,155.81,156.75,154.89,155.21,1567220,0.0
2019-10-17,155.49,155.49,153.63,154.42,1764751,0.0
2019-10-20,155.13,155.13,152.36,153.41,534893,0.0
2019-10-21,157.8,157.8,150.99,151.02,699972,0.0
2019-10-22,150.47,151.935,147.71,148.62,1359741,0.0
2019-10-23,149.36,150.725,148.27,149.72,641303,0.0
2019-10-24,150.15,150.95,148.62,148.91,438549,0.0
2019-10-27,148.94,149.7,148.45,148.54,646558,0.0
2019-10-28,147.77,151.32,147.77,149.975,1630389,0.0
2019-10-29,146.17,148.68,145.005,147.7,1235052,0.0
2019-10-30,147.36,148.5,144.32,144.7,845622,0.0
2019-10-31,144.79,146.2409,144.79,145.28,804963,0.0
2019-11-03,145.5,145.5,140.01,140.26,841700,0.0
2019-11-04,140.27,140.89,137.63,138.74,1053272,0.0
2019-11-05,139.31,141.1,139.14,140.77,880557,0.0
2019-11-06,140.66,141.56,139.24,139.8,675093,0.0
2019-11-07,139.07,140.35,136.39,136.75,1051016,0.0
2019-11-10,135.71,137.41,135.4,137.36,701828,0.0
2019-11-11,137.38,138.99,137.28,138.085,957915,0.0
2019-11-12,138.57,140.23,137.88,139.81,765139,0.0
2019-11-13,139.6,141.27,138.97,141.1,681735,0.0
2019-11-14,141.82,141.82,140.44,141.17,797779,0.0
2019-11-17,141.54,142.99,141,142.1,847504,0.0
2019-11-18,142.78,144.43,142.22,144,899382,0.0
2019-11-19,143.44,144.81,142.79,144.34,1092058,0.0
2019-11-20,144.72,145.51,143.46,144.45,1292111,0.0
2019-11-21,145.16,146.25,144.27,145.99,1199401,0.0
2019-11-24,146.08,147.07,145.27,145.41,672245,0.0
2019-11-25,145.58,147.79,145,147.75,489467,0.0
2019-11-26,147.98,148.58,147.51,148.5,410105,0.0
2019-11-28,148.4,148.97,147.18,147.54,346129,0.0
2019-12-01,147.56,148.22,146.03,146.18,586287,0.0
2019-12-02,145.28,146.18,144.19,145.04,511593,0.0
2019-12-03,145.48,146.64,144.95,145.42,506926,0.0
2019-12-04,145.34,146.56,145.34,146.03,402884,0.0
2019-12-05,146.54,147.31,145.99,146.8,414660,0.0
2019-12-08,147.08,148.3,146.55,147.43,659364,0.0
2019-12-09,148.19,148.475,147.03,147.28,535487,0.0
2019-12-10,147.19,147.71,146.31,146.81,360334,0.0
2019-12-11,146.56,147.7,146.33,147.39,545597,0.0
2019-12-12,147.08,149.56,146.507,149.16,582891,0.0
2019-12-15,149.78,150.11,148.935,149.69,582048,0.0
2019-12-16,150.46,151.1599,149.545,150.82,704791,0.0
2019-12-17,151.17,151.4,148.43,148.78,680823,0.0
2019-12-18,148.52,149.025,148.05,148.19,529095,0.0
2019-12-19,150.05,150.05,148.16,149.61,1198923,0.0
2019-12-22,149.71,149.82,148.905,149.55,422698,0.0
2019-12-23,149.59,150.48,148.77,149.2,125914,0.0
2019-12-25,149.34,149.91,148.3,148.81,212505,0.0
2019-12-26,148.91,149.25,148.04,148.57,406144,0.0
2019-12-29,148.48,148.49,146.44,147.59,384822,0.0
2019-12-30,147.87,149.48,147.55,149.34,349208,0.0
2020-01-01,149.28,151.13,148.9,151.12,627131,0.0
2020-01-02,150,152.73,150,152.6,691377,0.0
2020-01-05,153.93,153.93,150.69,152.93,490265,0.0
2020-01-06,153.24,154.93,153.08,154.21,734378,0.0
2020-01-07,154.48,156.23,153.96,155.6,534019,0.0
2020-01-08,156.67,157.96,156.65,157.14,545177,0.0
2020-01-09,157.11,157.815,156.39,157.32,519695,0.0
2020-01-12,157.34,158.14,156.88,158.02,450063,0.0
2020-01-13,157.65,157.93,156.54,156.91,428105,0.0
2020-01-14,157.34,159.14,157.205,158.65,593408,0.0
2020-01-15,159.3,160.89,158.97,160.53,441534,0.0
2020-01-16,160.86,161.59,160.07,160.55,408408,0.0
2020-01-20,159.78,162.235,159.265,161.3,994914,0.0
2020-01-21,162.43,164.05,162.43,163.6,1120736,0.0
2020-01-22,163.13,165.29,162.175,165.13,1133106,0.0
2020-01-23,165.4,165.95,164.1309,165.3,781230,0.0
2020-01-26,163.31,164.91,161.8212,163.98,379221,0.0
2020-01-27,164.15,165.5,163.875,164.82,384153,0.0
2020-01-28,165,165.37,163.93,164.19,403979,0.0
2020-01-29,163.25,164.81,162.98,164.71,409404,0.0
2020-01-30,164.42,164.74,162,162.47,449677,0.0
2020-02-02,163.03,166.0086,163.03,165.21,473564,0.0
2020-02-03,166.8,168.71,166.38,168.15,695590,0.0
2020-02-04,169.5,169.9,167.58,168.56,1011388,0.0
2020-02-05,169.55,169.88,168.28,168.96,323389,0.0
2020-02-06,168.81,169.485,167.824,169.16,334358,0.0
2020-02-09,168.79,170.12,168.18,169.94,401106,0.0
2020-02-10,170.17,170.66,167.57,167.88,452049,0.0
2020-02-11,167.92,169.52,167.45,169.28,388721,0.0
2020-02-12,169.05,171.58,169.05,170.66,432066,0.0
2020-02-13,170.42,171.675,170.42,171.39,448868,0.0
2020-02-17,170.8,171.73,169.875,171.4,921426,0.0
2020-02-18,165.48,170.74,163,169.8,1076903,0.0
2020-02-19,170.49,170.49,167.08,169.4,683250,0.0
2020-02-20,168.69,170.16,167.51,168.69,620947,0.0
2020-02-23,166.26,169.15,165.59,167.58,790172,0.0
2020-02-24,168.09,168.92,162.54,162.86,778303,0.0
2020-02-25,164.29,165.955,162.61,163.55,637394,0.0
2020-02-26,161.97,162.91,155.79,155.79,797063,0.0
2020-02-27,150.87,155.46,148.71,155.15,1733898,0.0
2020-03-01,154.92,163.28,154.35,163.26,1275184,0.0
2020-03-02,163.29,166.42,159.5,160.44,1028896,0.0
2020-03-03,162.22,169.86,161.31,169.09,744650,0.0
2020-03-04,163.88,166.7,162.95,164.99,847575,0.0
2020-03-05,159.17,164.46,157.89,163.37,2029230,0.0
2020-03-08,152.32,154.89,145.15,147.63,1776826,0.0
2020-03-09,151.07,156.76,147.07,156.74,1320428,0.0
2020-03-10,152.17,155.18,148.57,151.7,1223519,0.0
2020-03-11,142.25,149.06,132,139.5,1552885,0.0
2020-03-12,145.29,147.99,133.605,145.61,1490004,0.0
2020-03-15,132.54,142.45,128.71,130.135,2452624,0.0
2020-03-16,131.95,148.61,130.8433,144.71,1348197,0.0
2020-03-17,133,137.42,124.01,135.13,2776638,0.0
2020-03-18,135.3,144.98,131.79,136.19,965810,0.0
2020-03-19,137.4,137.6,123.54,124.65,1441992,0.0
2020-03-22,125.73,125.76,116.6101,120.94,1189562,0.0
2020-03-23,126.86,138.06,125.37,137.28,1110347,0.0
2020-03-24,134.61,138.9,128,134.44,1423832,0.0
2020-03-25,135.54,143.48,135.54,142.55,975724,0.0
2020-03-26,139.1,143.47,136.98,138.11,1008142,0.0
2020-03-29,138.81,147.93,138.1,146.53,645569,0.0
2020-03-30,144.92,146.54,138.43,139.38,1049801,0.0
2020-03-31,134.22,142.49,133.5,140.89,1126812,0.0
2020-04-01,137.03,144.33,134.45,142.98,876122,0.0
2020-04-02,141.68,143.2928,138.17,141.74,667389,0.0
2020-04-05,146.2,148.81,144.88,147.74,2036576,0.0
2020-04-06,151.51,152.89,146.57,147.17,799819,0.0
2020-04-07,147.84,150.9,147.17,148.62,1498268,0.0
2020-04-08,149.64,152.64,147.23,148.25,894975,0.0
2020-04-12,146.15,148,142.46,144.07,529146,0.0
2020-04-13,147.88,150.85,146.81,150.3,1392580,0.0
2020-04-14,147.56,148.625,146.035,147.18,1040991,0.0
2020-04-15,148.31,149.94,146.2,148.96,1773508,0.0
2020-04-16,153.48,154.03,151.4,153.78,1455850,0.0
2020-04-19,151.59,151.595,148.49,149.33,1253955,0.0
2020-04-20,146.97,148.17,144.55,145.21,1933722,0.0
2020-04-21,148.61,152.33,146.9,151.4,1501436,0.0
2020-04-22,151.49,152.12,146.72,147.61,2655008,0.0
2020-04-23,149.15,149.15,146.63,148.53,1545503,0.0
2020-04-26,151.07,152.42,149.18,151.81,2091558,0.0
2020-04-27,159.3026,159.9938,151.49,151.78,544949,0.0
2020-04-28,154.05,154.82,151.61,153,710798,0.0
2020-04-29,152.17,153.29,150.47,152.84,2309489,0.0
2020-04-30,149.85,154.47,149.85,153.64,675166,0.0
2020-05-03,152.3,155.48,151.38,154.37,1288102,0.0
2020-05-04,154.91,159.145,154.68,157.82,860744,0.0
2020-05-05,160,161.74,154.5,155.18,1585916,0.0
2020-05-06,156.17,160.25,156.17,158.27,829035,0.0
2020-05-07,160.11,161.66,158.2,159.41,1042548,0.0
2020-05-10,158.2,161.5,157.85,160.59,954210,0.0
2020-05-11,160.18,161.3,156.58,156.59,636882,0.0
2020-05-12,156.42,157,152.75,154.36,731518,0.0
2020-05-13,155.02,156.3899,151.18,153.89,626722,0.0
2020-05-14,152.88,155.45,151.54,154.56,1072002,0.0
2020-05-17,158.13,159.75,156.89,158.27,516341,0.0
2020-05-18,158.42,161,157.54,158.06,512217,0.0
2020-05-19,158.84,161.04,158.84,159.5,780722,0.0
2020-05-20,157.51,159.36,156.52,156.78,939022,0.0
2020-05-21,155.81,158.37,155.7401,157.27,661546,0.0
2020-05-25,158.52,161.26,157.16,160.46,878900,0.0
2020-05-26,162.37,164.38,158.71,163.48,1537218,0.0
2020-05-27,165,169.94,164.02,168.39,1110212,0.0
2020-05-28,169.13,173.33,168.76,172.88,1194893,0.0
2020-05-31,171.46,173.69,169.25,169.26,695171,0.0
2020-06-01,170.04,172.28,169.43,170.9,1302057,0.0
2020-06-02,172.3,173.77,170.29,170.66,1843730,0.0
2020-06-03,170.22,171.12,163.86,164.35,1127243,0.0
2020-06-04,165.67,166.79,162.14,166.26,1576119,0.0
2020-06-07,163.94,169.97,163.74,169.5,1297868,0.0
2020-06-08,170,170.21,167.58,169.41,1194598,0.0
2020-06-09,170.56,171.92,169.74,171.27,761802,0.0
2020-06-10,170.04,171.11,162.37,162.7,1513280,0.0
2020-06-11,164.46,165.71,163.39,163.549,238955,0.0
2020-06-14,159.47,165.69,159.17,165.47,641168,0.0
2020-06-15,169.79,170.515,165.095,166.431,1077669,0.0
2020-06-16,166.68,168.21,166.59,167.04,270008,0.0
2020-06-17,167.41,168.55,166.06,166.85,738977,0.0
2020-06-18,167.18,169.78,164.09,164.18,911032,0.0
2020-06-21,163.99,167.63,163.27,167.18,398097,0.0
2020-06-22,169.37,169.37,166.56,166.81,404622,0.0
2020-06-23,166.21,167.33,163.26,163.78,553274,0.0
2020-06-24,163.43,166.53,161.79,166.26,643686,0.0
2020-06-25,166.91,168.08,161.4,163,1014724,0.0
2020-06-28,163.27,164.53,161.1,164.34,410772,0.0
2020-06-29,164.08,171.1,162.92,170.23,854682,0.0
2020-06-30,169.23,173.19,168.48,172.38,658992,0.0
2020-07-01,173.51,174.29,171.75,173.1,785478,0.0
