Date,Open,High,Low,Close,Volume,OpenInterest
2016-07-12,90.32,90.41,87.7,87.77,667182,0.0
2016-07-13,88.98,89.08,87.5,88.15,765242,0.0
2016-07-14,89.34,90.86,88.05,90.2,994571,0.0
2016-07-17,90.06,90.8,89.32,89.41,775518,0.0
2016-07-18,89.08,89.72,86.64,87.44,802129,0.0
2016-07-19,87.3,91.22,86.53,91.15,989582,0.0
2016-07-20,91.34,93.61,91,93.21,1467870,0.0
2016-07-21,93.63,94.29,92.698,93.89,887009,0.0
2016-07-24,93.51,96.519,93.3868,95.77,1569594,0.0
2016-07-25,95.9,95.91,93.87,94.99,1310031,0.0
2016-07-26,94.65,97.06,94.65,96.02,1727488,0.0
2016-07-27,95.35,98.5,95.075,96.21,1152122,0.0
2016-07-28,96.28,97.07,95.405,96.99,629635,0.0
2016-07-31,97.31,98.98,96.85,98.19,1279215,0.0
2016-08-01,97.43,99.45,96.0099,99.16,1704417,0.0
2016-08-02,99.24,101.5,99.12,100.43,1067307,0.0
2016-08-03,100.82,101.02,98.82,100.28,870922,0.0
2016-08-04,100.85,102.94,99.77,102.43,807931,0.0
2016-08-07,102.69,103.09,100.73,102.45,1056173,0.0
2016-08-08,103.09,103.73,102.375,102.82,865368,0.0
2016-08-09,102.78,102.78,99.49,99.7,755894,0.0
2016-08-10,99.84,101.28,99.59,101.2,504373,0.0
2016-08-11,100.79,101.65,98.56,101.53,398074,0.0
2016-08-14,101.96,102.79,101.52,102.47,344184,0.0
2016-08-15,100.99,101.94,99.82,100,847010,0.0
2016-08-16,100.36,100.4,98.8,99.89,595419,0.0
2016-08-17,99.74,100.14,98.791,99.08,501153,0.0
2016-08-18,98.75,98.78,97.29,98.01,653766,0.0
2016-08-21,98,101.8,98,100.95,970539,0.0
2016-08-22,101.16,102.34,100.66,100.98,604996,0.0
2016-08-23,101.2,102.49,96.27,96.74,1104787,0.0
2016-08-24,97.09,98.87,95.161,96.4,1010595,0.0
2016-08-25,96.94,98.34,96.1323,97.09,414080,0.0
2016-08-28,97.48,97.77,95.57,96.94,388745,0.0
2016-08-29,96.77,97.45,95.58,95.81,462899,0.0
2016-08-30,95.98,96.16,94.01,94.51,436722,0.0
2016-08-31,95.03,95.88,93.14,94.75,630930,0.0
2016-09-01,94.76,95.54,93.6547,95.11,631193,0.0
2016-09-05,95.18,96.805,94.53,95.78,534558,0.0
2016-09-06,95.8,96.685,95.17,95.6,617240,0.0
2016-09-07,95.69,97.8,94.43,97.28,622454,0.0
2016-09-08,96.31,97.31,93.44,93.69,791982,0.0
2016-09-11,93.41,98.05,93.1025,97.86,723409,0.0
2016-09-12,96.61,97.86,93.75,95.31,650779,0.0
2016-09-13,95.02,97.77,88.16,90.12,4462654,0.0
2016-09-14,90.6,94.43,89.35,93.1,2091528,0.0
2016-09-15,92.9,93.13,90.67,92.76,1495204,0.0
2016-09-18,93.21,93.59,91.09,91.25,885531,0.0
2016-09-19,92.07,92.52,90.98,91.69,709123,0.0
2016-09-20,91.99,92.71,89.08,91.82,1394274,0.0
2016-09-21,92.83,93.35,90.01,92.12,837425,0.0
2016-09-22,92.27,92.96,90.27,90.63,928963,0.0
2016-09-25,90.05,91.23,88.1,88.29,1100356,0.0
2016-09-26,88.23,89.19,87.25,89.12,1011724,0.0
2016-09-27,90.51,90.73,86.87,88.84,1257552,0.0
2016-09-28,88.45,90.77,84.985,85,1922043,0.0
2016-09-29,85.25,88.91,83.5,87.25,1808549,0.0
2016-10-02,86.46,87.475,84.62,86.8,933829,0.0
2016-10-03,86.94,87.25,85.75,86.42,672002,0.0
2016-10-04,86.85,88.24,86.09,87.65,640622,0.0
2016-10-05,86.74,86.88,84.88,84.96,999850,0.0
2016-10-06,85.36,85.95,84.23,85.7,713679,0.0
2016-10-09,86.35,86.95,85.83,85.99,470962,0.0
2016-10-10,85.15,86.08,80.78,81.65,1643400,0.0
2016-10-11,81.81,82.82,80.04,80.15,1838597,0.0
2016-10-12,79.55,81.56,79.52,80.56,1657759,0.0
2016-10-13,81.13,82.23,79.2,79.23,1490075,0.0
2016-10-16,79.36,81.535,78.5,80.51,1500971,0.0
2016-10-17,81.73,83.14,81.73,82.96,1145867,0.0
2016-10-18,82.79,82.89,81.21,81.84,1022412,0.0
2016-10-19,81.4,83.26,81.4,82.91,770213,0.0
2016-10-20,82.34,82.6,80.69,80.76,807885,0.0
2016-10-23,80,80.4,77.9,78.72,1641612,0.0
2016-10-24,78.88,79.75,77.43,78.67,1875617,0.0
2016-10-25,81.9,82.81,76.67,78.71,3638137,0.0
2016-10-26,79.39,81.05,75.01,75.88,3048773,0.0
2016-10-27,75.35,79.3,74.95,77.59,2888626,0.0
2016-10-30,77.61,77.88,75.77,75.87,1341954,0.0
2016-10-31,75.26,77.99,73.305,77.89,1929830,0.0
2016-11-01,77.6,78.43,76.77,78,1846549,0.0
2016-11-02,78.43,78.515,77.55,77.69,1768919,0.0
2016-11-03,77.39,80.92,77.39,78.95,1455897,0.0
2016-11-06,80.38,83.94,79.31,83.23,1716741,0.0
2016-11-07,82.73,84.21,81.85,82.99,1408507,0.0
2016-11-08,88.92,93.8,87.79,92.88,2969676,0.0
2016-11-09,94.07,97.93,94.06,95.36,3200843,0.0
2016-11-10,94.28,95.25,89.97,92,2122922,0.0
2016-11-13,92.33,94.51,89.64,94.44,1947467,0.0
2016-11-14,94.14,94.675,91.96,93.06,1847589,0.0
2016-11-15,92.58,93.06,90.43,90.46,1135147,0.0
2016-11-16,90.67,92.4,90.01,91.2,1006118,0.0
2016-11-17,90.94,91.48,89,89.49,896306,0.0
2016-11-20,89.95,90.51,88.76,89.07,980626,0.0
2016-11-21,89.32,89.75,85.4,86.2,1341533,0.0
2016-11-22,85.37,87.47,84.26,87.34,745034,0.0
2016-11-24,87.71,87.97,86.29,87.77,638766,0.0
2016-11-27,87.47,88,86.13,86.89,1160363,0.0
2016-11-28,86.21,87.5,84.4,85.66,1279886,0.0
2016-11-29,85.86,86.91,81.59,81.61,1600167,0.0
2016-11-30,81.85,82.53,77.75,77.8,2144686,0.0
2016-12-01,77.65,78.01,75.38,75.49,3743603,0.0
2016-12-04,76.13,77.33,75.25,75.54,1939182,0.0
2016-12-05,75.77,78.39,75.04,78.11,1372693,0.0
2016-12-06,76.7,76.94,74.09,75.3,2042636,0.0
2016-12-07,75.98,77.34,74.59,77.22,1163547,0.0
2016-12-08,77.7,79.67,76.28,76.64,1170181,0.0
2016-12-11,76.58,76.915,75.24,76.05,1370259,0.0
2016-12-12,76.62,77.77,76.08,76.6,816573,0.0
2016-12-13,76.34,78.69,76,78.32,1966949,0.0
2016-12-14,78,78.62,76.27,77.09,1512983,0.0
2016-12-15,77.35,78.9,76.29,76.76,1306945,0.0
2016-12-18,76.46,78.45,76.05,76.31,1235529,0.0
2016-12-19,76.44,76.85,75.97,76.43,999761,0.0
2016-12-20,76.3,76.8,72.41,72.59,2328789,0.0
2016-12-21,72.61,73,71.46,72.02,2048365,0.0
2016-12-22,72.11,74.81,71.96,74.31,1165513,0.0
2016-12-26,74.32,76.28,74.32,75.19,723869,0.0
2016-12-27,75.2,75.5,74.52,74.59,807389,0.0
2016-12-28,74.45,75.01,73.73,74.45,691492,0.0
2016-12-29,74.67,74.99,73.23,73.73,868845,0.0
2017-01-02,74.43,74.9899,73.34,74.86,1302657,0.0
2017-01-03,75.22,78.09,74.87,77.05,1117499,0.0
2017-01-04,77.15,79.61,76.15,79.06,1719665,0.0
2017-01-05,78.94,79.7,77.56,79.38,1302645,0.0
2017-01-08,79.8,83.62,77.09,82.86,3726531,0.0
2017-01-09,82.6,83.47,81.69,82.93,1375460,0.0
2017-01-10,83.17,85.37,80.38,81.93,1995235,0.0
2017-01-11,81.61,82.675,80.5,82.39,953222,0.0
2017-01-12,82.4,84.41,81.71,83.17,1160439,0.0
2017-01-16,82.35,82.545,79.78,81.55,1090157,0.0
2017-01-17,81.88,82.87,81.58,82.51,1260494,0.0
2017-01-18,82.55,82.72,80.51,80.91,1253857,0.0
2017-01-19,81.47,82.46,80.89,81.35,749556,0.0
2017-01-22,81.09,81.75,80.06,81.4,849497,0.0
2017-01-23,81.42,82.6,80.55,82.25,986915,0.0
2017-01-24,82.55,85.62,82.35,85.18,2183643,0.0
2017-01-25,85.75,87.91,84.05,85.33,2137312,0.0
2017-01-26,85.62,87.5,85.1,87.37,1546785,0.0
2017-01-29,87.1,87.1,83.78,84.38,1292153,0.0
2017-01-30,83.82,85.95,82.66,85.87,1858870,0.0
2017-01-31,85.98,86.43,84.33,86.24,1298970,0.0
2017-02-01,85.99,86.9,85.16,86.72,965315,0.0
2017-02-02,87.09,87.27,85.77,86.73,922778,0.0
2017-02-05,86.22,87.975,85.73,87.42,1111475,0.0
2017-02-06,87.29,88.12,86.07,86.84,990360,0.0
2017-02-07,86.27,87.8,85.79,87.72,987369,0.0
2017-02-08,87.83,89.42,87.695,89.25,1182264,0.0
2017-02-09,89.21,89.64,87.89,88.14,1166505,0.0
2017-02-12,88.39,88.64,87.25,87.71,795557,0.0
2017-02-13,87.89,89.26,87.34,88.91,1055302,0.0
2017-02-14,88.69,89.46,88.34,89.37,866688,0.0
2017-02-15,89.62,89.94,87.05,87.7,993768,0.0
2017-02-16,87.69,88.98,86.9,88.3,1040937,0.0
2017-02-20,88.34,89,86.01,86.55,1129386,0.0
2017-02-21,86.55,87.325,85.72,85.8,914294,0.0
2017-02-22,86.2,86.63,84.39,85.76,641423,0.0
2017-02-23,85.73,86.11,84.62,86.07,1086257,0.0
2017-02-26,86.19,88.9499,85.84,88.9,1333416,0.0
2017-02-27,89.17,91.95,88.79,90.63,1649754,0.0
2017-02-28,91.8,92.26,89.83,90.3,1506383,0.0
2017-03-01,89.94,91.06,89.57,89.89,779022,0.0
2017-03-02,89.54,90.39,88.95,90.17,1149254,0.0
2017-03-05,90.3,91.68,88.87,90.9,1233658,0.0
2017-03-06,90.14,91.7,89.77,91.33,1607802,0.0
2017-03-07,91.11,93.4,91.11,92.18,1433108,0.0
2017-03-08,92.45,93.6,91.96,93.58,894948,0.0
2017-03-09,94.15,94.22,92.95,93.98,1218969,0.0
2017-03-12,94.24,94.24,92.93,92.94,675238,0.0
2017-03-13,92.68,93.09,92.16,92.75,469008,0.0
2017-03-14,93.21,95,93.13,94.56,708386,0.0
2017-03-15,94.38,94.8599,91.7,92.34,1093950,0.0
2017-03-16,92.79,93.5,91.7601,91.92,1699517,0.0
2017-03-19,92,92.61,91.23,91.32,1017586,0.0
2017-03-20,91.81,91.825,89.44,89.51,1191840,0.0
2017-03-21,89.95,90.25,89.059,90.03,998484,0.0
2017-03-22,90,90.7495,88.94,89.05,706445,0.0
2017-03-23,89.74,90.48,89.12,89.96,722067,0.0
2017-03-26,89.28,91.49,88.9,90.76,1082738,0.0
2017-03-27,90.31,90.76,89.22,89.65,1144707,0.0
2017-03-28,106.31,111.88,106.03,108.02,11543068,0.0
2017-03-29,107.88,109.73,106.52,107.29,2474177,0.0
2017-03-30,107.89,109.49,106.54,109.34,2147899,0.0
2017-04-02,109.01,110.49,107.31,107.45,1549592,0.0
2017-04-03,107.24,112.69,107.24,112.31,2389673,0.0
2017-04-04,112.35,116.8558,111.22,114.1,3194440,0.0
2017-04-05,114.11,114.88,113.17,114.27,1524196,0.0
2017-04-06,114.35,117.65,114.07,115.88,1511175,0.0
2017-04-09,115.66,116.71,112.94,114.1,1653726,0.0
2017-04-10,113.42,114.35,111.32,114.25,1382391,0.0
2017-04-11,114.23,115.8,113.69,114.86,846663,0.0
2017-04-12,114.7,116.105,113.22,113.8,1188206,0.0
2017-04-16,114.39,115.225,113.95,114.84,859238,0.0
2017-04-17,114.62,115.48,113.83,114.65,811472,0.0
2017-04-18,115.55,116.63,114.29,114.63,1183774,0.0
2017-04-19,115.2,117.99,114.13,117.27,1199980,0.0
2017-04-20,117.17,117.69,115.92,116.7,1208519,0.0
2017-04-23,117.66,118.79,117.31,117.65,1100656,0.0
2017-04-24,117.79,118.41,116.92,117.26,917587,0.0
2017-04-25,118.08,118.08,116.07,116.34,1350138,0.0
2017-04-26,116,118.26,116,117.36,1109271,0.0
2017-04-27,119.29,120.5,115.45,118.32,2754182,0.0
2017-04-30,118.98,120.73,117.99,120.62,1688655,0.0
2017-05-01,120.82,121.96,116.4,118.47,1981870,0.0
2017-05-02,118.52,119.36,117.88,119.05,1006299,0.0
2017-05-03,119.59,119.95,115.91,116.38,1247315,0.0
2017-05-04,116.54,116.7,113.66,114.83,2101427,0.0
2017-05-07,114.56,115.65,113.81,115.05,1142934,0.0
2017-05-08,115.5,117,114.381,116.63,897747,0.0
2017-05-09,116.55,116.55,114.22,115.37,972235,0.0
2017-05-10,115.41,115.54,113.84,115.36,981666,0.0
2017-05-11,115.12,116.23,113.84,114.6,713212,0.0
2017-05-14,114.64,116.35,113.795,116.23,719037,0.0
2017-05-15,117.36,118.13,115.13,118.09,1008385,0.0
2017-05-16,117.44,117.88,114.2,114.38,1211028,0.0
2017-05-17,115.55,118.61,115.42,117.93,1719231,0.0
2017-05-18,117.77,118.8159,117.1,118.01,1088931,0.0
2017-05-21,118.57,119.27,117.51,118.94,796579,0.0
2017-05-22,118.94,119.27,115.87,116.59,1535280,0.0
2017-05-23,116.86,118.44,115.1,117.8,1430585,0.0
2017-05-24,118,119.415,117.38,118.63,1233613,0.0
2017-05-25,118.1,120.82,118.05,119.91,1184797,0.0
2017-05-29,119.52,120.99,119.1801,120.4,1158092,0.0
2017-05-30,120.95,123.78,120.605,123.6,1780336,0.0
2017-05-31,124,127.89,123.54,127.08,2835262,0.0
2017-06-01,128.44,130,126.99,129.86,2354168,0.0
2017-06-04,127.85,130.69,127.22,130.16,1658815,0.0
2017-06-05,129.38,129.86,127.51,127.69,929929,0.0
2017-06-06,128.27,128.905,122.93,124.99,2076672,0.0
2017-06-07,125,126.16,124.07,125.9,1460144,0.0
2017-06-08,126.48,127.08,122.469,122.62,1279612,0.0
2017-06-11,122.19,123.54,121.26,122.34,1621094,0.0
2017-06-12,122.38,122.75,120.77,122.49,1033640,0.0
2017-06-13,122.78,125.8,122.37,124.76,1347632,0.0
2017-06-14,123.76,124.48,121.15,124.07,714628,0.0
2017-06-15,123.85,124.97,122.54,123.1,1156492,0.0
2017-06-18,123.99,126.369,123.795,125.49,1151056,0.0
2017-06-19,125.54,127.97,123.82,126.33,1392943,0.0
2017-06-20,126.72,134.99,126.52,134.84,2761637,0.0
2017-06-21,134.65,137.26,132.76,135.53,2328651,0.0
2017-06-22,136.58,137,132.12,133.49,1412522,0.0
2017-06-25,133.83,135.03,131.62,133.42,1002386,0.0
2017-06-26,133.15,133.18,129.1,129.23,1203304,0.0
2017-06-27,129.69,131.62,128.94,131.12,908832,0.0
2017-06-28,129.66,130.917,126.32,127.25,1016182,0.0
2017-06-29,132.2,132.39,126.585,128.88,1132848,0.0
2017-07-02,129.49,129.89,126.68,128.18,597021,0.0
2017-07-04,128.31,130.44,127.341,129,913497,0.0
2017-07-05,128.02,128.935,125.5,128.52,801135,0.0
2017-07-06,129.14,130.88,129.12,130.35,716709,0.0
2017-07-09,129.93,130.36,128.64,128.68,1023840,0.0
2017-07-10,129.71,132.5,129.26,132.2,980338,0.0
2017-07-11,133.38,133.615,130.595,131.44,955323,0.0
2017-07-12,131.74,131.74,128.39,130.889,1262222,0.0
2017-07-13,131.77,131.81,130.425,130.95,941325,0.0
2017-07-16,130.44,132.05,128.26,129.17,877447,0.0
2017-07-17,128.95,132.3,127.67,132.15,1568667,0.0
2017-07-18,161.8,167,158.88,159.75,13748507,0.0
2017-07-19,159.94,161.765,157.25,159.35,4081446,0.0
2017-07-20,158.14,163.64,156.53,163.18,2579353,0.0
2017-07-23,162.33,166.575,160.91,166.17,1861573,0.0
2017-07-24,166.94,167.8,161.72,161.97,1905605,0.0
2017-07-25,162.15,164.53,161.7,163.49,1673488,0.0
2017-07-26,160.88,163.32,153.5,156.2,3003688,0.0
2017-07-27,155.3,157.2,153.58,154.05,1449423,0.0
2017-07-30,152.99,154.49,151.54,151.84,1660861,0.0
2017-07-31,153.03,154.0684,150.64,153.2,1218978,0.0
2017-08-01,151.8,157.91,151.469,157.64,1324788,0.0
2017-08-02,155.72,157.27,152.26,154.01,1114374,0.0
2017-08-03,154.68,155.17,153.015,154.51,526767,0.0
2017-08-06,152.6,156.63,152.6,156.42,727234,0.0
2017-08-07,156.12,156.5483,152.8975,153.26,650743,0.0
2017-08-08,153.02,155.09,152.19,152.58,737046,0.0
2017-08-09,152.01,152.04,148.5,148.54,1003010,0.0
2017-08-10,149.35,154.08,149.02,153.83,1181288,0.0
2017-08-13,154.48,155.87,153.54,154.45,713773,0.0
2017-08-14,154.45,155.28,152.55,152.72,544415,0.0
2017-08-15,152.79,153.26,150.305,151.35,668584,0.0
2017-08-16,150.93,152.41,148.52,148.56,742982,0.0
2017-08-17,147.65,150.11,147.18,148.2,636238,0.0
2017-08-20,148,150.26,147.42,148.96,824321,0.0
2017-08-21,149.19,155.92,149.19,155.44,1297983,0.0
2017-08-22,154.46,154.9,152.05,153.26,760618,0.0
2017-08-23,153.6,156.63,151.1,156.13,879890,0.0
2017-08-24,156.88,156.9337,152.25,153.31,711985,0.0
2017-08-27,154.64,154.91,151.05,153.4,882732,0.0
2017-08-28,152.21,154.16,151.77,152.89,651056,0.0
2017-08-29,152.52,158.09,152.52,156.27,967495,0.0
2017-08-30,156.57,160.85,154.03,160.57,1792258,0.0
2017-08-31,160.76,163.64,158.85,162.18,1376546,0.0
2017-09-04,161.37,162.07,157,159.06,1001189,0.0
2017-09-05,159.5,160.8,156.91,157.08,1002993,0.0
2017-09-06,157.08,159.68,155.52,159.4,947555,0.0
2017-09-07,159.61,161.44,157.3775,158.82,747252,0.0
2017-09-10,161.05,161.455,155.33,157.8,1175796,0.0
2017-09-11,156.65,157.79,155.4,156.82,580227,0.0
2017-09-12,156.79,157.95,155.7,156.8,734268,0.0
2017-09-13,156.05,156.56,152.88,153.39,973024,0.0
2017-09-14,153.75,155.95,152.64,153.77,1738912,0.0
2017-09-17,153.59,155.11,151.79,153.21,941466,0.0
2017-09-18,153.27,154.095,151.6,153,1072360,0.0
2017-09-19,153.29,155.14,151.51,152.7,975210,0.0
2017-09-20,153.22,153.29,151.69,152.1,585871,0.0
2017-09-21,151.91,152.07,148.5801,151.24,1027576,0.0
2017-09-24,151.19,152.79,148.77,149.08,1350393,0.0
2017-09-25,149.85,150.82,148,148.48,1099238,0.0
2017-09-26,148.86,150.98,147.3,149.06,1683654,0.0
2017-09-27,148.6,150.99,147.6,149.64,1251347,0.0
2017-09-28,151.21,152.34,149.18,152.05,1023548,0.0
2017-10-01,151.23,153.17,150.1,152.22,1159016,0.0
2017-10-02,152.21,152.989,150.1803,152.52,612970,0.0
2017-10-03,152.26,153.82,151.36,152.53,660818,0.0
2017-10-04,153.09,153.57,150.96,152.34,835338,0.0
2017-10-05,152.43,156.46,152.31,155.09,1193875,0.0
2017-10-08,155.85,157.29,154.46,155.55,912168,0.0
2017-10-09,155.19,156.23,153.5,154.51,713832,0.0
2017-10-10,153.85,154.64,151.65,154.01,1395707,0.0
2017-10-11,152.93,154.85,152.84,153.94,926047,0.0
2017-10-12,155,155.49,152.68,152.92,690142,0.0
2017-10-15,153.11,157.78,153.1,154.7,1815297,0.0
2017-10-16,154.55,156,154.02,155.06,578961,0.0
2017-10-17,155.29,158.04,154.02,154.86,795557,0.0
2017-10-18,154.57,155.79,152.42,154.59,894458,0.0
2017-10-19,154.97,155.85,152.6,154.61,925387,0.0
2017-10-22,155.32,155.35,150.68,151.07,1055125,0.0
2017-10-23,151.06,152.87,148.34,151.1,1302134,0.0
2017-10-24,150.08,151.09,146.08,146.64,1637240,0.0
2017-10-25,144.88,147.43,139.05,143.7,2997823,0.0
2017-10-26,141.17,150.15,141.0201,150.06,2179204,0.0
2017-10-29,149.71,152.8,148.865,149.51,1417609,0.0
2017-10-30,149.34,149.34,141.82,146.24,1938808,0.0
2017-10-31,147.35,147.35,142.39,142.61,1861354,0.0
2017-11-01,142.01,146.51,142.01,144.92,1589145,0.0
2017-11-02,143.05,150.08,142.99,149.96,1498516,0.0
2017-11-05,148.17,150.59,146.83,149.01,938605,0.0
2017-11-06,149.03,151.34,148.32,151.31,798697,0.0
2017-11-07,151.51,152,146.69,147.34,817710,0.0
2017-11-08,146.33,148.5,144.321,148.17,874568,0.0
2017-11-09,148.26,149.27,146.1,148.74,609943,0.0
2017-11-12,147.44,148.73,146.25,148.02,522953,0.0
2017-11-13,147.4,149.05,145.42,147.82,770825,0.0
2017-11-14,147.29,151.75,146.3,148.67,705388,0.0
2017-11-15,148.77,150.33,147.75,147.94,1068707,0.0
2017-11-16,147.7,148.79,146.65,147.39,629932,0.0
2017-11-19,146.92,147.46,143.43,144.65,1048345,0.0
2017-11-20,145.71,146.36,143.505,145.12,1172771,0.0
2017-11-21,145.42,147.39,144.81,147.02,636656,0.0
2017-11-23,146.08,147.9,146.04,146.55,199209,0.0
2017-11-26,146.84,149.29,146.72,148.55,872070,0.0
2017-11-27,148.86,149,146.05,147.37,571261,0.0
2017-11-28,147.01,148.3412,142.44,143.76,1014908,0.0
2017-11-29,144.19,146.1,143.945,144.22,1034509,0.0
2017-11-30,143.09,144.7,139.86,140.79,1847605,0.0
2017-12-03,141.99,142.7,138.67,138.8,1642280,0.0
2017-12-04,138.6,141.67,138.02,138.35,1055502,0.0
2017-12-05,138.3,139.41,136.83,137.31,1173928,0.0
2017-12-06,137.92,140.85,136.5,138.78,1133742,0.0
2017-12-07,139.8,144.8,139.11,143.6,1124058,0.0
2017-12-10,143.73,143.91,139.8,141.67,811035,0.0
2017-12-11,140.09,142.08,140.04,140.92,749175,0.0
2017-12-12,141.93,146.36,141.55,144.81,1401995,0.0
2017-12-13,145.57,146.32,142.28,142.54,935576,0.0
2017-12-14,143.97,145.96,142.05,145.84,1244366,0.0
2017-12-17,146.99,147.94,145.17,145.46,714075,0.0
2017-12-18,145.57,147.34,144.27,145.12,762657,0.0
2017-12-19,145.05,146.26,144.36,145.11,580753,0.0
2017-12-20,145.23,149.98,144.6801,148.83,1026230,0.0
2017-12-21,148.2,151.1,147.8,149.98,1116369,0.0
2017-12-25,149.5,151.49,149.5,150.61,533176,0.0
2017-12-26,151.13,152.7,150.3,151.53,673371,0.0
2017-12-27,152.19,152.49,148.75,151.17,623175,0.0
2017-12-28,150.45,151.76,149.75,149.88,541808,0.0
2018-01-01,150,153.3,147.72,152.87,978773,0.0
2018-01-02,153.08,153.5,148.58,151.94,1231675,0.0
2018-01-03,153.39,153.97,151.63,153.06,1001656,0.0
2018-01-04,155.54,157.35,154.1,155.69,1451598,0.0
2018-01-07,155.15,157.21,153.35,156.88,1143061,0.0
2018-01-08,156.81,157.88,154.515,156.03,1119234,0.0
2018-01-09,156,157.87,154.2101,157.4,1312151,0.0
2018-01-10,158,159.0499,156.62,158.35,738152,0.0
2018-01-11,157.16,158.42,156.35,157.87,711581,0.0
2018-01-15,158.28,159.87,155.14,155.7,1367638,0.0
2018-01-16,157.74,157.94,155.26,156.96,885908,0.0
2018-01-17,156.36,157.51,154.2245,157.19,858234,0.0
2018-01-18,157.3,159.5,156.32,157.97,1173590,0.0
2018-01-21,158.76,161.95,157.975,161.91,1314064,0.0
2018-01-22,163.7,167.31,163.24,166.58,2319324,0.0
2018-01-23,167.08,169.29,165.38,167.49,2016007,0.0
2018-01-24,168.69,169.11,165.94,166.24,958369,0.0
2018-01-25,167.31,169.3,166.1,169.21,1077403,0.0
2018-01-28,169.13,171.26,166.4171,167.14,1398822,0.0
2018-01-29,166.37,168.08,164,166.56,1653949,0.0
2018-01-30,166.72,168.585,164.53,166.87,1748189,0.0
2018-01-31,174.11,174.955,163.17,173,4010872,0.0
2018-02-01,169.42,169.96,163.64,166.04,2745434,0.0
2018-02-04,163.08,165.87,155.03,155.17,2206818,0.0
2018-02-05,152.63,159.79,151.35,159.27,2339340,0.0
2018-02-06,157.1,160.11,155.615,155.69,1364557,0.0
2018-02-07,155.32,157.62,151.59,151.59,1804658,0.0
2018-02-08,152.92,154.63,146.21,152.96,2149131,0.0
2018-02-11,153.41,154.18,148.61,152,1721956,0.0
2018-02-12,151.4,155.49,150.99,154.14,1223015,0.0
2018-02-13,152.62,158.24,152.32,157.24,1522151,0.0
2018-02-14,158.36,161.08,157.16,160.97,901581,0.0
2018-02-15,160.85,162.07,159.39,160.73,716877,0.0
2018-02-19,158.49,164.01,158.01,160.99,872868,0.0
2018-02-20,160.63,161.72,157.83,157.92,883417,0.0
2018-02-21,161.5,162.32,157,157.62,1197395,0.0
2018-02-22,159.01,165.98,158.1,165.92,1179948,0.0
2018-02-25,167.2,170.36,166.03,169.55,1329780,0.0
2018-02-26,168.99,170.89,165.72,165.93,966200,0.0
2018-02-27,166.7,169.5409,164.63,166.06,1334120,0.0
2018-02-28,165.68,168,163.61,165.88,1543849,0.0
2018-03-01,163.08,170.22,161.89,170.06,1611409,0.0
2018-03-04,168.78,173.45,167.17,173.33,1371674,0.0
2018-03-05,173.33,173.85,166.05,168.72,1755952,0.0
2018-03-06,167.94,170.77,167.906,170.18,794279,0.0
2018-03-07,170.39,171.98,169.18,171.88,705293,0.0
2018-03-08,173.26,176.31,171.76,176.22,994220,0.0
2018-03-11,176.5,178.15,174.8,177.18,990265,0.0
2018-03-12,177.36,178.25,174.54,174.96,1597704,0.0
2018-03-13,176.15,176.48,172.82,174.41,717611,0.0
2018-03-14,174.57,176.65,173.065,173.98,687080,0.0
2018-03-15,174.84,176.42,173.25,175.669,937780,0.0
2018-03-18,174.62,175.28,168.12,170.77,741000,0.0
2018-03-19,171.92,172.67,169.64,171.47,518801,0.0
2018-03-20,171.94,172.4152,168.6,170.34,720742,0.0
2018-03-21,167.83,170.38,165.55,166.07,716490,0.0
2018-03-22,165.83,166.7,160.74,160.93,882744,0.0
2018-03-25,163.85,166.35,160.27,166.1,892039,0.0
2018-03-26,167.63,168.28,159.29,160.37,797017,0.0
2018-03-27,160.93,162.5899,158.36,159.58,943716,0.0
2018-03-28,159.83,165.51,158.76,163,964970,0.0
2018-04-01,161.3,161.99,153.425,156.3,1309270,0.0
2018-04-02,155.86,159.55,153.91,158.41,1077208,0.0
2018-04-03,156.37,162.45,154.6,162.12,1183623,0.0
2018-04-04,162.82,163.49,157.12,157.65,883307,0.0
2018-04-05,155.74,157.59,152.605,154.24,961668,0.0
2018-04-08,156.26,160.39,155.67,156.76,787252,0.0
2018-04-09,159.04,161.72,157.77,161.16,925047,0.0
2018-04-10,159.52,162.94,158.46,158.9,781974,0.0
2018-04-11,159.54,163.45,159.54,161.97,790576,0.0
2018-04-12,162.74,163.08,160.41,161.39,1157097,0.0
2018-04-15,163.01,163.71,158.07,158.69,1097007,0.0
2018-04-16,160.54,165.6,159.45,164.98,1923658,0.0
2018-04-17,165,166.12,162.66,163.37,800694,0.0
2018-04-18,162.33,162.82,159.04,159.55,886044,0.0
2018-04-19,159.61,160.78,157.09,158.16,1023939,0.0
2018-04-22,158.71,160.13,157.74,158.7,711996,0.0
2018-04-23,160.27,160.5,154.69,155.68,905587,0.0
2018-04-24,155.49,157.415,154.1301,155.15,873359,0.0
2018-04-25,156.6,160.845,155.83,159.01,1430127,0.0
2018-04-26,157.5,159.05,153.33,156.07,1378435,0.0
2018-04-29,157.16,157.79,153.15,153.17,1204715,0.0
2018-04-30,153.14,154.7,150.4,152.43,1312577,0.0
2018-05-01,151.32,153.16,148.96,149.46,2038828,0.0
2018-05-02,148.32,150.3,145.78,149.65,1053118,0.0
2018-05-03,148.26,152.14,147.79,149.44,1708317,0.0
2018-05-06,150.54,151.81,148.64,149.49,1140359,0.0
2018-05-07,149.45,150,146.95,148.26,743841,0.0
2018-05-08,148.65,150.14,146.665,149.07,1006543,0.0
2018-05-09,150.01,151.66,149.08,151,922116,0.0
2018-05-10,150.75,157.53,150.62,155.97,1759146,0.0
2018-05-13,156.11,158.46,155.39,157.46,964049,0.0
2018-05-14,155.78,155.79,153.941,155.55,962407,0.0
2018-05-15,155.79,156.4536,154.4,156.17,807095,0.0
2018-05-16,156.19,157.16,155.29,156.38,779674,0.0
2018-05-17,156.61,157.52,155.33,157.24,652838,0.0
2018-05-20,157.76,158.155,155.3302,156.22,716290,0.0
2018-05-21,157.1,158.22,155.8,156.31,590933,0.0
2018-05-22,155.5,157.315,155.31,156.98,492714,0.0
2018-05-23,156.99,157.71,155.53,156.98,395760,0.0
2018-05-24,157,157.9,156.22,157.47,422396,0.0
2018-05-28,156.6,157.76,153.27,155.2,843649,0.0
2018-05-29,156.06,157.57,155.55,156.6,798549,0.0
2018-05-30,155.49,157.07,153.52,154.04,1088704,0.0
2018-05-31,154.86,154.99,150.5,152.05,1778998,0.0
2018-06-03,152.05,153,148.2,149.64,1969440,0.0
2018-06-04,149.71,150.4,144.14,145.72,2348700,0.0
2018-06-05,145.72,146.95,144.07,146,2236035,0.0
2018-06-06,147.1,149.6894,145.56,145.71,1471330,0.0
2018-06-07,145.98,151.26,145.98,150.55,1218457,0.0
2018-06-10,150.67,151.285,147.43,148.62,880057,0.0
2018-06-11,148.88,151.73,148.17,150.96,1165472,0.0
2018-06-12,151.11,153.39,150.525,151.94,813996,0.0
2018-06-13,152.44,155.5858,152,155,935623,0.0
2018-06-14,155.51,156.3,154.11,155.02,1270360,0.0
2018-06-17,153.9,153.97,151.41,151.69,801028,0.0
2018-06-18,150.01,155.08,149.67,154.52,1138438,0.0
2018-06-19,154.46,158.19,153.75,157.63,965018,0.0
2018-06-20,157.88,157.88,155.58,156.58,534060,0.0
2018-06-21,157.09,160.28,155.76,159.18,1367827,0.0
2018-06-24,158.69,160.17,152.91,154.82,1070052,0.0
2018-06-25,154.41,155.5,151.01,151.54,1114750,0.0
2018-06-26,151.76,151.895,147.22,147.47,1488609,0.0
2018-06-27,147.78,148.52,145.37,147.59,954143,0.0
2018-06-28,161.5,172,161.39,169.98,5353749,0.0
2018-07-01,168.4,169.66,164.7,169.6,1537080,0.0
2018-07-02,170,170,167.28,167.78,808819,0.0
2018-07-04,168.22,169.95,166.71,169.48,791964,0.0
2018-07-05,170,173.64,169.42,173.48,1105891,0.0
2018-07-08,174.37,174.615,171.81,174.17,972064,0.0
2018-07-09,174.91,175.71,172.95,175.09,1174201,0.0
2018-07-10,173.83,175.69,173,175.01,899200,0.0
2018-07-11,175.02,178.33,175.02,178.28,897891,0.0
2018-07-12,178.35,181.6,177.9,180.5,1127089,0.0
2018-07-15,179.85,182.4079,179.55,181.23,1536381,0.0
2018-07-16,180.58,183.39,179.82,182.6,799330,0.0
2018-07-17,182,182.34,180.58,181.15,736206,0.0
2018-07-18,179.96,180.9325,178.52,180.15,706045,0.0
2018-07-19,180.12,180.14,176.71,177.39,1195910,0.0
2018-07-22,176.29,178.67,176.16,176.57,1003232,0.0
2018-07-23,178.44,178.67,174.39,174.87,1312271,0.0
2018-07-24,174.78,177.42,173.99,176.79,1101820,0.0
2018-07-25,178.61,178.85,169.33,175.85,1783836,0.0
2018-07-26,175.18,176.285,169.52,172.1,919800,0.0
2018-07-29,170.65,175.34,169.9675,174.44,1008942,0.0
2018-07-30,175.05,175.74,173.5781,175.07,902509,0.0
2018-07-31,175.26,177.93,174.04,177.86,969084,0.0
2018-08-01,174.59,179.86,173.51,177.88,1232830,0.0
2018-08-02,174.2,178.09,173.755,174.54,719881,0.0
2018-08-05,175.26,175.99,173.255,174.91,379902,0.0
2018-08-06,175.94,178,175.48,177.51,685918,0.0
2018-08-07,177.25,178.3959,175.25,175.31,631308,0.0
2018-08-08,175.74,177.45,174.95,175.03,566535,0.0
2018-08-09,174.41,175.96,173.86,174.81,315728,0.0
2018-08-12,175.13,176.15,174.18,175.08,472501,0.0
2018-08-13,175.41,177.3,175.31,175.95,337729,0.0
2018-08-14,174.38,175.65,171.81,173,527181,0.0
2018-08-15,174.18,176.28,173.09,175.04,444387,0.0
2018-08-16,174.66,177,173.59,176.08,648783,0.0
2018-08-19,176.62,176.83,173.62,175.73,572050,0.0
2018-08-20,175.74,178.429,175.04,176.85,558377,0.0
2018-08-21,176.81,178.225,176.02,177.73,327927,0.0
2018-08-22,177.72,177.72,174.6,176.02,450510,0.0
2018-08-23,176.45,177.28,175.1,176.84,400931,0.0
2018-08-26,177.98,179.64,177.6,179.31,500444,0.0
2018-08-27,180.36,182.22,178.83,180.87,780816,0.0
2018-08-28,180.9,186.44,180.9,184.86,917648,0.0
2018-08-29,185,186.19,184.37,186.03,636951,0.0
2018-08-30,185.16,185.88,183.72,184.39,423954,0.0
2018-09-03,183.23,184.59,181.6729,183.34,877566,0.0
2018-09-04,183,184.74,181.5,183.25,605130,0.0
2018-09-05,182.51,183.32,178.2,180.03,491240,0.0
2018-09-06,178.76,180.79,177.01,179.52,483574,0.0
2018-09-09,180,180.57,177.98,179.29,474406,0.0
2018-09-10,178.93,180.25,177.34,178.62,707032,0.0
2018-09-11,179.46,179.98,177.09,178.34,560084,0.0
2018-09-12,179.37,181.11,178.005,179.85,547512,0.0
2018-09-13,180.51,181.88,177.77,179.02,527147,0.0
2018-09-16,179,179.59,175.47,175.77,650401,0.0
2018-09-17,175.88,178.46,174.23,177.12,566598,0.0
2018-09-18,177.34,177.55,175.8,176.59,410493,0.0
2018-09-19,177.39,181.38,177.39,180.48,531127,0.0
2018-09-20,181.3,182,179.335,180.07,777432,0.0
2018-09-23,179.43,182.5,179.43,182.16,448060,0.0
2018-09-24,183.48,184.16,182.28,182.63,510648,0.0
2018-09-25,182.67,189.29,182.67,186.66,1235598,0.0
2018-09-26,188,190,187.5,189.74,1026243,0.0
2018-09-27,189.74,193.78,189.44,192.74,1251144,0.0
2018-09-30,193.24,194.92,191.39,191.56,1466794,0.0
2018-10-01,191.84,192.62,190.79,191.93,581141,0.0
2018-10-02,192.13,193.06,191.35,192.25,728448,0.0
2018-10-03,191.58,192.62,187.1,188.62,609752,0.0
2018-10-04,188.64,191.5,185.37,188.021,550548,0.0
2018-10-07,186.95,187.7,183.6338,185.34,563436,0.0
2018-10-08,185.34,187.96,184.78,185.67,452224,0.0
2018-10-09,184.92,185.61,176.22,176.43,982603,0.0
2018-10-10,175.49,177.84,171.66,175.65,1503423,0.0
2018-10-11,177.2,182.19,175.9,181.39,786048,0.0
2018-10-14,180.8,180.995,177.59,177.6,733889,0.0
2018-10-15,178.87,185.78,178.45,185.42,775922,0.0
2018-10-16,185.26,185.84,181.72,185.51,489473,0.0
2018-10-17,184.29,184.29,173.801,178.95,2096966,0.0
2018-10-18,179.35,181.13,175.05,175.66,1223085,0.0
2018-10-21,175.53,178.61,172.6972,177.4,1149362,0.0
2018-10-22,175.86,177.03,170.8,174.17,1366512,0.0
2018-10-23,175.02,175.735,162.53,163.26,1432270,0.0
2018-10-24,157,167,153,165.65,2003894,0.0
2018-10-25,162.1,171.39,160.68,169.51,1749807,0.0
2018-10-28,173.49,174.98,167.35,170.57,1606278,0.0
2018-10-29,171.57,173.46,168.46,171.48,861395,0.0
2018-10-30,172.09,174.28,169.42,169.46,908165,0.0
2018-10-31,169.51,175.75,169.25,175.28,892482,0.0
2018-11-01,176.19,177.25,171.11,173.25,903247,0.0
2018-11-04,172.08,175.15,171.701,174.59,668726,0.0
2018-11-05,175.21,178.35,174.12,175.23,796976,0.0
2018-11-06,177.34,184.14,176.56,183.93,1289529,0.0
2018-11-07,183.91,185.57,179.63,180.26,667707,0.0
2018-11-08,179.61,180.56,176.79,180.56,1111689,0.0
2018-11-11,180.55,181.45,171.7,172.86,1250563,0.0
2018-11-12,174.07,175.8,170.07,170.31,582465,0.0
2018-11-13,171.98,173.3242,163.134,164.64,1347591,0.0
2018-11-14,163.75,167.69,162.67,166.59,1395767,0.0
2018-11-15,166.26,167.99,164.67,165.11,1545453,0.0
2018-11-18,164.76,165.57,159.77,161.12,1213036,0.0
2018-11-19,161.35,161.92,157.285,159.82,1119449,0.0
2018-11-20,160.57,162.48,159.06,160.28,693226,0.0
2018-11-22,158.76,161.99,157.4,160.4,282314,0.0
2018-11-25,164.3,167.7,162.89,167.4,982706,0.0
2018-11-26,168.43,176.6,168.43,175.48,2144509,0.0
2018-11-27,175.51,178.42,172.3375,178.38,933320,0.0
2018-11-28,176.89,181.65,176.89,179.491,708684,0.0
2018-11-29,179.6,181,178.33,180.8,819314,0.0
2018-12-02,182.6,186.785,181.915,184.64,1454030,0.0
2018-12-03,184.74,187.76,177.41,177.94,980975,0.0
2018-12-05,175.37,179.71,174,179.65,1428020,0.0
2018-12-06,178.03,179.55,170.9,172.09,1340050,0.0
2018-12-09,172.98,174.365,167.63,173.8,716397,0.0
2018-12-10,176.29,176.56,170.86,173.29,725103,0.0
2018-12-11,176.2,178.62,174.72,175.54,667954,0.0
2018-12-12,175.06,177.49,171.6,173.37,785574,0.0
2018-12-13,171.38,171.995,169.63,170.04,666352,0.0
2018-12-16,169.64,171.41,164.4848,166.12,1117736,0.0
2018-12-17,168.06,169.62,161.35,163.42,1137007,0.0
2018-12-18,163.04,164.42,156.3,158.58,1338442,0.0
2018-12-19,158.52,163.48,157.6986,161.35,1774974,0.0
2018-12-20,161.94,165.07,156.3011,156.52,2113998,0.0
2018-12-23,155.4,158.47,151.8,151.9,992555,0.0
2018-12-25,152.98,161.76,152.4,161.63,1206114,0.0
2018-12-26,158.95,162.52,156.27,162.48,1214949,0.0
2018-12-27,163.52,164.839,160.38,161.24,744572,0.0
2018-12-30,162.8,166.21,162.0048,164.6,993848,0.0
2019-01-01,161.21,165.14,160.95,163.92,1010964,0.0
2019-01-02,165.83,169.32,163.6,163.92,1360470,0.0
2019-01-03,165.9,173.31,164.8994,172.77,1100423,0.0
2019-01-06,173.05,176.78,170.87,176.12,1087945,0.0
2019-01-07,177,178.41,174.72,178.21,1376810,0.0
2019-01-08,179.14,182.7,178.25,182.14,1874841,0.0
2019-01-09,181.85,186.05,180.26,185.72,1579274,0.0
2019-01-10,184.62,188.86,183.4255,187.97,1968345,0.0
2019-01-13,186.71,186.99,183.78,183.87,1446800,0.0
2019-01-14,184.37,186.755,183.06,186.24,1053867,0.0
2019-01-15,186.21,188.34,184.13,186.025,827354,0.0
2019-01-16,185.77,191.4243,184.705,190.485,1328385,0.0
2019-01-17,192.63,194.53,189.41,194.48,1948958,0.0
2019-01-21,193.48,195.81,192.39,193.2601,1399107,0.0
2019-01-22,194.67,195.2,187.7803,189.71,1366529,0.0
2019-01-23,189.64,190.225,186.47,186.64,1324302,0.0
2019-01-24,188.16,190.39,186.27,189.07,1150311,0.0
2019-01-27,188.94,188.9842,185.76,188.03,928151,0.0
2019-01-28,188.16,188.264,184.7,185.99,808675,0.0
2019-01-29,185.84,187.92,184.5,187,1156380,0.0
2019-01-30,187.17,190.96,186.86,190.86,610868,0.0
2019-01-31,190.92,193.03,189.92,191.52,626505,0.0
2019-02-03,189.19,189.275,184.49,187.855,1042626,0.0
2019-02-04,185.81,190.74,185.44,187.08,940852,0.0
2019-02-05,193,193,182.06,182.385,1609483,0.0
2019-02-06,181.5,182.59,178.99,179.89,1056010,0.0
2019-02-07,178.76,181.45,178.76,181.02,783034,0.0
2019-02-10,182.05,182.17,178.4,181.31,1155943,0.0
2019-02-11,181.44,184.3,181.44,184.09,1149467,0.0
2019-02-12,185,186.25,184.35,185.3,925372,0.0
2019-02-13,184.52,186.84,183.53,185.8642,628696,0.0
2019-02-14,185.67,188.56,185.67,188,1261424,0.0
2019-02-18,187.9,189.09,185.83,186.82,601859,0.0
2019-02-19,186.06,188.64,185.65,187.92,757940,0.0
2019-02-20,187.7,188.12,182.16,183.07,936913,0.0
2019-02-21,184.33,185.84,182.935,185.77,735312,0.0
2019-02-24,186.74,188.1,185.63,186.3,839785,0.0
2019-02-25,186.26,189.99,184.89,188.87,941326,0.0
2019-02-26,187.97,189.87,186.44,189.82,508110,0.0
2019-02-27,189.74,190.04,188.23,188.78,890979,0.0
2019-02-28,189.95,192.69,189.28,192.09,747095,0.0
2019-03-03,193.03,193.89,186.71,190.08,752947,0.0
2019-03-04,190.16,190.51,187.52,187.79,730397,0.0
2019-03-05,188.18,188.695,180.56,181.11,1190698,0.0
2019-03-06,181.36,181.83,177.45,178.6,1170341,0.0
2019-03-07,177.26,177.62,173.59,177.3,1340649,0.0
2019-03-10,177.94,180.56,177.78,180.51,1090799,0.0
2019-03-11,181.15,183.23,179.85,182.59,1208782,0.0
2019-03-12,183.37,186.775,182.21,185.7,992102,0.0
2019-03-13,185.62,186.66,184.45,186.17,606616,0.0
2019-03-14,188.39,188.61,186.52,188.26,711119,0.0
2019-03-17,188.01,189.21,185.53,187.5,720658,0.0
2019-03-18,184.64,185,181.18,181.78,1290885,0.0
2019-03-19,181.53,182.46,179.54,180.01,857362,0.0
2019-03-20,178.22,182.74,178.22,182.6,713528,0.0
2019-03-21,182.07,183.85,181.04,181.51,1412543,0.0
2019-03-24,181.67,185.06,181.44,183.88,1417241,0.0
2019-03-25,185.24,190.07,184.83,189.91,1271872,0.0
2019-03-26,190,190.005,185.62,185.81,1041475,0.0
2019-03-27,186.01,186.94,181.49,182.42,1499500,0.0
2019-03-28,184.29,184.86,181.915,183.9,929923,0.0
2019-03-31,185.2,187.1,184.68,186.025,429060,0.0
2019-04-01,185.96,189.43,184.905,187.18,666235,0.0
2019-04-02,187.9,188.98,187.01,187.89,590109,0.0
2019-04-03,188.22,188.34,182.49,184.19,944260,0.0
2019-04-04,184.49,189.35,184.2404,188.96,1303736,0.0
2019-04-07,189.27,189.95,186.67,188.95,706807,0.0
2019-04-08,188.01,189.7,187.75,188.29,583159,0.0
2019-04-09,188.32,191.71,187.065,190.38,990368,0.0
2019-04-10,191.08,191.42,184.22,185.1,1648523,0.0
2019-04-11,185.42,186.47,182.31,182.74,904420,0.0
2019-04-14,182.27,184.32,180.24,182.46,716305,0.0
2019-04-15,183.63,184.8,179.59,179.75,773792,0.0
2019-04-16,180.45,180.75,166.65,166.96,2642830,0.0
2019-04-17,169.96,170.4495,163.681,168.16,2854849,0.0
2019-04-21,167.79,169.86,166.195,168.52,989814,0.0
2019-04-22,169.22,175.6,168.7708,175.37,1376976,0.0
2019-04-23,175.58,175.86,171.76,172.7,691767,0.0
2019-04-24,172.4,175.22,170.2,174.56,693104,0.0
2019-04-25,173.98,174.42,170.01,172.85,1010522,0.0
2019-04-28,172.58,173.67,171.22,172.54,583639,0.0
2019-04-29,173.93,174.92,168.49,169.03,1342466,0.0
2019-04-30,168.76,175.6,168.51,172.6,1564634,0.0
2019-05-01,172.1,172.4867,167.8,169.63,952826,0.0
2019-05-02,170.05,174.19,169.46,173.94,805656,0.0
2019-05-05,170.3,175.15,169.78,174.78,714076,0.0
2019-05-06,172.33,174.38,168.59,170.27,1057529,0.0
2019-05-07,170.06,171.54,168.4,168.84,817419,0.0
2019-05-08,167.4,170.5,166.48,169.9,732497,0.0
2019-05-09,169.36,169.36,164.31,168.81,698848,0.0
2019-05-12,165.7,167.48,164.07,164.53,855598,0.0
2019-05-13,165.4,167.58,164.96,166.66,765788,0.0
2019-05-14,165.41,168.22,164.96,166.88,536000,0.0
2019-05-15,167.63,173.41,167.63,170.29,1168411,0.0
2019-05-16,168.9,170.84,167.97,168.67,776398,0.0
2019-05-19,167.77,168.25,165.68,165.71,537045,0.0
2019-05-20,167.89,170.15,167.38,169.12,563283,0.0
2019-05-21,168.47,174.29,168.47,172.37,1048896,0.0
2019-05-22,171.61,173.32,169.5,173.01,1100027,0.0
2019-05-23,174.31,175.94,171.365,171.68,961854,0.0
2019-05-27,172.24,173.79,171.06,172.75,1014516,0.0
2019-05-28,171.15,171.87,166.3,166.55,1589017,0.0
2019-05-29,167.26,170.5,167.26,170.15,796206,0.0
2019-05-30,168.49,169.99,166.1,166.13,678401,0.0
2019-06-03,168.16,172.97,167.08,171.27,1032407,0.0
2019-06-04,171.9,174,170.39,173.26,979014,0.0
2019-06-05,173.22,173.99,167.42,167.82,964782,0.0
2019-06-06,169.43,173.98,169.255,173.51,899126,0.0
2019-06-09,173.29,174.12,171.51,172.82,934894,0.0
2019-06-10,174.08,174.88,171.75,172,1306185,0.0
2019-06-11,172.6,173.47,169.26,170.63,1026901,0.0
2019-06-12,171.17,171.95,167.84,168.85,1645193,0.0
2019-06-13,168.9,170.9895,167.94,170.23,1350940,0.0
2019-06-16,171.17,174.14,171.17,173.81,612070,0.0
2019-06-17,175.97,178.9,174.8,178,1291434,0.0
2019-06-18,178.52,182.14,177,181.77,1214118,0.0
2019-06-19,183.52,186.33,181.21,182.13,1014451,0.0
2019-06-20,183.34,184.45,180.76,183.98,1292761,0.0
2019-06-23,184.56,184.9838,180.5477,181.07,515636,0.0
2019-06-24,181.64,183.1,179.49,180.16,710732,0.0
2019-06-25,180.11,181.03,177.13,177.66,632437,0.0
2019-06-26,178,179.24,176.6804,178.58,579633,0.0
2019-06-27,179.39,184.99,178.75,183.36,999645,0.0
2019-06-30,185.07,185.14,180.81,181.83,938921,0.0
2019-07-01,181.54,181.54,178.88,179.53,727816,0.0
2019-07-02,180.25,183.45,178.54,183.27,490550,0.0
2019-07-04,179.45,183.24,177.41,178.34,739366,0.0
2019-07-07,177.76,177.76,174.18,176.79,683361,0.0
2019-07-08,175.62,178.63,174.775,178.4,579471,0.0
2019-07-09,179,179.75,175.53,178.76,621984,0.0
2019-07-10,178.81,178.86,172.74,176,1130934,0.0
2019-07-11,176.06,176.27,173.95,175.8,874269,0.0
2019-07-14,176.16,178.08,174.7,176.37,968623,0.0
2019-07-15,176.47,177.9338,175.58,176.15,516411,0.0
2019-07-16,176.93,179.24,176.16,177.03,623540,0.0
2019-07-17,176.92,178.58,176.38,178.15,719204,0.0
2019-07-18,179.15,179.15,174.045,174.05,882708,0.0
2019-07-21,173.34,174.57,172.4071,174.04,1010825,0.0
2019-07-22,174.43,176.36,173.3956,175.265,705595,0.0
2019-07-23,175,175,172.31,173.34,955565,0.0
2019-07-24,172.22,172.51,169.02,169.53,1631671,0.0
2019-07-25,170.18,171.13,165.85,166.77,1460710,0.0
2019-07-28,167.21,167.51,165.27,166.23,1213468,0.0
2019-07-29,165.74,171.1,165.52,169.55,2041699,0.0
2019-07-30,168.79,170.21,165.66,166.62,1232647,0.0
2019-07-31,173.42,181.3,170.13,179.44,2826584,0.0
2019-08-01,177.78,180.02,177.06,178.39,1403690,0.0
2019-08-04,176.44,177.14,173.9235,175.55,1331706,0.0
2019-08-05,174.23,177.05,173.64,176.94,943225,0.0
2019-08-06,175.11,176.47,172.48,175.65,786495,0.0
2019-08-07,175.59,183.11,175.59,182.97,1375281,0.0
2019-08-08,182.94,184.07,179.3929,182.98,920906,0.0
2019-08-11,182.06,183.14,179.115,179.74,882495,0.0
2019-08-12,178.36,185.54,178.04,183.92,1014983,0.0
2019-08-13,181.77,183.57,178.85,179.53,1062125,0.0
2019-08-14,180.01,182.04,178.37,181.12,662037,0.0
2019-08-15,183.08,185.75,180.84,184.95,1151551,0.0
2019-08-18,186.24,187.71,185.8799,187.07,768362,0.0
2019-08-19,187.04,188.44,182.9042,183.72,803979,0.0
2019-08-20,185.86,187.3,184.6,186.4,464424,0.0
2019-08-21,186.76,187.62,181.48,184.15,719304,0.0
2019-08-22,184.36,186.78,179.24,180.23,865675,0.0
2019-08-25,180.82,182.38,179.56,180.71,671633,0.0
2019-08-26,181.99,182.92,177.27,178.25,744388,0.0
2019-08-27,177.47,180.71,170.54,178.35,1562802,0.0
2019-08-28,179.3,180.5,178.14,178.98,564804,0.0
2019-08-29,180.26,181.2,178.76,180.01,647895,0.0
2019-09-02,180.55,181.57,177.575,178.7,889964,0.0
2019-09-03,179.73,179.75,173.56,176.89,790524,0.0
2019-09-04,178.18,180.05,177.02,179.87,719392,0.0
2019-09-05,180.35,182.15,179.33,181.34,793009,0.0
2019-09-08,181.09,181.28,174.45,174.81,922946,0.0
2019-09-09,174.03,174.14,166.645,171.01,1640706,0.0
2019-09-10,171.19,173.61,170.9,173.19,955128,0.0
2019-09-11,174.39,175.45,172,172.49,705670,0.0
2019-09-12,173.16,175.79,172.45,174.95,978868,0.0
2019-09-15,173.89,178.09,173.13,177.55,738110,0.0
2019-09-16,173.02,177.82,173.02,176,880023,0.0
2019-09-17,176.01,176.495,171.96,174.54,1027120,0.0
2019-09-18,174.48,176.7,173.6,176.11,641466,0.0
2019-09-19,177.01,179.55,175.58,178.07,1534173,0.0
2019-09-22,178.23,179.005,175.77,175.94,607922,0.0
2019-09-23,176.32,177.78,171.03,172.51,582353,0.0
2019-09-24,172.31,173.49,170.56,171.43,767744,0.0
2019-09-25,172.05,172.05,167.43,169.57,1253554,0.0
2019-09-26,170.29,170.54,165.53,166.74,1025230,0.0
2019-09-29,169.55,171.29,167.61,169.42,1147457,0.0
2019-09-30,169.24,170.1058,166.52,167.57,814085,0.0
2019-10-01,167.69,168.52,165.23,166.72,1309101,0.0
2019-10-02,166.06,170.64,166.06,170.46,952398,0.0
2019-10-03,170.89,172.92,170.52,172.42,1366298,0.0
2019-10-06,171.55,172.76,169.27,172.11,1328955,0.0
2019-10-07,170.47,171.89,167.6,169.55,1624920,0.0
2019-10-08,170.87,171.99,168.55,168.65,1286478,0.0
2019-10-09,168.42,170.37,167.615,170.22,1315196,0.0
2019-10-10,171.44,174.72,171.13,172.31,1256647,0.0
2019-10-13,172.65,175.25,172.59,173.61,851239,0.0
2019-10-14,174.36,176.98,174.0221,176.14,1243687,0.0
2019-10-15,175.32,177.2,173.6198,176.1,1147176,0.0
2019-10-16,177.8,180.05,177.5,177.72,1683925,0.0
2019-10-17,180.25,180.25,175.38,176.23,2014855,0.0
2019-10-20,176.28,184.81,174.82,183.53,967911,0.0
2019-10-21,186.91,194.75,186.19,191.06,4248300,0.0
2019-10-22,190.37,192.54,186.41,190.43,1419896,0.0
2019-10-23,191.7,194.9,189.35,194.47,1732658,0.0
2019-10-24,193.13,195.94,192.55,194.49,985284,0.0
2019-10-27,194.56,195.02,192.32,193.91,1130751,0.0
2019-10-28,194.43,198.4555,193.26,197.82,1469550,0.0
2019-10-29,198.11,199.455,196.64,199.28,1074408,0.0
2019-10-30,197.06,200,194.2,195.46,2056937,0.0
2019-10-31,196.24,202.94,195.015,201.05,2688314,0.0
2019-11-03,202.13,202.25,197.8,199.47,1147441,0.0
2019-11-04,199,199.95,196.46,197.2,979718,0.0
2019-11-05,198.23,198.49,195.7,195.96,924059,0.0
2019-11-06,196.4,197.16,195.11,195.83,752911,0.0
2019-11-07,197.08,202.1107,196.71,201.37,1075188,0.0
2019-11-10,201,202.21,199.29,201.9,721299,0.0
2019-11-11,202.14,204.84,201.84,203.84,714872,0.0
2019-11-12,205,207.64,203.75,207.22,957388,0.0
2019-11-13,206.84,207.5,203.24,205,896909,0.0
2019-11-14,205.95,210.05,205.01,210,1415668,0.0
2019-11-17,209.87,210.08,207.683,210.02,1283314,0.0
2019-11-18,212.97,215.455,209.41,215,1524576,0.0
2019-11-19,214.78,217.08,212.85,215.22,1978385,0.0
2019-11-20,214.34,215.64,212.8032,215.5,1063866,0.0
2019-11-21,216.93,218.6,215.1,218,1199732,0.0
2019-11-24,219.37,223.61,219,223.28,1272997,0.0
2019-11-25,223.66,223.73,218.23,218.94,1361835,0.0
2019-11-26,219.1,220.99,218.07,220.09,669490,0.0
2019-11-28,220.39,222.42,220.11,221.77,343619,0.0
2019-12-01,222.96,223.41,218.41,220.79,846735,0.0
2019-12-02,219.61,222.75,218.39,221.13,801033,0.0
2019-12-03,222,224.08,221.07,223.95,745882,0.0
2019-12-04,223.77,224.31,221.3458,223.13,619715,0.0
2019-12-05,224.17,224.66,220.36,223.26,866481,0.0
2019-12-08,222.99,225.66,219.19,219.36,1458851,0.0
2019-12-09,219.42,221.87,218.5,220.27,958030,0.0
2019-12-10,221.91,224.27,219.58,220,776567,0.0
2019-12-11,219.71,222.55,219.1677,220.53,951183,0.0
2019-12-12,220.19,221.62,217.83,218.93,1201825,0.0
2019-12-15,220.5,221.86,219.33,219.43,1565526,0.0
2019-12-16,219.72,219.73,216.01,217.62,1165736,0.0
2019-12-17,217.83,219.92,217.49,219.35,969869,0.0
2019-12-18,220.14,220.675,216.975,217.78,849024,0.0
2019-12-19,219.62,221.02,217,220.78,1896023,0.0
2019-12-22,220.95,222.87,219.68,219.98,917511,0.0
2019-12-23,220.46,220.64,218.505,220.52,267996,0.0
2019-12-25,220.6,220.9,218.38,220.27,554015,0.0
2019-12-26,220.59,221.484,218.12,221.08,749038,0.0
2019-12-29,220.38,221.9454,217.33,219.09,610623,0.0
2019-12-30,220.84,220.84,216.7,218.95,771941,0.0
2020-01-01,220.24,220.6541,216.95,219.45,1126100,0.0
2020-01-02,216.16,219.8865,214.55,217.88,699016,0.0
2020-01-05,217.73,224.35,216.91,224.04,993511,0.0
2020-01-06,223.15,225.92,222.14,223.79,882075,0.0
2020-01-07,225.89,232.7,224.91,231.15,1528052,0.0
2020-01-08,233.08,233.255,227.27,230.26,998826,0.0
2020-01-09,231.69,231.69,228.07,228.95,787844,0.0
2020-01-12,229.38,230,224.56,226.46,859334,0.0
2020-01-13,226.44,229.8,225.53,229.79,789694,0.0
2020-01-14,229.88,234.33,228.78,234.16,1171438,0.0
2020-01-15,234.27,235.78,233.27,235.62,1850827,0.0
2020-01-16,236.51,236.51,232.82,235.82,1389765,0.0
2020-01-20,235.84,237.2,233.13,233.92,2037508,0.0
2020-01-21,234.94,237.47,234.4,234.61,2003406,0.0
2020-01-22,235,235.63,231.38,233.74,1404350,0.0
2020-01-23,234.07,235.18,228.415,229.04,1538968,0.0
2020-01-26,226.51,228.79,226.07,227.37,641250,0.0
2020-01-27,228.53,232.295,227.57,231.97,564328,0.0
2020-01-28,231.72,233.49,230.57,232.36,762147,0.0
2020-01-29,230.84,231.7499,228.6795,230.41,926542,0.0
2020-01-30,238.65,239.4,223.01,227.12,2828400,0.0
2020-02-02,230.94,233.7789,225.5,230.39,1587391,0.0
2020-02-03,233.35,241.23,233.29,239.67,1216084,0.0
2020-02-04,241.61,244.41,240,240.76,1335866,0.0
2020-02-05,242.13,244.65,238.01,239.17,1127511,0.0
2020-02-06,237.66,240.344,234.1,240.05,1223411,0.0
2020-02-09,239.22,244.89,237.0001,244.8,961828,0.0
2020-02-10,245,249,242.775,247.84,2123442,0.0
2020-02-11,247.61,248.795,240.7,242.19,1461159,0.0
2020-02-12,241.41,245.385,239.73,240.09,826587,0.0
2020-02-13,241.03,244.45,238.55,243.94,824686,0.0
2020-02-17,244.92,246,241.09,245.94,923887,0.0
2020-02-18,249.85,249.85,245.24,247.79,723672,0.0
2020-02-19,247.29,247.7,242.585,245.11,1295770,0.0
2020-02-20,247.3,247.5,243.27,246.36,1195524,0.0
2020-02-23,241.44,242.76,235.7,237,1375242,0.0
2020-02-24,238.18,239.99,228.5,229.99,1366727,0.0
2020-02-25,232.41,237.37,229.49,232,1179189,0.0
2020-02-26,228.48,231.63,218.01,223.21,1660376,0.0
2020-02-27,215.57,224.54,215.5,224.4,1851172,0.0
2020-03-01,224.43,232.98,223.14,232.28,1934790,0.0
2020-03-02,230.27,237.55,226.67,228.38,1690778,0.0
2020-03-03,232.29,246.06,230.9,245.37,1517811,0.0
2020-03-04,239.24,242.18,235.285,237.31,1178414,0.0
2020-03-05,227.65,234.48,226.6138,233.5,2719502,0.0
2020-03-08,216.082,227.61,214.08,219.28,1587547,0.0
2020-03-09,226.21,231.41,216.47,230.7,1715395,0.0
2020-03-10,225.63,230.83,218.7,220.26,1430574,0.0
2020-03-11,206.59,215.36,201.5,204.06,2597073,0.0
2020-03-12,218.75,221.47,200.76,221.08,2895799,0.0
2020-03-15,201.6,219,199.16,199.52,3954888,0.0
2020-03-16,203.97,230.0649,202.5,210.44,3638916,0.0
2020-03-17,200.6,224.99,197.47,213.16,5379736,0.0
2020-03-18,215.15,223.9313,202.01,215.49,2404361,0.0
2020-03-19,217.7,227.425,204.16,206.51,2162338,0.0
2020-03-22,210.5,218.1,199.52,202.11,2482692,0.0
2020-03-23,207.84,224.98,207.84,223.7,2194624,0.0
2020-03-24,219.88,224,209.51,209.88,1690556,0.0
2020-03-25,209.8,225.62,209.43,224.73,1348009,0.0
2020-03-26,219.43,224.18,215.5688,217.24,1297635,0.0
2020-03-29,221.34,233.77,220,231.92,1676727,0.0
2020-03-30,228.95,240,228.02,237.95,2141917,0.0
2020-03-31,232.12,234.98,223.45,225.5,1251156,0.0
2020-04-01,222.77,242.96,222.39,242.18,1980863,0.0
2020-04-02,241.38,247.45,234.35,238.31,1606399,0.0
2020-04-05,248.61,256.65,241.94,254.88,4991116,0.0
2020-04-06,263.15,267.45,245.38,247.66,2515729,0.0
2020-04-07,249.43,251.68,240.5,249.66,4234916,0.0
2020-04-08,251.9969,251.9969,243,246.61,1572175,0.0
2020-04-12,244.66,253.83,243.805,252.48,1203539,0.0
2020-04-13,257.44,265.66,253.51,262.41,3746294,0.0
2020-04-14,260.9,262.82,254.31,255.27,3490090,0.0
2020-04-15,259.67,265.28,258.609,264.9,4954990,0.0
2020-04-16,272.34,272.67,265.15,270.46,2937273,0.0
2020-04-19,271.97,276.2599,269.05,273.18,2927292,0.0
2020-04-20,273,277.22,262.55,262.58,4153043,0.0
2020-04-21,267.15,271.2532,264.0027,269.38,2552533,0.0
2020-04-22,270.03,277.7999,266.92,267.98,3971523,0.0
2020-04-23,270.12,271.345,266.43,269.85,2216286,0.0
2020-04-26,275,275.26,267.16,268.38,3976662,0.0
2020-04-27,268,269.95,250.43,256.88,2073460,0.0
2020-04-28,260.97,262,250.55,250.68,1972131,0.0
2020-04-29,257.75,258.5,245.06,251.21,4636804,0.0
2020-04-30,249.26,256,248,255.17,1272338,0.0
2020-05-03,257.4,265,256.01,264.76,3662129,0.0
2020-05-04,266.97,274.06,264.8,272.46,1506938,0.0
2020-05-05,272.33,275.55,268,269.76,2034442,0.0
2020-05-06,272.69,273.72,266.83,270.01,1152171,0.0
2020-05-07,269.5,274.41,268.29,271.62,1521594,0.0
2020-05-10,271.45,286.82,270.44,285.45,3375818,0.0
2020-05-11,287.33,288.515,276.41,276.47,1509731,0.0
2020-05-12,276.6,284.8561,272.19,277.2,1379253,0.0
2020-05-13,277.56,282.48,272.21,276.73,1784286,0.0
2020-05-14,275.63,288.73,273.51,288.7,2901384,0.0
2020-05-17,293.78,295.5525,283.1,284.12,1484487,0.0
2020-05-18,285.3,288.41,281.14,282.06,1064295,0.0
2020-05-19,284.81,285.99,282.13,284.54,2449796,0.0
2020-05-20,285.26,285.4,281.25,284.5,2332820,0.0
2020-05-21,284.18,286,281.5175,285.16,1852360,0.0
2020-05-25,287.95,288.5,264.41,266.73,2767551,0.0
2020-05-26,264.38,278.69,254.41,278.54,2809916,0.0
2020-05-27,276.27,283.73,276.0675,277.39,1661595,0.0
2020-05-28,281.35,289.43,276.04,287.96,1790644,0.0
2020-05-31,285.42,288.73,283.8238,286.609,1625926,0.0
2020-06-01,283.92,286.176,278.66,284.21,1391065,0.0
2020-06-02,283.72,283.8,274.06,277.01,3066434,0.0
2020-06-03,274.27,279.285,270.76,272.74,1373546,0.0
2020-06-04,270.82,271.68,262.55,265.68,2375536,0.0
2020-06-07,264.05,265.84,261.28,265.02,3481712,0.0
2020-06-08,267.28,275.1399,265.09,270.72,4657930,0.0
2020-06-09,275.76,277.9,271.81,274.01,1395326,0.0
2020-06-10,275.56,276.36,263.67,263.71,2859846,0.0
2020-06-11,268.12,271.39,266.56,269.11,420648,0.0
2020-06-14,264.77,268.52,262.24,268.05,1214569,0.0
2020-06-15,270.43,275.69,268.22,273.6,2624497,0.0
2020-06-16,273.88,282.76,273.77,280.13,1431960,0.0
2020-06-17,279.4,282.2163,275.93,279.18,2306383,0.0
2020-06-18,280.3,295.54,280.3,293.25,2484390,0.0
2020-06-21,294,295,287.8001,293.16,1431271,0.0
2020-06-22,294.06,299.21,293.31,295.99,1373816,0.0
2020-06-23,294.93,297.71,288.9,291.19,1350842,0.0
2020-06-24,292.38,295.36,288.8315,295.19,943568,0.0
2020-06-25,292.68,293,284.74,285.99,1299076,0.0
2020-06-28,286.95,287.65,280.89,285.19,1010083,0.0
2020-06-29,287.68,292.37,283,290.59,1694920,0.0
2020-06-30,290.5,291.66,283.7911,286.28,1561577,0.0
2020-07-01,288.52,293.95,287.45,291.34,974630,0.0
