Date,Open,High,Low,Close,Volume,OpenInterest
2016-07-13,82.66,84.19,82.33,83.78,6057238,0.0
2016-07-14,84.34,84.38,82.25,82.51,5445497,0.0
2016-07-17,82.52,83.56,82.33,82.78,3164479,0.0
2016-07-18,83.03,83.195,81.98,82.21,4045367,0.0
2016-07-19,82.37,82.64,82.15,82.51,4149043,0.0
2016-07-20,82.45,82.75,81.49,81.7,2111347,0.0
2016-07-21,82.33,82.41,81.23,81.35,2403175,0.0
2016-07-24,81.38,81.61,80.79,81.58,2570025,0.0
2016-07-25,81.35,82.35,81.105,81.33,2164834,0.0
2016-07-26,80.56,80.6,79.55,79.94,7754660,0.0
2016-07-27,79.77,79.92,79.04,79.46,3104686,0.0
2016-07-28,79.47,79.565,78.8,79.24,2672177,0.0
2016-07-31,78.88,79.49,78.05,79.26,3431272,0.0
2016-08-01,79.6,80.14,78.42,78.94,3098926,0.0
2016-08-02,79.02,80.02,78.846,79.61,2944316,0.0
2016-08-03,79.85,80.29,79.66,79.85,2455647,0.0
2016-08-04,80.25,81.29,79.92,80.53,3048930,0.0
2016-08-07,80.42,80.8,80.31,80.64,2155370,0.0
2016-08-08,80.82,81.17,80.49,80.89,2776659,0.0
2016-08-09,81.06,82.9,81.02,82.5,6911120,0.0
2016-08-10,82.91,83.23,82.39,82.91,4754527,0.0
2016-08-11,82.64,83.36,82.5,83.32,2815512,0.0
2016-08-14,83.3,83.8799,82.66,83.62,2837257,0.0
2016-08-15,83.4,83.5,82.77,82.8,2789196,0.0
2016-08-16,82.58,82.89,81.73,82.52,3134187,0.0
2016-08-17,82.65,82.91,82.04,82.65,2085624,0.0
2016-08-18,82.32,82.825,82.015,82.59,2003872,0.0
2016-08-21,82.66,83,82.22,82.75,2022529,0.0
2016-08-22,83,83.07,82.27,82.37,1280981,0.0
2016-08-23,82.06,82.44,81.25,81.49,3040924,0.0
2016-08-24,81.33,81.63,79.805,80.18,3583873,0.0
2016-08-25,80.31,80.43,78.51,79.39,5166377,0.0
2016-08-28,79.8,80.86,79.7101,80.36,2780456,0.0
2016-08-29,80.41,80.55,79.98,80.52,2262963,0.0
2016-08-30,80.54,80.83,80.32,80.7,2460869,0.0
2016-08-31,81.04,81.71,80.59,81.52,2602308,0.0
2016-09-01,81.87,82.25,81.72,82.22,2221168,0.0
2016-09-05,82.05,82.137,81.2,81.64,2869929,0.0
2016-09-06,81.82,83.06,81.41,82.88,2640195,0.0
2016-09-07,83.49,85.08,82.88,84.67,6920851,0.0
2016-09-08,83.7,84.24,82.77,82.91,5513375,0.0
2016-09-11,82.95,83.74,82.66,83.57,3085441,0.0
2016-09-12,83,83.57,81.98,82.24,2702987,0.0
2016-09-13,81.78,82.48,80.71,80.98,3667159,0.0
2016-09-14,80.83,81.66,80.6922,81.4,4657166,0.0
2016-09-15,80.5,81.73,80.36,81.35,5888809,0.0
2016-09-18,81.84,81.84,80.44,80.8,2611523,0.0
2016-09-19,80.91,81.29,80.62,80.63,1859732,0.0
2016-09-20,80.74,80.98,79.65,80.57,3424221,0.0
2016-09-21,81.24,82.71,80.916,82.38,5572608,0.0
2016-09-22,82.53,82.59,82.03,82.05,1846310,0.0
2016-09-25,81.66,81.9,80.56,80.67,1908418,0.0
2016-09-26,80.77,81.51,80.54,80.98,2156986,0.0
2016-09-27,81.18,81.47,80.15,80.66,2311060,0.0
2016-09-28,80.4,80.71,78.9,79.21,3040070,0.0
2016-09-29,79.59,80.92,79.02,80.62,2882600,0.0
2016-10-02,80.27,80.69,80.02,80.39,1761885,0.0
2016-10-03,80.85,81.491,80.03,80.25,2128654,0.0
2016-10-04,80.3,80.9,80.18,80.52,1607998,0.0
2016-10-05,80.7,80.7,79.74,80.29,2895833,0.0
2016-10-06,80.49,80.75,79.25,79.86,2198011,0.0
2016-10-09,80,80.1,79.39,79.66,2244599,0.0
2016-10-10,79.45,79.51,77.7975,78.08,4371835,0.0
2016-10-11,78.16,78.92,77.81,78.31,2823640,0.0
2016-10-12,77.84,78.63,77.7,78.2,2408196,0.0
2016-10-13,78.43,78.69,77.94,78.32,2012963,0.0
2016-10-16,79.5,79.7,77.83,78.01,2864755,0.0
2016-10-17,78.66,78.9,77.99,78.08,2418049,0.0
2016-10-18,78.06,78.07,76.26,77.19,4992515,0.0
2016-10-19,78.75,81.3,78.615,81.02,9476054,0.0
2016-10-20,80.7,81.62,80.28,81.57,3491596,0.0
2016-10-23,81.65,83.34,81.58,83.11,3881090,0.0
2016-10-24,83.1,83.25,82.18,82.47,2685617,0.0
2016-10-25,81.53,82.965,81.53,82.29,2509702,0.0
2016-10-26,82.18,82.69,81.82,82.16,2088036,0.0
2016-10-27,80.27,81.15,79.33,81.1,6383724,0.0
2016-10-30,81.48,82.8,81.39,82.73,3084215,0.0
2016-10-31,82.26,82.73,81.79,82.46,4126250,0.0
2016-11-01,81.3,82.29,81.28,81.94,8443770,0.0
2016-11-02,82.35,82.46,80.685,80.78,3770674,0.0
2016-11-03,80.05,81.26,80.05,80.34,6213126,0.0
2016-11-06,81.57,81.82,81.03,81.45,3376948,0.0
2016-11-07,78.21,80.55,77.02,80.09,10315987,0.0
2016-11-08,79.48,82.21,79.25,81.54,5880500,0.0
2016-11-09,82,82.3,79.82,80.87,4199572,0.0
2016-11-10,80.76,81.12,79.87,81.045,3010803,0.0
2016-11-13,81.04,81.88,80.78,81.76,3465392,0.0
2016-11-14,81.9,83.35,81.37,83.26,4546612,0.0
2016-11-15,83.2,83.36,82.45,83.19,3089794,0.0
2016-11-16,83.07,84.1,82.2462,83.99,3125008,0.0
2016-11-17,83.53,83.87,82.56,83.27,3760896,0.0
2016-11-20,83.15,84.51,83.04,84.43,2203002,0.0
2016-11-21,84.47,84.72,83.77,83.9,2333335,0.0
2016-11-22,83.93,84.15,83.61,84.04,2089415,0.0
2016-11-24,84.16,84.53,84,84.43,1067528,0.0
2016-11-27,84.1,85.57,84.0525,85.35,2946819,0.0
2016-11-28,85.33,86.26,84.66,85.53,2832374,0.0
2016-11-29,85.68,85.84,84.41,84.74,4469173,0.0
2016-11-30,84.79,85.05,83.7,84.21,3071342,0.0
2016-12-01,84.39,85.44,83.89,85.11,2934359,0.0
2016-12-04,85.11,85.27,84.62,85,2095502,0.0
2016-12-05,84.82,85,84.29,84.71,2113016,0.0
2016-12-06,84.16,85.04,84.04,84.98,3760727,0.0
2016-12-07,85.07,85.22,83.8,84.27,2404889,0.0
2016-12-08,84.68,86.68,84.52,86.41,2683853,0.0
2016-12-11,85.88,86.9099,85.88,86.64,1607841,0.0
2016-12-12,86.83,87.94,86.25,87.71,2580343,0.0
2016-12-13,87.63,88,85.52,85.77,3724151,0.0
2016-12-14,85.63,86.3001,85.02,85.72,2663366,0.0
2016-12-15,86.22,87.19,85.84,86.08,4121622,0.0
2016-12-18,86.24,86.44,85.59,86.06,2120860,0.0
2016-12-19,87.01,87.42,85.89,86.29,3064980,0.0
2016-12-20,86.22,86.42,85.7,85.85,1432184,0.0
2016-12-21,85.5,85.85,83.9,84.27,2864134,0.0
2016-12-22,84.33,84.77,83.75,84.28,1699466,0.0
2016-12-26,84.46,85.29,84.21,84.47,2286307,0.0
2016-12-27,84.51,84.84,83.42,83.59,3035922,0.0
2016-12-28,83.47,83.88,83.16,83.48,2788381,0.0
2016-12-29,83.46,83.62,82.42,82.79,2136154,0.0
2017-01-02,83.1,83.38,82.3,82.93,3910269,0.0
2017-01-03,83.3,83.5,82.78,82.89,3251376,0.0
2017-01-04,82,83.37,80.31,83.03,6013680,0.0
2017-01-05,83.08,83.69,82.45,83.08,2732409,0.0
2017-01-08,82.83,82.91,81.95,82.55,2566617,0.0
2017-01-09,82.41,83.4,82,82.67,1801621,0.0
2017-01-10,83.1,85.26,83.01,84.42,5233653,0.0
2017-01-11,84.15,84.27,83.35,83.92,2606741,0.0
2017-01-12,83.94,84.14,83.37,83.82,1797814,0.0
2017-01-16,83.53,84.55,83.53,84.2,1969156,0.0
2017-01-17,84.21,84.4,83.63,84.12,2253690,0.0
2017-01-18,84.08,84.09,83.34,83.49,2004747,0.0
2017-01-19,84.04,84.48,81.01,81.72,9755327,0.0
2017-01-22,81.4,82.49,81.345,81.56,3079701,0.0
2017-01-23,81.72,81.81,80.62,81.23,3516266,0.0
2017-01-24,81.42,82.32,81.33,82.03,4426805,0.0
2017-01-25,81.87,82.26,81.22,81.26,2060360,0.0
2017-01-26,81.5,82.28,80.74,81.5,3934699,0.0
2017-01-29,82.11,82.23,81.04,81.48,3577966,0.0
2017-01-30,81.26,81.94,81.09,81.94,2370253,0.0
2017-01-31,81.19,81.69,80.16,81.04,3635453,0.0
2017-02-01,81.01,81.05,80.21,80.59,2628576,0.0
2017-02-02,81.13,81.24,80.4,80.46,2032696,0.0
2017-02-05,80.53,81.4,80.47,80.81,2575873,0.0
2017-02-06,80.91,81.55,80.37,81.43,2890645,0.0
2017-02-07,81.32,81.655,80.72,81.53,1983069,0.0
2017-02-08,81.73,82.55,81.3991,82.38,2310380,0.0
2017-02-09,82.38,83.46,81.9501,83.31,3616919,0.0
2017-02-12,83.48,83.6275,82.67,83.42,1940546,0.0
2017-02-13,83.33,83.88,83.06,83.79,2141627,0.0
2017-02-14,83.74,84.38,83.61,84.25,1950600,0.0
2017-02-15,84.2,86.12,84,85.65,4830769,0.0
2017-02-16,85.54,86.1,85.37,85.85,2751250,0.0
2017-02-20,88,88,85.89,86.42,2571187,0.0
2017-02-21,86.43,86.57,85.9,86.28,1853375,0.0
2017-02-22,86.47,87.82,86.31,86.99,2434017,0.0
2017-02-23,86.86,87.63,86.73,87.58,2078686,0.0
2017-02-26,87.47,87.58,87.05,87.22,1438945,0.0
2017-02-27,87.14,87.14,85.59,86.38,2487510,0.0
2017-02-28,86.82,87.23,86.4,86.76,2365496,0.0
2017-03-01,86.5,87.03,86.3196,86.74,2134751,0.0
2017-03-02,86.66,86.91,85.24,85.88,2463579,0.0
2017-03-05,85.58,86.44,85.36,85.88,1724246,0.0
2017-03-06,85.46,86.32,85.36,85.99,1587136,0.0
2017-03-07,85.99,85.99,85.12,85.16,1960849,0.0
2017-03-08,85.26,85.81,84.45,85.3,1855496,0.0
2017-03-09,85.93,86.06,85.34,85.63,1701536,0.0
2017-03-12,85.42,85.76,85.0701,85.61,1852152,0.0
2017-03-13,85.45,85.5,84.63,85.39,2053556,0.0
2017-03-14,85.53,85.95,84.71,85.8,2906343,0.0
2017-03-15,85.59,86.04,85.22,85.67,2560643,0.0
2017-03-16,86.25,86.25,85.04,85.8,4437017,0.0
2017-03-19,85.77,85.86,84.55,84.62,2727548,0.0
2017-03-20,84.76,84.91,82.77,83.2,3977931,0.0
2017-03-21,83.49,83.85,82.55,83.03,3870060,0.0
2017-03-22,82.89,83.4712,82.59,82.98,1882708,0.0
2017-03-23,83.25,83.34,82.61,82.98,1499040,0.0
2017-03-26,82.71,83.62,82.5501,83.56,1749897,0.0
2017-03-27,83.26,84.015,83.1,83.74,1528321,0.0
2017-03-28,83.6,83.87,83.31,83.78,1517078,0.0
2017-03-29,83.65,83.79,83.1,83.3,1936919,0.0
2017-03-30,83.11,83.69,83.03,83.06,1912628,0.0
2017-04-02,83.27,83.75,82.8,82.95,2394852,0.0
2017-04-03,82.84,83.61,82.39,82.518,2456793,0.0
2017-04-04,82.98,83.1,80.3,81.17,10794717,0.0
2017-04-05,81.2,81.91,80.92,81.66,3690376,0.0
2017-04-06,81.8,82.94,81.66,82.33,4672856,0.0
2017-04-09,82.28,82.81,82.12,82.51,3012446,0.0
2017-04-10,82.29,82.81,82.08,82.69,2780047,0.0
2017-04-11,82.44,82.83,82.31,82.57,2352064,0.0
2017-04-12,82.82,83.18,82.35,82.48,2178845,0.0
2017-04-16,82.63,83.16,82.5215,83.13,1391683,0.0
2017-04-17,82.6,83.05,82.515,82.82,2383170,0.0
2017-04-18,83.21,84,82.96,83.51,3983418,0.0
2017-04-19,83.73,84.66,83.49,84.14,3416935,0.0
2017-04-20,84.24,84.62,83.92,84.03,2988174,0.0
2017-04-23,84.76,84.86,84.16,84.28,4289386,0.0
2017-04-24,84.45,86.12,84.36,85.9201,5114528,0.0
2017-04-25,85.93,86.35,85.45,85.92,2772396,0.0
2017-04-26,85.87,86.25,85.63,85.89,2219076,0.0
2017-04-27,85.93,89.69,85.45,86.54,2739408,0.0
2017-04-30,86.36,86.865,86.31,86.46,2538175,0.0
2017-05-01,86.73,86.86,85.68,85.81,3015735,0.0
2017-05-02,85.89,86.1,85.52,85.79,2704832,0.0
2017-05-03,85.85,86.27,85.72,86.05,3073721,0.0
2017-05-04,86.18,86.29,85.27,85.89,2920358,0.0
2017-05-07,85.64,85.99,85.36,85.83,2193554,0.0
2017-05-08,85.55,86.42,85.55,85.97,2333954,0.0
2017-05-09,85.77,85.88,85.51,85.62,1420785,0.0
2017-05-10,85.29,85.78,85.09,85.5,3202025,0.0
2017-05-11,85.41,85.61,84.86,85.24,2122135,0.0
2017-05-14,85.21,85.6,84.5,84.95,2398407,0.0
2017-05-15,84.98,84.99,84.27,84.51,2023011,0.0
2017-05-16,83.14,83.43,81.11,81.72,6048541,0.0
2017-05-17,81.96,82.39,81.38,81.43,3539875,0.0
2017-05-18,81.46,81.68,80.57,80.6,4123966,0.0
2017-05-21,80.59,81.44,80.21,81.33,4813285,0.0
2017-05-22,81.57,81.69,81.23,81.24,2440026,0.0
2017-05-23,81.4,81.41,80.31,80.57,2869713,0.0
2017-05-24,80.68,81.2699,80.5,80.75,3458807,0.0
2017-05-25,80.98,81.25,80.64,81.23,2167795,0.0
2017-05-29,81.05,81.11,80.13,80.2,3105852,0.0
2017-05-30,80.29,81.03,80.29,81.02,3096067,0.0
2017-05-31,81.29,82.21,81.01,82.18,2899539,0.0
2017-06-01,82.3,83.13,82.27,83.09,3034531,0.0
2017-06-04,83.25,83.5,82.72,83.38,2193520,0.0
2017-06-05,82.75,83.35,81.075,81.45,4818909,0.0
2017-06-06,81.69,81.69,80.75,81.45,4550499,0.0
2017-06-07,81.51,82.04,81.38,81.48,2265600,0.0
2017-06-08,81.58,81.6223,80.555,80.99,3157103,0.0
2017-06-11,81.04,82.59,81.03,81.82,3704621,0.0
2017-06-12,81.32,81.89,80.96,81.8,2331544,0.0
2017-06-13,82.02,83.06,81.7,82.88,3619959,0.0
2017-06-14,82.45,82.86,81.235,82.57,3918807,0.0
2017-06-15,81.19,81.47,77.35,78.43,11703809,0.0
2017-06-18,78.94,79.83,78.06,79.8,5966003,0.0
2017-06-19,79.75,79.83,78.13,78.3,4120656,0.0
2017-06-20,78.3,78.64,77.721,78.12,3985953,0.0
2017-06-21,78.11,78.11,76.32,76.35,6394283,0.0
2017-06-22,76.37,76.51,75.18,76.34,5748058,0.0
2017-06-25,76.49,77.92,76.39,77.52,4631806,0.0
2017-06-26,77.47,78.13,77.0901,77.34,4416626,0.0
2017-06-27,77.49,78.24,76.83,77.08,5347735,0.0
2017-06-28,81,81.55,76.34,78.37,12758072,0.0
2017-06-29,79.5,79.5864,77.14,78.3,5525597,0.0
2017-07-02,78.52,78.8,78.01,78.11,1916678,0.0
2017-07-04,78.13,78.96,78.13,78.65,5399803,0.0
2017-07-05,78.45,78.47,77.63,77.73,4976195,0.0
2017-07-06,77.73,78.135,76.92,77.46,5030093,0.0
2017-07-09,77.48,77.59,76.85,77.15,4054553,0.0
2017-07-10,76.97,77.52,76.79,77.27,3804260,0.0
2017-07-11,77.79,77.97,77.45,77.52,3607043,0.0
2017-07-12,77.66,78.4784,77.6,78.01,4438646,0.0
2017-07-13,78.04,79.07,77.7,78.91,7205542,0.0
2017-07-16,79.14,79.25,78.65,79.15,3685206,0.0
2017-07-17,79.02,79.15,78.36,78.66,3726586,0.0
2017-07-18,78.76,79.7701,78.72,79.57,3495950,0.0
2017-07-19,79.64,79.98,79.15,79.8,5744406,0.0
2017-07-20,79.37,80.05,78.85,78.9,4046424,0.0
2017-07-23,78.9,79.96,78.75,79.59,3601349,0.0
2017-07-24,79.79,80.49,79.58,80.06,4508917,0.0
2017-07-25,80.07,80.5,78.48,78.59,5977286,0.0
2017-07-26,78.38,78.98,78.13,78.77,5472288,0.0
2017-07-27,78.6,79.86,78.6,79.62,4576357,0.0
2017-07-30,79.92,80.9601,79.805,80.68,3700433,0.0
2017-07-31,80.43,81.455,80.43,81.14,3943652,0.0
2017-08-01,80.9,81.3599,80.5802,81.04,3264194,0.0
2017-08-02,81.4,81.72,80.68,81.06,3717353,0.0
2017-08-03,81.33,81.45,80.93,81.05,3084453,0.0
2017-08-06,80.96,81.87,80.71,81.51,2590931,0.0
2017-08-07,81.09,81.9298,81,81.09,3443588,0.0
2017-08-08,80.91,81.495,80.5,81.29,4412167,0.0
2017-08-09,80.77,80.93,79.65,79.76,3806299,0.0
2017-08-10,79.92,81.065,79.81,80.73,3420051,0.0
2017-08-13,80.86,81.81,80.84,81.52,3221436,0.0
2017-08-14,81.58,81.86,81.02,81.12,3370760,0.0
2017-08-15,81.09,81.84,81.05,81.27,2972971,0.0
2017-08-16,80.55,81.86,80.42,80.9,2749712,0.0
2017-08-17,80.43,80.95,80.01,80.03,3781773,0.0
2017-08-20,80.08,80.93,80.08,80.6,3124171,0.0
2017-08-21,80.8,81.84,80.59,81.27,2433448,0.0
2017-08-22,80.93,81.505,80.8,81.37,3290665,0.0
2017-08-23,81.27,81.67,79.25,80.5,5122625,0.0
2017-08-24,80.8,81.81,80.61,81.14,3610407,0.0
2017-08-27,81.32,81.68,81.01,81.16,2371882,0.0
2017-08-28,80.9,81.76,80.81,81.42,2479202,0.0
2017-08-29,81.56,82.24,81.27,81.78,2569241,0.0
2017-08-30,81.94,82.22,81.39,81.51,3628130,0.0
2017-08-31,81.63,81.6901,80.57,81.21,4339458,0.0
2017-09-04,81.09,82.26,81.01,81.47,4492673,0.0
2017-09-05,81.58,82.11,81.495,81.75,4384848,0.0
2017-09-06,81.9,82.2,81.45,81.56,4465726,0.0
2017-09-07,81.7,81.95,81.06,81.39,3759637,0.0
2017-09-10,81.65,82.61,81.52,82.27,3440832,0.0
2017-09-11,82.24,83.89,81.97,82.75,6731555,0.0
2017-09-12,82.64,83.66,82.41,82.73,4760477,0.0
2017-09-13,82.12,82.57,81.36,82,3378854,0.0
2017-09-14,81.94,83.74,81.3,82.54,9797419,0.0
2017-09-17,82.51,83.62,82.51,82.6,3783431,0.0
2017-09-18,82.97,82.99,80.7,81.2,5565568,0.0
2017-09-19,80.75,81.27,78.1,78.86,7680719,0.0
2017-09-20,78.84,78.98,77.7,78.2,5025765,0.0
2017-09-21,78,78.5,77.62,78.41,3739784,0.0
2017-09-24,78.6,79.42,78.58,78.97,3837997,0.0
2017-09-25,79.48,79.63,78.85,79.1,2831143,0.0
2017-09-26,78.87,79.27,77.53,78.13,5661336,0.0
2017-09-27,77.71,78,77.12,77.49,4615726,0.0
2017-09-28,77.49,77.49,76.62,77.18,3905480,0.0
2017-10-01,77.32,77.5,76.5,76.6,4372259,0.0
2017-10-02,76.74,76.87,75.52,76.79,3745814,0.0
2017-10-03,76.61,76.95,75.68,75.8219,3202145,0.0
2017-10-04,76.43,77.07,75.8,76.96,3355040,0.0
2017-10-05,75.95,76.24,72.77,73.16,9858227,0.0
2017-10-08,73.34,73.3744,70.21,70.84,10627429,0.0
2017-10-09,70.8,70.99,69.28,69.85,10663077,0.0
2017-10-10,69.87,70.0299,68.8,68.91,6380553,0.0
2017-10-11,68.8,69.61,68.55,68.99,5123002,0.0
2017-10-12,69.06,69.06,67.401,67.59,6766470,0.0
2017-10-15,67.64,68.1698,67.21,67.31,5256085,0.0
2017-10-16,67.27,67.74,66.92,67.39,4685570,0.0
2017-10-17,67.46,68.17,67.41,67.74,4103550,0.0
2017-10-18,67.77,68.14,67.105,67.21,4050910,0.0
2017-10-19,67.21,68.31,67.06,68.05,7624820,0.0
2017-10-22,68.14,68.45,67.47,67.51,4499088,0.0
2017-10-23,67.68,68.09,67.23,67.29,5770341,0.0
2017-10-24,70.01,70.1092,66.05,69.37,14875077,0.0
2017-10-25,69.64,70.26,66.38,67.02,16120561,0.0
2017-10-26,66.56,66.96,63.82,64.4,16458052,0.0
2017-10-29,64.37,66.48,64.25,66.27,9952884,0.0
2017-10-30,66.29,66.745,65.67,66.26,9449158,0.0
2017-10-31,65.34,67.8,65.17,67.01,7990536,0.0
2017-11-01,67.37,68.05,66.3,66.76,6717224,0.0
2017-11-02,66.86,67.54,66.51,66.87,7039487,0.0
2017-11-05,66.75,66.97,65.86,65.94,4402753,0.0
2017-11-06,65.72,68.46,65.72,67.92,7317715,0.0
2017-11-07,67.86,69.125,67.41,68.875,5998004,0.0
2017-11-08,68.91,69.93,68.36,69.53,5527243,0.0
2017-11-09,68.93,71.095,68.76,71,10886524,0.0
2017-11-12,70.71,73.83,69.27,70.35,10796214,0.0
2017-11-13,70.16,70.93,69.57,70.59,4149264,0.0
2017-11-14,70.65,70.88,69.922,70.22,2781532,0.0
2017-11-15,70.24,71.41,70.02,71.29,3239665,0.0
2017-11-16,71.44,71.98,71,71.26,3271501,0.0
2017-11-19,70.96,71.45,69.82,70.8,4484553,0.0
2017-11-20,70.66,71.26,70.39,71.16,5771393,0.0
2017-11-21,71.11,72.12,71.0718,71.34,3415633,0.0
2017-11-23,71.01,71.41,70.22,70.28,1333401,0.0
2017-11-26,70.64,70.7,69.2608,69.37,3885309,0.0
2017-11-27,69.43,72.47,69.02,72.23,5851388,0.0
2017-11-28,72.35,73.36,71.77,71.92,5100191,0.0
2017-11-29,71.9,72.92,70.77,72.68,8111178,0.0
2017-11-30,72.33,72.46,70.51,71.42,6589883,0.0
2017-12-03,71.33,71.71,70.41,71.57,6659532,0.0
2017-12-04,71.33,71.62,70.09,70.19,4626534,0.0
2017-12-05,70.44,71.285,69.84,71.05,4814528,0.0
2017-12-06,70.91,71,69.5,69.6,5067101,0.0
2017-12-07,70.09,71.61,69.505,71.555,5556027,0.0
2017-12-10,71.32,72.44,71.24,71.88,3528890,0.0
2017-12-11,71.81,72.15,70.93,72.01,3146784,0.0
2017-12-12,71.99,72.09,70.75,71.73,3442718,0.0
2017-12-13,71.47,71.585,70,70.36,4103073,0.0
2017-12-14,71.05,72.34,70.23,71.93,5789007,0.0
2017-12-17,72.5,73.28,72.28,72.57,4117923,0.0
2017-12-18,72.8,73.17,72.14,72.19,3193174,0.0
2017-12-19,72.53,72.97,71.98,72.72,5371140,0.0
2017-12-20,72.68,73.96,72.4801,73.26,4298146,0.0
2017-12-21,73.11,73.449,72.67,72.72,2415995,0.0
2017-12-25,72.99,73.61,72.76,73.33,1513348,0.0
2017-12-26,73.33,73.49,72.51,72.85,2244889,0.0
2017-12-27,72.88,72.98,72.23,72.93,1483272,0.0
2017-12-28,72.63,73.04,72.37,72.62,2104462,0.0
2018-01-01,73.28,75.19,72.97,74.96,4855176,0.0
2018-01-02,75.09,75.795,74.31,75.53,5915063,0.0
2018-01-03,73.49,73.5,70.73,71.585,10505521,0.0
2018-01-04,71.9,73.25,71.82,72.93,7743979,0.0
2018-01-07,73.15,74,72.75,73.85,4272417,0.0
2018-01-08,74.08,74.1855,73.2,73.42,3337103,0.0
2018-01-09,73.43,74.18,73.21,74.06,3333416,0.0
2018-01-10,73.95,75.44,73.9,75.36,4333844,0.0
2018-01-11,75.55,76.89,75.48,76.03,4419949,0.0
2018-01-15,76.45,76.62,75.92,76.03,3663131,0.0
2018-01-16,76.63,76.65,75.59,75.78,3666989,0.0
2018-01-17,75.59,76.35,75.53,75.99,4124482,0.0
2018-01-18,75.83,76.51,75.78,76.465,4198594,0.0
2018-01-21,76.64,77.44,76.42,77.39,2429153,0.0
2018-01-22,76.94,77.21,76.2,77.02,2863131,0.0
2018-01-23,77.3,77.83,77,77.36,3017677,0.0
2018-01-24,77.85,78.44,77.35,78.27,3308855,0.0
2018-01-25,78.5,79.2,78.03,79.14,2438139,0.0
2018-01-28,79.15,80.68,79.09,80.28,4530133,0.0
2018-01-29,77.96,79.21,75.43,76.14,9444764,0.0
2018-01-30,76.7,76.89,74.91,75.28,3801062,0.0
2018-01-31,74.53,76.35,73.67,76.07,4258422,0.0
2018-02-01,75.88,76.24,73.3401,73.56,5736729,0.0
2018-02-04,73.54,74.22,70.32,70.44,5428485,0.0
2018-02-05,69.1,72.19,68.345,71.8,5119893,0.0
2018-02-06,71.34,73.2,71.16,71.57,3171750,0.0
2018-02-07,71.57,71.85,68.2,68.22,4871414,0.0
2018-02-08,68.88,69.3,66.34,68.4,5953385,0.0
2018-02-11,68.62,69.44,67.87,68.469,3092341,0.0
2018-02-12,67.87,70.515,67.48,68.27,5519991,0.0
2018-02-13,67.6,69.3,67.6,68.48,4054532,0.0
2018-02-14,68.99,69.78,68.3,69.78,3638789,0.0
2018-02-15,69.99,71.37,69.94,70.93,3478197,0.0
2018-02-19,70.82,71.725,70.19,70.91,3715755,0.0
2018-02-20,70.93,71.28,69.54,69.64,3753903,0.0
2018-02-21,69.72,70.17,69.31,69.67,3678289,0.0
2018-02-22,70.32,70.5,69.09,70.36,2197991,0.0
2018-02-25,70.45,70.69,69.5,70.61,2372735,0.0
2018-02-26,70.79,71,68.51,69.15,4939171,0.0
2018-02-27,69.39,70.01,68.68,68.89,4628659,0.0
2018-02-28,69.06,71.12,68.96,70.2,5547005,0.0
2018-03-01,69.55,70.75,69.4303,70.575,3007370,0.0
2018-03-04,70.04,70.67,69.3866,70.54,3518278,0.0
2018-03-05,70.55,70.55,68.82,69.79,3458965,0.0
2018-03-06,69.26,70.25,68.98,69.51,3016250,0.0
2018-03-07,69.81,70.16,68.5,68.96,3632886,0.0
2018-03-08,69.2,70.69,68.575,70.6,2752617,0.0
2018-03-11,70.65,71.18,69.95,70.15,2866183,0.0
2018-03-12,70.64,70.71,69.5,69.85,2972046,0.0
2018-03-13,70.01,70.5,68,68.55,3829594,0.0
2018-03-14,68.58,68.97,67.08,67.38,3508496,0.0
2018-03-15,67.69,68.11,67.175,67.58,5260823,0.0
2018-03-18,67.47,67.695,66.22,66.63,2713090,0.0
2018-03-19,66.71,67,65.455,66.06,2958869,0.0
2018-03-20,65.96,67.14,65.68,66.26,2631441,0.0
2018-03-21,65.79,67.135,65.58,65.84,3182369,0.0
2018-03-22,66.06,66.75,65.36,65.43,4580779,0.0
2018-03-25,66.13,67.59,66.12,67.48,4089805,0.0
2018-03-26,67.84,67.97,65.675,66.02,5873451,0.0
2018-03-27,67.49,68,65.82,67.59,8219171,0.0
2018-03-28,67.67,68,64.76,65.46,6663414,0.0
2018-04-01,65.1,65.45,62.4781,63.1,5742213,0.0
2018-04-02,63.53,63.56,61.735,63.18,7936141,0.0
2018-04-03,62.64,66.0079,62.6,65.5,6206760,0.0
2018-04-04,65.78,65.93,64.535,64.64,3596573,0.0
2018-04-05,64.36,64.7899,63.19,63.46,3157580,0.0
2018-04-08,63.55,63.82,62.67,62.85,2824428,0.0
2018-04-09,63.48,63.99,62.69,63.76,3286985,0.0
2018-04-10,63.36,64.5,63.1,64.12,3848490,0.0
2018-04-11,64.28,64.62,63.62,64.03,3295390,0.0
2018-04-12,64.54,64.54,63.25,63.82,2211288,0.0
2018-04-15,64.19,68.15,63.92,66.21,8380322,0.0
2018-04-16,66.71,67,64.8834,65.95,5313529,0.0
2018-04-17,66,66.79,66,66.27,2042292,0.0
2018-04-18,66.09,66.3,64.86,65.29,2157217,0.0
2018-04-19,64.87,65.28,63.74,63.92,4506293,0.0
2018-04-22,64.25,64.7,63.81,64.6,3275592,0.0
2018-04-23,65.08,65.65,64.4,65,3351989,0.0
2018-04-24,64.99,66.23,64.38,65.95,3250375,0.0
2018-04-25,66.28,67.15,65.83,66.74,3784941,0.0
2018-04-26,66.56,67.88,66.37,67.11,2184065,0.0
2018-04-29,67.53,67.75,66.22,66.45,2317002,0.0
2018-04-30,65.37,66.23,64.63,65.42,3843139,0.0
2018-05-01,65.56,65.6,63.17,63.65,4211611,0.0
2018-05-02,63.42,63.5,61.88,62.23,5186984,0.0
2018-05-03,62.18,64.15,61.76,63.809,3209692,0.0
2018-05-06,63.85,64,62.03,62.29,3841117,0.0
2018-05-07,62.3,62.6,61.56,62.35,4222928,0.0
2018-05-08,62.49,63.1,62.12,62.93,2969697,0.0
2018-05-09,63.19,64.26,62.62,63.8,3643765,0.0
2018-05-10,63.85,64.56,62.64,64.09,4557237,0.0
2018-05-13,64.26,65.22,64.1324,65.1,2985375,0.0
2018-05-14,64.58,65.38,63.9919,64.61,3311809,0.0
2018-05-15,64.71,66,64.61,65.75,2923838,0.0
2018-05-16,65.23,66.04,65.02,66,2848793,0.0
2018-05-17,65.93,65.93,64.1,64.34,2555409,0.0
2018-05-20,64.49,65.1,64.26,64.51,2101401,0.0
2018-05-21,64.83,65.82,64.14,64.24,2305482,0.0
2018-05-22,63.84,64,62.685,63.92,3473247,0.0
2018-05-23,63.79,64,62.7,63.42,2668618,0.0
2018-05-24,63.5,64.15,63.19,63.53,2403204,0.0
2018-05-28,63.3,63.67,62.505,62.69,3501730,0.0
2018-05-29,62.98,63.86,62.69,63.54,2189699,0.0
2018-05-30,63.58,63.58,62.12,62.4,3374074,0.0
2018-05-31,62.56,63.31,62.15,62.86,2368085,0.0
2018-06-03,63.09,63.42,62.7,63.31,1888681,0.0
2018-06-04,63.18,63.24,62.44,62.92,4600428,0.0
2018-06-05,63.1,63.32,62.73,63.16,3979061,0.0
2018-06-06,63.15,64.01,63,63.6,3915682,0.0
2018-06-07,63.67,64.06,62.96,63.4,2668046,0.0
2018-06-10,63.38,64.39,63.07,64.06,2689001,0.0
2018-06-11,64.16,64.194,63.17,63.7,3962769,0.0
2018-06-12,63.31,64.43,63.31,63.91,4367217,0.0
2018-06-13,64.11,65,63.9,64.88,3924461,0.0
2018-06-14,65,65.82,64.57,65.81,5703719,0.0
2018-06-17,65.33,65.55,63.88,64.14,3254886,0.0
2018-06-18,63.69,64.76,63.67,64.61,3337175,0.0
2018-06-19,66.72,68.26,65.63,68,11877669,0.0
2018-06-20,68.49,68.8699,66.92,67.79,6891848,0.0
2018-06-21,67.84,68.27,67.465,67.61,5747495,0.0
2018-06-24,67.35,68.04,66.35,67.27,6203118,0.0
2018-06-25,67.19,67.44,65.42,66.58,6152653,0.0
2018-06-26,66.44,67.44,65.87,66.29,4772605,0.0
2018-06-27,60.39,61,59.07,59.7,35646824,0.0
2018-06-28,59.81,60.28,59.11,60.02,13750104,0.0
2018-07-01,59.68,61.27,59.5,61.13,9532911,0.0
2018-07-02,61.41,61.77,60.71,60.77,4737594,0.0
2018-07-04,61.16,62.545,60.815,62.37,8046762,0.0
2018-07-05,62.36,64.1,62.3,63.31,8117163,0.0
2018-07-08,63.19,64.3,63.1,63.72,6103730,0.0
2018-07-09,63.2,63.7,62.7,63.2,5546951,0.0
2018-07-10,63.06,63.87,62.181,63.66,8545433,0.0
2018-07-11,64.05,65.43,63.61,63.89,10088296,0.0
2018-07-12,63.96,65.52,63.95,65.18,6681054,0.0
2018-07-15,65.14,65.4401,64.65,65.16,5852834,0.0
2018-07-16,64.8,65.67,64.8,65.63,6892351,0.0
2018-07-17,65.72,66.72,65.66,66.21,8056853,0.0
2018-07-18,65.93,66.2,64.78,64.95,8228166,0.0
2018-07-19,64.64,65.23,64.31,64.99,5963105,0.0
2018-07-22,64.35,65.52,64.27,65.34,4976296,0.0
2018-07-23,65.65,66.15,65.16,65.505,6331278,0.0
2018-07-24,65.52,66.77,65.46,66.7,6698192,0.0
2018-07-25,67.36,67.99,66.84,67.55,5912806,0.0
2018-07-26,67.73,68.94,67.505,68.65,5773376,0.0
2018-07-29,68.39,69.53,68.32,69.17,6619536,0.0
2018-07-30,69.31,69.4,67.57,67.62,5069167,0.0
2018-07-31,67.61,67.65,66.29,66.44,5155041,0.0
2018-08-01,65.99,67.175,65.78,66.96,3236704,0.0
2018-08-02,67.19,67.7,66.96,67.23,3428052,0.0
2018-08-05,66.49,67.5,66.43,67.43,4008810,0.0
2018-08-06,67.55,67.9798,66.9,67.05,4872352,0.0
2018-08-07,67.44,67.56,65.8,66.5,5932540,0.0
2018-08-08,66.45,66.88,66.02,66.18,4527590,0.0
2018-08-09,65.78,66.51,65.5433,66.5,4030417,0.0
2018-08-12,66.48,66.96,66.21,66.49,4170914,0.0
2018-08-13,66.62,68.855,66.51,68.67,5209627,0.0
2018-08-14,67.95,68.98,67.9205,68.74,4544024,0.0
2018-08-15,69.14,69.93,68.98,69.62,8260332,0.0
2018-08-16,68.76,70.19,68.6,69.99,4872851,0.0
2018-08-19,70.23,70.73,69.91,70,3596332,0.0
2018-08-20,70.36,70.95,69.94,70.26,2692675,0.0
2018-08-21,70.25,70.47,69.6225,69.64,2955906,0.0
2018-08-22,69.55,69.91,69.02,69.28,2735212,0.0
2018-08-23,69.5,69.75,69.06,69.2,3397502,0.0
2018-08-26,69.67,69.67,69.18,69.44,3928310,0.0
2018-08-27,69.58,69.8735,69.03,69.29,3481155,0.0
2018-08-28,69.2,69.21,68.41,68.65,3438805,0.0
2018-08-29,68.53,68.98,67.67,67.8,4068322,0.0
2018-08-30,67.54,68.62,67.54,68.57,3078446,0.0
2018-09-03,68.53,68.59,67.42,67.61,3897669,0.0
2018-09-04,67.46,68.4,67.46,68.25,4882408,0.0
2018-09-05,68.09,68.52,67.78,68.03,3755945,0.0
2018-09-06,67.9,68.29,67.58,68.19,3465776,0.0
2018-09-09,68.55,69.16,68.51,68.81,2737232,0.0
2018-09-10,68.59,69.23,68.44,68.74,3222770,0.0
2018-09-11,68.71,70.5,68.66,70.39,4455691,0.0
2018-09-12,70.46,70.97,70.14,70.48,3298669,0.0
2018-09-13,70.69,70.7,69.98,70.27,2059254,0.0
2018-09-16,70.36,70.64,70.07,70.46,2794825,0.0
2018-09-17,70.51,71.44,70.32,70.88,3509509,0.0
2018-09-18,71.01,72.04,70.89,71.29,3480243,0.0
2018-09-19,71.52,72.98,71.52,72.88,3920568,0.0
2018-09-20,72.97,73.2,71.94,72.99,5403227,0.0
2018-09-23,72.56,72.67,71.755,72.195,2524493,0.0
2018-09-24,72.77,72.9511,71.83,72.22,2175676,0.0
2018-09-25,72.42,73.7,72.27,72.96,2992334,0.0
2018-09-26,72.96,74.57,72.51,73.81,2892026,0.0
2018-09-27,73.82,74,72.75,72.92,3623833,0.0
2018-09-30,72.88,73.6,72.37,72.47,3921197,0.0
2018-10-01,72.3,73.77,72.01,73.49,2895542,0.0
2018-10-02,73.7,74.2686,73.49,73.78,4629560,0.0
2018-10-03,73.69,74.1289,72.91,73.35,2832793,0.0
2018-10-04,73.09,73.47,72.14,72.51,4026697,0.0
2018-10-07,72.5,74.55,72.49,74.15,5092284,0.0
2018-10-08,73.56,73.82,72.91,73.57,3940145,0.0
2018-10-09,73.56,74.225,72.36,72.58,6255121,0.0
2018-10-10,70.2,74.38,69.69,70.9,13303002,0.0
2018-10-11,71.45,73.76,70.43,73.47,7967155,0.0
2018-10-14,73.09,75.3499,73.0001,74.72,6651510,0.0
2018-10-15,75.18,76.45,74.37,76.26,6116695,0.0
2018-10-16,76.1,77.49,75.73,76.97,4889191,0.0
2018-10-17,77.05,77.6367,76.29,76.6,4492270,0.0
2018-10-18,77.01,77.995,76.6726,77.35,4693452,0.0
2018-10-21,77.56,78.1,77.0801,77.64,3877502,0.0
2018-10-22,77.33,77.8,76.4,77.25,4078410,0.0
2018-10-23,77.32,77.81,74.07,74.19,5477206,0.0
2018-10-24,74.86,75.845,74.1,75.73,5036723,0.0
2018-10-25,73.52,76.75,73.5,76.22,9084360,0.0
2018-10-28,76.77,77.68,75.5,76.84,4674098,0.0
2018-10-29,77.12,78.94,76.595,78.8,5351738,0.0
2018-10-30,78.64,80.25,77.65,79.76,9128479,0.0
2018-10-31,79.48,80.27,79.2,79.89,4802190,0.0
2018-11-01,80.09,80.42,78.51,79.3,4903890,0.0
2018-11-04,79.6,80.2,79.03,79.91,4398922,0.0
2018-11-05,80.08,80.65,79.58,80.57,5060094,0.0
2018-11-06,80.75,81.96,80.555,81.89,5456180,0.0
2018-11-07,81.5,83,81.31,82.44,4130805,0.0
2018-11-08,82.51,82.98,81.73,82.39,2654694,0.0
2018-11-11,82.39,82.59,81.58,81.81,2812235,0.0
2018-11-12,82.27,82.68,81.43,81.93,3480685,0.0
2018-11-13,82.38,83.18,80.93,81.53,4361484,0.0
2018-11-14,81.54,82.42,80.83,82.3,3702780,0.0
2018-11-15,82.47,83.07,81.56,82.54,3266112,0.0
2018-11-18,82.34,82.99,81.72,81.95,4458872,0.0
2018-11-19,81.08,81.73,78.28,79.87,7661572,0.0
2018-11-20,80.4,81.47,79.68,79.76,5670065,0.0
2018-11-22,79.11,81.5,79.01,80.79,2353307,0.0
2018-11-25,81.44,82.18,80.98,81.7,4347605,0.0
2018-11-26,81.75,83.5,81.3965,83.49,5358430,0.0
2018-11-27,83.82,84.66,82.8,84.66,5468635,0.0
2018-11-28,83.84,85.13,83.84,84.85,4528475,0.0
2018-11-29,84.85,85.31,83.795,84.73,4751411,0.0
2018-12-02,85.03,85.83,84.68,85.69,5020014,0.0
2018-12-03,85.93,86.31,82.4,82.81,6324045,0.0
2018-12-05,82.4,83.565,80.77,82.97,6999299,0.0
2018-12-06,82.42,83.21,80.92,81.2,5157404,0.0
2018-12-09,81.6,81.92,79.69,81.15,4925543,0.0
2018-12-10,81.93,82.35,80.75,81.81,4771347,0.0
2018-12-11,82.45,83.33,82.11,82.43,3964668,0.0
2018-12-12,82.71,83.14,81.68,82.33,4265857,0.0
2018-12-13,79.27,80.1,78.44,78.76,6771129,0.0
2018-12-16,77.92,78.37,75.8,76.18,8827566,0.0
2018-12-17,76.96,77.69,75.37,75.47,8118011,0.0
2018-12-18,75.85,75.94,72.59,73.34,9453902,0.0
2018-12-19,71.88,72.32,68.455,69.62,11016144,0.0
2018-12-20,69.64,71.3,66.79,67.22,14597252,0.0
2018-12-23,66.97,67.2,65.12,65.28,4652212,0.0
2018-12-25,65.4,67.78,64.51,67.75,4994184,0.0
2018-12-26,67.16,68.39,65.74,68.39,5384726,0.0
2018-12-27,68.56,69.08,67.59,68.03,4324531,0.0
2018-12-30,68.54,68.72,67.7374,67.91,3651724,0.0
2019-01-01,67.2,68.46,66.69,67.89,4156405,0.0
2019-01-02,67.8,68.09,66.72,67.415,3875267,0.0
2019-01-03,68.43,70.14,68,69.51,4611193,0.0
2019-01-06,69.15,70.54,68.82,69.97,4287745,0.0
2019-01-07,70.52,71.67,70.14,71.39,5277001,0.0
2019-01-08,71.82,72.65,71.53,72.15,4902198,0.0
2019-01-09,72.03,72.75,71.25,72.42,3852296,0.0
2019-01-10,72.6,72.62,71.13,71.64,4602342,0.0
2019-01-13,71.4,71.5,70.35,70.58,4385318,0.0
2019-01-14,70.97,71.98,70.8,71.72,3416664,0.0
2019-01-15,72.01,72.5859,71.84,71.97,2857610,0.0
2019-01-16,71.34,72.27,71.29,71.96,3105486,0.0
2019-01-17,72.42,72.88,71.96,72.36,4801987,0.0
2019-01-21,72.12,72.32,71.1,71.365,4159261,0.0
2019-01-22,72.1,72.4,71.01,71.67,3097825,0.0
2019-01-23,71.73,71.8,70.86,71.32,3417592,0.0
2019-01-24,71.91,72.4198,71.58,71.87,3474890,0.0
2019-01-27,71.37,71.67,70.47,71.43,3223283,0.0
2019-01-28,71.55,71.8,70.8801,71.48,2584740,0.0
2019-01-29,71.41,72.03,71.18,71.57,3360209,0.0
2019-01-30,71.5,72.59,71.5,72.2,3782399,0.0
2019-01-31,72.38,72.55,71.525,71.83,3890922,0.0
2019-02-03,71.83,71.88,70.9,71.305,3864030,0.0
2019-02-04,71.38,71.73,70.835,71.33,4218497,0.0
2019-02-05,71,71.707,70.88,71.45,3197458,0.0
2019-02-06,71.15,71.37,70.38,71.12,3908696,0.0
2019-02-07,70.8,70.9,69.5301,70.01,3384206,0.0
2019-02-10,70.25,70.54,70.03,70.485,2450516,0.0
2019-02-11,71.16,71.98,70.7,71.49,3152069,0.0
2019-02-12,71.85,72.71,71.75,72.38,2923105,0.0
2019-02-13,71.68,72.45,71.29,72.12,3202643,0.0
2019-02-14,72.91,73.83,72.66,73.425,4011459,0.0
2019-02-18,73.49,74.945,73.4,74.395,4731298,0.0
2019-02-19,72.98,73.26,71.54,71.81,6880468,0.0
2019-02-20,71.62,71.7,70.26,70.465,3871408,0.0
2019-02-21,70.43,70.6,69.82,70.45,3987216,0.0
2019-02-24,70.93,71.66,70.74,71.31,3476865,0.0
2019-02-25,71.51,71.72,70.88,71.49,2085037,0.0
2019-02-26,71.09,71.59,70.89,71.37,3198263,0.0
2019-02-27,71.41,71.88,70.965,71.19,4681120,0.0
2019-02-28,70.85,71.18,66.075,66.59,9362735,0.0
2019-03-03,66.96,67,64.29,64.77,8637084,0.0
2019-03-04,64.86,65.05,62.97,63.4,10710097,0.0
2019-03-05,63.52,63.75,60.89,61.1,12176279,0.0
2019-03-06,60.97,61.16,59.57,59.78,8977458,0.0
2019-03-07,59.87,60.82,59.33,59.92,8859915,0.0
2019-03-10,60.19,61.0901,59.84,60.67,4702211,0.0
2019-03-11,60.97,61.23,60.675,60.99,4177130,0.0
2019-03-12,61.4,61.97,61.02,61.9,4888556,0.0
2019-03-13,62.03,62.37,61.47,61.79,4769788,0.0
2019-03-14,61.98,62.69,61.85,62.64,4107016,0.0
2019-03-17,62.71,63.09,62.3135,63.09,4325170,0.0
2019-03-18,63.45,64.18,63.29,63.79,4522784,0.0
2019-03-19,63.63,63.79,62.52,62.78,4172221,0.0
2019-03-20,62.7,63.81,62.44,63.59,3139181,0.0
2019-03-21,63.63,63.94,62.385,62.41,4121472,0.0
2019-03-24,62.33,62.4,61.35,61.69,3863305,0.0
2019-03-25,61.85,62.77,61.62,61.91,4506635,0.0
2019-03-26,61.7,62.31,61.14,62.23,4391904,0.0
2019-03-27,62.34,63.45,62.29,62.5,4892711,0.0
2019-03-28,62.75,63.755,62.64,63.26,3914830,0.0
2019-03-31,63.55,64.105,63.17,63.37,2417142,0.0
2019-04-01,55.84,56.44,55,55.3456,33447218,0.0
2019-04-02,55.54,55.7,54.48,54.81,16557144,0.0
2019-04-03,54.81,55,53.85,54.15,13291453,0.0
2019-04-04,54.36,55.22,54.2975,54.69,9500581,0.0
2019-04-07,54.72,55.4,54.5,55.06,6122795,0.0
2019-04-08,54.78,55.03,54.36,54.5,7260457,0.0
2019-04-09,54.55,54.7298,54.36,54.51,4764821,0.0
2019-04-10,54.59,54.8,53.32,53.44,7193809,0.0
2019-04-11,53.78,54,53.4,53.44,6452183,0.0
2019-04-14,53.57,54.46,53.57,54.24,5323044,0.0
2019-04-15,54.57,54.96,53.9656,54.8275,7179978,0.0
2019-04-16,55,55.25,54.08,55.14,8975725,0.0
2019-04-17,55.22,55.38,54.58,54.62,7024998,0.0
2019-04-21,54.59,54.9211,54.08,54.09,3882091,0.0
2019-04-22,54.31,54.38,53.17,53.22,7642845,0.0
2019-04-23,53.19,53.99,53.19,53.47,5306420,0.0
2019-04-24,53.34,53.42,52.64,52.67,5738539,0.0
2019-04-25,52.72,52.96,52.25,52.86,6401597,0.0
2019-04-28,52.92,53.705,52.78,53.55,4550672,0.0
2019-04-29,53.67,53.87,53.04,53.55,4039903,0.0
2019-04-30,53.57,54.1,53.5,53.67,4428587,0.0
2019-05-01,53.81,53.9,52.98,53.79,4478118,0.0
2019-05-02,54.18,54.33,53.84,54.07,5069865,0.0
2019-05-05,53.72,54.1,53.135,53.94,4437535,0.0
2019-05-06,53.5,53.87,52.665,52.91,5074531,0.0
2019-05-07,52.95,53.845,52.385,53.49,4467111,0.0
2019-05-08,53.1,53.81,52.67,53.56,4025194,0.0
2019-05-09,53.48,53.6,52.5168,53.42,4479721,0.0
2019-05-12,52.94,53.09,51.96,52.11,4907637,0.0
2019-05-13,52.23,53.0853,52.05,52.57,4013551,0.0
2019-05-14,52.23,52.96,51.79,52.74,4018572,0.0
2019-05-15,53,53.44,52.31,52.52,3848390,0.0
2019-05-16,52.23,52.835,51.93,52.25,4159659,0.0
2019-05-19,52.03,52.72,51.87,52.25,3348866,0.0
2019-05-20,52.4,52.85,52.17,52.76,3637951,0.0
2019-05-21,52.77,53.01,52.39,52.94,2916322,0.0
2019-05-22,52.49,52.5,51.36,51.62,4145609,0.0
2019-05-23,51.78,51.84,51.16,51.77,3746392,0.0
2019-05-27,51.84,52.28,51.625,51.69,3360068,0.0
2019-05-28,51.57,51.6,50.79,51.13,3513111,0.0
2019-05-29,51.23,51.29,50.2,50.56,3211085,0.0
2019-05-30,50.29,50.31,49.31,49.32,5099418,0.0
2019-06-02,49.52,50.65,49.52,49.91,4921271,0.0
2019-06-03,50.35,51.63,50.35,51.49,5231868,0.0
2019-06-04,51.84,51.87,50.5,50.78,3557156,0.0
2019-06-05,50.92,51.155,50.375,50.99,2509524,0.0
2019-06-06,51.24,52.0956,50.8,51.97,3307687,0.0
2019-06-09,52.1,52.69,51.87,52.31,3275486,0.0
2019-06-10,52.61,53.26,52.56,52.87,3838311,0.0
2019-06-11,52.95,52.95,51.65,52.12,3692862,0.0
2019-06-12,52.4,53.02,52.3,52.89,5720574,0.0
2019-06-13,52.87,53.05,52.125,52.57,5521437,0.0
2019-06-16,52.57,53.1556,52.13,52.81,3398511,0.0
2019-06-17,53.28,53.93,52.67,52.81,5043848,0.0
2019-06-18,52.99,53.255,52.505,52.89,4071749,0.0
2019-06-19,52.93,53.51,52.51,52.87,4823616,0.0
2019-06-20,52.77,53.35,52.43,52.46,9124883,0.0
2019-06-23,52.35,52.59,51.775,51.94,5911075,0.0
2019-06-24,51.85,53.48,51.46,52.99,7154452,0.0
2019-06-25,53.06,53.12,52.29,52.38,4749321,0.0
2019-06-26,53.7,55.19,53.5,54.51,10695254,0.0
2019-06-27,54.68,54.735,53.8531,54.66,6576879,0.0
2019-06-30,55.36,55.68,54.32,54.65,5008267,0.0
2019-07-01,54.7,55.15,54.19,54.96,4596513,0.0
2019-07-02,55.07,55.5,54.85,55.19,3356381,0.0
2019-07-04,55.11,55.565,54.75,55.19,3670786,0.0
2019-07-07,55.17,55.515,54.885,55.44,3297084,0.0
2019-07-08,55.35,55.78,55.13,55.48,2938481,0.0
2019-07-09,55.78,56.15,55.4,55.57,3748722,0.0
2019-07-10,56.56,56.95,55.29,55.62,6474710,0.0
2019-07-11,56.25,56.26,55.57,55.74,3367953,0.0
2019-07-14,55.96,56.16,55.74,55.89,2928962,0.0
2019-07-15,56.08,56.15,55.69,55.81,3068840,0.0
2019-07-16,55.69,55.8,54.2642,54.51,4702082,0.0
2019-07-17,54.3,54.96,53.82,54.82,3628951,0.0
2019-07-18,54.86,55.11,54.37,54.44,3015694,0.0
2019-07-21,54.66,54.66,53.66,53.945,2896840,0.0
2019-07-22,54.14,54.88,53.74,54.65,3861252,0.0
2019-07-23,54.64,55.21,54.26,55.21,3399269,0.0
2019-07-24,55.2,55.25,54.5,54.76,2718297,0.0
2019-07-25,54.86,55.14,54.58,55.05,2332304,0.0
2019-07-28,55.09,55.54,54.965,55.12,2119992,0.0
2019-07-29,54.99,55.65,54.61,55.4,2383925,0.0
2019-07-30,55.28,55.45,53.79,54.46,4841360,0.0
2019-07-31,54.6,55.77,53.9,54.07,4823567,0.0
2019-08-01,54.19,54.35,53.0746,53.68,3411715,0.0
2019-08-04,53.47,53.59,51.655,51.85,4936663,0.0
2019-08-05,52,52.2468,50.79,51.46,5500438,0.0
2019-08-06,51.04,52.61,50.0888,52.48,4586033,0.0
2019-08-07,52.48,53.03,52.3535,53.03,2684979,0.0
2019-08-08,52.82,53.05,52.33,52.79,2363029,0.0
2019-08-11,52.78,52.89,51.675,52.02,3041422,0.0
2019-08-12,51.94,53.9,51.51,53.07,3874476,0.0
2019-08-13,52.41,52.44,50.36,50.4,4599142,0.0
2019-08-14,50.8,50.81,49.12,49.29,5743254,0.0
2019-08-15,49.63,50.74,49.5,50.49,3734168,0.0
2019-08-18,50.63,51.435,50.612,51.16,3352669,0.0
2019-08-19,51.21,51.53,50.63,50.67,2824024,0.0
2019-08-20,51.04,51.67,50.7801,50.9,2647576,0.0
2019-08-21,51.15,51.4,50.67,50.94,3097927,0.0
2019-08-22,50.54,51.02,49.14,49.33,4642730,0.0
2019-08-25,49.98,50.1309,49.56,50.06,2422816,0.0
2019-08-26,50.44,50.52,49.345,49.45,3753174,0.0
2019-08-27,49.26,49.99,49.03,49.95,2211120,0.0
2019-08-28,50.34,50.82,50.22,50.4,2765000,0.0
2019-08-29,50.68,51.19,50.45,51.18,3620279,0.0
2019-09-02,51.25,51.32,50.04,50.42,3277546,0.0
2019-09-03,50.73,51.62,50.73,51.43,3598012,0.0
2019-09-04,51.8,52.7668,51.8,52.35,3167429,0.0
2019-09-05,52.67,52.8,52.15,52.57,2149265,0.0
2019-09-08,52.65,55.7,52.65,55.59,6641159,0.0
2019-09-09,55.57,57,55.46,56.88,6312380,0.0
2019-09-10,57.34,58.1,56.83,58.05,5730673,0.0
2019-09-11,58,58,55.26,55.57,5990796,0.0
2019-09-12,55.95,56.44,55.3,55.98,3272656,0.0
2019-09-15,55.35,55.7,55.06,55.33,2766343,0.0
2019-09-16,55.34,55.34,54.22,54.83,3053662,0.0
2019-09-17,54.64,54.73,53.92,54.42,3215804,0.0
2019-09-18,54.64,55.04,54.44,54.57,3050621,0.0
2019-09-19,54.39,55.94,54.26,54.99,7718684,0.0
2019-09-22,54.94,55.0916,53.78,54.32,3280733,0.0
2019-09-23,54.67,54.76,53.23,53.62,4378896,0.0
2019-09-24,53.69,54.561,53.32,54.37,2432142,0.0
2019-09-25,54.7,54.82,53.56,54.08,3344733,0.0
2019-09-26,54.24,54.96,53.72,54.41,2923029,0.0
2019-09-29,54.61,55.51,54.55,55.31,2448609,0.0
2019-09-30,55.26,55.87,54.28,54.69,4163454,0.0
2019-10-01,54.53,54.62,52.73,52.84,4157303,0.0
2019-10-02,52.83,53.0451,51.57,52.6,3104158,0.0
2019-10-03,52.74,53.06,52.06,52.98,6676871,0.0
2019-10-06,52.83,53.12,52.57,52.76,5384902,0.0
2019-10-07,52.35,52.75,51.86,52.09,7054249,0.0
2019-10-08,52.61,52.73,52.025,52.08,8495837,0.0
2019-10-09,52.24,53.27,52.2393,52.93,6058582,0.0
2019-10-10,53.45,54.6,53.45,53.97,7342169,0.0
2019-10-13,53.61,53.94,53.17,53.66,4240151,0.0
2019-10-14,53.76,54.85,53.73,54.51,6157146,0.0
2019-10-15,54.48,55.2,54.26,54.66,5218833,0.0
2019-10-16,54.98,56.1,54.7765,55.94,8599422,0.0
2019-10-17,56.02,56.17,55.27,55.28,8465551,0.0
2019-10-20,55.24,55.5,54.28,54.6,4318470,0.0
2019-10-21,54.88,55.51,54.52,55.3,3303309,0.0
2019-10-22,53.86,54.685,53.55,54.56,4031413,0.0
2019-10-23,54.59,55.06,53.83,54.45,3010966,0.0
2019-10-24,54.2,55.57,54.02,55.43,4320952,0.0
2019-10-27,56.04,56.45,54.93,55.8,7399084,0.0
2019-10-28,55.55,56.805,54.84,56.28,5366431,0.0
2019-10-29,56.15,56.58,55.21,55.86,3326776,0.0
2019-10-30,55.88,55.88,53.995,54.79,5328672,0.0
2019-10-31,55.08,57.71,55.01,57.37,7438424,0.0
2019-11-03,57.9,60,57.8806,59.66,9953934,0.0
2019-11-04,59.99,64.5,59.12,61.21,26785740,0.0
2019-11-05,61.69,61.7,58.54,59.49,12641867,0.0
2019-11-06,59.82,60.795,58.56,58.62,7412539,0.0
2019-11-07,58.73,59.48,58.08,59.24,5033788,0.0
2019-11-10,62.64,63.24,61.21,62.26,22428044,0.0
2019-11-11,62.3,62.85,61.51,62.73,6514298,0.0
2019-11-12,62.63,62.82,61.78,62.27,4460641,0.0
2019-11-13,62.3,62.66,61.62,61.94,3738540,0.0
2019-11-14,61.88,62.88,61.81,62.14,4958267,0.0
2019-11-17,62.07,62.38,61.71,61.92,2939120,0.0
2019-11-18,62.16,62.16,61.1,61.46,3313059,0.0
2019-11-19,61.21,61.53,60.68,61.37,3396754,0.0
2019-11-20,61.36,61.4116,60.46,60.6,3301730,0.0
2019-11-21,60.94,61.2724,60.41,60.6,3224551,0.0
2019-11-24,60.69,61.05,60.56,60.68,3323385,0.0
2019-11-25,60.42,60.54,58.94,59.62,5485741,0.0
2019-11-26,59.79,60.17,59.25,60.14,2691650,0.0
2019-11-28,59.96,59.99,59.45,59.6,1706450,0.0
2019-12-01,59.3,59.5,58.46,59.28,4861989,0.0
2019-12-02,58.8,59.075,57.73,59.01,3790022,0.0
2019-12-03,59.71,59.82,58.65,58.92,2931336,0.0
2019-12-04,59.06,59.31,58.47,59.13,2281874,0.0
2019-12-05,59.38,59.92,58.59,58.64,2864448,0.0
2019-12-08,58.53,59.0722,58.31,58.71,1984242,0.0
2019-12-09,58.85,58.9,58.25,58.42,2628325,0.0
2019-12-10,58.15,58.44,57.76,58,2562209,0.0
2019-12-11,58.38,59.28,58.14,58.56,2724572,0.0
2019-12-12,58.51,58.81,57.685,57.88,3294687,0.0
2019-12-15,58.18,58.77,57.78,57.785,3588490,0.0
2019-12-16,57.86,58,56.76,57.1,4513979,0.0
2019-12-17,57.23,57.51,56.93,57.2,2929318,0.0
2019-12-18,57.55,58.82,57.34,57.76,3736446,0.0
2019-12-19,58.33,58.98,57.76,58.39,6016088,0.0
2019-12-22,58.71,59,58.42,58.55,3180131,0.0
2019-12-23,58.9,58.92,58.275,58.37,1395645,0.0
2019-12-25,58.34,59.02,58.3,58.89,2205072,0.0
2019-12-26,58.92,59.03,58.38,59.02,2457092,0.0
2019-12-29,59.09,59.6,58.81,58.91,2644557,0.0
2019-12-30,58.82,59.47,58.81,58.96,2489002,0.0
2020-01-01,59.28,59.59,58.6962,59.08,3980495,0.0
2020-01-02,58.54,59.35,58.18,59.09,3776880,0.0
2020-01-05,59.04,59.78,58.475,59.57,5133944,0.0
2020-01-06,59.09,59.48,58.62,59.27,3517461,0.0
2020-01-07,56.05,56.8,54.91,55.84,15827826,0.0
2020-01-08,55.79,56.09,54.615,54.69,7514480,0.0
2020-01-09,54.74,54.88,54.06,54.22,5605337,0.0
2020-01-12,54.2,54.66,53.98,54.07,4087406,0.0
2020-01-13,54.04,54.71,53.82,54.62,3490099,0.0
2020-01-14,54.54,54.7,54.08,54.41,3145815,0.0
2020-01-15,54.44,54.63,54.18,54.43,3520667,0.0
2020-01-16,54.69,54.79,54.32,54.41,4288416,0.0
2020-01-20,54.31,54.39,53.46,53.86,9729544,0.0
2020-01-21,53.73,54.04,53.4,53.42,5844574,0.0
2020-01-22,53.34,53.6,52.81,53.29,7505172,0.0
2020-01-23,53.32,53.3699,51.8945,52.03,11704722,0.0
2020-01-26,51.55,52.59,51.54,52.23,3932762,0.0
2020-01-27,52.45,52.98,52.175,52.78,3853075,0.0
2020-01-28,52.82,52.94,52.27,52.28,2938653,0.0
2020-01-29,52.04,52.1274,51.18,51.95,3394638,0.0
2020-01-30,51.71,51.915,50.66,50.81,4917714,0.0
2020-02-02,51.04,51.485,50.92,50.95,4090918,0.0
2020-02-03,51.56,52.425,51.335,52.36,4129021,0.0
2020-02-04,52.85,53.65,52.57,52.99,4651331,0.0
2020-02-05,53.51,54.245,53.17,53.49,3962773,0.0
2020-02-06,53.28,53.69,52.98,53.24,2914501,0.0
2020-02-09,53.29,54.06,53.1,53.41,3453389,0.0
2020-02-10,53.54,53.56,52.85,52.98,3600195,0.0
2020-02-11,53.42,54.53,53.12,54.47,4574274,0.0
2020-02-12,54.31,54.47,53.45,53.58,3046591,0.0
2020-02-13,53.72,53.79,52.74,52.86,4531419,0.0
2020-02-17,52.41,52.7,51.725,51.85,3679409,0.0
2020-02-18,51.82,52.09,51.49,52.07,2888141,0.0
2020-02-19,52.07,52.34,51.5,51.855,2968619,0.0
2020-02-20,51.86,52.0196,51.27,51.42,3815419,0.0
2020-02-23,50.78,51.33,49.01,49.02,6638358,0.0
2020-02-24,49.35,49.39,47.24,47.52,5373139,0.0
2020-02-25,48.2,49,47.63,47.65,6420205,0.0
2020-02-26,46.95,47.82,45.55,46.23,8197032,0.0
2020-02-27,45.16,45.89,44.61,45.86,10221103,0.0
2020-03-01,45.92,48.18,45.47,48.16,8165997,0.0
2020-03-02,47.5,49.23,45.74,46.15,8005978,0.0
2020-03-03,47.15,48.74,46.82,48.69,6036604,0.0
2020-03-04,47.25,48.97,47.13,48.77,5846539,0.0
2020-03-05,47.25,50.84,47.18,50.51,21479476,0.0
2020-03-08,48.29,50.78,48.01,48.42,10878896,0.0
2020-03-09,49.49,50.49,46.85,49.21,9347725,0.0
2020-03-10,48.23,48.66,45.47,46.07,7378713,0.0
2020-03-11,43.81,43.93,40.5155,41.0101,9395656,0.0
2020-03-12,42.72,46.31,41.346,46.19,9441043,0.0
2020-03-15,41.84,48.025,41.5,45.07,18767546,0.0
2020-03-16,46.19,49.6,43.51,49.59,7820800,0.0
2020-03-17,47.34,53,46.85,52.95,26195702,0.0
2020-03-18,52.71,54.23,46.58,48.54,9216059,0.0
2020-03-19,48.4,48.61,44.6,46.42,9962603,0.0
2020-03-22,46.56,47.71,43.19,43.57,7299254,0.0
2020-03-23,45.02,45.94,43.69,45.26,7834201,0.0
2020-03-24,44.45,45.451,41.31,41.435,8851001,0.0
2020-03-25,41.74,45.85,41,45.67,9081378,0.0
2020-03-26,44.52,45.53,43.83,43.99,5049352,0.0
2020-03-29,44.585,45.65,44.431,45.14,5340141,0.0
2020-03-30,45.27,47.47,44.74,45.72,6775223,0.0
2020-03-31,45.07,46.4,42.61,42.94,5738519,0.0
2020-04-01,40.17,41.385,39.405,40.31,17114322,0.0
2020-04-02,40.25,41.1,39.75,40.71,5699920,0.0
2020-04-05,41.9,42.65,41.19,42.56,18035316,0.0
2020-04-06,43.39,44.28,42.51,42.8,5292906,0.0
2020-04-07,43.2,43.58,42.13,43.09,10839470,0.0
2020-04-08,43.15,44.4186,43.09,43.98,6138456,0.0
2020-04-12,43.7858,44.83,43.45,44.1,3809747,0.0
2020-04-13,44.88,46.45,44.8,46.39,11067386,0.0
2020-04-14,45.56,45.8,43.285,43.44,10682413,0.0
2020-04-15,43.37,44.08,42.39,43.24,15446150,0.0
2020-04-16,44.3755,44.67,43.74,44.49,8654199,0.0
2020-04-19,44.16,44.54,42.69,42.8,10002778,0.0
2020-04-20,42.04,42.73,41.71,42.56,13279385,0.0
2020-04-21,42.9,43.42,42.57,43.285,8962431,0.0
2020-04-22,43.13,44.42,43.13,43.5,11004465,0.0
2020-04-23,43.69,44.028,43,43.72,6406730,0.0
2020-04-26,43.78,44.54,43.69,44.43,15890228,0.0
2020-04-27,45.27,45.64,44.01,44.67,4958388,0.0
2020-04-28,45.03,45.5996,44.17,45.36,3691205,0.0
2020-04-29,45.19,45.21,43.22,43.29,10505954,0.0
2020-04-30,42.77,43.1,41.4,41.67,6034932,0.0
2020-05-03,41.7,42.82,41.22,42.45,12802576,0.0
2020-05-04,43.5,43.53,41.86,42.01,6681721,0.0
2020-05-05,42.3,42.31,41.06,41.2,9074235,0.0
2020-05-06,41.5607,41.87,40.41,40.67,6213526,0.0
2020-05-07,41.2385,41.797,40.88,41.67,10177274,0.0
2020-05-10,41.78,41.9,41.225,41.7,8595912,0.0
2020-05-11,41.97,42.18,40.52,40.54,5209949,0.0
2020-05-12,40.31,40.48,38.015,38.33,10827274,0.0
2020-05-13,38.1855,39.02,36.65,38.84,12004935,0.0
2020-05-14,38.31,38.48,37.499,38.39,19881556,0.0
2020-05-17,39.69,40.97,39.44,40.86,8032179,0.0
2020-05-18,40.6,40.92,39.74,39.76,4629174,0.0
2020-05-19,40.17,40.59,39.98,40.15,7956592,0.0
2020-05-20,40,40.76,39.66,39.77,7897760,0.0
2020-05-21,39.63,40.07,39.339,39.63,5794172,0.0
2020-05-25,40.43,42.47,40.34,42.16,6899417,0.0
2020-05-26,42.78,43.6974,42.19,42.98,6968559,0.0
2020-05-27,43.44,43.44,41.74,41.84,5173967,0.0
2020-05-28,41.54,42.97,41.23,42.94,5199890,0.0
2020-05-31,42.7063,43.48,42.6,43.3,5169725,0.0
2020-06-01,43.1858,43.87,43.13,43.53,3537326,0.0
2020-06-02,43.97,44.41,43.45,43.59,8044358,0.0
2020-06-03,43.1,44.365,42.77,44.2,4407717,0.0
2020-06-04,45.2,46.37,44.84,45.35,5964709,0.0
2020-06-07,45.49,47.375,45.49,47.01,12584842,0.0
2020-06-08,46.58,46.6346,44.97,45.28,8492120,0.0
2020-06-09,45.52,45.65,44.22,44.28,3770219,0.0
2020-06-10,43.18,43.2,40.73,40.76,13449194,0.0
2020-06-11,41.8588,42.6,41.28,41.32,1281101,0.0
2020-06-14,40.4572,41.98,39.83,41.48,4606646,0.0
2020-06-15,42.49,42.95,41.145,42.14,9103419,0.0
2020-06-16,42.3,42.77,41.82,42.16,3556122,0.0
2020-06-17,41.68,42.45,41.38,41.98,5247722,0.0
2020-06-18,42.48,44.5,42.2,44.05,7636577,0.0
2020-06-21,43.55,43.72,42.76,43.23,4529730,0.0
2020-06-22,43.99,44.23,42.72,42.81,4354442,0.0
2020-06-23,42.68,42.68,40.85,41.17,5267582,0.0
2020-06-24,41.12,42.2731,40.72,42.02,6015479,0.0
2020-06-25,41.87,41.93,40.75,41.19,4291637,0.0
2020-06-28,41.44,42.64,41.38,42.31,4482251,0.0
2020-06-29,42.12,42.58,41.76,42.38,3416130,0.0
2020-06-30,42.15,42.77,40.75,40.87,6522208,0.0
2020-07-01,41.31,42.33,41.255,41.97,6486045,0.0
