Date,Open,High,Low,Close,Volume,OpenInterest
2016-07-13,80.35,80.71,79.42,79.95,1207067,0.0
2016-07-14,80,80,78.31,78.83,1176029,0.0
2016-07-17,78.58,78.96,78.25,78.45,777371,0.0
2016-07-18,78.28,79.2,77.831,78.96,758469,0.0
2016-07-19,78.2,80.5,77.8,79.83,975682,0.0
2016-07-20,79.6,80.3,77.9,78.19,669884,0.0
2016-07-21,78.77,80.17,78.05,79.98,600011,0.0
2016-07-24,79.99,81,79.37,80.03,688802,0.0
2016-07-25,79.99,80.24,79.27,80.12,694069,0.0
2016-07-26,80.55,81.67,80.395,81.24,1133105,0.0
2016-07-27,83.62,85,82.86,83.08,2161052,0.0
2016-07-28,82.72,83.5,80.811,83.34,1236268,0.0
2016-07-31,83.34,83.39,82.16,82.74,615892,0.0
2016-08-01,82.54,82.65,79.62,80.39,1002749,0.0
2016-08-02,79.8,82.06,79.43,82.06,566298,0.0
2016-08-03,81.78,82.72,81.78,82.33,516749,0.0
2016-08-04,82.51,83.2,82.51,83.09,381059,0.0
2016-08-07,83.09,83.45,82.445,82.62,412041,0.0
2016-08-08,83.04,83.28,82.74,83.05,719414,0.0
2016-08-09,83,83.05,81.63,82.53,670092,0.0
2016-08-10,83,83.88,82.43,83.64,565773,0.0
2016-08-11,83.55,83.939,83.14,83.49,338139,0.0
2016-08-14,84.46,84.48,82.73,83.65,937690,0.0
2016-08-15,83.17,83.46,81.69,82.26,1126519,0.0
2016-08-16,82.25,82.68,80.35,80.68,1290031,0.0
2016-08-17,80.67,81.92,79.82,81.37,1036178,0.0
2016-08-18,81,82.45,79.97,82.08,990486,0.0
2016-08-21,79.39,79.98,78.34,79.21,1939373,0.0
2016-08-22,80.11,81.15,79.79,79.92,1868200,0.0
2016-08-23,80.44,81.3999,79.07,79.66,2278689,0.0
2016-08-24,85.36,85.96,79.65,85.27,8405338,0.0
2016-08-25,84.8,84.83,82.13,83.08,2538913,0.0
2016-08-28,83.25,83.75,82.82,83.37,861893,0.0
2016-08-29,83.19,85,83.18,85,1084614,0.0
2016-08-30,84.79,85.1,84.27,84.78,1017176,0.0
2016-08-31,84.0462,87.94,84,87.9,3019105,0.0
2016-09-01,87.29,89.4,86.85,88.99,2097281,0.0
2016-09-05,89.34,90.3,88.98,90.09,1776067,0.0
2016-09-06,89.98,90.73,88.885,89.38,1296403,0.0
2016-09-07,88.84,89.7,88.43,88.74,1130865,0.0
2016-09-08,88.07,88.62,86.7,87.23,1259791,0.0
2016-09-11,86.41,87.86,86.03,87.67,1169344,0.0
2016-09-12,87,87.51,85.37,86.67,1274520,0.0
2016-09-13,86.44,87.38,85.86,86.77,1139959,0.0
2016-09-14,86.94,88.94,86.46,88.52,1182568,0.0
2016-09-15,87.7,89.06,86.99,88.93,1150444,0.0
2016-09-18,89.11,90.15,88.37,88.65,1129939,0.0
2016-09-19,89.23,89.62,88.12,88.7,759719,0.0
2016-09-20,89.36,90.73,88.81,90.51,777376,0.0
2016-09-21,89.98,90.88,89.97,90.27,801391,0.0
2016-09-22,90.28,90.28,89.27,89.515,600835,0.0
2016-09-25,89,89,87.82,88.32,1131984,0.0
2016-09-26,88.32,89.86,88.01,89.8,863380,0.0
2016-09-27,90.58,90.95,89.265,90.87,1391578,0.0
2016-09-28,90.7,91.39,90.21,90.36,1148369,0.0
2016-09-29,91,92.46,90.7,91.68,1184440,0.0
2016-10-02,91.56,92.11,90.25,91.17,764612,0.0
2016-10-03,91.18,91.75,90.22,90.5,719577,0.0
2016-10-04,90.79,92.5,90.61,91.99,1100566,0.0
2016-10-05,92.79,93,91.0901,91.57,1102366,0.0
2016-10-06,91.13,91.62,90.135,91.04,534559,0.0
2016-10-09,91.45,93.35,91.45,91.78,703563,0.0
2016-10-10,91.46,91.6,87.85,88.27,1126129,0.0
2016-10-11,87.94,88.27,87.02,87.62,717038,0.0
2016-10-12,86.9,87.56,86.24,87.14,772004,0.0
2016-10-13,87.95,89.09,86.77,87,874868,0.0
2016-10-16,87.01,87.44,85.93,86.09,611705,0.0
2016-10-17,87.38,87.72,86.47,86.55,768111,0.0
2016-10-18,87.02,87.94,86.6401,87.3,617362,0.0
2016-10-19,86.85,88.29,86.8,88.07,602968,0.0
2016-10-20,87.82,88.51,87.09,88.47,458442,0.0
2016-10-23,89.07,89.35,88.29,88.55,725024,0.0
2016-10-24,88.36,88.84,87.52,87.7,664387,0.0
2016-10-25,87.14,87.75,86.31,86.7,671338,0.0
2016-10-26,87.9,88.49,85.51,85.81,944590,0.0
2016-10-27,85.92,87.39,85.92,86.2,573538,0.0
2016-10-30,86.58,87.05,85.53,86.68,886566,0.0
2016-10-31,87.22,87.26,84.37,84.95,772296,0.0
2016-11-01,84.09,84.93,82.38,83.08,932819,0.0
2016-11-02,83.1,83.82,82.63,82.97,494989,0.0
2016-11-03,83.06,83.78,82.3,82.77,528583,0.0
2016-11-06,84.28,86.15,84.1,85.61,566502,0.0
2016-11-07,85.09,86.76,84.67,85.67,608314,0.0
2016-11-08,83.75,86.59,83.75,84.99,887756,0.0
2016-11-09,85.38,86.78,81.26,82.08,1582989,0.0
2016-11-10,82,83.03,81.47,82.63,1056951,0.0
2016-11-13,83.07,83.34,80.43,80.54,1676841,0.0
2016-11-14,81.01,82.295,80.34,81.36,1299755,0.0
2016-11-15,80.14,81.73,78.05,80.93,1622758,0.0
2016-11-16,80.92,83.39,80.83,83.12,729526,0.0
2016-11-17,83.82,84.61,82.4801,82.73,1001363,0.0
2016-11-20,82.72,84.14,82.33,83.83,834612,0.0
2016-11-21,83.02,83.835,81.56,83.16,1296895,0.0
2016-11-22,82.77,83.3,82.31,83.14,666188,0.0
2016-11-24,83.42,84.11,83,83.61,428089,0.0
2016-11-27,83.61,84.39,83.14,83.18,937701,0.0
2016-11-28,83.36,84.58,83,84.03,1213015,0.0
2016-11-29,84.93,85.98,83.92,84.32,1255903,0.0
2016-11-30,84.43,84.84,79.88,81.5896,3337103,0.0
2016-12-01,68.92,74.3096,67.03,71.4,20306474,0.0
2016-12-04,71.45,74.35,71.4,73.675,5519251,0.0
2016-12-05,73.85,73.85,72.05,73.5,2111920,0.0
2016-12-06,73.06,73.38,72.075,72.71,1724197,0.0
2016-12-07,72.86,73.2,71.44,71.82,1823356,0.0
2016-12-08,71.99,72.41,70.06,70.635,2207054,0.0
2016-12-11,70.6,71.02,69.7,70.02,2077013,0.0
2016-12-12,70.4,71.59,70.09,70.57,1607887,0.0
2016-12-13,70.6,70.77,68.51,68.91,1763368,0.0
2016-12-14,68.92,69.63,68.5315,69.42,1748531,0.0
2016-12-15,68.17,69.54,68.17,68.98,1297960,0.0
2016-12-18,68.82,69.43,68.67,69.14,1552660,0.0
2016-12-19,69.38,69.38,68.01,68.64,1646167,0.0
2016-12-20,68.58,68.85,67.36,67.95,1199029,0.0
2016-12-21,67.98,68.32,66.11,66.54,1692934,0.0
2016-12-22,66.69,67.49,66.61,67.46,1039951,0.0
2016-12-26,67.86,68.48,67.56,68.1,1228665,0.0
2016-12-27,68.05,68.11,66.68,66.94,1334067,0.0
2016-12-28,66.7,67.29,66.57,67.03,859239,0.0
2016-12-29,67.28,67.28,65.79,66.09,735697,0.0
2017-01-02,66.75,69.1,66.75,68.39,1207148,0.0
2017-01-03,68.67,71.45,68.67,71.36,2142310,0.0
2017-01-04,71.38,72.42,70.93,72.28,2182858,0.0
2017-01-05,72.59,73.95,71.56,73.86,1637239,0.0
2017-01-08,73.9,74.78,72.97,74.75,1759100,0.0
2017-01-09,74.85,75,73.31,74.35,1095208,0.0
2017-01-10,76.7,81.77,76.5,81.71,6978945,0.0
2017-01-11,80.51,80.91,78.16,80.13,2425418,0.0
2017-01-12,80.13,81.16,79.91,80.89,1113003,0.0
2017-01-16,80.95,81.07,79.11,80.99,1823026,0.0
2017-01-17,81.12,82.24,80.38,82.11,1584479,0.0
2017-01-18,82.25,82.97,81.56,82.05,1002817,0.0
2017-01-19,81.7,82.47,80.75,81.83,1019523,0.0
2017-01-22,82,82.23,81.38,82.07,849546,0.0
2017-01-23,82.56,82.97,82.08,82.61,802459,0.0
2017-01-24,83.68,85.18,83.52,84.73,1019740,0.0
2017-01-25,85.16,85.91,83.64,84.09,736515,0.0
2017-01-26,84.61,85.2,84.29,84.75,640997,0.0
2017-01-29,84.19,84.19,81.39,82.69,1569664,0.0
2017-01-30,82.73,83.25,81.3,83.08,1000152,0.0
2017-01-31,83.92,84.415,81.5,82.34,1073606,0.0
2017-02-01,82.49,83.25,81.46,82.65,1323142,0.0
2017-02-02,83.5,84.57,83.36,84.39,1023582,0.0
2017-02-05,83.86,85.44,83.65,85.35,959746,0.0
2017-02-06,87.95,88,85.93,86.055,1953995,0.0
2017-02-07,85.9,87,85.71,85.83,826924,0.0
2017-02-08,85.89,86.645,85.7,86,1176939,0.0
2017-02-09,86,86.4,85.1,85.51,1017455,0.0
2017-02-12,85.6,86.26,85.21,85.42,1349394,0.0
2017-02-13,85.3,86.25,85.05,86.23,610335,0.0
2017-02-14,86.14,87.15,85.37,87.085,909919,0.0
2017-02-15,87.16,87.87,84.8,85.5,1505526,0.0
2017-02-16,87.43,89.45,86.72,88.45,1645715,0.0
2017-02-20,88.4,88.77,87.93,88.63,901299,0.0
2017-02-21,88.16,88.63,87.91,88.24,480345,0.0
2017-02-22,88.4,88.83,87.32,88.17,1380004,0.0
2017-02-23,87.35,89.76,87.35,89.6,1929283,0.0
2017-02-26,89.62,92.46,89.23,90.13,5502302,0.0
2017-02-27,82.2,85.3,82.2,82.92,6257256,0.0
2017-02-28,83.4,85.4,81.59,84.94,4053939,0.0
2017-03-01,84.95,85.48,83.93,83.99,1408828,0.0
2017-03-02,83.97,84.45,83.49,83.94,1027055,0.0
2017-03-05,83.55,83.58,82.3,82.69,1333014,0.0
2017-03-06,82.72,83.49,82.19,82.8,1137123,0.0
2017-03-07,83.08,83.63,82.61,82.89,819179,0.0
2017-03-08,82.87,83.25,81.66,82.24,687752,0.0
2017-03-09,82.86,83,82.11,82.64,1105911,0.0
2017-03-12,82.86,84.57,82.82,84.4899,1405701,0.0
2017-03-13,83.94,84.48,82.63,83.99,726679,0.0
2017-03-14,84.11,84.11,82.19,83.6,1071821,0.0
2017-03-15,83.82,85.41,83.5,85.04,950094,0.0
2017-03-16,85.04,86.32,84.84,84.95,1299447,0.0
2017-03-19,85.32,86.25,84.79,85.5,724768,0.0
2017-03-20,85.83,86.19,81.6,81.82,1207580,0.0
2017-03-21,81.93,82.49,80.61,81.46,1460212,0.0
2017-03-22,81.82,81.93,81,81.46,1007479,0.0
2017-03-23,81.84,83.8679,81.69,82.95,1000085,0.0
2017-03-26,81.86,83.37,81.31,82.95,709887,0.0
2017-03-27,82.92,84.18,82.4,83.79,454549,0.0
2017-03-28,83.81,84.9,83.27,84.59,743401,0.0
2017-03-29,84.31,84.83,83.64,83.7,431008,0.0
2017-03-30,83.85,84,83.28,83.28,476958,0.0
2017-04-02,83.27,83.52,81.36,82.33,991637,0.0
2017-04-03,81.97,83.365,81.97,82.29,455118,0.0
2017-04-04,82.58,84.34,82.34,82.41,865219,0.0
2017-04-05,82.43,83.34,81.98,82.99,585822,0.0
2017-04-06,83,83.255,82.3,82.53,508686,0.0
2017-04-09,82.48,82.734,81.73,81.83,767457,0.0
2017-04-10,81.72,82.02,80.76,81.32,1144052,0.0
2017-04-11,82.55,85.71,82.48,83.45,2563918,0.0
2017-04-12,83.12,84.52,83.1,83.6,1028558,0.0
2017-04-16,83.52,84.115,82.57,83.76,1570505,0.0
2017-04-17,83.04,83.81,82.85,83.69,860964,0.0
2017-04-18,83.8,84.9325,83.8,84.36,1048327,0.0
2017-04-19,84.52,85.94,84.28,85.8,793125,0.0
2017-04-20,85.74,85.91,84.91,85.02,915369,0.0
2017-04-23,85.66,87.08,85.46,86.88,755637,0.0
2017-04-24,87.25,88.43,86.87,86.87,956679,0.0
2017-04-25,86.97,86.97,86.03,86.6,451276,0.0
2017-04-26,86.69,87.54,86.25,86.84,597671,0.0
2017-04-27,86.85,87.78,86.31,87.4,599643,0.0
2017-04-30,87.62,88.87,87.09,88.66,779956,0.0
2017-05-01,88.65,89.73,87.9,89.35,999586,0.0
2017-05-02,89.17,89.41,88.431,89.25,717397,0.0
2017-05-03,89.31,91.52,89.2,90.66,1639170,0.0
2017-05-04,90.6,92,90.34,91.89,1403412,0.0
2017-05-07,91.45,91.91,90.215,90.29,1026222,0.0
2017-05-08,90.41,90.41,89.66,89.78,988972,0.0
2017-05-09,90.34,90.4899,89.6,90.14,599462,0.0
2017-05-10,90.07,90.07,88.64,89.06,989915,0.0
2017-05-11,89.34,91.23,88.8,90.89,897361,0.0
2017-05-14,92,96.03,91.76,95.74,2971993,0.0
2017-05-15,95.58,96.8008,95.1,96.57,1499681,0.0
2017-05-16,95.73,96.29,93.48,93.76,1199261,0.0
2017-05-17,93.35,95.55,92.95,95.43,1550079,0.0
2017-05-18,96.12,99.48,95.77,97.84,1949702,0.0
2017-05-21,98.12,100.4025,98.08,99.5,1176880,0.0
2017-05-22,99.51,99.91,97.93,98.46,1240466,0.0
2017-05-23,99,99.5,98.05,99.43,554418,0.0
2017-05-24,100,101.33,99.52,100.5,851229,0.0
2017-05-25,100,100.73,99.1,100,1794913,0.0
2017-05-29,100,101.07,99,99.31,1302237,0.0
2017-05-30,99.57,100.85,99.01,100.01,2184445,0.0
2017-05-31,100.12,101.61,99.57,101.51,3111008,0.0
2017-06-01,99.27,104.53,99.2,104.4,4192216,0.0
2017-06-04,102.85,103.9,102.38,102.86,2244360,0.0
2017-06-05,102.76,103.81,102.37,102.65,1176022,0.0
2017-06-06,103,103.09,101.39,102.49,1392086,0.0
2017-06-07,102.35,103,101.3239,102.9,1111307,0.0
2017-06-08,102.96,104.2,96.51,98.04,2682177,0.0
2017-06-11,96.55,98.81,92.7948,97.36,3071506,0.0
2017-06-12,98.43,100.34,97.5,98.64,1010419,0.0
2017-06-13,99.6,100.38,97.29,98.58,1291340,0.0
2017-06-14,97.09,99.19,96.3,98.3,1354506,0.0
2017-06-15,98.17,99.39,97.46,98.34,885390,0.0
2017-06-18,99.08,100.66,98.58,100.21,844291,0.0
2017-06-19,100.15,100.82,98.72,98.91,655960,0.0
2017-06-20,99.71,102.31,99.4,102.27,1048255,0.0
2017-06-21,102.29,103.38,101.2,102.84,1150476,0.0
2017-06-22,102.91,104.315,102.81,103.36,698299,0.0
2017-06-25,103.68,104.8,101.63,102.24,944023,0.0
2017-06-26,101.93,102.46,98.21,98.35,1764499,0.0
2017-06-27,99.16,99.3,96.63,98.87,1620860,0.0
2017-06-28,98.57,98.714,95.79,96.47,1212717,0.0
2017-06-29,97.1,98.25,96.04,97,680087,0.0
2017-07-02,97.75,97.82,94.4,95.62,412468,0.0
2017-07-04,95.67,97.51,95.6,96.94,672130,0.0
2017-07-05,95.98,96.96,95.432,95.64,459743,0.0
2017-07-06,96.42,97.77,95.905,97.1,930803,0.0
2017-07-09,97.45,98.68,96.87,98.41,726459,0.0
2017-07-10,98.05,99.7795,97.7501,99.37,786220,0.0
2017-07-11,100.45,103.31,100.08,102.99,2061031,0.0
2017-07-12,103.68,104.11,102.0709,102.22,891368,0.0
2017-07-13,102.74,104.6393,102.65,103.78,877604,0.0
2017-07-16,103.78,104,101.95,102.9,1207166,0.0
2017-07-17,102.14,103.0448,101.81,102.54,637659,0.0
2017-07-18,102.92,103.35,102.23,102.69,616463,0.0
2017-07-19,102.75,103.51,101.73,103.14,558318,0.0
2017-07-20,102.52,103.32,102,102.59,401070,0.0
2017-07-23,102.75,103.9,102.35,103.65,568577,0.0
2017-07-24,103.64,104.32,102.77,103.88,412489,0.0
2017-07-25,104.44,106.26,104.06,105.21,711616,0.0
2017-07-26,105.66,106.75,101.011,102.68,907488,0.0
2017-07-27,102.3,103.98,101.85,103.21,546406,0.0
2017-07-30,103.36,103.6672,101.23,102.08,451030,0.0
2017-07-31,103.13,103.6249,102.2,103.5,472205,0.0
2017-08-01,104,104,98.2,100.12,1195879,0.0
2017-08-02,100.29,101.22,99.21,100.93,719854,0.0
2017-08-03,101,102.18,100.805,101.17,630032,0.0
2017-08-06,101.03,101.99,100.31,100.79,517449,0.0
2017-08-07,100.54,101.94,99.1,101.03,861605,0.0
2017-08-08,100.19,101.92,99.615,101.16,380276,0.0
2017-08-09,100.17,100.63,96.83,98.14,1216678,0.0
2017-08-10,98.17,99.96,98.08,99.43,495581,0.0
2017-08-13,100.59,102.78,100.08,102.37,492965,0.0
2017-08-14,102.55,102.55,101.13,101.91,599042,0.0
2017-08-15,102.12,106.59,102.12,106.21,1221851,0.0
2017-08-16,105.71,106.19,102.76,102.94,745627,0.0
2017-08-17,102.72,103.33,101.26,101.43,1399503,0.0
2017-08-20,101.44,102.44,100.785,101.31,800554,0.0
2017-08-21,102.2,105.1,101.57,104.89,1018418,0.0
2017-08-22,103.74,106,103.59,103.78,962144,0.0
2017-08-23,104.33,105.28,104.02,104.39,504219,0.0
2017-08-24,105.4,105.6,103.21,103.56,546569,0.0
2017-08-27,104.02,104.31,102.45,103.5,920983,0.0
2017-08-28,102.61,105.14,102.445,104.42,883211,0.0
2017-08-29,104.28,107.88,104.17,107.521,2508372,0.0
2017-08-30,109.44,111.45,107.21,109.7,3606682,0.0
2017-08-31,109.6,109.69,108.11,108.83,1499677,0.0
2017-09-04,108.05,108.4199,106.11,108.2,1290608,0.0
2017-09-05,108.16,108.9699,106.17,108.42,1146233,0.0
2017-09-06,109.09,110.33,108.32,109.82,1400671,0.0
2017-09-07,109.75,110.95,107.71,107.9,1090345,0.0
2017-09-10,108.97,109.28,107.75,108.265,1268880,0.0
2017-09-11,108.3,109.25,105.3,106.98,2020111,0.0
2017-09-12,107.29,107.87,106.62,106.99,2376698,0.0
2017-09-13,106.6,106.8,105.12,105.54,1158053,0.0
2017-09-14,105.61,105.97,103.75,105.05,1464034,0.0
2017-09-17,104.97,106.91,104.97,106.56,1162503,0.0
2017-09-18,106.82,107.25,105.82,106.28,1023126,0.0
2017-09-19,105.79,106.1245,103.875,104.99,1026154,0.0
2017-09-20,104.57,104.83,102.6,103.83,1243759,0.0
2017-09-21,103.38,104.52,103.25,103.83,930567,0.0
2017-09-24,103.96,104.24,99.8,100.15,2098847,0.0
2017-09-25,100.92,101.47,98.46,99.8,1912957,0.0
2017-09-26,100.27,101.4,99.7,100.76,1596767,0.0
2017-09-27,100.47,101.97,99.95,101.82,958852,0.0
2017-09-28,102.19,105.66,102.09,105.41,1731265,0.0
2017-10-01,105.3,105.849,102.78,103.32,1137167,0.0
2017-10-02,103.19,105.28,103.161,104.51,835401,0.0
2017-10-03,104.95,105.59,103.69,105.27,581369,0.0
2017-10-04,105.91,107.53,104.995,107.02,1038953,0.0
2017-10-05,106.7,110.59,106.231,110.24,1742544,0.0
2017-10-08,110.23,110.23,108.06,108.74,1149069,0.0
2017-10-09,109.63,110.17,107.56,108.3,985516,0.0
2017-10-10,108.18,109.53,106.28,108.51,1265254,0.0
2017-10-11,108.46,109.04,107.19,108.65,774532,0.0
2017-10-12,108.65,109.74,108.09,109.33,1244781,0.0
2017-10-15,109.36,110.29,106.87,107.26,1260215,0.0
2017-10-16,106.8,107.81,106.23,107.63,571454,0.0
2017-10-17,107.51,107.78,105.89,107.18,877095,0.0
2017-10-18,106.79,107.58,105.403,106.79,699241,0.0
2017-10-19,107.01,109.43,106.82,108.52,665514,0.0
2017-10-22,109.22,109.22,107.33,107.75,586969,0.0
2017-10-23,108.1,108.27,106.79,107.17,607072,0.0
2017-10-24,107.19,107.91,104.512,105.81,1063339,0.0
2017-10-25,104.74,107.68,104.56,107.1201,532119,0.0
2017-10-26,108.02,109.55,107.11,108.52,737431,0.0
2017-10-29,108.6,109.26,107.695,108.43,746260,0.0
2017-10-30,108.12,111.83,107.895,110.9401,1433342,0.0
2017-10-31,111.94,111.94,108.55,110.31,859343,0.0
2017-11-01,109.92,111.66,109.18,110.59,494572,0.0
2017-11-02,107.66,110.93,107.44,109.73,876920,0.0
2017-11-05,110,110.6,108.3,108.34,651423,0.0
2017-11-06,108.25,108.98,107.57,108.57,525915,0.0
2017-11-07,108.14,111.87,107.77,110.8803,917544,0.0
2017-11-08,108.42,109.36,104.5,106.17,1570998,0.0
2017-11-09,105.79,107.5,104.85,107.31,844878,0.0
2017-11-12,106.58,106.99,105.51,106.14,592391,0.0
2017-11-13,106.04,107.55,105.55,107.45,549281,0.0
2017-11-14,106.59,107.35,105.26,106.69,517751,0.0
2017-11-15,107.04,109.79,106.98,109.34,754303,0.0
2017-11-16,110,112.8,109.84,111.68,1532525,0.0
2017-11-19,111.89,114.12,111.43,113.85,1219447,0.0
2017-11-20,113.96,116.32,113.6,115.21,1120935,0.0
2017-11-21,115.4,116.1,114.25,115.2,640518,0.0
2017-11-23,115.43,116.62,115.42,116.14,408986,0.0
2017-11-26,116.37,116.89,114.44,114.89,1036170,0.0
2017-11-27,115.31,115.5869,113.36,114.75,807961,0.0
2017-11-28,114,114.2399,105.63,106.53,3446786,0.0
2017-11-29,105.49,107.7,102.11,103.02,4944750,0.0
2017-11-30,102.63,103.88,98.57,100.61,3078515,0.0
2017-12-03,101.38,101.7,96.5,96.56,2644621,0.0
2017-12-04,96.48,99.68,95.35,99.15,2700012,0.0
2017-12-05,98.67,102.53,98.18,102.33,3030516,0.0
2017-12-06,102.75,104.81,102.36,104.17,3303703,0.0
2017-12-07,105,106.35,103.85,104.83,1780464,0.0
2017-12-10,105.16,106.83,103.3,104.78,2246199,0.0
2017-12-11,104.56,105.43,102.26,102.46,2317854,0.0
2017-12-12,103.34,103.71,100.85,101.44,1379928,0.0
2017-12-13,102.04,103.72,101.73,103.34,1265840,0.0
2017-12-14,103.55,104.05,101.67,103.5,1901552,0.0
2017-12-17,104.04,104.195,102.17,103.65,1636769,0.0
2017-12-18,103.5,104.3,102.37,102.92,1204010,0.0
2017-12-19,103.01,103.5936,101.04,102.02,789661,0.0
2017-12-20,102.2,103.09,101.54,102.9,846901,0.0
2017-12-21,102.22,102.87,100.79,102.33,721711,0.0
2017-12-25,102.14,103.36,101.5,102.98,680774,0.0
2017-12-26,102.63,103.8,102,103.05,596952,0.0
2017-12-27,103.32,103.45,101.73,102.2,670584,0.0
2017-12-28,102.02,102.65,101.15,101.7,544342,0.0
2018-01-01,102.05,103.6,100.24,103.4,1209932,0.0
2018-01-02,103.88,105.9,102.02,105.24,1423682,0.0
2018-01-03,107.54,110.19,107.31,109.24,2168553,0.0
2018-01-04,109.94,109.94,108.3,109.3,744708,0.0
2018-01-07,108.72,110.06,108.107,109.91,1008531,0.0
2018-01-08,109.95,109.98,108.64,109.72,908956,0.0
2018-01-09,111.9,114.48,111.76,114.16,2526023,0.0
2018-01-10,113.58,114.77,112.55,114.24,1035198,0.0
2018-01-11,114.3,114.88,112.71,112.87,845100,0.0
2018-01-15,112.93,114.4,108.86,110.08,1549840,0.0
2018-01-16,110.1,113.13,109.74,112.25,1063056,0.0
2018-01-17,111.61,113.72,111.36,113.29,799517,0.0
2018-01-18,113.3,114.11,113.03,114.1,643250,0.0
2018-01-21,114,115.32,113.09,115.3,783480,0.0
2018-01-22,115.3,117.6,114.8,117.24,1133185,0.0
2018-01-23,117,117.49,114.4413,115.89,835616,0.0
2018-01-24,117.01,117.35,115.14,115.32,635167,0.0
2018-01-25,115.84,118.87,115.3203,118.82,769658,0.0
2018-01-28,117.76,118.72,116.36,116.55,733453,0.0
2018-01-29,118.66,121.73,116.48,120.3,2534388,0.0
2018-01-30,120.7,121.98,119.162,119.94,941494,0.0
2018-01-31,119.03,121.42,118.26,119.03,726285,0.0
2018-02-01,118.57,118.95,115.73,117.5,859903,0.0
2018-02-04,116.22,119.97,114.75,114.8,1223509,0.0
2018-02-05,113,116.64,112.021,116.08,1534189,0.0
2018-02-06,116.87,119.89,116.41,117.76,1364905,0.0
2018-02-07,117.71,118.97,110.6,110.97,1740913,0.0
2018-02-08,112.1,113.93,107.75,112.96,1456275,0.0
2018-02-11,115.13,117.36,113.75,115.58,1117156,0.0
2018-02-12,114.99,116.82,114.62,116.63,709294,0.0
2018-02-13,115.85,121.15,115.2,120.71,1050387,0.0
2018-02-14,121.5,125,119.91,124.27,1491261,0.0
2018-02-15,123.55,125,122.56,124.03,927637,0.0
2018-02-19,124.29,127.55,123.51,126,1346610,0.0
2018-02-20,126.57,128.32,125.575,125.69,1071917,0.0
2018-02-21,126.33,128.25,124.23,124.36,936389,0.0
2018-02-22,125.47,127.46,124.64,127.31,943091,0.0
2018-02-25,128.81,128.99,126.23,127.81,1518292,0.0
2018-02-26,128.19,131.18,127.42,128.2,2613506,0.0
2018-02-27,125.2,129.89,125,126.68,2766888,0.0
2018-02-28,127.93,128.01,122.5,123.93,2014206,0.0
2018-03-01,122.39,131.38,121.77,131.28,1872963,0.0
2018-03-04,129.52,134.17,128.855,132.94,2359426,0.0
2018-03-05,133.32,135.98,132.65,135.97,2140577,0.0
2018-03-06,134.67,138.54,134.67,137.59,2194136,0.0
2018-03-07,138.04,139.9,136.55,136.89,1053562,0.0
2018-03-08,138,138.7312,136.17,137.61,1741586,0.0
2018-03-11,137.4,139.5,137.17,139.08,985208,0.0
2018-03-12,140,140,136.79,137.34,1119160,0.0
2018-03-13,137.88,139.29,135.88,138.79,792721,0.0
2018-03-14,139.03,139.06,135.9,136.42,1129040,0.0
2018-03-15,137.08,137.08,134.47,135.33,962963,0.0
2018-03-18,133.61,134.34,129.51,131.6,2048571,0.0
2018-03-19,131.69,133.92,130.77,133.11,1139623,0.0
2018-03-20,133.3,135.52,132.28,133.49,779056,0.0
2018-03-21,131.89,133.56,130.41,131.22,792157,0.0
2018-03-22,131.14,132.26,127.61,127.62,759273,0.0
2018-03-25,129.69,132.43,129.5,131.74,1302604,0.0
2018-03-26,133,133,125.2109,126.44,1071932,0.0
2018-03-27,125.77,126.75,122.51,123.77,1320564,0.0
2018-03-28,125.08,129,123.125,127.12,1052409,0.0
2018-04-01,125.84,127.29,123.4,125.23,758258,0.0
2018-04-02,126,126.82,123.24,125.03,868175,0.0
2018-04-03,122.73,126.46,122.55,126.02,1374525,0.0
2018-04-04,127.48,127.76,125.095,126.04,1432935,0.0
2018-04-05,124.74,126.17,121.93,122.54,972168,0.0
2018-04-08,123.8,126.18,123.22,123.28,577182,0.0
2018-04-09,127.15,127.48,124.415,126.48,903459,0.0
2018-04-10,126.39,128.55,125.32,126.62,639218,0.0
2018-04-11,127.6,129.06,126.86,128.21,531507,0.0
2018-04-12,128.9,128.96,123.61,124.75,920885,0.0
2018-04-15,125.95,127.97,125.12,126.83,1005322,0.0
2018-04-16,126.79,133.37,125.84,132.61,2757690,0.0
2018-04-17,131.01,133.56,129.7,132.6,1139888,0.0
2018-04-18,131.66,132.77,130.88,131.97,1139826,0.0
2018-04-19,131.55,132.41,129.81,130.54,1628826,0.0
2018-04-22,130.62,132.53,128.8205,129.83,943403,0.0
2018-04-23,130.44,132.99,123.535,125.53,1508714,0.0
2018-04-24,125.31,126.96,120.65,122.58,1308928,0.0
2018-04-25,123.84,126.78,122.96,125.92,1128173,0.0
2018-04-26,127.2,127.2,123.17,124.24,1155283,0.0
2018-04-29,124.88,125.85,123.44,124.84,869405,0.0
2018-04-30,123.97,125.775,123.15,125.65,590864,0.0
2018-05-01,124.72,127.65,124.5,126.36,955219,0.0
2018-05-02,126.11,129.67,126.02,128.67,1208506,0.0
2018-05-03,127.96,132.58,127.96,130.06,1512614,0.0
2018-05-06,130.11,134.05,130.05,133.02,818184,0.0
2018-05-07,132.64,136.275,132.54,134.8,974981,0.0
2018-05-08,135.56,137.54,134.56,136.38,922099,0.0
2018-05-09,136.95,138.65,136.77,138.02,878122,0.0
2018-05-10,138.23,138.34,134.74,135.72,999565,0.0
2018-05-13,135.8,137.515,133.36,133.97,906785,0.0
2018-05-14,133.12,133.9515,131.41,133.45,696474,0.0
2018-05-15,132.82,135.28,132.375,133.96,636235,0.0
2018-05-16,133.26,134.39,131.64,132.93,730171,0.0
2018-05-17,133,134.91,132.3,134.48,794414,0.0
2018-05-20,135.82,136.04,130.67,131.7,988161,0.0
2018-05-21,132.3,133.07,130.07,130.32,990550,0.0
2018-05-22,127.81,129.69,126.3499,129.46,2184809,0.0
2018-05-23,129.9,132.22,129.23,130.5,1181184,0.0
2018-05-24,130.64,132.7,128.24,130.73,1068576,0.0
2018-05-28,130.2,130.94,129.37,130.42,1307224,0.0
2018-05-29,132.06,134.26,131.44,131.75,1642951,0.0
2018-05-30,132.04,134.08,130.61,131.04,1607786,0.0
2018-05-31,125.83,127.45,123.6,126.24,4705450,0.0
2018-06-03,127.33,128.18,123.9,128.15,2476625,0.0
2018-06-04,128.34,129.87,127.835,128.76,1386357,0.0
2018-06-05,128.82,129.71,127.28,128.32,1556478,0.0
2018-06-06,128.32,128.86,121.8571,123.37,2465141,0.0
2018-06-07,123.01,124.98,122.32,123.9,1368233,0.0
2018-06-10,123.31,124.28,121.68,123.24,1723509,0.0
2018-06-11,123.75,127.37,123.69,126.59,1807567,0.0
2018-06-12,127.24,127.94,125.23,126.44,992357,0.0
2018-06-13,127.71,130.75,126.94,128.21,1497133,0.0
2018-06-14,127.99,128.645,125.91,128.11,1185914,0.0
2018-06-17,126.23,132.32,126.23,131.11,1524429,0.0
2018-06-18,129.5,130.29,127.41,129.58,1154294,0.0
2018-06-19,130.1,131.61,128.17,128.17,1190089,0.0
2018-06-20,128.32,129.89,124.67,125.69,1157908,0.0
2018-06-21,125.32,125.74,122.5,124.01,1290089,0.0
2018-06-24,122.7,123.41,119.04,120.73,1810315,0.0
2018-06-25,120.76,123.55,120.42,121.83,1658480,0.0
2018-06-26,123.08,124.53,117.53,117.7,1810628,0.0
2018-06-27,117.9,120.69,117.24,119.93,1794156,0.0
2018-06-28,120.71,122.18,120.375,121.11,962778,0.0
2018-07-01,120,124.38,119.6,124.26,913348,0.0
2018-07-02,124.11,124.86,123,123.75,681135,0.0
2018-07-04,124.12,126.57,123.23,126.39,1236740,0.0
2018-07-05,126.21,129.55,125.99,128.77,1433746,0.0
2018-07-08,128.98,129.94,125.69,129.1,1745924,0.0
2018-07-09,129.15,130.57,128.76,129.14,1408771,0.0
2018-07-10,128.25,132,127,131.63,1000503,0.0
2018-07-11,132.01,137.43,131.53,137.31,2153222,0.0
2018-07-12,137,137.16,133.38,134.78,1672831,0.0
2018-07-15,135.25,135.606,132.44,132.9166,957972,0.0
2018-07-16,130.73,133.68,129.32,133.19,815887,0.0
2018-07-17,133.02,133.84,131.78,133.23,624139,0.0
2018-07-18,132.53,135.5,131.86,132.97,615266,0.0
2018-07-19,133.03,133.59,132.12,132.33,695023,0.0
2018-07-22,132.18,134.03,130.7233,133.95,1112754,0.0
2018-07-23,134.81,134.83,129.6,130.91,1224540,0.0
2018-07-24,131.32,134.14,131.32,133.68,948804,0.0
2018-07-25,132.8,135.78,131.55,134.42,973964,0.0
2018-07-26,134.35,134.52,128.25,130.51,1528035,0.0
2018-07-29,130.47,130.47,122.3,123.93,1410177,0.0
2018-07-30,124.63,126.16,122.3,124.02,819304,0.0
2018-07-31,123.61,127.26,122.9202,126.37,981592,0.0
2018-08-01,125.33,131.16,125.01,130.79,894057,0.0
2018-08-02,130.8,130.99,127.68,129.17,592702,0.0
2018-08-05,129.09,132.13,128.53,131.59,594016,0.0
2018-08-06,131.54,133.55,131.03,132.76,674806,0.0
2018-08-07,132.76,135.295,131.73,135.02,938635,0.0
2018-08-08,135,138.13,134.09,136.53,997410,0.0
2018-08-09,135.93,138.54,135.06,137.175,806988,0.0
2018-08-12,137,139.38,136.9,137.08,1075222,0.0
2018-08-13,137.48,138.78,135.52,137.44,813635,0.0
2018-08-14,136.55,142.5,135.85,139.22,3578020,0.0
2018-08-15,139.73,141.83,139.16,140.04,1473919,0.0
2018-08-16,139.45,142.77,138.64,142.65,1149752,0.0
2018-08-19,142.7,144.22,141.6561,143.3,1500700,0.0
2018-08-20,144,147.8,143.8481,145.01,1296368,0.0
2018-08-21,144.39,146.97,144.39,146.15,798029,0.0
2018-08-22,146.14,147.73,145.2,145.67,813246,0.0
2018-08-23,147.65,151.7215,147.5,150.98,1395430,0.0
2018-08-26,151.55,152.8,149.69,151.65,944236,0.0
2018-08-27,152,153.22,150.91,152.38,1333581,0.0
2018-08-28,152.98,154.58,152.28,153.8,1208291,0.0
2018-08-29,154,155.81,152.88,153.86,1108129,0.0
2018-08-30,152.89,155.35,152.5,154.6,871211,0.0
2018-09-03,154.42,157.12,152.4,156.65,2367876,0.0
2018-09-04,153,155.47,141.02,142.21,4883431,0.0
2018-09-05,143.3,146.24,143.03,144.53,1892748,0.0
2018-09-06,144,147.432,142.14,144.95,1453872,0.0
2018-09-09,145.19,145.26,141.41,143.64,1072434,0.0
2018-09-10,143.8,147.8,143.26,146.1,1129134,0.0
2018-09-11,147,148.42,144.15,148.21,1122516,0.0
2018-09-12,148.96,152.18,148.775,150.54,1267099,0.0
2018-09-13,151.79,153.08,150.47,151.01,549780,0.0
2018-09-16,151.47,151.47,144.54,144.72,1413368,0.0
2018-09-17,145,147.36,143.31,143.58,1277369,0.0
2018-09-18,143.2,143.77,138.4,140.65,1393562,0.0
2018-09-19,140.84,142.38,139.52,141.66,797942,0.0
2018-09-20,141.76,142.79,138.48,138.64,1127691,0.0
2018-09-23,137.65,141.64,135.83,141.5,1009240,0.0
2018-09-24,142,144.82,141.25,143.78,1123911,0.0
2018-09-25,143.78,145.71,142.795,144.52,1070043,0.0
2018-09-26,145.25,147.3,145.02,146,702462,0.0
2018-09-27,145.93,147.19,144.49,145.99,749512,0.0
2018-09-30,147.19,148.39,145.52,145.86,1240004,0.0
2018-10-01,145.5,145.65,141.81,142.96,966285,0.0
2018-10-02,144.63,147.4774,143.3759,145.66,1053958,0.0
2018-10-03,144.45,145.61,137.9,139.78,1324338,0.0
2018-10-04,139.76,142,135.83,139.95,1004698,0.0
2018-10-07,138.43,138.78,130.58,132.41,2232120,0.0
2018-10-08,131.55,134.27,129.79,131.69,1575119,0.0
2018-10-09,131.26,131.32,122.89,124.3,3314415,0.0
2018-10-10,124.05,127.275,121.78,124.75,2129757,0.0
2018-10-11,127.33,130.35,125.01,128.3,1550686,0.0
2018-10-14,127.51,128.5479,125.22,127.03,1657158,0.0
2018-10-15,130.37,134.61,129.18,134.24,1748010,0.0
2018-10-16,138.15,139.12,134.54,137.28,1891331,0.0
2018-10-17,136.19,136.77,129.18,130.42,1481578,0.0
2018-10-18,131.78,132.538,126.89,127.69,1132177,0.0
2018-10-21,128.37,130.1797,125.8279,129.79,1269920,0.0
2018-10-22,126.8,130.31,126.3,128.78,1207409,0.0
2018-10-23,128.89,130.42,122.02,122.12,1381227,0.0
2018-10-24,124,126.8,122.68,125.87,1026320,0.0
2018-10-25,122.51,125.07,118.62,120.65,2010111,0.0
2018-10-28,126,128.74,120.07,122.7,1999677,0.0
2018-10-29,122.11,129.7488,121.03,128,2093169,0.0
2018-10-30,130.81,134.3122,130.015,133,1321129,0.0
2018-10-31,133.55,137.99,132.11,137.9,1393907,0.0
2018-11-01,138,140.4,132.57,132.84,1923186,0.0
2018-11-04,132.85,133.36,128.38,130.3,1724097,0.0
2018-11-05,131.5,136.04,131.0403,134.99,1653221,0.0
2018-11-06,137,145.18,136.61,144.23,2747686,0.0
2018-11-07,144.23,146.88,142.37,146.02,1178967,0.0
2018-11-08,143.7,144.99,138.23,139.965,1423939,0.0
2018-11-11,138.59,139.68,131.86,133.11,2074642,0.0
2018-11-12,133.55,136.84,131.75,135.07,1038342,0.0
2018-11-13,136.21,139.08,131.91,132.37,1572657,0.0
2018-11-14,131.86,136.29,130.73,136.2,1726874,0.0
2018-11-15,134.4,136.415,132.52,134.23,1197847,0.0
2018-11-18,133.55,133.97,123.7,124.1,2649445,0.0
2018-11-19,119.73,128.6,117.72,126.82,2909578,0.0
2018-11-20,129.98,134.06,128.69,133.13,1623596,0.0
2018-11-22,130.87,135.87,130.21,135.27,609365,0.0
2018-11-25,138.42,141.15,136.12,140.19,2025061,0.0
2018-11-26,137.84,140.475,136.61,138.74,1593807,0.0
2018-11-27,145,147.44,140.81,145.8147,3123706,0.0
2018-11-28,143.37,146.5769,143.11,145.42,2750648,0.0
2018-11-29,155.15,166.36,152.01,163.99,9519697,0.0
2018-12-02,164.49,167.88,162.08,167.82,3983414,0.0
2018-12-03,165.23,172.67,164.21,165.03,4605727,0.0
2018-12-05,160.21,169.49,158.11,168.12,4154411,0.0
2018-12-06,166.965,167.329,158.85,160.68,3404515,0.0
2018-12-09,159.88,164.98,158,159.68,2597149,0.0
2018-12-10,164.32,165.42,161.52,162.93,2099797,0.0
2018-12-11,167.05,170.47,165.07,165.41,3075542,0.0
2018-12-12,166.57,167.1903,161.4053,164.65,1619764,0.0
2018-12-13,161.03,164,159.305,162.02,2002146,0.0
2018-12-16,160.14,161.08,153.68,153.74,2618107,0.0
2018-12-17,155.08,157.41,153.59,155.72,2394937,0.0
2018-12-18,156.53,160.76,152.6205,155.67,1637071,0.0
2018-12-19,155.32,157.4,145.56,152.24,3658899,0.0
2018-12-20,153.55,154.31,142.01,144.74,3523279,0.0
2018-12-23,142.89,147.94,141.7001,142.43,797984,0.0
2018-12-25,143.84,153.9,143.49,153.76,2064545,0.0
2018-12-26,151.54,159.14,150.79,158.49,1828283,0.0
2018-12-27,159.27,162.21,154.146,159.445,1562327,0.0
2018-12-30,160.79,161.9445,158.27,159.27,1124939,0.0
2019-01-01,155.96,159.93,155.35,159.6399,1430291,0.0
2019-01-02,156.6,158.8,152.32,154.29,1671316,0.0
2019-01-03,157.76,165,155.58,163.27,2722012,0.0
2019-01-06,164.11,166.94,162.77,164.04,2564269,0.0
2019-01-07,165.12,166.89,161.14,166.845,1884080,0.0
2019-01-08,168,169.08,165.43,165.75,2237957,0.0
2019-01-09,165.01,168,164.02,167.94,1580288,0.0
2019-01-10,167.17,169.51,166.26,167.35,1180923,0.0
2019-01-13,165.39,166.93,163.39,163.49,1504495,0.0
2019-01-14,164.39,166.52,163.7,164.75,2766874,0.0
2019-01-15,163.86,165.55,162.13,165.48,1999964,0.0
2019-01-16,163.89,168.48,163.6,166.39,1408259,0.0
2019-01-17,168.5,172,166.96,171.98,1883137,0.0
2019-01-21,170.24,172.44,169.06,170.31,1401024,0.0
2019-01-22,171.14,176.14,170.5172,171.385,1798830,0.0
2019-01-23,172,173.685,170.2,171.31,1109938,0.0
2019-01-24,173.11,176.12,171.637,175.47,1285958,0.0
2019-01-27,174.48,174.98,170.67,172.155,948671,0.0
2019-01-28,172.89,173.5,164.48,166.71,2451317,0.0
2019-01-29,168.4,172.66,167.36,172.66,1572908,0.0
2019-01-30,180.5,184.98,179.29,181.41,2706967,0.0
2019-01-31,180.67,186.9484,180.33,186.03,2356794,0.0
2019-02-03,186.05,189.19,185,186.76,1643590,0.0
2019-02-04,188.21,190.35,187.5,189.11,1693267,0.0
2019-02-05,188.6,189.57,184.69,188.49,1041536,0.0
2019-02-06,186.26,187.34,183.145,186.55,1183908,0.0
2019-02-07,184.98,189.97,184.79,189.1615,1605850,0.0
2019-02-10,192.66,192.9,188.39,190.27,1111682,0.0
2019-02-11,192.89,193.08,188.81,189.5,1925523,0.0
2019-02-12,190.17,191.08,186.26,187.885,1462465,0.0
2019-02-13,186.98,189.8,186.98,188.39,1203631,0.0
2019-02-14,193,193.37,187.9061,190.745,1451520,0.0
2019-02-18,190.19,192.84,190.01,192.79,1117360,0.0
2019-02-19,192.49,193.73,187.18,188.67,1660439,0.0
2019-02-20,188.42,190.68,187.22,189.47,1250489,0.0
2019-02-21,190.44,194.81,190.2767,194.67,1228798,0.0
2019-02-24,196.14,198.97,195.2,196.23,1685284,0.0
2019-02-25,195.39,197.79,194.43,195.07,1824638,0.0
2019-02-26,196.01,198.14,193.85,197.47,1427107,0.0
2019-02-27,197.51,199.45,195.71,197.93,2366338,0.0
2019-02-28,199.85,200,187.13,189.14,5222026,0.0
2019-03-03,189.35,190.3,175.51,179.2,5654912,0.0
2019-03-04,180.33,183.23,178.36,181.96,2798630,0.0
2019-03-05,182.85,183.99,179.78,182.45,1367042,0.0
2019-03-06,181.26,184.95,180.21,181.75,1503506,0.0
2019-03-07,178.42,181.82,176.4708,181.6,1469147,0.0
2019-03-10,182.24,186.25,181.995,185.47,1860800,0.0
2019-03-11,186.54,188.85,184.7399,187.37,1524362,0.0
2019-03-12,188.5,190.74,186.12,186.17,1310823,0.0
2019-03-13,185.96,188.7899,184.8,187.04,1121296,0.0
2019-03-14,185.37,187.77,185.28,186.68,1442425,0.0
2019-03-17,186.36,190.4,185.885,187.51,1048897,0.0
2019-03-18,188.61,192.08,186.81,191.56,1642800,0.0
2019-03-19,192,195.22,189.7439,192.74,1171460,0.0
2019-03-20,191.61,197.86,191.01,197.48,952032,0.0
2019-03-21,196.25,196.953,190.71,191.08,1277275,0.0
2019-03-24,190.62,191.71,188.1511,190.58,997390,0.0
2019-03-25,192.19,194.37,190.91,192.57,872684,0.0
2019-03-26,192,192.7684,185.43,189.68,1214100,0.0
2019-03-27,190.07,192.45,188.76,190.21,805981,0.0
2019-03-28,190.99,194.21,190.77,193.08,839989,0.0
2019-03-31,193.51,196.88,190.08,192.71,481297,0.0
2019-04-01,192.94,194.17,191,193.79,647124,0.0
2019-04-02,194.51,194.91,191.88,193.47,1032762,0.0
2019-04-03,193.1,193.18,179.08,185.5,3723339,0.0
2019-04-04,186.64,187.43,183.08,186.3,1625674,0.0
2019-04-07,185.89,187.22,182.5,187.09,730914,0.0
2019-04-08,184.84,190.96,184.55,190.81,1679581,0.0
2019-04-09,191.91,196.73,190.6849,195.2,1592704,0.0
2019-04-10,195.03,196.73,193.76,195.88,679363,0.0
2019-04-11,196.5,197.4,193.828,195.62,834339,0.0
2019-04-14,194.4,195.64,191.27,192.92,1670754,0.0
2019-04-15,192.38,198.59,192.38,195.93,2082485,0.0
2019-04-16,195.29,196,189.81,191.12,1307675,0.0
2019-04-17,191.01,191.01,184.25,187.81,1781449,0.0
2019-04-21,187.71,189.98,186.79,189.4,911148,0.0
2019-04-22,189.67,195.5,189.67,195.2,1314131,0.0
2019-04-23,195.79,197.71,194.96,195.35,1183027,0.0
2019-04-24,197.01,199.36,195.8,198.77,1256032,0.0
2019-04-25,199.95,204.62,198.3151,204.45,1393649,0.0
2019-04-28,205,206.48,203.6,204.5,938061,0.0
2019-04-29,204.48,208.33,203.05,205.71,849435,0.0
2019-04-30,206.5,206.85,201.18,201.27,1024424,0.0
2019-05-01,200.17,201.79,194.81,198.65,1088936,0.0
2019-05-02,200.78,203.79,198.05,203.12,729245,0.0
2019-05-05,196.69,203.28,195.04,203.08,897556,0.0
2019-05-06,200.66,201.99,195.11,198.5696,1122413,0.0
2019-05-07,198,200.0537,195.66,196.83,2152470,0.0
2019-05-08,194.55,200.52,191.25,200.35,1250169,0.0
2019-05-09,198.78,204.23,197.34,203.53,1057076,0.0
2019-05-12,198.49,200.9858,193.8432,194.2,1227882,0.0
2019-05-13,196.25,202.11,195.375,201.32,1013181,0.0
2019-05-14,200.03,206.82,199.29,204.91,969360,0.0
2019-05-15,205,213.98,204.415,212,2428788,0.0
2019-05-16,210.53,212.25,207.81,210.38,1732769,0.0
2019-05-19,208.14,209.36,202.67,202.88,1430997,0.0
2019-05-20,205.81,208.1,205.675,206.82,1349152,0.0
2019-05-21,205.13,210.87,205.13,210.4,2041497,0.0
2019-05-22,209.18,209.9,202.44,205.46,1480502,0.0
2019-05-23,207.02,213.13,206.5,210.79,1543889,0.0
2019-05-27,212.5,217.6294,211.63,212.31,2748464,0.0
2019-05-28,209.85,210,199.36,203.25,5322722,0.0
2019-05-29,203.33,208.3543,203.01,207.91,1662957,0.0
2019-05-30,203.9,207.55,203.05,204.09,1574020,0.0
2019-06-02,203.85,204.79,190.38,191.87,2602294,0.0
2019-06-03,193.6,195.99,189.62,195.73,2942042,0.0
2019-06-04,198.98,200.81,194.89,199.58,1802972,0.0
2019-06-05,199.13,205.3,198.29,204.15,1237296,0.0
2019-06-06,204.85,211.82,204.19,211.48,1578416,0.0
2019-06-09,213.68,217,213.303,213.75,1501276,0.0
2019-06-10,216.02,216.68,203.65,205.77,1589979,0.0
2019-06-11,205.17,214.03,205.07,209.35,1199332,0.0
2019-06-12,207.81,210.77,205.34,208.37,2842421,0.0
2019-06-13,207.99,209.9,205.095,208.08,1919319,0.0
2019-06-16,209,212.45,207.04,209.02,1263991,0.0
2019-06-17,212,215.48,211.31,213.26,1499566,0.0
2019-06-18,213.5,216.21,211,215.65,841839,0.0
2019-06-19,219.33,221,215.5812,220.11,1612724,0.0
2019-06-20,218.27,219.02,215.84,216.36,871684,0.0
2019-06-23,217.5,218.27,208.25,209.01,2133222,0.0
2019-06-24,209.66,210.09,203.025,204.52,1328067,0.0
2019-06-25,207.39,209.66,203.07,204.51,1282043,0.0
2019-06-26,205.08,207.59,203.27,206.26,1013539,0.0
2019-06-27,208.55,208.95,204.71,205.38,1132728,0.0
2019-06-30,210.35,213.66,208.5014,213.47,1448858,0.0
2019-07-01,213.4,214.1,211.02,213.96,1054483,0.0
2019-07-02,214.96,217.55,213.54,216.8,648352,0.0
2019-07-04,214.21,216.5296,211.55,215.91,838152,0.0
2019-07-07,213.89,215.46,212.15,215.27,1159038,0.0
2019-07-08,214,219.59,213.33,218.74,1075929,0.0
2019-07-09,219.32,222.06,218.45,219.18,981657,0.0
2019-07-10,219.5,224.425,219.5,224.33,1711066,0.0
2019-07-11,223.76,226.83,220.89,222.17,1448950,0.0
2019-07-14,221.66,221.99,217.1,218,1662737,0.0
2019-07-15,216.25,218.295,212.34,213.46,1437706,0.0
2019-07-16,213.97,218.785,213.66,218.01,1233232,0.0
2019-07-17,216.99,219.37,215.71,217.93,941683,0.0
2019-07-18,220,221.5,214.01,214.41,857652,0.0
2019-07-21,214.95,216.46,214.05,214.34,783505,0.0
2019-07-22,216.47,216.47,208.36,211.97,1107314,0.0
2019-07-23,212.08,215.1,210.671,214.49,775447,0.0
2019-07-24,213.04,216.26,210.825,215.06,922906,0.0
2019-07-25,216.27,218.9499,215.47,215.91,808870,0.0
2019-07-28,216.58,217,205.44,212.59,1404704,0.0
2019-07-29,210.5,215.65,205.27,205.975,2173303,0.0
2019-07-30,206.45,208.69,199.68,199.97,1806860,0.0
2019-07-31,201,206.76,200,204.07,1504642,0.0
2019-08-01,202.41,202.4904,194.89,195.92,2222260,0.0
2019-08-04,190.7,191.64,185.32,187.99,2609852,0.0
2019-08-05,189.56,191.6996,185.65,187.33,1119748,0.0
2019-08-06,185,189.636,183.11,187.14,1041904,0.0
2019-08-07,188.22,192.82,188.22,192.82,1400371,0.0
2019-08-08,191.66,194.6,189.36,191.56,958580,0.0
2019-08-11,190.01,192.26,189.1,189.73,706405,0.0
2019-08-12,192.55,193.7,189.68,192.12,959669,0.0
2019-08-13,188.17,189.25,183.73,185.82,1132774,0.0
2019-08-14,185.28,187.1,182.72,185.98,1263521,0.0
2019-08-15,187.88,192.75,187.7,192.22,1285180,0.0
2019-08-18,194.54,195.5,187.4,187.64,1517812,0.0
2019-08-19,187.32,187.73,184.11,186.15,915227,0.0
2019-08-20,188.18,193.12,187.9,190.91,1198164,0.0
2019-08-21,191.7,194.155,189.1101,193.48,1136137,0.0
2019-08-22,196.55,199.42,191.56,192.13,2076904,0.0
2019-08-25,193.5,193.98,189.52,193.97,1070065,0.0
2019-08-26,194.25,196.43,186.09,188.47,1984440,0.0
2019-08-27,186.66,186.66,182.28,185.31,1592132,0.0
2019-08-28,187.36,189.21,184.51,187.85,2358151,0.0
2019-08-29,184,190.31,173.2,177.27,7594435,0.0
2019-09-02,174.36,178.22,173.62,174.85,3188468,0.0
2019-09-03,176.42,177.92,172.95,173.65,2264232,0.0
2019-09-04,176,177.83,173.51,175.89,1855385,0.0
2019-09-05,176.08,177.5,172.21,172.25,1330022,0.0
2019-09-08,172.87,173.5,166,170.89,3263254,0.0
2019-09-09,168.5,174.015,166.57,173.79,2633797,0.0
2019-09-10,173.88,175.32,171.15,172.56,1715580,0.0
2019-09-11,173.81,174.39,170.19,170.3449,1527897,0.0
2019-09-12,170.22,171.98,167.14,167.57,1248054,0.0
2019-09-15,166.24,174.1,165.8303,173.05,1665438,0.0
2019-09-16,173.01,175.56,172.5006,175.07,1381018,0.0
2019-09-17,173.93,176.479,172.22,175.57,1798757,0.0
2019-09-18,175.5,176.81,172.08,172.765,1376928,0.0
2019-09-19,172.94,175.52,172.19,174.95,2183800,0.0
2019-09-22,174.4,175.63,173.27,174.46,1195521,0.0
2019-09-23,175.01,176.75,166.6,167.57,2003252,0.0
2019-09-24,167.52,170.15,163.26,169.96,2164438,0.0
2019-09-25,170,175.92,169.8001,174.41,2709460,0.0
2019-09-26,174.79,174.79,165.07,168.74,2047955,0.0
2019-09-29,169,171.08,167.72,169.935,1107458,0.0
2019-09-30,170.07,171.415,168.54,168.75,1189134,0.0
2019-10-01,166.92,167.87,164.635,165.82,1631863,0.0
2019-10-02,165.99,172.32,163.75,172.12,1354216,0.0
2019-10-03,172.82,175.46,170.1,173.81,3007525,0.0
2019-10-06,171.46,179.17,171.46,177.87,3679337,0.0
2019-10-07,176.4,176.55,169.3,169.49,4350872,0.0
2019-10-08,171.88,173.85,170.7,173.28,1697365,0.0
2019-10-09,171.87,175.19,171.37,174.31,1336508,0.0
2019-10-10,180.16,183.09,177.72,180.45,5063937,0.0
2019-10-13,181.43,181.5,178.2401,180.22,1389460,0.0
2019-10-14,180.45,185.62,180.3,180.89,5322775,0.0
2019-10-15,168,168.02,156.8601,160.46,21092774,0.0
2019-10-16,159.1,160.66,156.3701,157.83,6773709,0.0
2019-10-17,157.94,158.63,151.06,154.5,7990112,0.0
2019-10-20,153.7099,155.63,152.66,154.09,1777592,0.0
2019-10-21,157.84,157.84,152.68,153.01,1964178,0.0
2019-10-22,152.53,157.17,151.965,152.29,2585044,0.0
2019-10-23,154.99,158.87,154.4077,158.54,2108804,0.0
2019-10-24,157.78,160.95,156.2,160.76,1105658,0.0
2019-10-27,161.31,162.24,158.85,159.4,1307364,0.0
2019-10-28,159.77,161.47,157.95,158.09,893291,0.0
2019-10-29,159.71,164.55,157.87,164.044,1291016,0.0
2019-10-30,163.68,164.1,159,162.13,982417,0.0
2019-10-31,163.63,165.71,161.8201,165.33,986387,0.0
2019-11-03,167,167.66,162.45,165.19,1911571,0.0
2019-11-04,165.44,165.89,159.47,161.38,1231324,0.0
2019-11-05,161,162.5,159.81,161.47,1070047,0.0
2019-11-06,161.49,162.86,159.86,160.5,1032080,0.0
2019-11-07,159.48,162.92,158.7901,162.35,1306115,0.0
2019-11-10,162.1,165.34,160.95,163.97,935976,0.0
2019-11-11,163.93,165.14,163.03,163.7,901773,0.0
2019-11-12,164,166.73,163.415,166.32,968825,0.0
2019-11-13,165.84,166.3,163.83,164.72,1782941,0.0
2019-11-14,165.9,166.09,162.525,165.98,1384037,0.0
2019-11-17,162.54,164.8,161.38,163.9,3412606,0.0
2019-11-18,165,167.55,163.96,166.86,1685377,0.0
2019-11-19,167.7,173.4024,166.97,172.57,2432316,0.0
2019-11-20,172.6,174.37,169.36,171.5,1420487,0.0
2019-11-21,172.3,173.69,170.35,172.84,1094856,0.0
2019-11-24,174.98,178.24,174.76,176.47,1817295,0.0
2019-11-25,176.45,179.13,176.45,178.12,1713784,0.0
2019-11-26,179,179.81,177.12,179.73,1283833,0.0
2019-11-28,179,180.03,178.34,179.14,509483,0.0
2019-12-01,178.56,178.65,169.5,171.85,1980628,0.0
2019-12-02,169,174.4928,167.49,173.72,1841156,0.0
2019-12-03,164.56,168.54,162.07,165.48,5784767,0.0
2019-12-04,164.38,165.29,159.6874,160.96,4089959,0.0
2019-12-05,162,166.48,161.51,166.21,2142817,0.0
2019-12-08,165.31,167.59,163.06,163.7,1451384,0.0
2019-12-09,164.6,166.06,162.62,163.25,1416807,0.0
2019-12-10,163.13,165.01,161.38,165,1643153,0.0
2019-12-11,164.42,164.42,159.6201,159.74,2316399,0.0
2019-12-12,160,160.61,157.61,159.44,2977930,0.0
2019-12-15,160.4,160.9263,159.57,160.4475,2081942,0.0
2019-12-16,161.24,161.25,158.8,159.67,1321414,0.0
2019-12-17,160.07,162.45,160.01,161.56,1971583,0.0
2019-12-18,161.39,162.27,159.95,161.57,1495488,0.0
2019-12-19,162.25,167.56,161.95,167.15,3218814,0.0
2019-12-22,167.33,167.44,163.9,165.62,961927,0.0
2019-12-23,164.87,166.5,164.51,166.1,329848,0.0
2019-12-25,166.67,167.82,164.68,165.35,642413,0.0
2019-12-26,166.42,167.44,164.24,165.887,969751,0.0
2019-12-29,165.5,166.02,161.7301,163.84,892309,0.0
2019-12-30,162.89,165.07,162.6,164.45,732930,0.0
2020-01-01,166.1,168.72,165.71,167.46,1132462,0.0
2020-01-02,165,168.86,164.96,168.43,1297086,0.0
2020-01-05,166.99,170.44,166.35,169.5,1383263,0.0
2020-01-06,169.51,173.22,168.913,172.97,2135941,0.0
2020-01-07,172.96,179.61,172.0505,178.68,2515151,0.0
2020-01-08,179.26,180.99,177.27,179.51,1886136,0.0
2020-01-09,180.98,182.65,179.59,180.05,1818844,0.0
2020-01-12,180.92,182.58,180.4801,182.01,1170141,0.0
2020-01-13,181.64,182.82,179.25,179.975,1040119,0.0
2020-01-14,180.73,181.185,178.4,179.2,1880880,0.0
2020-01-15,178.87,182.98,178.18,182.79,1974344,0.0
2020-01-16,183,183.8,180.42,180.99,1622819,0.0
2020-01-20,180,183.54,179.7425,182.27,2163224,0.0
2020-01-21,183.06,184.59,182.28,182.39,2684836,0.0
2020-01-22,183.05,184.59,181.25,184.42,2267522,0.0
2020-01-23,185,188.3,184.52,186.17,3521544,0.0
2020-01-26,182,184.92,181.21,183.96,1012993,0.0
2020-01-27,184.62,187.33,184.62,186.68,924241,0.0
2020-01-28,187.54,187.9,183.48,183.52,1205399,0.0
2020-01-29,183.5,189.35,183.01,188.17,1134323,0.0
2020-01-30,187.87,188.51,183.29,184.63,872083,0.0
2020-02-02,185.6,189.28,184.29,188.56,1455554,0.0
2020-02-03,190,195.99,188.87,194.64,1690751,0.0
2020-02-04,197,197.8685,187.7,188.47,1679469,0.0
2020-02-05,187.09,190.33,184.32,187.5,1283639,0.0
2020-02-06,190.07,193.775,188.01,192.08,1472724,0.0
2020-02-09,191.92,195.6,190.91,194.86,834862,0.0
2020-02-10,196,196.6351,192.02,193.03,859565,0.0
2020-02-11,194.26,195.0773,191.29,194.42,989774,0.0
2020-02-12,194.5,196.5,194.23,194.62,858045,0.0
2020-02-13,196.87,198.96,194.86,197.04,1170577,0.0
2020-02-17,196.88,199.9,195.33,199.39,1549278,0.0
2020-02-18,200.4,202,197.44,197.57,1853481,0.0
2020-02-19,196,196.26,187.51,190.6,2829255,0.0
2020-02-20,190.53,191.305,182.76,183.87,1984290,0.0
2020-02-23,175,179.855,173.88,177.11,2606182,0.0
2020-02-24,179.49,180.72,174.22,175.46,1875305,0.0
2020-02-25,177.2,180.7,174.52,175.34,1591270,0.0
2020-02-26,168.98,176.5,166.81,171.01,3249650,0.0
2020-02-27,170.45,173.8,164.7,173.24,3855936,0.0
2020-03-01,174.85,176.37,167.6919,172.91,3075666,0.0
2020-03-02,172.49,172.825,162.9,166.56,3103055,0.0
2020-03-03,169.7,171.16,166.42,170.98,1360764,0.0
2020-03-04,166.64,169.19,163.02,165.31,1663451,0.0
2020-03-05,161.36,161.36,153.39,158.68,5066840,0.0
2020-03-08,148.75,151.5,142.8,142.95,3161110,0.0
2020-03-09,148.62,150.32,143.5954,150.31,2599192,0.0
2020-03-10,145.68,149.35,139.325,142.04,1903837,0.0
2020-03-11,131.79,138.365,128.63,131.33,3808123,0.0
2020-03-12,137.17,140.24,125.04,137.76,3511980,0.0
2020-03-15,124.2,130.72,116.14,120.17,8815186,0.0
2020-03-16,121.34,126.87,113.08,124.03,4561517,0.0
2020-03-17,116.905,120.055,107.75,113.91,8024742,0.0
2020-03-18,114,129.5,109.05,126.74,3647237,0.0
2020-03-19,130.59,138.71,124.6301,125,5853540,0.0
2020-03-22,125.66,131.58,123,127.16,3919097,0.0
2020-03-23,132.21,136.96,128.82,132.39,4275754,0.0
2020-03-24,134.84,142.2,132.39,135.73,3012638,0.0
2020-03-25,136.98,146.67,136.94,145.28,2688837,0.0
2020-03-26,140.3,142.14,135.02,136.01,1860293,0.0
2020-03-29,136.8,141.87,136.35,137.29,1992628,0.0
2020-03-30,136,136.8491,128.1985,130.22,3256483,0.0
2020-03-31,125.01,126.42,121.04,126.28,4776533,0.0
2020-04-01,124.36,127.76,119.56,122.37,2392078,0.0
2020-04-02,120.73,122.845,115.5,116.14,2935511,0.0
2020-04-05,121.17,130.69,118.985,130.32,5288038,0.0
2020-04-06,136.96,140.86,131.56,131.8,3116435,0.0
2020-04-07,134,146.11,132.27,142.04,8459424,0.0
2020-04-08,145.45,148.85,143,145.4,2816619,0.0
2020-04-12,144.16,145.235,138.72,141.19,1718173,0.0
2020-04-13,149.58,151.305,145.51,149.45,4630446,0.0
2020-04-14,145.21,147.78,144.39,146.15,5364287,0.0
2020-04-15,145.71,146.75,141.8,142.58,6216122,0.0
2020-04-16,146.21,150.3199,145.68,149.3,5368067,0.0
2020-04-19,148.01,153.66,147.05,150.96,2310669,0.0
2020-04-20,148.31,149.72,137.62,140.29,9105348,0.0
2020-04-21,143.88,146.59,141.32,145.95,2962224,0.0
2020-04-22,146,147.75,142.85,143.45,3489385,0.0
2020-04-23,140.81,145.73,140.5,144.92,3806996,0.0
2020-04-26,146.8,148.65,144.47,148.15,3532185,0.0
2020-04-27,150,150.69,144.625,145.05,1241786,0.0
2020-04-28,148.28,156.88,147.3389,154.8,1650529,0.0
2020-04-29,155.46,158.58,153.01,153.85,3265582,0.0
2020-04-30,150.44,150.995,145.56,146.68,1505567,0.0
2020-05-03,145.67,149.48,144.81,148.47,2758650,0.0
2020-05-04,148.85,152.65,148.8,152.19,1982806,0.0
2020-05-05,153.69,155,150.74,152.19,1974812,0.0
2020-05-06,155,162.045,154.225,160.66,2022383,0.0
2020-05-07,163,165.79,160.15,165.56,3166956,0.0
2020-05-10,165.85,168.75,163.75,166.65,3367694,0.0
2020-05-11,167.59,168.42,159.58,159.73,1328958,0.0
2020-05-12,160.34,160.845,149.83,153.76,2650454,0.0
2020-05-13,153.54,155.69,149.2374,155.22,1510509,0.0
2020-05-14,154,156.75,153.25,154.25,3759204,0.0
2020-05-17,157.48,157.48,149.835,150.56,2929784,0.0
2020-05-18,152.39,159.88,151.7,157.31,3522978,0.0
2020-05-19,159.55,161.11,157.8,159.55,2839106,0.0
2020-05-20,159.68,164.22,157.89,163.82,5158054,0.0
2020-05-21,164.04,169.62,162.8875,168.15,5086390,0.0
2020-05-25,171.18,172.83,167.04,168.38,2974877,0.0
2020-05-26,170,170.93,162.66,170.37,3150514,0.0
2020-05-27,180.08,187,178.0082,182.73,7676131,0.0
2020-05-28,181.65,183.7987,178.79,183.7399,2260224,0.0
2020-05-31,181.99,182.56,176.2967,178.16,2763531,0.0
2020-06-01,178.71,179.47,174.5101,178.87,1986708,0.0
2020-06-02,179.02,182.19,178,181.7,3402258,0.0
2020-06-03,181,182.74,174.8,175.3169,1642402,0.0
2020-06-04,172.8,181.5,171.3,178.86,1676768,0.0
2020-06-07,178.18,182.61,177.2701,181.33,2382129,0.0
2020-06-08,180,181.7,177.8,179.67,1904546,0.0
2020-06-09,180.39,185.02,178.705,183.1,1816114,0.0
2020-06-10,178.88,180.28,173.52,173.58,3418912,0.0
2020-06-11,178.35,179.2,173.5,173.52,356909,0.0
2020-06-14,171.02,178.9,170.29,178,2251004,0.0
2020-06-15,181,184.301,178.54,181.14,3178984,0.0
2020-06-16,181.73,185.82,181.32,182.56,1300351,0.0
2020-06-17,182.38,188.25,182.32,187.97,3164461,0.0
2020-06-18,189.5,190.34,181.14,183.56,2178688,0.0
2020-06-21,183.85,186.34,183.5,184.8801,964115,0.0
2020-06-22,185.82,188.69,184.49,185.34,1441047,0.0
2020-06-23,184.5,185.71,178.31,180.07,1431601,0.0
2020-06-24,179.65,186.56,178.95,186.44,1705020,0.0
2020-06-25,185.72,188.43,182.4,187.6,1932915,0.0
2020-06-28,186.26,188.03,181.66,186.3,1594813,0.0
2020-06-29,186.18,188.69,185.02,187.2,1750114,0.0
2020-06-30,187.37,192.95,186.1707,191.56,2269332,0.0
2020-07-01,193.97,194,188.2,188.45,1501083,0.0
