Date,Open,High,Low,Close,Volume,OpenInterest
2016-07-13,52.85,52.85,51.65,51.75,3159205,0.0
2016-07-14,51.73,52.09,51.03,51.65,2723247,0.0
2016-07-17,51.66,52.16,51.15,52.12,2400776,0.0
2016-07-18,52.18,52.19,51.06,51.2,3243875,0.0
2016-07-19,51.57,52.18,50.61,51.86,3304382,0.0
2016-07-20,51.51,52.09,51.29,51.67,2620188,0.0
2016-07-21,51.86,52.42,50.93,52.37,2904516,0.0
2016-07-24,52.4,52.96,52.01,52.07,2448309,0.0
2016-07-25,52.37,53.78,52.1,53.75,4544959,0.0
2016-07-26,54.32,54.56,52.895,53.44,3136321,0.0
2016-07-27,53.3,54.13,52.45,53.69,4304646,0.0
2016-07-28,50.77,51,47.05,47.505,16233903,0.0
2016-07-31,47.69,47.69,45.95,46.07,7010486,0.0
2016-08-01,46.36,47.24,44.39,45.07,7649762,0.0
2016-08-02,44,45.08,43.75,44.76,4869199,0.0
2016-08-03,44.62,44.92,44.3,44.3,3626161,0.0
2016-08-04,44.33,45.585,44.33,45.41,3777996,0.0
2016-08-07,45.98,46.33,45.305,45.36,2981248,0.0
2016-08-08,45.4,45.77,45.0601,45.28,2499720,0.0
2016-08-09,45.42,45.6,43.09,43.17,5465534,0.0
2016-08-10,43.39,44.27,43.29,43.89,3226134,0.0
2016-08-11,43.88,44.43,43.6,44.31,2324273,0.0
2016-08-14,44.47,46.25,44.47,45.84,3825590,0.0
2016-08-15,46.08,46.2689,45.56,45.78,2801553,0.0
2016-08-16,45,45.4,44.43,44.73,3544702,0.0
2016-08-17,44.93,45.91,44.88,45.81,3081362,0.0
2016-08-18,45.64,47.2867,45.6001,46.6,3364114,0.0
2016-08-21,46.44,46.59,45.43,46.14,2572621,0.0
2016-08-22,46.18,46.7499,45.83,46.5,2425058,0.0
2016-08-23,46.62,47,45.25,45.42,2347823,0.0
2016-08-24,45.37,47.06,45.36,46.445,3314186,0.0
2016-08-25,46.77,47.53,46.44,46.93,2952797,0.0
2016-08-28,46.9,47.39,46.83,47.08,2348287,0.0
2016-08-29,47.3,47.6,46.73,47.1,2142253,0.0
2016-08-30,46.8,47.0599,46.04,46.68,2683382,0.0
2016-08-31,46.67,47.0799,45.702,46.32,2567592,0.0
2016-09-01,46.72,47.7,46.26,46.97,2443304,0.0
2016-09-05,47.1,47.7,46.8275,47.55,3831655,0.0
2016-09-06,49.56,54.18,49.56,53.3,17294255,0.0
2016-09-07,53.29,53.9025,52.83,53.47,6269639,0.0
2016-09-08,52.95,54.41,51.3,51.6,5177832,0.0
2016-09-11,51,52.53,50.1,52.31,5737490,0.0
2016-09-12,52.52,53.44,51.52,52.37,4774509,0.0
2016-09-13,52.4,52.68,51.79,51.99,3149585,0.0
2016-09-14,52.11,53.34,51.98,53.275,3434879,0.0
2016-09-15,54.73,55.95,54.3,54.94,7277788,0.0
2016-09-18,55.36,56.45,54.33,54.63,3901741,0.0
2016-09-19,54.92,55.25,54.1077,54.44,2597331,0.0
2016-09-20,54.4,56.19,54.39,56.125,3544580,0.0
2016-09-21,56.52,56.88,55.8101,56.07,3992195,0.0
2016-09-22,55.94,56.8,55.8241,55.94,3509665,0.0
2016-09-25,55.6,57.7001,55.5,57.01,5316321,0.0
2016-09-26,56.79,59.32,56.66,58.86,7146132,0.0
2016-09-27,59,59.27,57.02,58.01,4208341,0.0
2016-09-28,58.43,59.86,57.57,58.27,4753339,0.0
2016-09-29,58.43,59.15,57.69,58.47,3362858,0.0
2016-10-02,59.02,60.47,58.74,58.85,4552445,0.0
2016-10-03,59.35,59.55,58.24,58.69,3977486,0.0
2016-10-04,58.49,59.69,58.19,59.24,3762921,0.0
2016-10-05,59.2,59.262,57.27,58.05,4226799,0.0
2016-10-06,57.91,59.11,57.87,58.68,2918927,0.0
2016-10-09,59.34,59.73,58.73,59.26,3298650,0.0
2016-10-10,59.26,59.35,56.05,56.63,5520145,0.0
2016-10-11,56.75,57.86,55.97,56.43,3789843,0.0
2016-10-12,55.62,55.63,53.7342,55.29,4135895,0.0
2016-10-13,55.62,56.47,54.71,54.84,3320897,0.0
2016-10-16,54.82,55.72,52.43,53.18,5774141,0.0
2016-10-17,54.07,54.36,53,53.98,2670613,0.0
2016-10-18,53.01,53.97,52.1,53.6,3204780,0.0
2016-10-19,53.59,54.3,53.3,53.86,1838505,0.0
2016-10-20,53.53,53.64,52.62,53.06,2110221,0.0
2016-10-23,53.32,53.75,53.16,53.52,2573243,0.0
2016-10-24,54.05,54.44,53.11,53.63,2457810,0.0
2016-10-25,53.52,56.67,53.14,56.54,7633693,0.0
2016-10-26,58.53,61.97,58.5,59.58,13694542,0.0
2016-10-27,59.68,61,59.1,59.2,4173883,0.0
2016-10-30,59.25,59.95,58.43,58.44,2735670,0.0
2016-10-31,58.51,58.9,56.3,57.23,3246866,0.0
2016-11-01,57.11,57.63,55.14,55.2,3463542,0.0
2016-11-02,55.43,55.98,54.87,55.14,2583662,0.0
2016-11-03,54.72,55.97,54.2601,55.02,2308151,0.0
2016-11-06,56.43,57.96,56.3,57.67,3857929,0.0
2016-11-07,57.4,57.77,56.65,57.28,2557074,0.0
2016-11-08,56.11,58.04,55.05,57.48,4650638,0.0
2016-11-09,57.98,59.49,56.6594,56.84,4074144,0.0
2016-11-10,56.72,58.99,56.26,58.89,5129404,0.0
2016-11-13,58.66,60.54,58.65,59.48,3655416,0.0
2016-11-14,59.49,59.985,58.71,59.71,3530889,0.0
2016-11-15,59.52,59.83,58.86,59.53,2562426,0.0
2016-11-16,59.71,60.25,57.62,58.8,5704554,0.0
2016-11-17,58.97,60.93,58.3,60.92,3809059,0.0
2016-11-20,61.1,62.34,60.87,61.17,3298102,0.0
2016-11-21,61.45,61.889,60.32,61.19,2070321,0.0
2016-11-22,60.8,61.48,60.3,61.04,1669548,0.0
2016-11-24,60.96,61.72,60.6603,61.58,1053234,0.0
2016-11-27,61.03,63.1199,61.03,62.3,3723563,0.0
2016-11-28,62.29,64.29,62.29,62.67,4080252,0.0
2016-11-29,63.26,64.3699,62.75,63.66,3765559,0.0
2016-11-30,63.88,65.99,61.37,61.61,4625120,0.0
2016-12-01,61.51,63.65,61.51,63.35,2828235,0.0
2016-12-04,64.14,64.875,60.78,62.09,5876433,0.0
2016-12-05,62.07,64.266,61.85,63.85,3753517,0.0
2016-12-06,67.92,69.6,66.311,69.115,13909940,0.0
2016-12-07,69.23,69.5,67.57,68.25,4074676,0.0
2016-12-08,68.4,69.4,67.57,67.72,2510783,0.0
2016-12-11,67.69,67.69,65.08,66.29,2982090,0.0
2016-12-12,66.59,68.8,66.59,67.9,2865947,0.0
2016-12-13,67.45,68.29,66.74,67.17,1956359,0.0
2016-12-14,67.3,68.84,66.8,67.89,2226544,0.0
2016-12-15,68.78,68.79,66.91,67.18,2714406,0.0
2016-12-18,67.34,68.43,67.02,68.36,2080652,0.0
2016-12-19,69.21,71.6656,68.73,68.95,3644392,0.0
2016-12-20,69.01,69.79,68.27,69.22,2329750,0.0
2016-12-21,71.39,72.01,69.81,70.19,4759181,0.0
2016-12-22,70.14,70.69,69.69,70.35,1683942,0.0
2016-12-26,69.74,70.48,69.55,70.16,1747290,0.0
2016-12-27,69.86,71.16,68.63,69.21,2706240,0.0
2016-12-28,69.02,69.44,67.805,68.45,2848601,0.0
2016-12-29,68.55,69.4,67.6101,67.95,1975115,0.0
2017-01-02,68.95,70.2996,68.58,69.43,3824211,0.0
2017-01-03,69.96,71.58,69.55,70.5,3019375,0.0
2017-01-04,71.06,72.13,70.13,70.55,3013211,0.0
2017-01-05,70.48,71.19,69.96,70.38,2815340,0.0
2017-01-08,70.9,72.3,70.43,71.86,2972491,0.0
2017-01-09,71.82,72.2,70.78,70.84,2720186,0.0
2017-01-10,71.17,72.56,70.57,71.45,3522959,0.0
2017-01-11,70.93,71.03,69.1,70.75,2943167,0.0
2017-01-12,70.59,71.82,70.59,71,1628592,0.0
2017-01-16,70.74,72.34,70.73,71.61,3869807,0.0
2017-01-17,71.99,73.47,71.58,73.24,3637766,0.0
2017-01-18,72.06,73.11,71.63,71.67,3206202,0.0
2017-01-19,72.39,73.4024,72.2788,72.62,2976901,0.0
2017-01-22,72.95,73,71.1,72.66,3968645,0.0
2017-01-23,74.01,76.52,73.93,76.01,5436324,0.0
2017-01-24,79.78,81.26,79.1,80.07,11584058,0.0
2017-01-25,79.84,81.6699,78.36,78.47,8755591,0.0
2017-01-26,78.86,80.04,78.14,79.52,4610025,0.0
2017-01-29,79.28,79.86,78.51,79.21,3224186,0.0
2017-01-30,79.11,79.91,77.8,79.72,2837714,0.0
2017-01-31,80.42,80.7,78.4605,79.16,3312191,0.0
2017-02-01,79.14,79.93,78.8,79.23,2412064,0.0
2017-02-02,79.38,79.85,78.98,79.12,2036625,0.0
2017-02-05,79,79.6504,78.55,78.94,1818890,0.0
2017-02-06,79.34,79.59,78.65,79.04,1818591,0.0
2017-02-07,77.83,77.8867,76.14,77.08,3789458,0.0
2017-02-08,77.74,78.58,77.35,78.04,2364448,0.0
2017-02-09,78.2,78.45,76.84,77.36,2411952,0.0
2017-02-12,78,78.67,77.8,78.45,2000090,0.0
2017-02-13,77.35,77.47,75.98,76.41,4614782,0.0
2017-02-14,76.5,77,75.81,76.01,2655419,0.0
2017-02-15,76.5,77.7,75.78,75.95,2419159,0.0
2017-02-16,75.75,75.81,74.26,74.9,4049129,0.0
2017-02-20,74.94,75.55,74.64,74.91,2863925,0.0
2017-02-21,74.72,75.47,74.26,74.46,2288789,0.0
2017-02-22,74.91,75.39,74.3,74.59,2318955,0.0
2017-02-23,73.11,74.66,72.75,74.65,3441918,0.0
2017-02-26,74.59,76.21,74.04,76.1,3078624,0.0
2017-02-27,75.9,77.62,75.7,76.88,3570701,0.0
2017-02-28,78.09,78.5,76.6,78.32,3771427,0.0
2017-03-01,78.43,79.145,76.08,76.29,4077108,0.0
2017-03-02,76.67,78.22,76.66,77.54,2731173,0.0
2017-03-05,76.97,77.6,75.4301,76.8,2930517,0.0
2017-03-06,76.8,77.38,75.95,76.79,1606863,0.0
2017-03-07,76.68,77.15,76.26,76.44,1299101,0.0
2017-03-08,76.06,76.07,73.07,74.26,4291769,0.0
2017-03-09,75.01,75.48,74.53,75,2209886,0.0
2017-03-12,74.89,76.01,74.73,75.7,1626138,0.0
2017-03-13,75.27,75.8,74.4701,75.7,1891529,0.0
2017-03-14,75.56,76.95,74.9,76.73,2433568,0.0
2017-03-15,76.98,77.87,76.46,77.14,1936924,0.0
2017-03-16,77.3,77.6159,76.65,76.89,2061869,0.0
2017-03-19,76.89,77.5999,76.01,76.42,2514504,0.0
2017-03-20,76.84,77.01,73.14,73.22,4313650,0.0
2017-03-21,72.98,75.04,71.38,74.93,3022732,0.0
2017-03-22,74.65,76.29,74.05,76.19,2722182,0.0
2017-03-23,79.56,81.099,77.57,78.18,7728747,0.0
2017-03-26,77.23,79.12,76.82,78.58,2907184,0.0
2017-03-27,78.72,81,78.59,80.56,3214117,0.0
2017-03-28,80,81.49,79.55,81.39,3870981,0.0
2017-03-29,81.07,84.2763,80.9,83.75,5089614,0.0
2017-03-30,83.61,84,82.39,82.53,3108876,0.0
2017-04-02,82.65,82.93,80.51,82.13,3318979,0.0
2017-04-03,81.87,83.41,81.5,82.99,2520540,0.0
2017-04-04,83.37,84.73,82.06,82.7,3438028,0.0
2017-04-05,82.81,84.33,82.5,84.09,2548760,0.0
2017-04-06,84.06,85.37,83.055,85.17,3587322,0.0
2017-04-09,85.4,86.26,84.1,84.78,4421166,0.0
2017-04-10,86.55,88,84.72,86.05,6962757,0.0
2017-04-11,86.25,86.48,83.69,84.21,4976771,0.0
2017-04-12,83.8,84.7547,83.02,83.5,4345448,0.0
2017-04-16,83.58,84.45,83.07,84.16,3027281,0.0
2017-04-17,83.82,84.18,82.55,82.87,3330682,0.0
2017-04-18,83.44,83.8297,82.63,82.79,2132024,0.0
2017-04-19,83.38,84.59,83.23,84.41,2351434,0.0
2017-04-20,84.65,84.8199,83.11,83.11,2248493,0.0
2017-04-23,84.56,86.47,84.16,85.77,3396500,0.0
2017-04-24,87,87.47,85.09,86.87,3419757,0.0
2017-04-25,84.5,85.37,83.45,84.65,6844173,0.0
2017-04-26,85.13,85.99,83.79,85.76,4561757,0.0
2017-04-27,90.49,91,86.41,89.07,14963921,0.0
2017-04-30,88,88.43,86.1311,87.7,7219438,0.0
2017-05-01,87.8,88.11,86.13,87.29,3840323,0.0
2017-05-02,87.03,89.33,86.481,89.22,3570075,0.0
2017-05-03,89.35,90.3501,88.54,89.17,2782050,0.0
2017-05-04,88.93,90.74,88.61,90.74,2540113,0.0
2017-05-07,90.34,90.65,89.56,89.89,1877656,0.0
2017-05-08,88.93,90.51,88.43,88.88,3218331,0.0
2017-05-09,88.91,89.795,88.75,89.53,1965156,0.0
2017-05-10,89.02,89.9,88.59,89.69,1611688,0.0
2017-05-11,89.75,90.1,89.08,89.64,1475879,0.0
2017-05-14,89.54,89.78,88.51,89.01,2361878,0.0
2017-05-15,89.01,89.59,88.73,88.97,1768780,0.0
2017-05-16,88.26,88.36,85.14,85.22,3226510,0.0
2017-05-17,85.73,86.51,84.13,86.12,2810737,0.0
2017-05-18,86.55,87.48,86.41,86.65,2488115,0.0
2017-05-21,88.62,88.79,86.79,87.98,2574261,0.0
2017-05-22,88.1,88.316,86.32,88.03,1994790,0.0
2017-05-23,88.68,90.81,88.55,89.7,5442237,0.0
2017-05-24,90.3,90.37,88.55,89.27,2388497,0.0
2017-05-25,89.02,90.075,88.3,90,2175268,0.0
2017-05-29,90.08,92.2748,89.835,91.29,2764053,0.0
2017-05-30,91.72,91.85,89.68,90.09,3144076,0.0
2017-05-31,89.94,91.77,89.75,91.59,2612144,0.0
2017-06-01,92.3,92.5,90.61,91.52,2578549,0.0
2017-06-04,91.46,91.5,89.23,89.42,3566740,0.0
2017-06-05,89.25,90.18,89.18,89.94,2386761,0.0
2017-06-06,89.97,91.29,89.7,89.93,2303309,0.0
2017-06-07,90.06,91.13,89.41,91.03,2040386,0.0
2017-06-08,91.1,91.94,84.19,86.01,4891830,0.0
2017-06-11,84.82,86.72,82.14,86.64,4800316,0.0
2017-06-12,88.46,90.43,87.69,90.03,4202174,0.0
2017-06-13,90.25,90.47,86.93,87.8,3434258,0.0
2017-06-14,86.32,87.72,85.6001,87.34,1997850,0.0
2017-06-15,88.01,88.48,86.79,87.12,2487975,0.0
2017-06-18,88.14,88.92,87.66,88.63,1913031,0.0
2017-06-19,88.69,89.59,88.17,88.22,2703172,0.0
2017-06-20,88.06,91.85,87.8725,91.03,3613546,0.0
2017-06-21,91.27,91.3,89.76,90.25,1824569,0.0
2017-06-22,90.93,95,90.61,93.34,5975044,0.0
2017-06-25,94,94.9099,92.54,92.66,2829989,0.0
2017-06-26,91.25,92.8999,89.81,91.85,4594024,0.0
2017-06-27,91.91,93.7,90.8601,93.66,3078193,0.0
2017-06-28,93.21,93.21,90.8,91.65,4800471,0.0
2017-06-29,92.25,92.4,88.281,88.6,5550941,0.0
2017-07-02,89.04,89.25,85.26,85.28,3835901,0.0
2017-07-04,85.95,86.75,84.46,86.41,4191127,0.0
2017-07-05,86.17,86.58,84.74,86.11,2883295,0.0
2017-07-06,86.54,88.52,86.08,86.93,2773431,0.0
2017-07-09,86.87,89.5098,86.31,89.27,2934940,0.0
2017-07-10,89.38,92.16,89.27,91.77,3782317,0.0
2017-07-11,92.86,95.51,92.61,94.13,4610601,0.0
2017-07-12,93.51,94.62,92.61,92.81,2926789,0.0
2017-07-13,93.36,95.49,93.2,94.43,2947141,0.0
2017-07-16,94.19,94.94,93.85,94.5703,1945340,0.0
2017-07-17,94.15,94.82,93.6,94.26,1761314,0.0
2017-07-18,94.42,94.61,93.45,94.48,2091088,0.0
2017-07-19,95,95.56,94.23,95.01,1944439,0.0
2017-07-20,94.7,95.77,94.5,94.83,1721619,0.0
2017-07-23,94.94,95.69,94.48,94.63,1540732,0.0
2017-07-24,91.12,95.05,90.75,93.75,3974381,0.0
2017-07-25,94.26,94.43,92.53,92.96,1900176,0.0
2017-07-26,93.07,94.25,91.22,91.91,4133517,0.0
2017-07-27,88,88,84.1,84.96,8816854,0.0
2017-07-30,86.11,86.73,84.4,85.1,3965136,0.0
2017-07-31,85.29,86.35,84.87,85.68,3262258,0.0
2017-08-01,86.49,86.55,84.05,84.37,2797384,0.0
2017-08-02,84.5,85.01,83.81,84.49,2854408,0.0
2017-08-03,84.79,84.82,79.66,81.14,9447224,0.0
2017-08-06,81.16,81.6316,80.39,80.96,3952074,0.0
2017-08-07,80.79,82.74,80.76,81.32,2833100,0.0
2017-08-08,80.72,81.62,80.52,80.98,1783755,0.0
2017-08-09,80.51,80.5964,78.45,79.19,3333255,0.0
2017-08-10,79.05,80.23,78.31,79.89,2325417,0.0
2017-08-13,80.96,83.2,80.78,82.82,3114248,0.0
2017-08-14,83.03,84.04,82.3041,83.82,2568886,0.0
2017-08-15,84.2,85.94,84.06,85.8499,3042276,0.0
2017-08-16,85.48,85.5999,82.47,82.47,2253859,0.0
2017-08-17,82.46,83.99,81.55,83.21,2382534,0.0
2017-08-20,83.07,84,81.66,83.86,2801342,0.0
2017-08-21,84.48,86.99,84.24,86.655,3432130,0.0
2017-08-22,86.4,89,86.06,88.32,3811929,0.0
2017-08-23,89.01,90.18,88.35,89.45,2839800,0.0
2017-08-24,89.15,90.71,88.6,90.27,2601819,0.0
2017-08-27,91.01,92.1388,90.06,90.55,3082478,0.0
2017-08-28,89.43,90.37,88.08,90.05,2691838,0.0
2017-08-29,88.75,90.71,87.44,90.29,2977606,0.0
2017-08-30,90.3,90.46,87.48,88.28,3601420,0.0
2017-08-31,88.67,90.71,88.57,90.41,2740767,0.0
2017-09-04,90,91.17,88.37,89.5,2565296,0.0
2017-09-05,89.95,90.98,88.54,89.57,2603358,0.0
2017-09-06,90,90,88.38,88.4,1910032,0.0
2017-09-07,88.4,88.8254,86.26,87,3285362,0.0
2017-09-10,87.69,88.3,86.8194,87.38,2496996,0.0
2017-09-11,87.65,89.4025,87.11,88.78,3247922,0.0
2017-09-12,86.49,86.5,83.32,85.74,7242146,0.0
2017-09-13,85.35,86.44,85.1201,85.78,2153619,0.0
2017-09-14,86.09,89.08,86.09,88.52,4331151,0.0
2017-09-17,89.01,89.36,87.681,89.18,2356893,0.0
2017-09-18,88.7,90.95,86.7,89.92,6874174,0.0
2017-09-19,86.21,86.8548,84.12,86.37,6315553,0.0
2017-09-20,86.16,86.3,84.16,85.48,3601479,0.0
2017-09-21,85.42,86.64,85.2701,86.47,2174829,0.0
2017-09-24,86.11,87.15,85.5,86.09,1934911,0.0
2017-09-25,87.04,87.82,86.09,86.29,1979746,0.0
2017-09-26,86.99,89.21,86.65,88.71,3092278,0.0
2017-09-27,87.26,87.83,85.31,86.71,3439258,0.0
2017-09-28,86.5,87.02,85.8,86.4,1885715,0.0
2017-10-01,84.84,85,82.55,83.37,6119153,0.0
2017-10-02,83.22,83.6004,82.32,82.99,3887379,0.0
2017-10-03,82.84,84.84,82.63,84.34,2686474,0.0
2017-10-04,83,84.49,82.15,83.59,4634025,0.0
2017-10-05,83.48,85.67,83.01,83.86,2600735,0.0
2017-10-08,84.35,84.52,83.68,84.28,1681161,0.0
2017-10-09,85.6,86.78,85,86.01,3157475,0.0
2017-10-10,85.99,86.98,85.51,85.62,2354135,0.0
2017-10-11,85.6,86.24,85.2,85.77,1655888,0.0
2017-10-12,86.57,88.25,86.1,87.8,3121649,0.0
2017-10-15,87.74,87.82,86.53,86.83,1997364,0.0
2017-10-16,86.45,86.91,85.23,85.78,2333161,0.0
2017-10-17,85.76,86.28,84.75,85.53,2288489,0.0
2017-10-18,85.56,85.68,84.2141,85.47,1608825,0.0
2017-10-19,86.28,87.72,86,86.41,2137506,0.0
2017-10-22,90.04,90.33,87.95,87.99,3973326,0.0
2017-10-23,88.33,89.3,87.6,87.88,1999037,0.0
2017-10-24,87.5,88.19,86.52,87.3,1962073,0.0
2017-10-25,87.5,89.66,87.5,89.39,2987530,0.0
2017-10-26,88.36,88.63,84.32,87.11,6618002,0.0
2017-10-29,86.96,88.09,85.52,85.78,2983255,0.0
2017-10-30,86.25,90.16,85.78,89.27,4583249,0.0
2017-10-31,90.01,91.23,88.9,89.25,2815963,0.0
2017-11-01,89.1,89.16,87.71,88.6,1877790,0.0
2017-11-02,89.08,89.14,86.51,87.04,2327098,0.0
2017-11-05,86.67,88.18,86.53,87.85,2310247,0.0
2017-11-06,87.85,87.92,85.96,86.08,2630431,0.0
2017-11-07,86.26,87.42,85.53,87.11,2172913,0.0
2017-11-08,86.5,88.24,86.05,87.63,2232982,0.0
2017-11-09,88.25,89.37,87.6,88.92,2161630,0.0
2017-11-12,88.19,89.09,88.13,88.46,1296084,0.0
2017-11-13,89.75,92.29,89.01,91.58,4390549,0.0
2017-11-14,90.8,91.18,89.51,90.36,2510284,0.0
2017-11-15,90.59,91.72,90.43,91.21,1751142,0.0
2017-11-16,91.22,91.635,90.525,91.31,1190296,0.0
2017-11-19,90.69,91.13,89.73,90.9,2218007,0.0
2017-11-20,91.59,93.31,91.26,92.35,2291284,0.0
2017-11-21,92.43,93.22,91.71,92.91,1741913,0.0
2017-11-23,92.96,93.16,92.25,92.77,724035,0.0
2017-11-26,88.31,88.33,85.33,86.54,9084644,0.0
2017-11-27,87.1,87.45,85.94,86.9,3313853,0.0
2017-11-28,86.34,86.49,80.6,80.99,5764928,0.0
2017-11-29,81.92,82.0999,78.6,78.86,5195491,0.0
2017-11-30,79.26,80.36,77.11,79.33,5210082,0.0
2017-12-03,79.36,79.93,76.59,77.12,3940866,0.0
2017-12-04,77.26,79.03,76.774,78.55,3484382,0.0
2017-12-05,78,78.93,77.51,77.86,2689392,0.0
2017-12-06,78,78.86,77.69,78.35,1990044,0.0
2017-12-07,80.12,81.68,79.42,81.47,4170818,0.0
2017-12-10,81.19,81.9395,80.09,81.2,1881360,0.0
2017-12-11,81.59,82.75,81.13,81.77,1762665,0.0
2017-12-12,84.67,85.63,83.115,83.64,4941860,0.0
2017-12-13,83.87,84.09,82.431,82.64,2384261,0.0
2017-12-14,81.89,82.08,79.93,81.61,5016160,0.0
2017-12-17,82.51,83.83,82.3,83.61,3057307,0.0
2017-12-18,83.53,85.13,82.29,84.24,2608563,0.0
2017-12-19,85.16,85.26,82.12,82.78,3848913,0.0
2017-12-20,82.88,83.27,80.75,80.835,2800528,0.0
2017-12-21,80.88,81.36,80.46,80.68,1691889,0.0
2017-12-25,80.92,80.98,79.22,80,3306244,0.0
2017-12-26,80.09,81,79.63,80.96,1860518,0.0
2017-12-27,81.42,81.7,80.33,80.64,1801201,0.0
2017-12-28,80.61,80.75,79.49,79.53,2153840,0.0
2018-01-01,80.51,81.79,79.58,81.38,2372704,0.0
2018-01-02,82,82.89,81.81,82.67,2240824,0.0
2018-01-03,82,83,79.69,82.15,3613343,0.0
2018-01-04,82.39,82.97,81.61,82.69,2118645,0.0
2018-01-07,82.67,83,80.61,81.42,3586276,0.0
2018-01-08,81.52,82.1,80.43,80.63,3141904,0.0
2018-01-09,79.2,80.9455,78.01,80.91,3899053,0.0
2018-01-10,80.92,82.91,80.9,82.25,3071003,0.0
2018-01-11,82.68,83.31,82.45,83.12,2247384,0.0
2018-01-15,83.66,84.98,83.3,83.88,3586864,0.0
2018-01-16,84.55,85.4799,84.2,85.15,2688666,0.0
2018-01-17,85.07,86.57,85.07,86.39,3601518,0.0
2018-01-18,86.05,87.07,85.38,85.6,2983701,0.0
2018-01-21,85.94,86.39,85.1,86.24,2566031,0.0
2018-01-22,86.43,87.55,86.01,87.34,2397842,0.0
2018-01-23,87.7,87.89,86.18,86.97,2465793,0.0
2018-01-24,88.13,89.84,87.645,88.01,5494202,0.0
2018-01-25,86.75,89.63,86.71,89.59,6555658,0.0
2018-01-28,88.75,89.8,87.18,87.45,3541468,0.0
2018-01-29,86,87.26,85.11,87.09,3633916,0.0
2018-01-30,89.17,91.19,88.67,88.98,4783538,0.0
2018-01-31,87.43,89.12,86.6,87.59,2561920,0.0
2018-02-01,87,87.13,85.01,85.23,2832288,0.0
2018-02-04,84.2,85.9,81.44,81.44,3832373,0.0
2018-02-05,80.58,84.6,80.26,84.26,3364723,0.0
2018-02-06,83.95,85.32,83.1,83.71,2770921,0.0
2018-02-07,83.65,84.41,80.089,80.089,2664562,0.0
2018-02-08,80.8,81.98,77.9,80.58,3686283,0.0
2018-02-11,81.25,83.06,81.25,82.34,2200281,0.0
2018-02-12,81.86,83.46,81.58,82.97,1994965,0.0
2018-02-13,81.9,83.59,81.9,83.33,2414543,0.0
2018-02-14,83.91,84.62,82.96,84.54,2402899,0.0
2018-02-15,84.29,86.32,84.23,84.89,2348208,0.0
2018-02-19,84.13,87.349,84.11,86.46,2775206,0.0
2018-02-20,86.29,87.54,85.62,85.67,1967086,0.0
2018-02-21,85.94,87.26,85.27,85.53,1623850,0.0
2018-02-22,86.98,89.32,86.5,89.17,3337671,0.0
2018-02-25,89.14,89.52,88.22,89.21,1922136,0.0
2018-02-26,89.42,89.93,86.975,87.19,2558433,0.0
2018-02-27,88.14,88.59,87.01,87.04,2037173,0.0
2018-02-28,87.42,88.82,86.31,87.26,2772562,0.0
2018-03-01,86.28,88.4,86.03,88.25,1882969,0.0
2018-03-04,88,90.31,87.99,89.96,2713838,0.0
2018-03-05,91.13,94.14,90.69,93.81,5408449,0.0
2018-03-06,92.75,96.94,92.75,95.28,4742707,0.0
2018-03-07,95.5,97.91,95.38,97.21,3224540,0.0
2018-03-08,97.9,100,97.55,99.55,3593832,0.0
2018-03-11,100,103.1099,99.76,102.85,4006586,0.0
2018-03-12,103.2,106.3,102.64,102.91,5077442,0.0
2018-03-13,103.45,104.6,101.38,103.2,3096124,0.0
2018-03-14,103.12,103.41,101.67,102.24,2063745,0.0
2018-03-15,103.88,106.96,103.43,106.44,5466466,0.0
2018-03-18,105.99,106.39,102.415,103.16,3457481,0.0
2018-03-19,103.54,104.5,103.115,103.67,1723287,0.0
2018-03-20,103.69,104.6,102.76,102.84,1804403,0.0
2018-03-21,101.58,102.74,100.39,100.831,2281186,0.0
2018-03-22,98.42,99.32,92.32,92.33,7122172,0.0
2018-03-25,94.21,94.51,91.61,94.28,3465863,0.0
2018-03-26,94.93,95.7,91.58,92.2,2573738,0.0
2018-03-27,91.82,92.87,90.22,90.84,2175372,0.0
2018-03-28,91.28,93.26,90.57,92.27,2114228,0.0
2018-04-01,92.51,93.41,88.9,89.98,2580199,0.0
2018-04-02,90.58,91.79,89.3006,91.25,1763436,0.0
2018-04-03,88.09,92.78,88.09,92.5,1569693,0.0
2018-04-04,93.08,93.3863,90.07,90.53,1713946,0.0
2018-04-05,89.48,90.62,87.15,87.76,1972518,0.0
2018-04-08,88.62,90.985,88.3907,88.55,1783308,0.0
2018-04-09,90.52,92.3,90.13,90.72,1945915,0.0
2018-04-10,89.92,90.84,89.42,89.64,1321778,0.0
2018-04-11,90.39,91.22,89.95,90.49,1352095,0.0
2018-04-12,91.11,91.91,89.48,89.92,1552161,0.0
2018-04-15,90.56,90.6006,89.0411,90.51,2022474,0.0
2018-04-16,91.14,91.88,90.8,91.369,1674223,0.0
2018-04-17,90.2,92.06,89.11,91.69,2424912,0.0
2018-04-18,90.62,91.5499,88.68,89.51,1833144,0.0
2018-04-19,89.17,91.5,88.79,89.56,2899776,0.0
2018-04-22,90.08,90.14,86.66,87,2421877,0.0
2018-04-23,88.07,89.78,85.8702,86.43,2577422,0.0
2018-04-24,86.44,86.95,83.855,85.92,1818980,0.0
2018-04-25,87.31,88.39,86.54,88.0317,3342720,0.0
2018-04-26,86.23,87.21,80.6,80.87,7845063,0.0
2018-04-29,80.7,82,76.7,78.78,5776294,0.0
2018-04-30,78.2222,80.43,78.2222,79.78,3661219,0.0
2018-05-01,79.48,79.77,76.69,76.765,4461319,0.0
2018-05-02,76.62,77.48,75.96,76.985,3455210,0.0
2018-05-03,76.64,77.76,76.05,77.29,3905866,0.0
2018-05-06,77.73,79.17,77.445,78.53,3232736,0.0
2018-05-07,78.5,78.8999,77.03,77.73,2075025,0.0
2018-05-08,78.06,78.695,77.14,78.41,2717187,0.0
2018-05-09,79.04,79.23,78.1,79.03,2491609,0.0
2018-05-10,79,79.83,78.58,78.8,2202455,0.0
2018-05-13,80.92,82.97,80.6301,81.11,4659801,0.0
2018-05-14,82.3,83.3,81.01,82.99,4733690,0.0
2018-05-15,83.5,87.14,83.35,87.03,5882528,0.0
2018-05-16,86.76,87.73,85.701,86.52,3283777,0.0
2018-05-17,85.81,86.72,84.4,84.74,2682515,0.0
2018-05-20,86.63,87.461,85.95,86.53,2919759,0.0
2018-05-21,87.66,88.62,87.25,87.87,3245628,0.0
2018-05-22,86.96,88.53,86.4085,88.51,2608819,0.0
2018-05-23,88.05,88.62,86.8744,87.47,2111506,0.0
2018-05-24,87.5,87.92,86.08,86.33,2252111,0.0
2018-05-28,85.73,87.26,85.6235,86.49,2288586,0.0
2018-05-29,87.03,87.25,86.05,86.52,1997636,0.0
2018-05-30,86.3,86.91,83.43,83.52,3506908,0.0
2018-05-31,84.21,85.975,83.6,85.87,2842675,0.0
2018-06-03,85.42,85.48,83.77,84.85,3338431,0.0
2018-06-04,85.43,86.1,85.12,85.89,1999872,0.0
2018-06-05,86.4,87.16,84.57,84.71,3379090,0.0
2018-06-06,84.69,84.8319,80.64,82.62,6897612,0.0
2018-06-07,81.74,82.85,81.15,82.61,2111539,0.0
2018-06-10,82.43,83.49,82.31,83,2771645,0.0
2018-06-11,83.33,83.33,81.37,82.15,2880118,0.0
2018-06-12,82.44,83.46,82.22,82.86,3149877,0.0
2018-06-13,83.1,83.63,82.39,82.55,2933173,0.0
2018-06-14,82,82,80.02,80.61,3577301,0.0
2018-06-17,79.81,80.51,78.86,80.26,2791365,0.0
2018-06-18,79.37,80.89,78.9,80.5,2071131,0.0
2018-06-19,81,81.17,80.035,80.23,1987044,0.0
2018-06-20,82.76,83.78,80.73,80.89,2903709,0.0
2018-06-21,81.26,81.38,79.54,79.69,1932708,0.0
2018-06-24,79.07,79.465,77.01,78.14,3270470,0.0
2018-06-25,78.36,78.81,77.72,78.5,2708988,0.0
2018-06-26,78.49,78.92,77.28,77.29,2566103,0.0
2018-06-27,76.94,77.58,76.4,76.94,2360734,0.0
2018-06-28,77.6,78.56,77.21,77.42,1804860,0.0
2018-07-01,76.5,78.17,76.06,78.03,1724516,0.0
2018-07-02,78.55,78.81,76.62,76.87,1326086,0.0
2018-07-04,77.23,77.72,76.545,77.51,1616349,0.0
2018-07-05,77.3,78.03,76.491,77.92,1544316,0.0
2018-07-08,78.4,79.7,78.12,79.69,1830217,0.0
2018-07-09,79.88,80.12,79.13,80.09,1980852,0.0
2018-07-10,79.34,79.34,77.89,78.2,2398706,0.0
2018-07-11,78.79,78.93,78.331,78.84,1363311,0.0
2018-07-12,78.81,80.06,78.78,79.52,1171231,0.0
2018-07-15,79.68,79.68,78.23,78.44,1678184,0.0
2018-07-16,77.73,79.11,77.66,78.99,1175913,0.0
2018-07-17,79,79.26,78.52,78.78,1912201,0.0
2018-07-18,78.41,78.84,77.195,77.45,2035829,0.0
2018-07-19,77.49,77.67,76.5,76.65,2423610,0.0
2018-07-22,76.24,76.525,74.81,76.37,2242041,0.0
2018-07-23,76.5,76.98,74.97,75.11,2355028,0.0
2018-07-24,75.17,76.14,75.05,75.63,2221224,0.0
2018-07-25,75.53,77.54,75.38,77.097,4011701,0.0
2018-07-26,74.49,75,69.96,71.1,9249197,0.0
2018-07-29,71.05,71.9,69.53,70.02,4804878,0.0
2018-07-30,71.04,71.715,70.12,70.15,3612117,0.0
2018-07-31,70.21,70.43,69.19,69.23,3298318,0.0
2018-08-01,69,69.16,68.41,68.49,3480746,0.0
2018-08-02,68.74,68.85,67.33,67.97,3735917,0.0
2018-08-05,67.64,68.46,67.62,68.3,2808691,0.0
2018-08-06,68.54,69.55,67.72,67.74,3408328,0.0
2018-08-07,67.7,67.75,67.02,67.05,2461068,0.0
2018-08-08,66.8,67,65.3,66.11,4731927,0.0
2018-08-09,65.51,65.97,64.68,64.79,3484623,0.0
2018-08-12,64.97,65.38,64.04,64.23,2469185,0.0
2018-08-13,64.71,65.7936,64.36,64.99,2329480,0.0
2018-08-14,63.26,64.19,61.54,63.95,8280540,0.0
2018-08-15,64.4,65.49,64.36,65.065,3474089,0.0
2018-08-16,64.74,64.94,63.65,64.62,2595498,0.0
2018-08-19,64.85,64.85,63.31,64.01,2841802,0.0
2018-08-20,64.45,65.24,64.36,64.9,2287543,0.0
2018-08-21,64.83,64.86,63.94,64.01,2070838,0.0
2018-08-22,63.84,64.45,63.18,63.34,2063572,0.0
2018-08-23,63.72,64.25,63.47,63.81,1932924,0.0
2018-08-26,64.05,65.22,64,64.48,2325585,0.0
2018-08-27,64.76,64.93,64.17,64.68,1567090,0.0
2018-08-28,64.78,64.855,63.36,63.38,2769142,0.0
2018-08-29,63.39,63.5,62.89,63.29,2596335,0.0
2018-08-30,63.18,63.33,62.6,63.24,2389753,0.0
2018-09-03,61.74,61.75,58.92,60.24,7392058,0.0
2018-09-04,60.12,60.86,59.3,60.01,4179373,0.0
2018-09-05,59.855,59.855,57.53,57.8,4874765,0.0
2018-09-06,57.5,58.35,56.61,57.68,3734825,0.0
2018-09-09,58,58.06,56.91,57.06,2722930,0.0
2018-09-10,55.75,55.88,54.12,54.975,6145973,0.0
2018-09-11,53.85,57.67,53.61,56.56,5975429,0.0
2018-09-12,57.04,57.72,56.15,57.1,3700436,0.0
2018-09-13,57.35,57.95,56.17,56.95,2376927,0.0
2018-09-16,56.84,58.11,56.7,57.17,2598247,0.0
2018-09-17,57.46,59.11,57.26,58.1,4013845,0.0
2018-09-18,58.54,58.94,57.98,58.4,2472810,0.0
2018-09-19,59.28,60.67,59.14,60.05,5055359,0.0
2018-09-20,59.81,61.09,59.11,60.71,5555816,0.0
2018-09-23,60.27,60.615,59.52,59.92,4314314,0.0
2018-09-24,59.92,60.43,58.97,59.69,3231494,0.0
2018-09-25,59.08,59.441,57.94,58.95,3629131,0.0
2018-09-26,58.72,59.2001,58.08,58.28,2253372,0.0
2018-09-27,58.12,59.23,57.63,58.55,2331409,0.0
2018-09-30,58.01,59.56,57.36,58.02,3377515,0.0
2018-10-01,58.09,59.28,57.67,57.71,3233672,0.0
2018-10-02,57.92,59.24,57.8,58.36,3173498,0.0
2018-10-03,57.75,57.89,56.06,56.62,4460563,0.0
2018-10-04,56.8,57.39,56.01,56.15,2622046,0.0
2018-10-07,55.9,56.46,55.33,55.65,1952996,0.0
2018-10-08,55.55,55.64,53.5813,54.43,3193361,0.0
2018-10-09,54.02,55.36,53.95,54.16,4181597,0.0
2018-10-10,54.56,55.91,53.75,54.13,3415146,0.0
2018-10-11,55.17,55.662,53.89,54.41,2846123,0.0
2018-10-14,54.02,55.465,53.81,54.5,2335694,0.0
2018-10-15,55.3,56.24,54.78,56.06,2347337,0.0
2018-10-16,56.21,56.86,55.36,55.77,2277894,0.0
2018-10-17,55.42,56.87,55.39,55.82,3862252,0.0
2018-10-18,56.11,57.775,56.065,56.54,3924015,0.0
2018-10-21,56.73,57.12,55.2644,55.35,3236007,0.0
2018-10-22,53.8,56.05,53.6,55.67,3153003,0.0
2018-10-23,55.48,55.7151,52.2506,52.33,4794560,0.0
2018-10-24,52.89,54.84,52.63,54,5505743,0.0
2018-10-25,47.4,47.57,42,44.18,26386774,0.0
2018-10-28,44.66,44.93,41.11,41.55,12163564,0.0
2018-10-29,41.56,42.6,40.58,41.3699,8642090,0.0
2018-10-30,42.35,44.19,42.13,43.07,6438810,0.0
2018-10-31,43.29,47.4,43.25,47.06,7992920,0.0
2018-11-01,45.82,47.99,45.58,47.74,6070039,0.0
2018-11-04,47.76,49.215,46.97,48.35,5475257,0.0
2018-11-05,48.07,49.19,47.87,48.87,3379316,0.0
2018-11-06,49.4,49.58,47.5,48.54,3561326,0.0
2018-11-07,48.53,48.92,47.32,47.55,2712161,0.0
2018-11-08,47,47.26,44.86,45.72,4655917,0.0
2018-11-11,45.29,45.32,43.19,43.46,3791738,0.0
2018-11-12,43.68,44.835,43.46,44.69,5276696,0.0
2018-11-13,45.68,46.45,44.63,45.06,4075625,0.0
2018-11-14,44.88,47.12,44.3694,46.74,4696808,0.0
2018-11-15,46.04,47.06,45.59,46.61,3602650,0.0
2018-11-18,46.13,46.78,45.03,45.13,4060692,0.0
2018-11-19,43.14,46.58,42.6,45.68,7943272,0.0
2018-11-20,46.55,47.7,46.17,46.91,5624746,0.0
2018-11-22,46.84,48.09,46.51,47.36,3126976,0.0
2018-11-25,48.47,48.5,47.15,47.91,3537616,0.0
2018-11-26,47.5,48.94,47.3,48.66,3152482,0.0
2018-11-27,49.12,49.38,44.55,48.18,9420104,0.0
2018-11-28,47.67,48,45.23,45.52,6402395,0.0
2018-11-29,45.42,45.71,43.41,45.38,8148779,0.0
2018-12-02,46.26,46.54,44.91,46.37,6778324,0.0
2018-12-03,45.96,46.37,42.52,43.04,8725761,0.0
2018-12-05,43.04,43.66,42.13,43.6,6058990,0.0
2018-12-06,43.4,43.7715,40.66,42.03,4335697,0.0
2018-12-09,41.5,42.04,40.7407,41.65,4645168,0.0
2018-12-10,42.2,42.66,41.035,41.6,3955367,0.0
2018-12-11,42.24,42.2799,40.9,40.96,4801367,0.0
2018-12-12,41.21,41.22,39.735,39.96,4571653,0.0
2018-12-13,39.27,39.99,38.76,38.79,5360475,0.0
2018-12-16,38.73,40.12,37.95,38.21,5616340,0.0
2018-12-17,38.25,39.81,38.2,38.73,4626844,0.0
2018-12-18,38.42,39.175,36.13,36.57,7381619,0.0
2018-12-19,36.52,38.36,36.15,36.69,7754656,0.0
2018-12-20,36.92,37.61,35.86,35.91,7539056,0.0
2018-12-23,35.68,36.35,34.75,35.02,3643256,0.0
2018-12-25,35.73,37,33.83,36.92,6848087,0.0
2018-12-26,35.92,36.9,35.39,36.89,4033815,0.0
2018-12-27,37.285,37.57,36.2,36.69,4792832,0.0
2018-12-30,38.04,38.09,35.82,36.75,6011635,0.0
2019-01-01,36.15,38.87,36.02,38.229,5676468,0.0
2019-01-02,37,37.16,35.53,35.755,6937696,0.0
2019-01-03,36.6,37.42,36.265,37.14,5452292,0.0
2019-01-06,37.32,38.72,37.16,38.495,5312464,0.0
2019-01-07,39.26,39.43,37.15,38.1,6576082,0.0
2019-01-08,38.36,41.585,38.35,39.735,8994720,0.0
2019-01-09,39.52,40.25,38.88,39.77,4036849,0.0
2019-01-10,39.56,40.5258,38.83,39.995,4479803,0.0
2019-01-13,37.89,38.175,36.16,38.075,12172873,0.0
2019-01-14,38.06,38.24,36.96,37.595,5777192,0.0
2019-01-15,37.82,38.74,37.66,37.83,4135452,0.0
2019-01-16,37.25,37.39,35.02,36.48,9073890,0.0
2019-01-17,36.55,39.2098,36.26,39.12,8117796,0.0
2019-01-21,38.97,38.97,37.43,37.465,5638558,0.0
2019-01-22,37.93,38.35,37.19,37.6,4195909,0.0
2019-01-23,38.67,41.34,38.55,40.23,13550185,0.0
2019-01-24,45.5,47.95,41.5285,42.955,35510220,0.0
2019-01-27,42.03,44.15,41.6,44.02,11024007,0.0
2019-01-28,44,44.5296,42.46,42.65,5843607,0.0
2019-01-29,43.17,43.99,42.48,43.82,5798079,0.0
2019-01-30,43.81,45.025,43.5,45.01,6230835,0.0
2019-01-31,44.73,47.28,44.73,47.02,7890746,0.0
2019-02-03,47.06,47.89,46.1,47.87,5013260,0.0
2019-02-04,47.44,48.25,47.135,47.41,5263195,0.0
2019-02-05,47.42,48.68,47.41,48.005,4560988,0.0
2019-02-06,47.49,47.5,45.45,45.835,6619127,0.0
2019-02-07,44.45,46.7187,44.05,46.675,6624220,0.0
2019-02-10,46.78,46.88,45.61,45.925,3512172,0.0
2019-02-11,46.46,47.825,46.3457,47.3,4005276,0.0
2019-02-12,48.68,48.75,47.54,47.7149,5731189,0.0
2019-02-13,47.56,48.41,47.465,48.075,4804124,0.0
2019-02-14,48.46,48.46,47.375,47.625,4111463,0.0
2019-02-18,48.42,48.99,47.66,48.01,4048766,0.0
2019-02-19,47.95,49.19,47.91,48.44,3868870,0.0
2019-02-20,48.38,48.5,47.05,47.19,3320759,0.0
2019-02-21,48.06,49.5516,47.44,49.49,4500986,0.0
2019-02-24,50.9,52.24,50.76,51.36,6892127,0.0
2019-02-25,51.19,51.6,50.5,50.97,3448409,0.0
2019-02-26,50.83,51.37,48.5,48.51,6195946,0.0
2019-02-27,48.15,50.52,46.66,50.3,9653230,0.0
2019-02-28,51.02,51.945,50.59,51.66,6830952,0.0
2019-03-03,52.27,53.4,51.58,52.62,7479754,0.0
2019-03-04,52,52.24,50.48,50.74,5720391,0.0
2019-03-05,50.36,50.36,48.1,48.12,7266993,0.0
2019-03-06,47.86,47.86,45.41,46.99,8336020,0.0
2019-03-07,46,47.56,45.73,47.49,5050877,0.0
2019-03-10,47.75,50,47.66,49.64,5573335,0.0
2019-03-11,49.69,50.56,48.75,49.16,4372920,0.0
2019-03-12,49.14,49.47,48.07,49.01,5223838,0.0
2019-03-13,48.6,48.72,47.15,47.59,7150686,0.0
2019-03-14,48.5199,48.71,47.97,48.1,3742956,0.0
2019-03-17,48.19,48.6699,47.8281,48.29,3338194,0.0
2019-03-18,48.72,48.835,47.72,47.9,4010951,0.0
2019-03-19,47.84,48.1711,46.56,47.17,4897491,0.0
2019-03-20,47.87,52.27,47.87,51.78,13658840,0.0
2019-03-21,51.25,51.45,48.37,48.41,8011598,0.0
2019-03-24,48.25,48.85,47.09,47.9,4158687,0.0
2019-03-25,48.19,48.93,46.865,47.07,5757672,0.0
2019-03-26,47.23,47.45,44.94,45.38,8445351,0.0
2019-03-27,44.92,46.28,44.76,45.75,5432104,0.0
2019-03-28,46.28,48.6,46.28,48.06,7505790,0.0
2019-03-31,48.93,49.4602,48.35,49.3,2884350,0.0
2019-04-01,49.23,50.835,48.84,50.39,5598084,0.0
2019-04-02,51.5,53.43,51.402,52,7549240,0.0
2019-04-03,51.41,51.87,50.75,51.38,3955099,0.0
2019-04-04,51.77,52.35,51.29,52.05,3511457,0.0
2019-04-07,51.42,51.76,50.3616,51.59,3857309,0.0
2019-04-08,51.88,51.88,49.995,50.105,4467700,0.0
2019-04-09,50.08,50.91,49.6,50.7,4060710,0.0
2019-04-10,50.89,51.6,50.43,50.83,2737839,0.0
2019-04-11,51.63,52.2799,51.27,51.82,3865557,0.0
2019-04-14,52.5,52.74,51.475,51.86,4417623,0.0
2019-04-15,53.16,54.67,52.87,54.29,7904737,0.0
2019-04-16,55,55.54,53.34,54.46,6169421,0.0
2019-04-17,54.47,55.44,53.9,55.4,5029710,0.0
2019-04-21,54.96,55.22,53.52,54.21,4285372,0.0
2019-04-22,54.37,54.75,53.42,54.4,3443567,0.0
2019-04-23,54.505,54.505,52.8,53.96,3544985,0.0
2019-04-24,54.5,54.65,52.53,52.95,3511766,0.0
2019-04-25,49.95,50.98,48.8,50.93,9420038,0.0
2019-04-28,50.61,51.54,50.31,50.46,7494911,0.0
2019-04-29,49.3,51.54,47.81,51.18,17010673,0.0
2019-04-30,51.59,53.04,50.63,50.79,7140562,0.0
2019-05-01,50.94,51.27,49.57,49.75,5452634,0.0
2019-05-02,50.11,50.94,49.68,50.78,3536449,0.0
2019-05-05,48.84,49.87,48.28,49.54,4203167,0.0
2019-05-06,48.71,49.48,46.65,47.22,6312494,0.0
2019-05-07,46.94,47.95,46.615,46.69,4533079,0.0
2019-05-08,45.97,46.58,44.57,46.42,5879804,0.0
2019-05-09,46.02,46.13,44.22,45.86,4447119,0.0
2019-05-12,44.1,44.18,42.84,43,6298972,0.0
2019-05-13,43.34,45.11,43.34,44.61,4940606,0.0
2019-05-14,44.1,45.945,43.99,45.49,4103595,0.0
2019-05-15,44.82,45.4,44.35,45.09,3073235,0.0
2019-05-16,44.35,45.81,43.43,44.61,4119686,0.0
2019-05-19,43.58,44.16,41.66,41.97,8347334,0.0
2019-05-20,42.55,43.72,42.55,43.45,3907569,0.0
2019-05-21,42.97,43.11,41.87,42.2,2899668,0.0
2019-05-22,41.29,41.6,40.23,41.49,4024058,0.0
2019-05-23,41.73,42.11,40.77,40.98,3565263,0.0
2019-05-27,41.24,41.57,39.555,39.58,4280596,0.0
2019-05-28,39.07,39.95,38.75,39.67,4897443,0.0
2019-05-29,39.92,40.91,39.08,39.45,3484348,0.0
2019-05-30,38.69,39.6713,37.1701,37.22,6480401,0.0
2019-06-02,37.34,37.97,36.825,37.07,5010852,0.0
2019-06-03,37.52,39.18,37.42,39.12,4767866,0.0
2019-06-04,39.45,39.99,37.795,37.9,4594703,0.0
2019-06-05,38.18,38.4676,37.38,38,4503327,0.0
2019-06-06,37.77,38.18,36.81,36.94,5388609,0.0
2019-06-09,37.47,38.73,37.47,37.985,4418866,0.0
2019-06-10,39.01,39.09,38.08,38.41,3499335,0.0
2019-06-11,37.71,37.86,35.97,36.23,7598411,0.0
2019-06-12,36.43,37.36,36.06,37.34,13787547,0.0
2019-06-13,36.5,36.7652,35.9,36.33,10207103,0.0
2019-06-16,36.21,36.66,35.61,36.28,3675432,0.0
2019-06-17,36.89,38.875,36.7463,38.11,6494815,0.0
2019-06-18,38.49,39.39,38.318,38.84,4862447,0.0
2019-06-19,39.91,40.82,39.27,39.625,4987383,0.0
2019-06-20,39.3,40.3,38.8,40.04,5416969,0.0
2019-06-23,40.3,41.725,40.25,41.04,6539557,0.0
2019-06-24,41.32,41.94,40.89,41.11,5198749,0.0
2019-06-25,43.81,45.36,43.4,44.105,12892561,0.0
2019-06-26,43.81,45.1,43.42,44.54,7359672,0.0
2019-06-27,46.07,47.6,45.31,47.54,12826656,0.0
2019-06-30,50.4,51.06,48.54,49.66,10173866,0.0
2019-07-01,48.32,49.15,47.4,48.33,7049473,0.0
2019-07-02,48.6,48.69,47.69,47.93,3217423,0.0
2019-07-04,47.51,48.6,47.28,48.53,4372047,0.0
2019-07-07,47.8,49.91,47.79,49.9,5722163,0.0
2019-07-08,49.52,51.54,49.47,51.48,9300694,0.0
2019-07-09,52.35,54.18,52.31,54.04,8731512,0.0
2019-07-10,54.11,54.47,52.7705,54.26,6274841,0.0
2019-07-11,54.46,55.675,53.78,55.3,5997855,0.0
2019-07-14,55.34,55.58,54.06,54.66,4788775,0.0
2019-07-15,54.61,54.61,50.51,51.49,10508117,0.0
2019-07-16,51.71,52.48,51,51.49,5422181,0.0
2019-07-17,51.36,52.915,51.3,52.88,4675658,0.0
2019-07-18,53.28,53.28,51.88,52.47,3791796,0.0
2019-07-21,52.95,55.4099,52.82,55.3,6918918,0.0
2019-07-22,55.47,56.04,54.6841,55.98,3938054,0.0
2019-07-23,55.63,57.615,55.63,57.34,4904383,0.0
2019-07-24,57.28,57.86,56.39,56.97,3511397,0.0
2019-07-25,56.86,57.38,56.19,56.5,2647242,0.0
2019-07-28,55.78,56.01,54.7098,55.78,4033953,0.0
2019-07-29,55.2,56.815,54.91,56.59,3539607,0.0
2019-07-30,55.86,56.07,53.33,53.89,7550393,0.0
2019-07-31,56.61,58.5,53.63,55.52,12726544,0.0
2019-08-01,54.14,55.06,52.74,54.41,4554235,0.0
2019-08-04,52.55,53.08,51.7501,52.73,4978381,0.0
2019-08-05,53.62,54.5,52.51,53.58,5793004,0.0
2019-08-06,52.6,54.5,51.43,52.84,7301719,0.0
2019-08-07,53.42,55.27,52.96,55.21,4175159,0.0
2019-08-08,54.82,54.94,53.53,54.26,3412136,0.0
2019-08-11,53.81,54.32,52.785,54.18,3813583,0.0
2019-08-12,54.27,56.72,53.82,55.6,4020534,0.0
2019-08-13,54.22,54.79,53.27,54.45,3842520,0.0
2019-08-14,54.55,54.695,53.45,54.07,2519520,0.0
2019-08-15,54.68,55.83,54.68,55.18,3160699,0.0
2019-08-18,56.64,57.67,56.22,57.26,4680883,0.0
2019-08-19,57.12,57.28,55.663,56.18,2842890,0.0
2019-08-20,56.91,57.53,56.2,56.35,2168904,0.0
2019-08-21,56.62,57.29,56.115,56.94,2119804,0.0
2019-08-22,56.12,56.94,54.465,54.63,3214709,0.0
2019-08-25,55.49,55.76,54.34,54.63,1927803,0.0
2019-08-26,55.14,55.3,52.635,52.66,2877609,0.0
2019-08-27,52.65,53.63,51.84,53.45,2986700,0.0
2019-08-28,54.4,55.7362,54.34,55.08,2935496,0.0
2019-08-29,55.59,57.41,55.59,57.28,4053979,0.0
2019-09-02,56.63,57.84,56.11,57.45,4130563,0.0
2019-09-03,58.86,61.33,58.86,59.33,5815909,0.0
2019-09-04,60.51,62.21,60.24,61.93,5441759,0.0
2019-09-05,62.1,62.84,61.68,62.24,3981026,0.0
2019-09-08,62.12,63.17,62.01,62.74,3177323,0.0
2019-09-09,62.37,62.87,61.7158,62.26,3374069,0.0
2019-09-10,62.91,64.88,62.7,64.31,4625029,0.0
2019-09-11,64.52,65.16,64.04,64.7,3137382,0.0
2019-09-12,64.32,65.31,64.31,64.571,2372727,0.0
2019-09-15,63.71,63.72,62.56,62.99,4218967,0.0
2019-09-16,62.94,64.02,62.65,63.89,2561919,0.0
2019-09-17,63.94,63.99,62.11,63.56,2893733,0.0
2019-09-18,63.69,63.875,62.07,62.65,3768529,0.0
2019-09-19,63.39,63.39,60.59,60.62,5449835,0.0
2019-09-22,61.08,61.73,60.64,61,2773631,0.0
2019-09-23,61.2,61.42,59.37,59.59,3140059,0.0
2019-09-24,59.69,62.05,59.46,61.04,5621078,0.0
2019-09-25,61.37,62.5,60.88,61.81,3936578,0.0
2019-09-26,61.44,62.5,60.18,60.48,5274125,0.0
2019-09-29,60.34,60.435,58.83,59.62,3363925,0.0
2019-09-30,60.06,61.11,58.37,58.59,2977110,0.0
2019-10-01,57.81,57.94,56.145,56.82,5270589,0.0
2019-10-02,56.57,57.82,55.48,57.78,3425291,0.0
2019-10-03,58.15,58.74,57.97,58.56,4061853,0.0
2019-10-06,58.29,58.75,57.93,57.95,3241786,0.0
2019-10-07,57.1,57.3,55.4,55.51,8240935,0.0
2019-10-08,56.27,56.97,55.927,56.52,3974562,0.0
2019-10-09,56.4,57.82,56.13,57.34,4386694,0.0
2019-10-10,58.54,59.2764,58.01,58.34,4688302,0.0
2019-10-13,59.93,60.13,58.8,59.29,6284408,0.0
2019-10-14,59.31,60.94,59.26,60.82,6450718,0.0
2019-10-15,60.94,61.09,59.34,59.46,4736455,0.0
2019-10-16,60.09,60.09,58.71,59.62,5453785,0.0
2019-10-17,59.08,59.21,57.26,58.13,6264942,0.0
2019-10-20,58.47,59.06,58.38,58.6,1801986,0.0
2019-10-21,58.71,59.9047,58.71,58.83,2672166,0.0
2019-10-22,58.13,58.13,56.8806,57.63,3068991,0.0
2019-10-23,58.83,60.23,58.24,59.52,3335973,0.0
2019-10-24,59.53,61.32,59.28,61.23,3076546,0.0
2019-10-27,62.15,62.855,61.56,62.73,2875361,0.0
2019-10-28,62.85,63.125,62.2278,62.78,2557474,0.0
2019-10-29,62.93,63.09,61.33,62.15,3210487,0.0
2019-10-30,57.311,58,51.55,51.65,20868386,0.0
2019-10-31,51.81,54.38,51.59,53.83,9147484,0.0
2019-11-03,54.59,55.065,53.83,54.97,4988117,0.0
2019-11-04,55.02,55.18,53.88,54.13,3245578,0.0
2019-11-05,53.94,53.96,52.77,53.73,5244815,0.0
2019-11-06,54.56,54.67,53.08,53.24,3606177,0.0
2019-11-07,52.68,53.1,51.58,52.05,5262125,0.0
2019-11-10,51.29,52.21,50.9701,51.98,4204137,0.0
2019-11-11,52.14,52.83,51.76,52.54,3909998,0.0
2019-11-12,51.91,51.97,50.61,51.02,4873985,0.0
2019-11-13,50.82,50.8778,49.45,50.37,4233580,0.0
2019-11-14,50.99,51.43,50.15,50.34,5106274,0.0
2019-11-17,50.25,50.4,48.93,49.5,5172202,0.0
2019-11-18,49.7,49.7,47.26,47.54,7583362,0.0
2019-11-19,47.5,48.92,47.48,48.51,9522775,0.0
2019-11-20,48.38,48.99,47.62,47.84,3787851,0.0
2019-11-21,48.22,48.87,47.96,48.47,2621602,0.0
2019-11-24,48.68,49.93,48.585,49.78,3446277,0.0
2019-11-25,49.73,49.81,48.47,48.71,3009974,0.0
2019-11-26,49.17,50.49,49.0751,50.42,3329502,0.0
2019-11-28,50.39,50.715,49.99,50.34,1681139,0.0
2019-12-01,50.34,50.74,48.45,48.49,4622232,0.0
2019-12-02,47.5,47.78,46.65,47.72,4093900,0.0
2019-12-03,48.19,48.68,47.365,47.44,4412211,0.0
2019-12-04,47.8,48.18,47.24,47.41,2422578,0.0
2019-12-05,48.18,49.66,48.0051,49.09,3734881,0.0
2019-12-08,48.72,49.08,47.595,48.05,3665819,0.0
2019-12-09,48.51,49.975,48.19,49.24,4245407,0.0
2019-12-10,49.7,51.49,49.5,51.08,4243982,0.0
2019-12-11,51.24,53.93,51.215,53.74,7025351,0.0
2019-12-12,54.06,55.4,53.75,54.31,6406593,0.0
2019-12-15,56.32,58.34,56.05,56.5,8465609,0.0
2019-12-16,56.79,57.59,56.33,57.25,3889345,0.0
2019-12-17,57.255,57.71,56.81,57.23,3075274,0.0
2019-12-18,58.56,59.4,57.54,58.82,4942218,0.0
2019-12-19,59.62,61.27,59.16,61.11,7264378,0.0
2019-12-22,61.03,63.07,60.9,62.695,4970171,0.0
2019-12-23,62.74,62.78,61.83,62.22,1851252,0.0
2019-12-25,62.12,63.195,62.0239,62.79,2030549,0.0
2019-12-26,63.1,63.6,61.89,62.12,2947269,0.0
2019-12-29,62,62.48,60.59,62.35,2990749,0.0
2019-12-30,61.91,63.505,61.6971,63.46,3343546,0.0
2020-01-01,64.2,65.98,64.2,65.62,6328368,0.0
2020-01-02,63.89,65.305,63.55,64.625,3773484,0.0
2020-01-05,62.96,64.5463,62.7501,63.37,3576153,0.0
2020-01-06,65.21,67.98,64.53,67.66,10370737,0.0
2020-01-07,67.21,69,66.6302,68.63,5987999,0.0
2020-01-08,69.39,69.67,67.2907,68.63,4903866,0.0
2020-01-09,68.89,69.025,67.66,67.94,3694644,0.0
2020-01-12,68.56,69.68,68.23,69.14,3619207,0.0
2020-01-13,69.2,70.5,68.9,69.21,3997002,0.0
2020-01-14,68.39,68.58,66.04,66.67,5519782,0.0
2020-01-15,68.04,68.9,67.66,68.68,4363244,0.0
2020-01-16,69.76,69.8,67.86,68.27,3769687,0.0
2020-01-20,67.57,68.99,67.47,68.795,7602896,0.0
2020-01-21,69.04,69.81,68.28,68.64,5512786,0.0
2020-01-22,70.36,72,68.64,70.92,12576964,0.0
2020-01-23,71.71,71.76,68.89,69.51,8485140,0.0
2020-01-26,66.27,67.5,65.32,66.68,4080883,0.0
2020-01-27,67.48,68.835,66.42,68.4,3076923,0.0
2020-01-28,68.18,68.62,66.62,66.75,2809695,0.0
2020-01-29,65.39,66.9681,64.51,66.95,7738956,0.0
2020-01-30,69.1635,69.4965,65.17,65.5,12381233,0.0
2020-02-02,65.6,69.05,64.69,67.24,5372260,0.0
2020-02-03,69,69.88,68.35,68.43,4379617,0.0
2020-02-04,69.44,70.48,67.41,68.1,4487834,0.0
2020-02-05,68.78,69.125,67.64,68.7,3351172,0.0
2020-02-06,68.05,68.24,66.89,67.03,3447710,0.0
2020-02-09,66.4,68.02,66.26,68.02,2755377,0.0
2020-02-10,69.14,69.8,68.24,68.92,3635449,0.0
2020-02-11,69.7,71.3,69.7,70.35,3690603,0.0
2020-02-12,69.16,71.09,69.0438,69.55,3064861,0.0
2020-02-13,70.14,70.27,68.34,69.24,2633450,0.0
2020-02-17,67.72,68.43,67.01,68.31,2448571,0.0
2020-02-18,68.98,70.28,68.8,69.57,2483728,0.0
2020-02-19,69.6,69.7,67.43,69.07,2177769,0.0
2020-02-20,68.48,68.77,66.15,66.97,3516174,0.0
2020-02-23,63.6,64.94,63.14,63.57,4471506,0.0
2020-02-24,63.63,64.11,59.095,59.53,5559914,0.0
2020-02-25,59.87,61.73,59.33,59.61,3620644,0.0
2020-02-26,57.1,58.39,54.94,55.14,5920382,0.0
2020-02-27,52.25,55.71,51.78,55.61,7099570,0.0
2020-03-01,57.35,60.07,56.38,60.02,6899851,0.0
2020-03-02,59.6,60.9561,56.34,56.93,5030084,0.0
2020-03-03,58.34,59.28,56.75,59.13,4708408,0.0
2020-03-04,56.88,59.56,56.78,57.72,4054649,0.0
2020-03-05,55.05,57.08,53.375,54.71,11234868,0.0
2020-03-08,49.56,50.6499,47.32,47.4,6036186,0.0
2020-03-09,49.97,50.5,46.43,49.94,7022335,0.0
2020-03-10,47.82,47.96,44.19,45.111,6834766,0.0
2020-03-11,41.47,43.05,36.81,39.12,9054125,0.0
2020-03-12,42.8073,43.13,38.38,41.85,7391106,0.0
2020-03-15,35.34,37.77,33.1284,33.28,16462304,0.0
2020-03-16,34.23,37,31,34.01,9834744,0.0
2020-03-17,31.05,32,27.94,29.19,15143478,0.0
2020-03-18,29.2,32.53,27.4,31.32,6526191,0.0
2020-03-19,32.35,34.83,31,31.11,8528657,0.0
2020-03-22,32.09,35,30.2,34.37,9891204,0.0
2020-03-23,37.59,41.35,36.61,40.47,9917869,0.0
2020-03-24,40.8,45.41,38.94,41.66,8691473,0.0
2020-03-25,43.49,46.19,42.7,44.29,8071942,0.0
2020-03-26,42.36,43.68,40.565,42.25,6017454,0.0
2020-03-29,42.75,44.577,41.82,43.48,5451604,0.0
2020-03-30,43.1,44.13,41.074,41.62,6277039,0.0
2020-03-31,39.7,41.28,37.91,38.67,6099971,0.0
2020-04-01,38.56,40.69,37.43,38.4,5045039,0.0
2020-04-02,38.61,39.38,37.5,38.21,3127960,0.0
2020-04-05,40.64,43.68,40.64,43.29,11806126,0.0
2020-04-06,45.55,47.18,42.66,42.88,6595477,0.0
2020-04-07,43.76,45.92,43.51,45.34,8885836,0.0
2020-04-08,46.71,48.16,43.5802,45.05,6247962,0.0
2020-04-12,44.27,44.81,42.81,43.72,5027831,0.0
2020-04-13,44.76,45.9,44.2,44.77,8341716,0.0
2020-04-14,43.1543,43.59,41.8,42.68,8849777,0.0
2020-04-15,42.79,43,40.396,41.08,16825464,0.0
2020-04-16,43.14,43.16,41.66,42.31,10278624,0.0
2020-04-19,41.58,41.58,39.49,39.57,14357218,0.0
2020-04-20,38.56,38.99,37.6881,37.79,17324448,0.0
2020-04-21,39.21,40.355,38.9,39.99,11879187,0.0
2020-04-22,40.06,40.625,39.01,39.39,14370637,0.0
2020-04-23,39.67,40.91,39.0401,40.69,7285823,0.0
2020-04-26,41.29,43.25,41.21,43.11,13524367,0.0
2020-04-27,44.32,44.97,43.31,44.7,5589164,0.0
2020-04-28,46,48.83,45.29,47.82,7761583,0.0
2020-04-29,47.15,47.22,45.205,46.07,13662942,0.0
2020-04-30,40.5,41.44,38.42,40.52,24383453,0.0
2020-05-03,39.95,40.625,38.85,39.67,16514210,0.0
2020-05-04,40.52,41.95,40.14,40.3358,5691221,0.0
2020-05-05,40.78,41.74,40.29,40.645,7320738,0.0
2020-05-06,41.426,42.08,41.06,41.86,3468026,0.0
2020-05-07,42.65,44.3,42.62,44.17,8409610,0.0
2020-05-10,43.33,43.33,41.85,42.39,9111874,0.0
2020-05-11,42.94,43.05,40.9701,40.98,4575300,0.0
2020-05-12,40.8,40.97,38.84,39.26,5806435,0.0
2020-05-13,38.61,40.4,37.65,40.34,5493461,0.0
2020-05-14,39.04,39.81,38.605,39.21,10137176,0.0
2020-05-17,40.81,42.52,40.7,42.39,5469138,0.0
2020-05-18,42.3,42.95,41.51,41.76,3765457,0.0
2020-05-19,43.1,44.25,42.39,42.99,10847228,0.0
2020-05-20,42.71,43.35,41.95,42.7,7866884,0.0
2020-05-21,42.88,42.89,41.91,42.42,6298552,0.0
2020-05-25,44.36,45.79,43.87,45.06,5174963,0.0
2020-05-26,45.5,46.31,43.16,46.01,7907597,0.0
2020-05-27,45.46,45.555,43.48,43.61,3937570,0.0
2020-05-28,43.72,44.54,42.76,44.37,4292191,0.0
2020-05-31,43.4,43.78,42.78,43.07,4326307,0.0
2020-06-01,43.1558,44.05,42.88,44.03,4145804,0.0
2020-06-02,45.05,45.81,44.69,45.43,8950332,0.0
2020-06-03,45,46.68,44.47,45.99,5904780,0.0
2020-06-04,48.19,49.88,47.41,48.49,7056128,0.0
2020-06-07,49.45,49.519,47.5626,48.53,9885440,0.0
2020-06-08,47.39,48.12,46.88,47.83,7585808,0.0
2020-06-09,47.88,48,46.34,46.85,4601845,0.0
2020-06-10,44.62,44.67,42.33,42.36,14919116,0.0
2020-06-11,43.94,44.67,42.56,42.56,1691180,0.0
2020-06-14,41.46,43.18,40.77,42.94,5257668,0.0
2020-06-15,45.16,46.11,43.63,44.47,10354110,0.0
2020-06-16,44.87,44.87,43.51,43.7,3249132,0.0
2020-06-17,43.2821,43.5195,42.47,42.85,7159471,0.0
2020-06-18,43.42,45.0199,43.2,44.34,6239868,0.0
2020-06-21,45.51,45.54,43.75,45.11,5389907,0.0
2020-06-22,45.36,45.49,43.3,43.51,5278386,0.0
2020-06-23,43.39,43.42,41.93,42.25,5192582,0.0
2020-06-24,41.89,42.69,41.37,42.58,3929797,0.0
2020-06-25,42.37,42.47,40.71,40.87,4188638,0.0
2020-06-28,41.09,42.22,40.6,42,3325420,0.0
2020-06-29,43.22,44.31,42.82,44.15,6314571,0.0
2020-06-30,44.01,44.13,42.045,42.455,5695051,0.0
2020-07-01,43.02,43.39,42.19,42.47,3560841,0.0
