Date,Open,High,Low,Close,Volume,OpenInterest
2016-07-13,43.62,43.84,43.44,43.61,3139751,0.0
2016-07-14,43.67,43.9717,43.54,43.76,2769343,0.0
2016-07-17,43.75,44.06,43.7,43.84,2311294,0.0
2016-07-18,43.86,43.94,43.64,43.79,1912484,0.0
2016-07-19,43.83,43.9099,43.49,43.6,2065240,0.0
2016-07-20,43.47,43.915,43.33,43.875,2736579,0.0
2016-07-21,43.84,44.41,43.72,44.33,2601519,0.0
2016-07-24,44.33,44.3805,44.03,44.25,1518213,0.0
2016-07-25,44.36,44.36,43.595,43.79,2348626,0.0
2016-07-26,43.66,43.8,43.101,43.5,2358565,0.0
2016-07-27,43.5,43.87,43.36,43.76,1820601,0.0
2016-07-28,43.74,44.16,43.74,43.97,2017985,0.0
2016-07-31,43.85,44.125,43.78,43.94,2188825,0.0
2016-08-01,43.87,43.9,43.46,43.73,3042372,0.0
2016-08-02,43.52,43.72,42.99,43.15,2744963,0.0
2016-08-03,43.16,43.6707,43.16,43.3,2268359,0.0
2016-08-04,43.21,43.22,42.5625,42.66,2544476,0.0
2016-08-07,42.77,43.025,42.43,42.58,2053815,0.0
2016-08-08,42.57,42.85,42.44,42.63,2271620,0.0
2016-08-09,42.74,42.8436,42.56,42.7,1230398,0.0
2016-08-10,42.69,42.7899,42.52,42.71,2468575,0.0
2016-08-11,42.76,43.085,42.76,42.78,1440940,0.0
2016-08-14,42.86,42.94,42.09,42.12,1723394,0.0
2016-08-15,42.02,42.04,41.58,41.64,3088902,0.0
2016-08-16,41.55,42.435,41.29,42.33,4546688,0.0
2016-08-17,42.24,42.97,42.24,42.95,2809952,0.0
2016-08-18,42.76,42.89,42.18,42.41,2144521,0.0
2016-08-21,42.54,42.76,42.44,42.595,1353421,0.0
2016-08-22,42.72,42.88,42.17,42.18,2199037,0.0
2016-08-23,42.11,42.26,41.8001,42.2,1718532,0.0
2016-08-24,42.25,42.47,42.09,42.29,1468119,0.0
2016-08-25,42.27,42.545,41.33,41.4,2478448,0.0
2016-08-28,41.52,41.86,41.52,41.7,1652451,0.0
2016-08-29,41.69,41.91,41.16,41.2,1970218,0.0
2016-08-30,41.24,41.38,41.07,41.36,2161043,0.0
2016-08-31,41.33,41.47,41.11,41.25,2289969,0.0
2016-09-01,41.32,41.83,41.208,41.72,2047157,0.0
2016-09-05,41.87,42.32,41.77,42.19,1995164,0.0
2016-09-06,42.19,42.46,41.84,42.4,2916718,0.0
2016-09-07,42.27,42.61,42.14,42.35,2395173,0.0
2016-09-08,42.02,42.02,40.765,40.79,3502347,0.0
2016-09-11,40.8,41.525,40.8,41.43,2987871,0.0
2016-09-12,41.2,41.42,40.34,40.59,2746873,0.0
2016-09-13,40.74,41.16,40.555,40.75,2113261,0.0
2016-09-14,40.63,40.95,40.56,40.85,2396805,0.0
2016-09-15,40.67,41.25,40.57,41.19,2607211,0.0
2016-09-18,41.39,41.78,41.23,41.67,3183814,0.0
2016-09-19,41.84,41.97,41.5,41.52,2675578,0.0
2016-09-20,41.53,42.61,41.52,42.55,2969168,0.0
2016-09-21,42.75,42.94,42.51,42.89,2211765,0.0
2016-09-22,42.78,43.24,42.61,43.07,3903080,0.0
2016-09-25,43.01,43.23,42.85,43.11,3585858,0.0
2016-09-26,43.21,43.49,42.28,42.365,2522467,0.0
2016-09-27,42.48,42.5,41.86,42.24,1982236,0.0
2016-09-28,42.08,42.14,41.47,41.8,3666577,0.0
2016-09-29,41.98,42.14,40.92,41.13,2951372,0.0
2016-10-02,41.05,41.14,40.3,40.57,2505641,0.0
2016-10-03,40.57,40.57,39.31,39.6,3931464,0.0
2016-10-04,39.74,40.22,39.39,39.51,3188829,0.0
2016-10-05,39.3,39.72,39.08,39.63,3209333,0.0
2016-10-06,39.82,40.26,39.49,39.62,3994559,0.0
2016-10-09,39.68,39.91,39.56,39.89,1628366,0.0
2016-10-10,39.82,39.89,39.32,39.455,3162839,0.0
2016-10-11,39.5,39.91,39.5,39.72,2776441,0.0
2016-10-12,39.76,40.62,39.72,40.35,2935265,0.0
2016-10-13,40.14,40.525,40,40.05,2054392,0.0
2016-10-16,40.25,40.46,40.14,40.33,2414349,0.0
2016-10-17,40.6,40.83,40.05,40.54,2317472,0.0
2016-10-18,40.54,40.55,40.13,40.31,1964163,0.0
2016-10-19,40.39,40.65,40.2,40.38,2299191,0.0
2016-10-20,40.19,40.29,39.75,39.95,1935063,0.0
2016-10-23,40.14,40.275,39.87,40.18,1347769,0.0
2016-10-24,40.08,40.52,40.03,40.5,2343469,0.0
2016-10-25,40.44,40.71,40.215,40.6,2095311,0.0
2016-10-26,40.41,40.71,40.14,40.45,1908717,0.0
2016-10-27,40.51,40.81,40.36,40.68,2303899,0.0
2016-10-30,40.81,41.8,40.77,41.56,2103276,0.0
2016-10-31,41.57,41.6,40.72,40.86,2083259,0.0
2016-11-01,40.71,40.75,40.12,40.47,3344523,0.0
2016-11-02,40.35,40.79,40.22,40.62,1941574,0.0
2016-11-03,40.78,41.14,40.34,40.37,1866101,0.0
2016-11-06,40.59,41.16,40.13,41.14,1504563,0.0
2016-11-07,41.22,41.75,41.21,41.53,2091516,0.0
2016-11-08,40.93,40.93,39.5,39.57,5889572,0.0
2016-11-09,39.42,39.42,38,38.68,7095087,0.0
2016-11-10,38.64,39.36,38.64,38.83,2615512,0.0
2016-11-13,38.56,38.66,38.2,38.52,4453651,0.0
2016-11-14,38.69,39.46,38.69,39.26,2784969,0.0
2016-11-15,39.24,39.51,38.75,39.005,1693181,0.0
2016-11-16,38.85,39.21,38.74,39,1999930,0.0
2016-11-17,38.98,39.2,38.685,38.89,1690460,0.0
2016-11-20,38.93,39.36,38.88,39.33,1547074,0.0
2016-11-21,39.35,39.5934,39.08,39.29,3335382,0.0
2016-11-22,38.87,39.32,38.7,38.76,2029696,0.0
2016-11-24,38.95,39.61,38.95,39.5097,1052003,0.0
2016-11-27,39.65,40.39,39.64,40.32,1788388,0.0
2016-11-28,40.19,40.8,40.16,40.5,2073343,0.0
2016-11-29,39.98,39.98,39.01,39.015,2476456,0.0
2016-11-30,38.79,38.81,38.24,38.54,1748894,0.0
2016-12-01,38.55,39.04,38.5,38.74,2142458,0.0
2016-12-04,38.77,38.81,38.22,38.8,1346291,0.0
2016-12-05,38.93,39.015,38.68,38.78,1598169,0.0
2016-12-06,38.87,39.38,38.79,39.35,2539803,0.0
2016-12-07,39.05,39.395,38.83,39.24,2525338,0.0
2016-12-08,39.25,39.875,39.2,39.85,2206833,0.0
2016-12-11,39.72,40.56,39.63,40.47,2503995,0.0
2016-12-12,40.53,40.775,40.34,40.73,2106045,0.0
2016-12-13,40.88,41.14,39.95,40.03,3027336,0.0
2016-12-14,39.87,40.26,39.59,40.21,1947514,0.0
2016-12-15,40.24,40.83,40.24,40.68,2539161,0.0
2016-12-18,40.83,40.93,40.455,40.77,1576423,0.0
2016-12-19,40.78,41.055,40.63,40.99,2112089,0.0
2016-12-20,40.97,41.2,40.89,40.91,1652938,0.0
2016-12-21,40.53,40.73,40.29,40.67,1124171,0.0
2016-12-22,40.79,40.86,40.52,40.66,683913,0.0
2016-12-26,40.57,40.84,40.48,40.72,709759,0.0
2016-12-27,40.72,40.73,40.254,40.3,786166,0.0
2016-12-28,40.44,41.01,40.36,40.95,1155687,0.0
2016-12-29,41,41.07,40.56,40.72,1303839,0.0
2017-01-02,40.74,40.83,40.3197,40.6,1594503,0.0
2017-01-03,40.71,40.98,40.6,40.8,2006576,0.0
2017-01-04,40.87,40.99,40.48,40.8,1978827,0.0
2017-01-05,40.64,41.06,40.61,40.93,1343319,0.0
2017-01-08,41.13,41.17,40.27,40.32,1389988,0.0
2017-01-09,40.37,40.375,40.04,40.28,1378726,0.0
2017-01-10,40.34,40.74,40.25,40.7,1471737,0.0
2017-01-11,40.68,40.91,40.44,40.84,2206273,0.0
2017-01-12,40.66,40.82,40.43,40.66,1262781,0.0
2017-01-16,40.87,41.305,40.76,41.19,1535106,0.0
2017-01-17,41.1,41.43,41.01,41.32,2099840,0.0
2017-01-18,41.09,41.37,40.815,40.88,2134688,0.0
2017-01-19,41,41.14,40.72,41.06,1645060,0.0
2017-01-22,41.17,41.24,40.77,40.82,1962237,0.0
2017-01-23,40.81,40.91,40.635,40.785,1717511,0.0
2017-01-24,40.62,40.81,40.5,40.78,1716299,0.0
2017-01-25,40.75,41.115,40.68,40.92,2489829,0.0
2017-01-26,41.01,41.11,40.64,40.71,2277641,0.0
2017-01-29,40.84,40.89,40.5,40.73,1565605,0.0
2017-01-30,40.86,41.34,40.75,41.32,2523925,0.0
2017-01-31,41.02,41.245,40.539,40.62,2223145,0.0
2017-02-01,40.7,41.47,40.43,41.41,3032101,0.0
2017-02-02,41.46,41.7,41.345,41.43,1702816,0.0
2017-02-05,41.53,41.65,41.315,41.5,1993002,0.0
2017-02-06,41.49,41.7474,41.44,41.66,2604787,0.0
2017-02-07,41.72,42.2,41.71,42.07,2131435,0.0
2017-02-08,41.95,42.23,41.62,41.76,2133153,0.0
2017-02-09,41.62,41.99,41.54,41.96,1440884,0.0
2017-02-12,41.98,42.14,41.7699,42.02,1603872,0.0
2017-02-13,42.02,42.02,41.49,41.72,1544200,0.0
2017-02-14,41.5,41.645,41.16,41.61,1478848,0.0
2017-02-15,41.67,41.92,41.58,41.88,1581947,0.0
2017-02-16,41.93,42.08,41.7,42,1567192,0.0
2017-02-20,41.95,42.5,41.77,42.42,1355915,0.0
2017-02-21,42.33,42.65,42.24,42.5,2355847,0.0
2017-02-22,42.71,42.99,42.525,42.95,2990913,0.0
2017-02-23,43.34,43.54,42.95,43.34,2438534,0.0
2017-02-26,43.39,43.5,43.17,43.3,1902719,0.0
2017-02-27,43.22,43.815,43.19,43.71,1777345,0.0
2017-02-28,43.05,43.76,43.01,43.48,1910104,0.0
2017-03-01,43.35,44.095,43.24,43.84,1998698,0.0
2017-03-02,43.87,43.87,43.36,43.72,1823234,0.0
2017-03-05,43.65,43.8,43.51,43.62,1678668,0.0
2017-03-06,43.52,43.98,43.51,43.81,2560002,0.0
2017-03-07,43.52,43.56,42.93,43.035,1729889,0.0
2017-03-08,43.09,43.31,42.99,43.06,1397227,0.0
2017-03-09,43.26,43.51,43.125,43.5,2176609,0.0
2017-03-12,43.15,43.31,43.03,43.235,2066303,0.0
2017-03-13,43.17,43.35,43.1,43.25,1835808,0.0
2017-03-14,43.4,44.3,43.39,44.05,2010746,0.0
2017-03-15,43.94,43.94,43.45,43.57,2229996,0.0
2017-03-16,43.73,44.07,43.62,43.85,1983062,0.0
2017-03-19,43.9,44.05,43.45,43.59,1147746,0.0
2017-03-20,43.55,44.47,43.55,44.35,2723229,0.0
2017-03-21,44.56,44.93,44.32,44.51,3324758,0.0
2017-03-22,44.51,44.94,44.37,44.57,2345333,0.0
2017-03-23,44.52,44.94,44.48,44.8,1703124,0.0
2017-03-26,44.87,45.06,44.57,44.77,1915705,0.0
2017-03-27,44.66,44.96,44.62,44.92,3394499,0.0
2017-03-28,44.82,44.82,44.385,44.465,2042653,0.0
2017-03-29,44.33,44.38,44.08,44.305,1764975,0.0
2017-03-30,44.31,44.635,44.25,44.46,1694345,0.0
2017-04-02,44.4,44.41,44,44.39,1675157,0.0
2017-04-03,44.33,44.65,44.29,44.5,1481209,0.0
2017-04-04,44.49,44.86,44.37,44.81,1716475,0.0
2017-04-05,44.65,44.75,44.46,44.6,1810143,0.0
2017-04-06,44.7,44.81,44.4,44.4,1485569,0.0
2017-04-09,44.43,44.6,44.21,44.57,1264889,0.0
2017-04-10,44.52,44.66,44.17,44.58,1630420,0.0
2017-04-11,44.43,44.94,44.3,44.91,1507084,0.0
2017-04-12,44.85,45.03,44.575,44.84,1791921,0.0
2017-04-16,44.97,45.11,44.86,45.1,1288996,0.0
2017-04-17,45.1,45.295,44.99,45.11,1958246,0.0
2017-04-18,45.09,45.19,44.62,44.79,1848668,0.0
2017-04-19,44.33,44.7,44.25,44.64,2298445,0.0
2017-04-20,44.61,45.01,44.61,44.84,1584981,0.0
2017-04-23,44.88,45.07,44.57,45.01,1760135,0.0
2017-04-24,44.86,45.04,44.73,45,1634856,0.0
2017-04-25,44.95,45.115,44.77,44.86,1699355,0.0
2017-04-26,44.9,45.44,44.82,45.145,1491963,0.0
2017-04-27,45.2,45.275,44.98,45.05,2314871,0.0
2017-04-30,45.06,45.09,44.665,44.8,1700372,0.0
2017-05-01,44.89,45.06,44.69,44.815,1578203,0.0
2017-05-02,44.8,44.99,44.7,44.725,1459926,0.0
2017-05-03,44.56,44.93,44.47,44.9,2731992,0.0
2017-05-04,45.05,45.23,44.935,45.07,1455867,0.0
2017-05-07,45.16,45.19,44.82,45.11,1061810,0.0
2017-05-08,45.04,45.13,44.72,44.76,1553701,0.0
2017-05-09,44.82,44.995,44.72,44.895,1677349,0.0
2017-05-10,44.82,45.15,44.63,45.145,2832420,0.0
2017-05-11,45.16,45.63,45.16,45.595,2631167,0.0
2017-05-14,45.58,45.93,45.55,45.8,2205563,0.0
2017-05-15,45.78,45.92,45.555,45.575,2042392,0.0
2017-05-16,45.6,45.79,45.49,45.62,1664623,0.0
2017-05-17,45.65,46.07,45.35,45.65,2083661,0.0
2017-05-18,45.68,45.87,45.3,45.84,1736146,0.0
2017-05-21,45.72,46.4,45.71,46.3,1549952,0.0
2017-05-22,46.36,46.79,46.31,46.51,1512402,0.0
2017-05-23,46.54,46.81,46.538,46.79,1753353,0.0
2017-05-24,46.85,47.32,46.7,47.25,1543264,0.0
2017-05-25,47.3,47.4065,47.2,47.28,1221004,0.0
2017-05-29,47.28,47.62,47.21,47.58,1434550,0.0
2017-05-30,47.63,48.01,47.52,47.89,2746353,0.0
2017-05-31,47.88,48.135,47.67,48.12,2319966,0.0
2017-06-01,48.41,48.5,48.03,48.3,1209915,0.0
2017-06-04,48.36,48.38,47.83,47.84,2012507,0.0
2017-06-05,47.95,47.98,47.54,47.57,2351971,0.0
2017-06-06,47.62,48.055,47.57,47.88,1704635,0.0
2017-06-07,47.81,47.85,46.98,47.34,2677066,0.0
2017-06-08,47.22,47.39,46.94,47.34,2194819,0.0
2017-06-11,47.41,47.53,46.83,47.16,2239182,0.0
2017-06-12,46.84,47.08,46.67,47.06,1580807,0.0
2017-06-13,47.36,47.62,47.18,47.37,1986524,0.0
2017-06-14,47.27,47.63,47.13,47.57,1593252,0.0
2017-06-15,47.65,47.86,47.5,47.8,2265616,0.0
2017-06-18,47.85,47.85,47.45,47.59,1648336,0.0
2017-06-19,47.62,47.78,47.61,47.7,1355493,0.0
2017-06-20,47.61,47.78,47.42,47.58,2743391,0.0
2017-06-21,47.47,47.68,47.31,47.36,1263097,0.0
2017-06-22,47.31,47.5465,47.05,47.12,1256971,0.0
2017-06-25,47.13,47.64,47.03,47.37,1410726,0.0
2017-06-26,47.14,47.315,46.89,47.02,2715920,0.0
2017-06-27,47.17,47.24,46.44,46.48,2504522,0.0
2017-06-28,46.19,46.2,45.79,45.97,4397608,0.0
2017-06-29,46.04,46.24,45.88,45.88,2637795,0.0
2017-07-02,46.03,46.055,45.58,45.6,998545,0.0
2017-07-04,45.57,45.625,45.18,45.53,2524184,0.0
2017-07-05,45.43,45.63,45.31,45.56,2341237,0.0
2017-07-06,45.57,45.92,45.53,45.7,2617732,0.0
2017-07-09,45.84,45.87,45.55,45.56,1964644,0.0
2017-07-10,45.64,45.69,45.41,45.54,1666714,0.0
2017-07-11,45.89,46.015,45.8,45.89,2085812,0.0
2017-07-12,45.79,45.9,45.54,45.67,3065841,0.0
2017-07-13,45.91,46.08,45.81,45.91,1974811,0.0
2017-07-16,45.97,46.15,45.85,46.14,2847939,0.0
2017-07-17,46.16,46.48,46.1,46.41,2610436,0.0
2017-07-18,46.45,46.63,46.27,46.61,2700229,0.0
2017-07-19,46.7,47.19,46.62,47.15,3266915,0.0
2017-07-20,47.11,47.42,46.875,47.41,2299618,0.0
2017-07-23,47.41,47.45,46.79,46.92,1425312,0.0
2017-07-24,46.93,46.93,46.58,46.7,1002678,0.0
2017-07-25,46.65,47.25,46.55,47.24,2038663,0.0
2017-07-26,47.21,47.66,46.9,47.65,2437592,0.0
2017-07-27,47.62,47.695,47.045,47.17,2398492,0.0
2017-07-30,47.14,47.41,46.96,47.31,2385286,0.0
2017-07-31,47.31,47.705,47.21,47.58,2288985,0.0
2017-08-01,47.38,47.71,47.18,47.7,1182173,0.0
2017-08-02,47.64,48.12,47.62,48.11,1825873,0.0
2017-08-03,47.87,48.015,47.65,47.97,1561171,0.0
2017-08-06,47.98,48.21,47.79,48.19,1261238,0.0
2017-08-07,48.07,48.45,48.07,48.43,1395778,0.0
2017-08-08,48.54,48.58,48.24,48.26,1860976,0.0
2017-08-09,48.2,48.72,48.04,48.65,2753454,0.0
2017-08-10,48.67,48.67,47.985,48.19,1459999,0.0
2017-08-13,48.2,48.51,48.19,48.42,1438728,0.0
2017-08-14,48.25,48.76,48.25,48.73,1089775,0.0
2017-08-15,48.75,48.98,48.64,48.94,1003275,0.0
2017-08-16,48.95,49.01,48.605,48.67,1458620,0.0
2017-08-17,48.76,49.22,48.53,48.99,1591687,0.0
2017-08-20,49.1,49.33,48.925,49.22,1272553,0.0
2017-08-21,49.25,49.25,48.93,49.125,1889232,0.0
2017-08-22,49.17,49.435,48.95,49.39,1398057,0.0
2017-08-23,49.3,49.52,49.215,49.35,1576487,0.0
2017-08-24,49.53,49.6,49.36,49.37,1750785,0.0
2017-08-27,49.49,49.585,49.31,49.53,1171763,0.0
2017-08-28,49.6,49.7,49.38,49.51,1627142,0.0
2017-08-29,49.51,49.61,49.39,49.48,1611997,0.0
2017-08-30,49.55,49.575,49.4,49.49,2091422,0.0
2017-08-31,49.55,49.61,49.19,49.35,1430012,0.0
2017-09-04,49.38,49.69,49.165,49.66,1977217,0.0
2017-09-05,49.77,49.77,49.42,49.56,1333117,0.0
2017-09-06,49.72,49.95,49.5,49.89,2347960,0.0
2017-09-07,49.88,50.3,49.73,50.23,1257296,0.0
2017-09-10,50.13,50.56,50.03,50.48,1748243,0.0
2017-09-11,50.47,50.52,49.315,49.53,2776929,0.0
2017-09-12,49.49,49.53,49.01,49.15,2539317,0.0
2017-09-13,48.88,49.11,48.585,49.1,2774907,0.0
2017-09-14,49.21,49.22,48.765,49.07,2330155,0.0
2017-09-17,49.08,49.1,48.19,48.615,2396795,0.0
2017-09-18,48.67,48.72,48.35,48.44,2849812,0.0
2017-09-19,48.55,48.67,47.91,48.105,2329470,0.0
2017-09-20,48.1,48.4,47.96,48.03,1657695,0.0
2017-09-21,48.15,48.15,47.29,47.39,2871983,0.0
2017-09-24,47.43,47.84,47.3,47.68,2838241,0.0
2017-09-25,47.72,47.965,47.55,47.72,2151060,0.0
2017-09-26,47.37,47.555,46.69,47.05,2592754,0.0
2017-09-27,46.96,47.48,46.84,47.365,2666518,0.0
2017-09-28,47.36,47.47,47.17,47.3,2047440,0.0
2017-10-01,47.47,47.61,47.27,47.38,1556263,0.0
2017-10-02,47.32,47.39,46.855,47.19,1657300,0.0
2017-10-03,47.18,47.8,47.03,47.77,2120954,0.0
2017-10-04,47.77,47.78,47.405,47.58,1655474,0.0
2017-10-05,47.46,47.57,47.24,47.39,2425121,0.0
2017-10-08,47.47,47.6,47.37,47.57,1916512,0.0
2017-10-09,47.61,47.995,47.48,47.94,1938411,0.0
2017-10-10,47.93,48.45,47.91,48.275,2074194,0.0
2017-10-11,48.32,48.8,48.15,48.76,2050457,0.0
2017-10-12,48.85,49.08,48.45,48.62,3170488,0.0
2017-10-15,48.5,48.64,48.26,48.49,2810507,0.0
2017-10-16,48.58,48.88,48.37,48.73,2144115,0.0
2017-10-17,48.58,48.82,48.45,48.745,1246215,0.0
2017-10-18,48.75,49.27,48.66,49.25,1893496,0.0
2017-10-19,49.15,49.41,49.06,49.25,1927083,0.0
2017-10-22,49.31,49.38,49.1,49.28,1349965,0.0
2017-10-23,49.5,49.54,49.2145,49.47,2583426,0.0
2017-10-24,49.3,49.45,48.56,49.36,2515237,0.0
2017-10-25,49.83,49.83,48.98,49.04,3822399,0.0
2017-10-26,48.95,49.42,48.92,49.22,2453009,0.0
2017-10-29,49.17,49.35,49.09,49.27,2088727,0.0
2017-10-30,49.16,49.69,49.11,49.52,1910139,0.0
2017-10-31,49.66,49.71,49.19,49.24,2028827,0.0
2017-11-01,49.14,49.92,48.925,49.27,4477874,0.0
2017-11-02,49.13,49.8,49.13,49.58,3448797,0.0
2017-11-05,49.63,49.785,49.38,49.4,2220953,0.0
2017-11-06,49.45,50.24,49.29,50.025,2183923,0.0
2017-11-07,49.93,50.37,49.93,50.27,2751939,0.0
2017-11-08,50.04,50.57,50.04,50.51,2264470,0.0
2017-11-09,50.2,50.37,50.03,50.2,1664606,0.0
2017-11-12,50.17,50.85,50.13,50.8,2116875,0.0
2017-11-13,50.65,51.85,50.64,51.8,3132685,0.0
2017-11-14,51.97,52.22,51.18,51.18,3171033,0.0
2017-11-15,51.04,51.26,50.96,51.18,1946485,0.0
2017-11-16,51.06,51.28,50.8,50.88,1425086,0.0
2017-11-19,50.92,51.05,50.56,50.59,1657877,0.0
2017-11-20,50.73,50.83,50.54,50.59,1854841,0.0
2017-11-21,50.61,50.74,50.35,50.51,1326113,0.0
2017-11-23,50.67,50.88,50.635,50.69,662016,0.0
2017-11-26,50.81,50.96,50.61,50.86,1446273,0.0
2017-11-27,51.06,51.275,50.9611,51.25,1561883,0.0
2017-11-28,51.18,51.48,50.85,51.26,1692358,0.0
2017-11-29,51.35,51.63,51.14,51.6,2385544,0.0
2017-11-30,51.7,51.84,51.08,51.2801,2044387,0.0
2017-12-03,51.46,51.58,50.9987,51.07,1620875,0.0
2017-12-04,51.15,51.15,50.4,50.8,1984233,0.0
2017-12-05,50.91,51.235,50.79,51.08,1417102,0.0
2017-12-06,51.09,51.09,50.5,50.83,1994275,0.0
2017-12-07,50.71,51.24,50.58,51.2,1929367,0.0
2017-12-10,51.01,51.45,50.85,51.45,1454856,0.0
2017-12-11,51.36,51.4,50.51,50.54,2696159,0.0
2017-12-12,50.65,51.02,50.435,50.85,1861215,0.0
2017-12-13,50.74,50.75,50.16,50.39,2730053,0.0
2017-12-14,50.35,50.885,50.27,50.77,2842744,0.0
2017-12-17,50.83,50.86,50.1,50.12,1602028,0.0
2017-12-18,50.09,50.19,49.25,49.33,3369061,0.0
2017-12-19,49.28,49.49,48.48,48.49,3873167,0.0
2017-12-20,48.37,48.79,48.12,48.39,3683054,0.0
2017-12-21,48.5,48.66,48.18,48.25,2609105,0.0
2017-12-25,48.18,48.41,47.775,47.82,1591488,0.0
2017-12-26,47.68,47.84,47.53,47.78,1347008,0.0
2017-12-27,47.92,48.09,47.7194,48.08,1259011,0.0
2017-12-28,48.11,48.29,48.07,48.11,1382182,0.0
2018-01-01,48.22,48.36,47.5,47.87,1642440,0.0
2018-01-02,47.57,48.03,47.43,47.49,3609701,0.0
2018-01-03,47.3,47.86,47.03,47.11,2254987,0.0
2018-01-04,47.18,47.35,46.63,46.78,2278476,0.0
2018-01-07,46.88,47.21,46.7,47.15,2783231,0.0
2018-01-08,47.16,47.22,46.4,46.59,2306178,0.0
2018-01-09,46.5,46.58,46.01,46.12,1954922,0.0
2018-01-10,46,46.3,45.375,45.53,1933637,0.0
2018-01-11,45.45,45.635,45.06,45.145,2163712,0.0
2018-01-15,45.11,45.55,44.89,45.28,3085526,0.0
2018-01-16,45.53,45.855,45.35,45.7,2631285,0.0
2018-01-17,45.58,45.79,45.05,45.37,3916551,0.0
2018-01-18,45.2,45.6,45.05,45.13,2017431,0.0
2018-01-21,45.4,45.635,45.12,45.23,2486500,0.0
2018-01-22,45.32,46.01,45.23,45.71,2301817,0.0
2018-01-23,45.7,45.825,45.41,45.54,1736496,0.0
2018-01-24,45.49,46.06,45.4,46.01,3026996,0.0
2018-01-25,45.97,46.1,45.25,45.69,1800699,0.0
2018-01-28,45.54,45.57,44.85,44.86,1868213,0.0
2018-01-29,44.74,45.35,44.74,45.21,2403117,0.0
2018-01-30,45.14,45.69,44.93,45.65,2347536,0.0
2018-01-31,45.64,45.78,44.67,44.82,3077702,0.0
2018-02-01,44.6,45.02,44.45,44.47,2275544,0.0
2018-02-04,44.42,44.75,43.59,43.64,2742889,0.0
2018-02-05,43.24,43.24,41.88,42.75,4758363,0.0
2018-02-06,41.57,43.29,41.51,42.46,2808466,0.0
2018-02-07,42.18,43.16,42.11,42.44,3883030,0.0
2018-02-08,42.51,43.66,42.45,43.35,4434752,0.0
2018-02-11,43.53,44,43.04,43.77,2971670,0.0
2018-02-12,43.92,44.15,43.24,43.96,2342156,0.0
2018-02-13,43.64,43.759,43.21,43.22,3163444,0.0
2018-02-14,43.32,44.2,43.07,44.19,2848662,0.0
2018-02-15,44.13,44.88,44.05,44.68,2327962,0.0
2018-02-19,44.66,44.775,43.85,44.12,2462637,0.0
2018-02-20,44.02,44.59,43.7,43.71,3713530,0.0
2018-02-21,43.73,44.09,43.5,43.62,2413762,0.0
2018-02-22,43.64,44.82,43.64,44.78,2338587,0.0
2018-02-25,44.84,44.92,44.46,44.54,1998620,0.0
2018-02-26,44.59,44.69,43.66,43.69,2933814,0.0
2018-02-27,43.83,43.955,43.26,43.29,2151551,0.0
2018-02-28,43.29,43.94,42.84,43.15,3074884,0.0
2018-03-01,43.13,43.61,42.645,43.03,3382763,0.0
2018-03-04,42.88,44.02,42.78,43.83,2968500,0.0
2018-03-05,43.62,43.83,42.82,42.92,3467846,0.0
2018-03-06,42.8,43.08,42.565,42.71,2512354,0.0
2018-03-07,42.89,43.35,42.64,43.12,2111492,0.0
2018-03-08,43.08,43.29,42.78,43.28,1787429,0.0
2018-03-11,43.25,43.88,43.23,43.66,2660030,0.0
2018-03-12,43.76,43.92,43.24,43.5,3975551,0.0
2018-03-13,43.28,43.79,43.2603,43.53,2233388,0.0
2018-03-14,43.49,43.97,43.33,43.65,2405367,0.0
2018-03-15,43.77,44.23,43.73,44.125,2502709,0.0
2018-03-18,44.11,44.45,43.89,44.18,2446171,0.0
2018-03-19,44.22,44.47,44.06,44.27,2585605,0.0
2018-03-20,44.29,44.99,44.2,44.46,4947175,0.0
2018-03-21,44.42,45.19,44.36,44.57,4096926,0.0
2018-03-22,44.73,44.98,43.66,43.75,3011088,0.0
2018-03-25,43.9,44.32,43.81,44.15,2177906,0.0
2018-03-26,44.52,45.49,44.12,45.1,3410353,0.0
2018-03-27,45.3,45.505,44.9,45.35,3992409,0.0
2018-03-28,45.43,45.87,45.1,45.47,2764131,0.0
2018-04-01,45.6,45.79,44.675,44.96,2258964,0.0
2018-04-02,45.06,45.43,44.77,45.21,2417498,0.0
2018-04-03,45.01,45.36,44.695,45.21,2641939,0.0
2018-04-04,45.22,45.84,44.76,45.68,3019383,0.0
2018-04-05,45.7,45.99,45.38,45.47,2746973,0.0
2018-04-08,45.45,45.8,45.24,45.51,1970403,0.0
2018-04-09,45.39,45.57,44.95,45.03,2766335,0.0
2018-04-10,44.89,45.4,44.78,44.85,2456197,0.0
2018-04-11,44.93,45.02,43.925,44.02,2429744,0.0
2018-04-12,44.02,44.66,44.02,44.49,2450094,0.0
2018-04-15,44.65,45.38,44.49,45.28,2267860,0.0
2018-04-16,45.41,45.75,45.15,45.6,2023556,0.0
2018-04-17,45.72,46.01,45.29,45.33,1543731,0.0
2018-04-18,45.15,45.45,44.96,45.39,2071131,0.0
2018-04-19,45.49,45.56,44.96,45.12,2371292,0.0
2018-04-22,45.25,45.57,45.12,45.3,1908602,0.0
2018-04-23,45.39,46.05,45.28,45.68,3655273,0.0
2018-04-24,45.63,46.075,45.39,45.77,2767762,0.0
2018-04-25,45.67,46.64,45.54,46.48,2186539,0.0
2018-04-26,46.34,47.38,46.33,47.11,2519644,0.0
2018-04-29,47.21,47.37,46.81,46.84,1673011,0.0
2018-04-30,46.85,46.93,46.59,46.65,1676082,0.0
2018-05-01,46.62,46.7359,46.25,46.54,1853568,0.0
2018-05-02,46.45,46.71,45.93,46.47,2578666,0.0
2018-05-03,46.64,46.675,46.26,46.4,2804275,0.0
2018-05-06,46.45,46.54,45.99,46.12,1454370,0.0
2018-05-07,45.98,46.115,44.85,45,2768777,0.0
2018-05-08,44.98,45.09,44.58,44.82,2752403,0.0
2018-05-09,45.08,45.3807,44.85,45.25,1846424,0.0
2018-05-10,45.32,45.42,45.17,45.26,1528070,0.0
2018-05-13,45.31,45.41,44.68,44.99,1704609,0.0
2018-05-14,44.65,44.92,44.35,44.55,1678931,0.0
2018-05-15,44.59,44.64,44.09,44.24,1426535,0.0
2018-05-16,44.27,44.39,43.76,43.84,1630885,0.0
2018-05-17,43.88,44.13,43.435,43.7,1477297,0.0
2018-05-20,43.73,43.8,43.28,43.55,1436018,0.0
2018-05-21,43.52,43.9,43.43,43.71,1424358,0.0
2018-05-22,43.84,44.38,43.74,44.36,2434374,0.0
2018-05-23,44.4,44.88,44.25,44.84,2333544,0.0
2018-05-24,44.81,45.3,44.81,45.19,1898548,0.0
2018-05-28,45.14,45.58,44.95,45.25,2254354,0.0
2018-05-29,45.24,45.7199,45.01,45.6,1402585,0.0
2018-05-30,45.48,45.87,45.27,45.53,1645362,0.0
2018-05-31,45.61,45.61,44.63,44.73,1573133,0.0
2018-06-03,44.72,44.93,44,44.13,2433988,0.0
2018-06-04,44.13,44.27,43.32,43.33,2665654,0.0
2018-06-05,43.36,43.36,42.29,42.35,3816396,0.0
2018-06-06,42.46,43.1,42.27,42.72,2189921,0.0
2018-06-07,42.7,42.86,42.485,42.69,1939710,0.0
2018-06-10,42.8,42.83,41.99,42.13,2370138,0.0
2018-06-11,42.11,42.67,42.07,42.58,2488908,0.0
2018-06-12,42.55,42.79,42.28,42.51,2034507,0.0
2018-06-13,42.27,42.97,42.15,42.86,3021669,0.0
2018-06-14,42.63,43.43,42.58,43.33,4172138,0.0
2018-06-17,43.33,43.75,43.25,43.6,1818726,0.0
2018-06-18,43.32,44.39,43.32,44.19,2131628,0.0
2018-06-19,43.76,44.01,43.55,43.885,2788858,0.0
2018-06-20,43.83,44.175,43.58,43.86,1837913,0.0
2018-06-21,43.94,44.15,43.69,43.86,3531316,0.0
2018-06-24,43.97,45.22,43.9,45.14,2983111,0.0
2018-06-25,45.25,45.62,44.97,45.33,3344505,0.0
2018-06-26,45.22,45.75,45.09,45.69,2587686,0.0
2018-06-27,45.81,46.24,45.57,45.65,2381821,0.0
2018-06-28,45.52,45.96,45.14,45.68,2103005,0.0
2018-07-01,45.84,46.27,45.7,46.22,2183511,0.0
2018-07-02,46.2,46.63,46.04,46.27,1382778,0.0
2018-07-04,46.34,46.61,46.09,46.59,1789720,0.0
2018-07-05,46.69,47.08,46.6,46.96,1543620,0.0
2018-07-08,46.94,46.95,45.035,45.16,3249093,0.0
2018-07-09,45.17,45.99,44.76,45.68,2098195,0.0
2018-07-10,45.8,46.46,45.76,46.4,1591398,0.0
2018-07-11,46.39,46.48,46.07,46.34,2233986,0.0
2018-07-12,46.45,46.57,45.995,46.26,1604485,0.0
2018-07-15,45.09,46.35,45.09,46.07,1969454,0.0
2018-07-16,46.25,46.28,45.84,45.87,1684861,0.0
2018-07-17,45.95,45.99,45.405,45.62,1936448,0.0
2018-07-18,45.59,46.175,45.59,45.92,1893387,0.0
2018-07-19,45.91,45.91,45.1,45.64,3343598,0.0
2018-07-22,45.64,45.705,45.05,45.271,1777576,0.0
2018-07-23,45.15,45.59,44.535,45.53,3636960,0.0
2018-07-24,45.47,45.93,45.32,45.68,3305032,0.0
2018-07-25,46.76,47.01,45.91,46.88,3390190,0.0
2018-07-26,46.96,47.15,46.36,46.6,2318204,0.0
2018-07-29,46.54,46.55,46.005,46.3,2252724,0.0
2018-07-30,46.44,46.91,46.31,46.86,2340377,0.0
2018-07-31,46.54,46.64,45.87,46.39,2756678,0.0
2018-08-01,46.39,46.82,45.97,46.6,2585900,0.0
2018-08-02,46.62,47.345,46.33,47.16,2245626,0.0
2018-08-05,47.24,47.55,47.13,47.28,1741891,0.0
2018-08-06,47.27,47.33,46.68,47.21,2156375,0.0
2018-08-07,47.06,47.43,46.86,47.325,1884728,0.0
2018-08-08,47.36,47.69,47.17,47.65,2271728,0.0
2018-08-09,47.73,48.26,47.46,47.54,1778853,0.0
2018-08-12,47.62,47.73,47.33,47.54,2282075,0.0
2018-08-13,47.46,47.78,47.36,47.46,1811035,0.0
2018-08-14,47.56,48.28,47.36,47.91,2483724,0.0
2018-08-15,47.95,48.27,47.62,48.17,3113307,0.0
2018-08-16,48.13,48.57,48,48.3,2470983,0.0
2018-08-19,48.44,48.5,48.11,48.23,1929321,0.0
2018-08-20,48.11,48.22,47.615,47.91,2666566,0.0
2018-08-21,47.91,47.96,47.185,47.42,2136224,0.0
2018-08-22,47.48,47.99,47.36,47.7,2028340,0.0
2018-08-23,47.69,48.04,47.43,47.94,1318195,0.0
2018-08-26,47.99,48.02,47.2,47.51,2041343,0.0
2018-08-27,47.5,47.7,47.31,47.57,4440777,0.0
2018-08-28,47.66,48.05,47.64,48.03,2835340,0.0
2018-08-29,48.12,48.48,48.04,48.33,2313275,0.0
2018-08-30,48.68,48.72,47.97,48.05,2307381,0.0
2018-09-03,48.34,48.78,48.05,48.5,2440220,0.0
2018-09-04,48.31,49.31,48.31,49.28,2152394,0.0
2018-09-05,49.25,49.49,48.9406,49.3,3878272,0.0
2018-09-06,49.07,49.18,48.495,48.68,2461858,0.0
2018-09-09,48.78,49.23,48.68,49.02,2245047,0.0
2018-09-10,49.01,49.175,48.62,48.74,2474910,0.0
2018-09-11,48.76,49.1675,48.39,48.58,2241168,0.0
2018-09-12,48.27,48.49,47.94,48.43,2312523,0.0
2018-09-13,48.36,48.46,47.86,48.39,1753258,0.0
2018-09-16,48.45,48.51,48.13,48.4,2270152,0.0
2018-09-17,48.45,48.49,47.93,48.12,2458146,0.0
2018-09-18,48.13,48.15,46.875,47.19,3127590,0.0
2018-09-19,47.15,47.36,46.68,47.36,3465246,0.0
2018-09-20,47.26,47.58,46.87,47.51,5038349,0.0
2018-09-23,47.44,47.59,46.98,47.04,2045288,0.0
2018-09-24,46.75,47.07,46.46,46.61,2125361,0.0
2018-09-25,46.51,46.78,46.03,46.08,3095939,0.0
2018-09-26,46.09,46.8,46.01,46.57,2231246,0.0
2018-09-27,46.74,47.24,46.74,47.21,2880190,0.0
2018-09-30,46.97,47.3,46.755,47.12,2209540,0.0
2018-10-01,47.19,47.83,47.13,47.76,1600273,0.0
2018-10-02,47.68,47.93,46.73,47.13,1893496,0.0
2018-10-03,46.92,47.49,46.515,47.45,1800054,0.0
2018-10-04,47.45,48.57,47.42,48.36,2389112,0.0
2018-10-07,48.54,49.22,48.39,48.77,2190610,0.0
2018-10-08,48.82,49.3,48.7,49.02,2789929,0.0
2018-10-09,48.96,49.74,48.81,48.84,2397143,0.0
2018-10-10,48.96,49.11,47.49,47.63,3794173,0.0
2018-10-11,47.56,47.77,47.07,47.65,2709508,0.0
2018-10-14,47.62,48.11,47.52,47.64,1866822,0.0
2018-10-15,47.69,48.55,47.44,48.25,2264604,0.0
2018-10-16,48.34,48.44,47.95,48.25,2127981,0.0
2018-10-17,48.4,48.53,48,48.36,2085829,0.0
2018-10-18,48.33,49.38,48.33,49.13,2068855,0.0
2018-10-21,49.25,49.2557,48.71,48.87,2222130,0.0
2018-10-22,49.1,49.48,48.48,48.9,4159301,0.0
2018-10-23,49.13,50.53,48.91,50.26,3830491,0.0
2018-10-24,49.12,49.74,48.75,49.43,3012199,0.0
2018-10-25,49.7,49.95,48.11,48.5,3999902,0.0
2018-10-28,48.71,49.55,48.46,49.41,4176716,0.0
2018-10-29,49.59,49.97,48.99,49.68,3411829,0.0
2018-10-30,49.51,49.68,48.625,49.02,2844171,0.0
2018-10-31,49.07,49.07,48.14,48.46,3573356,0.0
2018-11-01,48.24,48.61,47.44,47.72,4683372,0.0
2018-11-04,47.85,48.65,47.815,48.39,2609272,0.0
2018-11-05,48.41,49.24,48.36,49.15,1910493,0.0
2018-11-06,49.5,49.71,49.1,49.5,4154840,0.0
2018-11-07,48.69,49.35,48.55,49.34,9389082,0.0
2018-11-08,49.37,50.42,49.29,50.32,6835201,0.0
2018-11-11,50.18,51.58,50.1,51.105,5056310,0.0
2018-11-12,51.16,51.53,50.72,51.39,3269652,0.0
2018-11-13,51.2,51.48,50.84,51.16,4999012,0.0
2018-11-14,51.06,51.61,50.51,51.38,4977106,0.0
2018-11-15,51.99,52.24,51.03,51.08,6508160,0.0
2018-11-18,51.02,51.635,50.86,51.61,3900249,0.0
2018-11-19,52,52.46,51.365,51.8,4562902,0.0
2018-11-20,51.66,51.66,50.56,50.74,3052449,0.0
2018-11-22,50.74,50.92,50.52,50.85,989473,0.0
2018-11-25,50.98,51.25,50.49,51.1,2731013,0.0
2018-11-26,51.14,51.76,50.79,51.74,2690885,0.0
2018-11-27,51.66,51.96,51.39,51.56,4105436,0.0
2018-11-28,51.56,51.61,50.82,51.53,2813417,0.0
2018-11-29,51.65,52.49,51.5202,52.45,3335200,0.0
2018-12-02,52.22,52.975,51.7,52.945,3790599,0.0
2018-12-03,52.86,53.47,52.75,52.84,3472439,0.0
2018-12-05,53.02,53.24,51.97,53.23,5309242,0.0
2018-12-06,53.06,53.48,52.71,53.2,3722080,0.0
2018-12-09,53.25,53.59,52.45,53.45,2802919,0.0
2018-12-10,53.55,53.76,53.09,53.52,3003473,0.0
2018-12-11,53.71,53.96,52.92,52.94,3284656,0.0
2018-12-12,53.06,53.91,53.06,53.68,3047975,0.0
2018-12-13,53.68,54.1076,52.89,53.14,2850808,0.0
2018-12-16,53.4,53.51,51.53,51.75,3636809,0.0
2018-12-17,51.97,52.41,51.26,51.48,3087733,0.0
2018-12-18,51.61,51.86,50.7,50.92,5910770,0.0
2018-12-19,51.14,51.89,50.42,51.38,5432963,0.0
2018-12-20,51.88,52.59,50.8401,50.9,6963008,0.0
2018-12-23,51.1,51.33,48.4924,48.61,2620873,0.0
2018-12-25,48.64,49.64,48.16,49.54,4561266,0.0
2018-12-26,49.13,49.6,48.22,49.6,4058655,0.0
2018-12-27,49.59,50.12,49.13,49.3,4272033,0.0
2018-12-30,49.35,49.51,48.73,49.135,3081416,0.0
2019-01-01,49.16,49.24,47.95,48.205,3598412,0.0
2019-01-02,48.27,48.675,47.87,48.15,4760838,0.0
2019-01-03,47.7,48.57,47.7,48.48,3716957,0.0
2019-01-06,48.26,48.58,47.95,48.305,2427934,0.0
2019-01-07,48.26,48.89,48.09,48.875,2446154,0.0
2019-01-08,48.87,49.01,48.26,48.435,3080102,0.0
2019-01-09,48.38,49.315,48.24,49.27,3197126,0.0
2019-01-10,49.15,49.325,48.81,49.275,2846569,0.0
2019-01-13,49,49.17,48.29,48.92,2807190,0.0
2019-01-14,48.93,50.08,48.83,49.89,2530295,0.0
2019-01-15,49.75,50.29,49.44,50.25,2163709,0.0
2019-01-16,50.44,50.73,50.17,50.62,2580294,0.0
2019-01-17,50.9,51.005,50.51,50.61,3030665,0.0
2019-01-21,50.77,51.19,50.14,50.64,2713211,0.0
2019-01-22,50.63,51.12,50.51,51.12,2361694,0.0
2019-01-23,51.15,51.425,50.6,51.4,2380675,0.0
2019-01-24,51.34,51.579,50.44,50.49,2952674,0.0
2019-01-27,50.54,50.81,50.1,50.43,1796829,0.0
2019-01-28,50.71,50.93,50.41,50.63,2334401,0.0
2019-01-29,50.39,51.33,50.39,50.955,2730261,0.0
2019-01-30,50.95,52.58,50.6,52.515,4303829,0.0
2019-01-31,52.27,52.5,51.5282,52.15,2791670,0.0
2019-02-03,51.96,52.38,51.57,52.36,2054829,0.0
2019-02-04,52.41,52.51,52.02,52.43,2031140,0.0
2019-02-05,52.36,52.67,52.08,52.44,1427540,0.0
2019-02-06,52.06,53.16,52.06,53.095,1881510,0.0
2019-02-07,53.11,53.5,52.74,53.405,1678819,0.0
2019-02-10,53.49,53.73,53.335,53.54,1721472,0.0
2019-02-11,53.68,53.905,53.1901,53.475,2600787,0.0
2019-02-12,53.45,53.51,53.03,53.265,2085179,0.0
2019-02-13,53.3,53.76,53.04,53.31,4164947,0.0
2019-02-14,53.66,53.7,53.265,53.45,2110004,0.0
2019-02-18,53.57,53.84,53.345,53.82,2422300,0.0
2019-02-19,53.77,54.185,53.44,54.1,2191700,0.0
2019-02-20,53.96,54.89,53.73,54.76,2356560,0.0
2019-02-21,54.97,55.27,54.59,55.27,2309522,0.0
2019-02-24,55.21,55.36,54.5,54.7,2273004,0.0
2019-02-25,54.88,54.9,54.42,54.48,3687822,0.0
2019-02-26,54.32,54.56,54.13,54.39,2344556,0.0
2019-02-27,54.32,54.9,54.13,54.86,2206782,0.0
2019-02-28,54.87,55,54.29,54.92,2667604,0.0
2019-03-03,54.89,55.1,54.405,55.09,2816510,0.0
2019-03-04,54.97,55.12,54.7,54.9,2331351,0.0
2019-03-05,54.93,55.23,54.715,55.08,2258843,0.0
2019-03-06,55.25,55.7,55.16,55.51,2795524,0.0
2019-03-07,55.66,55.9,55.2,55.67,3099517,0.0
2019-03-10,55.66,56.08,55.62,56.05,2083700,0.0
2019-03-11,56.21,56.56,55.99,56.47,2202839,0.0
2019-03-12,56.47,56.76,56.31,56.64,2143420,0.0
2019-03-13,56.29,56.5,55.94,56.16,2257914,0.0
2019-03-14,56.29,56.89,56.27,56.55,3153956,0.0
2019-03-17,56.45,56.61,55.865,56.14,1947026,0.0
2019-03-18,56.07,56.24,55.43,55.68,2010115,0.0
2019-03-19,55.8,56.4,55.56,55.84,2019579,0.0
2019-03-20,55.79,56.61,55.69,56.47,1727701,0.0
2019-03-21,56.78,57.51,56.64,57.079,2457290,0.0
2019-03-24,57.1,57.28,56.82,57.07,1555103,0.0
2019-03-25,56.98,57.48,56.93,57.35,1834790,0.0
2019-03-26,57.48,57.48,56.58,56.91,1822584,0.0
2019-03-27,56.89,57.13,55.88,56.16,2152448,0.0
2019-03-28,56.18,56.27,55.81,56.21,2816251,0.0
2019-03-31,56.25,56.25,55.095,55.57,1462646,0.0
2019-04-01,55.78,55.9797,55.335,55.58,3375627,0.0
2019-04-02,55.58,55.65,55.005,55.35,3071411,0.0
2019-04-03,55.59,55.61,54.735,55.27,2256451,0.0
2019-04-04,55.35,55.72,55.14,55.7,2113714,0.0
2019-04-07,55.71,55.75,55.11,55.32,1777623,0.0
2019-04-08,55.24,55.77,55.2,55.74,2451616,0.0
2019-04-09,55.88,56.32,55.24,55.35,2432737,0.0
2019-04-10,55.44,55.715,55.29,55.7,3119001,0.0
2019-04-11,55.59,55.97,55.12,55.89,1992765,0.0
2019-04-14,55.91,56.21,55.66,55.78,1696958,0.0
2019-04-15,55.76,55.98,54.77,54.87,2319655,0.0
2019-04-16,54.95,55.09,54.595,54.76,2410808,0.0
2019-04-17,54.93,55.27,54.64,54.68,2911333,0.0
2019-04-21,54.5,54.86,54.46,54.77,1728477,0.0
2019-04-22,55,55.31,54.6,55.17,2150120,0.0
2019-04-23,55.24,55.67,55.09,55.44,1922921,0.0
2019-04-24,55.09,56.29,54.71,55.99,1744891,0.0
2019-04-25,56.2,56.71,55.87,55.92,1947054,0.0
2019-04-28,55.69,55.92,54.9401,55.45,1253401,0.0
2019-04-29,55.43,56.53,55.34,56.49,2094480,0.0
2019-04-30,56.19,56.58,55.88,55.9,1943450,0.0
2019-05-01,55.87,56.2,55.45,55.92,1815418,0.0
2019-05-02,56.02,56.65,55.82,56.58,1228313,0.0
2019-05-05,56.63,56.775,56.28,56.52,2065203,0.0
2019-05-06,56.37,56.94,56.32,56.58,3820352,0.0
2019-05-07,56.47,56.49,55.84,55.89,2570993,0.0
2019-05-08,55.78,56.195,55.26,56.06,2133150,0.0
2019-05-09,55.9,57.23,55.86,57.21,2165501,0.0
2019-05-12,56.9,57.82,56.9,57.79,3143745,0.0
2019-05-13,57.71,57.85,57.22,57.32,2325128,0.0
2019-05-14,57.33,57.58,57.1,57.22,2010945,0.0
2019-05-15,57.04,57.925,56.97,57.74,1382694,0.0
2019-05-16,57.62,58.48,57.46,58.2,1771399,0.0
2019-05-19,58.27,58.685,58.2,58.4,1856301,0.0
2019-05-20,58.42,58.74,57.97,58.1,1919531,0.0
2019-05-21,58.34,58.535,58.03,58.51,3172827,0.0
2019-05-22,58.5,59.1,58.4,59.09,2236370,0.0
2019-05-23,59.15,59.62,58.94,59,1562867,0.0
2019-05-27,59.14,59.2,57.93,58.03,1721016,0.0
2019-05-28,58.15,58.19,57.045,57.18,2278707,0.0
2019-05-29,57.29,57.6,57.15,57.37,1628005,0.0
2019-05-30,57.6,57.73,57.1,57.34,3058159,0.0
2019-06-02,57.65,58.03,57.11,57.92,2843751,0.0
2019-06-03,57.87,57.968,56.37,57.78,1927508,0.0
2019-06-04,57.98,59.46,57.77,59.3,2632624,0.0
2019-06-05,59.47,59.885,59.24,59.8,1299774,0.0
2019-06-06,60.12,60.56,59.38,59.44,1728910,0.0
2019-06-09,59.36,59.41,58.83,59.26,1662154,0.0
2019-06-10,59.2,59.33,58.36,58.69,1638826,0.0
2019-06-11,58.98,59.63,58.69,59.53,1594145,0.0
2019-06-12,59.29,59.52,58.95,59.46,4538064,0.0
2019-06-13,59.52,60.16,59.33,60.03,3487641,0.0
2019-06-16,60.22,60.33,59.48,59.87,2323414,0.0
2019-06-17,60.29,60.4,59.615,60.09,3872188,0.0
2019-06-18,59.77,61,59.77,60.81,2720669,0.0
2019-06-19,61.13,61.5,60.62,61.295,2725674,0.0
2019-06-20,61.27,61.63,60.64,61.51,4201901,0.0
2019-06-23,61.97,61.97,61.14,61.26,2605698,0.0
2019-06-24,61.32,61.41,60.73,60.99,3349004,0.0
2019-06-25,60.72,61.1,59.38,59.44,5405325,0.0
2019-06-26,59.45,59.705,59.005,59.27,2171138,0.0
2019-06-27,59.3717,59.84,59.11,59.5,2259017,0.0
2019-06-30,59.7,59.7,58.8,59.43,2217317,0.0
2019-07-01,59.5,60.24,59.46,60.16,1840213,0.0
2019-07-02,60.38,61.08,60.2748,60.7,1039884,0.0
2019-07-04,60.13,60.78,59.39,60.7,1451511,0.0
2019-07-07,60.56,60.98,60.43,60.84,1489430,0.0
2019-07-08,60.82,60.93,60.5,60.89,2006399,0.0
2019-07-09,61.14,61.54,60.92,61.16,2172855,0.0
2019-07-10,61,61.52,60.505,61.19,2490117,0.0
2019-07-11,61.25,61.3,60.56,60.81,1541140,0.0
2019-07-14,60.83,61.255,60.52,61.18,1473663,0.0
2019-07-15,61.05,61.32,60.68,61,2844363,0.0
2019-07-16,61.37,61.66,61.12,61.27,2106094,0.0
2019-07-17,61.42,61.98,60.93,61.94,1935727,0.0
2019-07-18,61.9,62.03,60.735,60.78,3439291,0.0
2019-07-21,60.89,60.95,60.24,60.71,2355095,0.0
2019-07-22,60.87,60.87,60,60.42,2625867,0.0
2019-07-23,60.64,60.65,59.975,60.46,2331458,0.0
2019-07-24,60.37,60.7,59.93,60.19,2720280,0.0
2019-07-25,60.22,60.76,60.1,60.51,6781702,0.0
2019-07-28,60.79,61.17,60.59,60.99,2376834,0.0
2019-07-29,60.61,61.31,60.23,60.59,2145688,0.0
2019-07-30,60.35,60.72,59.14,59.63,5140034,0.0
2019-07-31,58.9,61.22,58.74,60.78,4090748,0.0
2019-08-01,60.89,61.325,59.69,59.8,3657113,0.0
2019-08-04,60.07,60.96,59.42,59.64,3838574,0.0
2019-08-05,59.41,60.71,58.94,60.4,2774814,0.0
2019-08-06,60.52,61.14,59.5,60.79,2303182,0.0
2019-08-07,60.82,61.8,60.09,61.62,2330648,0.0
2019-08-08,61.7,62.02,61.37,61.79,1726103,0.0
2019-08-11,61.94,62.02,61.21,61.51,1417295,0.0
2019-08-12,61.39,61.7,60.86,61.39,2223152,0.0
2019-08-13,61.53,61.64,60.57,60.79,2397052,0.0
2019-08-14,60.74,61.7,60.5,61.51,2370197,0.0
2019-08-15,61.61,62.17,61.46,61.8,1850017,0.0
2019-08-18,61.83,62.52,61.58,62.16,1453052,0.0
2019-08-19,62.35,62.51,61.77,62.41,2612215,0.0
2019-08-20,62.34,63.03,62.2,63.01,2013252,0.0
2019-08-21,63.01,63.41,62.68,63.29,2811945,0.0
2019-08-22,63.37,63.68,62.04,62.51,3151454,0.0
2019-08-25,62.65,63.54,62.46,63.54,2026763,0.0
2019-08-26,63.8,64.41,63.75,63.99,2296730,0.0
2019-08-27,64.14,64.53,63.71,63.97,2643268,0.0
2019-08-28,64.23,64.63,63.66,64.61,2269905,0.0
2019-08-29,64.74,64.91,64.065,64.22,2115698,0.0
2019-09-02,64.34,65.57,64.22,65.53,2334489,0.0
2019-09-03,65.81,66.05,65.36,65.83,2018722,0.0
2019-09-04,65.55,65.66,64.76,65.14,2181094,0.0
2019-09-05,65.38,65.52,64.52,64.81,1944740,0.0
2019-09-08,64.66,64.71,63.31,63.4,4247437,0.0
2019-09-09,63.16,63.4104,62.19,62.99,4086760,0.0
2019-09-10,62.95,63.73,62.48,63.24,2941574,0.0
2019-09-11,63.42,63.85,62.71,63.07,3041905,0.0
2019-09-12,62.9,63.29,62.52,62.61,2432956,0.0
2019-09-15,62.71,63.02,62.28,62.84,1894551,0.0
2019-09-16,63.23,63.93,63.05,63.74,2274798,0.0
2019-09-17,64.01,64.16,63.41,64.01,1743156,0.0
2019-09-18,64.04,64.33,63.89,64.26,1505154,0.0
2019-09-19,64.12,64.785,64.02,64.63,4500037,0.0
2019-09-22,64.81,65.015,64.44,64.61,1962841,0.0
2019-09-23,64.94,65.68,64.69,65.45,2924732,0.0
2019-09-24,65.35,65.45,64.7,65.04,3177248,0.0
2019-09-25,65.38,65.83,64.96,65.58,2079639,0.0
2019-09-26,65.66,65.84,64.85,65.36,2011539,0.0
2019-09-29,64.86,65.51,64.695,64.89,2736314,0.0
2019-09-30,64.75,65.05,64.18,64.93,3021055,0.0
2019-10-01,64.97,65,62.99,63.36,6758175,0.0
2019-10-02,63.64,63.64,62.92,63.46,2550819,0.0
2019-10-03,63.56,64.81,63.55,64.63,4669096,0.0
2019-10-06,64.4,64.49,64.02,64.29,4623626,0.0
2019-10-07,64.28,64.34,63.56,63.6,4596806,0.0
2019-10-08,63.66,64.19,63.56,63.92,3186978,0.0
2019-10-09,63.5,64.17,63.13,63.94,3651485,0.0
2019-10-10,63.83,63.93,63.0392,63.31,4639049,0.0
2019-10-13,63.71,63.77,63.05,63.3,4121158,0.0
2019-10-14,63.32,63.63,62.865,63.16,3184831,0.0
2019-10-15,63.19,63.52,62.8,63.5,3145320,0.0
2019-10-16,63.42,63.89,63.29,63.69,2954162,0.0
2019-10-17,63.8,64.14,63.33,64.03,3967239,0.0
2019-10-20,64.11,64.31,63.66,64.29,1356504,0.0
2019-10-21,64.59,64.63,64.075,64.205,2207677,0.0
2019-10-22,64.16,64.59,64.11,64.37,2641524,0.0
2019-10-23,64.97,65.14,64.05,64.55,2174343,0.0
2019-10-24,64.67,64.99,63.33,63.625,2965870,0.0
2019-10-27,63.07,63.33,62.28,62.45,3026743,0.0
2019-10-28,62.53,62.695,62.18,62.56,2191174,0.0
2019-10-29,62.61,63.49,62.61,63.31,2199068,0.0
2019-10-30,63.32,63.785,63.1,63.53,7739948,0.0
2019-10-31,63.46,63.81,62.92,63.09,2355318,0.0
2019-11-03,63.03,63.03,61.51,61.65,2681256,0.0
2019-11-04,61.34,61.63,60.395,60.55,3704286,0.0
2019-11-05,60.6,61.35,60.47,61.265,3460756,0.0
2019-11-06,60.59,60.87,59.46,60.34,3558370,0.0
2019-11-07,59.97,60.45,59.66,60.07,3145094,0.0
2019-11-10,60.11,60.3,59.87,60.075,1733228,0.0
2019-11-11,60.2,60.335,59.98,60.17,1283723,0.0
2019-11-12,60.3,61.755,60.3,61.64,2004047,0.0
2019-11-13,61.55,62.12,61.145,61.32,3055183,0.0
2019-11-14,61.37,61.45,60.32,60.86,3853304,0.0
2019-11-17,60.94,61.65,60.75,60.89,2638484,0.0
2019-11-18,60.95,61.645,60.47,61.33,1963598,0.0
2019-11-19,61.31,61.8,61.18,61.72,1774123,0.0
2019-11-20,61.74,61.875,61.2681,61.705,1596042,0.0
2019-11-21,61.75,61.96,60.735,61.26,2153142,0.0
2019-11-24,61.39,61.55,60.67,60.8,2181431,0.0
2019-11-25,60.79,61.27,60.6,61.19,3988396,0.0
2019-11-26,61.26,61.62,60.91,61.57,2271133,0.0
2019-11-28,61.77,62.07,61.37,61.51,956370,0.0
2019-12-01,61.28,61.53,60.85,61.22,1987466,0.0
2019-12-02,61.38,61.745,61.22,61.46,2481830,0.0
2019-12-03,61.16,62.11,61.16,62.01,1440367,0.0
2019-12-04,61.81,62.16,61.56,62.155,1213792,0.0
2019-12-05,62.01,62.28,61.59,62,1726352,0.0
2019-12-08,62.2,62.34,61.59,61.74,1547074,0.0
2019-12-09,61.74,62.015,61.6263,61.82,1340307,0.0
2019-12-10,62,62.21,61.75,62.17,1836720,0.0
2019-12-11,61.99,62.45,61.03,61.36,3429366,0.0
2019-12-12,61.35,62.375,61.1,62.27,2068466,0.0
2019-12-15,62.18,63.06,62.07,63.04,2077018,0.0
2019-12-16,63.22,63.86,63.02,63.46,2038204,0.0
2019-12-17,63.3,63.92,63.24,63.81,1973253,0.0
2019-12-18,64,64.01,63.57,63.86,1926962,0.0
2019-12-19,64.07,64.67,63.74,64.16,4271949,0.0
2019-12-22,64.38,64.39,62.77,63.03,2500227,0.0
2019-12-23,62.54,62.9,62.32,62.87,871272,0.0
2019-12-25,62.83,63.03,62.545,62.79,1036122,0.0
2019-12-26,62.81,63.155,62.69,63.115,1543362,0.0
2019-12-29,62.94,63.29,62.72,63.29,1401118,0.0
2019-12-30,63.29,63.55,63.135,63.49,1572848,0.0
2020-01-01,63.55,63.58,62.2,62.38,2340833,0.0
2020-01-02,62.28,62.915,62.28,62.68,1908930,0.0
2020-01-05,62.76,62.94,62.33,62.59,1392103,0.0
2020-01-06,62.15,62.5168,61.97,62.46,1607021,0.0
2020-01-07,62.59,62.64,62.12,62.42,1637440,0.0
2020-01-08,62.15,62.76,62.11,62.54,1556523,0.0
2020-01-09,62.55,62.85,62.5,62.64,2333781,0.0
2020-01-12,62.79,63.55,62.55,63.36,1897518,0.0
2020-01-13,63.3,63.62,62.895,63.47,1687607,0.0
2020-01-14,63.78,64.595,63.725,64.47,1640749,0.0
2020-01-15,64.69,65.11,64.525,65.03,1401259,0.0
2020-01-16,65.16,65.48,64.75,65.36,2100797,0.0
2020-01-20,65.38,66.01,65.17,66,3615448,0.0
2020-01-21,66.1,66.4,66.02,66.22,3295298,0.0
2020-01-22,66.18,66.97,66.12,66.89,3445114,0.0
2020-01-23,66.74,67.48,66.59,67.17,3130588,0.0
2020-01-26,67.14,67.69,66.65,66.92,1252473,0.0
2020-01-27,66.94,67.46,66.89,67.23,1527038,0.0
2020-01-28,67.17,67.42,66.77,67.4,1901056,0.0
2020-01-29,67.26,68.86,66.95,68.74,3036127,0.0
2020-01-30,69.01,69.62,68.75,69.18,4586631,0.0
2020-02-02,69.65,69.82,69.26,69.43,3168778,0.0
2020-02-03,69.39,69.765,69.02,69.29,2940291,0.0
2020-02-04,69.81,69.81,68.75,69.3,2467092,0.0
2020-02-05,69.13,69.54,69.01,69.3,4174573,0.0
2020-02-06,69.49,69.54,68.7,68.71,1985733,0.0
2020-02-09,68.91,69.12,68.54,69.05,2042554,0.0
2020-02-10,69.06,69.23,68.84,68.97,1601811,0.0
2020-02-11,68.75,69.25,68.55,69.02,1744086,0.0
2020-02-12,69.08,69.89,68.92,69.8,1966675,0.0
2020-02-13,69.99,70.4,69.77,70.26,1659916,0.0
2020-02-17,70.63,71.43,70.57,71.16,2789247,0.0
2020-02-18,70.99,71.24,70.765,70.8,1883055,0.0
2020-02-19,70.74,70.99,70.195,70.67,2025602,0.0
2020-02-20,70.72,71.415,70.44,70.82,2894137,0.0
2020-02-23,71.69,72.14,70.22,70.36,3017022,0.0
2020-02-24,70.48,70.65,68.73,68.84,3010859,0.0
2020-02-25,69.32,69.49,68.32,68.34,2377631,0.0
2020-02-26,68.21,68.67,64.81,64.82,3397876,0.0
2020-02-27,64.08,64.08,61.25,62.36,6301594,0.0
2020-03-01,62.22,65.99,62.15,65.85,4053656,0.0
2020-03-02,65.42,67.46,65.2,65.71,4580176,0.0
2020-03-03,66.53,69.405,66.06,69.2,2802248,0.0
2020-03-04,67.84,70.02,67.45,69.26,5248529,0.0
2020-03-05,66.51,70.16,66.2328,70.15,11720052,0.0
2020-03-08,66.36,69.99,65.3036,67.89,9103753,0.0
2020-03-09,68.55,70.68,66.1,68.52,8219418,0.0
2020-03-10,67.03,68.23,65.63,66.81,5240502,0.0
2020-03-11,63.06,66.98,59.57,61.29,6586903,0.0
2020-03-12,63.37,66.85,61,66.84,4646635,0.0
2020-03-15,60.86,67,57.41,58.36,14425608,0.0
2020-03-16,59.74,67.26,59.6406,64.74,8130359,0.0
2020-03-17,61.49,64,57.665,61.37,11122850,0.0
2020-03-18,61.53,62.48,57.2401,57.99,6341464,0.0
2020-03-19,59,59.15,50.03,50.635,8892690,0.0
2020-03-22,51.04,51.04,46.58,49.92,5414565,0.0
2020-03-23,51.28,54.31,50.57,54.05,4704403,0.0
2020-03-24,53.34,57.05,52.5789,55.55,5018349,0.0
2020-03-25,55.94,58.62,54.94,57.9,4688021,0.0
2020-03-26,56.89,60.6,55.99,58.77,3545579,0.0
2020-03-29,59.92,63.11,59.03,62.49,5536937,0.0
2020-03-30,61.85,62.05,59.81,60.35,4427887,0.0
2020-03-31,58.36,59.09,56.955,58.08,3554434,0.0
2020-04-01,57.33,61.1,57.1124,60.36,3177307,0.0
2020-04-02,59.88,60.42,57.29,57.95,2831977,0.0
2020-04-05,59.34,62.2,58.93,61.2,6609984,0.0
2020-04-06,61.11,62.405,58.6,59.23,3426452,0.0
2020-04-07,59.45,63.28,58.88,62.79,4622978,0.0
2020-04-08,62.62,66.64,62.61,66.26,3933968,0.0
2020-04-12,65.57,66.17,63.02,63.66,2049248,0.0
2020-04-13,64.91,66.38,64.72,66.24,4126746,0.0
2020-04-14,65.59,65.96,63.9,64.26,4303256,0.0
2020-04-15,64.02,65.535,63.94,65.28,7260805,0.0
2020-04-16,66.77,67.43,65.4,67.14,4061948,0.0
2020-04-19,67.23,67.44,64.31,64.38,5937837,0.0
2020-04-20,63.31,64.32,62.77,63.44,11313414,0.0
2020-04-21,64.37,65.62,64.08,65.27,5530754,0.0
2020-04-22,64.89,65.43,63.4,64.39,8322077,0.0
2020-04-23,63.31,64.6499,63.31,64.56,4662832,0.0
2020-04-26,64.79,65.67,64.77,65.49,6922717,0.0
2020-04-27,66.01,66.87,65.44,66.17,2763265,0.0
2020-04-28,67.08,67.08,64.69,65.08,3157655,0.0
2020-04-29,65.17,65.665,63.24,63.56,5780583,0.0
2020-04-30,63.18,63.18,61.535,62.19,2701575,0.0
2020-05-03,62.4,62.79,61.66,62.4,4642054,0.0
2020-05-04,62.4,63.92,62.4,63.28,2180510,0.0
2020-05-05,63.32,63.9,60.94,61.18,7570560,0.0
2020-05-06,62.88,63.54,59.81,59.96,2812387,0.0
2020-05-07,60.73,60.965,59.88,60.31,4403934,0.0
2020-05-10,59.8,60.24,58.94,60.13,3474180,0.0
2020-05-11,60.22,60.45,58.72,58.79,1850074,0.0
2020-05-12,57.87,58.35,57.43,58.07,3306475,0.0
2020-05-13,57.93,58.25,56.07,58.22,3246173,0.0
2020-05-14,58.08,58.17,56.49,57.88,7396784,0.0
2020-05-17,59.33,60.34,58.8063,60.12,1814529,0.0
2020-05-18,59.75,60.33,59.33,59.7,1982431,0.0
2020-05-19,59.991,60.4,59.36,60.28,4512000,0.0
2020-05-20,59.97,60.37,59.75,60.15,4479392,0.0
2020-05-21,60,60.455,59.64,60.37,3556126,0.0
2020-05-25,60.89,62.03,60.39,61.06,2234432,0.0
2020-05-26,61.76,62.18,61.08,61.75,2667131,0.0
2020-05-27,62.34,64.125,62.21,63.96,2190345,0.0
2020-05-28,64.19,65.31,63.38,65.09,3071157,0.0
2020-05-31,65.3883,66.065,64.32,65.75,1638554,0.0
2020-06-01,65.95,66.13,65.27,66.07,2851468,0.0
2020-06-02,66.37,67.535,66.14,66.81,4587664,0.0
2020-06-03,66.06,66.69,64.18,65.05,2107411,0.0
2020-06-04,65.03,66.52,65.03,65.27,2293346,0.0
2020-06-07,64.6056,67.18,64.6,66.94,3678872,0.0
2020-06-08,66.62,66.63,65.32,66.38,3685500,0.0
2020-06-09,66.62,67.46,66.31,67.0295,2327339,0.0
2020-06-10,66.56,66.7,64.37,65.14,5838376,0.0
2020-06-11,65.41,65.41,64.63,64.719,497557,0.0
2020-06-14,62.62,64.08,62.13,63.51,2157098,0.0
2020-06-15,65.28,65.63,63.45,63.74,4992920,0.0
2020-06-16,64.3,64.38,63.055,63.9,2091594,0.0
2020-06-17,63.66,64.61,63.43,64.54,4916078,0.0
2020-06-18,64.6,65.37,63.38,64,3865793,0.0
2020-06-21,63.88,65.75,63.11,65.18,2804669,0.0
2020-06-22,65.485,65.79,63.96,64.19,1633700,0.0
2020-06-23,63.64,64.21,62.92,63.68,1724023,0.0
2020-06-24,63.95,63.97,62.12,62.86,1731867,0.0
2020-06-25,62.83,63.62,61.83,62.32,2445895,0.0
2020-06-28,63,63,62,62.47,2189658,0.0
2020-06-29,62.66,63.17,62.25,62.49,3028995,0.0
2020-06-30,62.35,64.33,62.35,64.19,3890339,0.0
2020-07-01,64.87,65.07,63.97,64.11,2631114,0.0
