Date,Open,High,Low,Close,Volume,OpenInterest
2016-07-13,48,48,47.62,47.85,1029374,0.0
2016-07-14,48.04,48.06,47.69,47.91,1183420,0.0
2016-07-17,48.47,48.58,48.05,48.37,1532422,0.0
2016-07-18,48.14,48.35,47.84,47.97,1482510,0.0
2016-07-19,48.12,48.335,47.77,48.08,1327491,0.0
2016-07-20,47.99,48.25,47.625,47.78,1062002,0.0
2016-07-21,47.91,48.36,47.53,48.34,897319,0.0
2016-07-24,48.39,48.62,48.16,48.45,1161976,0.0
2016-07-25,48.65,49.83,48.525,49.7,3524723,0.0
2016-07-26,49.89,49.89,49.35,49.86,2576484,0.0
2016-07-27,50,51.435,49.757,51.09,4727169,0.0
2016-07-28,51.19,51.48,50.89,51.08,2284310,0.0
2016-07-31,51,51.42,50.92,51.2,2110042,0.0
2016-08-01,51.01,51.12,50.45,50.76,1482055,0.0
2016-08-02,50.54,50.89,50.31,50.83,1634883,0.0
2016-08-03,50.87,51.44,50.69,51.42,1073784,0.0
2016-08-04,51.57,51.77,51.53,51.77,1062134,0.0
2016-08-07,51.95,51.96,51.49,51.56,1169986,0.0
2016-08-08,51.41,52.28,51.41,51.99,1996836,0.0
2016-08-09,51.94,51.94,51.57,51.66,837509,0.0
2016-08-10,51.5,51.9,51.49,51.83,766834,0.0
2016-08-11,51.83,52.18,51.67,51.84,802841,0.0
2016-08-14,52.02,52.43,52,52.05,1139637,0.0
2016-08-15,51.85,52.03,51.31,51.74,826370,0.0
2016-08-16,51.76,52.3,51.6101,52.2,1259771,0.0
2016-08-17,52.38,53.02,52.32,53.01,2160220,0.0
2016-08-18,52.93,53.33,52.93,53.14,3004692,0.0
2016-08-21,53.19,53.77,53.16,53.66,1650084,0.0
2016-08-22,53.85,54.13,53.75,54.03,1607201,0.0
2016-08-23,54,54.2,53.8,53.99,1386970,0.0
2016-08-24,53.91,54.1,53.805,54.08,1224522,0.0
2016-08-25,54.03,54.54,53.68,54.19,1412768,0.0
2016-08-28,54.2,54.62,54.07,54.15,1301608,0.0
2016-08-29,54.35,54.69,54.08,54.2,1774571,0.0
2016-08-30,54.2,54.3,53.73,54.205,1893169,0.0
2016-08-31,54.17,54.36,53.49,54.23,1887115,0.0
2016-09-01,54.41,54.73,54.04,54.46,1658028,0.0
2016-09-05,54.52,54.82,54.08,54.36,1133204,0.0
2016-09-06,54.46,54.49,53.66,53.77,1150565,0.0
2016-09-07,53.6,53.72,53.14,53.39,2623673,0.0
2016-09-08,53.01,53.1635,51.98,52.08,2862145,0.0
2016-09-11,51.88,53.25,51.69,53.12,2095290,0.0
2016-09-12,52.73,52.94,52.38,52.53,1544938,0.0
2016-09-13,52.65,53.22,52.31,53.01,1692303,0.0
2016-09-14,52.89,53.78,52.67,53.57,1825895,0.0
2016-09-15,53.81,53.98,53.05,53.36,1447392,0.0
2016-09-18,53.53,53.92,53.28,53.5,1119657,0.0
2016-09-19,53.65,53.73,52.91,52.93,1354804,0.0
2016-09-20,53.14,53.3,52.8,53.24,1617949,0.0
2016-09-21,53.64,53.77,53.26,53.44,805076,0.0
2016-09-22,53.5,53.58,53.0707,53.12,904979,0.0
2016-09-25,52.78,52.985,52.51,52.58,1099527,0.0
2016-09-26,52.45,53.3,51.9,53.21,1190731,0.0
2016-09-27,53.23,53.49,52.97,53.34,1081895,0.0
2016-09-28,53.33,54,52.82,53.49,2395309,0.0
2016-09-29,53.61,55.49,53.61,54.34,4205683,0.0
2016-10-02,54.31,54.84,53.82,53.92,1607976,0.0
2016-10-03,53.79,53.9,52.855,53.05,1863170,0.0
2016-10-04,53.33,53.609,53.07,53.4,1591028,0.0
2016-10-05,53.3,53.59,52.91,53.43,1152588,0.0
2016-10-06,53.5,53.5,52.88,52.88,1864311,0.0
2016-10-09,52.99,53.28,51.97,52.21,2154387,0.0
2016-10-10,52.18,52.18,50.79,50.98,2757469,0.0
2016-10-11,49.88,50.32,48.75,50.06,3577398,0.0
2016-10-12,49.5,50.03,49.15,49.9,2954427,0.0
2016-10-13,50.23,50.38,49.88,49.99,1318571,0.0
2016-10-16,49.91,50.18,49.53,49.7,1416049,0.0
2016-10-17,50.13,50.46,49.82,50.13,2132666,0.0
2016-10-18,49.9,50.12,49.4,49.6,2145201,0.0
2016-10-19,49.61,50.45,49.31,50.09,2763219,0.0
2016-10-20,49.78,49.82,48.97,49.79,1849818,0.0
2016-10-23,50.11,50.39,49.9,50.33,1283887,0.0
2016-10-24,50.28,50.67,50.2,50.31,1654294,0.0
2016-10-25,50.14,50.61,50.02,50.29,1457312,0.0
2016-10-26,50.62,50.92,50.24,50.32,2179894,0.0
2016-10-27,50.36,51.09,50.23,50.26,1486863,0.0
2016-10-30,50.48,50.985,50.47,50.87,1945521,0.0
2016-10-31,50.95,51.205,50.28,50.91,3610555,0.0
2016-11-01,50.92,51,50.11,50.13,2070082,0.0
2016-11-02,50.12,50.99,50.12,50.69,1914125,0.0
2016-11-03,50.25,50.57,49.78,49.84,2002424,0.0
2016-11-06,50.67,51.3501,50.49,51.26,2053083,0.0
2016-11-07,51.35,52.1,51.18,51.7,1798063,0.0
2016-11-08,50.27,52.03,50,51.85,1939613,0.0
2016-11-09,51.99,52.22,50.26,50.88,3516369,0.0
2016-11-10,50.84,51.83,50.78,51.65,2689706,0.0
2016-11-13,51.9,53.175,51.67,52.83,2709576,0.0
2016-11-14,53.1,53.995,53.02,53.92,1765386,0.0
2016-11-15,53.85,54.29,53.54,53.55,2092623,0.0
2016-11-16,53.33,53.59,53.03,53.24,2118135,0.0
2016-11-17,53.2,53.23,52.91,52.98,1454440,0.0
2016-11-20,53.02,53.49,52.73,53.11,1755472,0.0
2016-11-21,53.39,53.65,53.2,53.35,1497750,0.0
2016-11-22,53.34,53.4348,52.91,53.11,1605787,0.0
2016-11-24,53.19,53.59,53.12,53.39,588133,0.0
2016-11-27,53.26,53.57,53.13,53.29,2078328,0.0
2016-11-28,53.33,54.115,53.04,54.01,2033046,0.0
2016-11-29,54.1,54.74,53.69,53.98,2949204,0.0
2016-11-30,54.11,54.75,52.54,53.39,4654791,0.0
2016-12-01,53.26,54.275,53.09,54.22,2506159,0.0
2016-12-04,54.5,54.67,53.66,54.37,2331370,0.0
2016-12-05,54.34,54.62,54.01,54.54,1818890,0.0
2016-12-06,54.5,55.4,54.41,55.3,1862884,0.0
2016-12-07,55.32,56.12,55.28,55.64,2200482,0.0
2016-12-08,55.81,56.25,55.16,55.91,1689221,0.0
2016-12-11,55.7,56.08,55.4667,55.855,1149562,0.0
2016-12-12,55.91,56.99,55.78,56.47,1635721,0.0
2016-12-13,56.55,57.19,56.43,56.73,2364111,0.0
2016-12-14,58.29,60.52,58,60.18,6896340,0.0
2016-12-15,60.3,60.33,58.36,58.46,3678378,0.0
2016-12-18,58.71,59.09,58.41,58.61,1906203,0.0
2016-12-19,58.68,60,58.68,59.96,2683018,0.0
2016-12-20,59.96,60.96,59.51,60.24,2299795,0.0
2016-12-21,60.74,60.89,59.84,60.19,1194388,0.0
2016-12-22,60.38,60.57,60.08,60.55,841779,0.0
2016-12-26,61.07,61.58,60.89,61.24,1256761,0.0
2016-12-27,62.14,62.2399,60.59,60.63,1636118,0.0
2016-12-28,60.6,61.1199,60.36,60.74,967132,0.0
2016-12-29,61.1,61.48,60.02,60.36,1530404,0.0
2017-01-02,60.68,60.8,58.35,59.07,3496607,0.0
2017-01-03,59.22,59.46,57.91,58.62,2711815,0.0
2017-01-04,58.78,59.11,57.845,57.94,1766833,0.0
2017-01-05,58.12,59.32,57.78,59.05,2024538,0.0
2017-01-08,58.92,59.44,58.641,59.05,2442977,0.0
2017-01-09,59.04,59.17,58.375,58.53,1800481,0.0
2017-01-10,58.88,58.99,58.33,58.51,1907615,0.0
2017-01-11,58.34,58.48,57.6,58.03,1452134,0.0
2017-01-12,58.04,58.62,57.78,58.51,1007572,0.0
2017-01-16,58.33,58.63,57.58,57.74,1409787,0.0
2017-01-17,57.5,58.28,57.03,58.14,1776466,0.0
2017-01-18,57.85,58.51,57.85,57.98,2308842,0.0
2017-01-19,58.08,58.64,57.6875,58.03,2049400,0.0
2017-01-22,58,58.284,57.5,57.97,2145482,0.0
2017-01-23,58.14,58.99,58.1,58.91,2381601,0.0
2017-01-24,59.8,60.24,59.07,59.56,3234515,0.0
2017-01-25,60.76,60.77,56.85,57.37,5953339,0.0
2017-01-26,57.57,58.49,57.46,58.49,3916020,0.0
2017-01-29,58.35,59.19,57.8,59.09,3159248,0.0
2017-01-30,58.85,58.87,57.63,58.19,3099210,0.0
2017-01-31,58.19,58.55,57.28,57.39,2690801,0.0
2017-02-01,57.08,58.19,56.6,58.14,2061988,0.0
2017-02-02,58.26,58.485,58.01,58.22,1024731,0.0
2017-02-05,57.79,58.35,57.75,58.24,948585,0.0
2017-02-06,58.34,58.4698,58,58.09,838754,0.0
2017-02-07,58.1,58.63,57.91,58.23,1118754,0.0
2017-02-08,58.17,58.43,57.85,57.93,1041048,0.0
2017-02-09,58.05,58.31,57.24,58.015,1737288,0.0
2017-02-12,58.26,59.7,58.155,59.52,2102185,0.0
2017-02-13,59.42,59.445,58.58,58.75,2011556,0.0
2017-02-14,58.77,59.43,58.6,58.93,2197259,0.0
2017-02-15,59.05,59.65,58.91,59.61,1717519,0.0
2017-02-16,59.39,60.07,58.85,60.05,1926923,0.0
2017-02-20,60,60.51,59.76,60.27,1790430,0.0
2017-02-21,60.39,60.48,59.48,59.81,1718934,0.0
2017-02-22,59.71,59.71,58.72,58.94,1642574,0.0
2017-02-23,58.61,59,58.11,58.99,2093691,0.0
2017-02-26,59,59.09,58.36,58.97,1483953,0.0
2017-02-27,58.92,59.42,58.63,58.81,1456148,0.0
2017-02-28,59.22,59.74,58.79,59.68,1465761,0.0
2017-03-01,59.5,59.841,59.09,59.35,1491862,0.0
2017-03-02,59.26,59.27,58.39,58.74,2019934,0.0
2017-03-05,58.81,58.93,58.4,58.81,1379261,0.0
2017-03-06,58.7,59.355,58.57,58.76,1175186,0.0
2017-03-07,58.98,59.36,58.82,58.89,1599476,0.0
2017-03-08,58.9,59.08,58.54,58.9,1514216,0.0
2017-03-09,59.33,59.77,59.12,59.55,1513458,0.0
2017-03-12,59.7,60.03,59.34,60,1438143,0.0
2017-03-13,59.84,59.98,58.922,59.72,1109235,0.0
2017-03-14,59.92,60.36,59.77,60.32,1185039,0.0
2017-03-15,60.44,60.81,59.75,60.05,1405755,0.0
2017-03-16,60.55,60.55,59.83,60.07,2123060,0.0
2017-03-19,60.07,60.64,59.83,60.32,1339992,0.0
2017-03-20,60.56,60.67,58.8144,58.89,1986225,0.0
2017-03-21,58.94,59.3,58.66,59.07,1030307,0.0
2017-03-22,58.92,59.24,58.56,58.84,1353509,0.0
2017-03-23,59.32,59.52,58.6,58.63,1035567,0.0
2017-03-26,58.19,58.41,57.79,58.2,1522527,0.0
2017-03-27,58.17,58.29,57.82,57.97,1456250,0.0
2017-03-28,57.96,58.24,57.81,58.02,1790805,0.0
2017-03-29,57.85,58.22,57.81,57.88,1040741,0.0
2017-03-30,57.8,57.97,57.2,57.89,4942987,0.0
2017-04-02,57.93,58.26,56.791,57.18,2094186,0.0
2017-04-03,56.97,57.33,56.935,57.12,2010165,0.0
2017-04-04,57.23,57.48,56.57,56.65,1890590,0.0
2017-04-05,56.64,56.64,56.13,56.35,2299755,0.0
2017-04-06,56.45,57.12,56.31,56.48,2020631,0.0
2017-04-09,56.59,56.59,55.86,55.99,1971364,0.0
2017-04-10,55.85,55.96,55.16,55.95,1930904,0.0
2017-04-11,55.67,56.17,54.99,55.1,2537038,0.0
2017-04-12,55.42,56.37,55.05,55.68,3244829,0.0
2017-04-16,55.87,56.0711,55.48,55.91,1357590,0.0
2017-04-17,55.62,56.59,55.59,56.49,1697650,0.0
2017-04-18,56.92,57.55,56.66,56.735,1984604,0.0
2017-04-19,57.12,57.82,56.95,57.71,3361830,0.0
2017-04-20,57.44,57.91,56.69,57.69,1815944,0.0
2017-04-23,59.36,60.71,59.245,60.65,6027041,0.0
2017-04-24,60.8,60.8,60.16,60.68,4720901,0.0
2017-04-25,60.68,61.165,59.84,59.99,3483901,0.0
2017-04-26,63.41,64.9,62.16,64.4,7223884,0.0
2017-04-27,63.98,64.24,62.85,63.12,3182017,0.0
2017-04-30,63.29,63.8,62.91,63.37,2526298,0.0
2017-05-01,63.15,63.27,62.45,62.7,1946844,0.0
2017-05-02,62.65,62.855,62.13,62.6,2096989,0.0
2017-05-03,62.71,63.03,62.41,62.95,1445873,0.0
2017-05-04,63,63.505,62.5,63.39,1301100,0.0
2017-05-07,63.59,64.98,63.49,64.57,3522901,0.0
2017-05-08,64.66,65.205,64.15,64.69,2607184,0.0
2017-05-09,64.88,65.05,64.23,64.62,2039470,0.0
2017-05-10,64.16,64.685,63.65,64.58,1760665,0.0
2017-05-11,64.33,64.55,64.04,64.3,1830560,0.0
2017-05-14,64.41,64.92,64.26,64.79,1547704,0.0
2017-05-15,65.01,65.5,64.552,65.46,2224848,0.0
2017-05-16,65.05,65.44,64.36,64.76,2892081,0.0
2017-05-17,64.55,66.12,64.29,65.61,3763549,0.0
2017-05-18,66.05,67.09,65.69,66.67,3719217,0.0
2017-05-21,66.83,67.75,66.81,67.52,3791776,0.0
2017-05-22,64.31,64.45,62.92,63.97,8128354,0.0
2017-05-23,64.38,64.83,63.9343,64.43,2382022,0.0
2017-05-24,64.72,65.99,64.58,65.43,3053064,0.0
2017-05-25,65.51,65.88,64.99,65.84,2463229,0.0
2017-05-29,65.75,66.02,65.21,65.71,2620611,0.0
2017-05-30,66.43,66.72,65.89,66.7,4036574,0.0
2017-05-31,66.41,67,66.04,66.65,4606448,0.0
2017-06-01,67.06,67.09,66.33,66.88,2592571,0.0
2017-06-04,66.8,67.5,66.67,67.16,2312772,0.0
2017-06-05,67.23,67.715,66.9,67.62,3243913,0.0
2017-06-06,67.61,67.94,67.42,67.87,2279832,0.0
2017-06-07,68,68.1,67.45,68.07,2109972,0.0
2017-06-08,68.35,68.55,64.62,65.39,4485143,0.0
2017-06-11,64.82,65.11,63.21,64.23,4592390,0.0
2017-06-12,64.75,65.11,64.01,64.78,1718800,0.0
2017-06-13,65.17,65.39,64.41,64.88,2109505,0.0
2017-06-14,63.99,64.98,63.99,64.85,1559174,0.0
2017-06-15,64.8,64.95,64.12,64.73,1906282,0.0
2017-06-18,65.2,65.98,65.07,65.9,1748932,0.0
2017-06-19,65.87,66.15,65.0506,65.26,2067377,0.0
2017-06-20,65.84,66.37,65.39,66.12,2552279,0.0
2017-06-21,66.31,66.79,65.85,66.58,1586617,0.0
2017-06-22,66.56,67.6,66.5,67.53,1563244,0.0
2017-06-25,67.6,67.99,67.01,67.37,1819258,0.0
2017-06-26,67.05,67.26,65.0801,65.12,2479040,0.0
2017-06-27,65.49,66.09,64.74,66.02,1824577,0.0
2017-06-28,65.45,65.5716,63.575,64.18,1611073,0.0
2017-06-29,64.55,64.76,63.98,64.33,2397534,0.0
2017-07-02,64.86,64.9,63.24,63.26,898535,0.0
2017-07-04,63.63,64.87,63.33,64.71,1377236,0.0
2017-07-05,63.95,64.82,63.67,64.42,1599651,0.0
2017-07-06,64.59,65.59,64.57,65.34,956226,0.0
2017-07-09,67.02,67.24,66.13,67.17,1993352,0.0
2017-07-10,67.14,67.75,66.93,67.56,1743181,0.0
2017-07-11,68,68.68,67.8,68.28,1100092,0.0
2017-07-12,68.04,68.58,67.74,67.85,1157335,0.0
2017-07-13,68,68.1,65.7,66.26,4291745,0.0
2017-07-16,66.24,66.55,65.78,65.86,1763113,0.0
2017-07-17,65.81,65.97,65.26,65.63,1778941,0.0
2017-07-18,65.89,65.92,64.43,65.57,4430840,0.0
2017-07-19,65.71,66.19,64.78,65.81,2438419,0.0
2017-07-20,65.55,65.739,64.51,64.85,2599350,0.0
2017-07-23,64.9,64.96,64.16,64.27,1508804,0.0
2017-07-24,64.32,64.89,64.01,64.46,1331071,0.0
2017-07-25,64.57,65.37,64.26,65.32,2433322,0.0
2017-07-26,66.6,68.19,63.42,63.85,5475964,0.0
2017-07-27,63.38,63.81,63.07,63.67,1649803,0.0
2017-07-30,63.7,63.8,62.955,63.26,1395860,0.0
2017-07-31,63.3,63.79,62.99,63.58,1263451,0.0
2017-08-01,63.66,63.69,62.12,62.25,1999891,0.0
2017-08-02,62.22,62.94,61.85,62.9,1659731,0.0
2017-08-03,63.24,63.6199,62.91,63.285,1226544,0.0
2017-08-06,63.12,64.03,63.1,63.85,1494505,0.0
2017-08-07,63.45,64.1,63.1,63.16,1078574,0.0
2017-08-08,62.87,63.1,62.46,62.75,990539,0.0
2017-08-09,62.35,62.55,61.66,61.76,1036390,0.0
2017-08-10,61.82,62.8,61.78,62.42,1476234,0.0
2017-08-13,63.05,63.5,62.95,63.16,1239527,0.0
2017-08-14,63.19,63.19,62.27,62.64,1460174,0.0
2017-08-15,63,63.02,62.5,62.72,991867,0.0
2017-08-16,62.4,62.63,61.25,61.32,1832321,0.0
2017-08-17,61.48,61.63,61,61.02,1137978,0.0
2017-08-20,60.99,61.21,60.12,61.14,1687482,0.0
2017-08-21,61.25,61.82,61.22,61.33,1216998,0.0
2017-08-22,60.97,64.11,60.74,64,5957511,0.0
2017-08-23,64,64.45,63.52,64.23,2321553,0.0
2017-08-24,64.52,64.96,63.83,64.75,2462610,0.0
2017-08-27,64.75,65.41,64.5,65.17,1625357,0.0
2017-08-28,64.68,66.03,64.53,65.77,1442956,0.0
2017-08-29,65.95,66.31,65.72,66.09,1311723,0.0
2017-08-30,66.48,66.48,65.59,66.06,1049595,0.0
2017-08-31,66.12,66.3,65.61,65.99,993098,0.0
2017-09-04,65.79,65.92,64.15,64.52,1560172,0.0
2017-09-05,64.64,64.86,63.5,64.11,1411485,0.0
2017-09-06,64.27,64.57,63.7,64.33,1619129,0.0
2017-09-07,64.36,64.455,63.38,63.67,1597209,0.0
2017-09-10,64.04,65.1001,63.855,64.72,1569310,0.0
2017-09-11,64.65,65.33,64.46,65,1897685,0.0
2017-09-12,64.85,67.215,64.69,66.97,2315469,0.0
2017-09-13,66.77,68.3,66.66,67.84,2190407,0.0
2017-09-14,68.22,68.75,67.72,68.33,2227879,0.0
2017-09-17,68.69,69.99,68.5,69.7,1953569,0.0
2017-09-18,69.54,70.33,69.28,69.83,1695171,0.0
2017-09-19,69.73,69.99,68.59,69.5,1678821,0.0
2017-09-20,69.4,69.7436,68.5,68.9,1632493,0.0
2017-09-21,68.68,69.42,68.63,69.33,1169052,0.0
2017-09-24,69.25,69.64,68.55,69.45,1386050,0.0
2017-09-25,69.8,70.31,69.3,69.52,1922485,0.0
2017-09-26,70.16,70.86,69.7611,70.42,2171560,0.0
2017-09-27,70.27,70.78,70.02,70.19,1264032,0.0
2017-09-28,70.39,70.93,69.55,70.83,1329313,0.0
2017-10-01,71.03,71.76,70.24,70.46,2213690,0.0
2017-10-02,70.64,71.38,70.26,71.14,1118191,0.0
2017-10-03,71.22,71.22,70.65,71.13,1357755,0.0
2017-10-04,71.13,71.76,70.84,71.52,1093343,0.0
2017-10-05,71.47,72.04,71.34,72.01,1059576,0.0
2017-10-08,72.07,72.7,72.03,72.59,965668,0.0
2017-10-09,72.79,72.85,71.96,72.49,1225940,0.0
2017-10-10,72.28,72.97,72.23,72.76,890777,0.0
2017-10-11,72.75,72.9,72.3,72.46,1471354,0.0
2017-10-12,72.95,73.32,72.68,72.8,1347476,0.0
2017-10-15,73.11,73.15,72.37,72.66,1451351,0.0
2017-10-16,72.67,73.06,72.3,72.36,1651020,0.0
2017-10-17,72.31,72.77,71.88,72.06,1376539,0.0
2017-10-18,71.92,72.48,70.97,72.42,1636485,0.0
2017-10-19,72.86,72.86,71.7,72.17,1469640,0.0
2017-10-22,72.32,72.8238,71.52,71.67,1722181,0.0
2017-10-23,71.93,72.04,71.42,71.61,1881960,0.0
2017-10-24,71.32,71.81,70.38,70.72,1985080,0.0
2017-10-25,67.89,70.89,67.25,70.63,3564800,0.0
2017-10-26,70.63,73,70.5,72.75,2281936,0.0
2017-10-29,72.54,73.46,72.36,73.05,1167760,0.0
2017-10-30,73.17,73.8953,73.01,73.7,1208971,0.0
2017-10-31,74.06,74.11,72.485,73.04,1228671,0.0
2017-11-01,73,73.38,71.86,72.48,1886495,0.0
2017-11-02,72.63,72.84,72.29,72.79,1814253,0.0
2017-11-05,73.15,74.51,72.98,74.5,2503418,0.0
2017-11-06,74.23,75.14,73.29,73.91,1806908,0.0
2017-11-07,73.86,73.86,73.16,73.61,740348,0.0
2017-11-08,73.32,73.37,70.62,70.76,2133705,0.0
2017-11-09,70.7,71.94,70.63,71.87,1378576,0.0
2017-11-12,71.65,72.61,71.31,72.33,1052013,0.0
2017-11-13,71.61,72.24,71.3958,72.05,689684,0.0
2017-11-14,71.75,71.98,70.61,70.96,652327,0.0
2017-11-15,71.4,72.86,71.23,72.665,883453,0.0
2017-11-16,72.7,72.995,71.59,71.79,1048011,0.0
2017-11-19,71.81,72.93,71.455,72.63,786242,0.0
2017-11-20,73.01,73.79,72.75,73.22,791898,0.0
2017-11-21,73.46,73.49,72.22,72.23,486646,0.0
2017-11-23,72.4,73,72.4,72.87,257694,0.0
2017-11-26,72.57,72.88,71.98,72.5,784604,0.0
2017-11-27,72.78,72.99,71.73,72.17,1072733,0.0
2017-11-28,71.93,72.1,68.35,69.38,2329299,0.0
2017-11-29,69.73,70.3,69.2,69.52,2288303,0.0
2017-11-30,69.24,69.4,67.04,68.24,2265005,0.0
2017-12-03,68.57,69.29,67.08,68.17,1469443,0.0
2017-12-04,68.16,69.47,67.565,68.42,953417,0.0
2017-12-05,68.17,68.98,68.01,68.38,696359,0.0
2017-12-06,68.65,69.6,68.49,69.01,817074,0.0
2017-12-07,69.58,69.71,68.49,68.54,663808,0.0
2017-12-10,68.54,68.815,67.84,68.38,960699,0.0
2017-12-11,68.01,68.4,67.45,67.7,1287572,0.0
2017-12-12,68.17,68.64,67.9001,68.04,1731932,0.0
2017-12-13,68.23,68.61,67.91,68.06,963447,0.0
2017-12-14,68.44,69.1099,67.75,67.99,2422923,0.0
2017-12-17,68.66,69.56,68.44,69.54,1208597,0.0
2017-12-18,69.2,70.5,69.2,69.81,1018635,0.0
2017-12-19,70.23,70.48,68.88,68.98,1247177,0.0
2017-12-20,69.2,69.37,68.3,68.36,1224770,0.0
2017-12-21,68.33,68.63,67.79,67.895,1936655,0.0
2017-12-25,67.53,67.9,67.12,67.6,811272,0.0
2017-12-26,67.74,68.31,67.715,67.9,927286,0.0
2017-12-27,68,68.53,67.86,68.49,1484378,0.0
2017-12-28,68.5,68.75,67.4,67.43,585124,0.0
2018-01-01,67.9,68.45,67.43,67.87,2077693,0.0
2018-01-02,68.06,69.4907,67.97,69.23,1905085,0.0
2018-01-03,69.73,70.89,69.43,70.49,2728930,0.0
2018-01-04,72.75,74.56,72,74.16,4523225,0.0
2018-01-07,74.26,74.78,73.15,74.63,1769177,0.0
2018-01-08,74.73,75.2938,73.87,74.83,1398626,0.0
2018-01-09,74.42,74.6,73.73,74.1,1084177,0.0
2018-01-10,74.57,74.94,74.03,74.32,853040,0.0
2018-01-11,74.61,74.88,74.25,74.65,682192,0.0
2018-01-15,74.98,75.475,73.51,73.78,1274699,0.0
2018-01-16,74.45,76.12,74.16,75.83,2020570,0.0
2018-01-17,76.05,76.58,75.87,76.31,1104174,0.0
2018-01-18,77,77.26,75.54,75.71,1269705,0.0
2018-01-21,75.72,75.97,75.108,75.43,1538786,0.0
2018-01-22,75.59,76,75.435,75.55,1699486,0.0
2018-01-23,74.76,74.87,73.28,73.48,3618474,0.0
2018-01-24,74.81,75,69.66,69.74,4846282,0.0
2018-01-25,70.9,71.95,70.22,71.94,3858371,0.0
2018-01-28,71.5,72.49,70.9,72.19,2626320,0.0
2018-01-29,71.5,72.44,71.17,72.12,1800023,0.0
2018-01-30,72.7,73.21,71.92,73.02,1958012,0.0
2018-01-31,72.77,73.81,72.3,72.49,2937358,0.0
2018-02-01,71.82,72.59,70.61,70.65,1983504,0.0
2018-02-04,70.1,70.25,66.7,66.97,3040201,0.0
2018-02-05,65.55,69.04,64.51,68.975,4230166,0.0
2018-02-06,68.34,69.02,66.96,66.98,1426168,0.0
2018-02-07,67.15,67.26,62.81,62.82,2840999,0.0
2018-02-08,63.75,66.08,62.27,65.38,4124200,0.0
2018-02-11,65.48,66.82,64.86,65.13,2104001,0.0
2018-02-12,64.46,65.45,63.91,65.29,1595389,0.0
2018-02-13,64.92,67.49,64.92,66.87,2513644,0.0
2018-02-14,67.56,67.69,66.29,67.19,1329131,0.0
2018-02-15,67.06,67.7173,66.85,67.11,1062042,0.0
2018-02-19,66.92,69.39,66.92,69.19,1958641,0.0
2018-02-20,69.18,69.8017,68.45,68.47,1323219,0.0
2018-02-21,68.69,69.56,68.5,68.94,1623533,0.0
2018-02-22,69.49,70.1,68.77,70.04,1297797,0.0
2018-02-25,70.52,71.68,70.52,71.49,1249532,0.0
2018-02-26,71.44,73.16,71.3,71.44,1572881,0.0
2018-02-27,72.23,72.65,71,71.25,1715991,0.0
2018-02-28,71.38,71.865,69.85,70.79,1733520,0.0
2018-03-01,70.06,72.36,69.8,72.23,1847000,0.0
2018-03-04,71.54,73.43,71.2,72.8,1246987,0.0
2018-03-05,73.34,74.57,73.01,73.98,1491330,0.0
2018-03-06,73.16,74.185,72.94,73.93,1347541,0.0
2018-03-07,74.37,75.74,74.01,75.69,2710113,0.0
2018-03-08,75.8,76.9,75.8,76.19,2242993,0.0
2018-03-11,76.91,77.96,76.84,77.06,1960845,0.0
2018-03-12,77.51,78.02,75.29,76.14,3383289,0.0
2018-03-13,76.57,76.61,75.36,76,1606691,0.0
2018-03-14,76.26,76.78,75.24,75.83,1117106,0.0
2018-03-15,75.78,76.62,75.52,76.02,1680684,0.0
2018-03-18,75.77,75.99,74.2,75,1639155,0.0
2018-03-19,75.11,76.21,75.11,76.19,1263702,0.0
2018-03-20,76.09,76.75,75.53,75.67,1371538,0.0
2018-03-21,74.53,75.33,73.89,73.95,1009187,0.0
2018-03-22,73.96,74.31,71.85,71.88,1586823,0.0
2018-03-25,73.37,74.53,72.85,74.19,2101096,0.0
2018-03-26,74.87,74.97,71.75,72.1,2074080,0.0
2018-03-27,71.82,72.48,70.94,71.34,1484912,0.0
2018-03-28,71.89,73.14,71.26,72.24,1296019,0.0
2018-04-01,71.86,72.45,68.875,69.04,2047208,0.0
2018-04-02,69.94,70.39,69.1,69.69,2025970,0.0
2018-04-03,68.09,71.335,68.04,71.14,1826244,0.0
2018-04-04,71.44,71.845,69.97,70.69,1029588,0.0
2018-04-05,68.03,68.84,66.18,66.29,2414746,0.0
2018-04-08,66.85,68.97,66.38,66.72,1851696,0.0
2018-04-09,67.93,68.92,67.11,68.05,1125287,0.0
2018-04-10,67.74,68.67,67.6,68.01,1431942,0.0
2018-04-11,68.53,70.16,68.53,69.53,1212307,0.0
2018-04-12,69.92,70.05,68.32,68.48,945686,0.0
2018-04-15,68.1,68.72,67.47,68.175,1932824,0.0
2018-04-16,68.81,70.3,68.33,69.88,2330514,0.0
2018-04-17,69.09,69.4,67.94,68.02,3374207,0.0
2018-04-18,66.99,67.38,64.87,64.88,6675947,0.0
2018-04-19,65.02,65.29,63.55,64.14,4482829,0.0
2018-04-22,64.82,66.12,63.67,63.71,3049728,0.0
2018-04-23,64.2,65.02,63.41,64.02,3913951,0.0
2018-04-24,64.31,64.42,62.54,63.66,3883179,0.0
2018-04-25,65.17,66.75,64.12,64.72,3453162,0.0
2018-04-26,65.35,65.56,64.33,64.77,2609990,0.0
2018-04-29,64.81,65.49,64,64.23,2268783,0.0
2018-04-30,64.03,64.63,63.74,64.52,1360872,0.0
2018-05-01,64.68,65.6,64.54,65.12,2275810,0.0
2018-05-02,64.53,66.01,63.91,65.82,1420351,0.0
2018-05-03,65.44,67.02,65.27,66.96,1270943,0.0
2018-05-06,67.05,67.64,66.96,67.22,1735657,0.0
2018-05-07,67.31,67.68,66.61,67.65,2081786,0.0
2018-05-08,68.05,68.589,67.42,68.43,1265158,0.0
2018-05-09,68.8,69.76,68.57,69.72,1278027,0.0
2018-05-10,69.46,69.98,69.02,69.2,1123401,0.0
2018-05-13,69.69,71.89,69.69,71.44,2722895,0.0
2018-05-14,70.8,71.16,70.11,70.43,1938477,0.0
2018-05-15,70.31,71.02,70.22,71,913022,0.0
2018-05-16,71.12,71.89,70.781,71.48,1333859,0.0
2018-05-17,71.13,71.6,70.71,71.23,1546468,0.0
2018-05-20,72.04,72.79,71.6,72.28,1615744,0.0
2018-05-21,72.49,72.74,71.63,71.66,1338358,0.0
2018-05-22,69.24,69.4889,68.03,68.76,3810600,0.0
2018-05-23,68.67,68.98,67.93,68.74,2026065,0.0
2018-05-24,68.59,69.86,68.59,69.59,1343556,0.0
2018-05-28,69.09,69.355,67.93,68.24,1621183,0.0
2018-05-29,68.5,68.77,67.71,68.02,1356202,0.0
2018-05-30,67.84,68.76,67.6,68.09,3525674,0.0
2018-05-31,68.9,70.74,68.7,70.36,2540426,0.0
2018-06-03,70.6,70.8123,69.43,70.35,1417628,0.0
2018-06-04,70.44,70.83,70.3,70.41,961197,0.0
2018-06-05,70.58,70.82,69.92,70.67,1401300,0.0
2018-06-06,70.63,72.05,70.23,70.67,1215792,0.0
2018-06-07,70.41,70.69,68.89,69.54,994748,0.0
2018-06-10,69.52,70.34,69.39,69.72,1122293,0.0
2018-06-11,69.87,70.2,69.4,70,613543,0.0
2018-06-12,70,70.525,69.6,69.77,1422036,0.0
2018-06-13,70.05,70.77,69.935,70.43,869168,0.0
2018-06-14,70.35,70.35,69.41,70.2,2017162,0.0
2018-06-17,69.52,69.98,68.78,69.74,1600811,0.0
2018-06-18,68.45,68.94,67.46,68.48,1434556,0.0
2018-06-19,68.88,69.32,68.54,68.64,1017457,0.0
2018-06-20,68.87,68.92,67.5,67.68,1105223,0.0
2018-06-21,67.97,67.98,66.67,66.75,1516848,0.0
2018-06-24,65.96,66.07,64.5,65.49,1948187,0.0
2018-06-25,65.5,66.57,65.5,65.98,1525768,0.0
2018-06-26,66.11,66.63,64.48,64.51,1128874,0.0
2018-06-27,64.45,65.22,64.15,65.13,1751454,0.0
2018-06-28,65.28,65.96,65.07,65.27,1101062,0.0
2018-07-01,64.77,65.71,64.3,65.65,1106101,0.0
2018-07-02,66.11,66.29,64.57,64.64,684909,0.0
2018-07-04,65.01,66.89,65.01,66.84,1310039,0.0
2018-07-05,66.54,67.79,66.35,67.59,1058915,0.0
2018-07-08,67.97,68.33,67.04,67.96,943656,0.0
2018-07-09,67.94,69.27,67.75,69.19,1246439,0.0
2018-07-10,68.44,68.52,67.28,67.32,762083,0.0
2018-07-11,67.44,68.46,67.175,68.21,846621,0.0
2018-07-12,68.31,68.449,67.75,67.99,426245,0.0
2018-07-15,68.12,68.24,67.64,67.715,551566,0.0
2018-07-16,67.3,68.49,66.73,68.25,1025517,0.0
2018-07-17,68.22,69.36,68.22,68.75,1284731,0.0
2018-07-18,68.71,69.17,67.9,68.64,1306889,0.0
2018-07-19,68.55,68.95,67.88,68.15,957977,0.0
2018-07-22,68.02,68.64,67.02,68.36,1270220,0.0
2018-07-23,68.57,69.39,67.6,67.74,1292770,0.0
2018-07-24,67.69,67.9999,66.35,67.95,1441327,0.0
2018-07-25,72.19,76.2,72.16,74.46,9830967,0.0
2018-07-26,74.48,74.49,72.82,73.89,3114220,0.0
2018-07-29,73.52,73.93,72.09,72.89,2146803,0.0
2018-07-30,72.93,73.47,71.95,72.06,1039341,0.0
2018-07-31,71.62,72.23,70.73,71.15,1363876,0.0
2018-08-01,70.45,71.94,70.36,71.72,1087926,0.0
2018-08-02,71.84,72,71.14,71.87,838616,0.0
2018-08-05,71.33,73.3,71.33,73.12,1140435,0.0
2018-08-06,72.88,73.61,72.61,73.44,819190,0.0
2018-08-07,73.42,73.68,72.94,73.43,1118372,0.0
2018-08-08,73.33,73.61,72.97,73.43,1024332,0.0
2018-08-09,72.19,72.43,70.58,71.16,1587938,0.0
2018-08-12,71.5,72.14,71.28,71.65,801292,0.0
2018-08-13,72.01,72.17,71.02,71.16,1280742,0.0
2018-08-14,70.42,70.87,69.6166,70.61,1135980,0.0
2018-08-15,71.15,71.46,70.3,70.62,968706,0.0
2018-08-16,70.08,71.17,69.7,71.01,798785,0.0
2018-08-19,71.26,71.3,69.68,71.12,1189406,0.0
2018-08-20,71.18,72.74,71.175,72.41,1089589,0.0
2018-08-21,72.15,73.21,71.75,72.97,1776379,0.0
2018-08-22,72.85,73.6216,72.85,73.16,928730,0.0
2018-08-23,73.4,73.93,73.04,73.77,1159598,0.0
2018-08-26,74.19,75.53,74.1,75.24,1400068,0.0
2018-08-27,77.5,77.69,76.1784,77,2511451,0.0
2018-08-28,77.19,78.85,76.62,78.25,3048489,0.0
2018-08-29,78.15,78.38,77.01,77.23,1290470,0.0
2018-08-30,77,77.98,76.8135,77.83,980704,0.0
2018-09-03,77.79,78.97,76.85,78.79,1515208,0.0
2018-09-04,78.78,79.5,77.8198,78.8,1309005,0.0
2018-09-05,78.57,78.8,76.75,78.04,1357265,0.0
2018-09-06,77.25,78.31,76.5435,77.21,1409659,0.0
2018-09-09,77.78,77.97,76.49,76.94,1327087,0.0
2018-09-10,76.77,77.26,76.1701,76.46,1076097,0.0
2018-09-11,76.1,76.29,74.46,76.1,2456087,0.0
2018-09-12,79.25,79.25,76.72,77.34,1833112,0.0
2018-09-13,77.3,78,76.8,77.56,1052164,0.0
2018-09-16,77.15,77.15,76.57,76.73,1407783,0.0
2018-09-17,76.71,77.94,76.69,77.56,1014858,0.0
2018-09-18,77.67,78.33,77.31,77.65,802560,0.0
2018-09-19,78.19,79.32,77.94,78.97,1047315,0.0
2018-09-20,79.14,79.8799,78.43,78.77,1640236,0.0
2018-09-23,78.25,79.23,78.06,79.15,884532,0.0
2018-09-24,79.73,79.73,77.32,77.39,1698365,0.0
2018-09-25,77.68,79.31,77.68,78.33,1530763,0.0
2018-09-26,79.34,79.99,78.36,79.9,1885695,0.0
2018-09-27,79.88,80.68,78.81,80.18,2103656,0.0
2018-09-30,80.96,81.18,79.79,79.95,1394135,0.0
2018-10-01,79.8,81.26,79.79,80.2,1943178,0.0
2018-10-02,81.5,83.99,81.1985,82.12,4234178,0.0
2018-10-03,82.06,83.4,81.13,82.23,3542436,0.0
2018-10-04,82.02,82.24,77.15,77.9,3660526,0.0
2018-10-07,77.61,78.36,76.88,77.46,1373697,0.0
2018-10-08,77.19,78.52,77,77.66,1226851,0.0
2018-10-09,76.89,76.89,74.41,74.48,2174258,0.0
2018-10-10,75,76.47,73.3,73.99,2116766,0.0
2018-10-11,75.86,76.29,74.85,76.12,1403691,0.0
2018-10-14,75.93,76.55,75.52,75.54,1294707,0.0
2018-10-15,76.25,79.11,76.01,78.87,2533041,0.0
2018-10-16,79.25,79.25,77.5,77.73,1015891,0.0
2018-10-17,77.18,77.7,75.57,75.91,1153767,0.0
2018-10-18,76.29,77,74.07,74.09,1802385,0.0
2018-10-21,74.94,75.43,74.2834,74.91,1196463,0.0
2018-10-22,73.06,75.25,72.2,74.79,1900254,0.0
2018-10-23,73.7,73.89,68.76,69.1,4047022,0.0
2018-10-24,77.1,80.12,75.3,79.43,6526252,0.0
2018-10-25,77.93,80.4,77.25,78.77,3770049,0.0
2018-10-28,80.34,80.35,76.91,78.37,2883548,0.0
2018-10-29,78.83,82.72,78.7,82.05,5095534,0.0
2018-10-30,83.32,86.26,82.62,85.36,4392537,0.0
2018-10-31,86.09,87.64,84.83,86.99,4259405,0.0
2018-11-01,86.26,86.59,84.19,85.05,2502622,0.0
2018-11-04,85.23,85.45,83.53,84.31,2063004,0.0
2018-11-05,84.4,86.01,84.27,85.91,1776178,0.0
2018-11-06,87.03,88.2,82.64,85.07,5842605,0.0
2018-11-07,84.27,87.13,84.25,86.6701,1593585,0.0
2018-11-08,85.45,86.43,85.22,85.6,1717432,0.0
2018-11-11,84.69,85.19,82.23,82.33,1945576,0.0
2018-11-12,83.52,85.05,83.24,83.56,3042346,0.0
2018-11-13,84.96,85.05,82.71,83.79,1796883,0.0
2018-11-14,83.33,88.54,83.05,88.53,3712659,0.0
2018-11-15,86.41,91.17,85.37,90.57,4806966,0.0
2018-11-18,90.26,90.39,87.57,87.92,3989368,0.0
2018-11-19,85.4,86.37,83.45,84.68,4083271,0.0
2018-11-20,85.63,87.0621,85.26,86.5,2458669,0.0
2018-11-22,85.44,87.98,85.44,87.27,1020932,0.0
2018-11-25,88.67,89.56,87.74,88.98,2432399,0.0
2018-11-26,88.56,89.5,88.01,88.89,1355492,0.0
2018-11-27,89.4,91.25,88.01,91.24,2048365,0.0
2018-11-28,90.01,92.06,90.0049,91.19,2524908,0.0
2018-11-29,91.38,92.49,90.45,92.49,2011306,0.0
2018-12-02,95,95.18,92.62,94.62,3158204,0.0
2018-12-03,93.92,94.44,91.2,91.26,2406183,0.0
2018-12-05,87.76,89.05,85.91,89,3990038,0.0
2018-12-06,88.79,89.84,86.49,87.2,1749091,0.0
2018-12-09,87,88.24,86,87.67,2308731,0.0
2018-12-10,89.75,91.21,87.55,88.13,2418561,0.0
2018-12-11,89.88,90.8,88.31,90.535,2102983,0.0
2018-12-12,91.31,91.87,88.7906,89.1,1620373,0.0
2018-12-13,88.05,90.11,88.04,88.82,1569450,0.0
2018-12-16,88.79,90.23,86.62,87.17,1903656,0.0
2018-12-17,87.98,89.76,87.63,89.21,2545101,0.0
2018-12-18,88.5,89.93,84.69,85.21,2504774,0.0
2018-12-19,84.75,86.21,81.82,83.49,3399396,0.0
2018-12-20,83.86,84.98,81.16,81.3,3253674,0.0
2018-12-23,80.97,82.5,79.22,79.29,1590522,0.0
2018-12-25,79.89,85.28,79.67,85.2,2502737,0.0
2018-12-26,83.64,84.42,81.07,84.22,2328529,0.0
2018-12-27,84.75,85.91,83.58,84.22,1445133,0.0
2018-12-30,85.25,85.73,83.91,84.6908,979730,0.0
2019-01-01,83.39,87.61,82.56,86.7799,2072575,0.0
2019-01-02,85.02,85.81,82.87,83.8,2086701,0.0
2019-01-03,85.4,87.57,84.45,87.35,2224517,0.0
2019-01-06,87.17,90.06,87.01,89.74,2339103,0.0
2019-01-07,91.06,91.489,87.3654,87.98,2232964,0.0
2019-01-08,88.81,90.56,88.135,88.81,2260381,0.0
2019-01-09,88.28,90.84,88.14,90.35,1868459,0.0
2019-01-10,90.13,92.04,89.15,90.86,2261291,0.0
2019-01-13,89.91,90.81,89.41,90.52,969948,0.0
2019-01-14,91.18,92.5078,90.86,91.19,1618114,0.0
2019-01-15,91.5,91.775,90.45,90.6,1777107,0.0
2019-01-16,91.35,92.72,89.761,92.13,2068349,0.0
2019-01-17,93.1,94.0945,92.26,93.37,2886274,0.0
2019-01-21,92.73,92.9,89.51,90.25,2562520,0.0
2019-01-22,91.01,91.43,87.98,89.4699,3211776,0.0
2019-01-23,98.1,107.65,96.8,105.88,18830029,0.0
2019-01-24,105.99,110.8399,104.62,110.32,8039251,0.0
2019-01-27,107.49,113.44,107.02,109.345,7341716,0.0
2019-01-28,110,111.53,109.1201,109.49,3566255,0.0
2019-01-29,111.48,113.17,110.34,112.85,4383959,0.0
2019-01-30,112.67,113.23,111.11,111.87,3036821,0.0
2019-01-31,111.47,112.65,110.8245,111.91,3385101,0.0
2019-02-03,111.65,112.4,109.7901,110.12,4832622,0.0
2019-02-04,110.04,111.13,109.28,110.97,3053470,0.0
2019-02-05,111.5,115.7,111.48,114.39,4400671,0.0
2019-02-06,112.94,114.55,111.6,112.8,3434354,0.0
2019-02-07,111.4,114.04,111.32,113.56,2094881,0.0
2019-02-10,114.18,115.63,113.1564,114.88,2440687,0.0
2019-02-11,116.55,118.95,115.5007,118.16,4269347,0.0
2019-02-12,118.7,118.9,116.639,117.3,3341499,0.0
2019-02-13,116.74,118.45,116.55,117.61,1706973,0.0
2019-02-14,118.51,119.32,117.2618,119.235,2403380,0.0
2019-02-18,119.68,120.5,118.71,119.04,2599817,0.0
2019-02-19,119.19,120.2,119.06,120.12,1594539,0.0
2019-02-20,120.12,120.3,118.31,119.26,3399869,0.0
2019-02-21,120.5,123.645,120.291,122.75,3757125,0.0
2019-02-24,125,126.2867,123.81,124.03,4010184,0.0
2019-02-25,125,125.01,121.51,122.77,3310559,0.0
2019-02-26,122.76,123.58,120.56,123.27,2885916,0.0
2019-02-27,123.55,125.84,123.49,125.36,3210749,0.0
2019-02-28,126.66,127.7,125.07,126.64,3211655,0.0
2019-03-03,127.03,127.26,119.86,122.86,5652747,0.0
2019-03-04,122.25,124.22,122.07,122.95,2215107,0.0
2019-03-05,123.06,123.55,120.94,121.36,1812065,0.0
2019-03-06,120.51,120.99,119.36,119.91,2998880,0.0
2019-03-07,117.82,118.965,116.57,118.65,4408634,0.0
2019-03-10,120.5,122.06,119.7574,121.94,3484083,0.0
2019-03-11,122.5,123.25,121.17,122.4,2393656,0.0
2019-03-12,123,124.37,122.04,122.93,2423599,0.0
2019-03-13,123.2,123.86,122.045,122.53,1768003,0.0
2019-03-14,124.6414,125.315,124.14,124.17,2062910,0.0
2019-03-17,124.22,125.91,124.22,125.3,2697530,0.0
2019-03-18,126.1,127.29,125.65,127.05,2401709,0.0
2019-03-19,126.14,127.8057,125.73,126.28,2223925,0.0
2019-03-20,126.53,130.57,126.19,130.05,3426305,0.0
2019-03-21,129.81,129.96,126.21,126.91,2615676,0.0
2019-03-24,126.1,126.25,122.45,124.13,3476877,0.0
2019-03-25,125.65,127.12,125.38,126.63,2012920,0.0
2019-03-26,127,127.35,123.79,125.14,1804379,0.0
2019-03-27,125.91,128.07,125.5,126.58,2349067,0.0
2019-03-28,128.65,129.2194,125.91,126.79,3461639,0.0
2019-03-31,128.88,129.9,128.3,129.73,1518704,0.0
2019-04-01,130,130.2708,128.42,129.09,2333854,0.0
2019-04-02,130.11,130.6473,127.52,128.58,3081208,0.0
2019-04-03,128.71,129.8329,126.82,127.82,2495892,0.0
2019-04-04,128.81,129.41,127.95,129.06,1668619,0.0
2019-04-07,129.07,130.01,127.35,129.88,1557850,0.0
2019-04-08,129.3,130.15,127.66,128.92,2306757,0.0
2019-04-09,129.41,133.07,129.04,131.58,3532323,0.0
2019-04-10,131.41,132.5111,130.6289,132.08,1493776,0.0
2019-04-11,133.1,134.48,132.5,134.41,2509797,0.0
2019-04-14,134.41,135.38,133.45,134.05,2341575,0.0
2019-04-15,134.97,135.75,133.39,135.04,2822819,0.0
2019-04-16,135.79,137.23,134.66,135.85,2281923,0.0
2019-04-17,136,136.385,132.928,134.94,3376704,0.0
2019-04-21,135,135.6899,133.38,134.44,1894687,0.0
2019-04-22,135,137.46,134.75,137.15,2972803,0.0
2019-04-23,137.45,141.6,136.81,139.79,6290757,0.0
2019-04-24,126.35,126.6,115.25,115.83,22863150,0.0
2019-04-25,115.41,119.3,110.31,118.8801,13872937,0.0
2019-04-28,118.55,118.93,115.84,117.08,4867515,0.0
2019-04-29,117.13,120.42,117,120.13,4177214,0.0
2019-04-30,121,121.75,116.44,116.64,4380928,0.0
2019-05-01,116.64,119.59,116.35,118.9,3329044,0.0
2019-05-02,119.75,119.88,117.894,119.01,2959037,0.0
2019-05-05,115,118.87,113.69,118.87,2984423,0.0
2019-05-06,117.9,119.395,116.4728,117.83,3863922,0.0
2019-05-07,117.81,119.31,116.71,117.69,2538549,0.0
2019-05-08,115.91,117.75,114.6,116.675,3132262,0.0
2019-05-09,116.44,119.115,115.13,116.93,3118706,0.0
2019-05-12,113.89,114.45,109.78,110.64,5242973,0.0
2019-05-13,112.04,113.95,111.56,113.15,3072838,0.0
2019-05-14,111.52,115.65,111.31,114.45,3665727,0.0
2019-05-15,109.99,110.5,104.79,106.12,13007320,0.0
2019-05-16,104.66,106.532,103.46,104.76,7958024,0.0
2019-05-19,100.99,101.96,97.68,101.05,9959642,0.0
2019-05-20,103.87,106.0701,102.69,105.72,5813507,0.0
2019-05-21,104,105.78,103.75,104.67,3036880,0.0
2019-05-22,102.89,103.46,101.07,102.3,4115979,0.0
2019-05-23,103.38,104.9,100.97,101.2,3535503,0.0
2019-05-27,101.95,101.99,99.56,101.72,3058165,0.0
2019-05-28,101.2,103.995,101,103.65,4135266,0.0
2019-05-29,104.02,106.12,104,105.43,3158943,0.0
2019-05-30,103.99,106.0146,102.24,102.2813,3698528,0.0
2019-06-02,103.55,104.2,101.51,102.26,2976476,0.0
2019-06-03,103.56,107.01,103.04,106.9,3586898,0.0
2019-06-04,108.13,109.4,104.21,105.6,2737469,0.0
2019-06-05,105.21,106.15,103.84,106.01,2491281,0.0
2019-06-06,106.58,107.76,105.44,107.499,2284605,0.0
2019-06-09,109.1,112.18,109.02,110.89,3095244,0.0
2019-06-10,113.01,114.01,111.03,111.64,3180403,0.0
2019-06-11,110.77,110.9,107.86,107.93,1973170,0.0
2019-06-12,109,109.69,107.51,108.36,4555813,0.0
2019-06-13,104.6,106.33,103.63,105.43,5228760,0.0
2019-06-16,105.41,106.06,104.32,104.53,1733560,0.0
2019-06-17,105.89,112.17,104.95,111.79,4656774,0.0
2019-06-18,112.11,112.5,110.51,111.85,2382550,0.0
2019-06-19,114.35,114.76,112.8,114.75,2615818,0.0
2019-06-20,114.05,114.18,112.13,112.14,2982571,0.0
2019-06-23,112.82,114.13,112.18,112.69,1602539,0.0
2019-06-24,112.35,113.48,109.68,109.95,2361036,0.0
2019-06-25,112.15,115.485,112.05,114.23,2776611,0.0
2019-06-26,114.65,118.34,114.65,118.17,3450476,0.0
2019-06-27,117.68,118.15,115.91,117.92,3262403,0.0
2019-06-30,122.3,123.37,120.07,121.15,3978030,0.0
2019-07-01,120.65,120.83,117.32,117.58,2855079,0.0
2019-07-02,117.77,118.29,114.135,116.38,2241317,0.0
2019-07-04,115.97,116.32,114.72,116.12,1517440,0.0
2019-07-07,114.95,116.04,114.17,115.93,1232054,0.0
2019-07-08,114.83,117.47,114.42,117.37,1861201,0.0
2019-07-09,118.31,119.07,116.759,117.49,1855648,0.0
2019-07-10,118.52,118.6,116.5062,118.36,1707706,0.0
2019-07-11,118.37,120.59,118.35,120.3,1968033,0.0
2019-07-14,120.69,121.85,120.2,121.67,1251135,0.0
2019-07-15,121.06,121.78,119.26,121.23,1924635,0.0
2019-07-16,121.26,122.53,120.2,120.91,1607537,0.0
2019-07-17,120.66,123.91,120.31,122.87,2707016,0.0
2019-07-18,123,124.48,122.57,122.7,2268646,0.0
2019-07-21,122.74,124.95,122.7,124.24,1916053,0.0
2019-07-22,124.39,128.01,123.91,127.28,2738679,0.0
2019-07-23,127.39,133,125.86,132.1,5536529,0.0
2019-07-24,125.01,131.29,124.25,127.54,6694077,0.0
2019-07-25,128,128,120.47,120.77,5411489,0.0
2019-07-28,120.78,122.16,119.79,120.54,2540025,0.0
2019-07-29,119.83,121.04,118.7242,119.51,2196999,0.0
2019-07-30,119.51,119.78,112.87,114.21,4769812,0.0
2019-07-31,114.31,117.64,111.76,113.46,4774224,0.0
2019-08-01,112.21,112.75,109.21,110.19,3618724,0.0
2019-08-04,106.98,108.45,106.14,106.97,3718731,0.0
2019-08-05,108.5,109.47,105.2,105.63,2651807,0.0
2019-08-06,104.77,106.36,104,104.92,3452962,0.0
2019-08-07,106.32,109.91,105.41,109.85,2940927,0.0
2019-08-08,109,109,104.14,104.26,4075270,0.0
2019-08-11,103.16,104.97,102.4883,103.21,2189772,0.0
2019-08-12,103,107.78,101.65,106.45,2956736,0.0
2019-08-13,103.51,104.43,102.59,102.95,2559967,0.0
2019-08-14,104.27,104.53,102.83,103.75,1966578,0.0
2019-08-15,105.31,106.45,104.9,105.44,2351987,0.0
2019-08-18,108.07,109.37,106.74,106.91,2106323,0.0
2019-08-19,107,107.17,103.81,105.1,3118985,0.0
2019-08-20,105.97,106.54,104.74,106.09,1409183,0.0
2019-08-21,106.32,106.34,103.33,104.43,1744400,0.0
2019-08-22,103.88,104.84,100.3,101.05,3419669,0.0
2019-08-25,100.87,102.3994,98,101.78,3105330,0.0
2019-08-26,102.55,103.05,99.8,100.17,2206024,0.0
2019-08-27,99.96,100.905,98.64,100.86,2044692,0.0
2019-08-28,102.43,105.11,102.43,103.45,2921271,0.0
2019-08-29,104.43,105.19,103.2901,104.05,1637647,0.0
2019-09-02,102.66,103.18,99.81,100.41,2902073,0.0
2019-09-03,101.95,103.03,101.61,102.29,1712322,0.0
2019-09-04,104.24,107.5,104.24,105.29,3191265,0.0
2019-09-05,105.42,107.37,105.21,105.96,2313796,0.0
2019-09-08,107.16,107.16,104.98,105.51,1579844,0.0
2019-09-09,105.45,106.95,104.06,106.73,2098589,0.0
2019-09-10,106.77,107.4,104.03,105.05,2767210,0.0
2019-09-11,106.53,107.79,104.7466,105.02,3588807,0.0
2019-09-12,106.02,106.63,105.11,105.25,1371573,0.0
2019-09-15,103.9,104.64,102.67,104.39,1245765,0.0
2019-09-16,103.83,104.51,103.2,104.28,1409089,0.0
2019-09-17,104.46,105.06,102.79,104.92,1584960,0.0
2019-09-18,105,106.246,103.27,103.62,1533734,0.0
2019-09-19,98.8135,99.93,95.39,96.48,10263199,0.0
2019-09-22,96.14,99.32,95.16,98.04,3256049,0.0
2019-09-23,98.98,99.48,95.4,96.15,3100113,0.0
2019-09-24,96.12,97.52,94.39,97.2,3185076,0.0
2019-09-25,97.73,98.16,96.11,97.24,2214972,0.0
2019-09-26,96.95,98.29,95.24,95.96,2149061,0.0
2019-09-29,96.27,96.56,95.23,95.92,2387690,0.0
2019-09-30,94.3,94.655,90.87,92.04,7292534,0.0
2019-10-01,91.63,93.62,90.47,92.45,4230593,0.0
2019-10-02,92.77,92.8,90.89,92.48,2677039,0.0
2019-10-03,92.49,94.4699,91.9,94.2,4886929,0.0
2019-10-06,94.01,94.36,92.53,92.6,3953725,0.0
2019-10-07,92,92.01,89.22,89.25,7482459,0.0
2019-10-08,90.7,91.21,89.67,90.47,4660650,0.0
2019-10-09,90.61,94.32,90.58,92.83,5325662,0.0
2019-10-10,95.12,98.15,94.93,96.21,9038774,0.0
2019-10-13,98.14,98.3217,95.56,95.96,6460020,0.0
2019-10-14,96.24,97.45,95.8916,96.97,4952911,0.0
2019-10-15,96.79,97.52,94.09,94.64,6300659,0.0
2019-10-16,95.55,96.5,94.5,94.92,3777002,0.0
2019-10-17,94.94,95.495,93.09,94.35,4257760,0.0
2019-10-20,94.5,95.46,94.36,95.06,1899635,0.0
2019-10-21,95.25,96.83,95.25,95.98,3881202,0.0
2019-10-22,94.75,95.39,93.31,93.86,4577850,0.0
2019-10-23,92.2,95.5,91.8,93.11,5953372,0.0
2019-10-24,93.37,95.09,92.64,94.92,3155508,0.0
2019-10-27,95.84,96.85,94.104,94.745,2944904,0.0
2019-10-28,94.75,95.41,92.28,92.31,2613447,0.0
2019-10-29,92.99,93,90.7,91.24,3318319,0.0
2019-10-30,92.02,92.105,89.83,90.741,3255207,0.0
2019-10-31,91.48,93.44,91.09,92.71,2482555,0.0
2019-11-03,95.46,97.8,95.46,96.64,4614276,0.0
2019-11-04,97,97.84,95.36,95.36,3136674,0.0
2019-11-05,95.4,96.79,93.3,93.75,1968960,0.0
2019-11-06,96.28,97.37,95.4,96.05,3132471,0.0
2019-11-07,95.69,95.97,94.19,95.49,2114703,0.0
2019-11-10,94.96,95.6,94.6379,95.23,1458294,0.0
2019-11-11,95.52,96.48,94.61,95.15,1572348,0.0
2019-11-12,94.34,94.545,92.72,93.31,2035390,0.0
2019-11-13,93,93.8,92.4,93.15,1310925,0.0
2019-11-14,94.16,94.95,92.88,93.65,2137811,0.0
2019-11-17,93.29,93.595,91.46,92.37,2604721,0.0
2019-11-18,93.05,93.87,92.44,92.775,2617855,0.0
2019-11-19,92.76,92.76,90.06,91.04,3089796,0.0
2019-11-20,91.5,91.9,90.34,90.46,2209450,0.0
2019-11-21,91,91.65,90.48,90.62,1674439,0.0
2019-11-24,91.01,91.88,90.13,91.81,2680541,0.0
2019-11-25,91.57,91.85,91.0662,91.15,2080389,0.0
2019-11-26,91.54,93.4,91.54,93.36,1882441,0.0
2019-11-28,92.99,93.87,92.275,92.78,1161712,0.0
2019-12-01,93,93.28,89.615,90.29,3601126,0.0
2019-12-02,88.58,89.02,87.56,88.66,3872873,0.0
2019-12-03,89.58,90.86,89.41,90.17,2343554,0.0
2019-12-04,90.35,91.33,89.94,90.71,2052558,0.0
2019-12-05,91.6,92.91,91.47,91.87,1870585,0.0
2019-12-08,91.91,92.38,91.05,91.08,1837806,0.0
2019-12-09,91.03,92.37,90.69,91.25,2801491,0.0
2019-12-10,91.29,93.95,91.24,93.86,2687864,0.0
2019-12-11,94,96.95,93.84,96.52,3613010,0.0
2019-12-12,97.23,98.44,95.86,96.2,3398030,0.0
2019-12-15,97.33,98.22,96.16,96.38,2738947,0.0
2019-12-16,96.88,96.89,95.4602,96,2304221,0.0
2019-12-17,96.26,97.54,95.93,96.93,2383746,0.0
2019-12-18,97.48,97.67,95.78,96.29,2115907,0.0
2019-12-19,97,99.26,96.18,97.74,4524192,0.0
2019-12-22,98.43,99.5573,97.66,98.9073,2540136,0.0
2019-12-23,99.29,99.4,98.05,98.48,1183435,0.0
2019-12-25,98.98,99.09,97.93,98.65,1342656,0.0
2019-12-26,99,99.26,98.06,98.41,1489036,0.0
2019-12-29,98.1,98.39,96.69,97.69,1515808,0.0
2019-12-30,97.38,98.54,96.94,97.78,1351627,0.0
2020-01-01,99.15,101.69,98.775,101.69,2869016,0.0
2020-01-02,100.55,101.06,99.1,99.31,3150686,0.0
2020-01-05,97.84,98.36,96.895,97.23,2370925,0.0
2020-01-06,98.22,100.15,97.44,99.46,2749433,0.0
2020-01-07,99.36,100,98.51,99.19,1841042,0.0
2020-01-08,100.15,101.865,100.01,101.52,2736809,0.0
2020-01-09,100.51,101.16,99.21,99.47,4253627,0.0
2020-01-12,100,100.48,98.75,98.96,2928007,0.0
2020-01-13,99.19,99.965,99.08,99.59,2194607,0.0
2020-01-14,99.5,99.86,97.9,98.85,2430902,0.0
2020-01-15,98.82,101.4,98.54,101.35,2318466,0.0
2020-01-16,101.89,103.29,101.7604,102.88,3470586,0.0
2020-01-20,102.6,102.64,100.81,101.7,6223552,0.0
2020-01-21,102.29,103.74,101.075,101.29,5587150,0.0
2020-01-22,101.41,102.53,99.5,102.35,5062852,0.0
2020-01-23,103,103.06,99.89,100.75,5749692,0.0
2020-01-26,98.44,98.47,96.23,97.03,3549341,0.0
2020-01-27,97.89,99.35,97.31,98.61,3793354,0.0
2020-01-28,91.5,91.74,88.02,88.06,16307497,0.0
2020-01-29,87.03,88.64,84.75,87.2,6707808,0.0
2020-01-30,86.41,86.58,84.22,84.49,4587239,0.0
2020-02-02,84.7,85.25,83.67,85.07,3827956,0.0
2020-02-03,86.91,87.71,85.61,85.79,2885857,0.0
2020-02-04,87.36,88.52,86.63,88.25,3115492,0.0
2020-02-05,88.8,89.04,87.4,87.72,2372118,0.0
2020-02-06,86.91,87,85.553,85.61,3074378,0.0
2020-02-09,85,86.47,84.65,86.46,2815283,0.0
2020-02-10,87.76,90.385,87.7,90.29,4543116,0.0
2020-02-11,91,92.24,90.5,91.18,4027175,0.0
2020-02-12,90.01,91.05,88.89,90.43,3007325,0.0
2020-02-13,90.95,91.45,89.82,90.16,2114388,0.0
2020-02-17,88.61,89.805,88.0899,89.24,1847872,0.0
2020-02-18,90.38,91.14,90.03,90.72,2115278,0.0
2020-02-19,90.56,91.2,89.13,89.78,1582486,0.0
2020-02-20,89.14,89.41,87.2,87.73,2054601,0.0
2020-02-23,84.67,86.3784,83.9,85.17,2856921,0.0
2020-02-24,85.87,86.08,82.85,83.85,3956620,0.0
2020-02-25,84.35,85.03,82.26,82.61,2882756,0.0
2020-02-26,80.47,82.52,79.43,79.48,3951291,0.0
2020-02-27,76.63,83.84,76.52,83.55,5407173,0.0
2020-03-01,83.46,84.71,81.84,84.67,3593502,0.0
2020-03-02,83.5,86.1,81.1,81.8,3843375,0.0
2020-03-03,82.91,83.73,80.79,83.44,3628629,0.0
2020-03-04,81.28,83.06,80.61,81.07,2330961,0.0
2020-03-05,78.88,80.48,78.28,79.86,5755974,0.0
2020-03-08,73.27,79.22,73.14,73.58,4489411,0.0
2020-03-09,76.71,77.64,73.72,77.61,3226083,0.0
2020-03-10,75.4,76.36,72.92,73.63,2948651,0.0
2020-03-11,70,73.17,67.68,68.83,6906425,0.0
2020-03-12,71.82,76.78,68.42,76.63,5830760,0.0
2020-03-15,68.98,74.76,68,69.87,8274968,0.0
2020-03-16,71.96,78.3,68.02,77.82,5022079,0.0
2020-03-17,72.37,80.16,71.31,74.41,8271386,0.0
2020-03-18,72.68,79.99,71.53,75.45,3039807,0.0
2020-03-19,77.59,79.03,71.77,71.83,4024999,0.0
2020-03-22,72.41,74.88,71.11,72.04,3986870,0.0
2020-03-23,75.52,76.94,73.78,76.92,4359099,0.0
2020-03-24,75.91,78.28,74.07,75.02,3093177,0.0
2020-03-25,75.27,80.41,74.03,80.28,3495526,0.0
2020-03-26,77.35,77.75,74.96,75.12,2616230,0.0
2020-03-29,75.93,79.43,75.8356,79.34,2800286,0.0
2020-03-30,78.62,80.34,77.44,77.77,2357767,0.0
2020-03-31,75.52,79.12,75,76.71,2527271,0.0
2020-04-01,76.05,79.36,75.7,79.14,2345710,0.0
2020-04-02,78.55,81.01,78.34,79.05,1750210,0.0
2020-04-05,81.14,84.99,81.14,84.72,6107526,0.0
2020-04-06,85.63,86.765,83.51,83.95,2118800,0.0
2020-04-07,84.48,85.54,83.59,84.5,4006112,0.0
2020-04-08,85,86.35,81.94,83.11,2605469,0.0
2020-04-12,82.41,83.38,81.83,83.3,1236686,0.0
2020-04-13,84.13,86.73,84.02,85.93,3498700,0.0
2020-04-14,84.57,84.81,82.82,84.16,3521574,0.0
2020-04-15,84.86,89.91,84.86,89.61,9762263,0.0
2020-04-16,90.62,90.97,87.36,89,5001798,0.0
2020-04-19,88,90.8,87.76,89.03,4664022,0.0
2020-04-20,88,88.51,85.86,86.35,7663459,0.0
2020-04-21,87.9,91.05,86.81,90.79,11427939,0.0
2020-04-22,85.01,88.86,83.62,87.17,20165698,0.0
2020-04-23,86.74,89.9,86.3,89.74,4720205,0.0
2020-04-26,90.3,91.38,88.45,88.8,8317847,0.0
2020-04-27,89.99,90.46,85.84,85.87,2716730,0.0
2020-04-28,87.79,92,87,91.7,3268774,0.0
2020-04-29,91.22,91.33,87.03,87.4,4634738,0.0
2020-04-30,86.25,86.3754,82.87,83.02,3021256,0.0
2020-05-03,83.31,83.33,81.66,83.24,3749388,0.0
2020-05-04,83.98,85.51,82.97,83.53,2187526,0.0
2020-05-05,84.32,87.38,84.32,85.23,5242058,0.0
2020-05-06,86.36,87.2,84.27,84.435,1728244,0.0
2020-05-07,85.3,86.93,85.21,86.84,2983559,0.0
2020-05-10,85.58,86.82,85.14,86.46,2843558,0.0
2020-05-11,86,86.51,83.97,84.05,2172591,0.0
2020-05-12,84.08,84.4496,81.08,82.07,2822904,0.0
2020-05-13,81.43,84.55,80.45,84.48,1963778,0.0
2020-05-14,80.8,83.47,80.7,83.24,4884256,0.0
2020-05-17,84.65,87.62,84.56,87.15,2908954,0.0
2020-05-18,87.2,88.98,86.77,86.8,2090845,0.0
2020-05-19,88.07,89.8,87.28,89.52,4906576,0.0
2020-05-20,88.71,89.49,86.97,87.25,4016872,0.0
2020-05-21,86.95,86.99,85.64,86.59,2961634,0.0
2020-05-25,88,89.6,87.79,88.3,2151067,0.0
2020-05-26,88.13,91.155,87.98,91.05,2203661,0.0
2020-05-27,90.26,90.9899,88.48,89.15,1793172,0.0
2020-05-28,89.16,92.28,88.9,91.96,2196370,0.0
2020-05-31,91.69,91.94,90.11,90.85,1643858,0.0
2020-06-01,90.73,93.18,89.85,93.09,1981902,0.0
2020-06-02,93.95,96,93.62,95.39,4713188,0.0
2020-06-03,95,96.596,94.21,95.69,1489582,0.0
2020-06-04,96.82,98.17,95.81,96.2,2692358,0.0
2020-06-07,96.42,97.13,95.64,96.49,3417696,0.0
2020-06-08,95.77,96.315,94.62,95.83,2841590,0.0
2020-06-09,96.15,96.2,94.5,95.3,1489458,0.0
2020-06-10,93.38,93.38,89.68,89.73,5587154,0.0
2020-06-11,91.43,92.91,90.61,90.61,629653,0.0
2020-06-14,88.87,91,88.08,90.67,2455394,0.0
2020-06-15,93.76,95.909,92.43,93.53,5649717,0.0
2020-06-16,93.84,94.17,93.08,93.51,1444795,0.0
2020-06-17,92.97,94.03,92.64,93.47,2611976,0.0
2020-06-18,94.78,95.26,92.39,94.79,3040633,0.0
2020-06-21,94.53,95.07,93.1001,94.48,1879609,0.0
2020-06-22,95.19,96.69,95.1874,95.25,1657621,0.0
2020-06-23,94.5,94.85,92.6,92.87,2226557,0.0
2020-06-24,92.65,93.55,91,93.28,1950572,0.0
2020-06-25,91.93,92.58,90.4061,91,2079044,0.0
2020-06-28,91.3,92,90.71,91.99,1804438,0.0
2020-06-29,95.68,99.3999,94.21,98.36,8475094,0.0
2020-06-30,98.09,98.4,93.18,93.27,3582120,0.0
2020-07-01,94.56,96.23,93.91,95.31,2291535,0.0
